0
0
0
0
0
0
0
0
0
0
0
0
0
0
0
0
0
0
0
0
0
0
0
0
0
0
0
0
0
0
0
0
0
0
0
0
0
0
0
0
0
0
0
0
0
0
0
0
0
0
0
0
0
0
0
0
0
0
0
0
0
0
0
0
0
0
0
0
0
0
0
0
0
0
0
0
0
0
0
0
0
0
0
0
0
0
0
0
0
0
0
0
0
0
0
0
0
0
0
0
0
0
0
0
0
0
0
0
0
0
0
0
0
0
0
0
0
0
0
0
0
0
0
0
0
0
0
0
0
0
0
0
0
0
0
0
0
0
0
0
0
0
0
0
0
0
0
0
0
0
0
0
0
0
0
0
0
0
0
0
0
0
0
0
0
0
0
0
0
0
0
0
0
0
0
0
0
0
0
0
0
0
0
0
0
0
0
0
0
0
0
0
0
0
0
0
0
0
0
0
0
0
0
0
0
0
0
0
0
0
0
0
0
0
0
0
0
0
0
0
0
0
0
0
0
0
0
0
0
0
0
0
0
0
0
0
0
0
0
0
0
0
0
0
0
0
0
0
0
0
0
0
0
0
0
0
0
0
0
0
0
0
0
0
0
0
0
0
0
0
0
0
0
0
0
0
0
0
0
0
0
0
0
0
0
0
0
0
0
0
0
0
0
0
0
0
0
0
0
0
0
0
0
0
0
0
0
0
0
0
0
0
0
0
0
0
0
0
0
0
0
0
0
0
0
0
0
0
0
0
0
0
0
0
0
0
0
0
0
0
0
0
0
0
0
0
0
0
0
0
0
0
0
0
0
0
0
0
0
0
0
0
0
0
0
0
0
0
0
0
0
0
0
0
0
0
0
0
0
0
0
0
0
0
0
0
0
0
0
0
0
0
0
0
0
0
0
0
0
0
0
0
0
0
0
0
0
0
-1
-1
0
-2
-1
0
-1
-1
-1
0
0
0
1
0
1
0
0
0
0
1
1
0
0
1
1
0
0
0
0
1
0
2
0
-1
0
0
-1
0
-1
-2
0
0
-1
1
0
0
0
0
1
0
0
0
0
1
1
0
0
-1
-1
-3
-2
0
-2
0
0
0
0
0
0
0
0
0
0
1
0
-1
-1
0
0
1
1
3
3
2
0
0
1
0
-1
0
0
-1
0
-1
-2
0
0
0
0
1
0
-2
0
0
-1
-1
0
0
0
-1
-1
0
0
-1
-1
0
-1
0
0
0
0
1
0
1
2
1
1
1
0
1
1
1
0
0
1
1
1
0
0
0
-1
0
0
0
0
-1
0
-2
0
0
0
0
-1
-1
-1
0
-1
-1
0
0
0
0
0
0
0
0
0
0
0
0
0
1
1
2
1
0
0
0
0
0
0
-1
-1
-1
0
-2
-1
-2
-2
-3
-2
-3
0
1
0
0
1
3
4
4
3
4
3
2
2
4
0
1
2
0
-2
-2
-2
-4
-6
-7
-5
-4
-6
-5
-5
-3
-3
-1
0
0
1
3
4
5
4
6
7
6
5
5
3
2
1
1
1
-1
-1
-2
-4
-3
-4
-4
-4
-2
-4
-3
-1
-2
0
0
0
2
0
0
0
0
0
0
0
0
0
0
0
1
1
0
0
2
2
0
0
0
1
0
0
-1
-1
0
0
-1
0
1
1
0
0
1
1
0
1
1
0
0
0
0
-1
0
-1
-1
-1
-1
-2
-1
-2
-2
0
0
1
0
1
0
0
0
0
1
0
3
0
1
1
0
0
0
-1
-2
0
0
-1
-1
0
0
0
1
0
0
-1
0
0
0
0
0
0
0
0
-1
0
0
-1
0
0
0
0
0
0
0
0
0
1
0
0
1
0
0
1
0
0
0
0
0
0
1
0
2
0
0
0
0
0
0
0
-2
0
1
0
0
0
0
0
0
0
0
-1
-1
0
0
0
-1
-1
0
0
1
0
0
2
1
1
0
0
0
1
0
0
-1
-1
-1
0
0
1
1
0
0
0
0
-1
0
2
0
0
-1
0
0
1
1
0
0
0
0
0
0
1
0
0
0
0
0
0
-1
0
0
0
1
0
0
1
0
0
2
1
0
0
0
0
0
-1
-4
-1
0
0
0
0
1
1
0
0
0
0
0
1
0
-1
0
0
0
0
-1
1
1
0
-1
0
0
0
0
-1
0
0
-1
0
1
0
0
0
0
0
-1
0
0
0
2
1
1
0
1
1
1
0
1
1
0
0
0
0
-1
-2
-1
-3
-2
-2
-1
0
0
0
1
0
0
0
1
0
0
0
0
0
0
0
2
1
0
-1
1
1
0
-1
0
0
-1
0
0
0
0
-1
-2
-1
-2
0
0
1
1
0
1
1
1
0
0
1
0
0
0
0
0
0
0
0
0
0
0
-1
0
0
-1
0
1
1
0
0
-1
-1
0
0
0
0
0
0
0
0
0
0
0
0
0
0
0
0
0
0
0
2
1
2
1
0
0
0
0
-1
0
0
0
0
0
1
0
1
0
0
0
-1
0
0
0
0
0
0
-3
-2
-2
-2
-1
-2
0
0
0
1
1
0
1
0
0
1
0
0
1
0
1
1
1
2
0
0
0
0
0
-1
0
1
0
0
1
0
0
0
1
0
0
0
1
1
-1
0
0
0
0
0
0
-2
-2
-2
-3
-3
-3
-1
-3
0
0
0
1
0
-1
0
1
1
1
1
2
2
1
0
1
1
0
0
1
2
1
1
1
0
0
0
1
0
0
-2
-1
0
-1
-1
0
0
0
0
-1
0
0
0
0
0
0
0
0
0
0
0
1
1
0
0
0
0
0
0
1
0
1
0
0
1
-1
-2
0
0
0
0
0
0
1
0
1
0
0
1
0
0
-1
-2
0
0
0
0
0
0
0
0
-1
-1
0
0
0
1
0
0
0
0
-1
0
0
0
0
0
0
1
2
1
1
2
0
1
-1
-2
0
0
-1
-2
-1
0
0
-1
0
0
0
2
0
0
0
-1
0
0
0
0
0
0
1
1
0
1
0
0
0
0
-1
-1
1
0
0
0
0
0
0
0
0
0
0
-1
-1
0
2
2
0
2
2
1
0
-1
-2
-2
-2
-4
-2
0
0
1
2
2
2
2
1
0
0
0
0
-2
-2
0
1
-1
-2
0
1
0
0
0
0
1
1
0
-1
-1
-1
-2
-2
0
0
0
1
1
1
3
2
1
1
2
-1
-3
-2
0
1
0
-2
-1
0
0
0
0
-2
-1
1
2
2
2
1
0
0
0
-4
-3
-2
-2
-3
-2
-1
0
0
2
4
4
3
3
1
0
0
-1
-2
-1
-2
-3
-4
-2
0
2
3
2
3
4
2
0
0
-1
-3
-5
-4
-2
-1
-2
0
2
3
4
4
2
1
0
-2
-3
-3
-3
-3
-2
-1
0
1
2
3
4
4
1
0
-1
0
0
-1
-1
-1
0
-1
0
0
0
0
0
0
-1
0
0
-2
0
0
0
2
1
0
0
1
0
-1
0
-2
-1
1
0
0
0
1
1
1
0
0
0
0
0
-1
0
-2
0
0
0
0
0
0
1
0
0
0
1
0
0
0
0
0
0
0
0
0
0
0
-1
0
0
0
0
0
0
0
0
0
0
0
-1
0
0
-1
2
1
-1
0
0
0
1
1
0
0
0
1
1
0
0
0
0
-2
0
0
-1
-1
-1
0
0
0
0
0
0
0
0
0
0
-1
0
0
0
0
0
1
0
0
0
0
0
0
0
0
0
0
1
1
1
0
0
0
0
0
0
0
-2
-2
-1
-3
0
1
1
2
1
1
0
0
0
-2
-2
-3
-3
-1
0
0
1
3
2
4
2
1
2
0
-1
-3
-4
-2
-1
0
0
0
1
0
0
0
1
0
-1
-1
0
0
0
1
0
0
0
0
0
-1
0
-1
0
2
0
1
3
0
0
0
-1
0
0
0
1
0
-1
0
-1
0
0
0
0
0
0
0
0
0
0
-2
-3
-1
0
0
0
1
0
2
1
-1
0
1
0
0
0
0
1
0
-1
0
0
-1
0
1
0
1
1
0
1
1
0
0
0
0
1
0
-1
-2
0
-1
-2
0
-1
-1
0
0
1
0
-1
0
2
2
0
0
0
0
2
-1
-1
-1
0
0
3
3
2
1
0
0
-2
-4
-6
-4
-3
0
3
5
6
6
4
2
0
-1
-4
-7
-9
-6
-3
0
6
7
4
3
2
1
0
-6
-8
-10
-9
-3
1
4
8
14
13
5
-2
-3
0
-3
-8
-8
-3
-2
3
9
11
6
-1
-6
-9
-3
1
-3
-12
-6
4
13
12
4
-5
-4
8
17
9
-12
-21
-6
17
14
-10
-28
-19
7
27
20
-2
-23
-39
-39
-12
44
80
50
-22
-42
15
63
39
-37
-115
-134
-70
41
120
124
73
4
-51
-55
3
44
-7
-118
-173
-104
67
230
240
74
-108
-141
-33
60
52
-38
-122
-120
-30
66
92
63
29
-5
-34
-25
26
59
19
-59
-100
-63
12
47
33
20
33
48
26
-9
-17
-10
-26
-71
-75
-5
64
57
-3
-34
-6
27
26
9
9
19
7
-24
-21
12
24
-13
-51
-39
-14
1
23
52
50
2
-33
-20
1
-2
-16
-9
2
-2
-7
5
22
20
-4
-28
-35
-12
23
38
15
-15
-17
7
30
31
16
-9
-30
-35
-19
8
17
3
-15
-10
10
25
23
10
-6
-26
-33
-21
2
13
6
0
6
15
12
0
-14
-22
-14
5
16
16
14
15
12
3
-8
-16
-20
-19
-13
-2
10
16
12
4
-3
-4
-3
-4
-9
-12
-5
3
8
10
11
9
0
-6
-7
-3
1
0
-3
-2
1
2
4
0
-3
1
7
6
0
-3
-3
-5
-6
0
9
6
-6
-8
0
7
8
-1
-12
-10
7
19
12
-4
-13
-13
-12
-8
-3
0
3
13
24
24
11
-8
-23
-26
-15
-1
0
0
5
16
22
19
7
-5
-15
-20
-19
-8
-1
2
9
15
13
6
0
-6
-8
-3
2
3
-4
-11
-8
0
4
2
-1
0
6
11
6
-3
-8
-7
-5
-1
2
-1
-1
0
6
9
7
1
-2
0
0
-4
-6
-5
-1
-2
-2
0
2
7
9
7
3
-2
-5
-5
-5
-7
-4
-2
0
1
3
6
7
8
7
6
0
-10
-16
-14
-6
1
2
0
0
3
9
12
11
7
0
-4
-8
-10
-9
-6
-1
2
2
1
3
4
3
2
1
0
-3
-5
-2
0
0
0
0
0
0
0
-1
0
1
1
3
1
0
2
0
0
-2
-3
-1
0
0
1
1
0
-2
-1
1
3
0
-3
-1
0
2
0
0
3
2
1
1
-1
-2
-2
-5
-2
0
2
3
2
-1
-2
-1
-1
1
0
-2
0
1
1
1
0
0
1
0
0
-1
0
0
-1
-1
-1
1
1
0
0
-1
-1
0
1
0
0
1
0
0
-1
-1
0
0
1
0
0
3
2
0
0
-2
-2
-2
-1
0
0
0
0
0
0
-1
-1
0
0
1
0
0
-1
1
1
0
1
0
0
1
1
1
2
0
0
0
-1
0
-1
-1
0
0
0
2
0
-1
-2
-3
-1
0
0
1
0
0
1
1
0
-1
-1
0
1
0
0
-1
0
0
0
0
0
1
1
0
0
0
0
0
0
0
0
0
0
0
0
0
0
0
0
1
0
0
0
0
0
-1
0
-1
0
0
0
1
0
0
0
0
0
0
0
0
0
0
1
0
-1
0
0
0
0
0
0
0
0
0
0
0
0
-1
0
1
0
0
-1
0
1
1
-1
-1
0
1
0
0
0
0
0
1
0
0
-1
0
1
0
0
0
0
0
0
0
-1
0
2
1
0
0
0
0
-1
0
0
1
-1
-1
0
-1
0
0
0
0
0
0
0
0
0
0
0
0
-1
-2
0
0
0
0
-1
-1
1
1
1
0
0
0
0
0
0
0
0
0
0
1
1
0
0
2
0
0
0
-2
-1
0
0
0
0
0
0
1
1
2
2
1
0
0
0
-1
0
-2
0
-1
-2
-1
-2
-2
0
-3
0
-1
-2
-1
0
0
0
0
1
3
1
2
2
1
1
0
0
1
1
1
1
2
1
1
0
0
1
0
0
-1
0
-1
-2
-1
-1
-1
-1
0
0
0
0
0
0
0
0
0
0
0
0
0
-1
-1
0
0
0
0
0
0
0
0
1
0
0
0
1
0
0
0
2
0
1
1
0
0
0
0
0
0
-1
0
0
0
0
-1
0
0
0
0
0
0
0
0
0
0
0
0
0
0
0
-1
-2
-1
0
0
0
0
0
-1
0
0
0
0
2
1
0
0
0
0
0
0
0
0
0
0
0
0
0
0
-1
0
0
0
-2
-1
0
0
0
0
1
0
0
1
0
0
-1
0
0
0
1
0
1
1
0
1
0
0
0
-1
-1
-1
-1
-1
-1
-2
-2
-1
-1
-2
0
0
1
1
1
1
0
0
0
-1
-2
-2
0
1
1
2
4
2
1
0
0
0
-3
-3
-2
0
0
2
2
0
0
0
-1
0
0
-1
0
0
3
1
1
0
-2
-2
-4
-3
0
1
1
2
3
2
1
2
0
0
-1
-1
0
0
-1
-1
0
0
0
0
0
1
2
-1
0
-1
-2
-2
-2
-1
0
0
0
0
1
0
0
0
0
0
0
1
2
0
0
1
1
0
0
0
0
0
1
0
0
0
0
-1
-1
0
0
-1
-1
-1
0
-2
-2
0
0
0
0
1
1
3
1
1
0
0
1
0
0
-1
0
-1
-1
1
0
0
0
1
1
0
0
1
1
0
0
-1
-1
0
0
0
-2
-2
0
0
-1
-1
-1
-1
0
0
0
0
0
1
1
0
1
0
2
2
2
2
1
2
0
0
0
0
0
0
-1
0
0
-1
-2
-3
-1
-1
0
-1
-2
-2
0
-1
0
1
0
0
0
0
0
0
0
0
0
0
2
0
2
2
3
1
0
0
0
1
1
1
0
0
0
0
0
0
-1
-2
-2
-2
-1
0
0
-2
-2
-2
-2
-1
-1
-1
0
0
0
1
0
0
0
0
0
0
0
1
1
1
1
2
3
2
1
1
1
2
3
2
2
0
0
3
1
0
1
0
-2
-2
-2
0
0
-2
-3
-2
-2
0
-2
-2
-1
-3
-1
-2
-2
0
-1
0
0
0
0
0
-1
0
0
1
0
1
0
0
0
1
1
0
0
1
2
1
0
-1
0
0
0
0
0
0
0
0
0
1
0
0
-1
0
0
0
0
-1
-1
-1
-2
0
2
-1
0
0
1
0
0
0
1
0
0
1
0
0
1
2
1
0
0
0
0
-1
-1
-2
0
0
0
1
0
-1
-1
0
0
1
0
-1
-1
0
0
2
0
0
-1
0
1
1
0
0
0
0
1
0
1
0
0
0
0
0
0
0
-1
0
0
0
0
0
1
0
0
1
1
-1
-1
-1
0
0
0
0
0
1
0
0
0
0
-1
0
0
0
0
-1
0
0
0
0
0
0
0
0
0
0
0
0
1
0
0
0
1
0
0
-1
0
0
0
0
-1
1
1
0
0
1
1
0
0
0
0
0
0
-1
0
0
-1
0
2
1
-1
1
0
-3
0
0
-3
0
0
-2
0
1
0
0
0
2
0
0
0
-1
-1
0
0
0
2
0
0
0
0
0
0
0
-2
-1
0
0
1
1
0
0
0
0
0
-1
0
1
0
1
0
1
0
0
0
0
0
0
0
-1
0
0
0
0
-1
0
-1
-1
0
1
2
2
1
0
-1
-1
0
0
0
0
0
1
0
0
-1
-1
-1
-1
0
0
0
-1
0
0
-1
0
0
1
0
0
0
1
-1
-1
0
0
0
0
0
1
0
0
0
0
0
0
1
0
0
0
0
-1
-1
0
1
0
0
0
1
0
0
0
0
0
0
0
-1
0
0
0
0
0
0
0
0
0
0
0
0
0
0
0
0
0
0
0
0
0
0
0
0
0
-1
-1
0
1
0
0
0
0
0
0
0
-1
0
0
0
0
0
0
0
-1
0
0
0
0
1
0
0
1
0
0
0
0
0
0
0
0
-1
0
0
0
0
0
1
0
0
1
0
-1
0
0
0
1
0
0
0
0
1
1
0
0
-1
-2
0
1
0
-1
0
0
-1
1
1
0
-1
0
0
0
1
1
0
0
0
-1
2
1
1
0
-1
0
0
1
2
0
-1
0
0
1
0
0
-1
-2
-2
-1
0
0
0
-2
-1
0
2
0
0
1
3
1
1
1
2
2
0
0
-1
0
0
0
0
0
-2
0
-1
-1
0
-1
-3
-3
-1
0
0
1
1
2
3
2
1
1
-1
-3
0
0
0
1
0
0
0
0
2
1
0
0
-2
-2
-2
0
0
-2
0
0
0
1
2
1
0
0
0
2
2
2
1
-1
-1
-1
0
-1
0
-1
-2
0
0
-1
0
0
0
1
3
0
0
0
0
1
0
1
1
0
0
0
0
0
0
0
0
0
-1
-2
-1
-1
0
0
0
0
1
0
1
1
-1
1
1
0
0
0
0
0
0
2
1
0
1
0
0
0
0
0
0
1
0
0
1
0
0
0
-1
-1
-1
-1
-3
0
-1
-4
-1
0
-3
0
0
-1
0
-1
-1
0
0
0
0
1
3
0
0
2
0
2
1
0
2
3
1
1
0
0
0
0
0
1
1
0
0
0
0
0
0
-1
0
-1
-1
0
-1
-1
0
0
-2
-2
-1
-2
0
-1
-1
0
0
-1
-1
0
2
1
0
2
3
3
3
2
2
1
1
3
3
1
1
1
1
-1
-2
-2
-3
-5
-5
-4
-4
-3
-5
-5
-5
-3
-2
-1
0
0
0
0
3
4
2
3
2
3
1
1
2
3
1
0
1
1
0
2
0
0
1
0
0
1
0
1
0
0
1
0
0
0
0
-1
0
-1
0
-2
-1
-2
-2
-1
-2
-2
-1
0
0
0
0
0
0
1
0
0
1
1
2
1
1
0
1
0
0
0
0
0
0
0
-2
0
1
0
-1
-1
0
0
0
1
0
0
0
0
0
1
0
-2
-1
0
1
2
-2
0
-2
-2
0
4
1
-1
-1
-1
0
3
2
1
-1
-1
0
2
1
1
0
-1
-1
0
0
1
0
-1
-3
-2
0
1
0
0
0
-2
0
1
0
1
0
0
0
0
1
2
0
0
0
0
0
0
0
0
0
0
0
0
0
0
-1
0
0
-2
-1
0
0
1
0
-1
0
0
0
0
-1
0
0
-1
1
2
2
0
-1
0
0
1
0
0
0
0
0
0
2
-1
-3
-1
0
0
0
-2
-2
-1
1
0
0
0
-2
-1
0
1
0
1
0
0
1
2
1
0
0
0
0
0
0
-2
-2
1
2
1
-1
-3
-2
0
0
0
-1
-2
0
0
0
0
0
-1
-2
-1
0
2
1
0
0
0
0
1
1
0
1
0
2
2
0
0
-1
0
0
0
0
-2
0
0
0
0
0
0
0
-1
-1
0
0
0
1
1
-1
-2
-1
0
0
1
0
-1
0
0
0
0
-1
1
1
0
0
-1
-1
0
1
2
0
0
0
0
-1
0
0
0
-1
0
0
0
0
0
0
1
0
0
0
-1
-1
0
0
0
0
0
-1
0
1
0
-1
1
0
0
0
0
1
0
0
-1
0
0
0
0
1
1
0
-1
0
0
1
0
0
0
0
-2
0
1
0
0
0
-1
0
0
-1
0
0
0
-1
0
0
0
0
0
1
0
0
0
0
1
0
-1
1
0
-1
0
0
0
0
0
1
0
-1
0
0
0
0
0
0
0
-1
-2
0
0
0
0
-1
-1
1
1
0
0
0
0
0
1
-1
0
0
0
0
0
0
0
0
0
0
1
0
0
0
0
0
0
0
1
0
-1
0
0
0
0
0
0
1
3
0
-1
-1
0
1
1
0
0
0
0
-1
0
0
0
0
0
0
-1
-1
0
0
0
0
0
0
0
0
1
0
0
0
0
1
0
0
1
0
1
0
0
-1
0
1
0
-1
0
0
0
0
-2
-2
0
-1
-1
0
-1
-1
0
0
0
-1
1
1
0
0
1
2
1
1
3
2
2
2
2
3
0
0
2
-1
0
0
-1
0
-1
0
-2
-2
-1
-1
-2
-2
-1
-2
0
-1
-2
-1
-1
-1
0
0
-1
1
0
-2
0
0
0
1
1
0
0
0
0
2
2
2
0
0
1
1
0
0
1
2
0
0
1
0
-1
0
2
0
0
0
-1
-1
-2
-2
0
0
0
0
-1
0
0
0
0
0
0
0
0
1
0
0
0
1
-1
0
1
0
1
0
0
1
0
0
0
0
0
0
-1
0
0
0
0
0
0
0
0
0
-1
0
0
1
0
-1
0
0
0
0
-1
0
0
0
0
2
1
0
0
0
0
1
0
0
0
0
0
0
0
1
0
-1
0
0
0
1
0
-1
0
-1
-1
0
-1
-1
0
0
0
0
0
0
1
0
0
0
0
1
0
0
0
0
0
0
0
0
-1
-1
-1
2
1
1
0
0
0
-1
0
-2
-1
0
0
0
0
0
1
2
1
0
0
1
0
0
-1
0
0
-1
0
0
0
0
0
0
0
0
0
0
0
0
0
2
1
0
0
-1
0
0
0
0
0
0
0
0
0
0
0
0
-1
0
0
0
0
0
-1
0
1
0
0
0
0
1
0
0
1
0
0
0
0
-1
-2
0
0
0
0
0
1
0
0
0
0
0
-1
-1
-1
0
0
1
1
-1
0
0
-1
0
0
0
0
0
0
0
2
0
0
0
-1
0
0
0
0
1
0
0
0
-2
0
0
0
0
0
0
0
0
0
0
0
1
1
0
0
0
0
-1
-1
0
1
0
0
0
0
0
-1
0
0
0
0
0
0
0
0
0
0
0
0
0
0
0
0
0
1
1
2
0
-1
1
1
0
0
0
-1
0
1
0
-1
-1
-1
0
-1
0
0
0
0
1
0
-1
0
1
0
0
-1
-1
-1
-1
0
0
0
1
0
0
1
0
0
0
1
1
1
1
0
0
1
0
0
0
0
-1
-1
0
0
0
0
-1
0
0
-1
-1
0
0
1
0
0
-1
0
0
0
1
1
0
1
1
2
1
1
-1
-1
0
0
-1
-1
-1
-1
0
2
1
0
-1
0
-1
0
0
0
0
0
2
0
0
0
0
1
0
0
-2
-1
0
1
2
0
0
0
0
0
0
0
0
0
0
0
1
1
0
-1
-1
0
-1
0
0
0
0
0
0
0
0
-1
0
0
0
0
0
0
1
0
-1
0
0
1
0
0
1
0
0
0
-2
0
0
0
0
0
1
0
-1
0
0
0
0
0
0
0
0
1
0
0
0
0
0
0
0
0
1
1
-1
0
0
0
1
0
0
0
0
0
0
0
0
0
-1
-1
0
0
1
0
0
0
0
0
1
0
0
0
0
0
1
0
-1
1
-1
0
0
0
0
0
0
0
0
0
0
0
0
0
1
0
0
0
0
0
0
0
0
0
0
0
0
0
0
0
0
0
1
0
-1
0
0
0
0
0
0
1
-1
0
0
0
0
0
0
-1
-1
0
0
-1
0
0
0
0
0
0
0
0
1
1
0
0
1
1
0
0
0
0
0
-1
-1
-2
0
1
0
0
1
0
0
1
0
0
0
0
1
0
0
0
-2
0
1
-1
0
0
0
0
0
0
0
-1
0
1
1
0
0
0
0
0
0
-1
0
2
0
0
-1
0
0
0
0
0
0
0
0
0
0
0
0
0
0
0
0
0
2
-1
0
0
0
0
0
0
0
0
0
-1
0
0
0
0
0
-1
0
2
0
-1
0
0
1
0
0
0
0
0
0
0
-1
0
1
0
0
0
-1
0
0
0
1
1
1
2
0
0
0
-2
0
0
-1
0
-1
0
0
0
0
0
0
-1
-1
0
0
0
0
0
0
1
1
0
0
0
0
0
0
-1
-2
0
0
0
1
0
0
0
0
0
0
0
0
0
0
0
0
0
0
-1
-1
0
0
0
1
0
1
0
0
0
0
1
1
0
0
0
0
0
0
-1
0
0
0
0
0
-1
-3
1
1
0
0
0
1
1
0
0
0
0
0
0
1
0
0
0
0
0
-1
-1
1
0
0
0
0
0
0
0
0
1
0
1
1
1
0
0
0
0
-2
0
0
-1
0
0
-1
0
0
0
1
0
0
0
1
0
0
0
0
0
1
0
-1
0
1
0
0
-2
-1
0
1
0
0
0
0
0
0
0
0
1
0
0
0
0
0
0
0
-1
0
0
1
0
1
1
0
0
-2
-1
0
0
0
0
0
0
1
1
0
0
0
0
0
0
0
0
0
0
-1
-1
0
0
0
2
0
0
2
1
0
0
0
0
0
0
-1
0
0
0
-2
-1
0
0
0
1
1
0
0
0
2
1
0
1
0
0
0
0
0
-1
0
-1
-2
0
0
-1
-1
-1
1
2
1
0
-3
-1
2
2
0
1
0
-1
0
1
0
0
0
0
2
0
0
0
0
-1
-1
0
0
0
0
0
1
0
0
0
0
-2
0
1
0
2
0
1
0
0
0
0
0
0
0
0
0
0
0
1
-1
-1
0
0
0
1
-1
0
1
0
-1
0
0
0
1
0
0
1
0
0
0
2
0
0
0
0
0
-1
0
1
0
0
0
0
0
-1
0
0
-1
0
1
0
-2
-1
0
0
0
0
0
0
0
0
1
0
0
0
-1
0
0
-1
1
-2
-2
0
0
0
1
0
-1
0
1
1
2
0
0
0
-1
0
0
0
0
-1
0
1
0
1
0
-1
0
1
-1
-1
0
-1
0
-1
-1
0
0
0
0
0
0
1
0
-1
0
0
1
2
0
-1
0
1
0
0
0
0
1
0
-2
1
0
0
1
0
0
0
1
0
-1
0
-1
-1
0
1
0
-1
0
0
0
0
0
0
0
0
0
0
0
-1
0
0
1
1
0
-2
0
0
0
0
-2
0
0
0
1
0
0
0
0
0
0
0
0
-1
0
0
0
0
1
0
-1
1
0
0
0
1
0
0
0
1
0
-1
2
0
0
0
0
0
0
0
-1
0
0
0
0
0
-1
0
0
1
0
0
0
0
0
0
0
0
0
0
-1
-1
0
0
0
0
0
-1
0
0
0
0
0
0
0
0
0
1
0
0
1
0
1
0
0
0
0
0
1
0
0
0
0
-2
-2
0
0
0
-1
0
0
0
0
0
0
1
0
-1
-1
-1
0
0
0
0
1
0
1
1
0
3
3
0
0
-1
-2
0
1
-1
-1
0
-1
-1
1
0
0
0
0
0
0
1
0
0
0
0
0
0
0
0
-1
1
1
0
0
0
0
0
0
0
0
0
0
-1
0
0
-1
0
0
1
0
-1
0
1
1
0
0
0
0
0
0
1
0
-1
0
0
0
0
0
0
0
0
0
1
0
0
0
0
0
0
0
-1
0
0
0
-1
1
2
0
0
0
0
0
0
-2
0
0
0
0
0
1
2
0
0
-1
0
0
0
-1
-1
0
1
-1
0
1
0
1
0
0
-1
0
0
0
0
0
0
1
0
0
0
0
0
0
0
0
0
1
0
0
2
0
0
0
-1
0
0
0
0
-1
0
0
0
0
0
0
0
0
0
0
-1
0
0
1
0
0
0
0
1
0
1
1
0
0
0
-1
-1
0
0
0
0
-1
0
1
0
-1
0
1
0
-2
0
0
0
0
0
1
0
0
0
1
0
0
0
0
0
0
0
0
0
0
-1
-1
0
0
0
0
0
0
0
0
0
-1
0
0
1
0
1
1
0
0
0
0
0
1
0
-1
0
0
0
0
0
1
0
-1
0
0
2
0
0
0
0
0
1
0
1
1
0
-1
1
1
0
0
-1
1
0
0
-1
0
0
-1
-1
-1
0
0
0
-1
-1
0
0
0
1
0
0
0
1
1
0
0
0
0
0
0
0
0
0
0
0
0
1
0
0
0
-1
0
0
0
0
0
0
0
0
0
0
0
-1
0
0
0
0
0
0
-1
0
0
0
-1
0
1
1
0
0
0
0
1
0
-1
0
0
0
0
-1
0
0
1
0
0
0
0
1
0
-2
0
0
0
0
0
-1
0
0
0
1
0
0
0
0
0
0
0
0
-1
0
1
0
-2
0
1
-1
0
0
1
0
0
0
1
0
0
0
1
1
0
-1
-1
0
0
0
0
-1
-1
0
0
0
0
0
0
-1
-1
0
0
1
0
0
1
0
0
0
0
0
0
0
0
0
-1
-1
0
0
0
0
0
0
0
0
0
2
1
0
0
-1
-1
-1
-1
0
0
-1
0
0
0
0
0
0
0
1
1
1
0
-1
0
0
-2
0
0
-2
-1
-1
0
2
0
0
0
0
1
2
2
1
-1
1
1
-1
0
0
-1
0
0
0
-1
-1
0
1
-2
0
0
0
0
0
2
0
1
0
-1
0
-1
1
0
0
0
0
0
0
0
0
0
0
0
-1
0
0
1
0
0
0
-1
0
-1
0
0
-1
1
0
0
0
0
-1
0
1
0
0
0
0
0
0
0
0
0
0
1
0
0
0
-1
-1
0
1
0
0
0
-1
-1
0
0
0
0
0
0
0
-1
0
1
0
1
0
0
1
0
1
1
0
-1
0
0
-2
0
1
1
0
-1
0
0
1
1
0
0
0
0
0
0
0
0
-1
-1
0
0
0
0
0
0
-1
0
0
0
0
3
1
-1
0
0
1
1
1
1
1
0
-3
-1
0
0
0
0
0
0
-1
0
1
0
0
0
-2
0
0
1
1
0
0
-1
-1
0
0
0
1
0
0
-1
-1
-1
-1
0
1
0
0
1
0
0
1
0
0
1
0
-1
0
0
1
0
-1
0
-1
-1
-1
-1
0
1
0
-1
0
-1
0
1
-1
0
1
0
1
1
0
0
0
0
0
0
1
0
0
0
0
0
1
0
0
0
0
0
0
-1
-1
0
0
-1
0
0
0
-1
0
-2
0
3
2
-1
0
1
0
2
1
0
0
0
-1
0
1
0
-1
0
0
0
0
-1
1
1
-1
-1
0
0
0
0
0
0
0
1
1
0
-1
0
0
0
0
-1
-2
1
0
0
1
0
0
1
0
0
0
0
-1
-1
0
0
0
0
0
0
0
0
0
1
2
0
-1
1
0
0
0
-2
0
0
0
2
0
-1
0
0
1
0
-1
0
0
0
1
0
-1
0
0
0
0
0
0
1
-1
-1
0
1
1
0
-1
0
-1
-1
0
0
0
0
0
0
0
0
0
0
0
0
0
0
-1
0
1
0
0
0
0
0
-2
-1
0
0
1
0
1
1
-1
-2
0
0
1
0
0
1
0
0
0
0
-1
0
0
0
0
-1
0
0
0
-2
0
0
0
3
2
-1
0
0
0
2
0
0
1
0
-2
-3
-4
-2
-1
-2
1
6
6
9
12
2
-6
-5
-4
-5
-4
-12
-13
-11
-9
5
37
38
10
-1
3
-1
-11
-20
-26
-23
-33
-46
-38
-26
-15
-6
-15
-8
59
117
97
53
10
-30
-28
7
21
-11
-33
-3
-7
-53
-11
61
18
-51
-79
-77
138
313
13
-287
-228
-372
-545
-124
238
168
326
605
510
474
549
94
-382
-272
-133
-170
-286
-491
-426
-212
-366
-450
161
570
216
20
169
269
398
498
152
-284
-209
-131
-158
-45
-71
-217
-239
45
403
348
-102
-433
-242
123
275
98
-142
-67
165
265
331
448
14
-383
-114
-204
-211
-123
14
-3
-679
-244
338
86
348
166
205
495
33
-325
-330
-174
-587
-376
-125
-368
209
536
126
-170
369
1028
478
-519
-636
805
555
-781
-237
-82
-206
-560
75
571
-171
-56
138
428
46
-286
498
-28
-392
-200
-372
170
351
18
-591
-375
583
257
-183
349
-347
-461
304
56
536
256
-548
-516
-149
655
641
-363
-430
-56
129
341
177
-371
-409
-5
-20
-116
223
295
-159
-73
26
-184
-93
203
-258
-130
296
-36
302
683
131
-822
-634
396
547
490
-555
-970
231
447
68
57
334
-216
-744
359
508
-179
-72
-439
-615
75
1124
788
-490
-530
-123
324
448
-71
-365
-722
-399
282
637
361
-580
161
629
-558
-283
1063
735
-1480
-1529
646
844
34
-185
-87
-71
-322
533
1101
435
-406
-931
-79
359
-313
-179
-115
-692
-849
753
1406
-165
-132
161
430
43
-261
100
-445
-669
-802
265
969
-138
-371
313
712
715
-45
-317
-137
-628
-680
337
794
-192
-653
288
448
-501
-97
557
-122
-493
377
291
-38
428
-124
-1119
-243
731
-209
-660
-34
-121
121
875
-21
-303
839
502
-3
14
-280
-967
-584
887
138
-777
125
-36
328
1089
97
-699
-66
190
118
67
-376
-537
-410
-296
360
578
350
418
-506
-580
427
476
-327
-517
-480
-107
497
430
607
-114
-518
-191
144
952
383
-820
-172
-1
-373
386
-115
-806
-57
360
49
259
327
-21
-369
116
772
76
9
-311
-853
-124
397
305
-419
-902
-269
644
362
368
321
-673
6
898
291
-352
40
-237
-260
254
-248
-298
214
-355
-715
305
608
169
178
149
-394
237
834
99
-768
-1058
-342
584
532
-332
-611
44
486
824
511
-596
-529
250
499
-284
-747
-46
482
266
-260
-281
170
58
185
351
-377
-220
202
66
-121
-80
311
12
-798
-434
652
492
-424
-563
-218
630
932
67
-586
-178
692
350
-460
-423
-440
-530
144
262
-14
679
524
-358
389
481
-469
-195
-66
-990
-715
487
532
7
-163
-140
343
1120
473
-878
-401
216
-226
-215
-163
-281
-224
64
333
58
472
408
-400
-16
329
-114
-495
-95
-22
-405
222
274
-4
149
235
-56
-304
18
-70
51
273
-123
-210
186
152
-139
327
521
-193
42
290
-420
-901
-563
103
-28
-62
198
5
274
560
78
45
-174
-508
3
616
319
-398
-334
-49
195
326
11
-267
-14
285
29
38
-69
-587
-383
226
249
197
-72
-291
-186
5
140
-95
-85
-47
380
461
-191
-248
-32
198
403
181
-252
-204
-66
26
148
41
22
139
152
-69
-202
-75
-60
-72
14
-36
-77
-129
-198
-47
146
-194
-365
-24
150
258
304
194
225
232
36
307
489
34
-39
157
47
-34
-57
18
80
-130
-269
-283
-455
-532
-477
-491
-524
-437
-200
45
553
1298
1461
1050
780
690
632
561
370
272
219
-132
-442
-234
-14
-168
-457
-1018
-1676
-2077
-2203
-2088
-1706
-948
-6
688
982
1286
1803
2113
1833
1375
1068
904
1049
1083
981
890
669
585
475
-451
-1875
-2682
-2739
-2628
-2657
-2206
-1419
-939
-470
-15
148
36
-30
197
748
1815
3062
3355
2781
2152
1738
1525
1307
1612
2306
1569
-1012
-3438
-4181
-4019
-3769
-2967
-1772
-1005
-533
482
1686
1770
930
568
578
-430
-1910
-2100
-1110
81
1508
2787
3332
3279
2993
2858
3143
3747
2814
-395
-3681
-5450
-5612
-5179
-4675
-3501
-2085
-825
537
2223
3654
3569
2657
1594
219
-1077
-2107
-2571
-2737
-1713
855
2684
3434
3892
3695
3113
3864
4889
2635
-1795
-4841
-6001
-6286
-5666
-3942
-2161
-993
316
2059
3604
4087
3397
1849
-135
-1779
-2979
-3377
-3316
-2685
-275
2422
3623
3949
4318
4232
4217
5289
4239
-280
-4318
-6262
-7018
-6544
-4986
-3112
-1757
-322
1865
4235
5761
5301
3660
1606
-1087
-3437
-4238
-4235
-3903
-1793
1322
2962
2968
3289
3583
4069
5813
4792
100
-3608
-5439
-6758
-6727
-4875
-3092
-2265
-189
2428
3847
5427
5786
4524
2343
-1154
-3982
-5131
-5236
-4210
-1736
1223
2841
3175
3566
3368
4059
5885
4011
-499
-3714
-5616
-6530
-5992
-3740
-2316
-2073
3
2320
3958
6151
6830
5256
2046
-1400
-3748
-5590
-6245
-5555
-3795
-939
1478
3425
5055
5274
6152
7699
5280
268
-3058
-5419
-7265
-6968
-5194
-4233
-3401
-804
1959
3944
6119
6851
5298
2703
-240
-2587
-4261
-5362
-5523
-4198
-1532
905
3019
4852
5145
5901
7309
5051
801
-2132
-4922
-7115
-7043
-5581
-4426
-3087
-756
1386
3157
5435
6414
5212
3496
951
-2411
-4565
-5107
-5546
-4651
-1386
1409
2904
4349
4804
5180
6725
5599
1508
-1766
-4271
-6441
-6588
-5179
-4482
-3744
-1566
366
1894
4589
6010
4723
3664
2328
-824
-3272
-3878
-4738
-4991
-2433
240
1360
2908
4096
4412
6259
7005
3586
-50
-2226
-5070
-6874
-5982
-5246
-4947
-2873
-740
833
3656
5854
5280
4575
3750
229
-2914
-3787
-5079
-5373
-2748
-171
1256
2788
3902
4133
5673
6987
4058
390
-1657
-4572
-6501
-5583
-4889
-5080
-3261
-922
43
2426
5514
5438
4693
4682
1766
-1866
-2894
-4039
-5539
-3959
-1362
-381
1332
3316
3605
5240
7571
5524
1879
-107
-3050
-5691
-5516
-4945
-5554
-4532
-2185
-1264
973
4664
5359
4555
4075
1815
-1010
-2127
-2698
-4025
-3786
-1534
-250
1126
3279
3814
4710
6095
4361
1324
-728
-2976
-4740
-4786
-4336
-4451
-3714
-1754
-526
1142
3826
4502
3689
2975
1354
-665
-1554
-1895
-2946
-2820
-1102
-385
532
2190
3129
4808
5535
3502
1387
-611
-2614
-3525
-3823
-3774
-4147
-3978
-2423
-1350
910
3700
3395
2841
2755
943
-120
-331
-1568
-2522
-1773
-601
-206
918
2162
2721
4526
4849
2228
455
-1042
-3071
-3165
-2460
-3284
-3976
-2782
-1795
-887
1890
3249
2420
2306
1413
-142
-398
-935
-2006
-2023
-1074
-381
253
1500
2045
3030
5224
4410
1506
226
-1626
-3518
-2865
-2652
-3901
-3691
-2462
-1744
-77
2550
3392
2604
1935
940
-132
-311
-567
-1447
-1452
-656
-352
425
1361
1508
3123
4794
3130
1022
129
-1636
-2797
-2208
-2507
-4075
-3947
-2324
-1601
-117
2432
2666
1715
1740
1100
39
-87
-506
-1536
-1521
-918
-811
162
1493
2197
3820
4487
2688
1380
485
-1045
-1822
-2255
-3309
-4311
-3718
-1953
-975
447
2244
1906
1445
2052
1352
362
156
-1101
-2132
-960
-180
-664
15
947
1691
3722
3949
1404
126
-275
-1247
-1437
-1809
-3139
-3660
-2416
-887
-279
827
1733
1001
957
1401
671
240
-152
-903
-484
392
350
20
259
859
2042
3355
2360
-51
-970
-1111
-1149
-1154
-2146
-3241
-3087
-1693
-339
116
667
820
407
1227
1809
825
135
-385
-839
-52
725
312
-129
391
1295
2458
3643
2365
-309
-297
417
-805
-1854
-2650
-3841
-3379
-1576
-1103
-1452
-408
791
661
832
1304
761
424
677
374
386
998
742
532
1163
1243
1759
2913
1768
-397
-218
498
-690
-2138
-2542
-3099
-3014
-1459
-1251
-2005
-851
410
607
946
721
330
708
813
540
652
890
738
830
1512
1565
1639
2598
1901
-85
-2
582
-736
-2006
-2271
-2668
-2596
-1805
-1728
-1777
-728
89
119
390
575
555
976
1024
439
588
1117
836
706
1141
1034
941
1519
1253
-68
-199
825
286
-1453
-1813
-1365
-1494
-1726
-1804
-1530
-867
-520
-325
142
326
223
593
938
333
2
893
1225
353
185
1016
1269
877
718
805
894
603
228
298
-21
-806
-963
-857
-1380
-1824
-1476
-1143
-1272
-1136
-495
-150
-230
-83
194
315
393
632
893
802
753
1154
1425
1023
474
520
846
706
199
143
239
-185
-434
-427
-801
-1145
-1114
-1027
-971
-823
-737
-717
-577
-340
-93
46
107
328
753
1001
924
963
1027
723
451
461
353
90
-34
-82
-153
-180
-264
-487
-655
-584
-520
-628
-659
-541
-505
-468
-333
-349
-296
3
180
322
722
990
920
924
926
741
629
513
234
115
186
24
-197
-159
-297
-631
-626
-507
-609
-598
-447
-441
-415
-304
-318
-441
-411
-233
-157
-111
60
224
347
548
635
647
767
777
653
654
667
498
362
289
86
-167
-286
-382
-547
-592
-533
-518
-476
-387
-376
-344
-242
-195
-166
-112
-75
-44
-5
7
11
23
65
138
173
205
276
317
301
281
246
186
132
47
-38
-43
-20
-58
-71
-18
14
-3
-3
43
64
31
6
12
-9
-71
-110
-131
-157
-164
-151
-157
-147
-107
-99
-109
-98
-80
-50
-17
-13
7
55
72
79
116
139
133
143
181
195
167
161
161
114
73
52
-4
-54
-53
-66
-90
-83
-68
-71
-84
-89
-85
-89
-98
-89
-77
-74
-55
-40
-42
-37
-11
15
30
47
67
71
59
52
44
35
29
25
36
60
64
58
68
54
12
-4
-2
-28
-55
-48
-30
-37
-41
-26
-28
-41
-32
-33
-42
-28
-13
-14
-8
7
13
6
16
26
28
36
50
54
58
63
52
36
26
9
-16
-30
-36
-46
-47
-43
-39
-30
-23
-24
-19
-8
-14
-22
-13
-11
-13
-4
6
12
19
29
37
38
37
33
28
24
14
8
6
4
0
1
3
0
-4
-8
-11
-16
-25
-28
-27
-25
-26
-21
-16
-12
-3
1
5
9
11
12
13
14
11
10
7
2
1
3
0
0
4
4
3
4
1
-2
-4
-7
-10
-10
-9
-9
-6
0
4
7
11
14
15
13
13
11
9
5
5
3
0
-1
-2
-4
-4
-8
-12
-12
-14
-16
-14
-13
-13
-9
-6
-2
0
3
3
6
7
6
9
9
5
7
8
5
5
3
1
1
-2
-3
0
-5
-3
0
-4
-2
-1
-6
-2
-3
-7
1
2
0
4
0
3
6
-5
1
3
-7
6
3
-4
8
1
0
3
-17
0
9
-19
10
2
-17
19
-18
2
62
-77
-44
106
-42
-24
69
-41
7
40
-27
8
8
-22
-11
11
9
-34
17
38
-59
-4
71
-50
-37
54
-29
-11
30
-25
6
9
-24
36
10
-40
27
11
-7
21
-19
2
24
-6
-5
-17
7
20
-28
13
20
-48
35
21
-52
30
9
-27
-3
-13
-4
5
-19
-4
10
-11
16
1
4
23
-15
11
-17
1
25
-38
23
-11
-1
42
-48
3
26
-26
23
-1
-32
19
37
-77
51
55
-123
116
-33
-93
231
-197
14
197
-300
222
0
-164
173
-157
127
-10
-151
245
-186
7
153
-207
161
-27
-137
158
-111
106
-133
35
192
-453
509
-246
-182
538
-668
411
137
-762
963
-460
-362
837
-764
488
-59
-370
565
-486
333
-235
27
462
-848
717
-14
-676
1024
-812
97
645
-1002
634
17
-357
80
184
-52
-188
246
-16
-251
273
136
-508
563
-276
-166
426
-246
-101
108
194
-528
439
-186
23
20
-138
200
-147
489
-834
663
153
-691
552
-65
-372
531
-572
202
137
-358
253
-249
607
-653
428
-150
436
-321
-514
1294
-876
-438
964
-577
-477
708
-277
-594
730
-6
-601
1121
-413
-402
1174
-642
-372
684
-223
-469
49
151
-165
-378
512
-631
463
248
-686
553
250
7
-516
624
131
-509
382
-279
-148
383
-546
-10
245
-158
-120
228
24
-165
351
-197
-53
133
-75
257
-136
-84
-88
579
-498
-153
506
-506
110
-210
415
-285
-62
531
-783
713
-350
87
-98
242
-48
-444
874
-897
121
412
-421
88
150
109
-432
871
-604
344
153
-592
578
-459
125
-281
-84
312
31
-303
349
164
-174
-55
73
-44
45
-267
-252
578
-532
255
-65
-119
404
-133
-90
204
26
-475
664
-545
20
465
-694
568
-123
-100
351
-171
-52
359
-223
8
521
-407
252
-29
-548
281
-400
-510
-107
-127
-579
-86
268
-108
648
65
592
1111
366
1011
346
348
-57
-416
-583
-1433
-1017
-1516
-1061
-1057
-969
4
-204
421
560
1206
1726
751
1406
1755
503
917
3044
-296
-2394
1445
-583
-3367
-1379
-1506
-2421
-949
-1214
-778
1350
1238
4
1812
2659
353
617
1365
18
-1231
23
-837
-1191
-867
-2502
-609
-71
-1359
-251
1656
1036
1357
2721
1504
1903
3085
1976
-752
-463
-457
-2222
-2853
-3178
-2810
-2100
-1388
-1549
614
2396
1054
1383
2820
1970
342
581
351
-1399
-1873
-1791
-2769
-2196
-1552
-875
552
1517
2199
3117
3889
2636
2853
4544
1540
-1948
-1302
-1808
-4367
-5719
-4233
-2916
-2085
-1255
38
3103
4572
2418
2448
4439
1692
-734
-861
-1451
-3343
-3537
-2612
-2323
-1724
-918
1483
2192
2463
3528
3797
3021
1752
1484
1983
344
-3248
-2404
-1233
-3790
-4650
-1976
-374
-769
188
1948
3253
2877
888
986
980
-542
-2121
-2290
-1506
-2625
-1742
-51
287
578
1802
2238
1959
2273
1206
1471
771
-349
-210
164
267
-1880
-1540
-29
-1431
-2613
-979
198
-787
-171
847
1053
849
57
128
154
-249
-1134
-1095
-330
-749
-862
0
792
372
719
1733
1409
1324
1526
926
205
1087
1479
-1072
-1885
-660
-1532
-2796
-2066
-1569
-936
764
815
964
2218
1971
515
154
75
-1127
-1729
-1214
-1279
-1124
-21
360
367
1000
1101
937
1270
964
181
684
574
283
902
-39
-1166
-995
-1027
-1783
-1896
-1018
230
381
204
1142
1645
1094
374
-192
-354
-927
-1548
-1417
-1173
-540
-166
696
1164
565
906
1206
585
137
441
293
-7
367
677
853
692
240
-757
-1178
-1313
-1814
-1611
-841
-340
159
1257
1649
1313
1074
687
-342
-1042
-1178
-1526
-1590
-897
3
547
845
895
897
885
567
-18
-113
257
122
68
645
981
913
836
-360
-1517
-1166
-1548
-2324
-1460
-230
250
863
1592
1649
1267
674
-586
-1024
-1109
-1503
-1404
-652
509
559
1177
1577
823
372
110
-399
-805
-307
-308
52
948
917
972
1031
1760
608
-2154
-1667
-844
-2479
-2388
-263
195
525
1728
1821
1209
953
-123
-1545
-1364
-1154
-1535
-920
786
592
784
2055
1148
378
186
-649
-1297
-652
-371
-511
726
1253
1444
1264
1010
1982
1141
-2050
-2722
-1223
-2024
-2797
-1316
26
1042
1968
2018
1465
1571
245
-2081
-1762
-1182
-1883
-1455
525
1029
1071
2466
1701
-179
-252
-279
-1769
-1881
-384
254
685
1540
2361
1649
782
1983
1757
-2072
-3810
-2132
-1999
-2321
-1154
79
1462
2523
2118
837
934
23
-2633
-2424
-981
-625
-523
1499
1784
807
2455
1123
-1074
-959
-847
-1806
-1374
576
81
586
1575
1330
725
-182
-15
-959
-955
125
-484
161
2225
2040
-192
-1284
-983
-873
-2106
-2345
-373
633
1050
1433
1128
974
606
-685
-1798
-968
-386
-665
-25
901
1042
943
665
29
-278
-732
-591
-287
-48
733
796
934
1288
620
-724
386
2591
-715
-3591
-1115
-201
-1811
-1043
307
421
1335
1485
213
151
432
-1463
-2039
-524
156
-64
1176
1936
-12
658
1108
-825
-1380
-204
92
-398
750
1305
287
-621
-34
439
-1185
-906
268
-37
304
79
-467
790
1119
-961
-1019
896
902
5
510
1054
-833
-1388
-485
-1371
-1295
-163
641
609
593
796
334
220
-548
-920
-421
-427
105
863
248
-98
511
464
-211
-727
-466
456
616
680
932
849
486
941
1639
-1062
-3141
-1581
-263
-771
-681
930
1565
783
-220
-723
-921
-829
-1029
-757
765
1540
840
649
256
-829
-458
-174
-619
-262
849
1328
666
407
129
-333
-702
-644
-57
-75
292
676
370
548
207
-790
-528
-298
-967
-790
85
801
570
19
248
-34
-566
-402
-344
-357
196
508
288
302
203
22
-198
-475
-310
63
159
-63
-256
87
454
8
-384
312
735
73
126
780
531
-143
235
545
-584
-1105
-443
-238
-560
-268
124
261
80
-101
-13
-152
-367
-422
-203
188
274
231
529
287
-198
51
76
-145
-50
177
333
220
-49
-52
175
35
-109
-88
147
348
-79
-130
167
-261
-260
303
-15
-515
-101
252
327
-232
-1350
-695
533
-217
-848
525
1203
367
367
746
208
-239
660
679
-398
-433
-657
-1181
-340
-103
-566
759
1096
-217
26
747
-617
-1429
-436
73
64
199
1049
412
-296
177
-232
-477
-96
-185
-133
796
555
-219
305
360
-172
-432
-70
238
-244
106
563
-99
-131
360
-44
-625
-490
-252
-50
34
113
262
187
128
-17
-212
-219
-134
-164
0
161
87
116
120
-59
-131
-70
-65
17
197
204
162
81
46
-13
-218
-183
-36
45
132
72
110
154
-130
-283
-168
-94
-108
35
218
158
75
72
69
-47
-170
-132
-24
-21
-14
83
164
138
-15
-26
-28
-159
-106
34
23
0
86
159
115
-68
-124
-128
-121
-41
-45
0
134
62
-50
-12
-6
-9
35
99
41
-56
-13
-10
-56
-28
60
50
-2
51
53
-11
-12
13
-10
-17
-77
-34
55
41
29
-10
32
40
-116
-85
44
-27
-4
69
5
-2
18
32
-16
-45
-4
-3
2
-16
-43
22
140
21
-156
94
376
-617
-1229
139
569
-518
-100
1122
540
-116
409
462
-212
20
33
-570
-300
92
-167
-224
319
-40
-53
187
-258
-393
134
-19
-593
-73
391
-45
-216
470
443
-406
-60
459
-218
-420
294
208
-107
227
167
-100
116
367
-106
-192
409
46
-399
113
147
-371
-4
251
-364
-382
262
141
-304
15
147
11
291
52
-417
-220
-7
-156
-128
41
146
125
174
203
78
186
31
-492
-352
-20
-377
-566
-32
248
186
408
667
589
664
758
173
-260
22
-96
-926
-734
-188
-552
-665
-113
109
51
235
188
152
291
126
-238
11
162
-269
-138
306
-4
-158
268
209
-116
137
248
-103
-50
220
77
-111
16
43
-30
67
61
-99
-11
56
-205
-213
53
-26
-273
-125
27
-133
-90
156
100
6
125
40
-102
34
60
-112
-50
38
-12
57
55
-45
91
232
-22
-73
159
94
-101
-31
35
-59
-14
-28
-56
7
-22
-91
-22
51
-23
-29
-12
-46
-17
29
-31
-75
-12
-45
-127
-80
-39
-10
13
66
104
143
169
176
159
148
144
33
-30
0
14
-78
-117
-49
-50
-135
-116
-39
-52
-65
-46
-11
6
0
7
24
-8
-18
-15
-28
-26
-26
-7
26
42
12
28
65
38
20
49
56
0
15
28
6
8
-2
-23
4
37
3
-19
-2
7
-15
-32
-15
1
-9
-19
-23
-14
-6
-23
-32
-10
4
-7
-1
29
32
12
8
19
17
7
0
-4
9
3
-23
-26
-4
-5
-27
-15
3
-9
-16
0
-1
-7
-2
-7
2
12
0
0
16
20
21
13
0
3
7
8
0
-10
-5
1
5
13
14
6
3
6
5
-4
-6
0
-9
-15
-4
-4
-15
-17
-1
3
-5
-9
-8
-2
-1
-6
-5
1
3
10
7
2
9
12
3
-4
-5
0
4
-2
-3
7
8
3
5
9
7
7
6
3
-3
4
13
0
-11
-2
1
-6
-9
-6
-6
-7
-9
-6
-3
-4
-4
-5
-1
0
1
6
4
0
4
12
7
2
0
4
4
-2
-7
-5
-3
-4
-5
-5
-2
0
-1
-4
-2
-1
-3
-4
0
0
-2
0
2
0
0
3
2
1
3
5
4
5
9
6
4
7
10
2
-1
2
2
-1
-5
-3
-4
-6
-6
-4
-5
-4
-2
0
0
1
1
0
-2
-2
-2
0
-2
-4
-1
1
1
1
0
-1
0
1
0
1
1
-1
-2
0
0
0
0
1
3
2
2
2
1
0
1
2
0
1
1
0
-2
-2
-2
1
1
0
0
-1
0
0
0
-2
-3
1
2
0
0
0
0
0
0
0
-1
-2
0
0
0
0
0
0
0
0
0
1
2
0
0
2
0
1
0
-1
-1
0
0
0
0
1
1
0
-1
-1
0
0
-1
0
-1
0
0
0
0
-1
0
0
0
1
0
0
0
0
0
0
0
0
1
0
0
1
0
0
0
1
0
0
0
-1
0
0
0
-2
-2
-2
-1
-1
-1
0
0
0
0
0
0
0
0
0
0
1
1
0
0
1
2
2
1
2
0
1
0
0
0
1
0
-1
1
1
1
0
0
0
0
1
2
0
0
-1
0
0
-1
-1
-2
-2
-3
-3
-1
-1
-1
0
0
-1
0
-1
-3
3
7
-12
-26
-5
23
11
-5
2
19
22
6
-23
-32
-8
-8
-17
12
30
18
11
6
6
4
-3
2
13
26
42
-7
-61
-28
-19
-30
40
79
-17
-101
-54
25
14
-44
-32
64
134
43
-90
-35
55
0
-5
47
1
-32
-11
-68
-155
-92
95
146
49
95
127
-26
171
293
-635
-1196
-81
864
355
-169
190
725
710
4
-884
-1018
-338
-59
-204
157
509
469
560
200
-432
-102
159
-432
-540
111
416
37
-286
30
396
132
-168
-178
-33
208
25
-295
-86
-12
-299
94
540
4
-359
166
481
87
-161
-131
-124
-71
12
-144
-194
16
-1
30
263
90
-131
83
71
-124
85
123
-3
-5
-95
-115
-12
-151
-86
92
-63
110
317
-27
-132
64
-27
-50
40
-45
-55
-102
-125
69
150
11
-26
105
146
13
-62
26
-4
-43
0
-38
-44
18
-1
-54
-86
-7
71
-73
-64
176
61
-43
130
-3
-189
20
86
-114
-157
46
176
-17
-104
115
63
-125
-9
31
-48
-23
-46
58
159
-21
-87
52
32
-44
-46
-18
24
-69
-87
68
102
-7
13
89
31
44
-29
-113
-16
-41
-90
9
20
1
74
17
4
47
-35
1
22
-32
79
19
-79
4
15
-7
-23
-40
12
53
-22
-37
17
-43
-44
20
35
62
8
-23
21
6
4
-30
-22
-25
4
11
-10
89
-32
-58
89
19
-23
-27
5
26
-3
19
19
-116
-25
41
-27
-22
-4
62
-29
-8
114
-55
-37
38
2
-38
-37
26
38
-53
-19
89
12
-17
-21
1
23
-26
-15
-41
0
42
25
24
-28
-20
59
13
-53
38
-53
-61
82
-11
-47
2
24
30
12
-15
-45
56
55
-72
-37
30
12
26
-17
15
-69
-37
119
-40
-70
52
73
6
-24
78
-17
-99
-19
34
5
-54
-58
61
56
-81
24
29
0
23
5
25
-35
-20
21
-27
-39
41
-4
-99
47
81
-52
-37
33
58
-15
0
66
19
-12
-16
-29
29
-49
-74
4
56
-33
-53
93
3
-4
42
1
5
-56
4
14
-32
12
-34
6
79
-13
-39
33
5
-34
9
28
-61
0
-3
3
11
-47
20
-29
38
23
-43
75
0
-47
39
71
-53
-51
31
3
2
-27
-24
24
-32
-4
13
-50
40
1
32
63
-51
17
13
37
0
-83
-22
57
24
-105
-2
57
-7
13
-4
5
-1
-8
13
-15
4
-14
-26
27
42
5
-93
52
60
-62
33
-25
-10
12
-1
47
-43
9
-5
-27
30
-34
9
16
-50
-7
60
13
-74
61
53
-69
1
6
16
38
8
-20
-39
4
-5
13
-37
-31
56
-43
3
77
0
-43
6
91
-35
-71
0
3
3
-40
-41
9
60
80
-56
-24
128
-38
-75
56
-40
-38
0
-23
-36
41
48
-87
20
36
18
46
11
36
-57
14
33
-79
-8
-29
0
33
11
-10
-33
-9
48
71
-71
-73
66
36
-75
-58
116
85
-58
-19
29
-61
-27
1
-71
88
142
-45
-89
-42
-6
7
16
41
17
-31
79
4
-144
78
65
-114
25
-7
-147
46
180
-29
-37
93
-72
-50
155
-33
-123
61
-34
-51
64
-50
19
71
-96
23
125
-2
-38
-46
12
14
-135
29
94
-25
116
-28
-109
140
-36
-195
-29
20
75
102
-63
-78
134
7
-54
69
-26
57
6
-102
146
-158
-204
173
-33
-70
132
-6
-41
45
123
-98
-97
175
-3
-170
142
79
-218
49
215
-294
2
287
-266
-91
218
-56
-23
-29
52
23
-9
126
-129
-20
165
-242
31
200
-156
4
178
-60
-157
55
5
-98
3
160
-36
-34
128
-90
-147
117
-20
-109
42
-71
-129
148
111
-113
85
258
37
-163
-18
134
-79
-119
29
-84
139
-159
-235
275
215
-121
13
118
32
-98
-151
-53
-79
-23
-40
-79
267
151
-231
122
162
-135
2
107
-32
33
0
-147
-77
188
-110
-127
69
103
23
-199
94
96
-188
129
9
-121
378
-56
-319
254
-49
-292
152
9
-108
97
34
-4
106
-23
-120
92
13
-229
125
197
-159
-17
105
-17
-146
-6
198
-11
-52
67
-126
25
96
-90
-55
17
54
-4
20
169
-282
-121
282
-275
-30
364
-209
-106
225
92
-203
13
174
60
-75
11
-18
-18
-18
-259
-12
226
-43
-281
150
220
-192
-38
58
183
75
-146
55
-3
-78
93
-92
-71
100
-166
-15
216
-3
-62
-19
40
70
-99
-18
86
100
-155
-122
156
-40
-88
52
119
-100
92
52
-213
38
160
-98
-81
137
-103
8
51
58
111
-228
-36
79
-33
18
-17
-59
155
18
-170
30
96
21
61
-48
-61
52
-130
-138
49
91
13
-99
14
328
5
-190
217
9
-173
-100
-127
113
-73
-264
121
157
65
83
-142
125
299
-136
-29
106
-131
0
-139
-86
90
-167
28
195
-73
149
235
-253
43
172
-153
-154
-157
-67
-10
-141
12
64
-5
148
114
11
76
-53
0
174
-19
-78
87
42
-44
-56
44
46
-54
-62
52
-32
-161
-164
-99
59
78
17
66
158
192
94
-178
-162
23
-10
-125
-170
32
200
-48
-68
180
96
11
-48
-59
112
-28
-214
23
75
-22
24
19
140
39
-143
95
-12
-193
41
54
-85
37
49
-92
-67
22
-56
-86
-8
91
40
63
90
-44
75
150
-88
-18
121
-30
-59
35
-34
-34
0
-18
-47
-26
36
0
-85
50
72
-67
-14
21
-116
-111
-46
1
58
75
121
66
29
94
-92
-117
112
8
-127
44
72
-19
1
23
-10
-56
-41
-46
-88
67
121
-3
2
-2
-25
105
72
-113
-87
71
52
-109
-100
63
53
-44
-10
24
23
16
-67
-83
-3
-16
-21
72
82
16
7
54
33
-63
-24
58
-11
-66
-28
10
30
-43
-62
79
129
53
5
-21
-12
-20
-46
-2
26
-25
-70
-42
55
52
-48
-44
-15
-37
31
47
-41
-44
-23
-11
52
43
-4
-5
-32
-13
55
54
35
21
14
51
28
-18
7
13
-25
-56
-55
1
21
-30
-12
27
2
-27
-14
9
-11
-49
3
42
-2
-6
24
-1
-25
-25
-19
-16
-21
7
38
19
9
46
66
23
-36
-25
5
-28
-70
-32
21
18
-6
11
43
29
-5
-7
9
8
-19
-40
-18
22
28
0
5
24
-9
-40
-6
23
3
-27
-22
14
35
7
-15
0
12
-6
-22
-10
5
7
0
5
12
-5
-14
0
3
-2
12
19
1
3
21
3
-34
-24
3
0
-12
-4
28
28
-20
-14
39
5
-44
-28
-12
-5
-6
-21
3
31
21
11
-8
-15
-2
-9
13
10
-36
67
104
-101
-52
153
-26
-167
69
115
-73
-33
78
-8
-63
0
-19
-28
36
-11
-39
51
7
-37
45
-10
-67
43
22
-69
11
61
-7
-35
11
49
-4
-59
0
39
-2
-25
-6
32
23
-40
-22
49
31
-27
-29
23
22
-38
-37
1
0
7
12
16
31
12
-1
3
-11
-11
-7
-27
-16
9
14
6
3
14
2
-17
0
9
-6
-10
-1
18
4
-29
0
21
-16
-10
18
5
0
7
-1
-4
-4
-8
0
6
-2
0
6
-1
9
11
-15
-4
19
-8
-24
0
5
-5
-3
4
13
12
0
-3
2
6
-6
-20
-11
7
3
-11
-4
22
18
-5
2
16
-1
-18
-9
-4
-10
-5
9
9
2
12
9
-6
-2
0
-12
-13
-8
-1
4
-1
1
14
11
3
5
5
-2
-8
-12
-9
-5
-3
0
7
13
13
8
2
-2
-4
-6
-13
-12
0
3
-1
-2
5
6
2
2
0
0
6
2
-4
0
1
0
-3
-5
-2
0
0
-1
1
5
5
0
0
-2
-3
0
-3
-2
1
2
3
1
0
2
5
0
-4
-2
0
0
0
-3
-3
3
3
-2
-1
4
3
-1
-1
0
0
0
-1
0
0
-1
1
0
0
0
2
1
0
0
0
-1
-3
-1
-1
0
1
2
0
0
1
2
-1
-2
0
1
0
0
0
0
-1
0
0
0
0
0
0
0
0
0
-1
-2
-2
0
0
0
2
2
1
0
0
0
0
0
-1
-3
-1
0
0
0
0
1
1
0
1
2
2
3
0
0
-1
-3
-1
-2
-3
-2
-1
0
2
0
0
2
2
0
0
-1
-1
0
0
-1
-1
-1
0
0
1
2
3
1
0
0
-1
-1
-1
-2
-2
-1
0
1
0
0
1
1
0
0
0
1
0
-1
-1
-1
0
0
0
0
-1
-1
-1
-1
0
0
0
0
0
0
0
0
0
1
1
1
0
0
-1
0
0
0
-1
0
0
0
0
2
0
0
-1
-1
0
0
0
-1
-2
0
1
0
0
0
2
0
0
-1
0
0
0
0
-1
0
0
0
0
0
0
1
0
0
0
0
0
0
0
0
0
0
0
0
0
0
1
0
0
0
0
-1
0
0
0
0
0
-1
1
0
0
0
0
0
-1
0
0
0
0
-1
-1
0
0
0
0
1
1
1
0
0
-2
0
0
-1
0
0
0
-1
-1
-1
0
0
0
0
0
0
0
0
0
1
0
0
1
0
0
0
0
0
0
0
0
0
0
0
0
1
1
0
0
0
0
0
0
0
0
1
0
0
0
0
0
-1
-1
0
1
0
1
1
0
0
0
0
0
0
0
0
-1
-1
0
0
0
0
0
0
0
0
0
1
-1
0
0
0
0
1
0
0
0
0
0
0
0
-1
0
0
0
-1
0
0
0
-1
0
0
0
0
0
0
0
0
0
0
1
0
0
0
0
0
0
0
0
0
0
0
0
0
0
0
1
0
0
0
0
1
0
0
-1
1
0
0
0
0
-1
0
0
-1
0
0
0
0
0
0
0
0
0
0
-1
0
0
0
0
0
0
0
0
0
0
0
0
0
0
0
1
0
0
0
1
0
0
0
0
0
0
1
0
0
0
0
0
0
0
0
-1
0
0
0
0
0
-1
0
0
0
0
0
0
-1
0
-1
0
-1
0
0
-1
0
0
0
0
0
0
0
1
0
0
0
0
0
0
0
0
0
0
0
1
2
2
1
0
0
0
0
0
1
0
-2
0
0
0
0
0
0
1
0
0
-1
0
0
0
1
0
-1
0
0
2
1
0
0
0
0
1
1
0
0
0
0
0
0
0
0
-1
-1
0
-1
0
0
-1
0
0
-1
0
0
0
0
0
0
1
1
-1
0
0
0
1
1
0
0
0
0
0
1
0
0
0
0
0
0
0
0
0
0
0
0
0
0
0
0
0
0
0
0
0
0
0
0
0
0
0
0
-1
-1
-1
0
0
0
0
0
0
0
0
0
0
0
0
0
0
1
0
0
1
1
1
1
0
1
1
2
0
0
1
0
-1
1
0
0
0
0
0
0
-2
0
-2
-1
0
-2
0
0
-2
-2
-1
0
-1
0
1
0
0
0
0
0
0
0
0
0
0
1
1
1
0
0
1
0
0
0
-1
1
0
0
0
0
-1
-1
0
-1
0
0
0
0
-1
-1
-1
0
0
0
0
0
0
1
0
0
0
0
0
0
0
0
0
1
0
1
0
0
-1
0
1
0
1
0
0
1
0
0
0
0
-1
0
0
0
0
-1
0
0
-1
0
0
0
0
0
0
0
0
0
0
1
1
0
0
-1
0
0
0
0
0
0
0
0
-1
-1
0
0
-2
0
0
0
1
0
0
0
-2
0
1
0
1
0
0
0
0
0
1
1
-1
0
0
0
0
-1
0
0
0
0
-1
0
0
0
0
0
0
0
0
0
0
0
0
0
0
1
1
0
-1
0
0
0
0
0
0
-1
-1
0
0
0
-1
0
0
0
0
0
0
0
0
0
-1
0
-1
-1
-1
0
0
0
2
1
0
0
1
0
-1
0
0
0
-1
-1
1
1
0
0
0
0
1
0
0
0
-1
0
-1
-1
1
0
0
0
0
0
0
0
0
0
0
0
-1
0
0
0
0
0
0
0
0
0
0
1
0
0
0
0
0
0
1
0
-1
0
0
0
0
0
0
0
-1
-1
0
0
1
0
0
0
0
0
0
0
1
0
1
0
-1
0
0
0
0
1
-1
0
0
0
0
0
0
-2
0
0
0
0
-1
0
0
0
0
0
0
-1
0
1
0
0
0
0
1
2
0
0
0
1
0
0
0
0
0
0
0
1
0
0
0
0
0
0
0
0
0
0
-1
-1
-1
-1
-1
0
0
0
-1
-1
-1
0
-2
-1
-1
0
0
0
2
1
1
0
2
1
0
0
1
2
1
0
1
0
2
1
1
0
0
0
0
0
0
-1
0
0
0
-1
-2
0
0
0
-1
0
0
0
0
0
-1
-1
0
0
-1
0
0
0
1
0
0
0
0
1
0
1
0
0
1
1
1
0
1
0
0
1
0
0
0
0
0
0
0
-2
0
0
0
0
-1
0
0
0
0
0
0
0
0
0
0
0
0
0
0
0
0
0
0
1
0
0
0
0
0
0
0
0
-1
0
-1
0
0
-1
0
0
0
0
0
0
0
0
1
0
0
0
0
0
0
0
0
0
0
0
0
1
-1
0
0
-1
0
0
0
-1
0
0
0
0
1
0
0
0
0
0
-1
0
-1
0
0
0
-1
0
0
0
0
0
0
0
1
0
0
0
0
0
1
1
0
-1
0
0
0
0
0
0
1
0
0
0
0
1
0
0
0
1
1
0
0
0
-2
0
0
0
0
-1
0
-1
0
0
-1
0
0
0
0
0
0
0
0
1
0
0
0
0
0
0
0
0
0
0
0
0
0
0
0
0
0
0
0
-1
0
0
0
0
0
-1
0
0
0
0
1
0
0
1
0
0
0
0
0
-1
-1
0
-1
0
0
0
0
0
0
1
0
0
0
-1
0
0
-1
0
0
0
1
1
0
0
0
0
0
0
0
0
0
0
0
0
0
-1
0
0
-1
0
0
0
0
1
0
0
0
1
0
0
2
1
0
1
0
0
0
0
0
0
0
0
0
0
0
0
0
0
-1
-1
-1
0
0
-1
-1
-1
-1
0
0
0
0
0
0
0
0
0
0
1
-1
0
0
0
1
0
1
1
1
0
0
0
0
1
1
0
0
0
0
0
0
0
-1
0
0
0
0
0
0
0
0
-1
-1
-1
-1
0
0
0
0
0
-1
0
0
0
0
0
0
0
1
0
0
0
0
2
0
0
0
0
0
0
-1
0
0
0
0
0
0
0
0
0
0
1
0
0
0
-2
-2
0
0
0
0
0
0
0
-1
0
0
0
-1
0
0
0
0
1
0
-1
0
0
1
0
0
0
0
0
0
0
0
0
0
0
0
0
-1
-1
0
1
0
0
0
0
0
0
2
0
0
0
0
0
0
0
2
0
1
0
-1
1
0
0
0
-1
1
0
0
0
0
-1
0
-1
0
0
1
0
-1
0
0
0
0
0
2
0
-1
0
1
0
0
0
0
1
0
0
0
0
0
0
0
0
1
0
0
0
0
0
0
0
0
0
0
0
-2
0
0
-1
0
-1
0
0
0
0
1
0
0
0
0
0
0
0
0
0
-1
1
1
-1
0
0
0
0
1
0
0
0
0
0
1
0
0
-1
0
0
0
0
0
0
0
0
0
0
0
0
-1
0
0
0
0
0
0
0
0
0
0
0
0
0
0
1
0
0
0
0
1
0
0
0
0
0
0
0
0
-1
0
0
0
0
0
0
-1
0
0
-1
0
-1
0
0
0
0
0
1
1
0
0
-1
0
0
0
0
0
0
0
0
1
0
0
0
1
1
0
0
0
0
0
0
1
0
-1
0
0
-2
0
0
0
0
0
-1
0
0
0
0
1
2
1
0
1
1
0
0
0
0
0
0
-1
0
0
0
0
-1
0
0
-1
0
0
0
0
0
0
0
0
0
0
-1
0
0
0
0
0
0
0
0
0
0
0
0
0
-1
0
0
0
0
1
0
0
0
0
0
0
0
0
1
0
0
0
0
0
0
0
0
0
-1
-1
0
0
0
0
0
-1
0
0
0
0
0
0
-1
0
0
0
1
-1
0
0
0
0
-1
0
0
1
0
0
0
0
1
0
0
0
0
0
0
0
0
0
0
0
0
1
0
-1
0
0
0
-1
0
0
0
0
0
0
0
0
0
0
0
-1
1
0
0
0
1
1
0
0
1
0
0
1
0
0
1
0
0
0
-2
0
0
0
0
0
0
0
0
0
0
1
0
0
1
1
1
0
-1
0
0
0
0
-1
0
1
0
0
0
-1
0
0
0
0
0
0
0
0
1
0
0
-1
0
0
0
0
1
0
0
0
-1
0
0
0
1
-1
-1
0
0
1
0
-1
0
0
0
0
0
0
0
0
0
1
1
0
-1
0
0
0
0
0
0
0
0
1
1
0
0
0
0
0
0
0
0
0
0
0
0
0
0
-2
-1
0
0
0
0
0
0
0
1
0
-1
0
0
0
-2
0
0
0
-1
0
1
0
0
-1
0
1
0
0
0
0
-1
0
0
1
1
0
0
-2
-1
0
0
0
0
0
0
0
0
0
0
0
0
0
0
0
0
0
0
0
0
0
0
0
0
0
0
0
0
0
0
-1
0
0
0
-1
0
0
0
0
0
0
0
0
0
1
0
0
0
0
0
0
0
0
0
0
0
0
0
0
0
0
0
0
0
0
0
0
0
-1
0
0
0
2
0
0
0
0
0
0
0
0
0
0
0
0
0
0
0
1
0
0
-1
-1
0
0
0
0
-1
0
1
0
-2
0
0
1
0
0
0
0
0
0
0
1
1
-1
-1
0
1
0
0
0
0
1
0
0
0
0
-1
0
1
0
0
-1
0
0
0
0
-2
0
0
0
2
-2
-1
-1
-1
0
0
0
0
0
0
0
-1
0
0
0
1
1
1
1
0
0
0
0
0
0
0
0
0
-1
0
0
0
0
0
0
0
0
0
0
-1
0
0
-1
0
0
0
0
0
1
0
0
0
0
-1
-1
0
0
0
2
0
0
1
0
0
0
1
1
0
0
0
0
0
-1
0
0
0
0
0
1
0
0
-1
0
1
0
0
0
0
0
-1
0
0
1
0
0
0
0
0
0
0
0
0
0
0
0
0
0
0
0
0
0
0
0
-1
0
0
0
0
1
1
0
0
0
0
0
0
0
0
0
0
-1
0
0
2
1
0
0
-1
0
0
0
1
0
0
0
0
0
0
0
0
-1
-1
-1
0
1
0
0
0
0
0
0
1
0
0
0
0
0
0
0
0
1
1
0
0
0
-1
0
0
2
0
0
0
0
-1
0
-1
0
0
0
1
0
0
0
0
0
-1
2
-1
0
0
0
1
0
0
0
0
0
0
-1
0
0
0
0
0
0
0
0
0
0
0
0
1
0
0
0
0
-1
0
0
0
0
0
0
0
1
0
0
0
0
0
0
0
0
1
0
-1
0
0
-1
0
0
0
1
0
0
0
0
0
0
0
0
0
0
0
0
0
0
0
-2
0
0
0
0
1
1
0
0
0
0
0
0
-1
0
1
1
1
0
0
0
0
0
-1
1
0
0
0
0
0
0
0
0
-1
-1
0
0
0
0
0
0
0
0
0
0
0
0
0
1
0
0
1
1
-1
0
1
1
0
0
0
0
1
1
0
0
0
0
0
0
0
0
-1
0
0
-1
0
0
1
0
-1
0
0
0
0
0
0
1
0
-1
0
1
0
0
0
0
0
0
0
0
0
0
1
0
0
0
0
0
0
0
0
0
0
0
0
-1
-1
0
0
0
0
0
0
0
0
0
0
0
0
0
0
0
0
0
0
0
1
0
0
0
0
0
0
0
0
0
0
0
0
0
0
0
0
0
0
0
0
0
0
0
0
0
-1
0
1
0
0
0
0
0
0
0
-1
-1
-1
0
-1
0
0
0
0
0
0
0
0
0
0
1
0
0
0
0
0
0
1
0
0
0
1
0
-1
0
0
0
-1
0
-1
-1
0
0
0
0
0
0
0
0
1
0
0
-1
0
0
0
1
0
0
0
0
0
0
0
0
0
0
0
0
0
0
0
0
0
1
0
0
0
0
0
0
0
0
0
-1
0
2
3
2
0
0
0
0
0
-1
-1
1
0
0
-2
-1
0
0
0
0
0
-1
-1
0
0
0
1
0
-1
-2
0
0
1
1
1
0
1
0
0
-1
0
0
0
0
0
0
0
0
0
0
0
0
0
0
0
0
1
1
0
1
1
-1
0
0
0
0
0
1
0
0
1
0
0
1
0
0
0
0
-1
0
-1
-1
0
1
0
0
0
0
0
0
0
0
0
0
0
0
1
0
0
0
0
0
0
0
1
0
0
0
0
0
1
0
0
-1
0
0
0
0
0
-1
0
-1
-2
0
0
1
0
0
0
0
0
0
1
0
-1
-2
0
1
0
0
0
0
0
0
0
1
0
0
0
0
0
0
1
0
0
0
0
1
1
1
1
0
0
0
-1
0
0
0
0
-2
-1
-1
-1
-1
-2
-2
0
0
-2
0
0
0
0
0
0
0
1
1
0
0
1
1
1
2
2
1
2
1
2
2
1
1
1
1
0
0
0
0
0
-2
-1
0
-1
-1
-1
-2
-2
-2
-1
-1
-2
-2
-2
0
-1
0
0
-1
-1
-1
0
0
1
0
1
1
2
2
3
2
2
2
1
2
2
1
2
0
1
1
0
1
0
0
0
0
-1
-2
-1
-2
-3
-2
-3
-3
-2
-1
-2
-2
-1
0
0
0
-1
-1
0
0
1
2
1
1
2
1
2
2
1
1
2
2
3
1
1
2
0
1
1
0
0
1
0
0
-1
0
0
-1
0
-1
-1
-2
-1
-1
-2
-3
-2
-2
-2
0
-1
-2
0
0
0
0
0
0
0
0
1
0
1
1
0
0
0
1
1
2
1
1
0
0
0
0
0
0
0
-1
0
-1
0
0
-1
-1
0
0
-1
-1
-1
0
-1
0
0
0
0
0
0
0
1
1
0
0
1
0
0
0
0
0
0
0
0
0
0
0
0
0
0
0
0
0
0
0
0
0
0
-1
1
0
0
0
0
0
0
0
0
0
0
0
-1
0
0
0
0
0
-1
0
0
0
0
-1
0
-1
0
1
0
0
0
1
0
0
0
0
0
0
-1
0
0
0
0
0
1
0
0
0
1
0
0
0
0
0
1
1
0
0
0
0
0
0
0
0
0
0
0
0
0
0
-1
2
0
0
0
0
0
0
0
0
0
0
0
0
0
0
0
-1
0
0
0
0
0
-1
1
0
0
0
0
2
0
0
0
0
0
0
-1
0
1
0
0
0
-1
0
0
0
0
-1
0
0
0
0
-1
-1
0
1
0
0
0
0
1
1
0
0
0
0
0
1
0
0
0
0
0
0
0
0
0
0
1
0
-2
0
-1
0
0
0
0
-1
0
0
0
0
0
-1
0
0
0
0
-1
0
0
0
0
0
0
-1
0
0
0
0
1
0
0
2
1
-1
0
0
1
0
0
0
0
0
0
0
0
1
-1
-1
-1
0
0
0
0
0
-1
0
0
1
-1
-1
0
0
0
0
0
0
0
1
0
0
0
0
0
0
0
0
0
0
2
0
0
0
1
1
1
1
0
0
1
2
-1
0
0
-1
0
0
0
0
0
0
0
-1
-1
0
0
0
0
0
0
0
0
1
0
0
0
0
0
0
0
0
0
-1
1
0
1
0
0
0
0
0
0
0
0
0
1
0
0
0
0
0
0
0
0
0
0
2
2
0
0
0
0
0
-1
0
-1
-2
0
0
0
-1
0
0
-1
0
0
0
0
0
0
0
0
0
0
0
1
2
0
-1
0
-1
0
0
-1
0
0
0
-1
0
0
-2
-2
0
1
1
1
0
0
0
0
0
0
1
1
0
0
0
0
1
0
0
0
0
-1
1
0
0
0
0
0
-1
0
0
-1
0
1
-1
0
0
-2
0
0
0
0
-1
1
0
-1
0
1
0
0
1
1
0
0
0
0
0
0
0
0
-1
0
0
0
0
0
0
0
0
0
-1
0
0
0
0
0
-1
0
1
1
0
0
0
0
0
0
1
0
0
0
0
-1
0
0
-1
-1
0
0
0
1
0
0
0
2
0
0
0
0
1
0
0
-1
0
0
0
0
0
0
0
1
0
0
0
0
1
-1
-1
0
0
0
0
0
0
0
0
0
1
0
0
0
0
0
0
-1
0
0
0
0
0
0
0
0
0
0
0
0
0
-1
0
1
0
1
0
0
0
1
0
-1
1
0
0
0
0
0
0
0
-1
-1
0
0
0
1
0
1
-1
0
0
0
0
1
0
0
1
2
1
-1
-1
0
0
0
0
0
0
0
0
0
0
0
1
0
-1
-1
0
0
0
0
-1
-1
0
1
1
1
1
0
0
0
1
0
0
0
0
1
1
1
-1
-1
0
0
0
1
-1
-1
-1
0
0
0
-1
0
0
0
0
0
0
0
0
0
1
0
0
1
1
0
0
0
0
0
-1
0
-1
0
0
0
0
0
0
0
-1
0
0
0
1
-1
0
0
0
0
0
0
1
1
-1
0
0
0
0
0
0
0
0
0
0
0
0
0
-1
-1
0
0
0
0
0
0
0
0
1
0
0
0
0
0
-1
1
0
0
0
-1
0
1
0
0
-1
0
0
0
1
0
0
0
0
0
0
0
0
-2
0
0
0
0
0
0
0
0
1
0
-1
-1
0
0
0
0
0
0
0
0
0
0
0
0
1
1
0
0
0
0
0
1
0
0
0
0
0
0
0
-1
-1
0
0
0
0
1
0
0
0
0
0
0
-1
0
0
1
0
0
1
0
0
-1
-1
-2
0
-1
0
0
0
0
0
0
0
0
1
0
2
0
0
0
1
2
1
0
-1
-1
0
1
0
0
-1
0
0
0
-1
0
0
-1
0
0
0
0
0
1
0
0
1
1
1
-1
0
0
-1
0
0
-1
0
0
0
0
0
0
0
0
0
0
0
0
0
0
0
0
0
0
0
1
0
0
0
0
0
0
0
0
-1
-1
0
0
0
0
0
-1
0
1
0
0
0
0
0
1
0
0
1
0
1
1
0
0
-1
0
0
0
0
-2
0
0
0
0
-1
0
0
0
0
-1
0
0
0
0
0
0
0
0
0
0
-1
0
0
0
0
0
0
0
0
1
0
0
1
1
-1
1
1
0
1
0
0
0
0
0
0
-1
0
0
0
0
1
0
0
0
1
0
0
0
0
0
0
-1
0
0
0
-1
-1
0
1
-1
0
0
0
2
0
-1
0
0
0
1
0
0
0
0
1
0
-1
0
0
-1
0
1
0
-1
0
2
0
0
0
0
0
0
0
0
0
1
0
0
0
0
0
0
-1
0
0
0
0
0
0
1
0
1
0
-1
0
0
0
0
0
0
0
0
0
0
0
0
0
0
1
0
0
0
0
0
0
0
0
-1
-1
0
0
0
0
0
0
0
0
0
0
0
0
1
0
-1
0
0
0
0
0
0
0
1
-1
0
0
-1
0
0
0
0
0
0
0
1
0
0
0
0
1
0
0
0
-1
0
0
0
0
0
0
1
0
-1
0
0
1
0
0
0
0
0
0
0
0
0
0
0
0
0
0
0
0
0
0
0
0
0
0
-1
0
0
1
1
0
2
1
0
0
0
-1
0
0
0
0
0
1
0
0
0
0
-1
0
1
0
0
0
0
-1
0
0
0
-1
-1
-1
0
0
0
0
0
0
0
0
0
0
1
0
0
1
0
0
0
0
0
0
0
0
0
0
1
1
0
0
0
-1
0
0
0
0
0
1
0
0
0
0
0
-1
0
0
0
0
0
0
0
0
0
0
1
0
0
0
0
0
0
0
0
0
0
0
0
0
0
1
0
0
1
1
0
0
-1
0
0
0
0
0
0
-1
0
0
0
0
0
0
0
-1
0
0
0
-1
0
1
0
-1
0
0
0
0
0
0
0
0
1
1
0
0
0
0
0
-1
0
0
0
1
1
1
0
-1
1
0
0
-1
0
0
0
0
0
0
0
1
-1
-1
0
-1
0
0
0
1
0
-1
0
0
1
0
0
0
0
0
0
0
1
0
0
0
0
0
0
0
0
-1
-1
0
0
1
0
0
0
0
0
0
0
0
0
0
0
0
1
1
1
0
0
0
-1
0
1
0
0
-2
-2
1
0
0
-1
-1
0
0
0
-1
0
1
0
0
1
0
0
0
1
1
0
0
0
0
0
0
0
0
0
-1
0
0
0
0
0
0
0
0
0
0
0
0
0
0
0
0
0
0
0
0
0
0
0
0
0
0
0
0
0
0
0
0
0
1
1
0
0
0
0
0
0
0
0
-1
0
0
-1
0
0
0
1
0
0
0
1
0
0
0
0
0
1
0
0
0
0
0
-1
-1
0
0
0
0
0
0
0
0
0
0
1
0
0
0
0
0
0
0
0
-1
0
0
0
1
0
0
0
0
0
0
0
0
1
0
0
0
0
0
0
0
0
0
0
0
0
0
0
0
1
0
0
-1
-1
1
0
1
0
0
0
0
0
1
0
0
0
1
0
0
0
0
0
0
0
0
-1
0
0
0
0
0
1
0
-2
-1
0
1
0
-2
0
0
0
1
0
0
0
0
0
0
0
0
0
0
0
0
0
0
0
0
0
0
0
0
0
-1
0
0
0
-1
0
0
0
-1
0
0
-1
0
0
0
0
0
0
-1
-1
0
0
0
1
0
0
0
0
0
0
1
0
0
0
-1
0
1
0
1
0
1
1
0
-1
0
0
0
0
0
0
-1
0
0
1
0
0
0
-1
0
0
0
0
0
-1
0
0
1
0
0
1
0
0
0
0
0
1
0
-3
-1
0
-1
0
1
0
0
0
0
0
0
0
0
0
0
0
0
0
0
0
0
0
0
0
1
1
0
0
0
-1
0
0
0
0
0
0
-1
1
0
0
1
0
0
0
1
1
0
0
0
0
0
0
0
0
0
0
1
0
0
0
0
0
0
0
1
0
0
0
-1
0
0
-1
0
0
0
-1
0
0
0
0
1
0
1
1
0
1
0
0
0
-1
0
0
1
0
0
0
1
0
0
0
0
0
0
-1
0
0
0
0
0
0
0
1
0
0
0
0
1
0
0
0
0
0
-1
0
0
0
0
0
1
0
0
1
0
0
0
0
0
0
0
0
0
0
0
0
0
2
0
0
0
0
0
0
0
0
0
0
0
0
1
1
0
0
0
0
0
0
0
0
0
0
-1
0
0
0
1
0
0
0
0
0
0
0
0
0
1
0
0
0
-1
0
1
0
0
0
0
0
0
-1
0
0
0
0
-1
-1
0
0
0
0
0
0
0
0
1
0
0
0
0
0
-1
0
0
0
0
0
0
0
0
0
0
0
0
0
0
1
0
0
0
0
0
0
0
0
0
0
0
0
0
-1
0
0
0
0
0
0
0
0
0
1
0
0
0
0
0
0
0
0
0
0
0
0
0
0
-1
0
0
0
-1
0
1
0
0
0
0
1
1
0
1
0
0
-1
0
0
0
0
0
0
0
-1
-1
0
0
0
0
0
0
0
1
0
0
1
0
0
1
0
-1
-1
0
0
0
0
0
0
0
0
1
0
0
-1
0
0
0
0
0
0
0
0
0
0
0
1
0
0
1
0
-1
0
0
-1
0
0
0
0
0
0
0
0
0
1
0
0
0
-1
0
-1
0
0
0
0
-1
0
0
1
1
0
0
0
0
0
0
0
0
0
0
0
0
0
1
0
-1
0
0
0
-1
0
0
0
1
0
0
0
0
1
0
0
0
0
0
0
0
0
0
0
0
0
0
0
0
0
0
0
0
0
0
-1
0
0
0
0
0
0
-1
0
0
0
0
2
1
0
0
1
0
0
2
0
0
0
0
0
0
0
0
0
0
-1
0
0
0
0
0
0
0
0
0
0
0
0
0
0
0
0
1
0
0
0
0
0
0
1
0
1
0
-1
0
0
1
0
0
0
0
-1
0
0
0
-1
-1
0
0
0
-1
-1
0
0
0
0
0
0
0
0
0
1
0
0
-1
0
0
0
0
-1
1
1
1
0
0
0
0
1
0
0
0
0
-1
0
0
1
0
0
0
0
0
-1
0
0
0
0
0
0
0
0
-1
0
0
-2
0
1
1
0
0
0
0
0
0
0
0
0
0
0
0
0
-1
0
0
1
0
0
-1
0
0
0
0
0
0
0
0
0
0
0
0
0
0
0
0
0
0
0
0
0
0
0
0
0
0
0
0
0
0
0
0
0
0
0
0
0
0
0
0
0
0
0
0
0
0
0
0
0
0
1
-1
0
0
0
-1
0
0
0
0
-1
0
0
0
0
0
1
0
0
0
0
0
0
0
1
0
-1
0
0
0
0
0
0
0
0
0
0
0
0
0
0
0
0
0
0
1
0
0
0
-2
-1
0
1
0
0
0
0
0
0
0
0
-1
0
0
0
1
0
0
0
0
0
0
0
0
1
0
1
0
0
1
0
0
0
0
0
0
0
-1
0
-1
0
0
0
0
0
-1
-1
0
0
0
0
0
0
0
0
0
0
0
0
0
1
0
0
0
0
0
-1
0
0
0
0
1
0
0
0
0
0
0
0
-1
1
0
-1
0
0
0
0
0
0
0
0
0
-1
0
0
0
0
1
0
0
0
0
0
0
0
0
-1
0
0
0
0
0
0
0
1
1
1
0
0
-1
-1
0
0
-1
0
0
0
0
0
0
0
0
0
0
2
1
0
0
0
1
0
0
0
0
0
1
1
0
0
0
-1
0
0
0
0
0
0
0
0
0
0
0
0
0
0
0
-1
0
0
0
-1
0
0
0
0
0
1
1
0
0
1
0
0
0
0
0
0
0
0
0
0
0
0
0
0
0
0
0
0
-1
0
0
0
-1
-1
0
0
0
0
0
0
0
0
0
1
1
0
0
-1
0
-1
-1
0
0
0
0
0
0
0
0
0
0
0
0
0
0
0
0
0
0
0
0
0
0
0
0
0
-1
0
0
0
0
0
-1
0
0
0
0
0
0
0
0
0
0
0
-1
0
-1
0
0
0
0
0
-1
-1
0
0
0
0
0
0
0
0
0
-1
0
0
1
0
0
0
0
0
0
0
0
0
0
0
0
0
0
0
0
0
0
1
0
-1
0
0
1
0
0
0
0
0
0
0
0
0
0
0
0
0
-1
0
0
0
0
1
0
0
0
0
0
0
0
0
0
1
0
0
0
-1
0
1
0
0
0
0
-1
0
0
0
0
0
0
0
1
1
0
1
1
0
0
0
0
0
-1
0
0
0
0
-1
-2
0
0
-1
0
0
0
0
0
0
0
0
0
0
0
0
0
0
0
0
0
0
0
0
0
0
1
0
0
1
1
0
0
0
0
0
0
0
0
1
-1
-1
0
0
1
0
0
0
0
0
0
0
0
0
0
0
0
0
0
0
0
0
0
0
0
0
0
0
0
0
0
1
0
0
0
0
1
0
0
0
-1
-1
0
1
0
0
0
0
0
0
0
1
0
1
0
0
0
0
0
0
0
0
0
0
0
0
1
0
0
0
0
0
0
-1
0
1
0
-1
0
0
0
0
0
-1
0
1
0
0
0
-1
0
0
0
0
0
0
0
0
0
0
-1
0
0
-1
0
1
-1
0
0
0
0
0
1
0
0
0
0
-1
0
1
0
0
0
0
0
0
-2
-1
0
0
0
0
1
0
1
0
0
0
0
0
0
0
0
0
0
0
0
0
0
0
0
-1
0
0
0
0
0
0
-1
0
-1
-1
0
0
0
2
0
0
0
0
0
0
0
0
0
0
0
0
0
0
0
0
0
0
0
-1
0
0
-1
-1
0
-1
0
0
0
0
0
0
0
0
0
0
-1
0
0
0
0
0
0
0
0
0
0
0
0
0
0
0
0
0
-1
0
0
-1
0
0
0
0
-1
0
0
1
0
1
1
0
0
0
0
0
0
0
0
0
0
1
0
0
-1
0
0
-3
-1
0
0
1
1
0
-1
0
-1
-1
0
0
0
0
0
0
-1
-1
0
-1
0
0
0
0
1
0
0
0
0
0
0
0
1
1
0
0
1
0
1
0
-2
0
0
0
-1
-1
0
0
0
0
-1
0
0
-1
-1
0
0
0
1
0
0
0
0
0
-1
0
0
0
0
0
0
0
0
0
0
0
0
0
0
0
-1
1
0
0
2
0
0
1
0
0
-1
0
0
0
0
0
1
0
-1
0
0
-1
0
1
0
0
0
0
0
-1
0
0
0
-1
0
0
1
0
0
0
0
0
0
0
1
0
0
0
0
0
0
0
-1
0
1
1
0
0
0
0
0
0
0
0
0
0
-3
0
0
-1
0
0
0
0
0
1
0
0
0
0
0
0
1
1
0
0
0
0
0
0
0
0
0
0
0
0
-1
0
0
0
0
0
0
0
0
0
0
0
0
0
0
-1
0
0
1
1
0
0
0
-1
-1
0
0
0
0
-1
0
1
0
0
0
0
0
0
1
0
0
0
0
0
0
0
0
-1
0
2
0
0
0
-1
-1
0
0
0
0
0
0
0
0
1
0
0
0
0
0
-1
1
0
-1
0
0
0
0
0
0
0
0
0
0
0
0
-1
1
1
0
0
0
0
0
0
-1
0
0
0
1
0
0
0
0
0
0
-1
0
0
1
0
0
0
0
0
0
0
0
0
1
0
0
0
0
0
0
1
0
0
0
0
0
1
0
0
0
0
-1
0
0
0
0
0
1
0
-1
0
0
0
1
0
0
-1
-1
0
0
0
0
0
0
0
0
0
0
0
0
0
0
0
0
0
0
-1
0
0
0
0
1
0
0
0
0
1
0
0
0
0
0
1
0
0
0
0
1
1
-1
0
0
0
0
-1
0
0
-1
0
0
0
0
0
0
0
0
1
0
0
0
0
0
0
-1
0
0
0
0
0
0
0
0
0
0
0
0
0
0
0
0
0
0
0
0
0
0
0
0
0
0
0
0
0
0
1
0
0
-1
0
0
0
1
0
0
1
0
0
0
0
0
0
0
0
0
-1
-1
0
0
0
0
-1
0
0
-1
0
1
0
0
3
1
-1
0
0
0
0
0
0
0
0
0
-1
-1
-1
0
0
0
0
0
0
1
0
0
1
0
0
0
0
0
0
1
0
0
0
1
0
-1
0
0
0
0
0
0
0
0
0
0
0
0
-1
0
-1
-1
-1
0
1
0
0
0
1
0
0
0
0
0
0
-1
0
0
0
0
0
1
0
0
0
0
0
0
0
-2
-1
0
0
1
0
0
1
0
0
0
0
-1
0
-1
0
0
0
0
-1
0
0
0
0
0
-1
0
0
1
1
1
0
0
0
0
1
0
0
0
0
0
0
1
0
0
0
0
0
0
-1
-2
-1
0
0
0
1
0
-1
0
0
0
0
0
0
0
0
1
0
0
0
1
1
0
1
0
0
0
0
0
0
0
-1
1
0
0
0
0
0
0
0
0
-1
0
0
0
0
0
0
0
0
-1
0
0
-1
-1
0
0
0
0
0
0
0
0
0
0
0
0
0
0
0
0
1
1
0
0
1
0
0
0
0
0
-1
-2
0
0
0
0
0
0
0
0
-1
0
1
0
0
0
0
0
-1
-1
0
0
1
0
0
0
0
1
1
0
0
0
-1
-1
0
1
1
0
-1
0
0
0
-1
0
0
0
0
0
0
0
0
0
0
0
0
0
0
0
0
0
0
0
0
1
2
0
1
0
1
2
0
0
1
0
0
0
-2
0
0
-1
-1
-2
-1
0
-1
-2
-2
-2
-2
0
-2
-2
-2
-1
0
-2
0
0
-1
-1
0
2
2
1
1
0
1
3
2
2
2
1
0
2
3
1
1
0
0
0
0
1
0
0
0
0
0
0
-1
0
-1
-1
0
-2
-1
0
-1
-2
-1
0
-2
0
-1
-1
-2
-1
0
0
0
0
0
1
1
2
2
1
1
1
1
2
0
0
0
0
1
0
-1
0
0
0
-1
-1
0
0
0
-1
0
0
0
0
0
0
0
0
1
1
0
0
0
0
0
-1
0
0
1
0
0
0
0
1
0
0
0
-1
1
0
-1
1
0
0
0
0
0
0
0
0
-1
-1
-1
-1
-1
0
-1
-2
0
0
0
0
0
1
2
4
4
4
3
3
4
1
2
3
1
0
0
-1
-2
-4
-5
-6
-6
-6
-3
-5
-5
-4
-4
-3
-1
0
1
4
3
4
5
4
6
6
5
5
4
2
2
1
1
1
-1
-1
-2
-3
-3
-3
-3
-2
-3
-2
-2
-2
-1
-1
-1
0
1
0
0
0
0
0
0
0
-1
0
-2
0
0
-2
0
-2
0
-1
0
2
1
2
2
3
4
4
5
3
3
3
3
3
2
0
0
1
0
0
-1
-1
-1
-2
-2
-1
-1
-1
0
-1
-2
0
0
0
0
0
0
0
0
0
0
0
0
1
-2
-1
0
0
-1
0
1
1
0
0
2
0
0
1
1
0
0
2
1
0
0
0
0
0
-1
-1
-2
-2
-1
-2
-1
0
-1
0
1
0
0
0
0
1
1
1
1
0
0
1
0
0
0
1
0
0
1
1
0
0
0
0
0
0
-2
-1
0
-1
-2
0
-1
0
0
0
0
0
0
0
-1
-1
-2
-1
-1
-1
0
0
1
0
1
1
1
2
1
2
1
0
1
1
0
0
1
0
-1
-1
0
1
0
-1
0
0
0
0
0
-1
0
0
0
0
-1
0
0
0
0
0
0
0
0
0
0
0
0
1
0
0
0
0
0
0
0
0
0
0
2
0
0
0
0
0
0
0
0
0
-1
0
0
0
0
0
0
1
0
1
0
0
0
1
0
0
0
0
0
-1
0
0
0
0
0
0
0
-1
0
-1
0
0
0
0
0
0
1
1
0
0
0
1
1
0
1
0
0
0
-1
0
0
0
-1
0
0
0
0
-1
0
0
0
0
0
-1
0
0
-1
0
1
1
1
0
0
0
0
0
0
0
0
0
0
1
1
-1
-1
0
0
0
0
0
1
0
1
0
0
0
0
0
0
0
-1
0
0
-2
0
0
-2
0
0
0
0
0
0
1
0
0
0
0
0
0
0
0
0
0
0
0
0
1
1
2
0
1
0
0
1
1
1
0
0
0
-1
0
0
0
0
0
-1
-1
0
-2
-1
-1
-2
0
-1
-1
-1
-2
-1
0
0
1
1
0
1
0
1
2
0
0
1
1
1
2
1
0
2
2
2
2
0
-1
1
0
1
2
0
0
-1
0
-1
-1
-1
-1
0
-1
-1
-1
-1
-1
-2
0
0
-1
0
-1
0
0
0
0
0
1
0
1
0
0
0
0
1
0
1
1
1
1
0
1
0
1
0
0
2
0
-1
0
0
-1
-1
-1
0
0
-2
-1
-1
-1
0
0
0
-1
-1
0
0
0
0
1
0
0
1
0
0
1
0
1
0
0
2
1
1
0
0
0
0
0
-1
0
0
-1
0
0
1
0
0
0
0
0
0
0
-1
0
-1
0
0
-1
0
0
0
-1
1
0
0
0
0
0
0
1
1
0
0
0
0
0
0
0
0
1
0
-1
0
0
-1
0
0
0
0
0
0
0
0
0
0
0
0
0
0
0
-2
0
1
0
0
0
0
0
1
0
1
-1
1
0
-2
0
0
-1
0
-1
0
0
0
0
1
1
0
0
1
0
2
0
0
0
0
1
0
0
-1
0
0
0
0
-1
-1
0
0
0
-1
0
1
0
0
0
1
0
0
0
1
-1
0
0
0
0
0
0
0
0
0
0
0
0
-1
-1
0
0
0
0
0
0
0
0
0
0
-1
0
1
1
0
2
1
0
0
2
0
-1
0
0
1
0
0
0
-1
0
0
0
0
0
1
0
-1
0
0
-2
-1
0
0
0
0
0
0
0
0
0
0
0
0
1
0
0
0
0
0
0
0
0
-1
0
0
0
0
0
0
0
1
0
0
-1
0
0
0
-1
0
0
0
0
0
0
0
1
0
0
0
0
-1
0
0
0
0
0
0
0
0
-1
0
0
0
0
0
0
0
0
0
0
0
-1
0
0
-1
0
0
0
0
0
-1
0
1
1
1
0
0
1
2
0
1
1
0
0
0
-1
0
0
0
-1
0
0
0
0
-1
0
0
0
0
1
0
0
0
0
-1
0
0
-1
0
0
-1
0
-1
0
0
0
0
0
1
0
0
0
0
0
0
0
0
0
0
0
0
0
0
0
1
1
0
0
0
0
0
0
0
0
0
-1
0
0
0
1
0
0
0
0
0
0
-1
-1
0
0
0
0
-1
0
0
0
1
0
0
2
1
1
1
0
1
1
0
-1
0
1
0
-2
-1
0
-1
0
0
-2
0
0
0
0
0
0
0
0
0
0
0
0
1
1
0
1
1
0
0
0
1
0
0
0
0
0
0
0
0
0
0
0
1
0
0
1
-1
0
0
1
0
0
0
-1
0
1
0
0
0
0
0
0
-1
1
1
0
1
0
0
0
0
0
0
0
0
0
-1
0
0
0
0
-1
0
0
0
0
0
0
0
1
-1
0
0
0
0
0
0
0
0
0
0
0
-1
0
0
0
0
0
0
1
0
0
0
0
1
0
0
0
0
0
0
0
0
0
0
1
0
0
1
0
0
0
0
0
-1
0
0
0
0
0
1
0
0
0
0
0
0
0
0
1
0
0
0
0
0
0
0
-1
0
0
0
0
-1
0
-1
0
0
0
0
0
0
0
1
0
0
0
0
0
0
0
0
-1
0
-1
-1
2
1
0
0
1
0
1
0
-1
0
0
0
0
0
0
1
0
0
0
0
0
0
1
2
0
0
0
-1
0
0
-1
0
0
0
-1
0
-1
0
1
-1
-1
0
0
0
0
0
0
0
2
0
-1
0
0
0
0
0
0
0
0
-1
0
1
0
0
0
0
0
0
0
1
0
0
0
0
1
0
1
0
0
0
0
-1
-2
0
-1
0
0
0
0
0
-1
0
0
0
-1
0
0
0
0
1
0
0
1
0
0
1
0
0
0
0
0
0
0
0
0
0
0
0
0
-1
0
0
0
0
1
0
1
0
0
0
0
0
1
-1
0
1
-1
0
0
0
-1
0
0
0
-1
0
0
0
0
0
0
-1
0
0
-1
0
1
0
0
0
1
0
0
1
0
0
0
0
0
0
0
0
0
-1
0
0
0
0
0
0
0
0
0
0
0
0
-1
0
0
0
0
0
0
0
0
0
-1
-1
1
0
0
0
0
1
0
-1
0
1
0
0
0
0
0
1
0
0
1
-1
-1
0
0
-1
-1
0
0
0
0
0
0
0
1
0
0
0
-1
0
0
-1
0
0
0
1
0
0
1
1
0
0
0
-1
0
0
-2
-2
-1
0
-1
0
0
0
0
0
0
0
0
0
1
0
0
1
0
0
0
-1
1
0
0
0
0
1
1
0
0
0
0
1
1
0
0
0
1
0
0
0
0
0
0
-1
-1
0
-1
-1
-1
0
0
0
0
0
0
-1
0
0
-1
0
0
0
1
0
0
1
0
0
0
0
0
0
1
1
0
0
0
0
0
0
1
0
0
0
0
0
0
0
1
-1
-1
0
0
0
0
0
0
0
0
0
0
1
0
0
0
-1
0
0
0
0
-1
0
0
1
0
0
1
0
1
1
0
0
0
0
0
0
0
0
0
0
0
0
0
0
-1
0
0
0
0
-1
0
0
0
0
-1
0
0
1
0
0
0
0
0
0
0
0
0
0
-1
0
-1
0
0
0
0
0
0
0
0
1
0
1
1
0
0
0
0
0
0
0
-2
0
0
-1
0
0
0
1
0
0
0
0
0
-2
0
0
0
1
0
1
0
1
0
0
0
0
-1
0
0
0
0
1
-1
0
0
-1
0
0
0
0
0
0
0
0
0
0
0
0
0
0
0
1
0
0
0
0
0
0
0
0
0
-1
0
0
0
0
0
0
0
-1
-1
0
0
-1
0
0
1
1
0
0
0
0
0
0
0
0
0
0
-1
0
0
0
0
1
0
0
0
0
1
0
0
0
0
0
-1
0
0
1
0
-1
0
0
1
0
0
0
1
-1
-1
0
0
0
0
0
1
0
0
0
0
0
1
0
0
1
-1
0
0
0
0
0
-1
0
0
0
0
0
0
0
0
0
1
0
0
0
1
0
0
0
0
0
-1
0
0
0
-1
0
1
0
0
0
0
0
1
0
-1
0
1
1
-1
-2
0
0
0
0
-2
0
0
1
0
0
0
0
0
1
0
-1
0
0
0
0
0
0
1
0
1
1
0
0
0
0
0
0
0
-1
0
0
1
0
-1
0
0
0
0
1
1
0
0
0
0
0
0
0
0
0
0
0
-1
0
0
0
0
0
0
0
0
0
0
0
0
0
1
0
0
0
0
0
-1
0
0
0
1
-1
-1
0
0
0
0
0
0
0
-1
0
0
0
0
0
0
0
0
0
0
0
0
0
0
0
0
0
0
0
0
0
0
1
0
0
0
0
0
0
0
0
0
0
0
0
0
1
0
0
0
0
0
0
0
0
0
-2
-1
0
0
0
1
0
0
-1
1
0
-1
0
-1
0
2
0
0
1
-1
0
0
-1
1
0
0
0
0
0
0
0
0
0
0
0
0
0
0
0
0
0
0
0
1
0
0
0
0
0
0
0
0
0
-1
0
0
0
0
0
1
0
0
0
0
0
0
0
0
0
-1
0
0
1
0
0
0
0
0
0
0
0
0
0
1
0
-1
-1
0
0
0
-1
-1
0
0
0
0
0
0
2
1
0
0
0
0
0
-1
0
0
0
0
0
0
0
0
0
0
0
0
0
0
0
0
0
-1
0
0
-1
0
0
0
0
0
-1
0
0
-1
0
0
0
0
0
0
-1
0
0
0
0
0
0
0
0
1
0
0
1
0
0
0
0
0
1
0
0
0
0
1
0
0
0
0
0
0
0
0
0
0
-1
-1
0
0
0
0
0
0
0
0
0
0
0
-1
0
0
0
0
0
0
0
0
0
0
1
0
0
0
0
-1
0
0
0
1
2
1
0
0
0
-1
-1
0
0
0
0
-1
0
0
-1
0
0
0
0
0
0
0
0
-1
0
1
1
0
0
1
0
0
0
0
0
0
0
0
0
0
2
0
0
0
0
0
0
0
0
0
0
0
0
0
1
0
0
0
-1
0
0
0
1
0
0
0
0
0
0
0
0
0
0
0
1
0
0
0
0
0
0
0
0
0
0
0
0
0
0
0
0
0
1
0
0
0
0
0
1
0
0
0
0
0
0
0
1
0
0
0
0
0
0
0
0
0
0
0
0
0
0
-1
0
0
0
-1
0
0
0
0
0
0
1
0
0
0
0
0
0
0
0
0
1
0
-1
0
1
0
0
1
0
0
0
-1
0
0
-2
0
0
0
0
0
0
0
0
0
0
0
0
0
0
0
0
1
0
0
0
0
0
0
0
0
-1
0
0
0
0
0
-1
0
0
0
0
0
1
-1
0
0
0
0
1
0
0
0
0
0
0
0
0
0
0
-1
0
0
0
0
0
-1
0
0
0
0
0
0
0
0
0
0
-1
0
0
0
0
0
1
0
-1
0
0
0
0
0
0
0
1
0
0
0
0
0
0
0
0
0
0
1
0
0
0
0
0
0
0
0
1
2
-1
0
0
0
0
0
0
-2
1
0
0
0
0
0
-2
0
0
0
0
0
0
0
1
0
0
0
-1
0
0
0
0
0
0
0
0
1
0
0
0
1
0
0
0
0
1
1
0
0
0
0
1
0
0
0
0
0
-1
0
1
0
0
-1
-1
0
-1
0
0
0
0
0
0
0
0
-1
0
0
1
0
0
1
0
0
0
0
0
0
0
0
0
0
0
0
0
0
0
1
0
0
0
0
1
0
-1
0
1
0
0
0
0
0
-1
0
0
0
0
0
0
0
0
-1
1
0
0
-1
1
0
0
1
0
0
0
0
0
0
0
0
0
0
-1
0
0
0
0
0
-1
0
-2
-1
0
1
0
0
1
1
0
0
0
0
0
0
0
1
0
0
0
0
0
0
0
0
-1
0
0
1
0
0
0
0
0
0
0
0
0
0
0
0
1
-1
-1
0
0
0
0
0
1
0
1
0
0
0
0
0
0
0
1
0
-1
0
0
0
0
0
0
0
0
0
0
0
0
1
0
-1
0
-1
-1
0
1
1
0
0
0
0
0
0
0
0
0
-1
-1
-1
0
0
1
1
0
-1
0
0
0
0
0
0
-1
0
0
0
1
0
0
-1
-1
0
0
1
0
0
0
0
0
0
0
0
0
1
0
0
-1
1
0
-1
0
0
0
0
0
0
0
-1
-1
-1
0
0
1
0
0
1
0
-1
0
0
0
1
0
0
0
0
1
-1
-1
-2
0
0
0
0
0
0
0
0
0
-1
0
0
0
1
0
0
0
0
1
0
0
0
0
0
0
0
0
0
0
0
0
1
0
-1
0
0
0
1
-1
0
0
0
0
0
0
0
0
0
1
0
1
1
0
0
0
0
0
0
0
-1
-1
0
1
0
0
-1
0
-1
0
0
0
-1
0
0
0
0
0
0
0
1
0
0
1
0
0
0
1
0
0
0
0
0
-1
-1
0
0
0
0
0
-1
0
0
0
0
0
0
0
0
0
0
0
0
0
0
0
0
0
1
0
0
0
0
0
0
0
0
0
-1
0
0
0
0
0
1
0
0
0
0
0
0
0
0
0
0
0
0
1
0
0
0
0
0
0
0
1
0
0
0
0
0
0
0
1
0
0
0
0
0
0
0
0
0
0
0
-1
0
0
0
0
0
-2
0
0
0
0
0
0
0
0
0
0
0
0
-1
0
0
0
0
0
0
0
0
0
0
0
1
0
0
0
0
0
0
0
-1
0
1
0
0
1
0
0
0
0
0
0
0
0
0
0
0
0
0
1
0
0
0
0
0
0
0
-1
0
0
0
0
1
0
0
0
0
0
0
0
0
0
0
-1
0
0
0
0
1
-1
0
0
0
0
0
0
0
0
0
1
0
0
0
0
0
0
0
0
0
0
0
0
0
0
0
0
0
0
0
0
0
0
0
0
0
0
0
0
0
0
-1
0
0
0
1
1
-1
0
1
1
0
0
1
0
-1
0
0
1
0
-2
0
0
0
0
0
0
0
0
1
0
0
0
0
0
-1
0
0
-1
0
1
-1
-1
0
1
1
0
0
0
0
-1
0
0
0
0
0
0
-1
0
0
1
0
0
0
0
-1
0
1
0
0
0
0
1
1
0
0
-1
0
0
0
0
0
0
-1
0
0
0
0
0
0
0
0
0
0
0
0
0
0
0
0
1
0
0
0
0
-1
0
0
0
0
0
0
0
0
1
0
0
-1
0
0
-1
0
0
0
0
0
1
0
0
1
0
0
0
0
0
0
0
1
0
0
0
0
0
0
-1
0
0
0
0
0
0
0
0
0
0
-1
1
0
0
-1
0
1
0
0
0
0
0
0
0
0
0
0
0
0
-1
0
0
0
0
0
1
1
0
0
1
1
0
1
0
0
0
0
0
0
-1
0
0
0
0
0
0
0
1
0
0
-1
0
0
0
0
0
0
0
-1
0
0
1
1
0
0
0
0
0
0
0
0
0
0
0
0
0
0
0
-1
0
0
0
1
0
0
0
0
0
0
0
0
0
0
0
0
0
0
0
0
0
1
1
0
0
0
1
0
0
0
0
0
0
0
-1
-1
-1
-2
0
0
0
0
0
0
0
0
0
-1
1
0
0
0
0
0
-1
0
0
1
0
0
0
0
0
0
0
0
0
0
0
0
0
0
0
1
0
0
0
0
0
0
0
0
-1
-1
0
0
0
0
-1
-1
0
0
0
0
0
0
0
0
1
0
0
0
0
0
1
0
-1
0
0
0
0
1
0
0
0
1
0
0
1
1
0
0
0
0
0
0
-1
0
0
0
0
0
0
0
-1
0
0
0
-1
0
0
-1
0
0
1
1
0
0
0
0
-1
0
1
0
2
1
0
1
0
0
0
0
0
0
2
0
0
0
0
0
0
-1
0
0
0
0
0
0
0
0
0
-1
0
-1
0
0
0
0
0
0
0
0
0
0
0
0
-1
0
0
0
0
0
0
0
-1
0
0
0
0
0
0
0
0
0
0
0
0
0
1
0
1
0
1
1
0
0
0
0
-1
0
0
0
0
0
0
0
0
-1
0
-1
0
0
0
0
0
0
0
-1
0
0
0
1
0
1
1
0
0
0
0
0
-1
-3
-1
0
0
0
0
0
-1
1
0
0
0
0
0
1
1
1
1
1
0
0
0
-1
0
0
-1
0
0
0
0
0
-1
-1
0
0
-1
0
0
0
0
0
0
0
0
0
0
0
0
0
0
-1
0
0
1
0
0
0
-1
0
0
0
0
0
0
0
-1
0
0
0
0
0
0
1
1
0
0
0
0
0
0
0
0
0
0
0
1
1
-1
-1
-1
0
0
0
0
0
0
0
0
0
0
0
0
0
0
0
0
0
1
0
0
-1
0
0
0
1
0
0
0
0
0
1
0
0
0
0
0
0
0
-1
0
0
0
0
0
-1
-1
0
0
0
0
0
0
1
0
0
0
0
0
0
0
1
1
0
0
0
0
0
-1
0
0
0
0
0
0
-1
-1
0
0
0
0
0
0
1
0
0
0
0
0
0
0
0
0
0
0
-1
0
0
0
0
0
1
0
0
0
-1
-1
0
0
0
0
0
0
0
0
0
0
0
0
0
1
0
0
0
0
1
0
0
0
0
0
0
0
0
0
0
0
0
0
0
0
0
0
0
0
0
1
0
-1
1
0
0
1
0
0
0
0
0
0
-1
0
0
0
0
0
0
0
0
0
0
0
0
0
-1
0
0
0
0
0
0
0
-1
-1
1
0
0
1
0
0
1
1
0
2
1
1
2
2
2
1
0
0
1
0
0
0
-1
-1
-3
-3
-3
-3
-2
-2
-1
-1
-2
-2
-2
0
1
0
1
3
1
1
1
1
2
2
0
1
0
0
2
0
0
0
0
0
0
0
0
0
0
0
0
0
0
0
0
1
0
0
0
0
0
0
0
0
0
0
0
0
0
0
0
-1
0
0
-1
0
0
0
0
0
0
-1
0
1
0
0
-1
-1
0
-1
0
0
-2
0
0
0
0
0
0
1
1
0
1
2
0
0
0
1
0
0
0
0
0
0
0
0
0
0
0
0
0
-1
0
0
-1
0
0
0
0
0
0
0
0
1
0
0
-1
0
0
-1
0
0
0
0
0
1
0
0
0
0
1
0
0
0
0
1
0
0
0
0
0
0
0
0
0
-1
0
0
-1
0
0
0
0
0
0
0
0
0
0
0
0
0
0
0
0
2
0
1
0
0
0
1
0
-1
0
1
1
0
0
0
0
0
0
0
0
-1
0
0
0
0
0
1
0
0
0
0
-1
-1
0
-1
0
0
-1
-1
0
0
0
0
0
0
0
0
0
-1
0
0
0
0
0
1
0
0
0
0
1
1
0
0
2
0
0
0
0
0
0
0
0
0
-1
0
0
0
0
0
0
-1
-1
0
0
0
0
0
0
0
0
1
0
-1
1
0
0
0
-1
1
0
-1
0
0
-1
1
0
-1
0
0
0
0
0
0
0
0
0
1
0
-1
0
0
0
0
0
0
0
0
0
0
0
0
-1
0
0
1
0
0
0
0
0
0
0
1
1
0
0
0
0
0
-1
1
0
-1
0
0
0
0
1
0
-2
0
0
-2
-1
0
0
0
0
0
0
0
1
1
1
0
1
1
-1
0
0
0
1
0
0
0
0
0
-1
-1
0
0
0
0
0
0
0
-1
0
0
0
0
-1
0
0
-1
0
0
0
0
0
0
0
0
0
0
0
0
0
0
-1
0
0
0
0
0
0
0
0
0
1
1
0
0
1
1
0
1
2
1
0
1
1
0
1
1
0
0
1
0
-1
-1
-1
0
-1
-2
0
-1
-2
-2
-4
-3
-2
-2
0
-3
-1
0
-1
0
-2
0
0
-1
0
0
0
2
1
2
2
3
2
0
3
3
3
5
2
3
4
2
3
3
2
2
0
0
2
1
1
0
0
0
-1
-2
-2
-2
-2
-3
-3
-4
-4
-3
-3
-2
-2
-4
-2
-3
-1
0
0
0
-2
0
0
0
0
0
0
0
0
1
3
2
2
3
2
3
3
0
1
3
1
0
0
-1
0
1
0
-1
-1
0
-2
-2
-1
-1
-2
-1
-2
-2
0
-1
-1
-1
-1
0
0
0
1
0
0
0
0
2
1
0
0
1
0
1
1
0
0
0
0
0
0
1
0
0
0
0
0
0
-1
0
0
0
0
0
0
-1
-1
0
-2
-1
0
-1
0
-1
0
0
-1
0
0
1
0
0
1
0
1
0
0
2
0
0
1
0
0
0
0
0
0
0
-1
0
0
0
0
0
0
0
0
0
0
0
0
0
0
0
1
-1
0
0
0
0
-1
0
0
0
0
0
1
0
0
1
0
0
0
0
0
0
0
1
0
0
1
0
0
0
0
0
0
0
0
0
0
0
0
0
0
0
0
0
-1
0
0
-1
0
0
-1
0
0
0
0
0
2
1
0
0
1
1
-1
-1
0
0
0
0
-2
0
0
0
0
0
0
0
0
0
0
0
0
0
0
0
0
0
0
0
0
1
0
0
0
0
0
0
0
0
0
0
-1
0
0
0
0
0
1
0
0
1
0
0
-1
0
0
0
0
0
0
0
1
-1
0
0
0
0
-1
0
1
0
0
0
0
0
0
0
-1
0
0
0
0
0
0
0
0
0
0
0
0
0
0
0
0
0
-1
0
0
0
0
0
0
0
0
0
0
-1
0
0
0
0
0
0
0
0
0
0
0
0
0
0
0
0
1
0
0
0
1
0
-1
-1
0
0
0
0
-1
0
0
0
0
0
0
0
2
0
0
0
0
0
0
0
0
0
0
0
0
-1
0
-1
-1
0
1
0
0
0
0
0
0
1
0
0
0
0
0
0
0
0
0
0
0
0
0
0
0
1
1
0
0
0
2
1
-1
-1
0
0
0
0
0
0
0
0
0
0
-1
0
0
0
0
0
0
-1
0
0
0
1
0
0
1
-1
0
0
0
0
0
0
1
0
0
0
0
-1
0
0
0
1
0
0
1
0
0
0
0
0
0
-1
0
0
0
0
0
0
0
0
0
0
0
0
0
0
0
0
2
0
0
0
0
0
0
0
0
0
0
0
0
0
0
0
0
0
0
0
0
0
-1
-1
0
0
0
0
0
0
0
0
1
0
0
0
0
-1
0
0
0
0
0
0
0
0
0
0
1
0
0
0
0
-1
0
-1
0
0
0
0
0
-1
0
0
-1
-1
0
1
0
0
0
0
0
0
0
0
0
0
0
0
0
0
0
0
0
0
0
0
2
1
0
0
0
0
0
0
0
-1
0
0
0
0
0
0
0
0
0
0
0
0
0
0
0
0
0
-1
0
0
0
0
1
0
0
0
0
0
0
1
0
0
0
0
0
1
0
-1
-1
0
1
0
0
0
0
0
0
0
0
0
-1
0
1
0
0
0
0
0
0
0
0
-1
0
0
0
0
-1
0
-1
0
0
0
0
0
0
0
0
0
0
1
0
1
0
0
0
-1
0
0
0
-1
-1
0
0
0
1
0
0
0
0
0
0
0
0
0
0
0
0
0
0
0
1
0
1
0
0
0
0
-1
-1
-1
-3
-2
-2
-2
-1
-2
0
-1
0
1
0
1
3
4
4
4
4
3
2
4
4
1
2
1
0
-2
-3
-4
-4
-4
-3
-3
-5
-5
-2
-4
-2
-2
-1
2
0
2
3
2
4
3
2
4
3
5
1
2
2
1
0
0
-1
-1
-2
-1
-2
-2
-3
-2
-2
-2
-1
0
0
0
0
0
0
1
0
0
0
0
0
0
0
0
0
0
0
1
0
0
0
0
0
1
2
0
0
0
0
0
2
0
0
0
-1
0
0
0
-1
0
-2
-1
0
0
0
0
0
0
0
0
1
1
0
2
1
0
0
1
0
1
1
0
0
0
0
0
-1
0
0
0
-1
0
0
0
0
0
0
0
0
0
0
0
0
0
0
0
0
-1
0
0
-1
0
0
0
0
0
0
0
1
1
1
0
0
0
1
2
1
0
1
0
0
0
1
0
0
0
0
0
0
0
-1
-1
0
-1
-1
0
0
0
0
-1
0
0
0
0
-1
0
0
-1
-1
0
0
0
0
1
1
0
0
0
0
0
0
0
1
2
0
1
1
0
0
-1
0
0
0
0
0
0
0
0
-1
0
0
0
0
0
0
0
0
0
-1
-1
1
0
-1
0
0
-1
1
0
0
1
0
0
0
0
0
0
0
-1
1
0
2
1
0
0
0
0
-1
0
0
0
0
1
2
0
0
0
0
-1
0
0
0
0
0
0
0
0
0
-1
0
1
0
1
1
1
0
1
0
0
-1
-1
-1
0
0
0
-1
-1
0
0
0
0
1
1
0
1
0
1
0
0
2
0
1
0
0
0
0
1
1
0
0
0
-1
0
0
-2
0
1
0
1
1
0
0
-1
0
-2
-1
0
-1
0
1
1
0
1
1
0
0
1
0
0
1
0
-1
0
1
2
0
0
0
0
0
1
0
-1
0
0
0
0
0
0
0
0
-1
-1
0
0
0
0
0
0
0
0
0
1
0
0
0
0
-1
0
0
0
0
0
1
0
0
2
0
0
1
0
0
0
0
-1
0
0
-1
-1
0
0
0
-1
0
0
-1
0
0
-1
0
0
1
0
0
1
0
0
0
0
0
0
0
0
0
0
0
0
0
1
0
1
0
0
1
0
0
0
0
-2
-1
0
0
0
1
0
0
0
1
0
0
0
0
1
0
0
0
0
0
0
0
0
0
0
0
0
0
0
0
0
0
0
0
-1
0
0
0
0
0
0
0
0
0
0
0
0
0
0
0
0
0
1
0
0
1
0
0
1
0
-1
0
-1
0
0
0
0
0
-1
0
-1
0
0
0
0
0
0
1
0
0
1
0
1
0
0
1
0
0
-1
0
0
0
1
0
0
0
0
0
-1
0
0
0
0
0
1
0
0
0
0
0
0
0
-1
0
0
0
0
0
0
0
0
0
0
0
0
-2
0
0
-1
0
0
0
0
0
1
0
0
0
0
0
0
0
0
0
1
1
0
0
0
0
0
0
0
0
-1
-1
0
0
1
0
-1
0
0
0
0
0
0
0
0
0
0
0
0
0
0
1
1
0
0
-1
0
0
0
1
0
0
1
-1
0
0
0
2
1
-1
0
0
0
0
1
0
0
0
0
-1
0
0
-2
-1
0
-1
0
0
-1
0
0
0
1
0
1
0
0
1
0
0
0
0
1
0
0
0
0
0
0
-1
0
1
-1
0
1
0
0
0
-1
0
0
0
0
0
0
0
0
0
0
0
0
1
0
0
0
0
0
0
0
0
-1
0
1
0
0
0
0
0
0
1
0
0
0
0
0
0
0
