0
0
0
0
0
0
0
0
0
0
0
0
0
0
0
0
0
0
0
0
0
0
0
0
0
0
0
0
0
0
0
0
0
0
0
0
0
0
0
0
0
0
0
0
0
0
0
0
0
0
0
0
0
0
0
0
0
0
0
0
0
0
0
0
0
0
0
0
0
0
0
0
0
0
0
0
0
0
0
0
0
0
0
0
0
0
0
0
0
0
0
0
0
0
0
0
0
0
0
0
0
0
0
0
0
0
0
0
0
0
0
0
0
0
0
0
0
0
0
0
0
0
0
0
0
0
0
0
0
0
0
0
0
0
0
0
0
0
0
0
0
0
0
0
0
0
0
0
0
0
0
0
0
0
0
0
0
0
0
0
0
0
0
0
0
0
0
0
0
0
0
0
0
0
0
0
0
0
0
0
0
0
0
0
0
0
0
0
0
0
0
0
0
0
0
0
0
0
0
0
0
0
0
0
0
0
0
0
0
0
0
0
0
0
0
0
0
0
0
0
0
0
0
0
0
0
0
0
0
0
0
0
0
0
0
0
0
0
0
0
0
0
0
0
0
0
0
0
0
0
0
0
0
0
0
0
0
0
0
0
0
0
0
0
0
0
0
0
0
0
0
0
0
0
0
0
0
0
0
0
0
0
0
0
0
0
0
0
0
0
0
0
0
0
0
0
0
0
0
0
0
0
0
0
0
0
0
0
0
0
0
0
0
0
0
0
0
0
0
0
0
0
0
0
0
0
0
0
0
0
0
0
0
0
0
0
0
0
0
0
0
0
0
0
0
0
0
0
0
0
0
0
0
0
0
0
0
0
0
0
0
0
0
0
0
0
0
0
0
0
0
0
0
0
0
0
0
0
0
0
0
0
0
0
0
0
0
0
0
0
0
0
0
0
0
0
0
0
0
0
0
0
0
0
0
-1
0
1
0
-1
-1
0
0
-2
0
2
3
0
-4
-3
3
4
1
-3
-1
3
-3
-5
0
6
6
-12
-14
0
0
0
0
11
18
11
-6
-20
-11
4
10
7
0
-8
-2
4
0
-6
-3
11
15
-4
-15
-3
9
8
-6
-9
-2
1
0
0
3
7
7
-1
-9
-6
0
0
-3
4
9
0
-12
-7
9
12
0
-12
-9
5
8
4
2
-2
-7
1
13
10
-5
-16
-8
8
7
-4
-2
6
11
1
-18
-9
6
4
-8
-13
4
22
13
-6
-13
-3
4
-2
-12
-9
0
3
4
7
8
1
-7
-6
0
3
0
-7
1
13
13
9
0
-7
-8
-4
-6
-7
-7
0
8
10
5
0
2
1
-9
-15
-8
-1
0
0
5
11
10
5
2
1
-5
-8
-2
2
-3
-10
-11
-1
10
13
7
0
-1
0
0
-3
-13
-17
-5
6
10
10
4
4
9
7
-1
-13
-7
0
-1
-1
-4
0
5
4
5
3
2
-2
-5
-2
-1
-6
-4
2
1
1
-1
-2
5
7
3
0
-1
0
-1
-4
-1
-2
-6
-1
10
4
-6
0
3
3
-1
-3
2
3
-6
-5
0
-1
-1
2
3
0
1
4
2
3
-1
-5
-1
0
-1
-2
0
6
6
-1
-1
-1
-7
-3
0
0
-1
1
6
5
3
2
-6
-15
-1
12
7
-8
-12
-1
6
5
0
-4
-1
10
16
-1
-18
-11
8
17
5
-13
-13
-2
10
10
-2
-12
-8
5
7
0
-5
0
8
5
-3
-8
0
1
-3
-7
-5
6
11
3
-3
-3
0
5
3
-5
-6
0
3
0
-5
-4
3
7
0
-5
0
5
7
0
-10
-2
3
5
1
-11
-5
6
7
0
-8
-6
2
10
3
-5
0
5
3
0
-1
1
1
-4
-5
-3
-4
0
0
-1
0
0
5
1
-3
0
3
3
0
-3
-3
-1
-1
0
0
0
6
7
3
2
0
1
0
-2
-3
-5
-5
1
1
0
4
2
0
-1
-3
0
-1
1
0
-1
5
4
0
-4
-2
0
-1
0
-2
-3
1
1
2
2
-1
0
1
3
1
-1
1
2
2
-3
-6
-3
0
0
-1
-1
2
4
3
-2
-2
3
-1
-5
-3
-1
9
5
-5
-4
4
9
-1
-8
-6
0
8
2
-3
-3
4
8
-2
-7
-3
2
5
-4
-3
0
0
1
-2
0
1
6
4
-2
0
-2
0
0
-3
-1
2
2
-1
-3
-2
1
2
0
-1
-2
3
4
1
-1
0
-1
-2
-5
-3
0
4
7
4
0
2
-2
-4
-6
-7
0
1
4
3
1
6
0
-3
-6
-7
-4
-1
1
0
6
8
9
1
-7
-6
1
-1
-2
2
2
3
-1
-5
-5
-4
2
5
7
7
0
2
-1
-8
-9
-9
1
9
8
2
0
-1
-4
-4
-2
-1
4
3
0
2
0
-6
-2
6
6
4
3
-1
0
2
-3
-11
-13
0
10
8
-1
-6
0
0
-2
-3
-4
3
8
9
3
-6
-10
-9
0
7
3
0
1
0
-1
4
0
-6
-1
2
8
9
-5
-12
0
10
0
-9
-6
3
11
-3
-16
0
5
-1
4
2
-13
7
21
-20
-33
21
29
5
8
-9
-27
0
23
-7
-18
13
16
-3
-4
3
0
-9
-18
-20
7
31
22
6
-18
-34
-9
31
15
-17
0
10
-1
15
3
-34
-30
6
20
10
13
15
0
-21
-32
-30
5
43
35
-7
-33
-5
25
26
-11
-44
-8
45
29
-34
-35
16
16
-15
-25
6
28
0
-3
1
1
-24
-41
18
65
33
-22
1
15
-30
-103
-100
76
204
159
-25
-112
45
101
-35
-198
-192
-30
60
28
-121
-165
33
204
128
-51
-42
83
144
86
-55
-96
-15
76
17
-122
-112
-46
31
93
57
-2
-3
69
97
53
3
-27
-41
-48
-76
-114
-96
-60
-72
-45
38
59
31
29
59
85
67
25
11
19
32
0
-40
-15
19
20
-11
-22
-31
-28
-2
0
1
17
34
18
-15
-51
-51
-32
-21
-33
-57
-34
21
62
14
-23
20
72
64
-7
-23
20
51
37
-26
-41
-9
15
0
-32
-25
-3
9
38
58
15
-31
-24
-6
-11
-20
-30
-31
-2
34
22
-16
-20
-18
-30
-22
24
57
37
10
-3
-18
0
4
-35
-40
0
35
33
6
0
-9
-19
9
25
5
-4
18
27
-18
-54
-34
2
15
13
19
9
-11
5
26
14
-7
-21
-9
11
17
-11
-60
-65
-8
17
-4
0
21
25
5
-8
4
15
36
45
12
-18
-23
3
38
49
3
-50
-34
18
10
-34
-18
22
17
-24
-50
-34
-8
8
13
3
-2
5
-1
4
22
14
-12
-10
19
28
-3
-54
-43
5
32
28
11
18
29
12
-21
-23
19
54
35
-18
-55
-52
-21
2
10
9
0
-5
-13
-30
-9
30
34
16
0
-2
3
-14
-26
-10
-3
-7
1
21
13
-30
-47
1
54
45
3
-8
9
19
6
-20
-20
-2
13
4
-4
-7
-36
-44
5
55
36
-27
-16
45
37
-34
-56
20
59
9
-42
-50
-32
-9
13
22
23
4
-20
-2
23
13
-11
-7
28
22
-19
-22
0
12
6
-8
-12
-5
11
29
17
-15
-13
9
0
-17
-20
-4
15
0
-27
-36
-16
14
32
14
-6
15
40
12
-33
-39
-8
28
42
21
-15
-35
-28
-6
20
23
-3
-12
12
24
4
-8
-18
-23
0
24
6
-21
-12
2
-3
-9
-3
-4
-1
13
27
16
-9
-17
-6
5
1
-11
1
30
24
-8
-30
-20
16
16
-10
-7
10
13
-8
-10
0
-21
-25
1
25
32
15
-2
-21
-18
8
16
-4
-24
-4
22
19
-3
-12
-6
-25
-3
40
34
-28
-65
3
59
35
-21
-43
-19
18
37
13
-17
-20
2
3
-21
-6
27
25
-15
-37
-3
27
26
10
-19
-46
-17
34
26
-9
-20
5
17
8
-2
-27
-32
1
37
39
17
-16
-28
-6
6
8
-10
-28
-11
15
35
9
-29
-20
11
41
20
-34
-39
-2
25
28
2
-24
-18
14
20
-12
-26
-4
19
16
0
-8
-5
13
6
-20
-23
-4
17
14
2
0
3
-1
-4
1
4
6
8
-10
-18
-5
12
20
0
-6
3
11
-12
-23
-10
4
9
-15
-26
-8
23
44
33
0
-29
-17
19
18
-18
-31
0
18
3
-9
-15
-20
-13
8
12
2
0
9
21
10
8
14
10
-3
-17
-13
-8
-21
-27
-8
25
32
12
1
3
0
-27
-36
-6
21
19
1
4
10
5
3
-4
-13
-11
7
20
-1
-2
28
12
-41
-51
3
13
-33
-12
35
27
-6
2
26
0
-17
0
14
-11
-30
-7
9
5
13
26
-9
-36
0
20
9
-2
1
10
9
10
0
-13
-17
-26
-12
1
2
40
33
-14
-21
-9
6
1
6
5
-27
-12
7
6
0
-25
4
28
5
25
15
-23
-10
-9
-13
-21
-6
46
10
-30
8
13
-10
-14
-10
-6
-4
18
51
7
-39
0
21
-3
-37
-25
18
34
26
0
-25
-9
15
-7
-15
11
10
5
6
18
-11
-56
-9
21
8
-10
-5
32
7
-24
-22
-35
11
25
-7
21
28
36
13
-37
-28
-37
-23
23
33
21
12
16
-9
-31
-9
6
-17
-22
9
7
18
15
-16
10
20
-7
-31
-42
24
17
0
37
-23
-20
29
16
20
-25
-36
-4
-6
10
0
-1
12
1
-20
-21
21
-9
-36
23
30
21
18
-7
1
-4
-20
0
18
9
-1
2
-11
-17
-1
-15
-10
13
5
-9
2
9
5
9
8
-7
-17
-10
9
7
-1
3
12
3
-8
8
0
-31
-28
4
23
14
24
14
-15
-12
-26
-14
14
14
2
-7
5
16
8
6
-6
-13
-5
5
-5
-9
7
-3
-8
4
6
3
-11
0
5
-6
-3
0
9
11
-1
-18
-15
17
24
11
-17
-31
5
13
8
-3
-25
17
31
-4
-13
-23
-18
10
20
9
-5
-2
19
30
-5
-40
-35
-10
15
21
8
7
14
19
5
-24
-37
-30
12
29
0
11
3
-15
3
-4
-6
-19
-9
35
20
-7
-6
-4
0
8
6
-1
3
-22
-3
28
-33
-19
30
0
7
9
-16
13
5
-25
21
22
-29
-13
27
10
-16
-17
3
-13
-20
34
14
-17
0
6
8
6
-12
-10
10
0
-16
10
31
-31
-36
40
20
-18
12
9
-23
-22
16
15
-13
5
5
-31
-11
16
8
28
6
-31
-24
1
22
23
0
-16
1
-14
0
37
7
-16
-4
-10
-12
0
8
2
-5
-18
-1
36
16
-26
-31
20
31
-13
-6
15
20
2
-41
-37
-4
25
20
-17
-17
0
23
25
-1
-24
-3
40
21
-14
-27
-11
3
-10
-2
10
18
5
-33
-28
12
22
-4
13
34
7
-28
-15
4
-5
-7
-14
17
26
-6
-13
-14
-2
15
24
-3
-18
-1
-19
-29
6
24
15
22
-2
-13
0
-12
-4
-4
-4
-2
16
37
8
-9
-31
-40
-13
2
25
37
-6
-28
2
-4
-13
15
28
4
-1
10
-13
-1
22
-5
-17
-3
31
38
3
-11
-23
-30
-8
21
18
0
26
20
-44
-57
-19
-24
-32
28
23
-12
39
31
-36
-20
8
-18
-3
28
-1
9
33
-10
-7
1
-11
34
35
-20
-19
5
-6
8
43
0
-25
0
-13
-20
-5
5
1
-2
19
6
-20
-5
8
-15
-24
32
44
-2
-11
-7
-10
0
11
23
13
-5
-1
-3
-13
-16
-15
7
12
0
0
5
2
-26
-30
4
7
-12
-4
12
13
11
4
-18
-24
-19
-18
11
34
34
37
0
-43
-22
11
2
-1
18
19
15
-5
-34
-11
-2
2
29
5
-17
0
8
-1
-4
-11
-12
11
10
-8
-7
2
24
16
-16
-36
-20
24
16
-14
-1
8
9
15
-1
-13
8
20
0
-13
-17
-18
-4
6
-1
-2
10
20
12
-12
-17
8
19
8
-15
-25
-9
1
-5
-3
15
14
3
8
1
-18
-11
-2
8
27
18
-14
-20
-9
-3
-1
1
-3
0
21
2
-29
-13
18
31
16
2
-7
-15
-21
-13
5
4
2
6
9
7
-8
-13
-3
-2
8
22
2
-30
-14
10
10
4
10
17
-1
-14
-22
-40
-22
34
31
-1
11
18
-1
-17
-7
-5
-4
31
1
-41
5
32
-2
-21
-14
-12
-2
0
-4
15
31
27
0
12
22
-35
-29
4
-10
-34
-44
-6
47
43
1
-9
30
52
0
-25
-5
-26
-47
-24
-4
5
5
23
42
21
-8
-30
-42
-6
27
7
-4
3
12
7
-3
-8
-10
-8
1
12
14
6
-5
-3
14
-3
-21
-14
-12
9
28
9
-5
-1
5
2
-21
-14
3
12
29
-11
-36
14
13
-18
-4
8
30
24
-19
-27
-26
-14
19
23
26
3
-24
6
1
-22
5
6
0
6
-25
-13
43
45
8
-13
-6
5
-5
-16
-24
-41
-17
-1
-22
9
47
14
-2
14
8
2
-20
-33
-6
-5
-4
15
18
26
16
-8
5
8
-1
17
8
-6
-15
-24
0
-5
-26
-16
-24
-9
27
15
27
37
-9
-7
-4
-22
-6
8
7
9
-4
0
13
3
0
-3
-5
5
12
1
-11
-12
-3
-11
-21
3
23
8
-10
-18
-13
0
0
6
21
16
6
0
-5
2
-1
-6
7
20
9
-7
-9
-11
-13
-28
-23
12
23
11
2
1
0
-7
0
0
-1
2
2
0
1
6
9
0
2
1
-7
-4
-6
3
7
-2
-5
-3
7
7
-5
-16
-10
9
9
0
-3
-3
5
2
-3
-3
1
12
6
-11
-9
-1
-1
-2
-6
0
12
5
-8
-6
-5
0
12
7
8
3
0
6
6
4
-6
-6
1
-3
-8
-12
-7
6
8
-5
-8
-2
1
3
-2
0
4
0
0
1
0
4
4
6
4
-4
-2
-1
0
4
3
1
1
-4
-9
-14
-11
0
5
8
9
1
-8
-13
-15
-14
-3
7
14
20
17
11
2
-4
-6
-5
-2
0
5
5
6
2
-2
-1
0
-3
-8
-11
-9
-2
0
2
4
5
1
-4
-3
1
3
-3
-5
0
0
-4
0
10
12
5
-6
-3
-5
-10
-7
-3
9
22
18
6
-14
-22
-12
-3
2
5
10
17
9
-4
-8
-6
-2
0
0
2
2
-4
-13
-7
2
7
7
2
3
2
-1
-9
-11
-5
0
3
2
5
10
3
-5
-2
-2
-5
-1
0
7
8
-2
-8
-2
3
-4
0
8
3
2
0
-3
-2
-1
-2
-2
-3
-2
2
0
3
5
2
6
0
-2
0
-7
-12
-5
0
8
13
6
-5
-8
-5
0
8
9
-1
-5
-11
-9
5
14
10
5
-3
-14
-15
-6
9
18
12
0
-13
-12
-3
1
-1
-1
7
13
7
-3
-16
-17
0
19
19
3
-12
-23
-11
13
23
12
-9
-23
-12
14
26
14
-8
-26
-23
-5
18
32
19
0
-17
-39
-31
10
38
32
20
-4
-35
-45
-30
1
49
53
22
1
-27
-56
-48
-11
35
66
43
-9
-31
-35
-17
6
0
-1
13
18
18
21
-13
-51
-19
4
0
25
38
3
-17
-15
-16
8
15
-12
-6
7
-5
19
23
2
-18
-50
-24
30
27
12
24
-14
-22
1
-5
-12
-13
0
28
23
22
0
-52
-40
3
25
28
30
-1
-28
-18
-4
-3
-2
22
14
-11
-13
0
14
5
-18
-1
7
-2
3
-8
-2
6
5
14
7
-27
-30
1
11
38
27
-32
-37
-10
23
41
0
-27
-7
-6
-6
-2
3
29
2
1
6
-15
2
-17
-35
-19
21
59
22
-9
-15
-23
-6
5
-4
-35
5
40
12
35
0
-44
-24
-15
15
21
-3
14
-6
-29
32
25
-19
-6
-4
-6
-7
0
12
-15
-9
19
36
29
-16
-47
-9
-9
-72
10
90
37
27
-22
-43
22
-28
-90
-41
39
104
90
-10
-56
-71
-49
59
37
-40
0
37
24
-5
-21
-2
14
-10
6
20
-22
-13
-9
-17
18
37
14
-11
-2
-10
-16
-4
-12
-17
-21
-14
52
109
-1
-83
-15
-35
-34
45
27
-2
26
21
-6
-11
-11
-17
-32
-2
66
39
-16
-27
-55
-26
57
41
-5
3
-1
-30
-19
5
-12
-15
10
8
23
52
13
-42
-50
-24
14
28
19
9
-5
-5
6
3
0
-1
-36
-41
17
36
29
22
6
-11
-22
-15
-30
-24
0
-4
34
50
12
3
-12
-32
-12
-6
-2
22
2
-7
9
-1
9
4
-18
-5
7
-5
-8
12
9
-6
-12
-11
6
13
-1
0
4
-6
-9
0
10
11
-6
-8
5
7
-10
-14
10
8
-5
0
1
11
8
-7
-11
-4
2
-4
0
13
7
4
8
-2
-16
-16
-11
2
14
6
0
-8
-3
10
8
6
0
-17
-16
11
22
8
-8
-19
-14
-7
-11
2
26
34
25
9
0
-25
-67
-67
-1
73
80
37
-4
-36
-53
-40
-19
4
32
47
33
8
-8
-21
-41
-51
-23
14
36
44
36
26
6
-15
-29
-35
-25
-14
-2
12
20
23
22
3
-8
-14
-19
-14
-7
8
18
23
18
-7
-28
-34
-27
-9
21
49
42
7
-18
-21
-15
-10
-9
-3
2
11
14
13
3
-5
-2
-2
-17
-20
2
14
13
9
7
2
-4
13
10
-9
-15
-12
-18
-31
-18
13
19
16
19
20
7
-7
-14
-17
-8
3
11
7
0
0
-4
-7
-11
-11
8
23
27
13
-9
-21
-17
-6
-6
-8
3
15
9
7
1
-12
-11
3
14
7
9
11
-9
-19
-12
-6
-3
8
10
-9
-16
0
10
8
17
19
1
-14
-11
-11
-20
-14
-4
14
23
22
18
-4
-16
-9
-6
1
0
-4
-3
3
1
0
-9
-19
3
20
22
19
12
-14
-28
-17
-4
-4
11
16
9
5
5
-15
-21
11
1
11
1
19
-7
-24
-4
-17
-33
-7
36
27
43
33
-26
-66
-29
-7
-3
31
59
15
-52
-14
11
-28
-3
54
27
-21
-3
0
-30
-26
5
1
-9
6
12
0
3
33
28
0
-2
-9
-27
-22
-13
-4
3
0
3
7
2
-9
18
9
0
11
7
-1
-2
21
-1
-29
-34
0
1
-9
9
4
-7
2
24
11
3
8
4
5
11
10
-11
-32
-34
-35
-23
0
15
30
34
27
12
2
-2
1
4
0
-15
-30
-25
-21
-12
3
28
31
14
1
-2
-10
-13
-5
7
19
20
11
-11
-29
-30
-5
5
7
9
8
6
0
-6
-13
3
20
29
17
-10
-23
-21
-18
-21
-17
0
23
27
16
1
0
10
10
-2
-15
-10
-2
-6
-4
-6
-6
7
13
8
4
9
5
-10
-17
-12
-8
-1
3
4
11
16
15
2
-11
-13
-11
-15
-17
-13
0
20
25
24
23
15
0
-14
-21
-22
-15
-11
-8
-5
4
18
22
16
6
0
5
1
-13
-19
-15
-7
0
5
2
3
11
11
5
4
2
-11
-21
-19
-11
15
20
-8
-22
12
50
0
-48
-5
47
25
-39
-40
8
26
-4
-29
-7
36
30
-4
-12
2
6
1
3
0
-23
-20
9
12
-9
-18
0
22
10
-14
1
26
8
-11
-9
1
1
-19
-14
3
-3
-2
10
8
11
10
7
11
1
-18
-16
7
-5
-25
-15
15
31
8
-11
-15
2
18
14
4
-6
-12
-14
1
12
4
-10
-15
-4
8
9
2
-1
1
4
3
5
2
-3
-8
-7
-4
-6
-2
7
7
0
-4
1
18
9
-10
-25
-15
12
20
4
-20
-17
9
28
11
-11
-12
3
7
-6
-12
-11
-2
4
9
9
10
14
9
-10
-28
-17
2
13
2
-9
0
13
18
5
-13
-14
-1
13
12
-9
-18
-18
-10
-3
-5
6
22
38
36
9
-10
-11
-13
-27
-42
-28
2
12
10
13
29
35
12
-4
-3
0
-15
-24
-17
-14
-19
-8
21
27
6
-3
8
19
4
-5
-2
-11
-23
-17
4
15
8
2
8
11
7
2
-3
-17
-33
-29
-11
11
30
33
26
12
-4
-10
-6
-8
-17
-25
-21
-6
8
16
15
2
-2
14
28
21
-1
-11
-12
-20
-26
-26
-9
2
8
21
24
15
6
1
0
-14
-18
-9
2
10
8
12
4
-15
-18
-7
1
0
0
7
10
6
4
1
-2
-4
-2
7
10
0
-12
-11
-5
0
-7
-10
0
11
10
10
16
14
0
-12
-14
-8
-5
-9
-7
-2
2
2
2
7
10
5
1
2
-2
-4
-4
-1
1
-1
-1
2
3
0
0
1
-1
-1
0
0
0
-1
1
1
-2
-3
2
4
0
-1
2
2
-2
-4
-2
-2
-8
-6
4
5
2
3
3
4
0
0
-2
-8
-11
-2
5
8
9
9
9
3
-1
-6
-7
-11
-18
-13
0
10
9
0
8
13
2
-6
-6
3
8
3
1
0
-10
-14
-13
-12
-8
3
21
27
14
0
-9
-14
-15
-12
-5
5
13
16
16
7
0
-9
-13
-9
-10
-7
-1
3
6
7
2
-1
6
5
9
6
-4
-18
-27
-19
-5
7
19
27
28
13
-4
-17
-18
-17
-8
2
7
7
10
11
3
-3
-9
-10
-5
6
1
-6
5
9
8
4
-5
-9
-9
-3
-2
-2
-2
1
7
5
1
0
0
3
-1
-7
-9
-5
-1
5
11
9
6
0
-3
-7
-5
-3
-1
5
9
6
-1
-4
-2
-1
0
-2
-1
4
4
4
-3
-6
-5
-7
-1
3
3
4
2
2
3
2
-1
-2
-7
-10
-7
0
7
9
8
0
-3
1
3
-3
-13
-7
2
9
7
4
1
-3
-6
-4
1
4
3
1
-7
-9
0
9
11
4
-4
-5
-3
-3
-6
0
7
9
3
-4
-9
-6
0
2
3
0
-1
6
4
0
-1
0
0
0
-3
-2
0
0
-5
-10
0
10
10
8
1
0
-6
-14
-5
3
7
5
-1
-5
-7
-3
5
13
8
0
-6
-5
-3
2
1
-2
-3
0
4
2
1
0
-5
-6
-1
3
5
3
1
0
0
-1
0
4
5
0
-1
0
-2
-2
-2
-1
-1
0
0
-1
-1
0
-1
3
3
0
-1
0
1
0
0
1
-2
-2
-1
-1
4
1
-2
1
0
1
1
-1
0
-3
-3
-1
-2
1
0
0
-1
2
6
2
1
2
4
1
-3
-6
-4
-6
-8
0
0
1
5
7
7
5
5
4
1
-1
0
-4
-6
-3
-4
-4
0
0
0
1
2
1
3
0
-3
-4
-5
-2
-2
-4
-3
0
0
2
1
0
5
6
1
0
0
2
0
0
0
2
0
-1
2
2
3
3
0
0
-1
-4
-4
-4
-2
1
3
8
5
2
3
-1
-6
-7
-7
-5
-3
-4
-4
-2
1
5
9
9
2
-4
-2
1
-3
-8
-7
-2
5
12
11
6
2
0
1
0
-2
-7
-3
4
6
8
6
4
2
-2
-7
-8
-5
-4
-5
0
2
-1
2
3
0
5
3
-2
-5
-10
-9
-4
-2
2
4
0
-7
-10
-2
7
10
7
-2
-10
0
10
13
6
-9
-10
0
6
6
-1
-9
-1
13
21
11
-8
-17
-16
-2
8
5
-5
-9
1
13
15
0
-17
-26
-17
2
14
17
14
5
-1
-9
-9
-7
-5
2
5
6
7
6
4
-1
-6
-3
-1
0
4
8
5
4
2
-5
-7
-2
6
7
0
-8
-9
-4
-2
1
1
-4
-1
10
7
-6
-14
-18
-10
4
9
5
0
0
0
1
-2
-7
-6
0
8
9
7
5
1
0
-1
1
1
0
-1
1
3
4
8
7
0
-5
-4
-2
-4
-4
0
1
2
3
3
0
-4
-10
-14
-12
-4
2
5
3
-2
-1
1
2
-1
-5
-7
-1
2
3
5
5
2
1
5
5
4
0
-1
1
4
3
0
1
4
2
4
2
-2
-2
0
1
1
-1
-3
-2
0
-1
-3
-1
-1
-3
-4
-3
-1
0
2
0
0
-1
-2
-4
0
2
-1
-1
1
3
4
4
2
0
-1
0
2
0
0
0
2
4
2
1
0
0
1
-2
0
-2
-3
0
0
-1
-1
0
0
0
-1
-2
-1
0
0
-2
0
0
0
0
0
0
2
0
0
0
-1
0
0
2
2
0
1
3
1
0
0
-2
-1
0
-1
0
2
2
1
0
-1
-2
-1
0
0
0
-1
-1
-2
-1
1
3
0
0
-2
-3
-1
0
4
4
5
4
2
3
1
-1
-3
-5
-7
-3
-2
0
5
5
7
6
2
-1
-4
-7
-8
-6
-4
-3
3
3
3
6
3
3
-1
-3
-1
-4
-4
-4
0
2
4
6
5
4
-1
-4
-4
-4
-1
0
6
5
-1
-1
-3
-3
3
6
6
5
0
-4
-7
-8
-4
-1
3
5
6
6
2
0
-1
-5
-6
-3
-4
-2
1
4
4
3
2
-1
-2
-3
-2
-1
-2
0
3
1
2
2
0
-1
-1
0
0
0
0
0
0
0
0
1
1
-1
0
0
-1
0
0
0
0
0
1
-1
-2
0
0
-2
0
-1
0
1
4
1
0
2
0
0
-1
0
-2
-1
2
3
2
2
0
-4
-5
-5
-3
-3
1
3
5
7
4
0
-4
-4
-5
-4
0
1
4
5
4
2
-1
-4
-6
-7
-5
0
6
7
6
4
0
-4
-6
-3
-3
0
4
4
5
6
1
-2
-3
-5
-4
-3
0
3
4
5
2
0
-3
-4
-5
-1
0
1
2
1
3
2
0
-2
-4
-6
-3
0
2
2
2
1
0
0
0
0
0
-1
0
2
-2
-2
1
1
2
3
3
1
-1
0
0
-1
-3
-4
1
1
0
2
2
0
-2
-2
-1
-2
0
1
2
4
0
0
0
-3
-3
0
0
0
1
1
0
0
0
-1
-1
0
0
0
0
0
0
3
1
2
1
0
1
0
0
-2
-3
0
0
0
-1
0
3
0
1
0
-2
-2
-2
-3
0
0
1
2
2
1
0
0
-1
-4
-2
-2
0
3
3
3
1
1
0
-2
-2
-3
-3
0
1
2
1
1
0
0
0
0
0
1
0
0
0
0
0
-1
-1
0
0
-1
0
0
0
0
1
1
0
1
1
0
0
0
0
-2
-1
0
0
0
0
1
0
0
-1
-2
0
-1
0
1
1
0
0
0
0
0
-3
-1
1
2
1
2
2
2
1
0
-1
-2
-1
-2
-1
-1
1
1
0
1
-1
-4
-4
-2
-1
0
3
4
3
3
0
0
-1
-2
0
1
1
0
4
5
1
-1
-4
-5
-2
-2
-3
0
2
1
0
0
-1
-2
-4
-2
-2
1
3
5
4
6
1
-3
-1
0
-1
0
0
1
2
1
0
-1
-1
-3
-3
-1
1
0
-1
0
0
2
0
0
0
0
0
0
1
0
0
0
0
2
1
-2
-2
0
-2
-3
0
0
-1
-1
0
0
0
2
1
-1
0
0
0
0
0
1
1
0
1
1
0
-1
-1
-2
0
-1
-2
0
1
1
0
1
0
0
2
1
0
-1
0
-1
0
-1
0
-1
0
1
-1
0
0
0
0
0
0
1
3
0
0
0
0
0
0
0
0
0
0
0
0
0
0
-1
-1
0
-1
0
1
0
0
2
-1
0
1
-3
0
1
-5
-4
1
6
2
-1
0
-3
-1
9
2
-14
-3
15
-3
-4
12
-4
-3
13
-6
-8
8
-4
0
8
-15
1
16
-28
-10
40
4
-27
3
6
2
3
-21
-31
18
43
-10
-21
6
5
9
4
-22
14
45
-61
-73
68
5
-54
45
7
136
110
-289
-36
260
-109
-137
39
-92
13
138
7
34
-39
-203
0
136
6
87
232
43
-75
110
77
-132
-51
-7
-215
-222
-166
-175
1
7
35
346
234
-177
-147
225
257
-56
-37
193
164
-9
-73
89
211
-236
-457
-5
89
-112
-88
-1
-16
60
-55
-127
91
-6
191
188
-536
-387
421
292
-134
-47
72
173
-82
-320
106
377
113
-347
2
493
-54
144
246
-438
-137
107
-134
-288
-196
-47
-201
-160
175
393
69
-254
1
384
91
124
529
-253
-356
436
230
-340
-512
25
-211
-242
458
-229
-578
-123
335
342
170
382
171
-160
192
251
-401
-90
314
-140
-448
-103
590
-172
-955
-101
225
57
125
112
98
131
69
-29
396
422
130
64
-81
-446
-337
18
-438
-536
43
458
346
-267
2
141
-521
-266
279
198
251
66
-289
490
406
-386
256
341
-192
-128
-63
-225
-229
-358
-790
484
1116
-616
-528
1101
405
-642
98
523
49
-279
-72
-161
-663
-188
246
85
-494
-155
1336
618
-656
-126
197
-637
-396
572
196
-475
38
539
-13
248
431
-468
-328
-126
-349
-67
-102
-215
153
554
-60
-22
478
-240
-302
227
209
133
-18
64
357
-439
-732
440
-62
-862
-87
258
529
518
52
16
-147
32
293
260
-446
-723
-150
-191
-517
74
751
545
-298
-146
681
461
-549
-743
-109
559
333
238
238
-575
-723
96
312
-269
-295
-170
-26
769
113
-502
312
607
436
-399
-122
349
-463
-442
-231
-597
-452
458
1159
-313
-618
1041
591
-634
225
239
-609
-365
245
493
-343
-723
445
423
-359
-163
306
-79
-499
138
14
-280
516
56
-211
488
54
-124
631
-363
-753
400
125
-1091
-229
721
-207
-304
135
415
725
423
-406
563
1142
-539
-943
-69
-279
-754
-377
71
-431
-30
949
118
-908
179
1155
597
-702
-466
479
371
159
-863
-316
787
594
486
-300
-1015
-173
407
-342
-908
-216
132
-195
912
934
-732
-141
1195
498
-794
-664
359
-660
-1521
383
610
-268
137
1094
501
-570
463
1145
126
-1065
-767
710
494
-467
-776
-643
135
110
-348
-403
-196
521
256
-33
583
274
381
655
-381
-405
273
74
-448
-653
-256
485
462
-390
-170
94
337
383
-147
157
-305
-591
172
465
-431
-1061
291
556
-240
-112
607
467
-277
-230
123
626
-52
-615
-229
-254
-218
403
45
-796
-16
865
923
213
-522
-152
-161
-122
84
-431
-667
-39
384
-35
267
978
26
-476
373
155
-554
-89
229
-912
-591
796
844
397
-182
-249
186
307
313
-305
-1027
-512
254
-68
-429
-250
268
423
546
305
-44
857
797
-225
-870
-778
-125
-378
-636
-527
-153
170
625
1005
-186
-161
1031
633
47
-294
-888
-392
-235
-696
34
23
-269
432
909
484
61
517
84
-18
-161
-1018
-253
149
-341
-396
-238
14
522
535
-549
-59
995
0
-272
261
-254
-112
372
-131
-451
-250
345
411
-590
-709
139
120
-296
196
545
411
711
564
-330
-433
289
-136
-600
-413
-490
-205
82
68
-208
214
396
301
820
-147
-496
571
145
-654
-370
276
-57
-225
208
-179
-252
88
71
16
-52
54
205
-6
204
368
78
-41
-207
-263
-153
-174
-526
-147
602
12
-122
788
407
-608
-246
429
-55
-380
-204
-92
-299
-456
193
551
222
-11
449
420
-303
91
184
-805
-789
0
407
332
105
-114
-33
216
104
389
736
0
-664
-477
-113
-252
-392
-87
-13
89
286
333
340
-21
-195
108
165
-71
-28
71
-26
-311
-214
292
244
-33
-257
-91
185
114
220
58
-328
-377
-28
10
-301
-493
-549
-308
-49
203
594
658
640
492
216
500
576
-20
-420
-570
-638
-451
-369
-271
-190
-145
-40
-46
-259
-701
-801
-711
-827
-723
-459
102
1152
1796
1549
1213
1229
1214
871
447
379
491
296
-106
-415
-404
-158
-479
-1353
-2182
-2530
-2179
-1798
-1659
-1331
-665
25
643
1752
2754
2753
2431
2254
1975
1627
1172
612
254
380
635
-37
-1291
-1900
-2146
-2360
-2563
-2609
-2076
-1347
-536
-23
-163
-206
329
844
378
364
1809
2327
1570
1528
2139
2247
2121
2950
3820
1943
-1738
-3443
-3750
-4897
-5255
-3466
-1764
-1126
360
2210
2551
1820
1026
192
-1062
-1946
-1599
-626
358
954
1465
2500
3174
3015
4009
5844
3790
-1386
-3937
-4551
-5927
-6440
-4715
-2553
-1641
-43
2456
3122
2990
3702
2690
-1128
-3482
-2629
-2105
-1764
509
2343
2165
2280
3541
5153
6764
5626
1279
-2506
-5125
-6943
-7354
-6500
-4679
-3052
-916
2208
4297
4870
5165
5385
2236
-2956
-4074
-3718
-4749
-3316
320
2280
2850
4591
5874
6853
7944
4380
-1190
-4354
-7286
-8779
-7244
-5153
-4234
-2137
1597
3549
4551
5455
5488
3635
-1343
-4411
-4212
-5006
-4809
-1656
1571
2472
3533
6636
8460
7390
3932
395
-2346
-6337
-8190
-6923
-6129
-4516
-1345
1309
2605
3866
5443
5203
2985
-24
-2002
-2870
-4926
-4927
-1413
544
1573
3963
5371
5838
7295
6102
319
-3479
-5097
-8298
-8854
-6139
-4129
-2515
662
4253
5465
5981
7029
5503
418
-3864
-4295
-5130
-6729
-4036
-178
577
2089
5514
6627
6720
7183
3928
-633
-3321
-6251
-8351
-7898
-6024
-4383
-2092
1511
3945
5555
7162
7506
5250
-99
-3904
-5069
-6638
-6499
-3719
-1384
320
3856
6852
7001
7969
7709
3294
-916
-4221
-7798
-9128
-7244
-6026
-5367
-1272
2718
4434
6768
8130
7376
4289
-585
-3627
-5604
-7517
-6834
-4322
-1863
987
4688
6612
6728
8814
8037
2815
-344
-3861
-8379
-8843
-6878
-6212
-4997
-846
2337
3883
6434
7399
6270
3651
-635
-3852
-5422
-6431
-5573
-2887
-726
1570
4705
5760
6215
8085
6263
1734
-799
-4575
-8362
-7544
-5625
-5502
-3558
259
1669
3316
6212
6309
5317
2794
-1386
-3463
-4958
-5882
-4224
-1936
-382
1816
4196
4954
6558
7557
4273
1335
-1034
-5448
-6961
-5700
-5850
-5290
-2199
235
1448
4152
6113
5782
4394
850
-1942
-2927
-4678
-4437
-2316
-1106
316
2339
3862
5154
6365
5054
2147
114
-3265
-6011
-5709
-5758
-5742
-3752
-1361
300
2503
5288
6094
4930
2457
-735
-2508
-3714
-4523
-3214
-1414
-46
1903
3633
5426
6874
5315
2582
165
-3441
-5765
-5929
-5861
-5098
-3190
-972
715
2872
5185
5670
4491
1751
-1060
-2450
-3797
-4265
-2803
-1243
-73
1908
3686
4911
6561
5501
2234
197
-2968
-5591
-5341
-5623
-5551
-3591
-1674
53
2595
5267
5795
4330
2298
-265
-2104
-2880
-3416
-2708
-1241
-365
844
2785
4752
5992
4986
2395
110
-2650
-4597
-4665
-5237
-5161
-3485
-1918
-205
2186
4503
5161
3988
1683
-600
-1876
-3203
-3130
-1379
-754
63
1710
2875
4725
5958
3984
1378
-579
-3771
-5255
-4716
-5139
-4347
-2254
-754
953
3166
4805
4704
3251
865
-1223
-2356
-3374
-2582
-956
-540
406
1597
2627
4709
5079
2537
920
-1078
-3787
-3572
-4074
-5193
-3311
-1814
-833
1506
3150
3579
3638
2255
60
-766
-1693
-2797
-1819
-454
-150
720
1780
2980
5194
4440
1589
536
-2057
-4152
-3725
-4660
-4605
-2703
-1692
-458
1988
3412
2770
2583
1809
-219
-448
-983
-1974
-346
555
9
910
2124
3758
4287
2189
957
-823
-3246
-3139
-3983
-4582
-2706
-2212
-1409
1203
2226
1775
2070
1800
209
-142
-643
-1587
127
1043
314
1485
2558
3644
4358
2253
824
-734
-3597
-3842
-4258
-4833
-2900
-2056
-1223
837
1526
1704
2091
1805
725
177
-347
-1161
338
1219
316
1292
2274
3479
4098
1725
578
-953
-3495
-3235
-4374
-5127
-2286
-1431
-998
1114
1469
1574
2304
1695
582
172
-656
-1191
312
977
304
893
1827
3286
3749
1330
142
-549
-2541
-2986
-4260
-4780
-2040
-1321
-1220
524
1126
1504
2112
1692
1088
916
-353
-852
656
385
-58
651
911
3035
3865
1083
298
222
-1871
-2448
-3534
-4845
-2458
-1109
-1359
-198
435
1052
1624
1344
934
410
-99
-60
1067
1267
282
877
1982
2979
3446
1012
-269
421
-1585
-2840
-3307
-4390
-2293
-1200
-2079
-1391
-860
664
2109
837
340
1460
1069
203
853
1058
557
1007
1276
1397
2674
2538
810
679
-74
-1647
-1999
-3293
-3264
-1711
-2263
-2201
-1300
-1043
451
1075
83
602
1391
849
779
1173
1108
909
792
844
1523
2294
1258
123
487
-388
-1548
-2265
-3201
-1964
-1359
-2563
-2113
-1562
-890
404
98
-276
748
1783
1497
719
946
1209
1100
1062
926
1115
1608
1722
876
132
360
-50
-735
-664
-1134
-1684
-1593
-1724
-1706
-1441
-1357
-979
-689
-554
181
534
110
285
742
584
634
988
1045
1326
1458
1091
1081
1152
1007
900
557
99
-103
-194
-705
-1241
-1304
-1348
-1506
-1661
-1573
-1445
-1352
-1008
-802
-550
-172
159
853
1246
1365
1633
1522
1635
1704
1142
867
711
296
127
3
-354
-648
-671
-688
-1069
-1332
-1216
-1202
-1236
-1229
-1271
-1106
-681
-340
-23
369
832
1173
1298
1505
1624
1401
1184
1037
820
597
310
49
-115
-139
-259
-633
-745
-624
-626
-674
-735
-738
-552
-422
-503
-588
-502
-364
-236
-115
-52
178
477
646
684
638
762
822
632
540
445
228
127
28
-205
-299
-312
-402
-313
-192
-223
-173
-41
81
84
-75
-179
-182
-200
-241
-295
-281
-119
25
37
78
149
137
152
191
88
23
83
95
77
35
27
70
113
158
174
169
151
170
170
75
61
43
-62
-71
-85
-167
-205
-184
-163
-192
-261
-262
-165
-89
-62
-33
-5
21
77
97
85
136
190
174
151
124
108
128
103
36
12
1
-6
-12
-50
-69
-61
-56
-42
-57
-92
-100
-108
-96
-47
-35
-54
-33
23
45
7
-1
38
42
20
14
24
48
45
20
31
58
65
54
38
51
64
21
-32
-50
-40
-33
-66
-97
-80
-44
-36
-52
-58
-32
-11
-25
-34
-8
32
49
38
35
48
66
63
43
41
55
51
33
11
2
16
11
-11
-19
-13
-1
-12
-35
-33
-33
-49
-50
-36
-21
-22
-38
-33
-9
10
12
7
5
0
3
17
22
0
-5
-2
-1
6
2
-1
7
23
35
39
48
54
46
42
35
4
-15
-10
-12
-28
-40
-54
-57
-34
-13
-30
-46
-32
-21
-17
-8
-11
-19
-4
17
22
21
23
24
30
38
28
15
21
27
20
10
11
9
0
-6
-5
-2
-14
-24
-27
-30
-27
-22
-23
-25
-20
-16
-14
-1
10
11
16
25
27
31
35
25
16
14
10
6
7
1
-12
-10
-6
-14
-21
-19
-15
-15
-17
-20
-15
-4
0
0
0
6
11
18
17
5
5
10
12
10
4
1
5
5
0
-10
-10
-6
-9
-8
-8
-4
0
1
3
6
4
3
3
0
0
0
-5
-3
-3
-7
-6
-6
-7
-8
-8
-2
0
1
8
11
14
17
14
12
16
10
8
5
-5
-13
-8
-7
-19
-16
-18
-13
-3
-7
0
0
4
7
-5
0
9
-13
4
23
-22
5
43
-12
-3
49
-6
-16
40
3
-15
0
-14
-22
0
-3
-46
-1
34
-60
53
124
-70
-224
-166
178
-7
2
210
-112
210
22
-134
252
-38
21
53
-89
-187
-37
108
-368
-44
289
-113
-17
95
-122
-2
159
-278
39
273
-183
182
6
82
20
-130
373
-349
40
334
-457
255
-133
-540
449
-190
-245
368
-58
-44
70
174
-245
78
376
-419
332
118
-405
472
-171
-159
140
-47
0
-208
382
-551
-77
489
-690
436
23
-359
392
-2
-303
184
246
-168
203
-103
106
-78
210
-123
-310
782
-825
282
383
-876
737
-343
-303
555
-619
477
-78
-363
604
-687
647
-311
-163
791
-937
683
-82
-495
709
-506
114
-50
121
-293
97
520
-1077
1271
-950
293
460
-1217
1679
-1471
755
136
-895
1375
-1570
1360
-430
-659
1555
-2009
1658
-575
-793
1576
-1699
1106
-677
264
181
-605
1365
-1726
1567
-308
-767
1346
-1266
866
-721
299
-171
-559
1288
-1666
1111
97
-975
1362
-846
278
60
-219
577
-1111
1156
-662
-378
1248
-1337
586
683
-887
232
751
-1086
553
186
-929
958
-409
-153
242
-306
379
-516
547
-156
-231
555
-756
647
-509
90
370
-577
447
-75
-293
435
-127
-316
478
-105
-154
243
-201
230
-185
-84
604
-994
634
224
-1226
1081
116
-1288
1593
-385
-1062
1828
-1085
-410
950
-579
-621
841
-332
-806
1499
-753
-517
1605
-777
-588
1341
-773
-272
656
-640
231
192
-326
86
477
-465
-64
450
-447
-105
305
-307
3
11
151
-55
-255
745
-425
-129
543
-608
99
339
-547
73
342
-300
-92
434
-337
91
228
-593
350
256
-725
509
126
-254
322
4
218
-171
181
-189
-167
132
-534
147
-241
-196
177
-126
65
164
20
8
321
21
-44
396
-156
-21
396
-458
120
-13
-739
133
-308
-919
343
-531
-342
593
-325
156
848
291
261
1184
363
938
1310
290
1137
777
-442
-323
-1005
-2006
-2055
-2838
-2641
-1870
-1968
-1333
120
562
1162
2600
2780
2322
3537
2417
1095
2548
1757
794
-426
-671
-1216
-2384
-2844
-4046
-2222
-1899
-3168
-669
1057
64
1413
2982
1815
2026
1984
458
-597
-697
-2329
-3202
-1561
-1960
-765
945
1429
3165
2941
3122
4024
3459
3127
1283
-185
-2072
-3191
-4581
-7264
-4978
-3345
-4099
-1745
1786
1743
3172
5035
3553
2946
3102
1796
-1464
-2333
-3247
-4764
-3932
-2573
-2038
1064
4351
3212
5004
5710
4330
4630
1815
-692
-2188
-3766
-5277
-8278
-6038
-3001
-4483
-256
4070
2816
4935
6727
3530
3280
2429
-1396
-2226
-3319
-6002
-5490
-4665
-4044
5
2012
3920
6546
6417
5663
4459
3881
2323
-741
-2742
-4812
-5312
-6068
-7686
-4059
-529
-976
2426
5936
4166
4798
5314
2007
542
-907
-3492
-5049
-5061
-5096
-4934
-2495
-296
1530
4454
6002
6159
6411
3726
2355
2997
-777
-2840
-2621
-5413
-5114
-4658
-5140
-1363
645
1225
3759
4490
3143
3527
2310
-879
-1261
-2154
-4809
-4680
-3590
-3854
-1907
324
1118
3602
5617
4742
4854
4871
1405
1500
1762
-2564
-2571
-3123
-5398
-3463
-4140
-3933
275
1056
1015
3496
3732
2538
2700
1277
-1039
-1307
-1709
-4217
-3445
-1516
-2629
-870
1562
1341
3123
4613
2941
3376
2721
-493
1682
1170
-3103
-1702
-2415
-4228
-2770
-3139
-2273
412
1493
1216
2749
3387
1845
1687
1029
-1283
-1689
-1491
-3785
-3212
-1000
-1387
-746
1558
1706
2058
3494
2395
2426
1564
-481
2164
1379
-2193
-1000
-1636
-2913
-2599
-3128
-1514
756
822
605
2397
2788
1076
189
154
-1214
-1070
-838
-3000
-1321
421
-403
104
1174
842
868
1083
641
1735
944
84
1085
2064
987
-1420
-1193
-845
-1732
-2256
-1919
340
1435
-438
680
1525
124
-384
175
-1063
-1315
656
-1156
-1609
869
479
-24
388
-544
1
809
694
1110
1029
851
1287
2463
2341
403
-606
-2248
-1929
-2264
-3447
-844
1568
613
215
1277
582
-690
-624
-916
-1799
-26
270
-1239
377
1565
199
124
109
-753
55
610
104
762
615
1264
1331
2180
3819
194
-628
-920
-3257
-1753
-2962
-2363
2024
310
-526
1799
687
-1465
-327
-299
-1790
38
1140
-794
-443
779
-205
-236
-507
-588
194
1041
1195
311
574
1959
930
113
3242
2280
-873
-835
-2063
-2104
-2067
-3289
950
2055
-1285
519
1347
-1460
-1345
81
-1325
-1233
1881
930
-1037
342
591
-130
-1481
-1015
303
905
877
217
1326
1361
692
409
1703
3878
917
-1582
-906
-1838
-2326
-2990
-1151
2270
597
-762
647
-373
-1575
-763
-932
-1068
807
1765
-208
-523
980
771
-549
-1474
-533
185
564
155
-69
1326
1712
782
364
1933
3476
1962
-1125
-1748
-2542
-3348
-2904
-1492
515
1507
1151
735
-46
-582
-671
-1028
-875
-379
1273
785
-903
-121
1230
233
-1103
-633
838
1101
251
-111
987
1461
-80
-507
1215
2619
597
-260
325
-841
-1865
-2225
-1259
-24
-503
-616
177
351
-113
-100
-603
-969
178
990
130
-169
830
363
-197
-202
-461
-234
507
195
-99
1117
1032
683
722
538
1432
1209
557
-256
-1656
-1947
-1856
-1161
-697
-152
797
605
-331
-402
-216
-539
-520
-7
652
652
212
-112
-112
145
175
-317
-525
138
271
165
460
320
635
318
83
1285
2342
1896
404
-871
-1943
-2253
-1711
-1420
-529
964
722
99
141
-138
-1126
-808
-38
-426
313
1197
241
-404
400
381
-615
-320
513
450
776
414
-552
-496
-357
-357
594
1515
1602
1074
680
638
-377
-1657
-1753
-1048
-704
-917
-681
160
712
565
-105
-279
-100
-201
-118
-232
-401
261
300
-541
-355
198
267
151
186
699
1018
1323
1147
-221
101
3328
1697
-1847
-1493
-2167
-1548
-657
-1250
831
1997
266
-559
-1136
-1443
-1406
-366
249
-77
1799
1915
-1690
-1737
1308
894
-736
162
1163
960
1118
-736
-1126
432
-64
-1119
266
2246
866
-540
385
149
-1294
-1437
-389
501
77
-158
-92
282
53
-268
-470
-627
-20
690
-291
-1377
-697
237
688
90
26
1586
2177
464
-826
429
1631
617
-1372
-2192
-821
128
-918
-636
1582
1902
-57
-1139
-808
-1007
-761
-309
-577
474
1832
270
-1263
63
1025
-99
-735
296
914
432
-128
-32
35
-290
-433
7
785
1222
347
-343
85
166
-572
-594
-198
-253
-397
-560
227
289
-296
-404
-1059
-641
373
242
599
554
272
843
406
-355
347
1648
1318
128
-979
-1686
-1186
-622
-570
71
1167
1299
269
-444
-401
-1160
-733
-248
-454
519
1023
206
-552
-219
187
-189
-104
504
878
866
-262
-465
-202
-284
-623
91
1042
662
272
255
118
-192
-673
-831
-173
46
-214
-245
349
390
-161
-299
-62
-157
55
122
-75
91
240
227
-226
-484
421
-48
-1306
-745
-81
602
634
416
1348
1299
-326
-430
1418
1163
-847
-1108
-850
-858
-227
-595
-808
775
1219
-386
-835
27
-246
-388
251
-613
138
1634
-188
-1442
599
1551
-739
-1018
972
851
-161
-552
-282
237
-24
-455
95
1367
921
-302
-202
80
-339
-767
-525
143
21
-538
-132
342
-11
-86
296
-117
-416
161
338
-151
-302
99
287
-52
-296
28
571
286
-295
-132
266
248
-123
-217
-14
168
65
-17
145
184
12
-56
-183
-307
-91
65
-83
-218
-48
16
-34
79
246
193
-102
-166
98
93
-163
-156
75
50
-74
-8
126
194
79
-87
-27
138
84
-67
-154
-164
-103
-67
-66
104
201
66
6
33
-22
-8
-59
-196
-23
159
-99
-184
151
205
-18
-33
127
143
53
19
79
77
-108
-78
22
-142
-125
147
86
-117
50
217
-136
-506
-115
-137
-670
-498
-172
180
541
686
1039
941
1026
965
-215
-726
-1224
-1128
-558
-1299
-350
1343
390
-180
806
767
-644
-774
384
-642
-978
711
195
-1059
324
1151
-146
-312
976
564
-345
-191
-97
-403
-462
-78
-7
625
900
370
235
496
-82
-700
-720
-9
-327
-836
-83
566
84
-18
426
262
-254
-164
59
-297
-289
47
150
-6
-3
-1
154
147
-103
-112
102
243
133
-146
46
301
-166
-285
345
231
-258
23
332
-103
-404
-33
95
-310
-155
93
-61
-83
85
121
-181
-194
170
75
-172
34
118
-66
-102
105
121
36
-37
27
161
67
47
120
100
36
-61
-120
-82
-73
-83
5
-8
76
140
62
-31
-115
-73
-45
-155
-90
72
76
46
46
72
15
-78
-40
5
-40
-62
0
108
71
18
23
32
49
35
-38
-46
-1
-35
-31
6
-17
-19
25
34
21
-6
-18
-16
-109
-64
62
31
4
46
49
44
27
-7
-4
-4
-53
-85
-39
34
13
5
40
7
-36
-59
-19
13
-12
14
52
50
33
18
-4
-28
-12
-4
-50
-38
6
12
12
2
28
36
-11
-11
24
6
-34
-31
-7
11
7
-27
2
52
5
-7
48
55
-43
-84
0
-3
-66
-29
2
-33
-23
-34
-57
-18
43
57
51
96
127
111
98
80
26
-18
-42
-72
-77
-55
-49
-41
-45
-60
-55
-46
-41
-41
-16
8
8
13
18
22
41
39
23
8
-1
14
6
-17
-6
6
-5
-5
25
58
47
38
37
20
4
-22
-32
-9
-7
-17
-13
-6
-13
-24
-18
-21
-32
-23
-12
-11
-15
-8
1
-3
-3
14
24
6
-7
4
11
4
6
17
14
4
5
12
14
13
26
39
40
40
35
22
9
-13
-40
-68
-96
-115
-138
-149
-146
-137
-106
-50
17
79
139
218
280
294
300
297
245
160
85
15
-86
-187
-236
-271
-318
-327
-287
-253
-226
-166
-102
-77
-46
3
26
34
63
91
104
121
152
185
205
223
245
254
233
193
154
97
23
-46
-108
-169
-222
-250
-257
-254
-231
-191
-149
-109
-64
-30
-3
24
47
65
79
81
77
84
90
87
92
101
97
90
88
82
67
55
46
32
7
-14
-38
-63
-81
-90
-95
-95
-87
-77
-68
-52
-38
-25
-10
3
9
4
-1
-9
-24
-34
-38
-32
-27
-22
-6
8
21
38
57
67
73
75
78
77
73
69
58
45
26
7
-7
-22
-35
-44
-52
-65
-73
-78
-78
-76
-68
-55
-38
-21
-5
6
13
18
21
25
25
23
27
31
39
52
54
54
52
44
29
13
-5
-27
-44
-52
-51
-49
-41
-29
-25
-17
-11
-7
-5
-4
4
12
23
29
29
26
21
14
6
-3
-10
-15
-16
-17
-18
-16
-10
-3
4
10
17
18
18
17
18
15
13
7
4
-1
-2
-2
-10
-17
-20
-20
-17
-15
-11
-7
0
4
8
3
1
1
-1
-5
-7
-7
-3
-1
-1
-3
0
3
6
5
4
10
15
17
14
13
11
6
0
-4
-10
-14
-14
-13
-14
-13
-7
-2
0
4
9
11
14
13
7
5
4
1
0
0
0
0
1
2
0
1
3
1
-1
-5
-6
-9
-13
-15
-16
-16
-13
-9
-7
-5
2
6
9
12
14
14
13
11
10
8
8
7
6
9
9
6
2
-2
-5
-6
-8
-11
-14
-18
-20
-17
-14
-9
-7
-2
-1
3
8
11
12
9
5
6
7
6
6
4
1
2
2
2
0
-1
-1
-2
-3
-3
-4
-7
-7
-5
0
1
0
2
3
5
4
2
0
1
2
1
-2
-4
-3
-1
-3
-8
-6
-3
-1
0
-2
-2
0
1
3
3
4
4
4
4
3
4
2
3
3
2
1
-1
-2
-2
-4
-2
0
-2
0
0
-2
-5
-2
0
-1
-2
-1
1
3
0
2
1
1
0
-1
0
-2
-5
-1
0
0
3
2
-1
-4
-5
0
1
0
6
5
0
0
2
1
2
0
0
1
-3
0
-2
-2
5
2
-6
-2
8
4
1
7
0
-1
2
-11
-10
20
28
0
-4
-4
-13
-14
-36
-37
-7
1
19
39
27
13
21
20
-6
-7
-26
-36
18
33
3
-24
-48
-19
28
27
27
221
141
-376
-340
-80
-37
182
69
80
376
70
-102
133
31
-134
-17
-53
-311
-103
10
-394
-61
425
82
-48
196
211
57
-63
-51
38
34
-36
-29
2
4
-113
-154
15
-29
-80
22
46
39
-96
-45
185
96
26
157
4
-219
-93
-13
13
36
-44
183
140
-132
71
94
-40
-71
-109
-84
-139
-62
-139
-191
198
190
0
190
211
24
36
67
-81
-79
-24
-80
-59
-63
-22
-16
-67
20
44
43
10
-18
70
-5
-52
47
35
8
-15
-58
-11
22
-17
-5
17
28
14
-19
15
-8
0
18
-74
15
33
-66
17
16
-19
27
-13
-12
33
-36
-2
71
3
18
-14
-2
89
-24
-10
11
-43
12
-70
-40
9
-55
20
-13
-40
25
0
30
22
-7
28
-2
13
52
32
29
-1
-12
-16
-35
-36
-28
28
-15
-22
29
-40
19
22
-4
66
-43
17
39
-91
35
-29
-49
96
-44
14
60
-86
22
5
-28
50
-52
18
57
-71
21
11
-77
48
4
-66
69
25
-33
40
29
-3
-3
45
-37
-55
74
-57
-36
51
-85
-13
37
7
7
-18
57
-18
-38
77
-42
-34
58
-54
-3
28
-38
55
-37
-15
125
-67
12
61
-121
46
43
-57
25
-32
-15
26
-24
-14
26
0
10
74
-35
-60
51
-8
-28
22
-17
-36
32
16
-39
12
-5
15
46
-48
7
-3
-53
67
9
-32
13
-38
7
58
-24
-14
34
-35
-3
45
-29
23
-5
-57
62
-23
-17
78
-88
-8
110
-87
10
75
-123
35
41
-78
62
-11
-24
31
-28
27
-51
19
31
-36
64
-103
4
96
-70
92
4
-36
80
-77
-9
9
-50
-33
28
-6
-78
59
-9
-65
97
67
0
6
75
-23
-107
60
7
-38
16
-7
17
-10
-25
8
-80
-31
57
-35
-1
6
-54
22
37
58
20
39
61
-79
107
41
-158
74
-18
-54
58
-61
-30
7
9
-29
-42
27
-3
-47
-6
36
-35
52
58
-66
81
-24
-23
77
-75
81
-26
-37
158
-118
0
60
-107
49
-30
36
25
-87
77
-56
2
-43
0
45
-122
178
-69
-74
84
-116
107
-30
-4
120
-122
67
5
-80
72
-41
27
-15
26
-11
-52
99
-93
10
20
-7
49
-79
95
-53
-15
87
-86
50
-25
-54
69
-29
-15
46
-23
12
-4
-46
-21
12
1
3
-5
-1
17
-19
43
-9
-15
57
-22
-30
15
-82
32
35
-5
35
-38
104
-50
-43
126
-81
6
-6
-36
91
-164
48
60
-53
78
-77
25
30
-28
-42
63
-23
-77
40
16
45
-35
-8
78
-80
38
-18
-58
135
-126
29
53
-64
55
-2
-20
63
-14
-75
24
23
-30
-73
63
105
-57
-90
36
37
-1
-22
13
39
-17
-53
-17
57
6
-22
55
-20
-4
-45
-43
120
-93
0
85
-72
69
-53
-50
66
-28
26
-36
36
23
-58
65
-24
-51
39
-40
15
63
-55
29
-72
12
147
-105
-31
75
15
-51
-45
140
-105
-109
101
-51
60
17
-44
27
53
52
-102
3
59
-53
-34
-11
103
-73
-106
109
-40
-42
38
20
33
65
16
-44
110
-55
-142
32
-29
-14
-39
35
21
-88
168
47
-132
102
60
-49
30
-72
-4
-46
-175
145
-29
-144
216
-4
-15
153
-51
16
25
-98
15
88
-109
13
-30
-88
57
-121
92
107
-171
185
-27
-97
126
-186
148
44
-198
171
-115
41
245
-286
132
165
-161
16
-70
21
26
-92
23
-121
6
-4
-106
166
68
-8
-2
59
110
-119
19
140
-122
23
-123
-43
95
-48
-40
-147
124
217
-243
133
220
-422
211
171
-254
163
-176
-135
342
-255
88
54
-166
370
-251
117
181
-494
347
-104
-242
472
-516
223
234
-473
425
-199
-110
385
-387
177
57
-200
223
-149
201
-63
-208
206
-95
134
-62
-209
291
-176
-23
104
-151
143
-152
-34
231
26
-9
-65
118
33
-134
26
-101
15
34
-208
-3
50
-26
52
166
84
-57
51
-8
-84
100
-138
-166
223
-132
-36
197
-276
109
111
-211
291
-82
12
223
-211
224
-145
-198
178
-275
253
-37
-397
262
-187
56
258
-127
254
14
-75
120
-59
-95
-203
-62
99
52
-87
-29
115
-47
112
73
-42
141
-28
-51
5
-30
-134
-147
181
-41
-28
113
-177
156
-8
-145
185
-129
116
15
-161
177
-141
14
155
-61
16
18
-103
-63
218
-122
42
156
-194
207
-104
-167
46
-82
18
-162
170
-75
-99
394
-133
79
228
-184
153
-9
-309
-71
-77
-147
-35
160
96
-19
207
-20
27
224
-202
57
-111
-60
143
-440
152
356
-346
130
299
-301
173
22
-435
488
-189
-320
425
-408
222
155
-470
535
40
-371
362
-453
-99
273
-591
452
154
-140
545
-274
58
216
-264
-3
186
-98
-291
167
-233
-39
131
-80
250
8
-155
162
-158
-130
259
-327
207
583
-524
7
321
-389
-107
145
-36
-86
11
75
-52
-176
54
145
120
246
52
-389
32
176
-252
125
223
-161
-138
-275
-164
209
-193
-41
513
165
180
135
-163
196
65
-265
45
-25
-297
-453
-263
126
-138
-47
509
283
40
184
-108
30
140
-238
82
-3
-99
-74
-275
109
-183
-209
357
238
39
91
74
-103
78
93
-72
-44
-149
69
-256
-156
231
-238
24
36
30
33
-91
452
-84
-86
303
-211
-87
-31
-105
-145
15
271
-88
-134
67
9
-44
268
393
-280
15
274
-459
106
61
-400
205
27
5
-124
-113
261
-350
-148
293
-90
-118
90
41
76
219
-57
289
74
-248
172
-367
105
-105
-366
495
-206
180
170
-249
403
-93
18
122
-93
-30
-240
-1
-251
-267
64
-158
161
140
-22
269
-4
93
115
-88
169
-74
-172
171
-81
-369
86
39
-97
166
-212
88
182
-146
175
55
53
143
-32
41
144
-165
-232
79
-171
-211
-132
-123
122
66
0
88
195
222
158
4
-4
108
-201
-242
-201
-321
111
-23
-119
392
253
195
209
-19
142
-79
-275
-70
-199
-165
-154
-300
166
153
-165
181
255
79
-45
-121
106
97
-136
115
110
-87
182
-103
-225
146
-136
-148
85
90
-17
-175
64
175
-39
-2
127
1
-68
108
-165
-309
118
-49
-53
302
-22
-43
111
-43
54
-118
-34
117
-77
151
118
-170
-19
66
-28
-30
15
-84
-79
13
-55
6
-2
73
120
16
194
50
-196
-49
-44
-49
-84
-50
14
-111
90
51
-82
153
85
50
143
-4
3
-1
-71
-14
-85
-90
-15
-86
-70
75
61
12
34
125
54
-101
-3
13
-32
31
-14
-13
6
-64
-31
-8
3
-23
-31
56
64
10
-17
-22
13
20
-6
10
33
21
-4
-26
-33
-26
-6
33
-9
-13
6
-77
-15
59
1
59
67
44
33
-75
-22
-4
-97
-19
11
-31
29
2
-10
35
10
6
17
32
22
-47
-12
60
-1
-60
8
43
6
11
-55
-24
29
-81
-55
18
-6
-8
-20
31
122
29
-6
75
4
-20
-61
-61
19
-27
-56
0
48
5
-32
2
103
76
-59
0
45
-60
-82
-38
-10
42
-36
-43
106
58
-48
-16
52
71
-22
-75
13
49
-8
-74
2
82
-30
-46
30
0
-43
-50
-58
10
48
-44
2
129
74
-23
-12
33
-9
-52
-27
-7
19
0
-57
-33
25
11
9
50
52
39
-10
-54
-43
-42
-23
14
19
7
5
-18
-30
5
32
25
36
60
28
-35
-66
-42
-1
-14
-11
35
30
-16
-33
0
24
12
1
28
36
-21
-53
-10
18
-9
-18
10
22
-6
-30
-6
20
9
-8
23
55
-3
-47
0
30
-1
-27
-11
23
0
-58
-47
8
14
-5
22
58
19
-35
-5
44
18
-30
-23
24
21
-25
-26
-11
-24
-25
-7
27
43
6
1
40
14
-48
-43
8
30
0
-27
-9
10
-11
-11
30
57
29
-10
-10
-9
-35
-45
-24
16
16
-13
0
19
0
-15
-12
12
30
0
-1
22
7
0
-9
-8
11
-7
7
8
-37
-14
-14
-14
67
29
-43
-11
22
46
-29
-56
32
-39
-31
63
-19
-13
16
-1
43
1
-5
-12
-37
56
2
-58
39
-5
-33
24
-12
-9
6
-4
37
0
-34
9
4
18
0
-22
33
8
-9
17
-30
-18
20
-2
1
2
-20
6
20
-7
-13
-10
14
19
-7
-1
-19
-10
-11
-33
24
9
-27
23
27
15
-4
3
43
-11
-17
22
-1
-4
-23
-26
18
0
-15
-5
-5
21
0
-31
4
7
-7
-1
-4
12
14
-11
5
22
-6
-15
6
10
3
-11
-13
15
14
-11
-8
9
12
-3
-24
-14
13
7
-8
-1
16
15
-3
-4
2
-8
-9
-2
0
-2
-17
-12
4
2
0
-1
10
15
0
0
0
6
16
10
10
10
-1
-17
-19
-10
-6
-6
0
2
-3
-11
-15
-8
-1
6
20
22
17
2
-7
-5
-13
-11
2
8
13
5
-4
0
-3
-6
-1
5
14
8
-6
-5
-3
-9
-11
-9
-3
2
1
3
2
4
3
-3
0
1
-1
0
4
9
7
0
-5
-9
-6
-3
-5
0
5
3
2
4
4
1
2
7
4
-4
-8
-4
-3
-4
-5
-1
2
2
2
4
2
0
2
3
0
-3
-5
-1
3
-2
-5
-1
2
1
-3
-1
4
3
0
-1
1
0
0
0
1
0
-2
-4
0
1
-2
-2
2
3
0
-3
-1
2
3
0
-2
2
4
1
-3
-3
1
2
0
-2
-1
0
1
2
0
-2
-1
0
4
1
-1
-1
1
2
0
-2
-4
-2
-1
-1
-1
-2
0
2
3
1
1
1
0
-1
-3
-2
-2
-2
0
0
2
4
3
3
0
0
0
0
-3
-3
-1
0
3
5
2
2
4
2
0
-3
-3
-2
-2
-1
-2
-1
0
3
3
3
1
-1
-2
-3
-3
-3
-5
-2
1
2
1
2
3
1
0
-1
0
0
-1
0
0
0
1
1
1
1
1
0
-1
-2
-1
1
0
0
0
0
1
0
-1
0
2
2
0
0
-1
-2
0
-2
-1
-1
-1
0
1
1
0
1
2
1
0
-1
-1
0
-2
-3
0
1
0
0
0
1
1
-1
-1
1
0
1
0
0
1
0
0
1
0
-1
0
0
0
0
0
0
0
0
0
0
0
-1
0
0
-1
0
0
0
0
0
0
0
0
0
-1
0
-2
0
0
0
0
0
0
0
0
0
1
0
0
0
0
0
0
0
-1
0
1
0
0
-2
0
0
0
0
0
1
0
0
0
0
1
1
0
0
0
1
0
-1
-1
-1
0
0
0
0
0
0
0
1
2
0
-1
0
0
0
0
1
1
2
1
0
0
0
-1
1
-1
-2
0
0
0
0
0
-1
1
0
0
0
0
0
0
0
1
1
0
0
-2
-2
0
1
0
-2
-1
0
0
0
0
0
0
0
2
2
2
4
3
3
2
1
0
0
1
0
0
-1
-2
-2
-3
-3
-4
-3
-3
-3
-4
-3
-2
-2
-3
-1
0
1
2
0
2
3
2
2
3
2
1
3
0
0
1
1
1
1
1
-1
-1
0
0
0
0
2
0
0
0
0
0
0
1
1
0
1
0
-1
0
-2
-1
-2
-1
0
-1
0
-1
-2
-2
0
-1
0
0
-1
0
1
-1
0
0
1
3
0
1
1
1
0
0
0
0
0
1
0
0
0
0
-1
0
0
0
-1
0
0
0
-1
0
1
0
0
-2
-1
0
0
0
0
1
0
0
0
-1
0
-1
-2
2
2
0
0
0
1
2
2
2
1
1
-1
-3
-2
0
0
-1
0
0
0
0
0
-1
-1
0
0
0
0
2
1
0
0
1
2
0
0
0
0
0
0
0
0
0
0
0
0
-1
-1
-2
0
0
0
1
-1
-1
-1
-1
0
1
2
0
2
2
3
2
0
-1
-1
-1
0
0
0
0
0
0
0
0
-2
0
-2
-2
0
0
0
1
1
2
0
2
1
0
-1
-3
-2
-1
-1
0
1
0
0
2
0
0
0
-1
0
-1
0
1
1
0
1
1
1
0
2
-1
-2
0
-1
0
0
1
0
1
2
1
0
0
1
0
-1
0
0
-3
-2
0
-1
0
0
0
0
0
0
0
-1
-1
0
-1
0
1
-1
0
1
0
1
0
3
1
-1
0
1
0
0
0
0
1
1
0
0
0
0
0
-1
1
0
-1
0
0
0
-1
0
0
0
-1
-1
0
0
-2
-1
-1
-1
-1
0
-1
-1
0
0
0
0
1
0
0
1
0
0
1
1
1
0
0
1
1
0
0
1
0
0
0
1
0
-1
0
-2
-1
0
-1
0
-1
0
0
0
0
0
0
1
0
0
0
0
1
1
0
0
0
1
0
0
0
2
2
0
1
0
1
0
0
0
0
-1
0
0
-1
-1
0
0
0
0
-1
-2
0
0
0
0
-2
-1
-2
0
0
-1
0
0
0
0
0
0
0
0
0
0
1
0
0
1
0
0
0
0
1
1
1
0
1
2
0
0
1
2
1
0
0
-2
0
0
0
-1
0
-1
-1
0
-1
0
0
-1
0
1
0
0
-1
-1
0
0
0
0
0
0
1
0
2
1
0
0
0
0
0
0
0
0
1
0
0
0
0
0
0
0
0
0
0
-1
0
0
0
0
0
0
0
0
0
0
0
-1
0
1
0
0
0
1
0
0
0
0
-1
1
0
-1
0
0
0
1
1
0
0
0
-1
-1
-1
0
0
1
1
1
1
1
0
0
0
-1
0
0
0
0
0
1
0
0
0
0
-1
-1
0
0
0
0
0
0
0
0
-1
0
0
0
0
0
0
1
0
0
0
0
0
0
0
0
1
0
0
0
0
0
0
0
0
0
0
0
1
1
0
0
-1
0
0
0
0
0
0
1
1
0
0
-1
0
0
-1
0
0
0
0
0
1
1
0
0
0
0
0
0
0
0
0
-1
0
0
0
0
0
0
0
0
0
0
-1
0
0
0
0
0
1
1
-1
0
0
-1
0
0
0
0
-1
0
0
0
0
0
1
0
1
0
0
0
0
0
0
0
0
0
0
0
0
0
0
0
-1
-2
0
0
-1
-2
-1
0
2
0
0
-1
0
2
2
0
-1
-1
1
2
1
0
-1
0
1
2
0
-3
-2
0
1
0
-1
-2
0
1
2
0
-2
-2
0
0
0
0
0
0
1
0
0
0
1
1
1
0
-1
-1
0
0
0
0
-1
0
0
0
0
0
0
0
0
-1
-1
0
0
0
1
0
0
0
0
0
0
0
0
0
0
-1
-1
0
0
1
0
0
0
0
1
0
0
-1
-1
0
0
0
-1
0
1
0
0
0
0
0
0
0
0
0
0
0
0
0
0
1
1
-1
0
0
0
-1
-1
0
-1
0
2
0
0
1
0
0
1
-1
0
0
-1
1
0
0
1
1
0
0
0
0
-1
-1
0
-2
0
0
-1
0
0
0
-1
-1
0
0
1
0
0
1
0
0
0
0
1
1
0
0
0
0
1
0
0
0
-1
-1
1
1
0
0
-1
-2
0
0
0
0
0
-1
-1
0
0
0
0
0
0
0
1
0
-1
0
0
0
0
0
0
0
-1
0
2
0
0
1
0
0
0
0
0
0
0
0
-1
-1
0
-1
-1
0
0
0
0
0
1
0
-1
0
0
0
2
0
0
0
0
0
1
0
-2
0
0
0
0
0
0
0
0
0
-1
-1
0
0
0
0
0
1
0
0
1
1
0
0
1
2
1
1
0
0
0
0
0
0
0
0
-2
-1
0
1
0
-3
0
0
0
0
0
0
0
0
0
0
0
0
1
0
0
0
0
0
0
1
0
0
0
0
0
0
1
-1
-1
0
0
0
0
1
0
0
0
0
0
0
1
0
0
0
-1
0
0
0
0
0
0
0
0
2
1
0
0
0
0
0
0
0
0
0
0
0
0
-1
0
1
0
1
0
0
0
0
0
-1
0
0
0
-1
0
0
0
0
0
0
0
0
-1
0
1
1
0
1
0
0
0
0
0
-1
0
0
2
1
-1
-2
0
1
2
4
2
0
-2
-2
0
0
1
1
0
-1
-3
-3
0
2
0
0
-2
-2
-3
-2
2
3
0
-2
-4
0
3
0
-2
-1
-2
-1
0
0
1
0
-1
-1
1
1
0
0
0
0
2
0
2
2
1
0
1
2
1
1
2
1
0
0
0
1
0
-1
-1
-2
-2
-3
0
1
1
-1
-5
-6
-4
1
6
2
-2
-5
-5
0
3
5
2
0
-1
-2
0
1
2
1
1
0
0
0
-1
0
0
3
2
0
-2
-1
0
1
3
1
-3
-5
-2
1
6
4
-4
-8
-5
0
5
5
0
-3
-6
-6
0
7
6
2
-4
-3
0
2
3
1
0
0
0
1
-1
0
1
2
2
0
-1
-2
-2
-1
0
0
0
0
0
0
0
0
2
1
-1
-1
0
0
0
1
0
0
0
0
0
0
-2
-2
0
2
1
0
-3
-2
0
2
2
0
-1
-1
0
4
1
0
0
-1
-1
-1
-1
1
1
1
0
-1
0
0
0
0
-1
0
1
0
0
-1
0
1
0
0
-1
0
1
1
0
0
0
0
0
0
0
-1
0
1
0
0
0
0
0
-1
0
2
2
0
-2
0
-1
-1
0
1
0
-1
-1
1
0
0
0
0
0
0
-2
0
3
0
0
0
0
0
0
0
0
0
1
0
-2
-2
-1
2
2
0
-2
-3
0
3
4
0
-2
-1
-1
1
0
-1
-1
0
3
3
1
-1
-1
-1
0
0
0
0
0
0
0
-1
-1
0
1
0
-3
-1
-1
2
3
0
0
0
0
0
0
-1
1
1
0
1
0
0
0
-1
0
-1
-1
0
0
0
-1
0
0
1
0
0
0
0
0
0
0
1
0
0
0
0
2
0
0
0
-2
0
1
0
0
0
0
0
0
0
0
0
0
1
0
0
0
0
0
0
0
0
0
0
0
0
0
0
0
0
0
-1
0
0
-1
0
0
0
1
0
0
0
0
0
1
1
0
0
0
0
-1
0
0
0
0
0
0
-1
0
0
0
0
2
0
-1
-1
0
0
0
0
-1
0
1
1
0
0
0
0
0
0
0
1
0
0
0
0
1
0
1
1
-1
-1
-1
0
0
0
0
0
-1
-1
-1
0
1
1
0
0
1
1
0
0
1
0
0
0
0
-1
-1
0
-1
-1
-2
-1
0
2
2
0
-1
0
0
0
0
2
0
0
0
-1
1
0
0
0
0
-1
-1
0
0
0
0
0
0
0
0
1
0
0
0
0
0
0
0
0
0
-1
-1
1
0
0
0
0
0
0
0
1
0
0
0
0
1
0
0
1
0
0
0
0
-1
0
0
0
1
0
1
-1
-1
0
-1
0
0
0
0
0
0
-1
0
1
1
0
0
0
0
0
1
0
0
0
1
1
-1
0
0
0
0
2
0
0
0
0
1
0
-2
0
0
0
0
0
0
-1
0
1
0
0
0
0
0
0
0
0
0
0
0
0
0
0
1
0
0
0
0
0
0
0
-1
0
1
-1
0
0
0
0
-1
-1
1
0
0
0
0
0
1
0
-1
0
0
0
0
0
0
0
0
0
-1
0
1
0
0
0
-1
-1
0
0
0
0
0
0
0
0
0
1
2
0
0
0
0
0
2
1
0
0
0
1
1
-1
0
0
0
0
-1
-2
0
1
0
0
0
-2
-1
0
0
0
0
-1
-1
0
1
0
1
0
0
0
0
0
0
0
1
0
0
0
0
1
0
-2
0
1
0
0
0
0
0
0
-1
0
0
0
-2
0
-1
0
0
-1
-1
0
0
0
0
0
0
0
0
1
0
0
0
0
0
1
0
0
1
0
0
0
0
1
0
0
1
1
0
0
0
0
0
0
0
0
-1
-1
2
0
0
0
-1
0
0
0
0
-1
0
0
0
0
0
0
0
0
0
-1
0
0
-1
0
0
0
1
0
0
1
0
0
1
0
0
0
0
0
0
0
0
0
0
0
0
1
-1
0
0
0
1
0
0
0
0
0
1
0
0
0
0
-1
0
2
0
0
0
0
-1
0
0
0
1
0
-1
0
0
-1
0
1
0
0
0
0
0
0
-2
0
2
-1
0
0
-1
0
0
3
0
0
1
0
-1
1
0
-1
0
0
0
0
0
0
0
0
0
1
0
0
0
-1
0
0
0
0
-1
0
0
0
0
1
0
-1
1
0
-1
0
-2
0
0
0
0
0
-1
0
1
0
1
1
-1
1
1
0
1
0
0
1
0
0
0
0
0
0
1
0
0
0
0
0
-1
0
0
0
0
0
-1
-1
0
-1
0
2
-1
0
0
0
1
0
0
0
0
0
0
0
0
0
0
-2
1
2
-1
1
0
0
0
0
-1
0
0
0
0
0
0
-1
0
0
0
1
0
0
-1
0
0
0
0
0
0
1
0
0
0
0
0
0
-1
0
1
0
0
0
0
0
-1
0
0
0
1
0
0
0
0
0
0
-1
0
0
-1
0
0
0
0
1
0
0
0
-2
0
-1
-1
0
0
0
0
1
2
0
0
0
0
0
0
0
0
0
1
0
0
0
0
0
0
0
0
1
0
0
0
0
0
0
0
-1
-1
1
1
1
0
0
0
0
0
0
0
0
0
0
-1
0
0
-1
0
0
-2
0
-1
-1
0
-1
0
0
-1
0
0
0
0
0
0
1
0
0
1
0
1
0
0
0
0
2
0
0
1
0
0
0
-1
0
0
0
-1
0
0
0
0
0
0
-1
0
0
0
0
0
0
0
0
0
0
0
1
0
0
0
1
1
-1
-1
0
0
0
0
1
0
1
1
-1
0
0
0
0
1
0
0
0
0
-1
-1
0
-1
0
0
0
-1
0
0
-1
0
0
-1
0
0
0
0
0
0
0
0
0
0
0
1
0
0
0
1
0
0
0
0
1
0
0
0
0
0
0
0
0
0
0
0
0
-2
0
0
-1
1
1
-2
-1
0
0
0
0
0
-1
-1
0
0
0
0
0
0
0
0
0
0
1
0
1
0
0
1
0
-2
1
-1
1
1
-1
1
1
0
0
0
0
-1
-2
-1
0
-1
1
0
0
0
0
0
-1
-1
0
0
0
1
0
0
0
0
0
0
1
0
-1
0
0
1
2
2
1
-1
-1
0
-1
0
0
0
1
0
0
0
0
-1
0
0
0
0
-1
0
0
-1
0
0
-1
0
0
0
0
0
0
0
0
0
0
1
0
0
0
0
0
0
0
1
0
0
0
0
-1
0
0
0
0
0
0
0
0
0
0
0
0
1
0
0
0
-1
1
0
1
0
0
0
-1
0
0
0
0
-1
0
-1
0
1
0
0
0
0
-1
0
1
1
0
0
0
0
1
0
0
0
-1
0
0
1
0
0
0
0
0
0
0
0
0
0
0
0
0
-1
0
1
0
0
0
2
0
0
0
0
0
0
1
0
0
0
0
-1
0
-1
-2
0
0
-1
0
1
0
0
0
1
0
0
0
0
0
0
0
1
0
0
0
0
2
0
0
0
0
0
0
0
0
2
1
0
0
0
0
0
0
0
-1
-1
0
0
0
0
0
1
0
0
-1
-1
0
0
-1
0
0
0
0
1
0
0
0
0
0
0
0
-1
0
0
0
0
-1
0
0
1
1
0
1
0
1
1
1
0
0
-1
0
0
0
0
0
0
-1
0
0
0
0
0
0
0
0
0
0
-1
0
0
0
0
0
0
0
0
1
0
0
0
0
0
0
1
0
0
0
0
0
-1
0
0
0
1
0
-1
0
0
0
0
0
-1
0
0
0
0
0
0
0
0
0
0
0
1
0
0
0
0
1
0
0
0
0
0
0
0
0
0
1
0
0
0
0
0
1
0
-1
0
-1
-1
0
0
0
1
0
1
0
0
0
-1
0
1
0
0
0
-1
-1
0
0
0
0
0
0
0
0
0
-1
1
0
0
0
0
0
1
0
0
-1
0
-1
0
1
1
0
0
2
1
0
1
1
-1
0
0
0
0
-1
0
0
0
0
0
0
0
0
0
0
-1
-1
0
0
0
0
1
0
0
1
0
0
0
0
0
0
0
0
0
0
1
0
1
1
0
0
1
0
-1
0
0
0
0
0
0
-1
0
0
0
0
0
0
0
0
0
0
0
0
0
0
0
0
0
-1
0
0
0
0
-1
0
1
1
0
0
0
1
1
0
0
0
0
-1
0
0
0
-1
-2
-1
0
0
-1
0
0
2
0
0
0
0
1
0
0
0
0
0
0
0
0
0
0
0
0
0
0
0
0
0
0
1
0
0
1
-1
0
0
-1
0
0
0
0
-1
-1
0
-1
0
0
0
0
0
-1
0
0
0
-1
0
0
1
1
0
-1
0
0
0
0
0
0
0
0
1
0
0
0
-1
0
1
-1
0
0
-3
-2
0
0
0
0
0
1
1
-1
1
0
0
2
0
-1
0
0
0
1
1
-1
2
-1
-1
0
-1
0
0
-1
0
-1
0
0
0
0
0
0
0
-1
-1
0
0
0
0
0
0
1
1
0
1
0
0
-1
0
1
2
1
0
0
0
0
0
0
0
-2
0
0
0
0
0
-1
0
1
0
0
0
0
1
1
0
-2
0
0
-1
0
-1
0
0
-1
0
0
1
0
0
0
0
-1
0
0
0
1
2
0
0
1
0
0
1
1
1
0
-1
-2
-1
0
1
0
0
-1
-1
0
0
0
0
1
0
0
1
0
0
0
0
0
0
0
0
0
0
-1
0
0
0
0
0
0
0
1
0
0
1
1
0
0
0
0
0
0
0
0
0
1
0
0
0
0
0
0
-1
-2
0
0
0
-1
0
1
0
-1
1
0
0
0
0
0
-1
1
1
1
0
0
1
-1
-1
0
0
0
0
1
0
0
-1
-1
0
1
0
0
-1
1
0
0
-2
-1
0
0
1
0
-1
0
0
0
0
0
0
0
1
0
1
1
0
0
-1
1
0
0
0
0
1
0
0
-1
0
0
0
0
0
-1
0
0
-1
0
-1
0
0
0
1
0
0
0
1
0
1
0
-1
1
1
0
0
0
0
0
0
0
0
0
0
0
0
-1
0
-1
0
1
0
0
0
0
0
-1
0
0
0
0
0
1
1
0
0
0
0
0
-1
0
1
0
0
0
0
0
0
0
0
-1
0
1
0
0
0
1
0
0
1
0
-1
-1
-1
0
0
0
0
0
0
-1
1
0
0
-1
0
0
0
0
0
-1
-1
-1
0
1
0
0
0
0
0
0
1
1
-2
0
0
-1
0
0
-1
0
0
1
1
0
0
-1
1
1
0
0
-1
0
0
0
1
0
0
0
0
0
1
1
0
0
-1
0
1
0
0
0
-1
0
0
0
0
-2
-2
0
1
0
-2
-1
1
0
0
0
0
0
0
1
1
0
-1
0
0
0
0
0
0
1
2
-1
1
0
-1
-1
-2
2
0
0
0
1
0
0
0
0
0
0
0
0
0
0
0
1
1
0
-1
0
1
0
-1
0
0
0
1
-1
0
0
0
0
0
0
1
0
-1
0
0
0
0
-1
0
-1
0
1
0
0
0
0
0
0
0
0
-1
0
0
1
0
0
2
1
0
0
-1
1
1
-1
-1
0
0
1
0
0
0
0
0
0
1
-1
0
-1
-1
0
-1
-1
1
-1
2
0
0
0
1
0
0
0
0
0
0
0
0
0
1
2
1
-1
0
0
0
-1
-1
-1
-2
0
0
0
0
0
0
0
1
1
0
0
0
2
1
0
0
0
0
1
0
0
-1
0
-1
0
-1
-1
0
0
0
0
0
0
0
0
0
0
0
0
0
0
2
1
0
1
1
0
0
-1
2
0
-4
0
0
0
0
0
1
0
0
0
0
0
-1
-1
0
0
0
0
0
0
0
0
0
0
1
0
1
0
-1
0
-2
0
1
-1
1
0
-1
0
0
0
0
2
1
0
0
-1
0
-1
1
1
0
0
0
0
0
0
-1
0
0
-1
0
0
0
0
-1
1
0
0
1
0
0
0
-1
0
0
0
1
0
0
0
0
0
1
0
0
2
-1
1
-1
-1
0
0
0
0
0
-1
-2
0
0
-1
0
0
0
0
0
0
1
0
0
0
0
0
1
1
0
0
0
0
1
0
-1
0
-1
0
0
0
0
-1
0
-1
0
0
0
0
-1
0
0
0
1
0
-1
0
0
0
0
-1
-2
0
0
1
0
0
1
0
0
0
0
0
1
0
0
0
0
0
1
-1
0
0
-1
1
2
0
0
1
0
0
0
0
0
0
-1
0
-1
-2
0
0
0
0
0
0
-1
-1
0
0
-2
-1
0
1
-1
0
3
0
0
2
1
0
0
0
1
1
0
1
0
-1
0
0
0
1
0
-2
0
0
0
0
-1
0
-1
-1
0
0
0
0
0
-1
0
-1
0
0
0
1
1
0
0
2
0
0
0
-2
0
0
1
2
-1
-1
0
-1
0
0
0
0
0
0
-2
-1
0
2
0
0
1
0
0
0
0
0
0
1
0
-1
-1
0
0
0
0
0
0
0
-1
0
0
0
0
0
1
0
0
-1
-2
1
1
1
0
0
0
0
1
0
-1
0
0
0
-1
-2
0
0
0
-1
-2
0
1
1
1
-1
1
-1
0
1
0
-1
0
0
0
-1
0
0
0
0
0
0
0
0
0
2
1
0
0
0
0
0
0
-1
0
0
-1
-1
0
-1
-1
-1
0
1
-1
0
0
0
0
-1
0
1
1
-1
0
1
0
0
0
0
1
1
0
1
1
0
0
1
1
0
0
-1
0
0
-2
-2
0
-1
-1
0
-1
0
0
0
1
0
1
0
0
0
-1
0
-1
0
0
0
0
0
0
0
0
0
0
0
2
2
0
2
0
0
2
0
0
0
-1
0
1
0
0
-1
1
-1
-1
0
-1
0
0
-1
0
0
0
0
0
0
0
0
0
0
0
1
0
1
3
0
0
0
0
1
1
1
1
0
0
-1
0
0
-1
-1
0
0
0
0
0
0
0
0
-1
0
0
-2
0
0
-1
0
0
1
0
1
0
0
0
0
0
0
0
0
0
0
0
0
0
1
1
1
0
-1
1
0
-1
0
0
-1
0
-1
0
1
-1
0
0
0
0
-1
-2
0
0
-1
-1
-1
0
2
0
1
1
2
0
0
0
0
-1
0
1
0
-1
0
0
-1
-1
0
2
0
0
0
1
0
-1
0
0
0
1
0
0
0
0
0
1
0
-1
1
-1
-1
0
-1
2
0
0
1
0
0
0
2
0
0
0
0
0
0
0
0
1
0
0
0
-2
0
-1
-1
0
-1
0
-1
0
0
0
1
-1
-1
-1
-1
-1
0
1
3
1
0
0
0
0
0
0
0
0
-1
0
0
0
0
2
0
-1
0
-3
0
0
-1
2
0
0
1
-1
-2
0
0
0
1
1
0
-1
1
2
0
0
0
-1
0
0
0
0
0
0
1
-1
0
-1
0
0
0
-1
0
1
0
0
0
-1
0
0
1
0
0
0
-2
0
2
1
1
0
0
0
1
0
0
3
0
0
0
0
0
0
-1
0
-1
1
1
-1
-1
0
0
0
0
-4
0
0
0
1
0
0
1
0
0
0
-1
1
2
1
0
0
0
1
1
-2
0
2
-1
1
1
-2
-2
-1
-2
0
0
0
2
0
0
1
-2
0
0
1
2
0
0
-1
3
1
-3
1
0
-1
1
-1
1
0
-2
0
1
0
0
0
1
0
-2
0
0
0
0
0
0
-1
0
0
0
-1
1
0
-1
0
1
2
1
0
0
0
0
0
0
0
0
0
0
-2
0
0
-2
0
0
0
0
1
0
2
-1
-1
0
1
1
2
-1
0
-1
-1
0
0
2
0
-1
1
1
0
0
-1
-2
0
1
1
1
2
0
-2
0
1
-1
-2
1
1
1
2
0
0
0
0
0
1
0
-2
-3
-2
1
2
1
0
1
0
-2
1
0
0
1
1
0
0
0
1
2
1
0
1
1
-1
-2
0
0
0
2
0
-1
-2
-4
0
0
0
0
0
0
0
-2
-1
2
-1
0
2
1
0
0
0
0
2
2
0
0
0
2
0
0
0
-2
0
0
0
0
0
0
0
0
0
2
0
-1
0
-1
1
0
0
0
0
0
-1
0
0
-1
-2
-1
1
0
0
0
1
0
-4
-3
0
1
0
2
-1
-1
-1
0
0
2
3
0
0
0
1
0
0
2
0
0
0
0
0
3
3
0
0
0
0
0
0
0
0
0
0
-2
-2
-1
0
0
0
0
1
0
1
0
-2
0
0
-2
-1
0
0
0
2
1
1
0
0
2
2
0
0
3
0
-1
0
0
0
-2
1
0
-2
-1
0
1
-1
-3
-2
-1
0
1
1
0
1
1
3
2
-1
0
0
0
0
0
1
0
0
0
-3
-2
0
2
0
-1
4
2
0
2
0
-1
1
0
1
0
0
0
-1
0
1
-2
-2
-1
0
-1
-1
1
2
0
0
0
0
1
-1
1
-1
-1
1
0
-1
-1
0
0
0
0
0
0
0
0
0
0
1
0
0
0
0
0
1
0
0
0
0
0
0
1
0
-1
-2
-2
0
-1
0
0
3
2
1
1
0
0
-2
-1
0
-2
0
1
0
0
2
0
0
0
0
0
1
-2
-1
1
0
0
0
0
0
0
1
-2
-3
0
0
0
0
2
0
0
0
0
1
0
-1
0
0
0
0
1
1
0
3
2
0
0
-1
0
0
1
0
-2
0
0
1
0
-2
-1
-4
0
0
-1
0
0
1
0
-1
-1
-1
1
1
2
0
0
1
0
0
0
0
1
0
-2
1
0
-1
0
0
-3
1
1
0
2
-1
-3
-2
0
1
0
1
0
-1
1
-1
-1
0
-1
0
0
0
0
2
3
0
-3
0
0
0
0
0
0
0
-1
0
-1
-1
0
0
2
0
-1
1
0
-3
0
3
2
0
0
-1
-1
0
-1
1
2
-1
-2
1
0
0
0
0
1
2
-1
-2
0
-1
-2
0
-1
0
1
0
0
-2
0
0
-2
0
1
0
2
0
0
1
0
0
0
2
0
0
0
0
0
-1
-1
0
0
0
1
0
0
0
0
0
-2
-1
3
0
0
1
-2
-2
0
0
1
0
0
2
1
-1
-2
0
1
2
2
0
-1
0
-1
-1
-1
-2
1
0
0
3
0
-2
1
1
0
1
0
0
0
1
0
-1
0
1
0
0
0
-1
0
-3
0
0
-2
1
1
0
0
0
0
-2
0
0
0
0
0
1
1
0
-1
-2
0
0
-1
0
2
0
1
0
-1
-1
0
0
0
1
0
0
0
0
0
0
-1
0
1
2
0
0
3
0
0
0
0
0
-2
0
1
0
0
0
0
0
1
0
0
0
0
0
0
0
0
-1
1
0
0
0
0
0
-2
0
0
0
3
0
-2
-1
0
0
0
1
-1
0
0
0
0
0
1
-2
-4
-1
1
0
0
2
1
0
0
1
-1
0
0
-1
1
3
1
0
0
0
0
0
0
1
2
0
-2
-1
-1
0
-1
-1
-1
0
0
0
-1
-1
0
0
1
3
2
0
-2
-1
2
0
-2
0
0
-1
0
1
0
0
0
0
2
0
-2
-1
0
0
-1
0
0
2
1
0
0
1
2
0
-1
-1
0
-1
-2
-1
0
1
0
-1
0
0
0
0
0
0
0
0
0
0
-1
2
2
0
0
0
0
0
0
0
-1
0
1
1
2
3
2
0
0
0
0
0
-1
-1
0
0
1
-1
-1
1
-2
0
-1
-2
-1
1
2
1
0
-2
-2
-1
0
1
0
1
-1
-1
0
-2
-1
0
0
0
1
1
0
0
0
2
2
0
0
-1
0
2
3
1
2
1
0
-1
-2
0
-1
0
-1
-1
-3
0
-1
1
1
0
2
1
0
1
0
0
0
-1
0
1
-3
-1
0
-2
0
-2
1
3
0
1
0
0
0
1
4
0
-1
0
0
-1
-1
0
0
1
-2
-1
0
-1
1
1
0
0
-1
0
0
1
1
-1
0
1
0
0
-1
1
1
0
1
1
-1
0
1
0
-1
0
0
1
1
0
0
0
0
-2
-1
0
0
0
0
0
-2
-1
2
0
1
0
0
0
0
0
1
1
0
0
1
2
0
-1
0
0
0
-1
-1
1
0
0
0
-1
0
1
0
-1
-2
2
2
0
1
-2
0
1
-1
0
2
0
2
1
-1
-1
0
0
0
0
2
-1
0
0
-1
-3
0
3
1
0
-1
-1
0
0
-3
-1
0
0
1
3
-1
-2
0
1
0
-1
-1
0
0
1
1
-1
0
0
0
2
0
0
0
0
1
0
1
-1
0
0
0
1
1
1
0
-1
0
-1
-2
-2
-1
0
0
1
1
0
0
-1
0
1
1
-1
0
-2
-1
-1
0
2
0
1
2
3
2
-2
-2
-1
0
0
-1
-2
1
2
0
-1
0
1
1
0
0
1
-1
0
0
-1
0
-2
-2
-1
-1
0
1
0
0
2
1
0
0
0
0
1
0
-3
-1
0
0
0
0
-1
0
1
0
0
0
-3
2
3
0
1
1
0
0
0
0
-1
-3
-1
0
0
0
0
0
0
0
2
0
0
1
0
0
0
-1
-2
-1
0
0
1
0
0
3
1
1
0
-1
-4
-1
0
-1
-1
0
0
2
2
1
2
0
-1
-2
-4
-1
-2
0
1
1
3
0
1
2
2
0
-1
-4
-5
-2
-2
0
3
1
2
3
3
1
0
0
-3
-3
-2
-3
-3
0
2
3
4
2
0
-1
-3
-2
-2
0
0
0
0
2
1
0
0
0
0
-3
-3
0
0
0
3
3
3
2
1
1
0
0
-4
-2
0
-2
-2
0
0
1
0
0
0
-1
0
-1
0
0
-2
-1
0
2
0
0
2
0
0
1
1
0
0
-1
0
0
0
0
-1
0
1
3
0
0
1
1
0
0
0
-2
-2
-1
1
1
-1
0
2
0
-3
0
0
-1
-2
-1
-1
0
1
0
1
2
2
0
0
1
0
0
1
1
0
0
0
-1
0
0
0
1
-1
0
0
0
-1
-1
0
0
1
0
-2
0
0
1
2
0
1
1
0
0
-3
-2
0
2
0
0
2
-1
0
2
0
-1
-1
-1
-2
0
1
-2
1
1
0
2
0
0
0
1
-1
0
1
-3
1
3
-1
0
2
-2
-1
3
0
-2
0
1
-1
1
1
-1
0
-1
0
1
0
0
0
-1
-1
0
0
0
0
2
0
-1
0
0
1
1
0
-2
0
1
0
0
0
0
1
-1
-2
0
2
3
0
-1
0
-3
-3
0
0
2
1
0
2
2
0
0
0
-1
-2
-2
0
0
-1
0
2
-1
1
2
-3
-2
0
1
-1
0
1
1
-1
-2
1
2
0
0
0
2
2
0
-2
0
-1
-2
0
1
2
0
0
0
-1
0
0
-1
0
0
-1
1
1
2
1
0
0
0
0
0
0
0
0
-1
-1
-1
0
0
0
0
-1
0
3
0
0
1
0
-1
0
3
2
-3
0
2
1
0
0
0
-1
-1
1
1
-1
0
-1
0
0
-1
-1
-1
0
1
0
0
0
-1
-1
3
4
0
-1
0
0
0
-1
-3
0
1
0
0
0
0
0
2
2
1
1
-1
0
0
-1
-2
0
1
2
3
0
0
0
0
0
0
0
-1
-3
-1
0
0
-2
1
3
2
-1
0
1
-1
0
0
0
0
0
0
0
0
0
2
1
0
0
-2
-1
0
0
0
1
0
0
0
0
1
0
2
2
0
0
0
-1
-2
-1
0
0
0
0
-2
0
2
1
0
-1
0
0
-1
0
1
0
-1
1
3
2
-1
1
0
0
0
0
0
0
0
2
0
-1
-1
0
0
0
0
-1
-1
-1
0
0
0
1
-1
2
0
-1
-1
-2
0
1
1
3
2
0
2
1
2
0
-1
0
-1
-1
-1
0
0
0
3
0
-4
0
0
0
-1
0
-2
0
1
-2
0
2
1
0
0
0
-1
-1
0
0
0
1
2
2
0
0
-1
-1
0
0
0
1
0
0
0
-2
0
3
1
-1
0
1
-1
-1
-1
0
0
0
0
-1
-1
0
0
2
2
3
1
0
0
-3
-2
0
1
6
1
-1
-1
0
-2
-2
2
1
1
0
-2
-4
-1
0
1
5
2
-1
-1
-1
-1
0
0
0
1
0
0
0
-1
0
-1
2
1
0
0
0
0
0
0
0
-1
0
0
2
2
-1
-1
0
1
2
1
0
0
1
1
0
-1
-2
-1
0
0
0
-1
0
1
1
0
0
0
-1
-2
0
0
-1
1
0
0
0
0
0
0
0
1
0
-1
0
-1
0
0
-3
0
1
0
0
0
1
0
1
0
0
0
0
0
0
0
-1
0
-2
-1
3
1
-1
0
0
-1
0
0
-1
0
0
0
0
1
0
-1
0
-2
0
2
0
0
-3
1
1
0
-1
1
2
0
0
0
0
0
0
0
1
0
-1
-2
0
1
-1
-2
0
-1
0
1
0
0
2
0
0
1
0
0
2
0
-1
0
0
0
2
0
0
1
-2
-2
0
-2
0
0
0
-1
-1
1
0
0
1
1
-1
0
0
-1
0
-1
-1
3
1
0
0
1
3
0
-2
0
1
0
-1
-2
-1
-1
0
0
1
0
0
0
-1
0
0
0
0
0
1
1
0
0
-1
0
0
0
2
0
0
1
0
-1
0
0
0
0
0
0
-3
-1
1
-1
0
0
2
0
0
0
1
0
1
3
0
0
2
-1
-2
0
-1
0
1
0
0
-1
0
-1
0
1
-2
1
1
-1
1
1
0
1
0
0
-3
0
2
0
0
1
0
1
3
-2
-1
1
-5
0
1
-3
1
2
0
-2
0
0
0
0
0
-1
1
1
-1
2
1
-2
2
0
-4
0
0
0
2
0
0
0
0
1
0
0
0
-1
1
-1
-3
2
0
-1
3
0
-2
2
0
-1
0
-2
0
3
1
0
0
2
-1
0
1
0
-1
0
0
0
0
0
0
0
0
1
1
0
0
-1
0
0
0
0
0
0
-1
0
0
0
0
0
0
-1
2
2
0
2
0
-3
-2
-1
0
0
1
2
0
0
0
0
0
0
-1
0
0
0
0
1
1
0
0
0
-2
-3
-1
2
2
3
1
-1
-1
-1
-1
0
-1
2
5
0
0
0
-2
0
-2
-2
0
1
3
1
2
0
-5
-1
0
0
-1
0
2
-3
1
3
0
2
0
-2
-2
-2
-2
0
1
4
1
3
0
-3
0
-1
0
0
0
0
-4
0
0
2
2
0
1
0
-1
0
-2
0
-1
0
-1
0
0
-1
1
2
-1
2
1
-1
-1
0
0
0
0
1
1
0
0
-2
-2
1
1
0
0
2
-2
-2
0
1
0
-2
0
0
0
0
0
0
0
0
0
1
0
0
-2
-1
2
0
0
1
1
0
-1
-2
0
0
1
0
0
1
1
0
0
-2
0
2
-3
0
0
-2
1
1
0
0
1
0
0
0
-2
0
1
-1
0
0
0
0
0
0
-1
1
0
0
1
-1
2
1
0
-1
0
3
1
0
0
0
0
-2
-1
0
-1
0
0
0
0
0
2
-1
-3
0
0
2
0
0
0
0
1
-2
-2
0
1
0
0
0
0
1
0
0
0
1
0
0
0
1
0
0
0
-2
-2
0
0
1
1
1
1
0
1
0
-1
-2
-5
-5
-2
1
1
3
-1
1
5
2
4
3
1
0
0
-5
-6
1
0
-2
-2
-3
0
1
0
1
0
0
0
-3
-3
0
3
2
0
-1
-1
0
1
1
0
2
3
0
-1
-1
0
1
1
-1
-1
0
0
0
0
1
0
0
0
0
-1
-2
-1
-3
-4
0
3
1
1
1
-1
-1
-1
1
1
0
1
0
-1
0
0
3
2
2
0
-2
-2
-2
-2
0
0
3
3
0
1
0
0
-1
-3
-1
0
0
-2
0
2
2
1
0
1
1
-2
-1
-1
0
1
-1
-2
1
4
0
-1
4
1
-2
-3
-1
2
1
-1
-1
2
0
0
1
0
0
0
0
-1
-3
0
0
0
2
0
-1
0
-1
0
-1
0
1
0
0
0
-1
0
0
0
0
0
0
0
2
1
0
2
2
0
0
0
1
0
1
1
0
0
0
0
-1
-1
0
0
-2
0
-1
-2
-1
1
1
-1
1
0
-1
-1
-1
0
-1
0
1
2
2
0
0
0
0
0
1
1
2
-1
0
0
-1
-1
0
0
-2
0
0
0
0
-2
0
-1
0
0
-2
0
1
0
-2
-1
1
2
2
1
0
-1
0
-2
-1
0
0
1
0
-2
0
0
1
1
-1
0
3
0
0
1
0
-1
0
0
0
0
1
2
0
-1
0
0
0
0
-1
0
0
1
0
0
2
-1
-1
0
0
0
-1
2
0
0
0
-1
0
0
0
0
0
0
-1
0
0
-1
1
0
1
1
-1
-1
0
-1
-3
-1
-1
1
3
3
1
0
0
1
0
0
0
0
2
1
1
1
0
-1
1
0
0
0
-2
0
0
-2
0
0
0
1
-1
-2
0
0
0
-4
-3
-1
0
3
2
2
2
0
0
1
1
-1
0
0
0
0
0
0
2
3
1
-1
-2
0
0
0
0
1
0
0
0
-1
0
2
0
0
-1
-1
0
0
-1
-1
0
0
-1
0
0
0
-1
-1
0
0
0
1
1
0
0
0
0
0
-1
-1
1
1
0
0
0
-1
1
2
2
2
0
0
0
-1
0
0
0
0
0
0
-1
0
0
0
-1
0
0
-1
-1
-2
2
1
-1
0
0
0
0
2
0
-1
0
-2
-1
0
1
0
0
1
0
-1
0
-1
0
2
0
0
1
0
0
1
0
-1
-2
0
0
-1
1
0
0
0
-1
0
3
0
0
2
0
0
1
0
0
-1
-3
0
-1
-1
0
1
-1
-1
-1
0
0
0
1
0
0
0
1
2
1
0
0
0
0
0
0
0
0
0
1
-2
-1
0
0
2
0
-1
1
-3
-2
0
0
1
2
1
1
-1
0
0
0
1
1
1
1
-2
-1
-1
-1
0
0
-2
0
0
0
1
3
2
1
0
0
-1
-3
-2
0
0
2
3
2
2
1
0
0
-2
-2
-3
-4
-4
-1
1
3
3
4
3
0
0
-2
-3
-3
-3
-1
1
5
5
4
2
2
0
-3
-5
-6
-2
0
3
6
4
3
3
0
-4
-4
-7
-7
-3
-1
3
6
9
6
5
2
-3
-5
-9
-10
-6
0
2
6
10
8
5
3
-1
-6
-8
-7
-8
-6
-1
3
9
9
9
8
4
0
-2
-7
-10
-6
-6
-2
0
2
4
5
1
0
1
1
0
-2
-4
-3
-6
-5
-1
0
6
12
11
10
1
-6
-10
-14
-12
-5
3
9
11
10
2
-5
-8
-9
-6
1
10
11
6
1
-4
-8
-9
-9
-2
5
6
8
7
-1
-1
-2
-3
-1
-5
-3
-1
0
1
3
6
8
8
3
-3
-8
-11
-11
-7
-2
3
7
11
12
9
3
-1
-7
-8
-7
-5
-2
-1
1
4
3
1
3
1
-1
0
-4
-6
-5
-4
0
2
3
5
6
3
0
-3
-1
-1
-2
2
3
-1
-4
2
3
2
2
0
-1
-2
-2
-1
0
1
2
2
0
0
-1
-1
-1
0
1
0
2
2
1
0
-3
-3
-4
-3
-1
-2
0
3
3
2
4
4
1
-1
-3
-3
-6
-8
-3
0
2
6
7
7
5
0
0
-2
-5
-5
-6
0
-1
-1
4
2
3
6
2
0
0
-2
-5
-6
-4
-3
0
3
2
3
3
0
1
2
0
-2
-2
-4
-2
0
0
0
3
3
2
0
-1
0
0
0
1
1
0
0
-3
0
-1
0
1
1
1
0
0
0
0
-1
-2
-1
0
-2
0
0
0
2
2
0
0
-1
-1
0
0
-1
-1
0
2
1
1
0
0
0
1
3
0
-2
-2
0
0
0
0
-1
0
2
0
1
-1
-4
-2
0
0
0
0
1
1
0
1
0
-1
0
0
0
0
0
0
2
0
1
1
0
0
0
-2
-1
1
-1
1
3
-1
0
0
0
0
0
1
0
0
1
1
0
-1
2
0
-4
0
1
-1
0
-1
-3
0
-1
0
0
2
1
2
1
0
1
0
0
0
0
-2
-1
0
0
0
4
0
2
2
-2
-2
-2
-4
-5
0
1
3
7
2
0
1
0
-3
-5
-2
-3
-1
0
0
4
6
5
3
4
0
-2
-4
-7
-5
-3
-1
2
5
4
7
2
-1
0
-3
-5
-7
-5
-4
-1
4
3
6
8
5
2
-1
-2
-4
-7
-4
-3
0
3
2
4
4
1
1
0
-3
-5
-4
-3
-3
0
3
4
5
4
3
0
-2
-3
-2
-1
-3
1
3
2
2
1
-2
-1
-2
-4
-2
0
1
2
2
1
0
0
2
0
0
-1
-3
-3
0
0
3
4
3
5
2
-1
-4
-5
-5
-3
-3
0
2
3
5
3
0
2
0
-3
-4
-4
-3
0
0
1
4
1
0
3
0
-3
-2
0
-2
-1
1
2
1
2
2
0
-1
-1
0
0
0
2
0
0
0
0
-1
0
0
-2
-2
0
0
-1
0
0
0
1
0
-2
-1
0
0
0
3
0
0
0
-1
-2
0
-1
-1
0
-1
0
1
3
1
1
0
0
0
-1
-1
0
1
0
1
4
1
0
1
0
-2
0
-1
-1
-1
-2
-1
0
0
0
0
-1
-1
1
1
0
1
2
1
1
-1
-2
0
0
-1
0
1
0
0
2
1
0
0
0
0
-1
-1
0
0
1
0
0
1
0
2
0
0
0
0
-3
0
1
0
1
0
0
2
0
-2
0
0
0
0
-1
-1
0
-1
0
1
2
1
0
1
-1
-1
0
-1
0
0
2
1
1
1
0
0
0
-1
0
0
-1
0
0
1
0
-1
0
-1
-1
-1
1
1
0
2
0
-1
0
0
0
1
4
0
0
0
-2
0
0
0
2
-1
-1
0
0
0
1
3
-1
-1
0
-1
-1
0
-2
-1
0
-1
0
1
0
-1
1
0
1
1
-3
-3
1
0
-1
3
1
1
2
1
0
0
0
-2
-3
0
0
1
2
2
0
1
-1
-2
-2
-2
0
0
0
0
2
1
0
1
-1
-3
0
-2
-2
2
2
1
2
1
-1
-2
1
0
0
1
0
1
2
0
0
1
0
0
0
1
0
-3
0
-1
0
-1
-1
1
1
0
0
0
0
-3
-2
-1
1
0
-2
5
6
0
1
0
-1
-1
-2
-2
0
0
-1
0
4
3
4
1
-2
-1
-1
-5
-2
-1
-2
0
1
3
3
0
-1
0
1
1
-1
-1
-1
1
0
1
1
-1
0
0
0
1
-1
-1
-1
0
0
0
0
0
0
0
0
1
2
0
1
1
1
0
-1
-1
-2
-3
-1
0
1
0
0
-1
0
0
-1
0
0
-2
-1
0
0
3
2
0
3
0
-3
0
0
0
1
-1
-1
-1
0
3
2
1
-1
-1
0
3
2
-2
-2
0
-1
1
1
0
1
1
-2
-1
0
-1
0
0
0
0
0
0
0
0
-2
0
0
-1
1
2
1
0
1
-1
-3
-2
-1
0
0
2
3
0
0
0
-1
0
-1
-1
-1
-1
0
3
2
0
1
0
0
2
-1
-1
0
-1
0
1
1
0
-2
-2
-1
1
-2
-1
1
0
2
3
1
0
0
-3
-1
-1
-2
0
0
0
2
0
0
2
1
0
-2
-2
-1
-1
-3
-1
2
1
3
1
0
1
1
0
0
0
-1
-2
0
0
0
1
0
3
4
0
-1
-1
-2
-1
-3
-2
1
0
0
3
2
0
0
-2
0
0
0
-1
0
0
0
1
0
0
0
0
1
1
-1
0
0
0
0
-1
0
0
0
0
0
0
1
0
0
1
0
0
0
0
1
0
-1
0
0
0
0
-2
0
2
0
-2
-2
1
1
1
0
-1
0
0
0
0
0
4
2
-1
-1
-1
-1
0
1
-1
0
1
1
0
0
1
-1
-1
-1
-1
2
0
2
3
0
1
0
-1
0
-1
0
0
-1
0
1
-1
0
4
0
-2
-2
0
-1
3
2
-1
0
0
0
-1
0
-2
4
2
-2
1
-1
0
1
0
0
0
0
1
-2
0
2
0
0
1
-1
-1
0
0
-2
0
1
0
0
0
0
0
0
1
0
0
0
-1
0
1
0
-1
-1
0
0
0
1
0
-1
0
-1
0
2
-1
0
1
0
-1
0
-1
0
1
4
1
-1
0
-2
-1
1
0
1
-1
0
-1
-1
2
1
0
0
-1
-1
1
-1
-2
1
0
-1
0
0
0
-2
0
2
1
0
0
0
-2
0
1
0
0
0
0
-2
0
0
0
0
0
1
-1
0
1
0
0
0
-1
-3
1
0
-1
0
0
-2
0
2
1
0
0
0
0
0
0
1
2
0
-1
0
0
1
2
0
0
0
0
-1
-1
-1
0
0
0
0
-2
0
0
-1
0
0
2
1
0
0
0
0
0
0
0
1
0
0
0
1
1
-1
3
0
-1
0
0
0
0
-1
0
0
-1
0
0
-1
0
0
0
0
0
0
0
0
0
0
0
0
0
2
1
2
0
-2
1
0
-1
0
0
0
0
0
0
0
0
0
0
-1
-1
-1
1
-1
0
1
0
1
0
-1
0
-2
0
0
-3
1
0
0
0
-1
1
1
-1
0
1
1
0
0
1
2
0
0
0
2
0
-1
2
0
0
0
0
0
0
-1
0
-1
-2
-1
-1
-2
0
1
-1
0
0
0
1
0
0
0
-1
0
3
0
0
0
0
2
0
0
0
0
1
0
0
0
0
1
0
0
-1
0
0
-1
0
0
0
1
0
-1
-1
0
1
0
0
0
0
0
-2
-2
-1
2
3
1
1
0
-2
-1
0
0
0
0
0
0
0
-1
0
0
0
0
0
0
0
0
0
1
2
2
0
0
-1
-1
0
0
0
0
0
0
0
0
-1
0
2
1
0
-2
0
1
0
1
-1
0
2
-2
0
0
1
0
-1
0
0
-1
0
2
2
1
-1
-2
-1
0
1
0
-2
0
1
0
0
0
0
1
2
0
0
-1
0
2
0
-3
0
1
0
0
0
0
1
0
0
0
-4
-2
0
1
0
1
2
0
-1
-2
0
0
-1
-2
0
2
0
0
2
2
-1
0
0
0
-2
-2
0
0
1
0
0
2
0
0
0
0
-1
-2
0
0
0
0
0
-1
0
0
1
0
-2
-1
0
1
2
-1
0
2
0
0
1
-1
-1
0
1
0
0
2
3
0
0
0
0
0
-1
0
-1
-1
0
0
0
0
-1
-1
0
0
-1
0
1
0
0
0
0
0
-1
0
3
1
0
0
0
0
1
0
-2
-2
1
0
-1
0
0
1
0
0
0
-1
2
1
0
0
0
1
0
0
2
0
1
0
0
0
-2
0
1
0
-2
0
0
0
2
0
0
0
1
0
-2
0
0
1
0
0
0
0
0
-1
-1
0
-1
0
2
0
0
1
0
0
1
-2
0
1
-2
0
1
0
0
1
0
0
0
-1
0
1
-1
-1
0
-1
0
0
0
0
1
0
0
1
0
-1
0
0
0
-2
0
0
0
0
0
1
0
0
1
0
-1
0
0
-1
0
0
0
1
-1
-1
1
0
0
0
0
0
0
1
0
1
0
0
0
-3
0
0
0
0
0
0
1
1
-1
1
0
0
-1
0
0
0
0
0
0
0
0
-2
0
1
0
0
-1
0
0
-1
0
0
0
0
-1
1
0
0
0
0
1
0
0
0
0
0
0
0
0
0
0
1
0
0
-2
0
0
0
0
0
0
-1
1
0
0
0
0
0
-1
1
1
0
-1
0
2
0
0
0
2
0
1
0
-1
-1
0
0
0
0
0
0
-1
0
0
-1
-1
-1
0
0
0
1
0
-1
0
1
0
0
0
0
0
0
0
0
0
0
0
1
0
-1
-1
0
0
-1
0
-1
0
0
0
0
0
0
0
2
0
0
0
0
0
-1
0
0
-1
0
1
1
0
0
0
0
0
0
0
0
0
0
-1
0
1
1
-1
0
-1
0
0
0
0
0
0
-1
0
0
0
0
0
1
2
0
-2
-1
-2
0
3
0
0
0
0
0
0
1
0
-1
0
1
0
0
0
1
2
0
0
0
0
0
0
0
0
0
1
0
0
0
-2
0
2
0
-1
0
0
-1
0
2
0
-2
0
0
0
1
-1
-1
1
0
0
2
1
0
1
0
-1
0
0
0
-1
0
0
0
0
0
0
0
1
0
0
0
0
-1
0
-2
0
1
-1
-1
2
0
0
2
0
1
0
0
-1
0
0
-2
0
0
0
0
0
1
1
0
0
0
-1
0
0
0
1
0
0
1
0
0
0
1
-1
-2
0
0
0
0
2
0
0
1
-1
0
2
0
-3
0
0
-1
0
0
0
0
1
0
0
0
-2
0
0
0
4
0
0
0
0
0
0
0
-1
-1
0
0
-1
-1
0
0
0
1
0
0
-1
-1
1
0
0
0
0
0
-1
0
1
-1
0
1
2
1
0
-2
-1
1
0
-3
0
1
0
0
0
0
0
0
0
0
0
0
-2
0
0
0
0
1
1
0
0
0
0
-2
0
0
-1
0
0
0
-1
1
1
0
0
0
0
0
0
0
0
1
0
-1
1
0
0
0
0
0
0
0
0
0
1
0
0
0
0
0
0
-1
-2
0
0
0
0
1
1
0
-1
0
0
0
1
1
-1
-1
-1
0
0
0
0
0
1
0
0
0
-2
0
1
0
0
0
-1
0
2
0
0
3
0
0
2
-3
-1
0
0
2
0
0
1
3
0
0
-1
-1
0
0
0
0
1
0
1
0
-1
0
-1
-1
0
0
0
1
0
0
0
-1
-1
0
-1
-1
2
2
3
1
1
-1
-1
-1
-1
-1
-1
-1
0
0
0
0
0
-1
-1
0
2
1
0
0
0
-2
-2
0
1
-1
0
1
0
0
2
1
-1
0
-2
-3
0
0
0
1
0
0
1
0
1
2
-1
0
-1
0
0
0
0
-1
0
0
1
0
0
0
0
0
-1
0
2
0
-1
0
0
2
2
-2
0
0
0
0
-1
-1
0
0
0
1
1
0
0
0
0
0
0
0
0
2
0
1
0
-1
0
0
0
0
0
1
0
1
0
-1
-1
-1
0
1
0
0
0
1
-2
-2
0
1
1
0
0
0
-1
-2
-1
-1
1
2
0
1
2
1
0
0
0
0
-2
0
1
1
1
1
0
0
0
0
-1
0
0
-1
-1
-2
-1
0
0
0
1
2
1
2
0
-2
0
-2
0
0
0
0
0
1
1
0
0
1
0
0
0
0
-2
0
0
0
0
-1
0
-1
0
0
0
0
0
1
1
0
0
0
0
0
0
0
0
1
0
0
0
-1
-1
0
2
2
0
0
-1
-1
0
-1
0
0
0
0
0
-3
-1
-1
0
0
2
3
0
0
1
1
0
0
2
0
1
0
0
0
-1
-1
-2
-1
-1
-2
0
0
0
0
0
0
-2
1
0
0
1
1
0
0
1
0
2
3
2
2
1
1
0
-3
-3
-2
-4
-3
0
0
3
3
0
0
-2
-6
-5
-1
0
0
2
4
5
4
1
0
0
-2
-2
0
0
2
3
0
0
0
-3
-1
-1
-1
0
0
0
1
0
0
0
0
-1
0
0
-3
-3
-2
0
0
0
3
3
1
1
1
0
-4
-4
-3
0
0
4
5
4
6
4
1
-2
-7
-9
-8
-6
-2
5
9
10
9
10
1
-5
-5
-10
-14
-11
-5
2
8
12
13
10
6
0
-5
-8
-10
-10
-7
0
5
5
8
8
3
0
-3
-5
-6
-4
-3
-2
1
1
2
3
3
3
2
1
1
0
-1
-4
-6
-4
-2
-1
3
8
6
4
1
0
-4
-6
-5
-2
-2
0
2
1
2
3
1
1
0
0
-2
0
0
0
0
-1
1
0
-1
0
0
0
0
2
1
0
-1
-1
-2
0
0
0
0
2
1
1
0
-2
-3
0
-1
-2
0
0
2
0
0
2
3
1
2
0
-2
0
-2
-1
0
0
1
1
0
0
0
-1
-4
-1
-1
-1
1
0
1
5
3
0
-1
-2
0
-4
0
2
-1
1
0
0
-1
0
1
0
-1
0
1
0
-1
2
2
-1
-1
1
0
0
0
0
0
-1
-1
-1
-1
0
0
0
0
1
2
0
0
-1
-1
1
0
-1
1
1
0
0
0
1
0
-1
0
1
3
1
0
-1
-3
0
1
0
1
1
0
-1
-2
0
0
0
0
-1
0
0
0
-1
0
0
-3
-2
0
2
1
2
1
0
0
0
0
0
1
1
0
2
0
0
0
-1
0
1
0
0
0
-3
-1
0
0
-1
-1
0
0
0
0
0
0
-2
-1
0
1
0
0
3
0
2
1
0
1
0
-3
-1
0
-1
0
1
-1
-1
1
1
2
1
-1
0
0
-1
0
0
0
0
0
0
0
0
0
0
-1
0
0
-2
-1
-1
0
0
0
0
0
0
-1
0
0
3
1
1
1
0
0
0
-1
-1
0
0
-1
-2
0
0
1
-1
-1
0
0
0
-2
1
0
0
1
-1
-2
0
-2
-1
0
-1
-1
1
0
0
1
0
0
3
2
0
0
0
0
1
0
-1
0
0
-1
2
0
0
1
0
1
0
-3
0
0
-1
0
0
0
0
0
0
2
3
1
0
-1
0
0
0
0
0
0
-1
1
2
2
1
0
0
0
-1
-2
0
0
0
0
0
0
0
1
-1
0
0
0
3
1
0
0
-2
-1
2
0
0
0
1
0
1
-2
-3
0
0
2
2
-1
0
0
-1
2
0
-1
1
1
-1
-1
-1
-1
0
0
-2
0
-1
-1
0
-2
1
2
0
0
0
0
1
1
0
0
0
-1
-1
0
0
0
0
0
1
2
2
0
0
0
0
-1
0
0
0
-2
-2
-1
1
1
0
1
1
0
0
-2
-1
0
0
0
0
-1
0
-1
-2
1
1
0
0
0
0
0
1
0
0
0
0
-2
-1
0
2
1
2
3
0
0
-1
-2
0
0
1
2
1
0
0
-2
-3
0
-2
0
0
1
0
-2
2
0
0
0
0
0
0
0
1
1
0
1
0
0
0
1
0
0
0
0
0
0
0
0
0
0
-1
-1
0
0
0
0
0
0
-1
0
2
1
3
2
0
0
0
0
0
0
0
0
0
-1
-2
0
1
0
-1
0
0
0
-2
-1
1
0
-1
0
0
0
0
2
0
0
-1
0
0
1
1
0
0
0
0
0
0
0
-1
-1
0
0
1
0
-1
0
1
1
1
1
0
0
0
0
0
0
0
0
0
0
1
0
0
-2
0
1
0
0
1
1
0
-2
-1
0
0
-1
0
0
0
0
3
0
0
-1
-2
0
1
1
0
0
0
0
0
0
0
0
0
0
0
0
-1
0
2
0
0
1
0
1
0
0
-1
-2
1
0
-1
0
1
0
2
0
0
0
-1
-1
0
0
1
0
1
0
-1
-1
0
0
0
0
0
1
-1
0
0
0
1
0
-1
0
0
1
0
0
1
0
0
0
0
0
-1
0
0
-1
0
0
0
0
0
0
0
0
0
0
0
0
0
0
0
0
0
0
0
0
0
0
0
0
0
1
0
0
0
-1
0
0
0
0
0
0
0
0
0
-2
0
0
0
0
0
0
0
0
1
1
0
0
0
0
1
0
0
0
0
0
-1
0
0
0
0
0
0
-1
0
1
0
0
0
0
0
1
0
0
0
-1
0
0
-1
0
1
0
0
-1
0
0
0
0
0
0
0
0
0
-1
-1
0
-1
0
0
0
1
0
0
0
0
0
0
1
2
0
-2
0
0
0
0
0
0
0
0
0
1
1
0
0
0
0
-1
0
0
0
0
1
1
-1
0
0
1
0
-3
0
1
1
0
-1
-1
0
1
0
0
0
0
0
0
0
1
0
0
-1
-1
-1
-1
0
0
-1
1
2
-1
0
1
0
0
-1
0
0
0
0
0
0
0
0
1
1
0
0
0
0
1
1
0
-1
-1
1
2
0
-1
0
0
0
0
-1
-1
-1
0
0
0
-1
0
1
0
0
2
3
1
0
0
0
0
1
-1
-2
-1
0
0
0
0
0
-1
-1
0
0
-1
0
-1
0
1
0
1
2
1
0
0
-3
-1
0
2
3
1
-1
-2
-1
-1
0
1
1
1
-1
-1
-1
0
-1
0
1
-1
0
0
0
0
0
1
1
0
0
0
1
0
0
0
-1
0
-1
0
0
0
1
0
0
0
0
0
-1
0
0
0
0
0
0
0
0
0
0
-1
0
-1
0
1
2
2
1
-2
-1
0
-2
0
1
2
2
1
1
0
0
0
-1
-1
-1
0
0
1
2
0
1
0
-3
-4
-2
0
-1
0
0
1
0
0
0
1
0
-1
0
0
0
0
0
-3
0
0
0
0
0
0
0
0
-1
0
0
-1
0
1
1
0
1
0
-1
0
0
0
0
0
0
1
-1
0
0
0
0
1
0
0
0
0
0
1
0
0
0
0
-1
0
1
0
0
0
0
-2
-2
-2
-1
0
0
1
1
0
-1
0
0
0
0
0
1
1
0
0
0
0
2
0
0
0
-1
0
0
0
0
0
0
-1
-1
0
0
0
0
2
-1
-1
0
0
-1
2
2
0
1
0
0
-1
0
0
-1
0
0
0
0
0
0
0
0
0
0
-1
0
0
0
0
0
0
0
0
0
0
0
1
0
0
0
0
-1
0
-1
1
1
0
0
0
0
0
1
0
-1
0
0
1
0
0
0
0
2
0
-1
-1
-1
0
1
0
0
-1
0
0
0
0
0
0
0
1
-1
-1
0
0
1
2
0
0
0
0
-1
0
0
0
0
0
0
-2
0
0
0
2
0
-1
0
0
0
0
1
0
0
0
-2
0
-1
-2
0
1
0
0
0
0
0
0
0
0
0
0
-1
0
1
0
0
0
0
0
1
0
-1
0
0
-1
-1
0
0
0
0
-1
0
0
0
0
0
0
1
0
0
0
0
0
0
0
0
-1
0
0
0
0
0
0
0
0
0
1
0
-1
0
0
0
0
0
0
0
0
0
0
0
0
-1
0
0
0
0
0
0
0
0
0
0
0
-1
0
0
0
0
0
0
1
0
0
0
0
0
0
0
-1
0
1
0
1
0
0
0
0
0
0
0
1
0
0
-1
0
0
0
1
0
0
-2
-1
-1
0
0
0
1
0
-1
0
0
0
1
0
2
0
0
0
0
0
0
1
0
0
-1
-1
0
1
0
0
0
0
0
-1
0
0
1
2
1
0
-1
-2
-1
0
0
0
1
0
1
1
0
0
-1
0
0
-1
0
0
0
0
0
1
0
0
0
1
0
-1
0
0
0
0
0
-2
0
0
0
1
1
0
0
0
-2
-2
-2
0
0
0
1
-1
0
1
0
2
-1
-1
0
0
-1
0
0
1
0
0
0
0
0
-1
2
0
0
0
0
1
0
2
3
0
-3
0
-1
0
0
0
1
-1
-3
-2
-1
1
1
0
-1
0
0
0
0
0
1
0
0
0
-1
0
2
1
0
0
0
0
0
0
0
0
-1
0
0
1
0
0
0
-1
0
1
1
1
0
0
0
-2
0
0
0
0
0
0
-1
0
0
0
2
0
-1
0
0
-1
0
0
-1
0
1
0
0
0
0
0
0
1
1
0
0
-1
-2
0
0
0
0
-1
0
1
0
1
1
0
1
1
0
-1
-1
0
0
0
0
0
0
1
0
-1
0
-1
0
0
0
-1
-1
-1
-1
0
0
1
1
0
0
0
0
0
0
0
0
0
0
1
0
0
0
0
1
0
0
-1
-3
0
2
0
0
1
1
0
0
-2
-1
1
1
2
0
0
0
0
0
0
-1
0
0
0
-1
-1
0
-1
1
2
0
0
0
0
0
0
1
0
1
1
0
0
0
0
0
0
-1
0
0
0
0
0
-1
0
0
0
0
0
0
-1
-1
0
-1
0
0
-1
0
0
1
0
0
1
0
1
2
0
-2
0
-1
1
1
0
0
2
0
-1
0
0
0
0
0
0
0
-1
-1
0
0
0
0
0
2
0
-1
-1
-1
0
2
0
1
0
-1
0
0
0
-1
-2
0
1
1
0
0
0
-2
-2
0
-1
0
1
0
0
0
0
0
2
1
0
-1
-1
0
0
1
2
0
0
-1
-1
-1
0
0
0
1
0
0
-1
-2
0
1
-1
-1
-1
0
1
0
0
-1
0
0
0
0
0
0
0
0
0
0
0
0
0
0
0
-1
0
0
1
0
0
1
0
0
0
-2
-1
0
0
-1
-1
0
2
1
1
0
-1
0
0
2
0
0
0
0
0
3
1
0
0
-1
0
0
-2
-1
0
1
1
0
0
0
1
0
-1
0
1
0
0
-2
0
0
0
2
1
0
-1
1
0
0
0
-2
-2
-2
1
2
0
-2
-2
1
1
-1
0
0
1
0
0
1
1
-1
-1
1
0
0
0
0
0
0
0
0
0
1
0
0
0
0
0
0
-2
0
0
-1
0
0
0
-3
-2
0
0
2
0
0
0
2
1
1
0
0
1
1
0
0
0
-1
0
2
0
0
0
0
0
0
0
0
-2
0
2
-1
0
-1
0
0
0
0
-2
-1
-1
0
2
-1
0
0
0
0
1
0
0
-1
0
2
1
-1
0
0
0
0
2
1
0
1
0
1
0
1
2
3
0
0
0
0
1
1
1
0
-1
0
1
0
0
0
-2
-3
-3
-2
-4
-2
-1
-2
-1
-2
-3
-2
-1
-1
0
0
-1
-1
1
0
0
1
0
2
0
1
2
2
2
4
4
0
1
1
1
0
1
1
0
0
0
1
0
0
0
0
0
-1
-2
-2
0
0
-1
-1
-1
-1
0
0
0
-1
0
0
-2
-1
0
1
0
0
0
0
1
1
1
1
0
0
2
1
1
0
-1
0
-1
-1
0
0
1
0
1
0
-2
-2
-1
0
0
0
0
0
1
1
0
0
1
1
0
-1
-2
0
0
1
1
0
1
-1
0
0
1
2
0
0
0
1
0
0
-1
-2
-1
-1
-2
0
0
0
0
0
0
1
0
-1
0
-1
0
0
0
0
0
0
1
1
2
2
1
3
2
0
1
2
0
0
-1
0
1
1
0
-1
0
-2
-2
0
0
-2
-1
-2
-4
-1
-2
-1
0
0
-1
-1
0
0
0
0
0
0
0
0
0
1
1
1
1
0
0
2
2
2
2
1
2
0
1
0
-1
0
-1
0
0
0
0
-1
-1
-1
-3
0
0
0
0
1
0
-1
1
0
0
0
-2
0
0
0
0
0
0
0
2
0
0
0
1
3
0
1
1
0
2
1
0
-1
0
-1
0
-2
0
0
-2
0
0
0
0
0
1
0
-1
0
-1
0
0
-1
0
1
-1
0
0
0
1
0
1
0
1
0
0
0
0
0
3
0
0
0
0
0
0
0
0
-2
-1
0
1
-1
-1
-1
0
0
0
-1
0
0
0
0
-1
-1
1
0
0
0
0
0
1
1
0
0
0
0
0
0
0
0
0
0
-1
0
0
0
0
0
0
-1
0
-1
0
0
-1
0
0
0
0
1
0
0
0
1
0
0
-1
-1
0
1
0
0
0
0
0
0
0
0
1
0
-1
0
0
0
0
0
0
0
0
0
0
0
0
0
0
-1
-1
0
0
0
0
0
1
0
0
2
0
0
0
0
0
0
0
0
0
0
0
-1
1
0
0
0
-1
0
0
0
-1
-1
0
0
0
-1
1
2
0
1
0
-1
0
0
0
1
0
0
-1
-1
1
0
0
0
0
1
1
0
0
0
-1
0
1
0
0
0
0
0
1
0
-1
0
0
0
0
0
0
-1
0
0
0
0
-1
1
0
-1
0
0
0
1
-1
0
1
0
0
0
0
0
2
1
0
0
0
0
0
0
-1
0
1
0
1
0
0
0
-1
1
1
0
0
0
0
-1
0
1
0
0
0
-2
-1
-1
0
0
-1
0
-1
0
0
0
1
0
0
0
2
0
0
1
0
0
