0
0
0
0
0
0
0
0
0
0
0
0
0
0
0
0
0
0
0
0
0
0
0
0
0
0
0
0
0
0
0
0
0
0
0
0
0
0
0
0
0
0
0
0
0
0
0
0
0
0
0
0
0
0
0
0
0
0
0
0
0
0
0
0
0
0
0
0
0
0
0
0
0
0
0
0
0
0
0
0
0
0
0
0
0
0
0
0
0
0
0
0
0
0
0
0
0
0
0
0
0
0
0
0
0
0
0
0
0
0
0
0
0
0
0
0
0
0
0
0
0
0
0
0
0
0
0
0
0
0
0
0
0
0
0
0
0
0
0
0
0
0
0
0
0
0
0
0
0
0
0
0
0
0
0
0
0
0
0
0
0
0
0
0
0
0
0
0
0
0
0
0
0
0
0
0
0
0
0
0
0
0
0
0
0
0
0
0
0
0
0
0
0
0
0
0
0
0
0
0
0
0
0
0
0
0
0
0
0
0
0
0
0
0
0
0
0
0
0
0
0
0
0
0
0
0
0
0
0
0
0
0
0
0
0
0
0
0
0
0
0
0
0
0
0
0
0
0
0
0
0
0
0
0
0
0
0
0
0
0
0
0
0
0
0
0
0
0
0
0
0
0
0
0
0
0
0
0
0
0
0
0
0
0
0
0
0
0
0
0
0
0
0
0
0
0
0
0
0
0
0
0
0
0
0
0
0
0
0
0
0
0
0
0
0
0
0
0
0
0
0
0
0
0
0
0
0
0
0
0
0
0
0
0
0
0
0
0
0
0
0
0
0
0
0
0
0
0
0
0
0
0
0
0
0
0
0
0
0
0
0
0
0
0
0
0
0
0
0
0
0
0
0
0
0
0
0
0
0
0
0
0
0
0
0
0
0
0
0
0
0
0
0
0
0
0
0
0
0
0
0
0
0
0
0
0
0
0
0
0
0
0
0
0
0
0
0
0
0
0
0
0
0
0
0
0
0
0
0
1
1
0
0
0
0
0
0
0
-1
0
0
-1
0
0
2
0
0
0
0
-1
-1
0
-2
0
1
0
1
0
-1
-1
0
0
0
-1
0
0
1
0
0
1
-1
0
-1
0
0
0
1
1
1
1
3
0
0
-1
-3
-1
0
0
0
2
0
0
0
-1
-1
-1
0
0
0
-1
-2
0
-1
1
0
0
1
0
0
-2
0
0
0
0
1
1
0
0
1
0
1
1
-2
-1
-1
-1
-2
-1
0
0
3
1
1
0
0
0
0
1
-1
0
0
0
0
0
0
0
0
0
1
0
-1
0
0
-2
0
0
0
1
0
0
0
-1
0
0
-1
0
-1
0
0
0
-1
-1
0
0
2
0
1
0
-1
0
0
-2
0
0
0
0
0
0
0
0
1
0
-1
-1
0
0
0
0
0
0
-1
0
0
0
1
0
0
1
0
0
0
1
0
1
1
1
0
0
0
0
0
-1
0
0
0
0
-1
0
0
0
-4
-3
0
0
0
0
0
0
0
0
-1
0
0
0
1
2
0
1
2
0
-1
0
0
0
0
1
0
0
0
0
0
0
0
-1
-1
0
1
0
-1
-2
0
2
0
0
0
0
2
0
-2
0
0
0
0
-1
1
3
1
-2
-2
-1
0
0
-2
0
0
0
0
0
2
3
1
0
-1
0
0
0
0
0
1
0
0
1
0
0
-1
-3
-1
-1
-1
-1
0
0
0
1
0
1
0
1
0
0
0
0
0
0
1
2
0
0
-1
0
0
0
0
0
1
0
-1
0
0
-1
0
0
-1
1
0
0
0
0
0
0
-2
-1
0
0
1
0
0
0
0
0
1
2
0
1
1
0
1
1
0
0
-1
0
0
-1
0
1
0
-1
-2
-3
0
0
-2
-1
-2
0
0
-2
0
0
0
-1
2
1
1
4
0
0
0
0
1
0
0
1
0
0
0
0
2
0
0
0
0
0
1
-1
0
0
0
0
0
0
0
0
-1
-1
0
1
-1
-3
-1
-1
1
-2
-1
1
0
1
0
0
-1
-1
0
1
0
0
0
2
1
0
0
0
-1
0
3
0
-1
0
-2
0
0
-1
0
1
0
0
0
0
-1
-1
-1
0
0
0
0
1
0
0
0
-1
2
1
0
0
1
0
0
-1
0
0
-1
-2
-1
0
1
1
-1
1
2
0
0
0
0
0
0
1
1
0
0
0
0
0
-2
-1
0
-1
-1
0
-1
-1
0
0
0
0
0
0
-1
0
0
1
0
0
0
0
0
0
0
0
0
0
1
1
-1
1
0
1
0
0
1
1
0
0
0
0
0
0
0
0
1
0
0
-1
-1
-1
0
0
-2
-1
0
-1
-1
0
-1
0
0
0
-1
0
0
-3
0
2
0
2
2
-1
0
0
0
3
2
0
-1
1
0
0
0
0
0
0
0
0
1
0
0
0
0
0
-1
0
0
0
0
1
1
-1
0
-2
0
-1
0
0
0
0
0
0
0
0
0
0
0
1
1
0
1
1
1
0
-1
0
1
1
2
1
0
0
0
0
0
0
-1
-1
-1
0
0
-1
-1
0
0
0
-1
0
0
0
1
0
0
0
1
0
0
0
0
0
0
0
0
0
0
0
0
-1
-1
0
0
0
1
1
0
-1
0
1
0
0
0
0
1
-1
0
0
-1
0
3
0
-1
0
0
0
0
0
1
-1
-2
0
0
0
0
0
0
0
0
-1
0
0
0
0
0
0
0
0
0
0
0
0
0
0
0
0
0
1
0
0
0
0
0
-1
0
0
0
0
-2
0
0
0
0
0
0
1
0
-1
-1
0
0
0
0
0
1
0
0
0
1
0
0
0
-1
-1
0
0
0
0
0
0
0
0
0
0
0
0
0
0
1
1
0
0
-2
-1
0
2
1
0
0
1
0
-1
-2
-1
-1
0
1
0
0
0
0
0
0
-1
1
0
0
0
0
0
0
0
0
1
1
-1
-1
0
-2
-1
2
6
9
6
-2
-15
-28
-28
-8
21
41
38
8
-12
-22
-31
-24
-24
-10
11
28
61
55
-1
-64
-88
-36
33
50
31
12
19
42
47
11
-43
-47
-17
-19
-44
-63
-51
15
83
91
71
28
-33
-54
-25
0
-19
-38
-4
23
37
55
-3
-53
-13
-22
-32
26
68
87
174
186
-116
-436
-859
-1027
-4
1035
1020
699
455
157
-19
-93
-324
-515
-445
-274
-114
-15
-101
-133
2
69
137
192
77
-16
1
-32
-28
1
-51
-56
-25
2
16
67
179
200
150
84
36
56
74
39
-21
-29
-44
-71
-33
-75
-125
-33
45
26
-17
-22
-45
-94
-52
5
-49
-108
-48
-10
-15
54
82
39
36
31
1
-38
-88
-66
5
17
50
102
67
31
45
42
41
60
34
-29
-43
-10
11
-7
-1
39
16
-16
-3
-14
-40
-50
-52
-41
-29
-42
-40
-10
-11
-16
2
6
15
34
29
22
28
18
14
24
15
24
50
24
-13
-8
-19
-36
-15
-16
-27
-1
-1
-13
38
52
-33
-71
-10
26
10
1
0
0
-2
-3
-1
-2
5
6
-10
-22
-11
-3
7
12
12
11
-8
-22
-16
-4
8
11
0
1
2
3
21
26
21
14
-1
-3
8
5
1
-7
-23
-21
-27
-34
-19
-6
1
12
13
11
11
6
2
3
4
-3
-10
-16
-11
5
13
16
19
4
-11
-17
-10
2
3
9
27
28
14
-1
-16
-13
-2
1
-3
-12
-13
-4
3
3
3
3
1
0
-4
-10
-6
8
18
16
1
-12
-16
-4
-1
-8
-10
-5
1
8
5
-2
-2
4
11
9
-1
-7
-3
0
-1
0
-1
1
10
6
9
13
7
3
-9
-25
-22
-8
-4
-9
-7
-5
0
7
4
3
0
-1
4
3
0
-1
0
0
2
5
6
8
6
0
0
2
6
9
5
2
-1
-3
2
6
0
-4
-5
-3
1
0
-3
-6
-4
0
-1
-3
-5
-3
1
2
2
3
3
1
0
-1
-3
-4
-1
-3
-4
0
4
7
5
-2
-3
-3
-2
0
2
4
3
-1
0
3
0
-1
-1
1
3
4
2
0
1
3
0
0
3
3
-1
-4
-3
-2
-1
-4
-4
-2
1
3
0
-3
-4
-6
-2
3
3
2
0
0
2
1
-5
-6
-3
0
5
4
2
0
-1
-1
-1
0
4
6
1
0
0
0
-1
0
-1
0
0
-1
0
2
1
-3
-5
-1
1
3
2
0
0
-2
-1
0
3
4
2
0
-4
-4
1
2
3
1
-2
-5
-4
0
2
1
0
1
0
0
0
2
0
1
2
-1
-1
3
0
-1
-1
-3
-3
0
1
0
-1
-1
0
2
0
0
0
-1
0
0
0
0
0
1
0
0
-1
0
3
0
0
-2
0
2
0
2
1
0
0
-1
0
0
0
0
0
0
0
-1
-1
-2
1
0
0
-1
0
0
0
0
1
0
0
0
1
2
0
0
2
1
0
1
0
0
0
0
0
0
0
0
-2
-1
-1
2
0
-1
-2
0
0
0
0
-1
0
0
2
2
0
0
0
0
-1
0
1
0
0
3
1
1
-1
-1
0
-1
3
2
-4
-2
-1
0
2
0
0
0
1
1
0
1
-1
-2
-1
-1
-2
0
0
0
0
0
1
0
0
0
0
0
0
-1
1
2
1
1
0
-3
0
1
0
0
0
-2
1
0
1
0
-2
-1
0
1
0
0
0
0
0
0
0
0
0
0
0
-1
1
0
1
0
1
1
0
0
0
0
0
0
-1
-1
0
0
-2
0
1
0
0
0
0
0
1
1
0
-1
0
1
0
0
0
0
0
-2
0
0
0
0
0
1
0
0
0
-1
1
0
1
0
0
0
0
1
0
0
0
0
0
0
1
0
0
0
0
0
0
1
0
0
0
0
0
0
-1
0
0
0
0
0
1
2
-1
-1
-1
-1
0
-2
0
1
1
1
0
0
0
-2
0
1
0
0
0
0
0
0
0
1
1
0
0
0
0
0
1
-1
-2
0
0
0
0
0
0
-1
1
1
0
1
0
-1
0
0
0
0
0
0
-1
0
-1
0
0
0
0
0
0
0
-1
-1
0
1
1
0
0
1
0
0
0
1
1
-1
0
0
1
0
0
0
1
0
-3
0
0
0
0
0
0
0
-1
-1
0
0
0
0
-2
0
1
-1
0
0
0
-1
0
1
1
0
0
0
1
0
0
-1
-1
0
0
0
0
0
0
0
0
1
1
0
-1
1
2
0
0
0
0
0
-1
0
0
-1
0
0
0
-1
-2
0
0
0
0
-1
0
-1
-1
0
2
1
0
0
0
0
0
0
0
0
1
1
1
0
-1
0
0
0
0
0
0
1
1
0
1
1
0
0
-1
0
0
-1
-1
0
-1
-1
-2
-1
1
0
1
1
0
0
0
1
1
1
0
-1
-1
0
0
-1
0
0
0
0
0
0
0
1
0
-1
0
0
0
1
0
2
1
0
-1
0
0
1
1
0
0
0
0
0
-1
0
1
-1
-1
0
-1
0
2
0
0
-2
-1
-1
-2
-1
0
0
1
0
0
0
-1
1
2
0
0
2
0
0
2
0
0
0
0
0
0
0
0
0
0
1
0
0
0
-2
-1
0
0
0
0
0
0
0
0
0
1
0
-2
1
1
0
0
0
0
-2
0
0
0
1
0
0
2
0
-1
-1
-1
-2
0
-1
0
1
0
0
-1
0
0
0
2
0
-2
-1
1
2
0
0
0
0
1
1
0
1
0
0
1
0
0
0
0
0
0
-1
0
-2
0
0
-2
0
0
0
-1
3
1
0
0
0
0
1
3
1
0
1
0
-1
0
-3
-1
1
-1
-2
-1
0
0
0
0
0
0
0
0
1
-1
0
-2
0
0
-2
1
0
0
0
0
1
-1
0
0
1
0
0
1
1
1
1
1
0
0
1
0
-1
1
0
-3
-1
0
-2
-3
0
0
0
1
0
0
2
0
-1
-2
0
0
-1
0
0
0
0
1
1
0
0
0
-1
0
0
0
0
2
3
0
-1
0
-1
-1
0
0
0
1
-2
0
0
0
3
0
0
2
-2
-3
-1
-1
0
1
2
2
-1
0
-1
-1
2
0
1
1
0
0
-2
0
0
0
1
-1
-2
0
-2
0
0
0
1
0
0
0
-1
0
0
0
1
0
0
2
0
0
-1
0
2
0
0
-3
0
4
0
0
-1
0
0
0
0
0
-2
0
-1
0
0
0
0
0
0
0
0
0
1
0
0
2
0
-1
-2
-1
-1
0
2
-2
0
0
0
0
0
0
-1
0
0
0
0
0
0
0
1
1
-1
0
1
0
1
2
0
-1
0
0
0
1
0
-1
1
1
0
2
0
-1
0
-3
0
0
0
0
0
-1
0
0
0
1
0
0
0
0
0
0
1
0
0
0
1
1
0
0
0
0
0
0
3
0
-1
0
0
-2
0
0
0
0
0
0
0
1
-1
-1
0
0
1
1
2
1
-2
-1
-1
-2
0
3
2
1
0
-1
0
0
1
0
1
0
-2
0
0
0
-1
0
0
0
-1
0
-1
-2
-2
0
0
0
0
0
0
1
0
0
1
0
1
0
1
2
1
1
0
1
0
0
0
0
0
0
0
0
1
1
1
0
0
1
-1
0
0
2
0
-2
0
0
-1
-2
-1
0
-2
-2
-2
-2
-1
-2
-2
0
0
-1
-1
0
0
-1
0
1
0
0
2
0
3
3
2
2
0
1
2
3
0
0
3
1
0
-1
0
1
0
0
-1
0
0
-2
0
-1
0
-1
-2
0
0
-2
-1
0
0
0
0
0
0
0
0
0
0
0
1
0
0
1
0
0
2
0
1
1
1
0
0
1
0
0
0
1
1
0
-1
0
0
-1
0
-1
-1
0
0
-1
0
0
0
-2
0
0
-2
0
0
0
2
1
0
0
0
0
0
0
1
0
0
1
0
0
0
0
0
0
-2
0
0
0
0
0
1
1
0
0
0
0
0
0
0
0
0
1
1
1
0
1
0
0
0
1
1
0
-1
0
1
0
0
0
0
0
0
0
0
0
0
0
-1
0
-1
1
0
0
0
0
1
1
0
0
0
0
-1
0
0
0
0
0
0
0
0
0
0
0
0
0
0
0
0
0
-1
0
-1
-1
0
0
1
0
0
-1
0
2
0
0
0
0
2
2
1
0
0
-2
0
1
1
-1
-1
-1
-2
0
0
1
1
-1
-1
-1
0
0
0
0
2
0
0
-1
0
0
0
1
1
0
0
0
0
0
0
3
0
0
0
0
-1
1
0
0
0
-1
0
-2
-2
0
-1
0
0
-1
0
0
0
1
0
-1
0
-1
0
1
0
2
2
0
0
0
0
1
0
0
0
-2
0
0
0
1
0
-1
0
-1
0
1
-2
-1
-1
0
1
1
2
1
2
0
-1
0
0
0
0
-1
0
0
-1
1
0
0
0
-1
-1
-2
0
1
-1
0
1
-1
0
0
0
2
1
0
0
0
0
0
0
0
0
2
1
0
0
0
-1
0
0
0
0
0
0
0
0
-1
0
0
0
0
-1
0
0
1
2
0
0
0
0
0
0
0
1
0
0
1
0
0
0
-2
-2
-1
-1
0
1
0
0
-1
0
0
0
0
0
1
0
0
2
0
0
-2
-1
0
0
0
0
-1
0
0
0
0
0
0
0
0
-1
0
1
0
1
1
0
0
0
0
0
-1
0
0
0
1
0
-1
1
1
-1
1
0
0
1
-3
0
1
0
0
0
-2
0
1
0
-1
0
0
0
0
0
0
1
0
0
-1
0
0
0
-1
0
0
0
0
0
-1
0
0
0
0
1
0
1
0
0
0
1
0
0
0
0
0
0
1
0
0
1
0
-1
-2
0
1
-1
0
0
0
0
1
2
1
-1
0
-1
0
-2
-1
0
-1
-1
0
0
0
0
0
1
1
0
0
1
0
-1
0
0
0
-1
-1
2
0
0
2
2
2
1
1
-1
-3
0
-2
-4
0
0
0
3
3
0
0
1
-1
-1
-2
-4
-4
-1
1
0
2
2
2
4
2
0
0
-1
-2
-1
-1
0
1
2
2
0
2
1
0
0
0
-1
-3
-3
0
0
0
2
1
0
-1
-1
-2
-2
-1
-2
0
1
0
2
0
0
0
0
0
-1
0
0
0
0
0
1
-1
0
0
2
3
0
1
0
0
0
0
0
0
-1
-1
0
0
1
3
2
0
0
0
-2
0
-1
-2
-2
-1
0
0
1
2
0
1
0
-1
0
1
-1
0
0
0
0
1
0
0
2
0
-1
-1
2
0
0
2
-1
0
0
0
0
0
0
0
-2
1
-1
-1
0
-1
1
1
0
-1
-1
2
0
0
0
1
1
-1
0
-1
-1
0
-1
0
0
0
0
1
2
0
0
1
0
0
-1
0
0
-1
1
1
0
0
0
0
0
0
0
0
0
-1
0
2
0
0
1
0
0
0
0
1
0
-1
0
0
1
0
0
-1
0
0
0
0
0
0
0
-1
0
-1
-3
1
0
2
3
0
-1
1
2
2
0
0
0
-1
1
-2
-1
-1
-2
0
0
0
0
1
1
0
0
0
0
1
0
0
0
0
1
-1
-1
0
0
0
0
0
0
0
-1
-1
0
0
0
-1
0
0
0
0
0
0
0
0
1
0
0
-1
0
0
-1
-1
0
0
0
0
1
1
3
1
0
0
-1
0
0
0
0
-1
0
1
0
0
0
0
0
0
1
0
0
0
-2
-1
-1
0
0
0
0
0
-1
0
0
0
0
1
1
1
1
1
1
1
1
0
0
-1
-1
0
0
0
-2
0
0
0
0
0
0
0
-2
1
0
-1
0
0
0
0
-1
0
1
0
0
0
0
-1
0
-1
0
0
-1
0
1
0
0
0
0
1
1
0
0
1
1
0
0
0
0
-1
0
1
0
0
-2
0
0
0
0
0
0
0
1
0
0
0
0
0
0
0
0
0
0
0
-2
0
0
0
0
1
1
0
0
-2
-1
0
0
0
0
0
0
0
0
0
1
0
0
0
0
0
0
1
1
1
1
0
1
0
0
-1
0
0
0
0
-1
-1
0
0
0
-2
0
0
0
-1
-2
0
1
1
0
-1
-1
1
1
0
0
-1
0
1
2
1
0
0
1
1
1
0
-2
-2
1
3
1
-2
-2
-2
-1
2
0
-2
-1
-2
1
3
2
2
-4
-6
0
4
4
-3
-6
-3
5
11
5
-9
-19
0
25
21
0
-21
-15
4
13
10
-6
-16
-5
4
5
-1
-7
-5
0
6
3
-2
-4
-3
1
6
8
3
-4
-4
-1
3
5
3
-1
-1
0
1
0
-1
0
0
2
0
-3
-3
0
-2
0
0
0
0
0
1
2
1
-1
-4
-2
3
6
0
-7
-6
0
6
3
0
0
0
0
0
0
2
5
4
-1
-6
-3
5
7
3
-1
-4
-2
1
1
0
-2
-1
-1
0
0
0
-1
-1
-1
0
0
0
0
0
-1
0
2
4
2
1
0
0
0
1
2
0
-1
-2
0
2
0
-2
-2
-1
3
0
-2
-1
0
3
2
0
-1
-1
0
0
0
0
3
1
-1
-2
0
1
2
-3
-3
0
0
1
1
-1
-1
0
0
-1
0
1
0
0
0
0
0
2
0
-3
0
0
0
1
0
0
-1
-1
-2
0
1
0
0
1
0
1
0
0
0
1
0
-2
0
1
0
0
-1
-2
0
1
0
0
0
0
1
0
0
-2
0
2
0
-1
-1
0
0
-1
-1
-1
-1
0
0
0
1
1
0
0
0
0
0
0
0
0
0
0
0
0
-1
-2
0
0
0
1
0
0
2
0
0
1
0
1
1
0
0
-2
0
-1
0
0
1
1
0
0
1
0
0
0
1
-2
-2
-2
-3
0
0
0
2
1
1
2
0
-1
0
0
-1
0
0
0
0
1
0
0
2
0
-1
-1
0
-1
-1
0
0
1
3
1
1
1
-1
0
0
0
0
0
-1
-2
1
0
-1
0
0
-1
0
0
0
0
0
0
0
0
0
0
0
-1
0
0
0
2
0
0
0
1
-1
0
0
-1
1
0
1
1
0
1
0
0
0
0
1
0
0
0
0
0
0
0
0
0
0
0
0
0
0
0
0
0
0
0
-1
0
0
0
0
0
0
0
0
-1
-1
0
-1
-1
0
0
0
0
1
1
0
0
0
1
0
1
2
0
0
0
0
0
1
1
0
0
0
-1
-3
-3
-1
0
0
0
0
0
0
0
0
0
0
0
-1
0
0
0
0
0
0
0
-1
0
0
2
0
0
0
0
0
0
1
0
0
1
0
0
0
0
-1
0
0
-1
0
0
0
1
0
0
0
0
1
1
0
1
1
-2
-2
0
0
0
0
1
0
0
-1
-1
0
-1
0
0
0
1
0
-1
0
0
0
1
0
0
0
0
0
0
-1
0
0
0
0
0
-1
0
1
0
2
0
0
0
0
2
1
0
0
0
-1
-1
1
-1
-1
0
0
-1
-1
0
0
0
-1
0
0
0
-1
1
0
0
0
0
-1
0
0
0
1
0
0
0
-1
0
0
1
0
1
0
0
0
0
0
-1
0
0
1
1
0
0
1
0
0
0
-2
-1
-1
0
0
-1
0
0
1
1
0
0
0
-1
0
0
0
0
0
0
0
0
0
0
0
0
-1
1
0
0
0
0
0
0
1
2
0
0
0
0
-1
-1
0
-2
-1
0
-1
1
1
2
1
0
0
0
-1
-1
-1
0
0
-1
-1
0
2
1
0
0
0
0
0
0
-1
0
0
0
0
0
0
0
-2
0
-1
1
0
-1
1
1
0
0
1
0
1
1
0
-1
1
0
-2
-2
0
0
0
2
1
0
0
0
0
-1
0
2
-1
-2
0
-1
-1
0
-2
-4
1
3
-1
0
3
2
0
-1
1
1
-2
-1
0
1
0
2
4
0
-2
2
0
-4
-2
3
0
-2
3
2
0
2
1
0
-1
0
-1
0
0
0
-3
-3
-1
-2
-1
0
0
0
0
1
1
-1
-2
0
1
0
3
5
2
0
1
0
0
-2
-2
0
0
0
-2
-2
0
0
-3
0
0
0
0
0
1
1
0
2
2
2
2
0
2
1
1
2
1
0
0
-1
-2
-1
-1
-2
-2
0
-1
-2
-1
-2
0
-2
-3
-1
-1
0
1
0
1
1
1
1
2
3
2
2
1
0
0
0
0
0
1
0
0
-1
-1
0
0
0
-2
-1
0
-2
0
0
0
-1
0
0
0
0
0
0
-1
-3
0
0
0
0
0
1
1
0
-2
1
0
1
3
1
2
0
0
0
0
1
0
2
2
0
1
0
0
-2
-2
0
-1
0
-1
0
0
0
-1
0
0
0
0
0
0
0
0
1
0
-1
0
0
-1
0
1
1
1
1
0
2
0
0
-1
0
0
0
0
2
0
1
0
-1
-1
-2
-1
0
0
0
5
9
8
6
9
19
5
-18
-21
-25
-50
-34
-13
-21
4
48
40
15
28
31
17
-1
-8
-11
-4
11
10
8
10
-13
-23
-5
-9
-6
-2
23
11
-19
23
95
-125
-203
0
-33
-53
21
-115
-81
221
121
17
182
139
-117
-88
45
77
74
42
80
179
260
125
-34
-147
-285
-328
-284
-311
-354
-246
-106
-78
58
123
179
328
325
443
345
117
43
6
-155
-245
-140
29
-28
33
-93
-230
110
28
67
-24
81
122
59
-108
-337
-152
-64
-92
11
270
176
-105
-404
-39
338
140
-75
191
151
-50
97
309
-26
-391
171
167
-206
-362
-252
309
330
-92
148
-150
-227
-44
-308
-132
303
75
-271
2
237
219
-177
138
121
-154
97
-161
-465
193
467
-162
-195
385
553
-150
-354
184
-92
-377
-243
-244
709
80
-886
266
515
306
-154
-298
378
-86
-295
198
-15
-176
258
161
-81
-385
-37
604
-243
-377
142
-248
-210
197
144
0
-499
222
495
-17
437
-192
-115
346
-658
-188
310
-261
323
129
-68
424
34
-167
-239
-374
101
-66
-420
79
318
213
225
98
-180
80
-178
-716
-541
50
369
407
479
205
601
584
-202
-591
-354
26
-95
-424
-302
40
62
-91
-295
472
264
-3
193
-212
349
216
417
252
-850
-812
-69
177
-531
-189
470
440
390
98
-221
75
316
-148
-163
-63
-81
283
-145
-447
-207
262
-23
-86
369
-7
393
129
-300
-7
63
-660
91
584
-110
127
-372
-169
318
-168
-767
-359
898
458
-637
-120
463
-170
57
436
105
409
313
45
-112
-347
-422
-487
-456
-288
-41
670
345
-595
228
516
331
323
-231
-254
-183
351
98
-368
-774
-773
326
383
-74
171
695
311
73
219
315
-33
-160
38
-372
-275
-423
-334
-283
-574
-306
546
913
700
260
-17
618
-28
-98
39
-940
-1078
-228
148
-163
-30
29
339
600
797
102
-518
390
-266
-399
215
-394
64
310
22
-173
-29
98
-14
115
408
48
-739
-72
163
-502
-224
33
-48
146
214
276
98
-140
352
-191
-243
619
215
-311
382
579
-140
-746
-469
-353
-307
-501
-69
557
37
591
928
-33
33
537
-194
-814
184
-149
-721
-278
-270
-294
-177
403
760
237
218
883
356
-69
-453
-875
-647
69
284
-432
-281
534
510
456
93
-423
373
212
-592
-636
53
130
-328
-335
177
351
744
663
-414
-530
-285
50
-58
-470
-643
581
206
101
686
132
448
52
54
-255
-119
-44
-792
-590
196
458
21
151
387
-127
-327
22
111
-230
-611
-166
567
685
-15
-317
191
465
-250
-243
218
-57
-124
62
189
-315
-309
83
280
-48
-184
72
-257
-525
8
398
-316
90
363
176
97
179
417
137
-22
-612
-404
516
222
-776
-417
430
439
-146
75
-63
-474
171
137
-55
171
712
237
-278
66
-233
-633
-125
-29
-171
-196
510
927
-281
-775
-215
209
-51
10
609
-57
106
472
-208
-562
-436
147
97
68
211
146
142
-34
-93
-63
229
99
-435
-443
-159
-351
-143
417
445
322
-86
167
236
-147
-285
-383
262
483
29
-402
-276
-174
-126
18
1
-160
174
654
116
274
353
319
-98
-476
-145
-192
-76
-599
-553
-201
443
646
-222
151
338
123
124
-463
-174
44
-275
-147
77
29
173
401
206
-63
-418
-86
230
-180
-481
154
658
152
-210
-124
100
48
79
-19
-97
71
36
379
-126
-713
-42
122
25
-150
14
457
65
-83
379
129
-175
-252
-226
6
-329
-239
-15
-96
-49
-39
298
185
192
114
407
623
-218
-171
-4
-279
-282
-322
-220
52
221
222
18
-152
-131
23
39
-213
-94
421
240
-194
-17
121
2
-37
124
-12
-52
100
72
-98
-152
-235
-182
-19
-224
-133
131
97
102
186
373
394
-26
-6
151
-161
-56
-47
-274
-308
-173
150
82
-145
13
248
87
-161
-66
117
14
-195
-135
-104
-238
-156
-36
112
232
257
449
317
-107
3
124
-8
-202
-432
-193
-26
-148
-131
-36
46
169
343
212
-167
-510
-422
-185
-278
-128
122
374
726
852
792
448
112
153
133
-173
-407
-370
-381
-494
-466
-238
0
-34
-248
-425
-584
-750
-825
-910
-676
130
1098
1763
1781
1655
1567
1402
1138
946
1036
789
278
-48
-465
-1301
-2411
-3548
-4477
-4547
-3725
-2437
-701
859
1886
2814
3369
3480
3155
2452
1864
1592
1534
1450
1250
1649
2211
778
-1999
-3883
-4771
-5289
-5121
-3724
-1946
-592
918
2135
2544
2005
639
-335
-969
-1172
-322
1135
2365
3093
3484
3349
2605
2707
4097
3226
-470
-3358
-4719
-5925
-6875
-6212
-4429
-2847
-214
3170
4499
4014
3612
2152
-1242
-3999
-4480
-3837
-2380
476
3433
4958
5765
5846
4503
4381
4708
2015
-1656
-4120
-5577
-7062
-7838
-6286
-4390
-2224
1550
4685
5761
5566
4933
2928
-1016
-3964
-4961
-5641
-4915
-1916
1770
4598
6328
7048
6364
6507
6305
1975
-3428
-6785
-8533
-9433
-8638
-5707
-3254
-158
4409
6705
7145
7228
5550
1271
-4082
-7218
-8234
-7502
-4336
-464
3445
6410
8280
8719
8060
8387
5162
-1440
-5638
-8274
-10203
-10322
-7901
-5071
-2819
2270
6490
6820
7158
6837
3756
-1857
-5977
-7010
-7761
-5958
-2062
1369
5135
7977
8682
7974
8364
6853
976
-3956
-6933
-9414
-10462
-9096
-6032
-3759
-317
4819
7007
7313
7865
6366
1369
-3605
-5355
-6820
-7283
-4336
-944
2230
5383
7114
7365
8166
8231
3440
-2273
-5614
-8659
-10521
-9714
-7117
-5042
-1669
4596
7904
7944
8122
6957
3403
-2012
-6010
-8039
-8637
-6056
-2642
1190
5616
8077
8553
8227
8819
6569
334
-4297
-7967
-10782
-10928
-8939
-6587
-4489
1385
7235
8247
9031
8710
5343
541
-3962
-6948
-9194
-7807
-4034
-1143
3518
7270
8011
7966
8907
8234
2711
-2152
-5562
-9425
-10540
-9171
-7269
-5387
-1500
4035
6483
7739
9198
7170
3179
-579
-4457
-7893
-8918
-6324
-3325
95
4612
6756
7229
8368
9379
6379
967
-2990
-7072
-9585
-9398
-8339
-7016
-4870
272
4211
5862
8532
8215
5171
1851
-1816
-4726
-6912
-6301
-3855
-1784
1908
5113
5740
6565
8839
7721
2901
-820
-4478
-7959
-8990
-8605
-7861
-6187
-1607
3155
5204
7338
7745
5453
2973
-293
-3713
-6384
-7069
-4845
-2208
836
4192
5531
6288
8674
8824
4421
329
-3094
-6779
-8392
-8381
-7712
-6898
-3888
1073
3710
5605
7081
6451
4176
996
-1534
-4734
-7110
-5797
-3541
-1198
2493
5375
6066
8033
9829
6126
1434
-2026
-6193
-8490
-8966
-8717
-7379
-4542
208
4042
6018
7462
7318
5054
1592
-1282
-3862
-6406
-5950
-3422
-1539
1705
4690
5359
7636
9368
5971
2029
-837
-4927
-7556
-8220
-8580
-7961
-5358
-1234
2165
4461
6115
5958
4590
2559
-109
-2340
-4396
-4761
-2737
-1177
980
3414
3788
6144
8164
4978
1653
-667
-3900
-5722
-6229
-6858
-6756
-4751
-1312
1684
3557
4400
4740
4092
1701
-406
-2055
-3888
-3722
-1836
-472
1399
3357
3513
5316
7343
4714
1634
-596
-3509
-4735
-5442
-6737
-6646
-4598
-1441
1078
2694
3430
3842
4137
1960
-349
-1530
-3140
-2508
-621
-184
1043
2505
3034
5006
5993
3222
394
-1093
-2431
-3391
-4505
-5697
-5600
-3915
-1279
765
1520
1958
3032
3739
2239
368
-1159
-2803
-2223
-505
-26
660
1893
2905
5150
6656
4041
905
-570
-2039
-3352
-4758
-6569
-6856
-4631
-1705
284
1276
1833
2940
3826
2493
659
-827
-1951
-790
419
329
1161
1778
2537
5185
5473
2394
419
-932
-2322
-3182
-5116
-6831
-5800
-3252
-1153
278
986
1828
3678
4215
1610
-632
-829
-930
-342
348
84
884
2217
3149
5136
4457
1102
364
11
-1833
-3666
-5424
-6072
-4496
-2688
-1664
-652
385
2150
3777
2728
103
-561
-114
-246
-104
37
441
2176
3071
3083
4704
3802
844
651
-2
-2350
-4247
-5145
-5208
-4205
-2760
-1956
-777
1062
2718
3437
2257
557
375
353
-280
-482
-119
805
2267
2279
2250
4616
4067
1115
537
-364
-2159
-3554
-4829
-5473
-4422
-3204
-2483
-1122
161
1840
2548
1422
898
1420
1097
277
521
979
1398
1796
1261
1693
3778
2713
112
163
-97
-1439
-2882
-4318
-4570
-3512
-2790
-2184
-1269
-312
1863
2670
1010
597
1317
849
-55
-10
710
1405
1316
1107
2119
3848
3044
649
591
745
-655
-2839
-4444
-4252
-3363
-3559
-3399
-2229
-1017
1139
1595
181
758
2093
1762
722
851
1755
2216
1762
1595
2319
3051
2600
880
527
510
-505
-2415
-3900
-3269
-2938
-3815
-3731
-2447
-1448
-198
185
-355
588
1503
1479
800
804
1938
2114
1578
1624
2037
2051
2035
1353
504
518
359
-767
-2249
-2213
-1821
-2536
-2906
-2519
-2023
-1296
-682
-559
-311
155
726
806
576
794
1081
1225
1379
1235
1028
1247
1381
1323
1041
919
1113
545
31
-196
-834
-1277
-1534
-1994
-2172
-1783
-1778
-1668
-1261
-706
-187
-207
29
373
630
806
812
793
1039
1361
1223
1183
1343
1447
1232
1018
1048
818
445
84
-284
-692
-1042
-1452
-1818
-1946
-1916
-1827
-1754
-1409
-908
-688
-476
-168
134
411
675
932
1254
1592
1727
1893
1994
1892
1699
1485
1257
885
385
13
-272
-722
-1131
-1439
-1700
-1852
-2012
-2165
-2170
-2011
-1835
-1629
-1226
-648
-132
340
858
1304
1635
1850
1912
1853
1765
1605
1401
1084
838
618
289
-37
-354
-609
-859
-1007
-1033
-1073
-1094
-1067
-1123
-1175
-1173
-1158
-1056
-868
-563
-142
283
713
1036
1167
1240
1289
1188
1024
945
899
779
627
485
298
97
-97
-260
-372
-424
-421
-397
-406
-426
-442
-513
-555
-585
-564
-484
-361
-181
-8
181
314
353
372
386
371
341
318
308
319
278
221
146
46
0
-38
-57
-17
33
52
68
63
30
-23
-83
-110
-126
-142
-134
-149
-184
-200
-222
-265
-274
-252
-211
-159
-115
-55
-3
55
101
147
201
256
305
331
379
387
336
269
213
157
96
42
-15
-47
-65
-104
-169
-217
-246
-285
-325
-336
-320
-282
-230
-185
-153
-111
-44
0
36
100
152
187
221
243
251
241
222
188
142
117
89
58
39
30
10
-27
-57
-84
-112
-128
-149
-158
-147
-127
-109
-94
-79
-63
-40
-19
9
35
58
73
79
82
70
57
45
37
37
39
29
27
29
15
0
-19
-22
-11
-4
0
14
16
-3
-20
-36
-50
-60
-63
-56
-32
-16
-16
-15
-16
-20
-29
-27
-11
8
27
40
51
61
59
48
44
49
48
40
28
16
3
-14
-26
-32
-33
-39
-42
-42
-39
-39
-42
-41
-38
-31
-25
-16
-4
11
23
24
32
36
30
28
27
32
35
37
41
36
29
21
12
0
-14
-20
-25
-26
-25
-31
-36
-36
-33
-28
-21
-19
-19
-12
0
5
3
1
6
14
16
13
8
10
14
14
10
4
3
9
18
21
15
10
12
14
10
0
-8
-13
-9
-5
-10
-20
-18
-11
-7
-9
-18
-19
-14
-10
-7
-6
-4
3
12
15
14
13
13
17
18
21
19
10
10
11
6
1
-7
-6
-2
-6
-8
-13
-12
-10
-12
-14
-14
-12
-10
-10
-5
-5
-5
-1
0
5
8
8
6
6
9
6
8
2
7
10
2
5
2
8
2
4
0
-3
-1
-5
-12
-7
0
-3
2
7
2
11
3
0
6
2
-7
-1
0
9
8
-10
-5
6
3
-17
-12
12
-3
-41
-3
4
-17
17
-6
4
30
10
13
-22
-1
124
-246
52
46
-135
89
-52
90
11
72
36
2
5
137
-270
-18
101
-147
67
-80
119
24
38
34
-48
-27
22
-56
-15
-4
-19
4
12
-63
24
29
-70
73
-14
47
-7
19
-6
-6
-55
91
-93
53
90
-150
185
-36
-23
10
-19
-18
-15
-70
23
-4
-26
57
-58
65
13
-49
17
-39
40
15
-32
47
1
-10
29
18
-71
42
-17
-21
-16
41
19
-80
108
-53
-21
63
-40
53
-20
-14
12
-34
4
-34
15
-76
43
25
-87
-31
72
-30
-49
96
-8
95
-19
109
21
-24
44
-65
65
-151
35
7
-162
-9
60
-49
-61
50
45
32
-28
71
4
-1
40
-51
112
-142
41
166
-211
198
-213
122
-84
-107
120
-350
353
-301
268
-9
-203
366
-223
199
-9
-108
138
101
-43
-27
5
-49
5
3
-171
81
-85
96
-126
-5
116
-287
313
-120
-141
187
-96
160
-142
41
157
-169
211
-255
271
-221
72
138
-340
456
-403
355
-188
-116
272
-377
305
-130
-147
310
-128
-96
247
-200
-77
295
-409
164
254
-483
444
-97
-116
232
-151
102
-157
147
-120
100
-141
-39
103
-282
189
-151
58
97
-52
190
-70
72
14
32
-52
-17
116
-175
22
-25
215
-341
322
-87
16
36
-237
311
-182
54
-62
-52
-285
245
-424
-10
538
-520
836
249
-190
337
117
-340
-67
-244
-538
220
-435
-328
515
-442
346
-33
358
-78
361
28
-25
296
-423
496
-510
20
72
63
-234
-75
186
-160
99
-116
155
283
-44
141
148
-298
204
-362
-64
-180
-251
103
118
-258
286
66
205
-66
-119
206
-285
126
-223
89
-63
155
-70
285
9
-12
294
-320
240
33
-130
205
-252
183
-168
-310
136
-228
-92
-61
-46
-164
84
-166
66
325
72
199
214
490
135
78
111
25
-302
-485
-382
-649
-714
-517
-445
-246
-229
-93
413
393
530
775
899
1115
961
1164
1023
1005
441
-84
-400
-1140
-1803
-2099
-2272
-2640
-2239
-1874
-1357
-709
-152
1081
1831
1939
2657
2909
2568
2262
2308
2832
1438
-148
193
-929
-2889
-3876
-3984
-3509
-3654
-3188
-1360
-74
365
1525
2595
2285
1885
1631
1101
100
-838
-852
-549
-542
-277
913
1524
3179
3977
1982
2666
2528
-588
-2402
-3179
-4438
-4938
-4600
-3522
-1850
-303
1439
2479
2552
2919
2682
1076
15
-567
-1340
-1628
-1076
-389
618
1576
2788
4451
3686
2768
2546
757
-1920
-3689
-5065
-5652
-5162
-4619
-2792
2
1569
2870
4425
4528
3563
2233
990
-574
-2843
-3977
-3173
-2846
-1868
352
2138
2971
4801
6499
4574
2552
1383
-582
-3446
-6015
-6661
-5571
-4924
-3487
-430
1909
3944
4739
4759
4765
3188
984
-1170
-2841
-4092
-5197
-4807
-2758
-1371
292
3342
4972
5191
5848
6238
3615
587
-1022
-3447
-6301
-7480
-6773
-5559
-3417
-484
2284
4960
6148
5560
4519
3342
368
-2801
-4207
-5342
-5809
-4850
-2293
286
2598
5178
6774
6415
5343
5653
3176
-1182
-3233
-4681
-6246
-7637
-6625
-3453
-1255
889
3779
5569
5835
4427
2497
711
-1756
-3982
-5159
-5110
-3939
-3293
-1465
1644
2954
3705
5269
5430
4271
2596
2721
2697
-2012
-4215
-2946
-4498
-6339
-4682
-2154
-313
1641
3119
4612
4656
2740
888
-568
-2321
-4025
-3997
-3011
-2488
-1253
592
1728
2238
2859
3429
3290
2142
1744
1350
1678
1133
-2068
-2140
-1414
-3566
-4350
-2698
-1375
190
1234
2206
3189
2461
1381
-26
-987
-2061
-2795
-1264
-1789
-2642
-369
725
1
672
2222
3050
2731
2235
2393
2108
2793
855
-2724
-2437
-2551
-4960
-4957
-2208
-733
673
2428
3627
3602
1996
658
-1124
-2240
-2282
-2726
-1518
663
613
488
1098
461
116
-107
-508
794
1542
1665
1430
2273
4862
1698
-2084
-1289
-2128
-4373
-5097
-3732
-481
1157
1354
2599
3439
2544
78
-1766
-1731
-1939
-2266
-1162
754
1958
666
-105
768
-500
-1474
-145
1071
1295
2219
2396
2064
3524
1494
-1850
-1493
-2032
-3302
-3155
-1842
649
1485
1690
1754
556
-582
-2275
-3261
-2632
-1342
668
1966
2019
3055
2974
-309
-2600
-2374
-1880
-1599
-858
1810
4100
3559
2566
2071
2959
803
-3469
-3841
-1202
-795
-2773
-1119
1748
1691
-136
-1184
-1247
-1657
-2501
-2149
-466
1178
1989
1846
2010
1443
175
-849
-2009
-1936
-1117
-882
-441
1103
1877
1575
1863
2152
660
1787
4042
-350
-1944
711
-1394
-3451
-2440
-1387
-880
185
810
-112
106
-172
-2037
-1358
-307
-670
380
1562
1362
1310
683
63
-89
-1712
-1823
-187
-568
-223
1753
2288
2186
2003
1244
607
2509
2444
-1241
-2140
-1018
-1756
-3054
-2432
-1169
458
894
-115
37
23
-1126
-1147
-844
-534
575
883
637
1157
1261
393
-117
69
825
-60
-1442
-754
-375
-1123
-790
640
1122
1690
2873
2533
1366
2479
3091
-477
-3833
-3486
-2564
-2848
-2667
-659
1964
2283
817
-363
-528
-1141
-2162
-1685
-170
1061
1317
1575
1635
1015
211
-246
-389
-312
-251
-269
422
1429
410
-1350
-338
152
-1350
-1110
305
888
1571
1795
964
929
258
116
1380
-926
-3144
-1455
-336
-1438
-1718
296
1197
565
-36
-1309
-854
-43
-861
-77
1125
921
1400
1558
214
-430
-292
-235
-392
-272
511
626
489
391
-229
-133
1
-365
-429
-99
76
-103
590
334
-1137
-611
-40
-624
-1028
45
1272
1205
650
63
2639
2835
-1975
-2793
-627
-1172
-2095
-927
290
1224
1827
-361
-1670
-41
-754
-1514
-406
475
1720
1986
1171
495
123
-496
-877
-276
156
315
826
772
101
-251
-219
-343
-726
-379
509
447
590
1550
224
-1147
-460
-545
-1512
-1591
-365
572
550
469
183
461
685
-443
-733
-44
-160
-107
392
575
618
451
-48
-412
-666
-757
-345
62
252
596
591
16
-359
-338
-363
-381
-59
299
902
1106
594
416
-15
244
1239
-329
-2277
-772
537
-780
-1233
-219
504
867
-60
-1335
-494
504
-385
-619
891
1466
900
442
-113
-269
-257
-609
-432
234
397
118
-202
-346
-262
-129
-4
242
958
1419
970
137
944
2364
-313
-2982
-1442
-333
-1033
-1412
-625
795
998
-257
-1173
-551
16
-438
-380
108
639
936
537
220
260
290
37
-120
2
262
658
604
299
317
-125
-467
-306
-305
198
654
266
581
724
-696
-1122
-733
-787
-603
-400
75
565
634
24
38
221
-1237
-1716
-429
154
-476
95
1347
1247
1112
598
396
523
732
2362
295
-2695
-1295
182
-894
-2060
-287
1536
1211
406
-916
-812
26
-893
-1445
-188
900
976
899
317
27
393
41
-563
-604
157
589
124
-507
-230
459
185
-469
-41
993
868
33
415
762
-374
-854
-474
-412
-742
-616
-14
231
488
104
-311
295
152
-615
-272
222
-189
-144
354
-60
-110
269
165
55
-47
-21
-16
63
84
255
403
3
58
338
-141
-429
-74
142
-37
-140
-178
-128
118
-14
-355
-124
336
261
-154
-58
223
-46
-280
-28
-90
-225
68
198
97
165
264
132
46
-32
-278
-172
10
-36
-25
42
41
-85
-26
-7
-158
-28
177
109
-59
-11
83
-84
-109
153
111
-70
103
160
54
61
-104
-143
58
-38
-199
-22
254
183
66
110
62
-243
-151
536
-665
-1619
83
599
-1011
-863
1038
1123
192
362
926
914
118
400
1308
-28
-1463
-997
-235
-870
-1344
-180
883
594
-152
-316
-191
-187
-851
-859
219
716
658
557
765
533
-259
-325
-146
-575
-388
410
315
-52
335
388
-124
-236
-130
192
386
192
390
595
-5
-528
-488
-327
-660
-615
92
251
333
212
102
183
-327
-577
-281
-203
-136
383
474
219
369
208
-114
-273
-337
-268
-63
153
173
276
318
97
-33
-71
-107
-96
56
243
144
-115
-248
-158
-229
-407
-86
182
144
146
65
69
71
-141
-100
96
-168
-83
282
287
297
252
79
-178
613
-424
-2557
-950
793
-406
-859
1611
2157
409
192
639
14
-8
740
-19
-536
-3
5
-1217
-1466
-468
-131
-222
-113
293
334
20
-395
-528
-179
187
53
467
857
709
629
37
-44
-115
-830
-744
76
-56
-247
436
874
313
121
648
121
-114
153
-59
-210
-125
-132
-293
-445
-429
-252
-224
-113
71
191
188
265
125
-127
-79
-46
-277
-62
449
257
32
310
317
-418
-1162
-1218
-531
-257
-406
382
1434
1469
911
851
882
166
-40
360
-55
-710
-337
105
-919
-1456
-587
-189
-601
-379
401
447
13
-160
-28
-218
-553
-431
48
387
461
562
910
845
201
-41
60
-134
-443
-230
184
397
390
486
816
555
-20
-114
-96
-478
-645
-313
-115
-301
-363
-160
-158
-403
-375
-2
-134
-236
-154
-195
-361
-473
-307
23
481
586
789
1187
1046
549
438
673
514
24
-6
53
-195
-626
-787
-646
-717
-720
-521
-286
-199
-206
-204
-61
-107
-291
49
279
77
181
407
281
75
55
119
-19
-148
44
208
218
310
501
610
532
438
447
348
117
10
-33
-99
-193
-302
-291
-292
-446
-559
-428
-319
-418
-349
-97
-69
-203
-198
-91
-126
-140
10
183
313
311
300
365
288
155
209
338
324
260
356
355
151
18
-12
-150
-350
-395
-345
-380
-425
-328
-261
-289
-274
-176
-150
-163
-28
86
98
167
263
287
286
312
326
312
316
266
172
86
-20
-111
-211
-227
-230
-263
-234
-189
-167
-203
-184
-122
-120
-115
-50
16
32
25
55
84
84
84
126
171
164
184
223
211
156
117
92
46
-5
-30
-31
-37
-63
-91
-82
-76
-102
-109
-69
-49
-61
-39
9
8
-21
-5
14
-13
-33
-2
19
7
5
17
16
6
1
23
47
50
59
76
80
64
61
75
48
17
32
29
-3
-3
-5
-38
-57
-73
-91
-92
-98
-95
-70
-48
-45
-31
-8
0
-18
-12
29
36
39
61
71
55
38
32
22
16
27
31
25
24
17
-5
-15
-9
-19
-27
-13
-6
-18
-18
-6
-15
-30
-24
-22
-34
-30
-22
-12
-3
-3
11
17
11
8
14
19
7
10
21
15
5
5
4
-5
-14
-11
-3
-1
1
10
20
15
7
8
8
0
-4
0
0
-7
-13
-12
-10
-12
-9
-1
5
10
11
7
6
1
-8
-13
-6
-1
-9
-3
7
3
-2
3
7
0
-4
2
3
-2
-4
0
0
-5
0
10
9
6
8
11
3
0
4
2
0
0
-1
-2
-4
-6
-6
-3
-1
-5
-4
-2
-3
-3
-3
0
0
0
0
0
0
0
2
4
2
1
-1
-4
-5
-4
-6
-2
1
1
5
8
7
3
5
8
4
2
6
3
0
0
0
-3
-4
0
-1
-5
-4
-1
-4
-9
-6
-6
-11
-10
-6
-2
-4
-4
-1
1
0
0
1
6
4
3
5
6
6
6
7
10
8
7
7
8
5
1
0
-2
-4
-9
-8
-9
-10
-7
-7
-7
-5
-3
-3
1
2
2
4
5
5
6
5
4
4
2
0
0
0
-1
-1
-3
-1
-3
-3
-3
-5
-2
-1
-2
-2
-2
-1
-2
0
0
0
1
3
3
4
4
5
5
3
1
0
-1
0
0
-2
-2
-1
0
-2
-2
-2
0
0
0
0
1
0
0
2
2
1
1
1
1
1
-1
-4
-4
-2
-1
-1
-3
-2
-1
0
0
0
-1
0
0
0
1
3
1
2
4
3
3
3
4
3
2
0
0
2
-1
-1
-1
-2
0
0
0
0
0
3
5
2
0
0
-6
-9
-6
-6
-3
-3
0
6
8
9
15
-1
-7
8
-13
-26
15
16
-18
10
27
-24
-33
5
0
-15
12
45
50
35
22
6
-23
-64
-72
-27
-31
-25
59
48
-27
32
51
-45
-22
38
18
20
27
6
-9
15
69
50
-24
24
126
-61
-331
-356
-284
-165
-81
75
469
572
378
520
192
-489
-160
-74
-655
-301
167
-171
-45
310
-86
-107
349
155
-27
241
234
81
104
-14
224
-234
-1197
-282
-185
-522
-6
71
-164
-359
745
503
213
1126
587
-11
548
0
-1087
-425
-89
-1002
-501
252
-189
162
742
257
269
582
261
128
164
-159
-371
-305
-419
-686
-362
76
-98
30
544
318
156
354
219
-133
-210
85
-128
-388
-31
-98
-106
161
128
187
339
302
322
168
-36
-42
-385
-758
-287
-515
-736
-65
35
-18
-267
13
67
253
839
721
655
809
454
-74
14
-216
-725
-637
-668
-496
-171
-304
-6
346
297
352
416
379
197
142
96
-190
-208
-162
-274
-123
77
-108
-37
280
-53
-101
231
-98
-91
293
-67
-509
-191
164
-205
-153
343
104
102
480
252
-3
181
204
-185
-400
-277
-195
-389
-237
-113
-45
400
253
83
324
50
150
113
-235
-224
121
-37
-343
35
166
-251
28
476
37
-214
112
68
74
-194
-239
89
-119
-82
-56
33
187
58
-182
105
162
-138
95
76
5
21
29
-124
-13
58
-171
-64
71
157
-25
-32
135
-5
48
-85
-119
37
-98
-102
-245
195
252
-154
65
-64
274
288
-179
-238
249
25
-396
-54
77
13
50
-73
-139
98
171
-48
-95
339
-22
-301
33
151
-98
-201
216
-161
-118
315
-29
-39
149
80
3
-60
31
23
-83
-172
-24
-48
-99
-26
94
101
-57
60
328
-46
-461
61
332
-449
-127
418
-79
-44
302
0
-164
106
-34
-292
-20
111
0
-60
92
167
2
47
94
-193
-65
294
-121
-297
187
93
-322
-7
121
-2
45
-8
-18
145
-105
-100
214
44
-284
64
254
-120
-149
175
-22
-55
6
-119
151
96
-247
63
114
-73
28
-126
44
186
-336
187
140
-211
22
-37
128
32
-151
31
238
-152
-46
129
-248
196
-59
-86
83
-119
147
-66
97
-35
-119
78
88
-126
-53
236
-199
0
104
-89
159
-170
59
88
-56
-145
46
97
-224
0
224
-4
-81
115
86
-29
43
-74
33
4
-52
-34
-114
70
-75
9
1
-123
75
158
-129
-4
223
-98
-46
68
-2
-44
-38
4
69
-84
-13
64
-51
25
-36
53
105
-159
0
125
-83
-91
52
8
-27
34
85
24
-44
80
-1
-28
15
-62
-66
-22
17
-30
-16
-1
35
98
-21
-48
89
-35
-43
-9
30
51
-153
130
59
-115
74
-13
-25
-34
2
-40
-6
14
-11
45
18
35
-38
17
13
-58
-21
26
20
-51
56
22
-14
-15
14
62
-74
-12
59
-25
-56
-5
41
-64
-38
98
-17
-23
59
-1
8
0
-23
-10
-6
0
4
12
-36
32
14
-20
55
-98
51
59
-119
56
-3
-33
-3
41
-12
0
27
-27
16
17
-16
-17
17
-8
5
17
-22
-11
2
16
-18
5
7
9
4
-41
13
35
-29
-13
4
26
-23
-23
44
-16
-2
-25
6
39
-15
13
7
-8
0
-18
14
6
-32
7
15
-7
1
2
6
2
8
-7
-22
29
20
-42
0
16
15
-27
-34
49
10
-61
-28
115
28
-163
37
146
-27
-79
44
90
-87
-51
46
-63
-53
-44
-14
10
-31
28
32
38
36
29
77
25
11
55
15
-31
10
35
-23
-34
-44
-18
-35
-108
-57
-29
-56
-65
-71
27
44
-20
65
108
69
91
77
86
36
-26
-33
-65
-51
8
-26
-18
18
38
29
-30
1
0
-17
-35
-41
-29
20
12
-29
-24
12
32
-35
-20
35
-1
-7
35
-24
-18
36
17
-42
1
63
10
16
57
10
-19
19
45
-36
-51
2
-33
-31
-24
-21
20
-9
-13
40
-21
-18
19
-24
1
-5
-40
-3
48
-7
-25
22
52
38
-60
11
90
5
-46
-17
17
17
43
-46
-54
61
19
-15
-2
-57
79
29
-68
-9
13
38
-47
-22
-64
30
37
-86
-36
89
2
-48
56
44
6
-21
-14
-21
44
-30
-90
43
36
-73
32
69
41
47
-78
33
44
-42
0
-54
-16
-36
-21
123
-15
-55
-3
105
34
-106
-31
62
15
-86
-4
13
48
5
-68
0
56
-3
-8
-57
69
-46
48
3
-77
119
-107
48
-24
18
19
-122
103
9
-63
124
-53
-44
64
52
29
-75
-89
59
-17
-78
40
16
3
13
22
50
-36
42
28
-166
107
-9
-88
-6
6
28
21
23
-2
47
-76
-10
60
-91
36
-17
15
4
23
15
-14
102
-72
-59
98
-71
-69
116
-78
-16
82
-48
57
-36
103
-122
-58
177
-202
27
114
-180
187
-48
-140
143
-75
91
-86
115
18
-134
88
-37
-5
-59
49
36
-89
116
-70
84
-111
65
-16
-24
176
-203
132
-58
-78
58
-24
96
-57
6
21
-50
60
28
-153
91
-37
-178
196
-29
-72
112
65
-91
164
4
-2
-76
21
-123
-145
34
-69
59
-67
133
72
68
102
-1
125
-119
18
35
-211
-56
-23
-69
-166
118
95
-110
270
2
-108
204
-151
-21
219
-193
1
153
-193
99
-111
-31
51
-41
174
-59
-111
90
14
-83
-57
-104
99
-61
-69
213
-16
60
48
183
114
-303
96
-70
-199
27
7
-78
-32
73
-82
25
120
1
132
89
92
-68
-48
-7
-237
-32
-81
-88
107
12
97
6
-43
203
62
-106
120
36
-128
-9
-76
-178
82
145
-16
50
175
43
-93
-213
-191
-135
-93
177
81
12
143
207
49
-145
-131
80
-9
2
10
-59
-2
-5
40
-106
-143
120
-30
-63
206
31
-58
73
196
-115
47
31
-457
281
-112
-275
378
-148
-75
47
103
217
-292
87
303
-264
-4
174
-88
126
-118
-156
39
-68
-113
75
113
126
-106
-93
206
-299
80
82
-41
148
-104
16
7
77
-34
3
183
-191
-249
56
-14
-108
171
0
78
241
-169
-131
190
-106
95
-48
-145
287
-198
-92
67
-133
227
-106
-136
236
-119
16
80
137
175
-122
-109
-39
-15
-128
-175
-19
112
-81
-44
192
1
47
72
56
-48
-332
-97
105
67
7
234
258
143
156
-91
96
-324
-337
60
-350
-77
70
-78
263
174
76
264
120
52
-58
-317
15
-336
-187
-48
-167
291
-3
-61
430
89
-132
74
139
-135
-180
106
-176
-33
-24
-9
185
-92
1
23
160
-14
-157
291
-20
-68
111
-83
-66
-103
61
-79
-51
84
-287
112
211
-199
226
239
-94
-96
120
48
-223
-36
-105
-56
102
-157
162
151
-257
25
137
-17
-135
42
294
-144
-130
174
-122
-112
-4
54
188
-120
-139
62
124
54
-102
56
188
-125
-211
105
-25
1
290
-70
-48
33
-184
-184
-212
-80
31
121
344
148
101
331
-124
-160
-115
-314
-50
-249
19
395
-57
45
160
61
123
-85
-178
0
-214
-227
1
-13
92
107
128
285
200
71
1
-173
-245
-71
-127
-256
-234
49
213
38
90
212
306
273
-76
-197
-40
-228
-130
154
-79
-146
23
101
37
-129
-81
126
49
-35
0
-129
-125
-32
30
101
126
150
152
95
130
100
-94
-6
78
-142
-72
-77
-276
-77
-1
-26
53
-2
48
-16
-168
-87
-49
16
123
52
229
150
-163
-36
15
-50
6
-50
70
77
-43
-39
-134
12
135
-20
135
172
-41
48
-55
-88
29
-160
-57
20
-40
9
-73
29
112
-87
-22
62
-32
82
39
-22
101
56
7
-86
-149
-197
-184
-47
20
22
105
198
148
73
52
117
34
-59
-18
72
43
-173
-179
64
-18
-127
-21
52
164
33
-154
-18
-29
-239
-145
62
51
27
102
195
178
60
13
-34
-20
-48
-139
-65
1
-21
57
96
74
79
7
0
7
-101
-139
-64
-97
14
89
46
45
26
57
-30
-153
-117
3
53
29
9
29
141
56
-150
10
86
-130
-125
4
101
71
-51
49
208
78
-97
-43
-6
-108
-147
-39
27
-14
-20
62
108
58
53
73
40
-33
-55
-33
-115
-126
-3
23
4
71
108
84
59
-30
-102
-98
-118
-97
-9
19
-5
93
163
62
8
48
24
-94
-99
-63
-121
-76
50
42
64
157
151
113
72
13
-67
-140
-149
-96
-75
-70
8
63
69
77
75
30
-12
-8
-46
-93
-72
-27
12
-11
-16
49
62
30
38
49
34
37
27
-15
-41
-46
-49
-44
-4
40
16
7
70
63
-15
-55
-20
-16
-81
-87
-10
15
-19
9
52
49
24
13
48
49
-9
-46
-23
9
-11
-66
-33
35
-3
-17
59
79
25
24
34
-5
-50
-74
-77
-74
-55
11
61
49
47
79
67
-7
-43
-4
-16
-65
-45
-10
0
13
4
10
41
25
0
13
21
0
-23
-13
-16
-53
-41
1
3
-6
15
37
26
1
7
14
-10
-14
4
-8
-23
12
37
12
-2
20
31
-3
-35
-22
-7
-17
-19
-5
0
-1
0
-3
-17
3
50
34
-7
1
19
-9
-40
-21
18
19
-3
2
34
26
-18
-16
25
0
-56
-42
-1
-18
-38
-2
42
39
12
12
30
18
-22
-33
-11
-7
-22
-18
9
30
30
19
17
16
-2
-22
-23
-21
-17
-2
7
0
6
26
13
-13
-6
9
-10
-35
-20
10
10
3
21
39
27
-1
-11
-18
-34
-32
-22
-15
-5
14
24
19
26
28
10
-4
-6
-13
-31
-33
-12
3
7
12
31
35
15
1
-2
-10
-23
-23
-8
0
1
6
8
5
-1
-1
1
-2
0
9
4
-2
-5
-8
-6
-4
-3
0
4
7
5
-3
0
6
0
-7
-5
-1
-7
-8
0
6
5
10
15
13
5
0
-4
-12
-12
-10
-11
-10
-5
3
7
7
10
10
6
2
2
2
-5
-7
-6
-5
-6
-3
-1
-1
-1
1
1
2
6
9
10
10
7
0
-5
-12
-17
-15
-9
-2
1
5
11
13
12
6
3
2
-3
-9
-10
-5
-3
0
5
7
4
1
-3
-9
-13
-14
-8
0
4
13
21
23
20
12
1
-11
-22
-29
-29
-23
-13
2
15
26
32
31
20
6
-5
-22
-31
-31
-27
-15
-1
11
22
26
26
18
8
-1
-10
-15
-18
-14
-8
-1
4
9
8
6
7
3
0
0
-2
-3
-5
-7
-3
-1
0
4
8
8
9
7
2
-5
-11
-17
-15
-12
-5
3
9
12
15
13
10
2
-5
-10
-15
-14
-11
-5
-1
2
5
8
11
9
6
6
2
-1
-2
-3
-3
-5
-5
-3
-1
-1
2
5
4
0
0
1
0
-3
-4
-1
1
2
2
3
2
-1
-3
-4
-6
-5
-3
-2
0
3
6
7
5
4
3
0
-1
-3
-4
-3
-3
-1
0
0
1
3
3
3
2
0
0
-1
-1
-4
-2
-1
-2
-2
0
-1
-2
0
0
1
3
4
3
4
4
1
2
0
-2
-2
-2
-3
-3
-2
-2
0
0
1
2
2
2
3
2
0
-2
-2
-3
-4
-3
-4
-2
0
1
2
4
5
3
3
2
0
0
-1
-4
-2
-2
-4
-3
0
2
1
3
4
2
2
1
-1
-1
-1
-2
-2
-2
-2
-1
0
0
0
0
1
1
0
2
1
0
0
2
1
0
0
0
1
-1
-2
2
-1
0
0
-2
0
0
0
3
2
-1
1
3
0
-4
1
1
-6
-4
4
-1
-5
4
4
0
-3
6
6
-16
4
13
-15
-1
11
-3
-5
-1
7
-2
-5
7
-2
1
-2
-4
19
-10
-14
30
-8
-24
28
-14
11
1
-90
151
3
-255
241
83
-315
175
112
-200
75
34
-44
65
-79
-6
130
-88
-79
122
-10
-90
49
17
-32
20
-16
8
32
-46
8
36
-43
9
16
-25
36
-24
-21
77
-51
-34
81
-41
-16
36
-33
30
-4
-35
50
-21
-28
29
-12
-11
-11
9
3
-28
26
0
-1
19
-35
35
25
-65
29
34
-48
11
20
-31
25
8
-43
46
21
-65
31
34
-49
0
24
-20
-2
8
-22
18
15
-37
18
22
-29
1
15
-10
-6
8
0
-4
5
-2
2
0
-3
12
-5
-7
15
-5
-5
6
-1
5
0
-6
10
0
-3
0
-5
15
-2
-21
18
7
-19
0
7
2
-8
-6
13
2
-15
3
9
-6
-1
1
-3
5
-1
-6
4
1
0
0
-5
3
5
-10
0
11
-8
-4
8
0
-5
1
5
0
0
0
1
4
-4
0
6
-4
0
3
0
-1
-1
0
5
-2
-7
7
1
-8
-1
3
-1
-4
1
4
-2
-5
2
10
-6
-7
14
-1
-10
7
3
-4
2
0
-1
3
-1
-2
2
-3
-1
2
-4
0
5
-3
-2
5
-2
-2
3
0
-1
-1
0
0
0
1
0
1
0
0
3
1
-1
1
0
-2
-1
0
-1
-2
-4
-2
0
-4
-1
0
0
0
0
1
0
1
1
2
1
0
3
2
-1
2
4
-1
0
2
-2
-1
0
-2
-1
0
-1
-2
-1
-1
-1
0
-1
0
0
-1
1
0
-1
0
0
2
1
0
1
0
0
0
0
0
0
0
0
0
-1
-1
0
-1
-1
0
0
0
0
0
-1
-1
0
0
1
0
0
1
0
0
1
1
1
0
1
1
0
1
0
0
-1
-1
0
0
0
0
-1
-1
0
0
0
0
0
0
-1
0
0
0
0
0
2
0
-1
0
-1
0
0
1
2
0
0
1
0
0
0
0
0
-1
2
0
-2
0
0
0
1
0
0
0
0
0
-1
0
0
-2
-1
0
0
0
1
1
0
1
1
0
-1
-1
0
0
0
0
1
0
0
1
0
0
0
0
-1
0
0
0
0
0
-1
1
0
0
0
-1
-1
0
0
0
1
0
0
0
0
0
0
0
0
1
1
0
0
0
0
1
0
-1
-2
0
0
-1
0
1
1
0
1
0
0
1
0
-1
0
0
0
1
0
-1
-1
1
0
-1
-1
0
-1
0
1
0
0
0
0
0
0
0
0
-1
-2
0
0
0
0
0
0
0
1
0
-1
-1
0
0
2
1
0
1
1
0
1
0
0
0
0
1
0
-1
0
1
0
0
0
0
0
0
0
0
0
0
-1
-1
0
0
0
0
2
1
0
-1
-1
0
0
0
0
0
0
0
-1
0
0
-1
0
0
0
0
0
0
0
1
1
-1
0
0
-1
0
0
0
0
0
0
0
1
0
0
0
1
2
0
1
0
0
0
0
0
0
0
0
0
0
0
-2
-1
-1
0
0
0
0
0
0
0
-2
-1
0
0
0
1
0
0
0
0
1
0
0
1
0
0
0
0
0
1
0
0
0
0
-1
0
0
-1
1
1
0
1
0
0
0
-1
-2
0
-1
-1
0
0
0
0
0
0
0
0
-1
0
0
0
0
0
-1
1
1
0
0
0
0
0
0
0
0
0
0
0
0
0
0
0
0
0
0
0
0
0
-1
0
0
-1
0
0
0
0
1
0
0
0
0
0
0
0
0
0
0
0
1
-1
0
0
0
-1
0
0
1
0
-1
1
0
0
0
0
0
0
0
1
0
0
0
0
0
0
0
-2
0
0
0
1
0
0
-1
0
0
1
2
0
0
0
-1
0
0
0
0
0
0
0
0
0
0
0
0
0
-1
1
1
0
1
0
1
0
1
1
0
-1
0
0
0
0
0
0
1
0
0
2
-1
0
-1
0
1
0
0
0
0
0
0
-1
0
0
-1
0
0
0
0
0
0
0
0
0
1
0
0
0
0
0
0
0
0
0
1
0
0
0
-1
0
0
0
-1
-1
-1
0
0
0
0
1
0
0
0
0
0
0
-1
1
2
0
1
0
0
0
0
1
0
0
0
-2
-1
0
0
0
0
0
-1
0
0
-1
0
0
0
0
0
0
0
0
0
0
0
0
0
0
0
0
0
0
0
0
0
1
0
-1
-1
0
-1
0
1
0
1
0
0
0
0
0
0
1
0
0
0
0
0
-1
-1
0
0
0
1
0
0
0
0
0
0
0
0
0
0
0
0
-1
0
0
-1
0
0
0
0
0
1
0
0
-1
1
0
0
0
0
1
0
0
0
0
0
0
0
0
0
0
1
0
0
1
0
0
0
0
-1
0
0
0
0
0
2
0
0
0
0
0
-1
0
0
1
0
-1
0
0
0
0
0
-1
0
1
0
0
-1
0
1
0
0
0
1
0
0
0
-2
1
1
0
-1
0
0
1
0
-1
1
0
1
1
0
-1
1
-1
-1
0
0
0
0
0
1
0
0
0
0
0
0
1
1
0
0
-1
0
0
0
1
0
0
1
0
0
0
0
-1
1
0
0
1
0
0
0
0
0
-2
0
0
-1
0
-1
-1
1
0
0
0
0
0
0
0
1
1
1
0
0
0
0
1
0
0
2
0
0
-1
-1
-1
0
0
0
0
0
-1
0
0
0
0
0
0
2
1
0
0
0
0
0
1
0
0
0
0
0
0
0
0
0
0
0
0
0
0
0
0
-1
-2
-1
-1
-1
-1
0
2
0
0
0
0
0
0
-1
-1
1
1
0
1
0
0
1
1
0
0
0
2
0
0
0
0
0
0
0
0
0
0
-1
-1
0
0
0
0
0
1
0
-1
0
0
-1
0
0
1
0
0
0
0
0
1
1
0
0
1
0
0
1
0
-1
0
0
0
0
-1
0
0
0
0
0
1
0
0
0
0
0
0
0
-1
1
1
0
1
-1
0
0
-1
2
0
-1
0
0
0
0
0
1
1
1
-1
0
0
0
-1
0
-1
-1
0
-1
-1
0
0
0
0
0
1
0
0
1
0
0
0
0
0
0
-1
0
0
1
0
0
0
0
0
1
0
0
-1
0
1
0
0
0
0
0
0
0
0
0
0
0
1
0
0
-1
-2
0
-1
0
0
0
1
0
0
1
1
0
1
0
0
2
0
0
0
-1
0
0
0
0
0
-1
-2
0
-2
-1
0
-1
0
1
-1
0
0
0
0
0
1
0
2
1
1
0
0
0
1
1
1
1
0
0
0
-2
-1
0
0
0
0
0
0
0
-2
-1
0
0
0
1
0
0
0
0
0
0
-1
-2
0
0
1
1
1
0
-1
0
0
0
1
0
0
1
0
0
0
0
0
1
-1
1
0
-1
0
0
0
0
-1
0
0
1
0
-1
0
0
0
0
1
0
0
0
0
0
0
0
-1
-1
0
0
-1
0
0
-1
0
1
0
0
0
0
0
0
0
1
0
0
0
0
0
1
-1
0
0
0
0
-1
0
0
0
0
-2
-1
1
0
-1
0
0
0
0
0
1
0
1
0
-1
1
0
-1
0
0
-1
1
0
0
-1
-1
1
0
0
0
0
0
1
0
0
0
0
0
-1
0
0
0
0
0
0
1
1
1
0
0
0
0
1
0
-1
-2
0
0
0
0
0
-1
-1
0
0
0
0
0
0
-1
0
0
0
0
0
-2
0
2
0
0
-1
-1
0
0
0
0
0
-2
0
1
1
1
0
0
0
1
0
0
0
1
0
0
0
0
0
0
0
0
0
1
1
-1
-1
-1
0
0
0
0
0
-2
0
0
0
0
0
0
0
0
-1
0
-1
0
2
2
0
0
0
1
1
1
0
0
0
0
1
1
0
0
0
0
0
-1
0
0
0
-1
-1
0
0
1
1
0
0
0
-1
1
0
-1
0
0
1
1
0
0
-1
0
0
0
2
2
0
0
0
0
0
0
0
0
-1
-2
0
0
-1
0
0
0
0
0
0
-1
0
0
0
0
0
0
0
0
0
1
2
0
1
0
0
0
0
0
1
1
0
0
0
-1
0
0
-1
-3
-1
0
-1
-2
0
1
1
0
0
0
1
0
0
0
0
0
0
0
-1
0
0
-1
-1
0
1
0
1
2
2
0
0
1
0
0
-1
0
0
0
-1
-1
0
0
-1
0
0
0
0
0
0
0
1
3
2
1
1
0
0
0
0
0
-1
-1
-2
-2
-2
1
-1
0
1
0
1
0
0
0
0
-1
0
2
0
1
2
2
2
0
-1
-1
0
0
0
-2
0
-1
-2
-2
-2
-2
-4
-3
0
0
0
1
1
1
2
2
1
3
4
4
6
7
3
2
2
0
-1
0
0
-1
-4
-4
-3
-4
-4
-4
-3
-2
-4
-2
-1
0
1
1
0
1
2
4
3
1
1
2
2
1
1
0
0
-2
-1
-1
0
-2
-2
-1
0
0
0
0
0
0
0
1
2
2
1
1
1
2
3
3
0
0
1
1
0
0
0
-3
-4
-2
-4
-1
-2
-3
0
-1
0
2
0
0
1
2
3
3
4
3
1
2
2
0
0
0
-1
0
-2
-2
-2
-2
-4
-3
-2
-3
0
-2
-2
0
0
0
0
0
0
1
1
1
1
1
2
1
0
1
3
1
0
1
1
0
0
0
0
0
0
1
0
0
0
0
-1
-1
-1
0
0
-2
-1
0
-1
0
0
-1
-1
-1
0
0
0
0
0
0
0
0
0
1
2
2
2
2
1
1
0
1
1
0
1
1
-1
-2
-1
-1
-3
-2
-2
-3
-2
-1
0
0
2
0
0
0
1
2
0
0
0
0
0
1
0
-1
0
-2
-1
0
0
0
-1
-1
1
0
-1
0
0
0
0
-1
0
-1
0
0
-1
0
1
1
1
1
1
1
1
2
0
1
0
-2
0
0
0
-1
0
-1
0
-1
0
1
1
0
0
0
0
1
0
0
0
0
0
0
1
0
0
0
-1
0
0
0
0
0
0
0
0
0
0
0
1
0
0
0
0
1
0
0
0
-1
0
0
0
-1
-1
0
0
0
-1
-1
0
0
0
0
0
0
0
1
0
0
0
0
0
0
-1
0
-1
0
1
0
0
0
0
0
1
0
0
0
0
0
-1
0
0
-1
0
0
-1
0
0
1
0
-1
0
-1
1
0
0
0
-1
1
0
0
0
0
0
0
0
0
1
0
0
0
0
0
0
1
0
0
1
1
0
0
0
-1
0
-1
0
0
0
0
0
0
0
0
0
0
0
0
0
-1
-1
0
0
0
0
0
0
0
0
0
0
0
-1
0
-2
-1
0
1
1
0
1
2
2
2
0
3
1
1
3
1
0
0
1
0
0
0
0
0
0
-1
0
-1
-2
-1
-2
-1
0
0
0
-1
-2
0
0
0
1
2
2
0
0
0
0
0
1
0
-1
0
0
1
0
-2
-1
-1
-3
-1
-1
-3
0
-1
-3
-1
-1
0
1
2
2
3
3
4
4
2
3
2
1
1
1
0
0
0
0
-2
-1
0
-1
-2
-3
-1
-3
-4
-1
-1
0
0
-1
0
1
0
0
0
0
1
0
0
1
1
1
2
1
0
1
0
0
0
0
0
-1
-1
0
0
0
-1
0
0
-1
-2
0
0
0
1
1
0
0
1
0
0
1
0
1
1
0
0
1
0
0
-1
0
0
-3
0
0
-1
0
0
-1
-1
-1
0
0
0
0
0
0
0
0
0
1
1
0
0
0
0
0
0
0
0
0
0
1
1
0
1
0
-1
0
0
0
0
1
0
0
-1
0
0
-1
-1
-1
0
-1
0
0
0
0
0
0
0
0
0
0
0
0
0
0
0
0
0
0
0
0
1
0
0
0
0
0
0
0
-1
0
0
0
0
0
0
1
-1
0
1
1
0
-1
0
0
0
0
0
0
0
0
-2
0
0
0
0
1
1
1
0
0
-1
1
2
0
0
0
-1
-1
0
0
0
0
0
-1
-1
0
0
0
0
-1
-1
0
0
0
0
0
1
0
0
0
0
1
2
0
-1
1
0
-1
1
1
0
0
0
0
0
0
0
0
-2
-1
0
0
0
0
0
0
0
0
0
-1
1
0
-1
0
0
0
0
0
0
0
0
0
0
0
0
0
1
0
1
0
1
1
1
1
0
0
0
0
0
0
0
0
0
0
-1
0
0
-1
-1
-1
1
0
0
0
0
0
0
0
-1
0
0
0
0
0
0
0
0
0
0
1
0
0
1
0
1
0
0
1
0
0
1
0
0
-1
0
0
-1
-1
0
0
0
0
0
0
-1
0
1
0
0
0
1
0
-1
0
1
0
0
0
0
0
0
-1
0
-1
-1
0
0
0
-1
0
0
0
-1
0
1
0
0
1
2
2
0
0
0
0
0
2
1
0
1
0
0
0
0
-1
-1
0
-1
0
-1
0
-1
-3
0
-2
-3
-1
-2
0
0
-1
-1
-1
0
0
0
0
0
1
1
1
2
3
1
1
1
1
3
3
3
3
2
2
2
0
0
0
0
0
0
0
0
0
0
-1
-2
0
-1
-4
-3
-3
-4
-6
-4
-4
-3
-2
0
0
2
1
1
2
1
2
1
1
1
1
1
0
0
0
0
0
1
1
0
0
0
1
0
0
0
1
1
0
2
2
0
0
0
1
0
0
-1
-1
-1
-3
-2
0
0
2
-1
-2
0
-1
-1
0
0
0
0
-1
-1
0
0
0
1
0
0
0
0
0
0
0
0
0
0
-1
0
0
0
0
-1
-1
0
0
0
0
1
0
1
0
-2
1
1
0
0
0
1
2
1
1
0
0
-1
-1
-1
-1
0
0
-1
0
0
1
0
-2
-1
0
0
0
0
0
0
0
-1
0
0
-1
-1
0
1
0
0
0
2
1
0
0
1
0
0
0
0
0
1
0
1
0
-1
0
2
0
0
-1
1
1
1
0
0
0
-2
-1
0
0
0
-2
0
0
-1
-2
-1
0
0
0
0
0
0
0
0
0
1
0
1
0
0
1
0
0
0
0
0
0
1
1
0
0
0
-1
0
0
0
0
0
0
0
0
-1
-1
0
0
0
1
1
0
0
-1
0
-2
0
0
0
0
0
0
1
0
0
0
0
0
1
0
-1
0
0
0
0
0
0
0
0
0
0
-1
-2
0
0
1
1
0
0
1
0
1
2
0
0
-1
0
0
0
-1
0
0
-1
0
0
-1
0
0
0
0
-1
0
0
-1
-1
-1
0
0
0
0
0
0
0
0
0
0
0
0
1
0
0
0
0
0
0
0
0
0
0
0
-2
-1
0
1
0
0
0
0
0
0
0
0
0
0
1
0
0
-1
0
1
0
0
0
0
0
0
0
0
0
2
2
0
1
0
0
0
0
0
-1
0
1
-1
0
0
-1
0
-1
-1
-2
0
0
-1
-2
0
0
1
2
2
1
0
1
0
0
0
0
0
0
0
0
0
-1
-1
0
0
0
0
0
0
0
0
0
0
0
0
0
0
0
0
0
0
0
0
1
0
0
-1
-2
0
0
0
0
0
1
1
1
0
0
0
0
1
0
0
2
0
0
-1
0
0
0
-3
-1
0
0
0
-1
0
1
0
0
0
0
0
0
0
0
0
1
0
0
0
0
0
0
0
0
0
0
-1
0
0
0
1
0
-1
0
0
0
1
0
0
0
-1
0
0
1
0
2
2
0
-1
0
1
0
0
-1
-1
0
-1
0
0
0
-1
0
0
0
0
0
0
0
0
0
2
1
0
1
0
0
0
1
0
0
0
0
0
-1
-1
0
1
0
-1
0
1
0
0
1
1
0
-2
0
0
-1
-1
0
0
-1
0
0
0
0
0
-2
0
0
0
0
1
0
0
0
0
0
0
1
0
0
1
0
0
-1
0
0
0
0
0
0
0
0
0
1
0
0
0
0
0
0
0
0
0
0
-1
1
0
0
0
0
0
-1
-1
0
-1
-2
0
-1
-1
0
-1
-1
0
0
0
1
1
0
4
0
0
1
1
0
0
0
1
0
0
1
0
-1
-2
-1
1
1
0
0
0
0
1
0
0
0
-2
-1
0
-1
-1
0
-1
-2
0
-1
0
-1
0
0
-1
0
-1
0
0
0
0
0
0
0
0
1
1
1
1
1
0
0
2
2
2
3
1
0
0
1
1
0
0
0
0
0
-1
-1
0
0
0
-1
-1
-1
-2
-1
-3
-1
-2
-2
-1
-2
0
0
-2
0
0
0
0
-1
0
1
2
3
3
3
4
4
3
2
3
3
2
2
3
2
0
1
0
0
0
0
0
-1
0
0
-1
0
-2
-2
-2
-3
-4
-5
-5
-5
-6
-5
-5
-6
-4
-5
-4
-1
-1
-1
0
1
3
4
4
5
5
6
6
7
7
6
4
3
3
2
2
1
0
-1
-1
-1
-3
-2
-3
-1
-2
-2
0
0
-1
1
0
0
0
1
1
1
0
0
2
0
0
0
-1
-1
-1
-2
-1
-1
0
0
-1
0
0
0
0
0
0
0
1
1
0
1
2
0
0
0
0
-1
0
-1
-1
0
0
0
0
-1
-1
0
-1
0
0
1
0
0
2
2
1
0
2
1
1
0
0
2
1
0
-2
-1
0
0
-1
-1
0
-1
0
0
1
0
0
0
0
1
0
0
-1
1
0
-1
0
0
1
0
0
0
0
0
-1
0
1
0
0
0
0
2
0
0
0
0
0
0
0
0
-1
0
0
0
0
-1
0
-1
-2
0
-1
-1
2
0
0
0
0
0
1
0
1
0
0
1
0
0
1
0
0
0
0
0
0
0
0
0
0
1
-1
-1
0
-1
-1
0
0
0
0
0
0
0
0
0
0
0
0
-1
0
0
0
0
1
-1
0
0
0
0
0
0
0
0
0
1
0
0
0
0
0
0
0
0
0
0
1
0
0
0
0
0
0
0
0
0
0
0
0
0
0
0
0
0
0
0
0
0
0
-1
0
0
-1
0
0
0
0
0
0
1
0
0
0
0
0
-1
0
-1
0
1
0
1
1
0
0
0
1
0
0
2
1
0
1
0
0
0
-1
-1
-1
-1
-1
0
-1
0
0
0
0
-2
0
0
0
0
1
0
1
1
0
0
1
0
1
0
1
0
1
1
0
0
-1
0
0
-1
0
0
0
0
0
0
0
-1
0
0
0
0
0
1
0
0
0
0
0
0
-1
0
0
0
0
0
0
-1
0
1
-1
0
0
0
1
1
0
0
0
0
0
0
0
0
1
0
-1
0
0
-1
0
-1
0
0
0
0
-1
-1
0
0
0
0
1
1
1
0
2
0
0
0
-1
0
0
1
0
0
0
-1
0
0
0
-1
-1
0
0
0
0
0
0
0
0
0
0
0
0
0
0
0
0
0
-1
0
0
-1
1
0
0
0
0
0
-1
0
1
0
1
0
-1
0
0
0
0
-1
0
0
0
0
0
0
0
0
0
0
-1
0
0
0
0
0
0
0
0
0
0
0
0
0
1
2
0
0
0
0
0
0
0
0
0
0
0
-1
0
0
0
-1
0
0
0
1
1
0
0
0
0
0
0
0
0
1
1
0
0
1
0
0
0
-1
0
0
-1
0
-1
0
0
0
0
0
0
1
0
0
0
0
0
-1
-1
0
0
0
0
0
0
0
0
0
0
0
0
0
0
0
0
0
0
-1
0
0
0
0
0
0
0
0
0
0
0
0
0
1
0
0
1
1
1
0
0
0
1
0
0
0
0
0
0
0
0
0
0
-2
-1
0
0
0
-2
0
0
0
0
0
0
0
0
1
1
0
0
1
1
1
1
0
0
0
0
0
-1
0
0
0
-1
-2
-1
0
0
0
-1
0
1
0
-1
0
0
1
1
0
0
0
0
0
0
0
0
0
0
0
0
0
-1
0
0
0
0
0
0
0
0
0
-1
0
0
0
0
0
0
0
1
0
0
0
2
0
-1
0
0
-1
0
0
-1
0
-1
-1
0
-1
-1
0
0
-1
0
-1
2
0
0
0
1
0
1
1
0
1
0
0
0
0
0
0
0
-1
0
0
0
0
0
0
-1
0
0
0
0
0
0
1
0
0
0
0
0
0
0
0
0
0
0
0
0
0
0
0
-1
-1
0
1
1
-1
0
1
0
0
0
0
0
0
0
0
1
0
0
0
0
-1
-1
0
0
0
0
0
0
0
-1
0
0
0
0
0
0
0
0
0
0
0
0
0
0
-1
0
0
0
1
1
0
0
0
0
0
0
0
0
0
0
0
0
0
0
0
-1
0
-1
0
0
0
0
0
0
0
0
0
0
0
0
1
0
0
0
0
-2
0
0
-1
0
0
0
0
0
1
2
0
0
0
2
0
0
0
-1
0
0
-1
0
0
0
0
0
0
0
0
0
0
0
0
-1
-1
0
0
1
0
-1
0
0
0
0
0
0
0
0
0
0
0
0
0
0
0
0
0
0
0
0
0
0
0
0
0
1
0
1
0
0
0
0
0
-1
-1
-1
-1
0
0
0
-1
0
0
0
1
1
0
0
1
0
0
0
1
0
0
0
0
0
1
-1
0
0
1
0
0
0
0
-1
0
0
0
0
0
0
0
0
-1
0
0
0
0
0
1
0
0
0
0
0
0
0
0
0
0
0
1
0
1
0
-1
0
0
0
1
0
0
-1
0
0
0
0
0
0
0
1
0
0
0
0
0
0
0
0
-1
0
1
0
1
0
-1
0
-1
0
1
0
0
0
0
0
0
1
0
0
-1
0
0
0
0
-1
0
-1
0
0
0
0
0
0
-1
0
0
0
1
0
0
1
1
0
0
0
0
0
1
0
0
0
-1
-1
0
0
0
0
0
0
0
0
0
0
0
0
-1
0
0
0
0
1
0
0
-1
0
0
0
0
0
0
-1
0
0
0
0
0
0
0
0
-1
0
0
0
0
0
1
0
-1
1
1
0
1
0
0
0
0
0
0
1
1
0
0
0
0
1
0
0
0
0
-1
0
0
0
0
0
0
0
-1
0
0
-1
0
0
-1
0
0
0
-1
0
0
0
0
0
0
0
0
0
0
0
0
1
0
0
0
0
0
1
0
0
0
1
0
0
0
0
-2
-1
0
0
1
0
0
-1
0
-1
0
-1
-1
0
0
0
1
1
0
0
0
0
-1
0
0
0
1
0
0
0
-1
0
0
0
0
0
-1
1
1
1
0
0
0
0
0
1
0
0
0
0
0
0
0
-1
-1
0
0
0
0
0
-1
-1
0
0
0
0
0
0
-1
0
1
0
-1
0
0
1
1
-1
0
0
1
0
0
0
0
0
-1
0
0
0
0
-1
1
1
0
0
0
-1
0
0
0
1
0
0
0
0
-1
-1
-1
0
0
0
0
0
0
0
0
0
0
0
0
0
0
0
0
0
0
0
1
0
0
0
-1
-1
-1
0
1
1
0
0
0
0
0
1
0
0
0
0
0
0
0
0
0
-1
0
0
0
-1
-1
0
0
0
0
-1
0
0
0
1
2
0
0
0
0
1
0
0
1
0
0
0
0
0
-1
0
0
0
-1
-1
0
-1
0
0
0
-1
-1
1
0
0
1
0
0
0
0
0
0
1
1
1
1
0
0
0
0
0
0
0
-1
0
-1
0
-1
-1
0
0
-1
0
0
1
0
0
1
0
2
0
0
0
-1
0
0
0
0
0
0
1
0
0
-1
-1
0
0
0
0
-2
0
0
0
0
0
0
1
0
0
0
1
1
0
1
0
0
0
0
0
0
0
0
-1
0
0
0
0
0
0
0
0
0
2
0
0
0
0
1
0
0
0
0
0
-1
0
0
0
0
0
0
-1
0
0
-1
0
0
0
0
0
0
0
0
2
2
0
-1
0
0
0
0
0
-1
1
0
0
0
0
0
0
1
0
0
-1
-1
0
1
1
0
0
0
0
0
0
0
-1
0
-1
-1
0
-1
0
0
0
0
0
0
2
2
0
0
1
0
0
0
0
-1
0
0
0
0
0
0
-1
0
0
0
0
-1
0
0
0
-1
0
0
0
0
0
0
2
0
0
0
0
0
0
0
0
0
-1
0
0
0
0
-1
0
1
-1
0
1
0
1
0
0
0
0
-1
2
2
0
0
0
1
1
0
0
-1
0
0
1
0
0
0
0
0
-2
-2
1
1
-1
-1
0
0
0
1
0
0
0
0
-1
0
0
0
0
0
0
0
0
0
0
-1
0
0
0
0
0
0
0
0
0
0
0
0
0
0
0
1
0
0
0
0
0
0
0
0
0
1
0
0
0
0
0
0
-1
0
1
0
-1
0
0
0
0
0
0
0
0
0
0
0
-1
0
0
0
0
0
0
1
-1
-1
0
-1
0
0
0
0
0
0
0
0
1
0
0
1
1
0
1
0
0
0
1
-1
0
0
0
0
0
0
0
0
0
0
0
0
1
0
0
0
0
0
0
0
0
0
0
0
-1
0
0
0
0
0
-1
2
0
0
0
0
0
0
0
2
0
1
0
-1
0
0
0
0
0
0
-1
0
0
0
0
0
-1
0
0
0
0
0
0
0
0
0
0
0
0
-1
0
0
-1
0
0
0
0
0
1
0
2
1
0
1
0
0
-1
0
0
-1
-1
0
0
0
0
0
0
0
1
1
-2
0
0
0
0
0
0
0
0
-1
0
-1
0
0
0
2
-1
0
0
-1
0
1
1
0
0
0
0
1
-1
0
0
0
0
0
0
0
-1
0
0
0
0
0
0
0
0
0
0
0
0
0
0
0
0
0
0
0
0
0
0
1
0
0
1
0
0
1
0
0
0
0
0
0
0
-1
-1
0
-2
0
0
-1
0
0
1
1
-1
0
0
0
0
0
1
1
0
2
0
0
0
-1
-1
0
-1
0
0
-1
0
0
0
0
0
0
0
0
1
0
0
0
0
0
1
0
0
0
0
1
0
0
0
0
0
0
0
0
0
-1
-1
0
0
0
0
0
0
1
0
0
0
-1
0
1
0
0
-1
0
0
-1
-2
-1
-1
0
0
0
0
0
1
0
0
0
-2
1
2
0
0
0
1
2
1
0
0
0
-1
0
0
0
0
0
0
0
0
-1
-1
0
0
0
0
0
1
0
0
0
0
0
0
0
0
0
-1
-1
0
0
0
0
0
0
0
1
2
-1
0
0
0
0
0
-1
0
1
0
0
1
2
0
0
0
0
-1
0
0
0
1
0
0
0
0
0
0
-1
0
0
-1
0
1
0
1
1
0
0
0
0
0
0
0
0
0
0
0
0
0
0
0
0
0
0
0
0
0
0
0
0
1
0
0
0
0
-1
0
0
0
2
0
0
0
0
0
0
0
-1
-1
0
-1
0
0
-1
-1
-1
0
0
0
0
0
0
0
0
1
-1
1
1
0
0
0
0
-1
0
0
0
0
0
0
0
-1
0
0
-1
1
1
0
0
0
0
0
-1
-1
0
0
0
1
0
0
0
0
1
0
0
-1
0
2
0
0
0
0
1
0
0
0
-1
0
0
-1
0
-1
-2
-1
0
0
0
0
0
0
0
0
0
0
0
0
1
1
0
0
-1
-1
0
0
-1
-1
0
0
0
0
1
1
0
0
1
1
0
0
0
0
0
0
0
0
0
-1
-1
0
0
0
0
0
0
-1
0
-1
-1
0
0
0
0
1
1
0
0
0
0
0
-1
0
0
0
0
2
0
0
0
0
0
0
0
0
0
0
0
1
0
0
0
-1
0
0
2
0
0
0
0
0
0
0
0
-1
0
0
-1
-1
0
0
0
1
0
0
0
-2
0
0
0
0
0
2
0
0
0
0
0
0
0
0
0
0
0
0
0
0
0
0
-1
0
0
-1
0
2
0
0
0
0
0
0
0
1
0
0
0
0
0
0
0
0
0
0
0
0
0
0
0
0
0
0
0
0
0
0
0
0
0
0
0
0
-1
0
0
1
0
-1
1
0
0
1
1
1
0
0
0
0
0
0
0
0
0
0
0
0
0
0
0
0
0
0
0
-1
0
0
0
0
1
0
0
0
0
0
0
0
0
1
0
1
1
-1
0
1
0
0
0
1
0
0
0
0
-1
0
0
0
1
1
-1
0
0
-1
0
0
-1
-1
0
1
0
0
0
0
1
0
1
1
0
1
0
0
1
0
0
0
0
0
0
0
0
0
0
0
-1
-2
0
0
0
0
-2
0
0
0
0
0
0
0
0
1
0
1
1
0
0
0
-1
0
-1
-1
0
0
0
1
0
0
0
1
0
0
0
1
1
0
0
1
0
0
-1
0
0
0
0
0
-1
0
0
0
0
-1
0
1
0
0
0
-1
0
1
0
0
0
0
0
1
0
0
0
0
0
0
0
-1
0
0
0
0
0
0
0
0
0
0
1
0
0
-1
0
0
0
0
0
0
0
0
0
0
0
0
0
0
0
0
0
0
0
0
-1
0
0
0
0
0
0
2
0
-1
0
0
0
0
0
0
0
0
0
0
0
0
0
0
1
0
0
0
-1
1
1
0
0
0
0
0
0
-1
0
0
-1
0
0
0
0
0
1
0
0
2
0
0
0
0
0
0
0
0
0
-1
0
0
0
0
0
0
0
0
1
0
0
1
0
0
0
0
1
0
0
0
0
0
0
0
-1
0
0
0
0
0
0
0
0
-1
-1
0
0
0
0
0
0
1
0
0
0
1
0
0
1
0
0
0
1
1
1
1
0
0
1
-2
-1
0
0
1
0
-2
-1
0
-1
0
0
-1
0
0
0
0
0
0
0
1
-1
0
0
1
0
0
0
0
1
0
0
0
0
1
0
0
0
0
-1
0
0
-1
0
0
0
0
0
0
0
0
0
0
0
0
0
1
0
1
0
-1
0
0
-1
0
0
0
0
0
0
0
0
0
0
0
0
0
-1
0
0
0
0
0
1
0
0
0
-1
0
1
0
1
0
0
0
0
0
-1
0
-1
0
0
0
0
0
0
0
0
0
1
0
0
0
0
0
0
0
0
-1
1
0
0
0
0
0
0
0
-1
0
-1
-2
-1
0
0
-1
0
0
0
0
-1
0
0
2
1
1
1
0
0
0
0
0
0
0
0
-1
-1
0
0
0
0
0
0
0
0
0
0
0
1
1
0
0
1
0
0
0
0
1
0
0
1
0
0
-1
0
0
0
0
0
0
0
0
0
1
0
0
0
0
0
-1
-1
0
0
0
0
0
0
0
0
-1
0
0
0
-1
1
2
-1
0
1
0
0
1
0
-1
0
0
0
0
0
0
0
0
0
0
0
0
1
0
-1
1
1
-1
0
0
1
0
0
0
0
0
0
0
0
0
0
0
-1
0
0
0
0
0
0
0
0
0
0
0
0
0
0
0
0
0
0
0
0
0
0
0
0
0
1
0
0
0
0
0
-1
0
0
-1
0
0
0
0
0
0
0
0
0
0
0
0
0
0
0
0
0
0
0
0
0
0
0
1
-1
-1
0
0
1
0
0
0
1
0
0
0
0
1
0
0
0
1
0
0
0
0
0
0
2
0
1
0
-1
0
0
0
0
0
-1
0
0
-1
-1
0
0
0
0
0
0
0
-1
0
0
0
0
0
0
1
1
0
0
0
1
1
1
0
0
0
0
0
0
-1
-1
-1
0
0
-1
0
-1
-2
-1
-1
0
0
0
0
0
1
2
0
0
1
0
1
0
0
1
0
0
0
0
0
-1
0
0
0
-1
-1
1
0
-1
0
-2
-1
0
0
0
0
0
0
0
0
1
0
0
1
0
0
0
0
0
2
1
0
0
0
-1
0
0
0
1
0
-1
0
0
1
0
0
0
0
0
0
0
0
-1
0
0
-1
0
0
-2
-2
-2
0
0
-1
0
-1
0
2
0
1
1
3
4
5
4
2
2
2
2
1
0
0
-3
-3
-2
-3
-5
-3
-5
-4
-3
-3
-2
-2
-1
0
0
3
3
2
4
5
5
5
5
5
4
3
3
1
0
0
0
-2
-4
-1
-4
-5
-5
-5
-5
-4
-4
-3
-1
-2
-1
0
1
0
0
3
3
3
2
0
1
2
1
2
1
0
0
0
0
0
0
0
0
-1
0
0
1
1
1
0
1
1
0
0
0
0
0
-1
-3
-2
-3
-4
-2
-3
-2
-2
-2
-2
-2
0
1
1
0
0
1
2
1
3
3
3
3
1
0
1
1
0
-1
-1
0
-1
-1
0
0
0
0
0
-1
0
0
0
0
0
0
0
0
0
0
0
0
0
-1
-1
0
-1
0
0
-1
0
0
0
1
0
0
0
0
0
1
0
0
0
0
0
0
0
0
0
0
0
0
0
1
-1
0
1
0
-1
0
1
0
0
0
-1
-1
0
0
0
0
0
1
0
0
0
-1
0
0
0
0
0
0
0
0
1
0
0
0
0
1
-2
1
0
0
0
0
0
1
0
-1
0
0
0
-1
0
0
0
-1
0
2
0
0
0
0
0
0
0
0
0
0
0
1
-1
-1
0
0
-1
0
1
0
0
0
-1
0
0
0
0
0
0
0
0
1
0
0
0
0
0
0
-1
0
0
0
0
0
0
0
2
1
0
0
1
0
1
0
-2
-1
0
0
0
-1
0
0
-1
0
-1
-1
0
0
1
0
0
1
0
0
0
1
1
3
0
0
0
0
0
-1
0
0
0
0
0
0
0
0
-1
0
0
1
0
0
0
-1
0
0
0
0
0
0
-1
0
-1
-1
1
0
1
3
0
0
0
0
0
0
1
0
1
0
0
0
-2
0
-1
0
0
0
1
0
0
0
0
0
0
0
0
0
0
0
0
0
-1
0
0
0
0
0
0
0
0
-1
0
0
0
0
0
0
2
1
0
0
0
0
1
0
0
0
0
0
0
0
0
0
0
-1
0
1
0
0
1
0
0
-1
0
2
1
0
0
0
0
0
0
0
0
0
0
0
0
0
0
0
0
0
-1
0
0
0
0
0
-1
0
-1
0
0
0
0
0
0
0
0
0
0
0
0
-1
1
0
0
2
0
-1
0
1
0
0
0
1
0
-1
0
0
1
0
0
0
0
-1
0
1
0
-1
0
0
0
1
0
0
1
0
-1
-1
0
0
1
-1
0
2
0
0
0
0
0
0
0
0
1
0
0
0
0
0
1
0
0
0
-1
0
0
0
-2
-1
1
0
0
-1
1
0
0
0
-1
0
0
0
-1
0
0
0
0
1
0
0
2
1
0
1
0
0
0
0
-1
0
-2
-1
1
0
0
0
0
0
0
0
0
1
0
-1
0
-1
0
0
0
0
-1
1
0
0
1
0
0
0
1
0
0
-1
0
1
0
0
1
2
0
0
0
0
0
-1
0
0
0
0
-1
0
0
0
1
0
-1
2
0
0
0
-1
1
0
0
0
0
0
0
0
-1
0
0
0
-1
0
3
0
0
1
2
2
1
3
2
2
0
0
-1
-2
0
-2
-3
-3
-2
-6
-6
-5
-3
-3
-2
-1
-2
0
0
1
2
2
5
5
5
6
6
4
5
6
3
2
1
1
0
-2
-1
-3
-4
-5
-4
-4
-5
-6
-5
-3
-3
-2
0
-1
0
0
2
4
2
3
3
3
4
3
2
1
0
1
0
0
1
0
0
-2
-1
-2
-2
0
0
1
0
0
1
0
0
1
3
1
0
0
0
0
-1
-1
-1
0
-1
0
-2
-2
0
0
0
0
0
0
1
0
2
1
1
3
0
0
0
-1
0
-1
-1
0
0
0
0
0
-1
0
0
0
0
0
0
1
0
0
1
1
0
0
0
1
0
0
0
0
0
1
0
0
0
0
-1
-1
0
0
0
0
0
1
0
0
0
1
1
-1
0
1
0
-2
0
1
-1
-2
0
0
0
0
0
0
-1
-1
0
0
0
0
0
0
0
0
0
0
0
0
1
1
0
2
0
0
0
0
-2
0
0
0
0
0
0
0
0
0
0
0
0
-1
1
0
0
1
0
0
0
0
-1
1
0
0
0
0
1
0
0
-1
0
-1
-1
0
0
0
0
0
0
1
0
0
0
0
0
0
0
1
0
1
2
0
0
-1
0
2
0
-1
0
0
0
-1
-2
-1
0
0
0
0
-1
0
0
0
1
0
0
0
0
0
0
0
0
0
0
1
0
0
0
0
0
1
0
0
1
0
2
1
0
-1
0
0
0
0
0
0
0
0
0
0
0
1
0
-1
0
1
-1
0
0
0
0
0
1
0
-1
-1
1
0
-1
0
0
-1
2
0
0
0
0
0
0
0
0
1
0
1
0
0
1
0
0
0
0
0
0
0
1
0
0
0
0
0
-1
-1
0
0
0
-1
0
0
-1
1
0
0
1
0
0
-1
0
0
-1
0
0
0
0
1
0
0
0
1
1
0
0
0
-1
1
0
-1
0
0
0
0
-1
0
0
0
0
0
0
1
-1
0
0
0
0
-1
0
0
-1
0
-1
0
0
0
0
0
2
0
0
0
0
0
0
0
0
0
0
0
0
0
1
0
-1
1
0
0
0
0
0
0
0
1
0
-2
0
0
1
1
0
0
2
0
-1
0
0
1
0
-2
1
1
-1
0
-1
0
1
0
0
0
-1
0
1
0
0
0
0
0
0
0
1
-1
0
1
0
0
0
0
1
0
0
-1
-1
1
-1
0
-1
0
0
0
0
-1
0
1
0
0
0
-1
0
1
0
0
1
0
0
0
0
0
0
0
1
1
0
-1
-1
-1
0
0
0
0
0
0
0
0
0
1
0
0
0
0
0
0
0
0
0
0
0
0
0
0
0
0
0
1
0
0
1
0
0
-1
1
0
-1
0
0
1
0
-1
1
0
-1
0
0
0
0
0
0
0
0
0
0
0
0
0
0
0
0
0
0
0
0
0
0
-1
0
0
0
0
0
0
1
-1
0
0
0
0
0
0
0
0
0
1
1
1
-1
0
1
0
0
0
0
0
0
0
-1
0
0
0
0
-1
0
0
0
0
0
0
0
0
0
-1
0
0
1
1
0
1
0
-1
0
-1
-1
1
0
0
1
1
0
0
0
-1
0
0
0
0
-1
0
0
0
0
0
0
0
0
0
0
1
0
0
0
0
0
0
0
0
0
0
1
0
0
0
0
0
0
0
0
0
0
0
0
-1
0
0
0
0
0
0
0
0
0
0
0
0
0
0
0
0
0
0
0
0
0
0
0
0
0
0
0
0
0
0
0
0
0
0
0
1
0
-1
0
-1
0
0
0
0
0
2
0
0
0
0
1
0
0
0
0
1
0
0
0
-1
0
0
0
0
0
0
-1
0
0
0
0
-1
0
0
0
0
-1
0
0
0
0
0
0
1
0
0
0
0
0
0
0
0
0
0
0
1
0
0
0
-2
0
0
0
0
0
0
1
0
0
1
0
0
0
-1
-1
0
1
0
0
0
-1
0
0
-1
0
0
0
0
0
0
0
0
0
0
0
0
0
-1
0
0
0
0
0
0
0
0
0
0
1
0
2
1
0
0
0
0
-1
1
0
0
0
0
0
0
0
0
0
0
0
-1
0
0
-1
-1
0
0
0
0
0
0
0
0
1
1
0
0
0
0
0
1
0
-1
0
0
0
1
0
0
0
0
0
0
0
0
-1
0
0
0
-1
0
0
-1
-2
-1
0
0
1
1
0
1
0
-1
0
0
0
0
0
1
0
0
0
0
0
0
1
1
2
1
0
-1
0
0
0
-1
0
0
-1
0
0
0
0
0
0
1
0
0
0
0
0
0
0
-1
1
0
0
1
0
-1
1
0
0
0
1
2
0
0
-1
0
0
0
0
0
0
0
0
0
0
0
0
0
0
0
0
0
0
0
0
0
1
0
1
-1
0
0
0
1
-1
0
0
0
0
0
-1
0
0
0
0
-1
0
0
0
0
0
1
0
0
0
0
0
1
0
0
1
0
0
0
-1
0
0
0
0
0
0
0
0
0
-1
0
0
-1
0
0
0
1
0
0
0
0
-1
0
2
0
-1
0
0
0
0
0
0
0
0
0
0
0
0
1
0
0
-1
0
1
0
0
0
0
0
-1
0
1
0
0
0
0
0
-1
0
1
0
-1
1
0
0
0
1
0
0
0
0
0
0
0
0
0
0
0
0
-1
0
0
-1
0
1
0
0
0
0
-1
0
0
0
0
0
0
0
0
1
0
0
0
1
0
0
0
0
0
0
1
0
0
0
0
0
0
0
0
-1
0
0
-1
0
0
-1
-1
0
1
1
0
-1
1
2
0
0
0
0
1
0
-2
0
0
0
1
0
-1
0
0
0
0
0
2
1
0
1
0
-1
0
1
0
0
0
0
-1
-1
-2
-1
0
0
0
0
0
0
0
0
1
0
0
0
0
0
0
1
0
0
-1
0
0
0
0
0
0
1
0
-2
-1
-1
-1
-1
0
0
0
0
0
0
1
0
0
0
0
1
0
0
0
-1
0
0
0
0
0
0
0
0
0
0
-1
0
0
0
0
0
-1
0
0
0
1
0
0
0
0
0
0
0
0
0
0
0
0
1
1
0
0
0
-1
-1
-1
0
0
0
0
0
0
1
0
-1
0
1
0
0
1
1
0
2
0
0
0
0
0
0
0
1
0
0
0
0
0
-2
-2
0
0
-1
0
0
-1
0
0
0
0
0
0
0
0
1
1
0
1
1
1
0
0
2
0
0
-1
0
0
-2
-1
0
0
-1
0
-2
0
0
0
0
0
0
1
0
0
1
2
0
0
-1
0
0
0
1
0
0
0
0
0
0
2
0
0
0
0
-1
0
0
0
0
0
0
0
0
0
0
0
0
0
0
0
1
0
0
0
0
0
0
0
0
1
0
0
0
0
0
0
0
0
0
0
0
0
0
0
0
0
0
-2
2
1
0
0
0
0
1
0
0
0
0
0
0
0
-1
0
-2
0
0
0
0
0
-1
0
1
-1
-1
0
0
0
1
0
0
0
0
0
1
1
1
0
0
0
0
0
0
0
-1
1
0
0
0
-1
0
0
0
0
0
-1
0
0
0
-1
0
0
0
-1
-2
0
0
1
0
0
1
0
1
0
-1
0
1
1
1
0
0
0
0
0
0
0
0
-1
0
-1
0
1
0
1
0
0
-1
0
-1
-1
1
1
0
0
0
0
0
0
0
0
0
0
0
-1
-1
0
1
0
1
0
0
0
0
2
0
0
0
0
0
-1
-1
0
0
0
0
0
0
-1
0
1
1
0
0
0
1
0
-2
0
0
0
0
0
0
-1
0
0
-1
0
0
-1
1
0
0
0
0
1
0
0
0
1
0
-1
0
2
0
-1
0
-1
0
0
0
0
0
0
0
-1
-1
-1
0
0
0
0
0
-1
0
0
0
0
0
0
1
0
0
-1
0
0
0
1
0
0
0
0
0
0
0
0
0
1
0
0
0
0
0
0
0
1
0
2
0
-1
0
-2
-1
0
0
-1
0
0
0
0
0
-2
0
0
-1
1
0
0
1
0
0
0
0
1
2
1
1
0
0
0
-1
0
0
0
1
-1
0
0
-1
0
0
0
0
0
0
-1
0
0
-1
-1
0
0
0
0
2
1
0
1
1
-1
-1
0
0
0
0
0
1
0
-1
2
0
0
1
0
0
0
-1
0
0
-1
-1
0
0
-1
1
1
0
0
0
0
1
0
0
0
-1
0
0
0
0
0
0
1
-1
0
0
0
0
0
1
0
0
0
0
1
0
0
1
0
0
0
0
0
0
0
0
1
0
0
0
0
0
-1
0
0
0
0
0
0
0
-1
0
-1
1
0
-1
0
0
0
1
0
0
0
0
1
0
1
0
-1
0
0
1
2
0
0
-2
-2
0
-2
0
0
-2
1
0
0
1
0
1
0
0
0
0
1
0
0
0
0
2
2
0
0
1
0
0
-2
-2
0
0
0
0
0
0
0
0
-1
0
0
0
0
-1
0
-1
0
1
0
0
0
1
0
-2
-1
1
1
0
0
0
1
0
-2
0
0
0
0
0
1
1
0
0
0
0
0
0
0
0
-1
0
0
0
1
0
0
0
0
-1
-1
1
0
0
0
0
0
0
0
0
2
0
0
0
0
-1
-1
0
0
0
0
0
0
0
-2
-1
0
0
0
0
0
2
0
0
0
0
0
1
0
0
0
0
0
0
0
-1
0
0
0
0
0
1
0
-1
0
0
-1
0
1
0
0
1
0
0
0
0
0
0
2
0
1
1
0
2
0
0
0
-2
0
0
0
2
-1
-1
1
0
0
0
0
0
-1
0
0
0
0
0
0
0
0
0
0
-1
0
0
0
0
0
1
0
0
0
0
0
0
0
0
0
0
1
0
0
0
1
0
0
1
0
0
0
0
0
0
0
0
0
0
0
0
-2
0
0
-1
0
0
-1
-1
-2
0
0
-1
-1
0
0
0
0
1
1
0
1
1
-1
0
1
0
0
1
0
-1
1
0
0
0
-1
0
0
-1
0
-1
-1
1
0
2
0
0
0
0
0
0
0
0
-1
0
0
0
0
0
0
0
0
0
0
0
0
-2
0
1
0
1
0
-1
0
0
1
0
0
-1
-1
0
0
0
0
-1
-1
-1
0
1
1
2
-1
1
1
0
1
-1
0
0
0
0
0
0
0
0
0
0
-1
-1
0
-1
-1
0
0
0
0
0
0
0
0
0
0
0
0
0
0
-1
0
0
0
0
0
0
-1
0
0
1
0
0
1
1
1
1
-1
0
0
0
0
1
0
0
0
0
0
0
0
0
0
0
-2
-2
0
-1
-1
0
0
0
0
0
-1
0
0
0
0
1
3
0
1
1
0
1
0
-1
0
0
0
0
-1
0
-1
0
0
-1
0
0
0
0
0
-1
0
1
0
0
0
0
1
0
0
0
0
0
0
-1
0
0
-1
-1
0
0
1
-1
0
0
1
0
0
0
0
0
0
0
1
0
0
0
0
0
0
0
0
-1
-1
0
0
0
1
0
0
0
0
-1
0
0
0
0
-1
1
0
0
0
1
1
0
0
1
0
0
0
1
0
0
-1
-1
0
0
-1
1
0
0
0
0
0
0
0
1
0
0
0
0
0
1
-1
0
0
0
0
0
0
0
0
0
-1
1
0
0
0
0
-1
-1
0
0
0
0
0
0
0
0
0
1
0
0
0
0
0
0
-1
-1
0
0
0
0
0
0
0
0
1
0
1
0
0
1
0
1
1
0
0
-1
0
0
0
0
0
0
0
0
0
0
0
0
0
1
0
-1
-1
0
0
0
0
1
0
0
0
-1
-1
0
0
0
0
0
0
0
0
1
0
-1
0
0
0
0
0
1
0
0
1
1
0
-1
0
0
-1
0
0
0
0
0
1
0
0
0
0
0
0
0
0
0
0
0
0
0
0
0
1
0
0
0
0
0
0
0
0
0
0
0
0
0
0
0
-1
0
0
0
0
0
0
-1
-1
1
0
0
0
0
0
0
-1
0
0
0
0
-1
0
0
0
1
0
0
0
0
0
0
0
1
0
-1
0
0
0
1
0
0
0
0
0
0
0
-1
0
0
0
0
0
1
-1
0
0
0
0
0
0
0
0
0
0
0
-1
0
0
0
0
0
-1
0
0
0
0
0
-1
0
0
-1
0
0
0
1
0
0
0
-1
0
0
0
-1
0
0
0
1
-1
0
0
0
0
-1
0
1
0
0
0
0
0
0
0
0
0
0
0
0
-1
-1
0
0
0
0
1
0
-1
0
0
0
1
0
0
0
0
0
0
0
1
0
0
1
0
0
0
0
0
0
0
0
-2
-2
0
0
0
-1
0
1
1
0
1
0
1
0
1
0
0
1
0
0
-1
-2
0
0
0
0
0
0
0
0
0
0
0
0
0
0
0
0
1
1
0
1
0
0
0
0
0
0
0
0
-1
0
0
0
0
0
0
0
0
0
0
1
0
0
0
0
1
0
0
1
0
1
0
0
0
-1
0
-1
-1
0
-1
0
0
-1
0
-1
0
0
0
0
0
0
0
-2
0
1
0
0
0
1
0
0
0
0
0
1
2
0
0
0
0
0
0
0
0
0
0
0
0
-1
-1
0
0
0
-2
0
1
0
0
0
0
0
0
0
0
0
0
0
0
1
2
0
0
2
0
0
0
0
0
-2
-1
-1
0
0
-1
0
0
1
1
-1
-1
0
0
0
0
2
0
1
1
-1
0
-1
-2
-1
0
0
0
0
0
2
1
0
0
0
0
0
0
0
0
0
0
0
-1
0
0
0
0
0
0
0
0
0
0
0
0
0
0
2
0
0
0
-2
0
0
-1
-1
0
0
0
0
0
0
0
0
1
1
0
-1
0
0
0
-1
-1
1
0
0
0
1
0
0
0
0
0
0
0
0
0
0
0
0
0
0
0
0
0
-1
-1
0
0
0
0
0
1
0
0
0
1
0
1
0
0
0
2
0
0
0
-1
0
0
0
0
0
0
0
0
-1
1
0
0
0
0
0
0
0
1
0
-1
0
0
0
0
-1
0
0
0
1
0
0
0
0
1
0
0
1
0
0
0
1
1
-1
-1
0
0
0
-1
0
0
0
0
0
0
-1
0
0
0
0
0
0
0
1
1
2
0
0
2
1
0
0
0
-1
0
0
0
-1
0
-1
-1
0
-1
-1
0
-1
0
0
-1
0
0
0
0
0
0
0
1
2
0
0
0
0
0
0
0
0
0
0
0
0
0
1
-1
0
0
0
0
0
1
0
0
0
1
0
0
0
0
0
0
0
0
0
-1
0
0
0
0
1
0
0
0
0
0
1
1
0
0
1
0
1
0
0
0
-2
0
0
0
0
0
0
0
0
1
0
0
0
0
0
0
1
0
-1
0
0
0
0
0
0
0
0
0
0
0
0
0
0
1
1
0
0
0
0
-1
0
-1
0
0
0
0
0
0
0
0
-1
0
0
0
0
0
0
1
0
0
-1
0
0
0
0
0
0
0
0
0
0
1
0
-1
0
1
0
-1
0
0
0
1
-1
0
0
-1
0
-1
-1
0
0
0
0
-1
0
0
0
0
0
0
0
1
1
0
1
1
0
0
0
0
0
0
-1
0
0
-1
0
1
0
-1
-2
0
0
-2
-1
-1
0
0
0
0
1
0
0
0
0
1
0
0
0
1
0
-1
0
0
0
0
0
0
0
0
0
1
0
0
0
0
0
0
0
0
0
0
0
0
0
-1
-1
0
0
-1
0
0
0
0
0
0
-1
0
0
1
1
0
0
-1
0
2
1
1
1
1
0
0
0
0
0
0
0
0
0
0
0
0
1
0
0
0
0
0
0
0
-1
-1
0
0
0
0
-1
0
0
0
0
0
-1
-1
1
0
1
0
0
1
0
0
0
0
0
0
0
0
0
0
0
0
0
0
0
1
0
0
1
1
-1
-1
0
0
0
-1
0
0
0
0
0
0
0
0
0
0
-1
0
0
1
0
0
1
0
0
0
0
0
-1
0
0
0
-1
0
1
0
0
0
0
0
-1
0
1
0
0
0
0
1
0
0
0
0
0
1
0
0
0
-1
0
0
0
0
0
0
0
0
0
0
0
0
1
0
0
1
0
0
0
0
0
0
0
0
0
0
0
0
-2
0
0
-1
0
0
0
1
0
0
0
0
0
-1
0
1
0
0
1
0
0
0
0
0
0
0
0
0
0
0
0
0
-1
0
-1
0
0
0
1
0
0
0
0
0
0
0
0
0
1
0
0
0
0
0
0
0
0
0
0
0
-1
0
0
0
0
0
0
0
0
1
0
0
0
0
0
0
0
0
0
0
0
0
0
0
0
0
0
0
0
-1
0
0
0
0
0
1
0
0
0
0
0
0
0
0
0
0
0
0
0
0
0
0
0
0
0
0
0
0
1
0
0
0
0
0
-1
0
0
0
0
0
0
0
0
0
0
0
0
0
0
0
0
0
0
0
0
0
0
0
2
1
0
0
0
1
0
0
0
0
0
0
-1
0
0
0
1
0
0
-2
-1
0
0
0
0
0
0
0
0
0
0
0
0
0
1
0
0
0
0
0
0
0
0
1
0
0
-1
-2
0
1
0
0
0
0
0
0
0
0
0
0
1
2
0
0
0
0
0
0
-1
0
0
0
0
0
-1
-3
0
0
-1
0
0
0
1
1
-1
0
0
-1
0
0
0
0
0
0
0
0
0
0
2
0
-1
0
1
0
1
0
1
0
0
0
0
0
0
0
0
0
0
0
0
0
0
0
1
0
-1
1
-1
0
2
0
0
0
0
0
0
0
0
0
0
0
0
0
0
0
0
0
-1
-2
0
0
1
0
1
0
0
2
0
0
1
-1
-1
0
0
0
0
0
-1
-1
0
0
0
0
0
0
0
0
0
0
-1
0
0
0
1
0
0
1
0
0
1
2
1
0
0
0
0
0
-1
0
-2
-1
0
0
0
0
-1
0
-1
0
0
-1
0
0
-1
1
0
2
0
0
0
0
2
2
0
0
0
2
1
0
0
0
-1
0
0
0
-1
0
0
-1
0
0
0
0
-1
0
-1
0
0
0
-1
0
0
0
0
0
0
0
0
-1
0
2
0
0
0
0
0
0
0
0
0
0
0
0
0
0
0
0
0
0
-1
0
0
0
0
0
0
-1
0
0
-2
0
0
0
0
0
0
0
0
0
0
0
0
1
0
0
1
0
1
1
0
0
0
0
0
0
0
0
1
0
0
0
0
0
0
-1
-1
0
0
1
0
-1
0
0
0
1
0
0
1
0
0
0
0
0
1
0
0
-1
-2
0
-1
0
0
0
0
0
0
-1
0
0
0
0
-1
0
0
0
0
1
0
2
0
0
0
0
0
0
1
0
0
0
0
0
0
0
0
0
0
0
1
0
-1
0
0
0
0
0
1
1
-1
0
0
0
0
0
-2
0
0
0
0
0
0
0
0
0
0
1
0
0
-2
-1
-1
0
1
1
0
0
0
1
0
0
0
0
0
0
0
0
0
0
0
0
1
0
0
0
-2
1
1
0
-1
0
0
-1
1
1
1
1
0
0
0
0
0
0
0
0
-1
0
0
1
0
0
0
-1
1
1
0
0
0
0
2
0
0
-1
0
-1
0
1
0
0
-2
0
0
0
1
0
-1
0
0
1
0
0
1
1
0
-1
0
0
0
0
-1
0
0
1
0
0
0
1
0
0
0
0
0
0
0
0
0
0
0
0
-1
0
0
0
0
0
0
1
0
0
0
0
0
0
0
-1
0
0
0
0
0
0
0
1
1
0
0
0
0
0
-2
0
0
-1
0
0
0
0
0
0
-1
0
0
0
1
0
0
0
0
-1
0
0
0
1
0
0
0
0
0
1
0
0
2
0
0
0
0
-1
0
0
0
0
0
0
1
0
0
0
1
0
0
0
0
0
0
0
0
0
0
-1
0
0
0
0
0
-1
-1
0
0
0
0
1
1
0
0
1
1
0
-1
0
0
0
0
0
0
0
0
0
0
1
1
0
0
0
1
1
0
0
0
0
0
0
0
1
0
-1
0
0
0
-1
0
0
0
0
-1
0
0
0
-1
0
0
-1
0
0
0
0
0
0
0
0
0
2
0
0
1
0
0
1
1
-1
0
0
0
0
0
1
0
1
1
0
0
0
0
0
0
-1
0
1
-1
-2
0
0
-1
1
0
-1
0
1
0
-1
0
0
0
0
0
0
0
0
0
0
0
0
1
0
0
0
0
0
1
0
-1
0
0
-1
0
0
1
0
-1
0
1
0
0
0
0
0
1
0
0
0
0
0
0
0
0
0
-1
0
0
-1
0
1
0
0
0
-1
0
1
0
-1
0
0
0
1
0
0
0
0
0
1
0
0
0
0
0
0
0
0
0
0
-1
0
0
0
0
0
0
0
0
0
1
0
0
0
0
0
0
0
0
0
0
0
0
1
0
-1
0
0
0
0
0
0
0
0
0
0
0
1
0
0
0
0
0
0
0
0
0
0
0
-1
0
0
0
0
0
0
1
0
0
0
0
0
0
0
1
0
0
0
0
0
0
0
0
0
-1
0
-1
0
0
0
0
0
0
0
0
0
0
0
1
0
0
0
0
0
0
0
0
0
1
0
0
0
0
0
0
0
0
-1
1
0
-1
0
0
0
0
0
0
0
0
0
0
0
0
0
0
1
0
0
0
0
0
0
1
0
0
0
0
0
-1
1
0
0
0
0
0
0
0
0
0
1
0
0
0
0
0
0
0
0
0
1
0
0
1
0
0
0
0
1
0
0
0
1
0
0
-1
-1
0
0
-1
-1
-1
-1
0
0
0
-2
0
0
0
0
0
0
0
1
1
1
0
0
2
0
0
2
1
0
0
0
-1
0
0
-1
0
0
-1
0
0
0
0
0
0
0
-1
0
0
0
0
0
1
0
0
0
0
0
-1
1
0
0
0
0
0
0
-1
0
0
0
0
0
0
1
1
0
1
0
0
2
1
0
0
0
0
0
-1
0
0
-1
-1
-1
-1
-1
-1
0
0
0
0
-1
0
0
0
2
0
0
1
1
0
0
0
2
0
-1
0
0
-1
0
0
1
0
-1
0
0
-1
-1
0
0
0
0
0
0
0
0
-1
0
0
0
0
1
1
0
-1
-1
0
0
0
0
0
-1
-1
0
1
-1
0
0
0
2
2
2
0
0
0
-1
0
0
0
0
-1
0
0
-1
-1
0
-1
-1
0
0
-1
0
0
-1
-1
0
0
0
1
1
2
0
0
2
0
1
0
0
0
0
0
0
0
1
1
0
0
0
0
0
0
-1
-1
-2
-1
0
0
0
0
0
0
0
0
0
0
-1
-1
0
0
0
-1
0
0
0
0
0
0
0
0
0
0
1
0
0
0
1
1
1
1
0
0
1
1
0
-1
0
0
1
0
0
0
0
0
-1
0
0
0
0
0
0
0
-2
-1
0
0
0
1
0
0
0
0
0
0
0
-1
0
0
1
0
0
1
0
0
0
-1
0
0
0
1
1
0
0
0
0
0
2
0
0
1
0
0
0
-1
-1
0
0
-1
0
0
0
0
0
0
0
1
-1
-1
0
0
0
0
0
0
0
0
1
0
0
0
0
0
-1
0
0
0
0
0
0
0
0
0
0
1
0
0
0
0
0
0
0
0
0
0
0
0
-1
0
0
0
-1
0
0
0
-1
0
0
0
0
0
0
0
0
0
0
0
0
1
0
0
1
0
0
0
0
0
0
0
0
0
0
0
-1
1
0
0
0
0
-1
0
0
0
0
0
0
0
-1
0
0
0
-1
1
0
-1
-1
0
0
0
1
0
0
0
0
0
1
0
-1
0
0
0
0
0
0
0
0
0
0
1
0
-1
0
0
1
1
-1
0
0
-1
0
0
0
0
-1
-1
0
1
0
0
-1
0
0
0
0
1
0
0
1
0
0
0
0
1
0
0
0
0
0
0
0
0
0
0
0
0
-1
0
-1
0
0
1
0
0
0
0
0
1
-1
0
1
0
0
0
0
-2
0
0
0
0
-1
0
-1
0
1
0
0
0
0
1
1
-1
1
0
0
0
0
1
1
0
-1
0
0
0
0
0
0
0
0
0
0
0
0
0
0
0
-1
-1
0
0
0
0
2
0
0
1
0
0
0
0
0
0
-2
0
0
0
1
1
1
0
-1
0
0
0
-2
-1
0
0
0
-1
0
1
-1
0
0
0
0
-1
0
0
1
2
0
0
1
-1
0
0
0
0
0
0
0
0
0
-1
0
0
0
0
0
-1
-1
0
1
1
0
0
0
0
0
0
0
0
0
0
0
0
0
0
0
0
0
0
0
0
0
0
0
-1
0
0
2
1
0
0
0
1
0
0
0
0
0
0
0
0
0
0
0
-1
0
0
0
-1
-1
0
0
0
0
-2
0
1
0
-1
-1
0
0
0
0
1
0
0
0
0
1
0
0
0
1
1
0
-1
0
0
0
0
0
0
1
-1
-1
1
0
1
0
0
0
0
1
0
0
0
0
0
0
0
0
0
0
0
-1
0
0
-1
-1
1
1
0
0
-2
-1
0
0
0
0
0
-1
1
3
1
0
0
0
0
-2
0
1
0
0
-1
0
0
0
0
0
0
-1
-1
0
0
0
0
0
0
1
0
0
0
0
-1
0
0
0
1
1
0
0
-1
0
-1
0
0
0
1
0
1
0
0
2
1
0
2
1
-1
0
-1
-3
-1
0
0
0
0
0
0
0
0
0
0
0
-1
-1
0
-2
0
0
-1
0
1
2
3
3
4
4
3
5
5
1
2
1
0
0
-3
-3
-4
-4
-5
-6
-5
-5
-6
-4
-4
-5
-2
-2
0
1
2
4
3
3
5
3
3
3
2
1
1
2
2
1
0
0
0
0
-1
0
0
0
-1
-2
-1
0
-1
-1
0
2
1
1
2
1
1
1
0
0
1
-2
0
0
-1
-1
-2
0
0
0
-1
-2
0
2
0
0
2
0
0
1
1
2
0
0
-1
0
1
-1
-1
-1
-2
-1
-1
0
-1
0
0
0
0
1
1
1
2
1
0
2
0
0
0
1
0
-1
0
-1
0
1
0
-1
-2
-2
-1
0
-2
0
1
2
2
2
0
1
0
0
-1
-2
-1
0
0
0
1
0
0
-1
0
-1
0
1
0
0
1
1
0
0
0
0
0
0
1
0
0
0
1
0
-1
0
0
0
0
0
0
-1
0
0
0
0
0
1
-1
0
0
0
0
-1
-1
-1
0
1
0
0
0
0
-2
-2
-1
-1
1
0
1
0
2
0
0
0
0
0
0
1
1
0
2
1
0
0
0
0
0
1
0
-2
0
0
0
0
0
0
0
0
0
-1
0
0
0
0
0
0
1
0
0
1
0
0
1
0
0
0
0
0
0
0
0
0
0
-1
0
1
0
0
0
0
0
0
0
0
-1
0
0
0
0
-1
0
-1
0
0
0
0
0
0
0
0
0
0
1
0
0
0
0
0
0
0
-1
0
0
0
0
0
0
0
0
0
0
1
0
0
1
1
-1
-1
0
0
0
-2
0
1
0
0
-2
0
0
0
0
-1
1
-1
0
1
0
1
1
1
2
2
2
2
1
2
1
1
0
0
0
0
0
-1
-2
-1
-1
-2
-3
-1
-1
-3
-1
-3
0
-3
-4
-1
-1
-2
1
1
-1
0
0
1
1
0
2
2
2
1
1
0
0
1
1
3
1
1
1
0
0
0
0
0
0
0
0
-1
0
0
0
0
-1
0
-2
-3
-2
0
0
0
0
0
0
0
0
0
0
0
0
0
0
0
0
0
0
2
1
0
0
0
0
0
0
1
0
0
0
0
1
0
0
0
0
0
0
-1
-1
-1
0
0
0
0
-1
0
0
0
0
0
0
0
0
-1
-1
0
0
1
1
0
1
0
0
0
0
1
0
0
0
0
1
0
0
0
0
0
0
0
0
0
