0
0
0
0
0
0
0
0
0
0
0
0
0
0
0
0
0
0
0
0
0
0
0
0
0
0
0
0
0
0
0
0
0
0
0
0
0
0
0
0
0
0
0
0
0
0
0
0
0
0
0
0
0
0
0
0
0
0
0
0
0
0
0
0
0
0
0
0
0
0
0
0
0
0
0
0
0
0
0
0
0
0
0
0
0
0
0
0
0
0
0
0
0
0
0
0
0
0
0
0
0
0
0
0
0
0
0
0
0
0
0
0
0
0
0
0
0
0
0
0
0
0
0
0
0
0
0
0
0
0
0
0
0
0
0
0
0
0
0
0
0
0
0
0
0
0
0
0
0
0
0
0
0
0
0
0
0
0
0
0
0
0
0
0
0
0
0
0
0
0
0
0
0
0
0
0
0
0
0
0
0
0
0
0
0
0
0
0
0
0
0
0
0
0
0
0
0
0
0
0
0
0
0
0
0
0
0
0
0
0
0
0
0
0
0
0
0
0
0
0
0
0
0
0
0
0
0
0
0
0
0
0
0
0
0
0
0
0
0
0
0
0
0
0
0
0
0
0
0
0
0
0
0
0
0
0
0
0
0
0
0
0
0
0
0
0
0
0
0
0
0
0
0
0
0
0
0
0
0
0
0
0
0
0
0
0
0
0
0
0
0
0
0
0
0
0
0
0
0
0
0
0
0
0
0
0
0
0
0
0
0
0
0
0
0
0
0
0
0
0
0
0
0
0
0
0
0
0
0
0
0
0
0
0
0
0
0
0
0
0
0
0
0
0
0
0
0
0
0
0
0
0
0
0
0
0
0
0
0
0
0
0
0
0
0
0
0
0
0
0
0
0
0
0
0
0
0
0
0
0
0
0
0
0
0
0
0
0
0
0
0
0
0
0
0
0
0
0
0
0
0
0
0
0
0
0
0
0
0
0
0
0
0
0
0
1
0
0
0
0
1
0
0
-2
0
3
-3
-2
0
1
3
1
0
-2
2
5
0
1
0
1
-1
-3
0
0
0
0
0
-1
0
-6
-6
-2
-1
0
0
-1
0
-1
0
2
4
4
1
2
4
0
0
2
-1
-4
0
0
-1
7
4
-5
-7
-5
0
4
0
-3
0
-3
-1
3
0
1
-1
0
4
2
1
2
0
3
-2
-3
8
1
-3
0
-2
0
0
-4
0
0
2
3
-7
-5
2
3
1
-4
0
4
-2
-3
0
4
7
-1
-8
1
11
5
-12
-9
12
11
-9
-15
0
12
1
-7
0
11
5
-12
-9
8
12
-2
-18
-3
8
6
-7
-9
8
10
3
-5
-3
11
8
-4
-7
-3
8
-1
-9
5
8
1
-5
-5
-2
3
8
-6
-9
-1
1
3
-2
-12
-4
14
5
-5
0
0
2
8
0
-2
5
2
-3
-3
0
0
-1
0
-1
-2
0
0
-5
-1
-2
2
6
0
0
-1
5
4
-4
2
5
3
0
0
0
1
2
-2
-2
-2
1
-3
-10
0
2
2
4
-2
-1
0
0
0
-2
0
0
-4
-1
0
1
4
1
-3
-1
4
4
9
1
-19
-4
14
11
-1
-15
-11
9
19
-9
-15
0
5
7
0
2
2
-9
-7
5
16
6
-24
-14
18
21
-4
-24
-6
19
14
-7
-15
-2
7
2
2
3
-9
-9
0
10
16
0
-18
-11
7
14
7
-9
-16
3
21
2
-19
-14
7
20
4
-18
-15
11
18
1
-7
-5
0
6
0
-2
3
-1
-3
6
4
-15
-11
16
24
4
-24
-28
6
13
-5
-3
6
9
-6
-11
6
7
-3
-1
10
4
-3
-2
4
6
0
-5
-2
-3
-2
3
1
0
-4
0
0
-7
-1
4
0
-6
-2
1
-1
3
6
4
0
-2
-1
0
-2
-5
8
9
-4
-9
-2
3
7
1
-1
1
0
0
0
-3
-2
0
1
5
3
-1
-3
-5
-2
6
12
1
-8
-7
0
2
0
2
-7
-12
3
15
4
-7
-12
-8
0
14
21
4
-15
-16
-3
8
2
-7
-6
0
6
19
13
-1
-12
-7
4
5
4
3
-11
-7
12
2
-9
4
5
-1
-4
6
-5
-37
-17
25
0
-21
5
3
-14
15
47
6
-22
0
17
22
5
-17
-9
1
3
28
14
-17
-4
-11
-13
3
-20
-6
24
-22
-13
36
-16
-41
15
6
-34
-6
17
27
0
-38
9
46
-3
-11
-9
-13
40
42
-11
-6
12
-2
0
-5
-9
-9
-27
2
32
13
0
-6
-13
-2
12
-9
-27
-9
-11
1
35
22
-2
-35
-23
33
2
-51
-1
55
47
-1
-65
-49
61
73
-24
-37
4
-1
9
26
8
5
-13
-41
-15
18
36
8
-40
-15
10
-2
14
11
-15
-21
-24
-19
10
32
-4
-13
25
12
6
-28
-60
62
50
-83
10
45
-24
31
1
-22
40
-9
-27
-13
-6
62
17
-29
-1
-36
-7
11
-37
28
60
-16
-41
-18
18
20
-22
-41
-18
27
40
27
12
-8
-4
2
-8
-13
-37
7
70
11
-15
18
-28
-55
-8
45
20
-34
5
22
-9
10
-9
-19
24
17
-10
-12
17
13
-24
6
50
-4
-58
-32
-38
8
68
-8
-8
23
-28
-18
-26
-51
-6
38
34
-5
-20
4
10
-17
8
-16
-25
74
17
-33
37
-2
18
49
-18
-28
-6
13
22
-3
-8
16
27
24
16
-16
-45
-44
-12
7
-15
39
50
0
-9
-37
-50
-36
-27
0
10
34
35
-25
1
15
-29
-20
-40
-10
37
21
51
23
5
8
-30
18
11
-28
0
-2
3
42
24
-1
4
-3
-31
-29
32
9
-63
-75
-20
74
73
-39
-62
45
58
-29
-57
15
18
-51
0
57
49
27
-25
-27
18
-11
-56
-65
-31
46
34
7
-1
-3
51
0
-55
-44
-52
8
48
23
62
42
-19
-7
-2
36
-1
-11
61
-16
-9
29
-50
-30
34
27
-9
-50
-40
-8
14
52
-21
-48
17
-14
5
26
-22
-37
7
52
42
17
-9
-57
-94
-45
49
81
22
-16
41
48
-5
-48
-65
-45
2
64
69
30
-58
-81
-14
21
38
58
-21
-100
2
73
38
33
9
-42
-40
-35
-7
19
7
64
73
-3
-46
-85
-45
51
6
-35
8
0
26
97
43
-65
-63
-25
-1
19
-40
-70
26
65
24
42
2
-31
-1
-50
-53
47
24
-47
-7
79
59
-35
-30
-43
-53
36
114
53
-22
-60
-62
7
45
-13
-22
50
6
-11
50
14
-91
-60
-2
-32
-2
20
51
92
56
10
-34
-69
-89
-53
27
39
27
46
36
13
-7
-71
-51
18
0
-43
-22
19
7
32
60
32
5
7
-10
-50
-21
-44
-16
76
50
6
-8
1
23
17
0
-6
-60
-47
-11
-19
-64
-75
4
56
31
50
44
-43
-10
-3
-16
-7
36
53
29
-15
15
64
27
21
-33
-5
16
-16
-51
-22
2
-29
-71
-22
82
33
-50
11
47
1
-25
-71
-54
39
1
-10
121
66
11
19
-52
-75
3
0
-21
9
48
54
20
-64
-87
-38
0
13
-1
-1
77
78
-47
-48
-67
-64
50
75
-10
-17
44
64
-49
-95
-6
42
12
27
2
-9
-2
0
-25
-47
28
-22
-40
115
143
-70
-62
5
-5
17
18
5
-20
-14
31
72
-23
-41
11
2
-28
1
71
-46
-77
10
2
15
23
-14
-55
9
14
-19
6
-25
-37
7
34
38
-41
-61
17
-19
57
-9
-51
69
28
32
-6
-65
-25
-3
-20
13
-10
57
125
25
8
28
-38
-35
-62
-131
23
93
89
41
-23
8
34
-57
-138
-77
-26
29
32
54
33
-53
37
-26
-69
25
-79
-15
110
-14
6
9
-6
22
-85
104
63
-49
44
-77
73
80
-85
-74
12
23
21
16
13
65
-112
-58
88
92
44
-157
-34
54
-23
28
-5
-51
-50
-3
238
152
-209
-104
-1
-75
-26
-29
61
74
11
40
32
76
-47
-135
-18
-49
-15
46
-33
43
134
13
-21
-61
-64
158
23
-90
61
-85
-64
20
-28
41
94
23
-68
-58
-44
-88
0
31
48
145
73
20
-80
-99
-20
-29
-64
64
79
-13
12
45
52
-55
50
-39
-176
-91
58
195
87
-34
-64
70
-78
-155
35
39
29
3
90
120
-110
-89
136
-21
-108
-67
-154
40
217
75
27
28
-146
-155
72
193
-161
-204
163
-2
-157
130
200
0
140
-75
-109
-16
-297
147
126
12
77
42
148
-343
-158
318
-28
-177
156
-176
-118
362
-99
-87
271
12
-400
116
241
-444
249
63
-300
80
189
148
-140
104
18
-368
14
481
-344
-68
269
-372
125
406
-288
-176
178
66
-44
-72
110
-263
-118
-1
60
408
-120
95
164
32
-21
-253
102
-42
-427
-175
377
-92
-45
167
193
70
-154
44
227
-466
33
861
125
-643
36
-20
-402
142
-207
212
-288
-190
181
-186
509
127
-47
272
138
-360
-21
324
32
-274
-256
179
34
130
496
-109
-277
-173
-317
-172
-401
-167
-197
-120
-8
-135
351
83
93
392
213
169
-47
-89
128
313
110
87
156
410
170
91
87
-61
-75
-234
-220
-480
-317
-204
-246
-63
-216
-143
167
203
192
361
198
118
261
135
137
165
104
37
-98
-24
-211
-230
-42
-188
-260
-120
-202
-245
-11
-176
-178
-100
-117
-38
83
-198
-143
22
-47
177
36
-84
-53
119
146
1
166
185
97
222
326
202
138
346
270
185
194
47
257
213
50
115
-78
-32
-59
-71
-130
-235
-149
-70
-41
-109
-54
-10
-76
-102
-42
-144
-153
-198
-140
-76
-84
-19
-141
-137
-162
-83
-63
-133
-48
-71
-118
-77
-33
17
78
96
91
58
142
115
77
89
20
47
61
135
120
70
131
122
152
131
49
22
19
0
0
22
29
42
2
-19
-7
-38
6
-37
-73
-81
-113
-79
-135
-131
-56
-62
-48
-5
19
9
35
49
-14
-16
-42
-46
-30
-21
34
45
25
20
41
44
64
78
72
72
53
33
16
-36
-59
-37
-56
-44
-20
0
25
24
24
5
-34
-46
-60
-79
-78
-57
-21
-7
8
27
37
35
13
24
43
17
-1
5
-7
-12
1
11
-2
11
53
40
14
26
11
-2
-14
-18
-9
-6
1
7
28
7
-6
-9
-36
-54
-50
-34
-42
-30
2
0
-16
4
14
0
-3
0
0
2
30
6
11
34
2
23
37
22
36
43
32
15
24
14
-26
-28
-28
-41
-44
-33
-18
-25
-13
0
-7
3
29
15
-1
16
0
-2
0
-20
-18
2
19
1
23
53
10
2
3
-21
-33
-20
-7
-15
9
26
19
30
6
-3
-12
-25
-11
-26
0
13
6
27
9
7
3
17
2
-19
-35
-39
59
-18
-71
39
-4
-1
36
15
17
24
45
3
-36
-38
-18
-27
-70
-4
17
0
32
26
33
-9
-15
32
-25
-35
-20
5
37
-23
7
73
9
-19
19
15
1
-26
-34
15
21
-16
-17
24
7
-13
62
-9
-91
-2
13
-20
-4
-9
-8
25
27
4
8
-21
7
22
-57
-81
19
55
-50
-42
36
-28
-21
97
-5
-87
15
15
-14
-2
9
2
17
29
-3
27
21
-36
17
51
3
8
-45
0
120
34
-21
-33
-36
41
55
-39
-53
19
33
43
64
17
-31
6
-17
-53
-11
-31
-21
23
-1
-19
-14
-8
-17
-52
-88
-56
7
-2
-15
-38
-29
49
-18
-50
-4
-13
10
37
-7
-35
36
54
33
22
27
51
18
12
17
-7
-12
3
13
10
-9
-16
-3
9
13
-31
-35
-4
-15
-13
19
18
-1
23
28
19
30
25
19
16
-21
-20
54
58
-16
-28
33
30
1
-5
-34
-21
0
-23
-18
-6
-17
-23
-46
-33
11
6
-27
-63
-28
4
-26
-17
-29
-29
36
25
-35
-6
22
-7
-33
-31
4
27
8
2
18
29
39
14
-3
17
45
63
-7
-26
77
32
-10
35
5
10
26
-6
14
-12
-24
22
12
12
-41
-81
-13
12
-12
-54
-70
24
9
-44
30
5
-52
-4
33
15
-26
-24
-7
35
10
-12
20
-31
-10
39
-13
-25
-34
14
33
-77
-18
28
-42
22
39
-53
-24
52
44
-14
-39
28
59
17
24
1
-4
61
18
-8
-5
-18
-17
-43
21
-5
-82
10
-15
-67
0
-15
-27
-41
-22
19
7
-18
-10
45
20
-12
41
21
28
29
-28
17
23
1
19
-8
-37
-17
20
19
-19
-34
-26
15
15
0
26
-9
-33
35
47
-8
-13
22
10
-27
-1
19
-21
0
21
-50
-64
13
58
16
-49
5
89
13
-42
9
11
3
17
-27
-22
17
-44
-75
-6
20
28
12
-44
9
42
-42
-31
11
-20
29
51
-5
11
25
7
22
10
-4
-7
-31
-18
-10
2
21
-16
-5
64
-7
-61
22
16
-55
-1
55
-14
-34
43
35
-23
2
0
-5
8
-48
-25
72
9
-25
59
49
12
-2
-23
6
8
-25
-12
-45
-19
48
-17
-70
-4
41
13
-57
-46
50
19
-57
-8
20
-2
-7
-11
44
67
11
-3
4
10
0
-38
-18
39
29
-15
-7
18
-1
-7
4
19
9
-21
-9
0
-40
-35
22
-16
-19
34
7
-3
14
-8
13
18
-21
-9
19
3
-32
5
37
-23
-34
19
-9
-45
7
23
5
15
11
12
4
-9
-7
-15
-3
26
26
-21
-20
38
7
-28
17
1
-5
36
-7
-2
35
-36
-39
17
-44
-59
20
32
10
22
4
-21
11
-1
-38
18
9
-32
50
46
-51
-31
-4
-21
10
31
-6
-13
56
52
-46
-47
-5
-13
-8
8
27
27
0
-10
-5
-10
-5
-2
-10
0
18
9
-13
3
9
-3
1
-1
1
-1
2
12
-11
-20
2
31
10
-19
1
4
-9
-24
-21
9
23
11
18
-7
-28
16
-11
-43
20
16
-30
17
35
-6
10
4
-38
-6
3
0
22
5
-14
7
7
-7
8
-8
-16
11
2
-11
7
13
-4
-10
-18
-10
25
19
13
1
-34
-15
1
-8
8
18
11
5
-6
-4
15
16
-1
-4
-14
-19
6
16
-5
-4
-17
-39
-4
20
21
31
1
-6
2
-18
0
22
7
-10
-14
-27
-25
14
33
18
0
-7
-8
-7
2
11
12
-6
-16
-20
-34
-6
13
10
16
-6
5
18
-7
23
34
-21
-21
7
-14
0
21
-4
-2
15
9
-11
-2
17
9
-12
-11
8
-15
-15
8
-4
10
0
-21
-4
7
-7
-7
-4
-35
-30
5
17
26
33
-10
-27
7
27
24
-12
-29
-8
13
38
17
-20
0
20
8
4
-4
-4
16
17
-3
0
-4
-38
-27
-12
-14
18
9
-12
7
9
12
9
-19
-23
-32
-28
12
11
-2
22
26
19
17
1
0
10
-6
-11
-1
-18
-16
-8
-1
9
-11
-1
26
13
10
15
7
1
-25
-28
-15
-31
-1
23
8
13
11
16
35
-2
-37
-25
-24
-1
16
-18
2
49
30
-2
-8
1
-6
-35
-11
13
-20
2
52
7
-24
17
13
-13
-9
-17
-12
-2
4
26
-11
-65
-1
56
0
-47
-23
15
48
47
-3
-41
1
53
2
-53
-18
1
-15
-2
-1
-23
6
46
32
13
18
1
-6
8
-12
-50
-32
12
11
-24
-23
9
18
10
8
15
4
-11
12
32
-17
-29
4
2
17
15
-37
9
51
-31
-34
16
-26
-16
18
-8
24
44
-2
14
4
-54
-13
21
-19
-21
-13
0
32
6
-20
4
13
13
9
-25
-15
0
-11
8
12
-31
-2
45
9
-20
0
14
8
-1
-13
-2
26
27
-22
-47
7
52
11
-49
-27
38
31
-38
-46
0
16
6
-5
10
26
2
-8
22
-2
-23
16
5
-36
-8
6
-19
-5
7
6
12
0
-1
23
16
-6
-15
-22
0
18
-9
-18
16
12
-1
-2
-1
18
24
0
-12
-17
-12
34
14
-45
-8
31
-11
-24
0
-8
6
12
-5
0
8
8
11
-6
-24
0
0
4
14
-16
-17
21
10
-15
0
-4
8
17
-28
-35
15
23
-1
4
0
-7
-4
14
26
1
-21
-17
-7
11
42
4
-37
13
54
30
-8
-26
-51
-32
23
10
-44
-47
14
50
34
0
-32
-43
12
48
4
-3
1
16
-3
-9
-15
-6
26
-5
-3
34
1
-15
43
37
-16
-28
-37
-53
-30
20
7
-27
-8
23
30
3
-16
-24
-37
-16
29
31
20
37
22
0
-11
-15
21
54
20
-52
-64
-1
8
-2
40
5
-82
-43
50
51
26
31
2
-53
-30
36
16
-36
-31
-6
15
19
7
-1
-40
-32
34
19
-10
2
-6
-18
-18
26
81
26
-66
-75
-9
47
27
-14
-9
10
2
-9
-1
9
3
9
34
-5
-35
24
36
-11
-13
3
-20
-42
-21
35
29
11
39
38
-10
-25
-5
-70
-81
21
32
3
46
25
-15
-5
-20
-10
2
-28
-34
-9
-12
-3
56
53
19
49
36
-10
0
-11
-57
-22
40
-8
-68
-37
-14
-22
19
40
3
3
28
-19
-32
3
-18
8
58
25
4
14
26
2
-44
7
43
-8
-46
-45
-2
53
59
46
5
-39
-26
-21
-16
15
8
-41
-32
1
-21
-11
3
-1
0
22
16
-24
-9
4
-6
-28
-46
-21
19
-15
-53
-10
24
17
18
22
14
-11
10
55
-13
-78
-13
74
49
-57
-72
-12
27
52
56
38
39
19
-11
14
64
69
20
-43
-59
-5
17
1
25
56
30
-15
-7
1
-35
-35
-19
-38
-66
-34
23
17
-47
-69
-34
-25
-16
-2
-27
-43
-23
6
51
50
9
13
13
-30
-46
-9
7
-39
-45
51
97
45
36
52
11
-5
9
0
-6
-20
-34
-16
20
38
47
32
9
3
-11
-6
0
-28
-42
-3
13
-6
3
11
-6
-19
-5
-20
-46
-51
-37
-35
-19
15
2
-5
27
47
69
75
16
-4
11
-11
1
42
17
-9
13
0
-51
-47
-13
3
46
47
-35
-80
-41
-26
-41
-18
38
57
28
8
-13
-22
-8
10
14
-12
-54
-55
22
108
93
13
-15
-30
-56
-33
-19
-36
-42
-29
21
77
59
-13
-35
6
47
49
30
1
-20
0
44
49
8
-26
-36
-36
-45
-51
-34
0
10
-11
-28
-32
-21
-10
14
46
32
30
49
47
55
55
45
10
-50
-71
-48
-7
-6
-24
1
17
25
23
-1
-13
-27
-33
-13
-19
-41
-34
-27
2
46
22
-1
14
16
17
22
13
13
8
-9
-8
-11
-16
2
9
18
17
-9
-20
-9
2
0
-20
-13
13
12
0
6
4
-9
-7
-3
-6
-20
-31
-12
-1
-11
0
19
16
11
14
24
36
37
30
21
14
-13
-41
-37
-27
-17
-15
2
14
-1
13
17
10
20
-6
-42
-49
-55
-56
-45
-29
-6
16
25
32
32
48
58
48
34
9
-2
-11
0
12
0
-6
-2
6
-4
-26
-35
-39
-27
-11
-5
-11
-19
1
31
30
16
-4
-9
4
2
-2
-5
0
11
12
2
-7
1
13
-9
-20
-23
-16
11
24
16
3
12
34
30
-6
-31
-21
-4
-6
-20
-15
-5
8
14
12
2
-8
-6
10
9
-1
-11
-11
6
16
17
5
0
4
2
8
5
-11
-18
-12
4
4
-14
-19
-4
2
-7
-11
-6
0
2
1
3
0
-5
-7
-2
1
0
1
9
19
16
8
9
11
8
0
-7
-6
-1
-3
-8
-8
3
14
1
-13
-6
13
8
-9
-7
5
8
-4
-9
1
8
2
-4
0
8
4
-6
-11
-5
-1
-2
-6
-7
-4
-5
-8
-9
-6
-2
-2
0
5
15
15
14
8
6
13
4
5
8
1
2
2
0
0
-6
-7
-10
-9
-6
-14
-11
-6
-10
-7
-3
-5
-6
-1
5
4
0
7
16
12
11
12
11
10
6
0
0
-2
-2
-3
-2
-3
-7
-2
-1
-6
-6
-2
-1
-3
0
-2
-3
0
0
0
0
-1
6
2
0
1
0
-3
0
0
-2
1
0
-1
0
1
-1
0
4
2
2
0
3
4
2
2
3
6
2
1
0
0
3
0
0
-2
-7
-5
-4
-4
-5
-3
-3
-3
-6
-6
-1
1
1
3
3
6
1
1
7
4
0
2
2
1
0
1
2
2
-1
0
0
-3
-3
-1
1
0
-2
-1
-1
-5
-2
-3
0
1
0
0
0
3
3
4
7
5
6
3
0
-7
-6
-4
-4
0
0
0
0
-3
-1
0
1
1
-1
-3
-1
-1
-3
1
3
2
2
2
2
2
1
0
-2
-4
-6
-2
0
1
0
0
1
-1
0
3
3
0
0
0
-1
0
3
0
0
2
0
0
0
0
0
-3
-2
-1
0
0
-1
0
0
1
1
0
0
-2
0
0
-1
2
2
-1
0
1
0
4
0
0
0
-2
0
1
0
0
-1
-1
1
3
-3
-4
0
-4
-2
6
1
0
1
0
0
-4
-2
-2
-2
0
0
3
4
1
1
1
0
-1
-1
-2
0
4
0
3
3
0
1
-3
-5
-2
-2
-1
0
4
3
3
0
-1
1
-2
-1
0
0
2
1
1
0
-2
-2
-2
-4
0
-2
2
0
-1
1
1
1
-1
1
3
0
0
2
2
0
0
0
1
0
0
0
0
0
-3
0
0
-1
1
-1
0
1
1
0
0
-1
-1
-3
-1
2
0
-1
0
1
2
0
-1
0
0
-2
0
2
1
0
2
3
0
0
0
-2
0
0
0
1
-1
1
1
0
0
0
0
-1
-2
1
0
0
4
2
2
2
0
0
-2
-2
2
1
1
0
0
0
0
0
-1
-2
-1
-1
-1
0
0
1
0
-1
0
-2
-2
0
0
1
0
0
0
0
0
0
-1
0
0
0
1
1
0
2
1
1
1
0
1
2
1
1
-1
2
1
0
0
-2
0
0
0
0
-2
-1
0
1
-1
-2
0
0
0
0
-1
0
-1
0
0
0
-2
0
1
-2
-1
2
0
0
0
1
4
2
2
0
0
0
0
0
-1
0
0
2
0
-2
-1
-1
1
0
-5
-1
2
0
-1
0
0
0
-1
0
-3
-1
0
0
-1
0
-1
0
1
0
-2
0
2
2
1
1
0
1
0
6
7
-2
-3
-6
-2
0
0
2
3
0
1
0
-2
3
0
-1
0
-1
0
1
-1
-1
-1
-2
1
1
-2
-1
-1
-3
-1
0
-1
0
0
0
0
0
1
1
0
-1
-2
-1
1
1
0
-1
1
2
1
2
1
0
-2
0
1
1
0
0
0
0
-1
-2
1
1
0
0
0
0
0
-1
-1
0
-1
0
0
0
0
1
0
0
0
0
-1
0
0
1
1
0
0
0
0
0
0
0
0
0
1
1
0
-1
-3
-1
0
0
0
2
1
1
2
0
-1
-2
-3
-3
0
2
3
1
1
0
-1
-2
-2
0
0
0
0
0
1
0
-1
0
-1
-1
0
0
1
1
2
1
1
0
0
1
1
3
1
0
0
0
-1
-1
0
-1
0
0
-2
-3
0
-1
-1
-1
-1
0
-1
1
-1
0
0
2
1
0
1
1
1
0
0
0
0
1
2
1
0
1
1
-1
0
0
0
-1
-1
1
-2
-1
0
-1
0
-1
0
0
0
0
0
-1
0
1
1
0
0
0
0
0
0
0
-1
0
1
1
0
0
0
2
0
-1
0
0
0
0
2
3
0
-1
0
0
0
-2
-2
-1
-1
0
0
-3
0
1
1
0
0
0
-1
-2
-2
-1
4
0
-2
0
2
3
1
1
0
0
1
-1
0
0
1
1
2
3
1
0
0
0
0
0
-1
-3
-2
-2
-2
-1
-1
0
0
0
0
0
1
0
0
0
0
2
0
0
1
-2
-2
0
-1
-2
0
0
0
-1
0
0
0
0
-1
1
2
0
0
-1
1
0
-1
1
1
2
2
1
1
0
-1
0
0
0
0
0
0
0
1
0
0
0
1
1
-1
-1
0
0
0
0
-2
-1
-1
0
-1
0
-1
0
0
0
0
0
0
0
0
2
1
0
1
-1
-4
-1
0
0
0
2
1
0
-1
1
0
0
1
1
2
1
1
3
4
0
-1
-1
-1
-2
-2
0
-1
-1
-1
0
0
0
0
0
0
0
0
0
1
1
0
-1
-1
-1
0
0
0
0
0
0
-1
-1
-1
0
1
1
3
0
0
1
0
0
-2
-1
0
1
0
1
0
0
0
-2
0
0
-2
-2
-1
0
0
1
3
3
2
0
0
0
-1
0
0
0
0
2
1
0
0
0
0
0
0
0
0
0
-3
0
-1
-2
1
1
1
0
0
0
-1
-1
-1
1
2
0
1
0
-1
1
-1
-1
0
-1
0
0
0
1
2
0
0
1
0
-2
-1
0
1
0
0
0
0
0
-2
0
-1
-1
0
0
0
1
0
1
1
-1
0
0
0
2
2
1
0
0
1
0
0
0
0
-1
0
0
-1
0
-2
-1
0
-1
1
0
-1
-1
0
0
1
1
0
-3
-1
0
0
0
0
2
0
0
-2
-3
-2
0
0
0
1
1
1
0
0
0
0
2
2
1
0
-1
0
1
0
0
1
0
0
0
0
-1
-1
0
0
0
0
0
0
-2
-1
0
0
-1
-2
0
0
0
-2
-1
-1
-2
0
2
0
0
1
2
2
1
0
1
1
1
1
1
1
2
2
0
0
0
0
0
0
-2
0
-1
-3
-2
0
-3
-2
-1
-1
-1
-1
0
0
0
0
0
0
0
3
3
1
3
0
0
0
-2
0
0
1
0
1
3
0
0
-1
-1
0
0
2
0
0
1
0
-2
-1
-1
0
-1
-1
0
0
-2
-1
1
0
-1
1
0
0
0
-1
0
0
0
0
0
-1
2
1
0
0
0
0
3
2
0
0
1
2
1
0
0
0
0
-3
-3
0
0
0
1
2
0
0
0
-2
-1
-2
0
0
0
1
0
1
0
-1
0
0
-1
0
0
-4
0
0
-2
0
-1
0
1
3
2
-1
0
0
0
0
2
2
0
0
2
0
2
2
0
-1
0
0
0
0
0
0
0
0
-1
1
1
0
0
-1
0
0
0
1
0
-3
-1
1
0
0
0
-1
0
0
0
-3
-2
0
-3
-3
0
-1
1
1
0
1
0
1
1
4
3
0
0
0
3
1
-2
-1
-1
1
0
0
0
-1
0
-1
-1
0
0
0
1
3
1
0
-1
-1
0
-2
0
-2
-2
0
0
0
-3
0
0
-2
0
3
1
0
0
0
1
0
0
0
0
0
-1
0
1
0
-1
1
0
0
2
2
0
-1
-2
0
0
0
-1
1
2
0
0
-2
0
0
-1
0
-1
0
1
1
1
0
0
-1
0
0
0
-3
0
0
0
1
0
0
-1
-1
0
-1
-1
0
-1
-1
4
6
1
0
1
0
1
1
0
0
0
4
6
17
4
-11
-11
-28
0
11
-11
6
-10
-3
10
-36
-30
-20
-8
54
41
23
12
-18
14
21
9
2
-11
-10
-4
-2
12
-7
-18
1
-42
-32
17
50
69
34
2
48
-26
6
-76
-490
-222
-143
243
720
310
266
-127
-346
49
1
-18
-57
-325
-184
-84
-56
100
-67
-67
92
147
257
175
-19
-13
-42
-31
82
-30
-45
-40
-71
51
56
4
-12
-51
-65
-65
-63
-38
26
1
10
36
16
71
9
53
26
2
59
-27
56
-3
-95
-11
-50
-7
23
-70
-41
-109
-101
-12
72
136
47
57
16
45
98
63
-7
-40
-71
-55
34
-7
-16
-68
-62
7
10
-23
-56
-11
-4
37
75
27
41
0
-37
56
-12
32
38
-115
-17
-46
17
81
28
23
-60
-51
-22
16
10
41
24
-59
-37
-58
-4
52
57
80
44
-64
-38
-23
-41
77
-34
48
38
-32
14
-77
28
-19
-12
-83
2
42
33
45
-164
73
17
126
105
-104
1
-156
-42
68
-7
173
-75
48
-17
-175
46
-212
173
113
94
88
-186
52
-21
-110
-75
-13
177
23
-47
-67
-87
110
52
12
-39
51
121
-71
-43
-192
42
42
143
156
-338
-20
40
125
-163
-36
125
-38
277
-295
423
-142
-265
129
-385
535
-69
27
4
-379
390
-324
124
32
-432
473
-121
408
-250
-504
210
174
311
-231
-72
-188
49
178
150
224
-297
-381
33
192
299
-21
-340
161
-77
82
155
-146
-100
-328
253
318
-35
-34
-99
144
-205
-41
148
-347
176
-6
393
130
-572
160
-114
375
34
-758
-39
326
485
51
-695
13
374
96
154
-643
394
93
89
-232
-301
113
-100
769
-184
-106
-507
-112
605
-329
-95
122
47
437
60
-362
82
-342
-158
200
294
45
-441
-162
318
322
24
-301
126
362
-51
-157
-188
-526
64
368
156
-144
-237
-64
-2
69
157
484
-78
-38
-292
365
-368
401
-27
-948
688
-212
598
-160
-525
390
-571
519
-522
-90
241
-308
1204
-622
218
-229
113
520
-902
229
-125
328
207
-689
432
-153
148
-64
-395
726
-680
-102
443
323
-273
-332
33
118
369
-689
-13
469
260
85
-472
85
912
-346
-1112
555
-197
-59
357
-411
26
332
-344
742
-422
-609
1202
-678
708
-1045
-732
1148
154
1143
-1624
212
181
-183
1303
-1737
962
-1238
960
798
-1601
1490
-2364
1826
12
-1091
631
-431
688
-626
1136
192
-286
324
-85
-346
577
-1361
365
-40
-1420
821
-238
-607
-166
1398
633
492
582
-55
1335
109
-421
182
-1901
-1107
-523
-821
-901
-962
-339
1260
991
385
1340
671
1943
186
-55
-5
-1126
227
-1508
-492
-739
-346
354
68
310
-73
1198
-207
679
-244
-329
160
-22
34
-167
-650
-455
-1076
-693
532
-801
1770
-321
891
1682
-674
916
-1095
257
-129
417
-664
-322
737
-299
48
-665
14
-276
959
-238
-290
-312
-356
-72
433
168
-381
292
-1311
1186
195
-392
709
-690
518
794
-737
-45
-575
-852
623
144
1092
671
466
-4
255
-1086
-864
-202
-686
367
10
-31
526
373
-570
-117
-850
-976
486
629
1354
1025
316
833
482
59
-350
-1112
-1665
-1277
-1269
-469
15
-271
347
805
1922
1651
433
-224
-322
21
333
-36
-1059
-723
-246
-464
421
977
355
196
277
-63
-153
-572
-662
-174
-254
-379
-304
14
-343
-235
639
814
641
561
259
580
611
-321
-539
-1308
-1193
-730
-310
512
341
134
577
959
779
160
303
77
-147
-98
-507
-617
-599
0
-181
-210
582
-274
300
291
897
619
-582
-419
-834
-342
-985
-526
-606
-23
542
916
1312
675
266
248
-64
-329
-500
-157
1197
266
43
-164
-853
-416
-1305
-477
-43
106
83
-192
733
835
1141
73
202
-191
-453
481
-19
35
-640
-1055
-999
-988
-420
-325
625
-12
853
1362
1323
1549
-412
301
-873
-559
-168
-1085
-226
-268
41
-445
294
-56
-72
110
-38
886
622
654
438
177
-313
-969
-1514
-906
-287
-98
1005
1154
1329
949
-20
106
-1026
-1579
-1169
-212
315
421
191
345
325
-276
741
177
-243
-217
-495
526
-90
53
315
-218
-252
-513
57
127
-88
-330
17
796
973
640
-99
-287
-717
-974
-160
200
-2
-123
-186
105
429
39
-297
-115
-358
20
713
930
883
-6
-323
-221
-249
-286
-578
-214
-529
-733
-619
93
234
130
597
855
810
143
460
201
135
-873
-1060
-147
-312
336
328
565
88
-127
-235
-32
238
-362
-260
-263
747
440
488
699
-567
-727
-503
463
55
-468
-482
-463
104
-61
414
157
113
-294
-305
51
-114
32
-406
135
221
211
325
621
780
463
11
-678
-920
-979
-106
701
493
189
-192
-286
9
232
417
269
2
-488
124
87
-180
272
158
-252
-800
-832
-610
254
517
492
623
227
69
331
608
6
-723
-712
-578
-182
22
418
211
-421
-503
-151
437
837
1064
449
-82
-491
-625
-374
-110
395
396
67
-416
-769
-641
-81
373
242
271
-81
103
-33
262
718
215
-302
-437
-112
-230
157
-175
-264
117
366
767
675
467
-251
-737
-1035
-788
-700
-139
624
481
416
423
543
49
-216
-15
-71
-127
-177
-375
-396
-313
-502
-249
172
618
548
378
318
158
136
213
279
219
-29
-20
-122
-177
-339
-296
-27
-320
-587
-814
-490
-270
-82
245
537
972
855
681
255
338
-28
-480
-200
-431
-464
-670
-770
-323
-36
80
114
253
341
674
675
541
573
446
218
-231
-481
-740
-552
-421
-64
390
453
343
-281
-870
-916
-597
1
414
702
569
472
47
-136
60
170
174
-38
-403
-415
-163
-256
183
61
-67
-73
-446
-285
-41
440
834
977
799
200
-509
-907
-712
-419
-170
213
439
320
199
248
95
-166
-395
-576
-387
-148
-213
66
214
271
114
-103
160
508
869
525
96
-236
-607
-557
-533
-348
-278
-239
-258
110
572
996
1186
659
21
-601
-823
-944
-669
-385
-249
80
233
360
236
191
531
880
479
-85
-404
-763
-684
-603
-413
-12
79
-20
135
551
640
492
325
371
557
168
-346
-539
-529
-657
-335
181
345
314
-70
-50
-98
-81
20
320
437
116
-61
-12
-13
-371
-614
-517
-103
114
241
427
510
203
-133
-49
46
-33
-203
-185
-83
-110
-165
-48
125
130
-117
-420
-554
-558
-307
279
702
622
384
136
236
246
268
491
517
216
-403
-817
-718
-401
-152
276
595
493
174
-32
-237
-481
-475
-159
47
92
133
153
-4
-189
-247
10
370
246
257
72
-171
-353
-531
-257
-110
35
115
126
373
248
11
-20
-77
20
32
125
-93
-212
-52
31
433
450
513
405
-126
-494
-543
-247
13
3
-141
-500
-566
-455
-385
119
590
836
789
446
152
-160
-417
-399
-279
67
325
238
-92
-418
-559
-416
137
593
708
640
50
-468
-717
-515
-44
173
402
265
-121
-290
-231
-159
-10
374
590
440
256
-35
-168
-210
-175
-97
-208
-327
-509
-372
-77
271
539
355
-63
-375
-416
-54
260
323
425
388
226
-87
-241
-383
-425
-67
148
231
369
266
168
20
-117
1
-44
-19
-130
-319
-341
-375
-277
-81
53
95
58
6
166
375
394
355
318
198
-7
-165
-214
-355
-417
-361
-261
-53
173
131
164
324
118
1
110
-32
-11
46
-8
54
117
8
-126
-65
-213
-282
-165
-120
7
119
62
-54
-137
-190
-33
202
412
574
576
415
72
-217
-298
-290
-257
-173
-43
-28
10
52
17
22
-4
-177
-309
-274
-215
-192
49
146
83
127
-73
-170
-119
-186
-61
249
428
725
1052
961
792
791
505
40
-172
-353
-592
-657
-837
-1202
-1494
-1572
-1402
-1601
-1460
-816
-356
149
602
927
1179
1395
1846
2224
2416
2620
2426
2010
1656
1251
795
554
106
-994
-2340
-3719
-4943
-5603
-5252
-3855
-2292
-858
376
1218
1771
1953
2291
2717
2926
2828
2327
1407
362
-572
-1362
-1146
-297
591
1621
2519
3025
3238
2905
2231
1299
22
-1738
-3351
-4719
-5825
-5923
-5148
-3966
-2377
-957
-184
847
1740
2519
3294
3844
4265
4234
3482
1948
204
-1469
-2735
-3194
-3177
-2520
-1282
-59
1156
2113
2818
3382
3955
4229
3903
2807
1039
-1096
-3442
-5377
-6407
-6518
-5725
-4534
-3112
-1625
-195
834
1419
2749
3750
3928
4135
3720
2720
1331
-405
-1532
-2771
-3533
-2966
-1682
39
1670
2986
3873
4795
5129
4740
3889
2453
367
-1860
-3998
-5614
-6332
-6351
-5436
-4027
-2713
-1422
-311
426
1588
2694
3502
4016
4378
4222
2984
1509
-529
-2455
-3421
-3888
-2959
-1402
18
2024
3048
3647
4309
3959
3876
3477
2416
813
-1333
-3424
-5292
-6588
-6866
-6177
-4917
-3530
-2092
-602
592
1770
2994
3901
4490
4607
4290
3532
2009
191
-1688
-3349
-4230
-3946
-2505
-651
1568
3293
4441
5261
5202
4890
4013
2822
1341
-715
-2821
-4914
-6484
-7065
-6674
-5827
-4311
-2755
-1187
145
1366
2516
3266
4080
4405
4394
4067
3051
1481
-520
-2267
-3472
-3955
-3398
-1590
571
2466
4083
5133
5251
4895
4155
2685
953
-1084
-3206
-5004
-6359
-7114
-6774
-5705
-4245
-2448
-779
615
1760
2445
3010
3310
3740
3898
3592
2783
1390
-471
-2365
-3799
-4529
-4304
-2845
-514
1865
3879
5576
6273
6006
5311
3716
2179
277
-1757
-3577
-5297
-6227
-6562
-6349
-5289
-4230
-2713
-1195
107
1394
2332
3112
3716
4224
4446
3923
2856
1315
-562
-2489
-3865
-4365
-3768
-2011
57
2377
4162
5405
5857
5449
4365
2955
1085
-876
-2806
-4395
-5409
-6033
-6053
-5641
-4655
-3320
-1939
-500
1228
2540
3602
4349
4775
4740
4071
2994
1394
-626
-2499
-4129
-5080
-4974
-3750
-1807
616
2929
4756
5806
6016
5429
4212
2662
701
-1108
-2878
-4560
-5620
-6050
-6005
-5266
-4212
-2628
-1051
427
1696
2480
3152
3692
4095
4408
3970
2720
1211
-579
-2315
-3639
-4124
-3634
-2187
-133
1996
3983
5400
5869
5655
4426
2778
910
-1188
-3162
-4775
-5816
-6137
-5863
-4810
-3543
-2400
-1034
229
1620
2791
3650
4341
4793
4744
4267
3354
1905
125
-1574
-3201
-4350
-4486
-3770
-2247
-268
1712
3541
4708
5141
4935
4035
2669
957
-899
-2818
-4275
-5316
-5905
-5911
-5437
-4434
-3010
-1691
-328
1090
2285
3268
4047
4626
4832
4515
3534
2140
479
-1256
-2845
-3902
-4052
-3202
-1547
442
2292
4045
5174
5283
4828
3799
2354
550
-1258
-2891
-4332
-5411
-5927
-6014
-5554
-4707
-3554
-1972
-184
1440
2878
4037
4701
5019
4869
4117
2982
1352
-507
-2267
-3739
-4705
-4667
-3478
-1585
666
2839
4752
6003
6093
5529
4254
2370
290
-1821
-3785
-5229
-6161
-6515
-6282
-5462
-4250
-2805
-1334
180
1621
2759
3617
4224
4463
4332
3840
2860
1416
-223
-1847
-3315
-4280
-4330
-3409
-1597
570
2672
4473
5552
5745
5191
3944
2266
396
-1562
-3296
-4625
-5544
-6026
-5942
-5440
-4530
-3273
-1857
-258
1282
2593
3671
4218
4388
4300
3787
2884
1595
55
-1480
-2896
-3953
-4246
-3526
-1964
15
2117
4013
5329
5731
5283
4138
2510
692
-1219
-2923
-4325
-5385
-5964
-5995
-5630
-4849
-3768
-2523
-1149
287
1589
2659
3593
4336
4683
4562
3979
2895
1427
-237
-1943
-3272
-3937
-3716
-2458
-627
1368
3362
4942
5712
5674
4861
3388
1626
-406
-2338
-3982
-5314
-6133
-6373
-6114
-5323
-4161
-2701
-1090
478
1976
3139
3924
4412
4555
4354
3633
2505
1140
-317
-1798
-2978
-3570
-3467
-2365
-565
1362
3262
4904
5648
5513
4763
3223
1475
-345
-2172
-3749
-4825
-5482
-5615
-5308
-4675
-3659
-2593
-1510
-345
793
1713
2459
3077
3586
3945
3927
3417
2468
1229
-319
-1870
-3019
-3538
-3148
-1978
-399
1376
3024
4193
4680
4491
3548
2217
709
-934
-2412
-3629
-4510
-4983
-4991
-4721
-4094
-3163
-2101
-943
265
1417
2319
3014
3505
3744
3714
3284
2460
1286
-95
-1496
-2573
-3063
-2714
-1591
45
1872
3556
4829
5315
5093
4160
2627
954
-851
-2569
-4024
-5088
-5694
-5756
-5415
-4598
-3573
-2336
-1008
284
1470
2395
3104
3566
3798
3762
3382
2629
1633
388
-864
-2036
-2891
-3121
-2489
-1181
479
2260
3788
4734
4964
4605
3592
2215
577
-1165
-2828
-4288
-5380
-5998
-6006
-5635
-4737
-3508
-2130
-647
748
2008
2989
3567
3857
3887
3619
3083
2333
1309
162
-1002
-2034
-2623
-2510
-1654
-284
1288
2753
3958
4516
4352
3778
2644
1348
-147
-1766
-3200
-4374
-5226
-5656
-5625
-5223
-4345
-3250
-1959
-583
816
2090
3026
3655
3958
3980
3701
2949
1944
764
-473
-1749
-2773
-3247
-2991
-1850
-231
1606
3300
4642
5309
5169
4438
3098
1542
-322
-2193
-3836
-5148
-6006
-6211
-6007
-5385
-4263
-2988
-1637
-250
1138
2311
3212
3839
4188
4277
3921
3198
2200
868
-559
-1888
-2796
-3174
-2635
-1279
421
2239
3828
4895
5115
4712
3596
2075
464
-1277
-2697
-3988
-4939
-5420
-5395
-5024
-4284
-3260
-2112
-884
321
1502
2553
3344
3824
4103
4073
3595
2787
1600
267
-1170
-2486
-3325
-3514
-2879
-1540
254
2075
3782
4938
5347
5033
4001
2673
945
-916
-2663
-4262
-5376
-6156
-6352
-5975
-5116
-3776
-2239
-706
742
2047
3007
3578
3868
3890
3654
3046
2152
1041
-307
-1679
-2779
-3393
-3257
-2194
-531
1442
3315
4820
5631
5531
4841
3445
1872
164
-1506
-2972
-4129
-4993
-5508
-5545
-5287
-4647
-3708
-2452
-1135
188
1377
2370
3179
3731
4003
3857
3339
2556
1457
238
-958
-1999
-2511
-2310
-1482
-120
1358
2762
3856
4249
4222
3542
2479
1283
-339
-1906
-3359
-4547
-5368
-5581
-5360
-4705
-3681
-2452
-1111
107
1344
2355
3069
3511
3767
3747
3442
2756
1720
516
-888
-2170
-3046
-3326
-2808
-1545
187
1989
3592
4682
5035
4812
3975
2741
1247
-536
-2294
-3820
-4945
-5571
-5614
-5208
-4360
-3210
-1905
-664
559
1606
2281
2749
2993
2980
2716
2295
1637
767
-257
-1351
-2266
-2863
-2815
-2055
-739
875
2524
4011
4976
5236
4854
3751
2238
415
-1528
-3349
-4832
-5818
-6281
-6147
-5507
-4431
-3136
-1684
-216
1090
2279
3132
3674
3922
3907
3644
3045
2157
1010
-271
-1625
-2835
-3608
-3602
-2809
-1318
561
2503
4113
5155
5432
5017
3975
2500
702
-1237
-3061
-4580
-5611
-6059
-5953
-5445
-4470
-3236
-1776
-344
1031
2210
3023
3518
3649
3517
3058
2393
1574
566
-605
-1780
-2667
-3088
-2749
-1641
-52
1676
3304
4569
5134
5028
4334
2998
1397
-425
-2266
-3835
-4986
-5695
-5851
-5492
-4791
-3652
-2415
-1077
252
1435
2421
3071
3372
3311
3084
2588
1930
1144
161
-787
-1745
-2432
-2670
-2244
-1115
437
2019
3401
4477
4886
4772
4167
3005
1697
68
-1660
-3274
-4615
-5630
-6081
-5978
-5469
-4344
-3038
-1533
-33
1265
2311
2959
3255
3282
3233
2917
2467
1756
766
-400
-1698
-2655
-3063
-2661
-1518
165
1910
3461
4569
4943
4764
3962
2617
1101
-635
-2417
-4002
-5241
-6020
-6148
-5717
-4806
-3442
-1920
-355
1082
2273
3045
3410
3443
3201
2926
2497
1899
1197
201
-837
-1955
-2870
-3130
-2645
-1369
436
2228
3621
4605
4820
4430
3554
2168
719
-897
-2440
-3847
-4944
-5673
-5843
-5499
-4758
-3497
-2147
-675
688
1857
2719
3179
3307
3176
2961
2531
2016
1205
170
-944
-2218
-3014
-3187
-2477
-967
870
2600
3908
4701
4765
4366
3609
2412
1086
-443
-2036
-3453
-4551
-5292
-5498
-5239
-4550
-3446
-2155
-776
578
1806
2693
3231
3541
3544
3415
3056
2413
1530
355
-1051
-2461
-3394
-3587
-2839
-1324
467
2162
3482
4356
4497
4259
3577
2490
1303
-400
-2137
-3824
-5213
-6100
-6301
-5814
-4791
-3341
-1706
-151
1175
2213
2786
3173
3338
3417
3469
3173
2629
1628
233
-1343
-2793
-3699
-3714
-2661
-945
1062
2938
4257
4957
4876
4296
3293
2017
679
-797
-2199
-3443
-4475
-5225
-5333
-5020
-4130
-2936
-1605
-219
917
1838
2370
2657
2734
2832
2757
2555
2040
1099
-63
-1473
-2602
-3129
-2782
-1550
81
1797
3191
4003
4296
4000
3404
2333
1102
-316
-1864
-3260
-4420
-5048
-5223
-4815
-4001
-2806
-1483
-182
941
1729
2255
2449
2489
2461
2403
2231
1914
1269
238
-1019
-2271
-3096
-3118
-2261
-659
1244
2875
3963
4523
4533
4095
3439
2361
1106
-386
-1914
-3471
-4720
-5475
-5691
-5210
-4373
-3058
-1696
-225
1076
1998
2553
2758
2902
2992
2941
2647
2099
1010
-239
-1701
-2922
-3394
-3008
-1575
322
2146
3558
4340
4583
4076
3275
2234
992
-254
-1733
-3108
-4247
-5004
-5289
-4843
-3960
-2601
-1084
271
1325
1944
2177
2098
1962
1841
1955
1928
1661
1091
-17
-1280
-2520
-3315
-3187
-2093
-323
1636
3203
4178
4586
4382
3820
3184
2137
899
-612
-2389
-4116
-5351
-5997
-5913
-5022
-3697
-2031
-493
637
1328
1792
2034
2244
2574
3054
3301
2920
1953
341
-1589
-3402
-4574
-4628
-3431
-1307
1168
3274
4700
5393
5501
5007
4221
3166
1738
44
-1924
-4036
-5867
-7021
-7403
-6823
-5477
-3586
-1526
354
1798
2746
3283
3412
3431
3504
3528
3078
2064
397
-1608
-3527
-4708
-4580
-3333
-1149
1256
3225
4450
5053
5072
4443
3634
2497
1145
-449
-2302
-4238
-5839
-6698
-6622
-5480
-3771
-1804
-131
1217
2055
2569
2914
3135
3413
3527
3555
2973
1615
-324
-2533
-4403
-5479
-5253
-3701
-1170
1456
3591
4869
5458
5761
5501
5080
4150
2673
504
-2088
-4762
-6906
-7919
-7743
-6329
-4414
-2377
-676
635
1449
2058
2635
3262
3871
4319
4144
3103
1424
-853
-2986
-4413
-4754
-3959
-2109
162
2052
3380
3879
3978
4006
3819
3615
2778
1175
-1392
-4144
-6555
-7894
-7520
-5846
-3212
-640
1205
2062
2366
2416
2454
2613
2853
3048
2954
2031
403
-1466
-3359
-4423
-4510
-3466
-1723
456
2278
3357
3847
3881
4202
4528
4774
4256
2775
202
-2781
-5538
-7325
-7514
-6403
-4611
-2800
-1222
-404
412
1048
2014
3138
4113
4641
4730
3992
2189
238
-2219
-3986
-4949
-4695
-3362
-1185
954
2690
3826
4413
5213
5398
5370
4401
2454
-497
-3529
-6274
-7958
-8045
-7098
-5169
-3343
-1571
-271
1095
2497
4021
5134
5437
5039
3985
2304
134
-1972
-3986
-5314
-5876
-5002
-3007
-39
2781
4828
5937
6426
6753
6249
5590
3701
1077
-2314
-5600
-7917
-8741
-8060
-6385
-4236
-2449
-671
643
2213
3763
5350
5931
5579
4420
2723
500
-1624
-3613
-5366
-6367
-6386
-4674
-1882
1473
4329
6047
6808
7419
7113
6629
5469
2884
-463
-4268
-7183
-8901
-8766
-7659
-5732
-4052
-2663
-1357
218
2379
4775
6662
7053
6114
4330
2316
3
-2021
-4230
-5915
-6693
-5910
-3758
-378
2978
5351
6510
7034
7229
6680
5925
3648
316
-3925
-7363
-9560
-9818
-8594
-6724
-4800
-3067
-1008
1205
3812
6093
7485
7382
6286
4781
2836
542
-2080
-5026
-7389
-8325
-7219
-4340
-580
2746
4988
6148
7273
8246
8005
6922
4008
-111
-4525
-7752
-9217
-8961
-7626
-6292
-4897
-3314
-985
1971
5100
7241
7739
6837
5260
4023
2397
294
-2608
-6008
-8361
-8807
-6699
-3199
551
3332
5052
6182
7822
8673
8177
5958
1845
-2657
-6327
-7843
-8275
-7700
-7262
-6424
-4921
-2133
1260
4320
6354
6852
6331
5437
5145
4234
1843
-1633
-5585
-8460
-9249
-7706
-4874
-1540
1326
3681
5900
8444
10253
9738
7675
3765
-235
-3692
-5870
-7538
-8625
-9082
-8620
-6683
-3708
-309
2408
4673
5998
7043
7366
7084
5618
2611
-1184
-4718
-7059
-8294
-8021
-6667
-4007
-732
2711
5809
8344
10104
9476
7993
5183
1918
-1816
-5115
-7564
-9233
-9395
-8780
-6734
-4575
-1827
805
3650
6080
7373
7642
6735
5415
3040
197
-2644
-5302
-7116
-7492
-6281
-3791
-389
2744
5201
7122
9041
9011
7556
5164
1711
-1588
-4793
-6882
-8632
-9121
-8705
-7319
-5006
-2408
253
2791
5382
7018
7795
7454
6304
4143
968
-1839
-4583
-6797
-7681
-7237
-5244
-2202
952
3623
6025
8499
9040
7925
6080
3080
24
-2988
-5314
-7624
-8695
-8522
-7146
-4894
-2466
1
2135
4500
6054
6895
6639
5739
4045
1085
-1857
-4499
-6412
-6957
-6102
-4236
-1886
867
3483
6046
8496
8909
7617
5377
2762
-131
-2988
-5381
-7807
-8822
-8318
-6916
-5046
-2655
-109
2261
4562
6096
6697
6405
5961
4135
1314
-1233
-3868
-5506
-6129
-5685
-4414
-2419
31
2135
4702
7012
7158
6294
4706
2509
181
-2228
-4281
-6291
-6881
-6420
-5590
-4386
-2525
-411
1468
3498
4709
5230
5108
4863
3577
967
-1050
-3029
-4403
-4862
-4371
-3113
-1156
1096
2784
5192
6503
5898
4864
3123
1206
-1275
-3382
-5000
-6018
-5955
-5433
-4408
-3201
-1286
633
2326
3857
4522
4884
4755
4059
2138
-4
-1656
-3197
-4117
-4329
-3503
-2070
-316
1411
3169
5114
5402
4709
3654
2355
495
-1762
-3244
-4459
-4992
-4948
-4537
-3732
-2522
-821
711
1954
2925
3641
3970
3757
2741
1047
-236
-1247
-2249
-2839
-2713
-2055
-1002
77
1132
2859
3937
3593
3119
2649
1793
278
-1201
-2308
-3204
-3618
-3748
-3528
-2922
-1978
-825
273
1308
2086
2806
3041
2745
1756
558
-108
-1114
-2079
-2475
-2102
-1294
-599
227
1335
2815
3193
2658
2457
2126
1352
-23
-1089
-1774
-2403
-2834
-3230
-3263
-2577
-1763
-1077
-155
688
1478
1917
2009
1889
1192
628
222
-432
-990
-1097
-781
-339
-9
337
905
1602
2156
2078
1847
1801
1460
828
-185
-936
-1253
-1737
-2243
-2584
-2348
-1903
-1562
-1078
-691
-110
424
598
681
642
614
519
267
55
-148
-142
53
196
370
604
987
1374
1565
1720
1699
1540
1231
721
198
-343
-786
-1190
-1616
-1846
-1881
-1778
-1637
-1448
-1122
-755
-402
-122
50
171
195
84
-66
-155
-207
-131
15
168
531
947
1253
1528
1775
1928
1923
1712
1373
1036
639
158
-418
-943
-1288
-1509
-1656
-1741
-1648
-1393
-1119
-855
-608
-349
-105
23
21
-2
-27
-63
-122
-181
-131
61
314
595
913
1255
1548
1712
1735
1656
1556
1315
941
560
179
-184
-561
-921
-1202
-1382
-1481
-1578
-1528
-1352
-1184
-967
-745
-518
-256
-77
-12
90
165
162
168
214
364
490
597
767
926
1075
1179
1236
1259
1200
1114
1051
917
694
481
243
-22
-302
-654
-958
-1160
-1348
-1519
-1562
-1512
-1418
-1278
-1102
-886
-620
-333
-140
0
148
248
314
374
448
596
779
913
1046
1164
1251
1277
1213
1128
1030
911
799
668
488
290
32
-277
-630
-994
-1310
-1548
-1704
-1736
-1650
-1475
-1229
-966
-685
-431
-250
-121
-37
22
65
126
264
448
623
811
1004
1168
1286
1328
1314
1274
1201
1091
938
750
550
290
-9
-296
-600
-879
-1116
-1330
-1452
-1475
-1461
-1390
-1223
-999
-784
-604
-408
-235
-158
-104
-40
-6
83
206
325
534
766
933
1066
1199
1274
1246
1185
1089
912
745
536
274
27
-231
-493
-740
-948
-1114
-1231
-1252
-1206
-1117
-976
-825
-668
-525
-415
-315
-256
-188
-73
64
264
500
714
934
1167
1323
1361
1342
1280
1116
892
668
391
98
-154
-396
-622
-803
-922
-993
-1049
-1061
-1018
-929
-815
-705
-572
-443
-346
-278
-228
-184
-131
-27
115
293
517
716
890
1039
1108
1116
1034
880
687
436
198
4
-167
-312
-420
-490
-547
-594
-634
-655
-627
-592
-578
-561
-535
-502
-476
-450
-413
-336
-202
-37
166
381
567
726
856
951
969
922
823
678
507
278
37
-151
-327
-410
-440
-443
-414
-465
-507
-570
-738
-826
-877
-871
-765
-672
-400
-160
39
325
442
895
877
374
640
306
331
843
648
1140
1148
686
803
262
-55
-67
-507
-566
-678
-992
-1023
-1308
-1523
-1577
-1677
-1421
-1076
-744
-116
519
1002
1540
1911
2068
2165
1971
1728
1405
930
537
19
-472
-929
-1342
-1649
-1752
-1735
-1647
-1407
-1243
-931
-669
-543
-259
-63
185
485
859
1248
1509
1781
1886
1969
1954
1673
1325
890
332
-259
-875
-1436
-1903
-2218
-2324
-2356
-2089
-1620
-1229
-664
-191
163
580
760
972
1159
1182
1223
1256
1197
1155
1018
773
668
438
212
149
-30
-129
-276
-538
-674
-874
-992
-1041
-1096
-975
-822
-706
-476
-311
-198
-18
-8
153
371
520
798
988
1299
1627
1618
1606
1282
833
366
-333
-902
-1311
-1682
-1845
-1899
-1741
-1405
-1115
-747
-331
-13
336
569
755
992
1048
1063
1080
995
932
847
680
555
406
188
101
-51
-199
-277
-377
-444
-424
-437
-444
-451
-543
-534
-505
-479
-439
-419
-325
-284
-243
-102
57
251
425
609
979
1255
1359
1404
1218
949
470
-171
-720
-1160
-1621
-1827
-1901
-1739
-1402
-1084
-702
-245
149
484
768
952
1095
1165
1157
1138
1040
878
695
533
333
181
91
-57
-131
-200
-328
-405
-492
-627
-721
-757
-756
-753
-728
-642
-543
-471
-427
-359
-265
-111
94
338
624
969
1354
1693
1833
1860
1648
1283
765
6
-674
-1225
-1666
-1925
-2017
-1863
-1528
-1149
-739
-314
39
355
558
715
854
901
941
967
944
894
813
697
584
443
248
89
-64
-199
-321
-446
-554
-620
-663
-684
-708
-662
-551
-478
-373
-289
-262
-115
-52
12
179
305
443
580
723
1016
1131
1157
1119
889
646
193
-343
-701
-1113
-1444
-1577
-1599
-1378
-1169
-893
-490
-156
155
396
567
760
841
884
912
898
898
864
736
594
414
239
89
-48
-150
-210
-249
-247
-246
-279
-338
-413
-483
-546
-631
-711
-773
-819
-811
-766
-735
-579
-325
1
411
822
1300
1812
2109
2241
2114
1759
1240
522
-241
-916
-1516
-1928
-2135
-2135
-1972
-1706
-1367
-965
-570
-214
118
416
692
935
1104
1238
1343
1351
1272
1104
910
657
386
155
-64
-251
-409
-556
-661
-737
-799
-836
-836
-784
-698
-576
-440
-279
-119
6
108
189
258
283
329
417
489
552
691
873
963
1019
957
756
442
-24
-516
-947
-1322
-1557
-1642
-1542
-1325
-1077
-730
-365
-64
216
411
570
748
822
853
858
796
724
622
499
392
292
337
453
485
569
528
399
193
-256
-737
-1118
-1495
-1711
-1776
-1655
-1354
-1037
-655
-207
123
399
583
681
801
791
743
713
630
571
542
470
496
661
930
1151
1281
1291
1162
802
269
-346
-940
-1446
-1831
-1993
-1935
-1681
-1336
-930
-512
-117
135
288
434
497
547
570
530
494
460
370
275
226
233
243
304
528
794
938
1086
1060
895
614
142
-351
-732
-1106
-1382
-1496
-1458
-1316
-1128
-857
-583
-331
-108
51
119
212
255
205
163
148
167
272
408
625
954
1344
1600
1769
1754
1518
1090
479
-216
-856
-1388
-1778
-1966
-1942
-1778
-1548
-1201
-865
-533
-250
-49
116
248
357
426
441
447
430
356
305
290
301
331
493
864
1131
1343
1504
1420
1188
755
125
-493
-1052
-1555
-1878
-2006
-1865
-1631
-1322
-908
-557
-233
55
194
290
397
410
405
402
393
381
379
451
546
687
991
1318
1546
1776
1825
1611
1302
727
24
-627
-1256
-1737
-1969
-2039
-1886
-1646
-1355
-952
-627
-324
-65
77
225
354
384
382
363
315
266
240
341
477
645
985
1384
1672
1900
1907
1663
1282
674
-63
-746
-1335
-1807
-2106
-2160
-2031
-1864
-1532
-1121
-770
-393
-98
103
306
478
505
453
396
290
192
142
184
309
479
784
1252
1624
1853
1921
1726
1374
781
70
-611
-1213
-1648
-1936
-2057
-1945
-1740
-1498
-1160
-820
-508
-239
-54
187
439
522
501
452
313
113
-126
-288
-221
-87
122
509
1055
1577
1878
2008
1957
1589
993
291
-443
-1021
-1468
-1787
-1870
-1719
-1521
-1302
-1057
-799
-602
-443
-287
-75
212
467
623
671
616
452
173
-92
-175
-114
16
278
762
1382
1862
2128
2222
2009
1508
776
-43
-760
-1332
-1790
-2024
-2057
-1876
-1626
-1447
-1161
-837
-657
-467
-172
156
520
791
956
987
856
681
411
190
192
316
481
780
1219
1734
2007
2042
1979
1618
1042
344
-447
-1100
-1605
-2020
-2132
-2070
-1916
-1719
-1592
-1370
-1092
-923
-757
-496
-163
174
447
678
762
696
595
418
289
348
541
817
1172
1646
2201
2505
2558
2496
2130
1441
608
-247
-1057
-1718
-2222
-2539
-2648
-2537
-2391
-2251
-1964
-1637
-1400
-1118
-763
-405
48
490
752
911
1029
1010
829
651
579
655
900
1212
1577
2145
2641
2746
2716
2495
1829
922
32
-859
-1609
-2098
-2357
-2447
-2341
-2129
-2039
-1870
-1603
-1455
-1275
-906
-554
-95
491
938
1199
1362
1342
1091
810
605
491
586
894
1188
1575
2178
2476
2345
2202
1797
960
91
-688
-1439
-1996
-2315
-2504
-2585
-2359
-2145
-2069
-1753
-1420
-1257
-959
-601
-300
150
609
833
949
1017
876
614
462
377
366
662
1055
1337
1758
2266
2364
2264
2117
1651
915
193
-483
-1205
-1766
-2094
-2307
-2388
-2237
-2145
-1956
-1685
-1596
-1403
-1144
-915
-545
-70
378
765
906
988
1046
819
673
739
809
1159
1605
1830
2287
2955
2738
2578
2530
1666
790
-9
-1033
-1767
-2414
-2977
-2911
-3003
-2992
-2491
-2132
-1846
-1174
-622
-79
518
879
1463
1694
1276
1264
726
-17
-265
-767
-793
-397
-97
591
1239
2343
2537
2887
3011
2193
1713
332
-526
-1388
-2737
-3002
-3201
-3383
-2901
-2531
-1741
-1129
-525
399
768
1470
1826
1703
1744
1281
968
469
209
92
169
536
1005
1352
2507
2852
2754
3394
2355
1853
366
-773
-1638
-3402
-3557
-3960
-4236
-3495
-3204
-2398
-1414
-695
128
679
1505
1773
1649
1878
1480
1030
569
274
134
32
477
781
1324
2016
2940
2836
3321
2931
2046
1340
-309
-1126
-2639
-3591
-4260
-4594
-4322
-4243
-3340
-2393
-1776
-616
30
777
1432
1436
1839
1545
1224
816
514
387
71
582
736
1126
1631
2595
2992
3144
3732
2714
2442
952
-20
-1355
-2757
-3278
-4273
-4078
-4262
-3824
-2989
-2490
-1506
-679
106
960
1444
1847
1968
1697
1380
708
481
31
-39
258
479
1044
1391
2511
2485
2970
3088
2283
1881
313
-286
-1798
-2710
-3569
-3998
-4022
-4018
-3333
-2726
-1987
-1097
-365
479
1243
1687
2268
2232
2069
1747
1138
859
278
209
133
281
740
901
2336
2127
2942
2940
2367
2003
382
-142
-1817
-2619
-3499
-3925
-3939
-3972
-3325
-2745
-1997
-1057
-259
576
1177
1964
2074
2361
2020
1639
1111
557
247
-68
174
331
753
1170
2227
2185
2700
2641
2154
1502
97
-479
-2148
-2872
-3759
-4206
-4264
-4268
-3579
-3217
-2383
-1520
-829
-23
704
1321
1590
1974
1717
1570
1116
866
631
573
764
1066
1540
1757
2901
2898
3178
3212
2536
1839
450
-283
-1943
-2742
-3612
-4184
-4310
-4287
-3757
-3206
-2451
-1497
-626
136
916
1653
1884
2182
1981
1647
1131
778
388
202
287
346
885
942
1927
2276
2415
2991
2301
2184
859
279
-1105
-2254
-2960
-3773
-3884
-4143
-3598
-3247
-2655
-1818
-1132
-377
273
1143
1565
1891
2127
1911
1513
1026
685
282
184
196
613
794
1259
2398
2227
3002
2819
2302
1630
408
-374
-1957
-2575
-3809
-3967
-4438
-4286
-3663
-3406
-2321
-1724
-677
-20
870
1801
2024
2664
2536
2405
1918
1568
1111
767
749
825
1177
1216
1934
2496
2288
2978
2473
2035
1129
112
-947
-2234
-3035
-3952
-4234
-4737
-4312
-4166
-3536
-2735
-1971
-768
-295
936
1555
1985
2392
2424
2091
1729
1399
896
672
555
866
1167
1383
2123
2738
2721
3239
2814
2245
1283
265
-728
-2089
-2711
-3595
-3749
-4027
-3629
-3236
-2831
-1940
-1519
-741
-416
282
792
1059
1361
1449
1177
904
637
336
223
253
606
1010
1518
1971
2882
2878
3224
3165
2331
1770
576
-286
-1728
-2402
-3341
-3542
-3880
-3713
-3382
-3223
-2495
-2082
-1365
-953
-219
386
1027
1413
1869
1856
1713
1537
1126
875
591
695
751
1229
1361
2074
2643
2557
3195
2553
2286
1208
446
-793
-1820
-2583
-3334
-3520
-3794
-3196
-3192
-2377
-1980
-1179
-755
-158
393
814
1319
1367
1766
1317
1318
908
548
276
104
208
333
791
868
1895
2162
2444
2890
2358
2100
961
279
-1080
-1962
-2888
-3280
-3710
-3528
-3278
-2935
-2240
-1856
-1026
-712
-19
336
1015
1393
1794
2004
1938
1817
1381
1026
455
259
124
323
695
983
1877
2379
2622
3077
2621
2157
1091
266
-1052
-1880
-2724
-3157
-3476
-3389
-3169
-2910
-2400
-1961
-1412
-1021
-281
82
711
1273
1698
1921
2007
1850
1448
1022
577
165
24
152
481
787
1437
2205
2244
2894
2496
2304
1325
524
-470
-1643
-2382
-3148
-3480
-3683
-3448
-3243
-2792
-2214
-1566
-1133
-313
189
682
1127
1735
1910
2108
2171
1738
1449
852
431
-167
-120
-269
116
283
956
1781
1763
2631
2333
2197
1431
746
-239
-1377
-2079
-2894
-3178
-3479
-3169
-3073
-2627
-2176
-1691
-1218
-729
-60
252
884
1463
1849
2164
2233
2042
1603
1085
477
-106
-326
-558
-327
-87
403
1353
1664
2329
2522
2361
1853
1081
256
-967
-1643
-2700
-3036
-3448
-3366
-3201
-2908
-2421
-2008
-1456
-1099
-477
-95
478
978
1525
1881
2117
2238
1957
1612
1057
517
136
-124
-77
198
471
1248
1868
2186
2687
2509
2154
1301
577
-647
-1552
-2448
-2983
-3381
-3609
-3328
-3284
-2735
-2350
-1825
-1280
-720
-255
317
744
1375
1757
1991
2284
2023
1848
1326
816
326
-18
-236
-106
82
363
1086
1561
1954
2394
2329
1982
1266
601
-646
-1466
-2406
-2932
-3402
-3237
-3175
-2824
-2232
-1834
-1087
-767
-153
77
538
772
1236
1497
1678
1897
1714
1524
1141
755
204
-12
-254
-248
-96
86
636
1231
1446
2091
1946
1817
1290
761
-146
-894
-1691
-2189
-2627
-2793
-2617
-2563
-2142
-1827
-1348
-1034
-569
-258
163
451
876
1339
1636
1946
2051
1825
1461
986
380
-76
-357
-529
-364
-134
193
1076
1330
2009
2197
2093
1693
1015
303
-725
-1492
-2214
-2652
-2984
-2780
-2779
-2288
-1992
-1481
-1066
-608
-181
223
631
993
1421
1692
1968
2079
2013
1680
1268
691
77
-390
-725
-887
-719
-519
-25
798
1093
1867
2104
2173
1830
1292
574
-486
-1204
-2052
-2472
-2841
-2757
-2624
-2337
-1861
-1376
-963
-512
-112
213
543
963
1326
1717
1995
2214
2186
1938
1633
995
371
-240
-713
-1061
-1093
-844
-638
202
759
1269
1926
1902
1868
1223
733
-358
-1151
-1933
-2564
-2960
-2983
-2834
-2730
-2126
-1783
-1214
-876
-353
-50
356
837
1115
1542
1867
2180
2206
2242
1973
1455
939
317
-323
-747
-995
-983
-762
-521
351
807
1318
1959
1813
1792
1142
651
-478
-1133
-2035
-2529
-2957
-2938
-2821
-2604
-2042
-1705
-1101
-824
-232
74
593
1035
1520
1857
2231
2537
2516
2500
2221
1638
1111
427
-259
-724
-1076
-1152
-960
-706
-205
655
916
1682
1826
1782
1453
968
172
-590
-1438
-2002
-2497
-2760
-2613
-2677
-2219
-1982
-1467
-1263
-788
-504
-109
359
803
1258
1678
2071
2328
2470
2421
2124
1669
1044
289
-310
-1000
-1229
-1416
-1122
-921
-246
571
880
1731
1805
1777
1358
884
-36
-789
-1507
-2061
-2407
-2497
-2429
-2264
-1891
-1566
-1126
-860
-429
-171
241
517
941
1272
1553
1877
2141
2325
2285
2232
1763
1249
503
-207
-950
-1409
-1719
-1711
-1413
-1130
-105
444
1167
1845
1835
1840
1164
731
-329
-943
-1577
-1994
-2247
-2202
-2013
-1918
-1469
-1201
-855
-688
-263
-127
191
503
803
1104
1310
1618
1705
1932
1924
1876
1652
1240
729
86
-561
-1156
-1596
-1795
-1662
-1422
-917
134
499
1438
1790
1900
1588
1155
547
-483
-930
-1648
-1942
-2278
-2021
-2045
-1693
-1405
-996
-808
-455
-80
58
405
622
984
1067
1431
1641
1639
1881
1938
1778
1706
1348
840
236
-387
-1058
-1611
-1911
-2045
-1834
-1511
-943
120
494
1473
1866
1823
1800
1180
691
-279
-694
-1477
-1709
-1993
-1810
-1850
-1570
-1242
-1082
-690
-467
-97
161
535
803
1182
1388
1671
1795
1920
1804
1748
1638
1329
994
648
16
-559
-1153
-1673
-2134
-2281
-2170
-1905
-1374
-711
346
753
1700
1997
2106
1789
1312
654
-204
-856
-1433
-1706
-1951
-1707
-1698
-1279
-1157
-698
-570
-281
-89
74
293
548
867
1028
1436
1628
1774
1858
1901
1678
1588
1295
972
462
-14
-683
-1281
-1871
-2332
-2589
-2588
-2416
-1814
-1324
-381
548
1065
2052
2136
2397
1928
1705
851
186
-447
-980
-1385
-1527
-1467
-1539
-1272
-1162
-864
-895
-458
-451
-162
107
453
738
1040
1385
1542
1659
1665
1627
1378
1148
915
584
168
-63
-482
-943
-1214
-1579
-1828
-1929
-1860
-1653
-1283
-661
-152
790
1277
1893
2241
2168
2023
1470
920
112
-473
-1133
-1413
-1751
-1654
-1623
-1381
-1189
-873
-705
-543
-242
-181
86
283
596
802
1097
1291
1413
1446
1471
1348
1196
997
781
505
190
-100
-600
-1012
-1475
-1863
-2192
-2240
-2197
-1906
-1416
-751
-92
707
1581
2039
2601
2719
2577
2153
1536
872
0
-626
-1161
-1609
-1837
-1776
-1813
-1628
-1405
-1186
-1054
-779
-526
-335
13
346
707
981
1357
1527
1612
1645
1539
1363
1090
892
585
344
97
-155
-442
-784
-1034
-1400
-1609
-1785
-1796
-1767
-1500
-1213
-795
-242
243
808
1451
1841
2232
2434
2342
2093
1619
1067
261
-351
-988
-1430
-1747
-1812
-1828
-1705
-1497
-1244
-1022
-769
-471
-253
33
342
629
870
1149
1349
1483
1544
1580
1445
1268
1009
743
321
46
-257
-626
-847
-1130
-1338
-1576
-1602
-1674
-1605
-1371
-1147
-766
-289
228
673
1190
1763
1961
2297
2307
2113
1627
1176
425
-357
-957
-1573
-1989
-2279
-2263
-2294
-2010
-1721
-1293
-904
-389
54
488
928
1223
1545
1681
1827
1813
1735
1525
1293
951
579
249
-101
-405
-624
-777
-871
-901
-944
-893
-1009
-1041
-1106
-1190
-1160
-1105
-869
-647
-244
154
616
1049
1453
1905
2042
2259
2150
1914
1445
891
213
-508
-1113
-1682
-2036
-2317
-2305
-2291
-2036
-1791
-1393
-1059
-689
-248
81
509
884
1284
1510
1802
1911
1909
1863
1681
1433
1079
766
374
8
-339
-633
-915
-1115
-1236
-1289
-1286
-1266
-1166
-1137
-1033
-973
-842
-719
-548
-293
-27
305
641
1016
1313
1604
1795
1962
1933
1887
1628
1246
694
100
-587
-1276
-1811
-2262
-2501
-2573
-2381
-2137
-1698
-1226
-717
-271
189
572
876
1148
1386
1553
1636
1712
1663
1549
1383
1168
867
543
226
-119
-460
-703
-909
-1075
-1141
-1131
-1068
-963
-753
-532
-424
-176
-153
-43
-103
-87
-137
-212
-138
-124
16
138
394
542
766
961
1148
1180
1277
1161
928
583
161
-356
-852
-1229
-1534
-1669
-1675
-1490
-1318
-1007
-698
-401
-135
156
376
549
744
886
989
1061
1128
1107
1067
985
845
675
471
260
40
-193
-356
-550
-662
-758
-771
-781
-710
-647
-528
-442
-329
-200
-79
70
183
362
419
494
473
410
217
68
-185
-359
-519
-545
-509
-358
-71
166
571
840
1146
1277
1339
1206
928
556
58
-423
-898
-1229
-1489
-1553
-1510
-1336
-1117
-830
-551
-310
-80
108
271
400
552
675
788
889
955
968
936
862
758
602
449
275
92
-61
-240
-384
-524
-613
-683
-717
-673
-635
-540
-444
-329
-228
-112
0
71
170
232
284
341
363
368
363
335
269
232
171
42
-26
-175
-356
-523
-660
-801
-833
-748
-585
-301
85
488
912
1254
1525
1628
1564
1354
1006
549
53
-392
-835
-1141
-1346
-1443
-1467
-1379
-1268
-1122
-926
-739
-536
-323
-78
149
414
682
925
1139
1311
1393
1397
1329
1170
942
688
413
115
-144
-383
-564
-710
-795
-848
-865
-849
-804
-725
-643
-516
-390
-263
-123
4
128
219
339
393
474
504
509
521
477
455
371
357
192
93
-93
-324
-555
-786
-937
-1095
-1020
-962
-654
-354
135
590
1062
1444
1710
1831
1701
1467
1016
525
-42
-531
-985
-1300
-1498
-1587
-1563
-1461
-1296
-1095
-865
-621
-362
-111
153
419
675
909
1128
1280
1382
1424
1379
1272
1082
853
580
277
9
-289
-540
-777
-911
-1041
-1071
-1052
-984
-859
-716
-521
-375
-185
-51
84
182
268
333
368
416
439
452
446
452
419
295
203
-7
-229
-482
-662
-882
-941
-878
-714
-417
-23
448
922
1301
1645
1772
1712
1471
1067
551
-57
-567
-1073
-1418
-1661
-1716
-1734
-1622
-1452
-1242
-1033
-770
-493
-245
75
370
675
940
1216
1411
1542
1625
1600
1492
1300
1031
710
366
6
-320
-613
-850
-1043
-1110
-1188
-1143
-1058
-903
-701
-508
-272
-99
79
216
299
362
378
363
337
284
206
160
86
47
26
19
-5
48
55
-11
39
-143
-179
-347
-421
-537
-556
-492
-393
-141
112
468
777
1123
1316
1449
1370
1229
878
488
18
-463
-871
-1254
-1482
-1653
-1672
-1635
-1484
-1303
-1055
-783
-501
-189
133
434
715
1003
1178
1333
1398
1392
1277
1128
949
650
460
182
-56
-279
-469
-630
-781
-832
-878
-845
-805
-684
-631
-481
-352
-239
-80
25
229
308
381
451
379
239
125
-105
-272
-398
-428
-277
-146
247
761
953
1495
1588
1607
1382
1050
531
-141
-559
-1116
-1386
-1620
-1512
-1496
-1256
-979
-718
-505
-265
-7
118
298
496
664
746
963
1008
1054
1038
972
831
614
458
189
-46
-270
-458
-654
-784
-801
-859
-782
-709
-552
-472
-259
-135
1
169
232
370
354
453
351
355
221
182
80
-47
-78
-169
-160
-214
-108
-163
-78
-70
-31
-61
3
10
-85
19
-150
-95
-283
-212
-318
-282
-180
-101
107
243
515
603
835
869
949
870
771
559
246
-28
-446
-735
-1078
-1272
-1442
-1419
-1367
-1184
-928
-675
-343
-139
174
317
488
630
739
856
974
1109
1181
1208
1200
1061
709
378
-155
-711
-1210
-1500
-1668
-1539
-1104
-470
155
863
1444
1609
1659
1373
952
297
-163
-634
-950
-1079
-999
-941
-794
-571
-501
-383
-369
-256
-281
-163
-38
112
299
480
717
820
996
986
1031
893
755
564
282
82
-206
-372
-597
-667
-732
-756
-717
-651
-585
-532
-419
-378
-303
-226
-69
0
172
258
332
348
332
335
243
265
190
203
125
74
43
-40
-42
-131
-40
-85
-131
-38
-222
-330
-500
-620
-782
-697
-518
-239
190
648
1221
1461
1824
1831
1675
1300
826
211
-486
-943
-1467
-1727
-1997
-1897
-1888
-1691
-1362
-1078
-705
-408
55
274
623
912
1138
1321
1447
1567
1481
1415
1255
1052
736
518
209
-97
-325
-580
-749
-948
-988
-1136
-1120
-1126
-1043
-909
-692
-382
-91
262
484
761
833
855
902
719
580
391
88
-170
-533
-732
-993
-1083
-1105
-977
-707
-384
88
780
1067
1673
1890
1874
1738
1281
877
71
-336
-962
-1288
-1553
-1643
-1584
-1549
-1326
-1062
-787
-546
-160
18
310
581
798
962
1096
1217
1159
1141
1010
864
635
424
292
-67
-118
-361
-443
-585
-659
-659
-773
-638
-659
-537
-479
-358
-225
-88
32
210
277
427
445
560
431
394
221
42
-110
-356
-379
-703
-603
-712
-592
-369
-129
226
789
1046
1503
1758
1651
1598
1053
682
-151
-596
-1228
-1589
-1784
-1893
-1715
-1622
-1228
-1060
-692
-467
-185
72
315
592
820
1094
1237
1471
1428
1477
1363
1210
955
651
424
-68
-286
-604
-852
-1065
-1080
-1120
-1081
-887
-754
-505
-346
-34
62
270
372
500
491
616
551
412
442
108
29
-308
-414
-702
-759
-771
-766
-516
-299
43
561
1097
1319
1951
1805
1877
1452
998
386
-410
-856
-1499
-1671
-1957
-1771
-1713
-1483
-1135
-891
-551
-367
109
197
602
860
1125
1344
1472
1604
1397
1377
1049
755
402
124
-233
-513
-578
-899
-925
-1009
-974
-993
-845
-620
-541
-261
-37
139
355
528
710
836
858
1039
769
728
480
96
-135
-580
-754
-1094
-1163
-1225
-1142
-944
-490
-139
656
1189
1658
2223
2101
2216
1504
1186
341
-463
-932
-1675
-1896
-2160
-2032
-1973
-1713
-1327
-1041
-750
-323
63
300
845
1114
1379
1630
1754
1783
1672
1530
1217
847
463
106
-324
-654
-930
-1176
-1290
-1404
-1299
-1235
-1071
-798
-561
-305
-5
266
459
656
847
891
876
1028
783
584
529
42
-168
-558
-836
-1164
-1301
-1354
-1339
-1034
-724
-220
526
1155
1680
2310
2296
2365
1886
1392
645
-194
-804
-1545
-1884
-2240
-2214
-2179
-1952
-1563
-1279
-802
-436
65
479
861
1350
1624
1882
2027
1996
1873
1575
1241
782
247
-161
-699
-1072
-1317
-1545
-1568
-1545
-1360
-1183
-904
-576
-226
108
528
779
1041
1174
1267
1143
1084
985
463
374
-221
-590
-1034
-1430
-1587
-1796
-1523
-1430
-917
-317
184
1097
1777
2199
2808
2653
2467
1875
1051
291
-787
-1393
-2123
-2436
-2604
-2519
-2183
-1959
-1322
-955
-419
110
518
1005
1307
1722
1925
2016
2100
1927
1698
1364
935
499
-15
-393
-815
-1242
-1476
-1747
-1810
-1864
-1673
-1351
-1057
-534
-58
398
795
1123
1366
1440
1333
1365
1180
567
550
-176
-747
-1035
-1691
-1793
-2044
-1856
-1555
-1085
-231
377
1481
2160
2651
3299
2857
2719
1870
899
82
-1186
-1723
-2576
-2872
-2907
-2893
-2325
-1976
-1175
-574
16
732
1069
1576
1744
1945
2036
1859
1828
1449
1185
726
269
-51
-679
-849
-1268
-1498
-1498
-1598
-1283
-1264
-799
-552
-335
147
274
618
720
1059
1018
954
1139
513
430
-91
-500
-836
-1268
-1163
-1412
-978
-552
-185
899
1231
1873
2352
2027
2002
1175
595
-258
-1157
-1518
-2185
-2300
-2368
-2237
-1877
-1627
-890
-451
131
793
1181
1678
1831
2097
2169
1934
1919
1486
1121
672
102
-314
-1000
-1273
-1686
-1946
-1847
-1802
-1466
-1143
-563
-135
201
801
1010
1026
1301
1038
902
632
242
23
-540
-608
-968
-978
-686
-512
0
700
1336
1530
2095
1911
1495
945
37
-658
-1625
-2148
-2453
-2669
-2437
-2087
-1550
-1030
-357
304
748
1234
1668
1855
1974
2023
1987
1717
1366
1151
609
108
-247
-824
-1171
-1502
-1663
-1774
-1742
-1462
-1284
-836
-377
287
620
904
1409
1164
1136
818
479
79
-439
-512
-710
-654
-306
18
639
1376
1448
2052
1771
1272
938
-311
-791
-1738
-2473
-2631
-2876
-2576
-2245
-1564
-760
-161
776
1391
1757
2330
2351
2365
2235
1867
1565
906
481
-42
-581
-918
-1319
-1545
-1694
-1749
-1650
-1362
-1033
-543
-2
309
802
991
954
896
569
251
-197
-549
-673
-776
-463
-4
460
1256
1958
1988
2354
1955
1205
414
-871
-1565
-2596
-3318
-3151
-3308
-2764
-1952
-1114
-86
645
1649
2189
2426
2852
2691
2498
2152
1612
1074
342
-195
-734
-1309
-1578
-1848
-1962
-1735
-1658
-1254
-761
-282
259
598
1129
1101
923
981
275
-87
-381
-1005
-781
-787
-406
382
731
2040
2022
2050
2530
1115
506
-546
-1900
-2413
-3553
-3451
-3267
-3137
-1954
-1273
-120
920
1663
2589
2879
3098
3084
2758
2333
1631
1030
226
-560
-1016
-1663
-2098
-2134
-2248
-2024
-1707
-1199
-605
-118
695
952
1369
1368
1012
968
153
-61
-311
-816
-444
-286
175
788
1057
2297
2112
1698
2093
509
-495
-1609
-2882
-3296
-4253
-3861
-3224
-2899
-1464
-438
725
1779
2498
3323
3365
3346
3339
2685
1961
1278
475
-424
-1177
-1579
-1813
-2340
-2138
-1780
-1780
-1146
-664
33
394
918
1177
898
994
423
125
-190
-619
-498
-533
-181
591
951
1698
2803
2557
2447
2059
741
-514
-2228
-3119
-3933
-4794
-4326
-3653
-2922
-1635
-203
1044
1948
2980
3638
3724
3604
3211
2494
1580
598
-165
-1015
-1739
-2018
-2287
-2235
-2042
-1575
-830
-328
391
1000
1026
1018
999
398
50
-112
-585
-703
-465
-78
513
946
1990
2877
2310
2344
1740
108
-1056
-2487
-3410
-4015
-4671
-3909
-2940
-2312
-675
688
1686
2825
3279
3846
3797
3050
2805
1955
674
-21
-902
-1695
-2079
-2374
-2052
-1854
-1501
-448
109
705
873
744
824
-158
-520
-446
-1003
-967
-484
-43
401
1111
1817
3213
3030
2370
2888
1012
-571
-1984
-3450
-3832
-4896
-4654
-3085
-2448
-1306
551
1776
2704
3375
3683
3861
2983
2092
1470
106
-931
-1609
-2359
-2425
-2516
-2083
-1008
-472
772
1513
1652
1986
1460
863
203
-693
-1076
-1417
-1267
-665
-111
697
1656
2964
2596
2191
1933
125
-1420
-2820
-4033
-4316
-4641
-4177
-2635
-1416
-17
1501
2849
3687
3856
4072
3810
2807
1802
843
-494
-1586
-2342
-3087
-2965
-2729
-2264
-1192
-334
1026
1883
2063
2358
1948
896
149
-794
-1427
-1600
-1639
-837
34
620
1690
3355
3051
2382
2443
562
-1231
-2741
-4283
-4315
-4707
-4569
-2657
-1488
-138
1519
2730
3822
3942
3911
3862
2812
1510
646
-499
-1762
-2365
-2913
-2746
-2348
-1879
-359
212
744
1527
1343
1054
570
-16
-11
-489
-375
665
926
1192
2638
3334
2081
1750
532
-1352
-2919
-4841
-4875
-4711
-5182
-3379
-1537
-206
1552
2832
4215
4799
4354
3900
3163
1614
-340
-1451
-2655
-3337
-3499
-3218
-1689
-860
279
2143
2254
2222
2014
985
44
-1019
-1760
-1523
-1452
-915
645
1643
2258
3952
4096
2823
2218
191
-1864
-3883
-5884
-5759
-5748
-5612
-3258
-968
979
3017
4481
5639
5784
4593
3478
2075
-17
-1728
-2840
-3615
-3676
-3433
-2328
-661
187
1720
2668
2620
2497
1258
185
-925
-2122
-2283
-2113
-1608
-338
1015
2064
3166
4763
4082
3052
1996
-488
-2472
-4726
-6183
-5835
-5864
-5194
-2446
-7
1711
3759
5204
5875
5633
4141
2885
1380
-1250
-2823
-3456
-4065
-3724
-2970
-1480
310
1314
2606
3226
2815
2011
824
-355
-1443
-2382
-2558
-2165
-1315
-210
1123
2278
3114
4373
3782
2486
1429
-739
-2907
-4858
-6156
-5641
-5207
-4634
-1653
950
2389
4364
5644
6035
5694
4046
2373
601
-1923
-3865
-4730
-5071
-4499
-3265
-1381
874
2604
4215
4741
4308
3201
966
-942
-2795
-4432
-4524
-4152
-3019
-465
1462
3307
5004
6322
6615
4595
2391
-184
-3660
-6637
-8331
-8314
-7143
-5648
-2396
1529
4082
6231
7702
7575
6568
4478
1406
-964
-3118
-5361
-5651
-5188
-4235
-2104
-32
1986
4154
5027
4431
3826
1985
-378
-2391
-4232
-4978
-4682
-3977
-2242
608
2823
4565
5870
6903
6612
3973
1285
-1567
-4929
-7465
-8912
-8590
-6566
-4809
-1728
2466
5043
6649
7818
7581
6344
4018
831
-1691
-3790
-5929
-6576
-5721
-4060
-1986
537
3038
5036
6291
5625
4311
2635
-353
-3217
-5381
-6423
-6094
-4878
-2786
595
3591
5476
6887
7440
7495
4863
906
-1833
-5257
-8528
-9978
-9769
-7315
-4445
-1546
2792
6484
7899
8477
8124
6367
3720
-3
-3063
-4698
-6415
-7026
-5648
-3537
-1064
1314
3577
5523
6365
5657
3934
1903
-779
-3753
-5722
-6423
-5960
-4310
-2193
646
3748
5599
6687
6734
6042
5292
1553
-2177
-4255
-7198
-8811
-8579
-6747
-3365
-412
2399
5690
7333
6915
5542
3507
1014
-1819
-4484
-5446
-5119
-4532
-2798
-219
2062
3982
5034
5002
4670
3251
949
-682
-2552
-4390
-5229
-5512
-4446
-2691
-1106
1460
3668
4453
4991
4867
3697
2223
987
247
-1551
-3499
-4237
-4774
-4938
-4358
-3020
-307
2013
2996
4258
5004
4084
2255
307
-1290
-2317
-3468
-3790
-2347
-925
206
1522
2724
3288
2736
1950
1188
295
-833
-2022
-2263
-2036
-1831
-1171
-455
422
1201
1085
1001
1123
450
-391
-735
-973
-950
-795
-361
719
1456
1715
2904
3395
1490
-19
-1533
-3430
-4477
-4945
-3840
-1544
-133
1313
3347
4121
3578
2593
1081
-27
-1286
-2606
-2729
-2131
-1463
-422
663
1698
2421
2151
1725
1479
534
-619
-1153
-1549
-1636
-1409
-1215
-411
440
800
1380
1771
1227
605
-249
-1292
-1831
-2208
-2340
-1384
-545
43
1171
1744
1906
2139
2051
1788
1790
2153
1038
-535
-1536
-2871
-3664
-4042
-3594
-1690
-76
1149
2668
3221
2795
1759
190
-868
-1369
-1952
-2029
-1084
-79
617
1317
1667
1810
1448
499
42
-263
-904
-1098
-961
-845
-647
-514
-258
384
900
1058
1221
1254
790
184
-444
-1060
-1186
-1345
-1412
-536
-207
-143
536
687
477
399
31
7
-132
-608
-424
-195
-122
187
394
639
1078
990
1053
1992
1460
235
-373
-1471
-2190
-2607
-2761
-1504
-190
290
1220
1923
1674
1175
227
-561
-576
-933
-1216
-528
202
515
689
789
955
794
199
-79
48
-120
-431
-425
-249
-168
-300
-345
16
367
332
421
649
499
128
-239
-615
-755
-971
-1065
-570
-154
173
514
672
612
413
152
-41
-163
-231
-261
80
83
-250
-59
-108
-255
-186
-103
269
431
314
443
362
170
142
71
101
237
225
176
228
343
135
-196
-433
-637
-747
-917
-952
-616
-274
-139
95
348
418
305
213
226
247
218
136
50
-81
-351
-464
-447
-352
-95
287
981
1611
1875
1962
2044
1195
-128
-1201
-2115
-2540
-2603
-2026
-795
326
864
1194
1273
865
168
-600
-1011
-956
-939
-711
-128
425
805
944
880
871
664
221
-40
-151
-359
-493
-482
-377
-109
63
233
513
709
695
510
302
56
-320
-719
-937
-843
-662
-501
-84
273
403
432
366
208
29
-158
-230
-240
-189
-81
18
104
95
123
125
48
-8
31
69
42
24
30
44
34
39
41
58
104
60
4
15
-20
-92
-158
-169
-139
-113
-91
-34
8
-31
-48
-45
-50
-5
39
96
158
149
67
27
14
-40
-96
-97
-30
30
50
61
125
128
81
32
-8
-11
-14
-38
-46
-32
-47
-89
-112
-115
-93
-45
-5
70
136
129
130
102
8
-51
-96
-132
-96
-65
-42
31
70
65
77
69
46
29
13
-8
-5
-12
-32
-32
-46
-52
-23
-3
19
44
41
40
6
-49
-62
-75
-87
-44
-2
49
113
123
98
68
15
-38
-82
-102
-79
-43
-12
38
68
53
39
17
-18
-38
-49
-44
-24
-10
-2
-3
-2
1
-3
-1
17
35
42
36
26
12
-6
-12
-10
-8
0
16
20
22
28
13
-5
-20
-34
-37
-32
-29
-19
-14
-10
-4
0
2
3
5
8
17
24
22
18
3
-13
-16
-20
-16
0
5
5
6
-4
-13
-21
-27
-14
7
25
42
42
33
21
0
-11
-16
-23
-16
-8
-4
7
10
6
0
-7
-15
-20
-18
-16
-11
-1
4
9
10
0
-1
-4
-9
5
16
19
25
11
2
1
-6
-11
-4
-5
-5
3
1
4
10
1
4
3
-6
-5
-4
-5
2
3
-3
0
-11
-19
-11
-7
1
11
11
10
2
-1
0
-4
0
4
5
12
12
9
6
-6
-10
-10
-8
0
1
4
4
1
-3
-6
-6
-4
3
9
7
0
-1
-5
-10
-13
-11
-10
-3
4
7
12
12
7
3
-1
-3
-7
-11
-3
1
7
17
20
17
9
-1
-4
-10
-19
-23
-22
-2
7
9
17
18
6
1
-5
-9
-11
-12
-8
3
5
-1
0
5
10
4
1
2
5
0
-15
-21
-18
-13
-11
-7
6
20
24
20
17
12
7
2
-2
-2
-1
-4
-6
5
11
2
-6
-6
0
-5
-10
-5
-4
-3
-7
-9
-5
-3
0
0
-5
-5
1
5
6
4
-3
3
10
7
6
3
4
15
10
3
3
-1
-4
-10
-14
-13
-5
-4
-9
-8
-7
-7
-6
10
13
17
26
16
9
-6
-13
-7
-9
-7
-3
-3
-4
-11
-12
-3
8
8
0
-4
6
-4
-10
0
-20
-5
3
-22
-8
24
29
22
11
-8
-4
8
8
14
-11
-14
42
60
67
44
59
154
-73
-412
-439
-389
-206
-60
54
458
578
290
132
-1
-11
5
-126
-29
134
60
1
-80
-109
-11
-90
-117
4
2
-18
-38
-114
-70
-54
-107
-56
19
43
80
82
78
100
-5
-41
-25
-99
-96
-10
41
111
79
78
131
78
9
-26
6
54
57
-9
-39
-56
-71
-84
-63
-57
0
7
-23
-21
-46
16
59
12
-15
-10
-12
29
5
-10
38
29
-4
-26
-30
-3
3
-31
0
18
19
4
17
34
-7
-11
9
22
31
14
-6
13
21
17
-3
-22
-34
-11
-9
-35
-22
7
6
-3
-19
-16
18
25
-19
-29
19
8
-9
-17
-21
4
0
-25
70
79
-44
42
71
-69
-7
60
-69
-27
39
-12
5
-13
-29
33
-25
-59
25
-2
-27
-14
-31
-11
7
11
24
14
21
20
-1
28
20
9
35
6
-26
-11
-8
17
11
-23
5
2
-19
-7
-9
-23
-5
-1
-11
-28
-9
16
8
-12
10
32
-8
-39
-15
-7
-2
16
25
23
8
11
1
-36
-10
26
29
17
-8
13
28
-27
-21
11
-6
10
-7
-43
6
30
-7
-7
-6
8
3
-39
-18
21
2
-9
-10
11
17
-26
-7
21
-2
8
8
9
21
-9
7
35
-4
-20
-11
0
18
-38
-24
38
6
-3
-7
-25
14
9
-14
10
-17
-9
20
-10
-20
-19
14
38
-8
-12
13
-2
14
2
-12
28
-4
-13
27
-33
-38
41
7
-20
5
-16
13
23
-29
-1
29
4
0
-9
3
20
-8
-1
0
-16
20
-6
-25
21
-1
-15
7
-16
15
14
-29
12
3
-19
8
-17
-1
24
-27
5
19
-17
15
-5
-10
24
-12
0
11
-25
20
5
-26
23
-9
-16
26
-7
0
20
-15
12
10
-5
16
-12
-7
16
-4
4
0
-24
17
10
-32
0
9
-5
2
-1
-6
-1
-6
8
0
-15
7
-5
4
22
-16
-10
11
-14
1
21
-9
1
6
-12
8
12
-14
-14
11
18
1
-6
-19
-6
28
28
-13
-36
-2
20
6
-16
-7
23
21
-8
-33
-21
11
28
-6
-27
-3
16
18
-21
-33
13
31
9
-14
-22
13
24
2
-15
-22
28
46
-14
-15
6
9
15
-28
-17
23
9
0
-25
-21
16
2
-6
-2
-8
12
-4
-23
3
0
2
-2
-24
8
25
-5
-12
-3
15
29
-7
-27
-2
20
18
-11
-24
8
22
6
-12
-19
12
22
-4
-11
-9
3
18
-9
-20
5
10
0
-18
-9
20
8
-11
-3
5
8
-1
-8
4
0
0
5
-3
-3
2
1
2
-2
-8
-1
6
2
-6
-4
5
11
1
-8
0
13
12
-5
-20
-8
13
14
-6
-20
-6
17
18
-7
-28
-2
23
12
-8
-20
-4
18
13
-9
-13
3
14
5
-9
-10
-1
5
3
0
-7
-8
1
4
1
-9
-6
8
11
0
-9
-6
11
18
-3
-12
-1
12
7
-8
-12
-1
10
6
-10
-7
1
4
3
0
-2
1
-1
-1
-2
-2
-1
-3
-1
5
4
-3
-3
2
5
2
-3
-4
2
4
0
-4
-2
5
4
0
-3
-1
4
0
-2
2
-1
0
2
2
2
0
0
0
0
0
-1
-2
-1
6
3
-5
-6
0
7
0
-6
-6
0
4
1
-3
-6
-2
8
5
-5
-6
0
7
5
-3
-8
0
8
5
-1
-10
-2
10
9
-3
-10
-2
7
7
-2
-7
-3
5
7
-2
-6
-1
4
2
-3
-6
1
4
1
-1
-4
1
0
0
0
-2
0
0
0
0
-3
-1
0
3
1
0
0
0
1
0
-3
-2
3
5
1
0
-1
2
4
1
-1
-1
1
1
-1
-4
-3
0
0
0
-2
-1
-2
-1
4
3
-2
-3
1
4
0
-1
-1
0
3
3
-4
-1
4
4
1
-2
-1
2
2
0
-1
0
0
0
-1
-3
-1
0
0
0
0
0
1
1
-1
0
1
0
-1
0
0
0
1
0
0
1
0
0
0
-2
0
0
-1
0
0
0
0
-1
-1
-1
1
1
0
0
0
0
1
-1
0
3
0
0
-1
0
4
0
0
-1
-1
2
1
-3
-2
0
0
1
0
0
0
1
0
0
-1
0
0
0
0
-2
-1
0
-1
0
-1
0
1
0
0
0
0
0
1
1
2
0
-1
0
0
-3
-2
-2
0
2
2
0
1
1
3
2
0
0
1
1
0
-1
0
-1
-3
-1
-1
-2
-2
-2
0
0
-1
0
2
0
0
0
1
0
0
2
0
0
0
0
-2
0
0
0
0
0
0
0
1
0
2
0
0
1
0
0
-1
0
0
-1
-2
-2
0
1
0
0
0
-1
0
-1
0
0
0
0
1
0
0
0
-1
0
0
0
0
-2
0
3
0
0
0
2
3
0
0
0
1
0
0
0
3
1
0
-1
0
0
1
1
0
-2
-1
-2
-3
0
-1
0
0
0
0
0
0
0
-2
0
1
1
1
2
3
1
0
0
1
1
1
1
0
0
0
-1
-1
0
-1
0
0
0
0
0
0
0
-1
0
-1
0
0
0
0
0
0
-1
0
1
1
2
0
1
0
2
1
0
0
0
1
1
0
0
-1
0
-1
-3
-2
-3
-2
-1
0
0
0
1
1
0
1
1
2
1
0
0
0
0
-1
-1
-1
-1
0
0
0
-1
0
0
1
0
0
2
1
2
1
0
1
0
1
0
0
0
-1
-2
-3
-4
-3
-1
1
0
-1
-1
0
1
0
0
0
1
0
2
0
2
4
2
2
0
1
0
0
0
0
0
2
0
-2
-2
-1
-1
0
-1
-3
-1
-1
0
0
0
0
3
0
0
-1
0
4
1
1
2
0
1
1
-3
-2
-1
-2
-1
-1
-1
0
0
-1
-1
-1
0
0
2
3
0
2
1
0
0
0
-1
0
1
-1
0
0
-1
0
-3
-2
0
-1
0
0
1
1
0
1
0
0
0
2
1
1
-1
-2
-1
-1
0
1
1
2
1
0
0
0
-1
-1
-1
0
0
0
1
2
0
-1
-1
0
0
0
0
-1
0
1
-1
-1
0
2
0
-2
-2
-1
-1
-2
-1
0
1
0
0
-1
0
1
1
0
-1
1
0
1
1
2
1
2
0
-1
0
1
0
-1
-2
0
1
-2
-3
0
1
2
0
0
0
2
0
-2
-2
0
0
0
-1
-1
0
0
-1
-2
-1
1
4
1
0
-1
0
0
0
0
-2
1
3
0
1
0
0
1
-1
0
-2
0
0
-1
-1
0
-1
0
0
-1
0
1
0
0
0
0
0
0
0
-1
-1
0
0
1
1
-1
-2
0
0
1
0
0
2
0
0
0
0
2
0
0
-2
0
1
0
-1
1
0
-1
0
-4
-2
0
2
0
0
-1
0
0
-1
0
0
0
0
0
0
0
2
0
0
0
0
0
-1
0
0
0
0
-2
0
1
0
0
0
0
1
0
1
1
2
2
0
0
-1
0
3
0
-1
0
0
-2
-1
0
-1
0
0
0
0
-2
1
0
0
0
0
1
-1
-1
0
-1
0
0
0
-1
0
1
0
-2
0
0
1
2
0
-1
1
1
1
0
0
-1
1
1
2
1
0
0
-1
0
0
-1
-1
-1
-1
0
0
-1
-2
-1
0
0
0
0
0
1
2
1
1
0
0
0
0
1
1
0
0
0
0
0
-2
-1
0
-1
0
-1
0
0
-1
1
0
1
0
0
0
0
0
0
0
0
1
-1
1
2
0
0
1
0
0
0
-1
1
0
-2
-1
-1
0
0
0
0
-1
0
1
0
0
-1
0
0
0
1
0
-1
1
0
0
0
0
1
1
-1
-1
-1
1
0
0
0
0
0
0
-1
-2
-1
0
2
1
0
2
2
0
0
-1
0
0
-1
-2
0
0
-1
0
0
0
0
0
0
0
0
0
0
0
0
0
0
0
0
0
0
-1
-1
0
-1
1
0
1
0
1
2
1
1
-2
0
1
1
1
0
0
0
-1
-1
0
-1
0
-1
-1
0
0
0
1
0
0
0
0
-1
-2
-1
-1
0
-1
0
0
0
0
0
2
2
0
1
1
0
0
0
0
0
0
1
0
0
0
1
2
0
0
0
0
0
0
0
2
0
-1
0
0
-1
-1
-1
-1
-1
-1
0
0
0
0
-1
-1
0
0
1
0
0
2
0
0
0
0
0
0
0
-1
0
0
0
2
0
0
1
1
0
0
0
0
0
-1
0
0
0
0
0
0
0
0
0
0
0
0
0
0
0
0
0
0
0
0
0
0
0
-1
-1
-2
0
-1
0
0
0
-1
-1
0
0
1
0
1
2
1
1
0
0
0
0
0
0
2
0
0
0
0
1
1
-2
-2
0
0
-1
-2
-1
-1
-1
0
-2
0
0
0
0
0
2
2
3
0
-1
0
0
0
0
2
1
1
0
2
2
-1
-2
0
-1
-1
-1
-2
0
0
0
-1
-2
-4
0
6
4
3
1
-3
-3
3
4
1
4
2
-10
-8
3
11
14
22
9
-47
-60
-37
-18
33
83
66
18
-5
-18
-34
-18
6
-5
-14
2
5
3
10
-3
-34
-47
-35
-13
19
45
44
19
3
-1
-1
10
12
1
-8
-9
-9
-6
0
1
-2
-5
-7
-12
-9
-3
0
4
10
16
10
2
2
2
-4
0
2
-18
-18
10
21
19
23
-3
-48
-50
-26
-5
27
47
29
4
-7
-11
-7
1
5
2
1
-5
-8
-1
0
2
7
8
5
1
-5
-14
-14
-9
-5
-1
2
5
6
5
3
3
1
1
2
0
1
1
1
3
1
0
0
-1
-7
-8
-3
0
0
0
2
0
2
4
3
-3
-5
-7
-8
0
10
13
8
3
-1
-5
-1
0
-1
0
0
0
0
-1
-3
0
0
0
0
-1
-4
-6
-6
-1
4
9
10
5
2
0
-1
0
0
-1
-1
-1
-2
-1
0
-1
-1
-2
0
0
-1
0
-1
-1
2
3
3
3
0
0
-1
0
0
-2
0
0
0
0
2
1
0
-2
0
0
1
0
-1
0
0
0
0
0
0
0
0
0
0
0
0
0
0
3
1
0
0
-2
-1
0
0
0
0
0
0
1
0
0
1
0
-1
0
0
0
0
0
0
0
0
-1
-2
-1
-1
0
0
0
0
0
1
0
0
1
1
0
0
0
2
3
0
1
0
0
0
0
-1
-2
0
0
0
-1
0
-1
-1
-1
0
0
1
1
1
1
0
-1
0
1
0
1
1
0
1
1
0
-1
0
0
0
0
-1
-1
0
-1
-1
0
1
0
1
0
0
0
-1
0
0
1
1
1
0
0
0
0
0
0
0
0
0
0
0
2
0
1
1
0
0
0
0
0
0
-2
0
0
0
1
1
2
0
0
0
0
0
0
-1
0
-1
-1
0
0
1
0
0
0
0
0
0
1
1
1
1
1
0
1
0
0
0
0
-1
-1
0
-1
-1
-1
-2
-1
-1
-1
0
0
0
0
0
0
0
0
0
0
0
0
0
0
0
0
0
1
1
0
0
0
0
0
0
0
1
0
0
-1
0
0
0
-2
-1
0
0
0
0
0
0
1
0
1
0
0
0
-1
0
0
0
1
0
0
0
0
0
0
-1
0
-1
0
1
0
-1
0
0
0
0
0
0
0
0
0
0
0
0
0
-1
0
1
0
1
0
0
0
0
0
1
0
-1
0
0
0
0
0
0
0
0
0
0
0
0
0
0
1
1
0
0
0
-1
0
0
0
1
0
-1
0
0
-1
0
0
1
2
1
0
0
0
1
0
-1
0
0
0
0
0
0
1
0
1
1
0
0
-2
-2
-1
0
-1
0
0
0
0
0
0
1
1
0
1
0
0
-1
-1
0
1
0
0
0
0
0
-1
-1
0
0
1
0
0
-1
0
0
-1
-1
0
0
0
0
0
0
0
0
-1
0
0
0
1
0
0
2
1
0
0
1
0
1
0
-1
1
0
0
0
0
0
0
0
-2
0
0
0
0
0
0
-1
-1
0
0
0
0
-1
0
0
0
1
0
0
0
1
0
0
0
0
0
0
0
0
0
1
0
-1
0
0
1
1
1
0
0
0
0
0
0
0
0
1
1
0
0
-1
0
0
0
0
0
0
-1
0
0
0
0
0
0
-1
0
0
0
1
0
0
1
1
0
0
-1
0
0
0
0
0
0
0
0
0
0
0
-1
0
-1
0
0
0
0
0
1
0
0
2
1
0
0
0
0
1
0
0
0
0
0
0
0
-1
-1
0
0
0
0
0
0
0
0
0
0
0
0
0
1
0
0
0
0
0
0
1
0
0
0
0
0
0
-1
-1
0
-2
-1
0
0
0
1
1
0
0
0
0
0
0
0
0
1
0
0
1
0
0
0
0
0
0
-1
1
1
0
0
0
0
-2
0
-2
-1
1
0
0
0
0
0
1
0
0
0
0
1
0
1
1
2
2
1
0
-1
0
0
0
0
0
-1
-1
-1
0
0
0
0
0
0
-1
-1
0
0
0
0
0
0
0
0
1
0
0
0
0
0
0
1
0
0
0
-1
0
0
0
0
0
0
0
0
0
0
1
0
0
0
0
0
-1
0
0
0
0
0
1
0
-1
-2
0
0
-1
-1
0
0
0
0
0
0
0
0
0
0
0
0
0
0
1
1
0
0
0
0
-1
0
0
-1
0
-1
-1
0
0
0
0
0
0
0
0
0
-1
0
0
0
0
0
1
1
0
0
0
0
0
0
0
0
0
0
2
1
0
0
1
0
0
0
0
0
0
0
0
0
0
0
0
-1
0
0
0
0
0
0
-1
0
0
0
0
-1
-1
-1
0
0
0
0
0
1
0
0
0
0
0
0
-1
0
0
1
0
0
0
0
0
1
0
1
0
0
1
0
0
0
0
0
0
0
0
1
-1
0
0
0
0
0
0
0
-1
0
-1
-1
0
-1
0
0
0
0
0
0
-1
0
0
0
1
0
1
1
1
1
0
0
0
0
0
0
-1
0
0
0
0
0
-1
0
0
0
0
0
0
0
0
1
0
0
0
0
0
1
0
-1
0
0
0
-1
0
0
0
1
2
1
1
0
-1
0
-2
0
0
0
-1
-2
-1
0
0
0
0
0
0
0
2
1
0
1
2
1
0
0
0
0
0
-1
-1
0
0
0
0
0
0
0
0
0
1
0
0
1
1
0
1
1
0
0
0
1
0
0
0
0
0
0
-1
0
0
0
0
-1
0
0
-1
0
0
0
0
0
0
0
0
0
0
2
1
0
0
0
0
0
0
1
0
0
1
0
0
0
0
0
0
0
-1
0
0
0
-1
0
0
-1
0
0
-1
0
0
0
1
0
0
-1
0
0
0
0
0
0
1
0
0
0
0
0
0
0
0
0
0
0
0
0
0
0
1
1
0
0
0
0
0
0
0
-1
-1
0
0
-1
-1
0
0
1
1
0
0
0
0
0
0
0
0
-1
0
0
-1
0
1
0
0
0
0
0
0
1
0
0
0
0
0
0
0
0
0
0
0
0
0
0
0
0
-1
0
-2
-1
0
0
-2
-2
-1
0
0
0
1
0
0
0
0
0
0
0
0
0
0
0
0
0
0
0
0
1
1
0
0
0
0
0
0
0
0
0
0
0
0
0
0
0
0
0
0
0
-1
0
0
0
-1
0
0
0
-1
0
-1
0
1
0
0
0
0
0
0
0
0
0
1
0
0
0
0
0
0
0
0
0
0
0
0
0
0
1
0
0
0
0
0
0
0
-1
0
0
0
0
0
0
0
0
0
0
0
-1
0
1
0
0
0
0
0
1
0
-1
-1
0
0
0
1
0
-1
0
0
0
0
0
0
0
1
0
0
0
0
0
0
0
0
1
0
0
0
0
0
0
0
1
0
0
0
0
0
0
0
0
0
2
1
0
1
0
0
0
0
0
0
0
0
0
-1
0
-1
0
0
0
0
0
1
0
0
0
-1
0
0
0
0
0
0
0
0
0
0
0
0
0
0
-1
0
0
0
0
0
0
1
0
1
0
0
0
0
0
0
0
0
0
0
0
0
0
1
0
0
0
-1
-1
0
0
0
0
-1
1
0
0
0
1
1
0
1
0
0
0
0
-1
0
0
-2
0
0
0
1
0
0
0
0
0
1
0
0
0
0
0
0
0
-1
0
1
0
0
1
0
0
0
0
0
0
0
0
0
0
-1
0
-1
0
0
0
1
0
1
1
0
0
0
-1
0
0
0
0
0
1
0
0
0
1
0
1
2
0
0
0
-1
-1
0
0
-1
0
0
-1
0
0
-1
-1
0
0
0
0
0
1
1
0
1
1
1
1
1
0
0
2
1
0
1
1
0
0
-1
0
-1
-1
0
-1
-1
-1
-1
-1
0
-1
0
1
0
0
0
1
0
0
0
0
0
0
0
0
0
0
0
1
0
0
0
0
0
-1
-2
0
1
0
0
0
0
0
0
0
0
0
0
0
0
2
0
0
0
0
0
0
0
0
-1
0
0
0
0
0
0
0
0
0
0
0
1
0
0
0
-1
0
-2
-1
0
-1
-1
1
0
0
0
0
1
0
0
1
0
0
0
0
0
0
0
-1
0
-1
1
1
0
0
0
0
0
0
0
-1
0
0
0
1
0
0
0
1
0
0
0
0
1
-1
0
-1
-1
0
0
0
0
0
-1
0
-1
-1
0
0
0
0
1
1
1
1
1
1
0
0
0
2
0
0
0
0
0
-1
-1
0
-1
0
0
-1
1
0
-1
0
0
0
0
0
0
1
2
0
1
1
0
0
0
0
-1
0
-1
0
0
0
0
-1
0
-1
0
0
0
0
0
0
1
0
1
0
0
0
0
-1
0
0
0
0
0
0
0
0
0
0
0
0
0
1
1
0
0
-1
0
-1
0
0
0
0
0
1
0
0
0
0
0
0
0
1
0
0
0
0
0
0
0
0
1
0
0
0
0
0
1
0
0
-1
-1
0
-1
-1
-1
-1
0
0
0
0
1
0
1
0
0
0
0
0
0
0
0
0
0
0
0
0
0
0
0
0
0
0
-1
0
0
0
0
0
-1
0
0
0
0
0
1
0
1
1
-1
0
0
-1
0
0
0
0
1
0
0
0
0
0
0
0
1
0
0
0
0
0
-1
-1
-1
0
0
0
0
0
0
0
0
0
0
0
0
0
0
-1
0
1
0
-2
0
0
-1
0
0
-1
0
0
0
1
0
1
0
0
1
0
0
0
0
1
0
0
-1
0
0
0
1
0
0
0
0
0
-1
0
0
0
0
0
0
0
0
1
0
0
0
1
0
0
0
0
-1
0
0
0
-1
0
2
-1
1
0
-1
0
1
1
0
0
0
0
0
0
0
0
1
0
0
0
0
0
0
0
0
-1
0
-1
0
0
0
0
0
0
0
1
0
0
0
0
1
0
0
0
0
0
0
1
0
-1
0
-1
0
0
0
0
0
0
0
0
0
0
2
0
0
0
1
0
0
0
0
0
0
0
0
0
0
0
0
-1
0
0
0
0
-2
0
-1
-1
0
0
0
0
0
0
0
0
1
1
0
1
0
0
0
0
0
-1
0
0
0
0
-1
-1
-1
0
1
1
0
0
0
0
0
0
1
0
0
0
0
0
0
-2
0
0
-1
-1
-1
-1
0
1
0
0
0
0
1
0
1
1
0
0
0
1
0
0
0
0
1
0
0
0
0
0
0
0
0
0
0
0
0
-1
0
0
-1
-1
0
0
0
-1
-1
0
0
0
0
1
0
1
1
1
0
0
0
0
1
1
0
0
0
-1
0
0
0
0
0
0
0
0
0
0
-1
0
0
0
0
0
0
0
0
0
0
0
0
0
0
1
0
0
0
0
0
1
0
0
0
0
0
0
-1
-1
0
0
0
0
0
1
0
0
1
0
-1
0
0
1
0
0
0
0
0
0
0
0
0
0
0
-1
0
0
0
0
0
0
0
-1
0
0
0
1
0
0
1
0
2
0
1
0
-1
0
1
0
0
1
0
0
0
0
0
1
0
0
0
-1
-1
0
-1
-2
0
0
1
0
-1
0
0
-1
0
0
-1
0
0
0
0
1
0
-1
0
0
1
0
0
0
0
0
0
0
0
0
0
0
0
0
0
0
2
0
0
0
0
0
1
0
0
0
0
0
0
0
-1
0
0
0
0
0
-1
0
0
-1
0
0
0
0
0
0
0
0
0
0
0
0
0
0
0
0
-1
0
0
0
0
0
0
-1
0
0
-1
0
0
0
0
0
0
1
1
-1
0
1
1
0
0
0
0
0
0
0
1
-1
0
0
0
0
0
0
0
0
0
1
0
0
0
0
0
-1
0
0
0
2
0
-1
0
-1
0
0
0
0
0
0
0
0
0
0
0
1
0
-1
0
0
0
0
-1
0
1
1
0
0
0
0
0
0
0
0
0
0
0
0
0
-2
0
1
0
0
0
0
0
0
-1
0
0
-1
0
0
0
0
0
0
0
1
0
0
0
0
0
1
0
0
0
0
0
0
0
0
0
0
0
0
0
0
0
0
-1
0
0
0
0
0
-1
0
0
0
0
0
0
0
0
0
0
0
0
0
0
1
0
1
0
0
0
0
-1
0
0
0
0
0
0
0
-1
0
0
0
1
0
0
1
1
0
0
-1
0
0
0
2
1
0
0
-1
0
-1
0
-1
0
-1
0
0
-1
-1
0
0
0
1
1
0
0
0
0
0
0
1
1
0
0
-3
0
2
2
0
0
0
-1
0
0
0
0
0
1
0
0
-1
-1
0
-1
-2
-2
0
0
0
1
0
0
0
-1
-1
-2
-1
0
1
1
2
1
1
0
0
0
0
0
0
1
0
0
-1
0
0
-1
-1
-1
0
0
0
0
0
-1
-1
0
0
0
0
1
0
-1
0
0
0
0
0
0
1
1
1
0
-1
0
0
1
-1
0
-1
0
0
0
0
0
0
1
0
0
1
0
0
0
0
-1
0
0
0
0
0
0
0
0
-1
0
-1
0
0
-1
0
0
0
0
0
0
0
0
0
0
-1
0
0
1
0
0
0
0
2
2
1
2
0
0
0
0
0
0
0
2
0
0
0
-1
0
0
-3
-1
0
-1
0
0
1
0
0
0
0
0
0
0
0
0
0
0
0
0
-1
0
0
0
-1
0
0
-2
0
0
0
1
1
2
1
2
2
1
0
0
-1
0
-1
0
0
0
0
0
-1
-1
0
0
-1
0
0
0
-1
0
0
0
0
0
-1
0
0
0
0
-1
0
0
0
0
0
0
0
0
1
0
1
2
0
1
1
1
0
0
-2
-2
-1
0
0
0
1
0
0
0
0
-1
-1
0
-1
-1
1
1
-1
-1
0
-1
0
1
0
0
1
0
0
2
1
-1
0
0
-1
0
-1
0
0
-1
0
0
0
1
0
1
1
1
3
2
2
0
0
1
0
-1
0
-2
-3
0
0
0
-1
-1
-1
1
1
-1
-1
-1
0
0
1
0
0
0
0
0
0
0
0
0
1
3
2
1
2
1
0
0
0
-1
0
0
-1
-1
0
-1
-2
0
0
-1
-1
-1
0
0
0
-1
0
1
0
0
1
0
0
1
0
2
1
0
0
0
0
1
1
0
-1
0
0
0
-1
-1
0
-1
0
0
0
0
0
0
0
3
0
1
0
0
0
1
1
0
0
-2
0
0
-1
-1
-1
0
0
0
0
0
-2
0
0
-1
-2
0
-2
0
0
0
2
1
2
1
1
2
1
1
0
0
1
0
1
0
0
0
-1
0
0
0
-2
-4
0
0
-2
0
0
0
0
0
0
0
1
0
0
1
0
0
2
0
2
1
0
0
-1
-1
0
0
-1
-1
0
0
0
-1
0
0
0
-1
0
0
-1
2
0
1
2
0
2
0
0
1
-1
0
0
1
0
0
0
0
0
-1
0
-2
-2
0
0
1
0
0
1
0
0
1
0
1
0
1
0
0
0
0
0
1
0
-1
0
-2
0
0
-1
2
-1
-1
0
-1
-1
0
0
-2
0
0
1
-1
3
0
-2
4
-1
0
0
-1
1
-1
1
0
-1
0
-2
0
2
0
0
0
0
-1
0
1
0
1
0
0
0
0
0
0
0
-1
1
-1
0
0
0
1
0
0
-1
-2
0
0
-1
0
0
0
0
1
0
0
0
-1
1
0
0
0
0
0
0
0
0
0
0
1
1
0
1
0
1
1
0
0
0
0
0
0
0
0
0
0
0
0
1
-1
-1
0
0
0
-2
0
0
0
0
1
0
0
1
0
0
-1
1
0
1
0
-1
0
0
0
1
0
0
0
0
0
0
0
0
0
0
-2
0
2
0
-1
0
0
0
0
2
0
0
0
0
1
1
1
0
-1
0
-1
-2
0
0
0
0
0
0
-1
0
1
1
2
0
0
-1
0
0
-1
0
-1
0
0
0
0
0
-2
0
0
0
1
0
1
0
0
0
-1
-1
0
0
0
0
0
0
0
0
0
0
0
0
0
0
0
0
0
0
0
0
0
0
0
0
0
-1
0
0
-1
1
0
0
1
-1
0
0
1
0
0
0
0
2
1
0
0
-1
0
0
0
0
0
0
0
0
0
0
-1
0
-1
0
1
0
1
0
-2
0
0
0
0
0
0
0
-1
-1
-1
-1
0
-1
-1
0
1
0
0
0
0
0
1
1
0
2
1
0
1
0
0
1
0
0
0
1
0
0
0
0
0
0
0
0
-1
0
1
0
0
0
1
-1
0
0
0
0
0
-1
-1
1
0
-1
-1
0
0
0
0
-2
0
0
0
0
0
1
0
0
0
1
2
0
-1
0
0
1
0
0
1
1
0
0
0
0
0
0
-1
0
-1
0
0
0
-1
-1
0
-1
0
0
0
1
2
0
1
0
0
0
1
0
1
1
0
0
0
-1
0
0
-1
0
-1
-1
0
-1
0
0
0
-1
0
0
0
0
0
0
-1
0
0
0
1
0
0
-1
-1
0
0
0
1
1
0
1
1
0
1
1
1
1
0
0
0
0
0
-1
0
0
0
0
-1
0
0
0
0
-1
-2
0
1
0
0
0
0
0
0
0
0
0
0
0
0
0
1
1
0
0
-1
-2
0
0
0
0
0
0
0
1
0
0
0
0
0
2
1
0
-1
-2
0
1
0
0
0
1
0
0
0
0
-1
0
0
0
0
0
0
0
0
-2
0
0
-1
0
1
1
0
0
0
0
0
0
0
0
0
0
1
1
0
0
0
0
0
0
0
0
1
0
-1
0
0
0
0
0
0
0
-1
0
0
1
2
0
1
1
0
1
-1
0
0
-1
0
0
0
-1
-1
0
0
0
0
-1
-1
0
0
-2
0
0
0
-1
0
1
0
0
0
0
1
1
-1
1
0
0
0
-1
0
0
-1
0
0
0
0
0
0
0
1
1
0
0
0
0
0
0
0
1
1
-2
0
1
0
0
0
-1
-1
0
0
-1
0
0
0
0
0
0
2
-2
0
0
0
0
0
0
-1
0
1
0
0
-1
-1
0
0
0
0
1
0
-1
1
2
1
0
-1
0
0
0
1
0
0
-1
-1
0
1
1
1
0
0
0
0
0
0
-1
-2
0
0
0
0
0
0
-1
0
0
0
0
0
0
1
0
1
1
0
1
0
0
0
0
0
0
0
0
0
0
-2
0
2
0
0
1
0
-1
0
0
0
0
-2
0
1
0
0
-1
-1
0
0
0
0
0
-1
0
0
0
0
-1
0
0
0
1
1
0
0
0
0
0
-2
0
1
0
0
0
0
0
-2
-1
1
0
0
1
1
-1
0
1
-1
0
0
-1
1
0
0
0
0
0
0
0
0
-1
-1
0
0
-1
0
1
0
0
-1
0
-1
0
0
0
2
0
0
0
0
0
-1
0
0
0
1
1
0
0
0
0
0
0
-1
0
1
-2
0
1
1
0
0
0
1
1
0
0
-1
-1
-1
0
0
0
1
1
0
0
0
0
0
0
0
0
1
0
1
0
-1
0
0
0
0
0
0
0
-1
-1
-1
0
1
1
0
0
0
0
0
0
0
1
0
0
0
0
-1
0
0
0
0
0
0
1
1
0
0
0
-1
0
0
-2
1
1
0
0
0
0
0
-1
0
0
-1
0
0
0
0
0
2
-1
0
1
-2
-2
0
0
0
0
0
0
-1
0
0
0
2
1
0
0
0
0
0
1
1
0
0
0
-1
0
0
0
0
0
0
0
-1
0
0
0
0
0
1
-1
0
1
0
0
-1
0
0
0
0
0
-1
0
0
0
-1
0
0
0
0
0
0
0
0
1
0
1
1
1
0
0
0
0
0
0
0
0
0
0
0
0
-1
0
0
0
0
-1
0
0
-1
0
0
0
1
1
0
0
1
0
0
1
1
0
0
0
1
-1
0
0
0
1
0
0
-1
-1
0
0
1
0
0
0
0
0
0
1
-1
0
0
0
0
0
0
0
-1
0
0
0
1
0
0
0
0
1
0
0
1
0
-1
-1
0
-1
0
0
0
0
0
0
1
1
0
0
0
0
0
0
0
-1
-1
0
0
0
0
-1
0
0
-1
0
0
1
0
0
0
0
0
-1
0
1
0
0
1
0
0
1
0
-1
0
0
1
0
0
0
0
0
0
0
0
0
-1
0
2
0
1
-1
-2
0
-1
0
0
0
0
0
0
1
0
0
0
0
-1
-1
0
0
1
0
0
0
0
0
1
0
0
0
0
1
0
0
1
1
0
1
-1
0
0
-2
0
0
-1
0
0
0
0
-1
0
-1
-1
0
-1
1
0
2
1
1
0
1
0
0
0
0
0
1
0
0
-1
0
0
0
-1
0
0
-1
0
1
0
0
0
0
0
0
0
0
0
0
0
0
0
0
0
-1
-1
0
0
0
0
0
0
1
1
1
0
0
0
1
0
0
0
0
0
0
0
0
-1
-1
1
-1
-1
-1
-1
0
0
0
1
0
-1
0
1
0
0
0
0
0
0
0
0
0
1
1
0
0
0
0
0
0
1
1
1
1
0
1
0
0
0
0
0
-1
0
0
0
0
0
-1
-1
0
0
0
-1
-1
0
-1
-2
-1
-1
0
1
1
0
0
-1
1
1
0
0
1
2
0
0
0
0
-1
1
1
0
2
1
0
1
1
0
-1
0
0
0
0
0
-1
0
0
0
0
-1
0
-1
-1
-1
-1
-2
0
0
0
0
0
0
1
0
0
1
0
0
0
0
-1
0
0
0
3
1
0
0
0
0
0
0
0
0
-1
0
0
1
0
1
0
0
0
0
0
0
0
0
1
1
1
0
0
0
-1
0
0
-1
0
0
-1
0
-2
-1
0
1
3
1
0
3
0
-1
0
0
0
0
-1
0
1
-1
0
0
-1
1
0
0
0
0
0
-2
-3
0
0
0
1
0
0
-1
-1
-1
-2
-2
0
0
1
2
3
2
1
3
1
-1
0
1
0
0
-1
0
0
0
1
0
-1
-1
-1
1
0
-1
-1
-1
-1
0
0
-1
0
1
0
0
2
1
1
2
0
-1
2
0
-3
-3
0
0
-2
-3
-3
2
1
-1
-1
0
0
0
2
2
1
1
0
0
0
-1
-1
-1
0
0
0
0
1
2
0
0
3
0
-1
-1
1
1
-3
-1
1
0
1
0
0
0
0
-1
-3
-1
0
0
0
1
0
0
0
1
0
-1
0
0
-3
0
1
2
0
0
1
2
1
0
0
2
3
0
0
0
1
0
-5
-3
1
0
0
-1
0
1
-1
-1
0
1
0
0
0
1
1
0
-3
-1
-1
-1
-1
-2
-1
0
1
-1
-3
1
3
0
0
1
2
3
1
-1
0
6
0
0
0
0
2
-1
-4
-2
0
0
-2
-2
3
0
-2
-2
0
3
1
-2
0
0
1
0
-1
1
-2
0
3
1
-1
-1
1
2
0
-2
-1
0
1
0
-2
0
0
0
0
-1
2
2
0
0
0
2
2
-1
-1
-1
1
0
-2
1
1
0
-2
-1
0
-1
0
1
-1
-1
-1
0
-1
-3
0
1
3
3
0
0
2
4
2
1
1
1
-1
-1
-5
-4
0
0
0
1
1
0
1
0
0
0
0
0
2
0
1
-1
0
0
-1
1
0
-1
-1
-1
0
-3
-1
2
-1
-3
0
1
3
0
-2
-1
5
4
0
-3
-3
0
2
3
-2
-2
-1
-1
1
0
0
0
0
0
3
1
-3
1
2
0
1
0
-1
-1
-2
0
-2
-1
2
0
0
1
1
2
0
0
1
1
0
-1
0
0
0
-2
-1
1
1
0
3
3
0
0
0
-1
-3
-5
-5
-3
-4
-3
0
1
1
2
0
1
0
0
4
0
0
3
2
-1
0
4
2
0
-1
1
1
0
0
-3
-1
0
0
-1
1
0
-2
-1
-4
-2
-2
-2
1
0
0
0
2
4
10
11
10
10
3
0
-2
-6
-9
-13
-15
-13
-10
-7
-4
-4
0
6
3
10
12
12
11
4
5
8
3
1
5
1
-5
-6
-5
-4
-6
-6
-6
-11
-8
-6
-5
-1
0
4
5
6
8
5
5
5
5
4
2
-2
-8
-5
-6
-5
-2
0
3
2
3
2
0
0
2
-1
-5
-1
-1
-3
-1
2
0
6
8
0
0
0
-8
-13
-6
-6
-4
-3
-1
3
6
0
-4
-3
2
5
3
3
10
20
23
16
11
8
2
-7
-18
-24
-28
-23
-17
-13
-2
4
8
12
13
10
4
0
-3
-3
-1
3
10
10
15
19
13
10
5
0
-8
-13
-14
-17
-19
-21
-19
-17
-15
-10
-4
2
11
15
17
21
24
22
16
12
3
-3
-8
-14
-13
-12
-9
-4
-2
3
10
11
12
8
5
-2
-9
-11
-10
-8
-7
-1
0
2
5
5
5
5
3
0
-2
-5
-7
-9
-5
-2
-9
-9
-3
-2
-2
6
10
11
13
16
13
7
6
4
3
2
-2
-4
-4
-7
-9
-12
-14
-13
-10
-1
-3
-6
5
0
3
10
7
4
8
1
0
0
0
2
-5
0
0
-3
6
3
-1
0
-2
-5
0
5
2
4
4
-3
5
6
7
10
1
-2
-7
-9
-8
-7
-2
-3
-10
-9
-7
-8
2
6
2
0
5
2
5
11
5
5
1
-4
-3
-2
4
3
0
2
-1
-5
4
1
0
8
-4
-5
1
-3
1
5
-6
-2
0
-2
1
-2
-4
1
0
0
-1
-1
3
-2
-7
-3
7
5
-5
-8
2
9
2
2
6
10
7
1
3
3
-7
-15
-6
-1
0
-1
-2
5
5
-2
-4
6
8
-2
-13
-6
3
-5
-6
4
5
-3
-1
10
12
1
-7
0
3
-10
-7
13
16
7
4
7
1
-10
-6
1
0
-14
-21
-21
-10
2
14
25
21
7
-3
2
9
4
-6
-22
-30
-30
-23
0
16
9
-4
0
16
26
25
26
12
-1
-11
-15
-10
-5
-2
-6
-1
6
15
23
11
3
10
6
-13
-19
-9
-6
-20
-26
-8
14
5
-17
-10
18
33
15
-7
-5
12
9
-18
-23
5
15
-11
-21
-2
14
10
-1
-10
-11
-1
0
-11
-19
-7
13
14
7
0
3
12
7
7
22
22
16
24
28
5
2
11
-9
-21
-18
-30
-27
-18
-19
-17
-25
-25
-10
-16
-25
-11
5
18
15
6
22
30
9
9
21
2
0
9
-13
-3
26
0
-3
25
8
-7
-6
-3
25
22
-16
-7
-7
-19
-2
-28
-57
-15
2
-37
-35
7
16
-11
7
38
9
13
56
21
-29
-7
15
3
-11
-24
-31
-26
-13
24
22
-7
26
54
1
-36
15
30
-28
-9
45
25
1
18
27
-20
-45
-3
-5
-53
-38
2
-33
-38
29
26
-16
-14
1
-9
-23
3
-8
-28
22
19
0
64
81
27
8
0
-35
-12
19
3
35
50
13
12
-23
-45
-1
-6
-7
5
-27
-23
-22
-49
-31
-16
-30
5
47
11
-4
10
-21
-31
-53
-49
33
23
10
58
0
-20
31
0
-30
16
58
32
11
14
22
9
-48
-20
20
-22
7
32
-1
6
9
-5
-8
-5
-1
-8
-17
-38
-31
-21
-26
-18
-44
-15
5
-43
-23
43
70
29
32
68
23
-7
7
14
17
5
20
8
-48
-17
8
1
3
7
5
-10
5
-8
-53
-30
-13
33
44
13
61
39
14
-9
-90
-86
-60
-60
-7
1
5
28
13
17
-5
-14
-4
13
28
-21
-9
32
10
26
8
-12
34
51
37
-11
-10
0
-55
-23
-17
-32
58
13
-43
15
8
5
37
5
-29
11
30
13
24
-13
-12
30
-37
-47
14
-8
-8
11
12
5
-10
30
18
-41
-47
-26
-8
41
30
3
2
17
20
-29
-76
-57
-29
4
25
31
41
15
37
27
-10
-3
-1
-9
-1
0
11
-26
-77
-39
55
83
36
4
-2
39
14
-10
-21
-58
-37
-46
-89
-50
8
32
44
57
74
59
71
0
-90
-58
-46
-7
15
38
29
-9
-18
-19
15
-12
-41
-57
0
41
-11
35
70
36
10
26
-15
-70
-33
-4
5
24
49
7
-68
-29
27
-15
-39
-8
-17
-8
63
49
-26
-23
-1
44
51
62
53
-17
-101
-110
-41
-24
39
21
37
71
18
-1
12
-29
-84
-1
-70
-46
76
75
41
-42
-43
12
46
20
65
-12
-95
69
-52
-145
-24
55
59
49
26
-49
-25
-10
-9
-18
13
14
55
78
18
-31
-88
-7
30
0
27
-16
-24
28
0
40
68
-21
-12
-53
-16
38
-47
-39
5
8
-36
21
6
-83
34
50
-34
5
31
-3
-25
14
40
-8
-49
-20
24
8
-19
1
6
49
34
-63
-55
-24
38
93
36
-9
-8
-60
-15
-3
-27
-6
6
95
21
-26
16
-75
-53
18
-17
5
55
48
16
-45
-2
23
-24
35
14
-76
-1
37
14
21
-69
-43
21
-19
20
6
4
74
-1
-40
-19
46
28
-24
-7
-36
-33
24
-24
-54
54
52
26
33
32
-6
-38
-39
-60
26
24
3
6
-11
10
-67
-47
24
12
64
53
-37
1
55
-69
-30
3
-46
-25
3
70
38
4
-7
-39
-7
-22
4
16
-21
0
17
21
5
-25
14
32
5
-16
42
21
-79
8
43
-24
43
19
1
40
14
-10
-14
-42
8
40
-39
-55
22
21
-77
-24
22
5
-18
-28
1
-19
-21
1
9
-6
18
5
6
40
24
-1
-39
33
61
-22
-7
42
-9
-15
-15
-50
59
53
-19
42
4
5
12
-90
-55
-44
-7
27
17
19
-43
-30
39
30
-21
21
46
29
-19
14
7
-58
32
1
-42
-17
-52
-18
10
52
89
77
5
-50
-79
-93
-79
27
10
-26
62
-4
11
111
41
27
42
-39
-37
-12
45
42
2
-2
-70
-5
38
-14
19
-63
-97
90
103
-5
4
-49
-68
-39
-29
28
26
-26
-7
-39
-156
-63
28
-32
39
23
-45
50
30
0
42
1
-41
32
-5
-1
41
-7
-17
32
97
-25
-18
25
36
48
82
137
21
-46
-2
-4
-32
-66
-122
-101
-21
5
-13
-17
14
45
17
10
3
-47
4
53
-27
-5
27
-37
54
82
-13
-7
-14
-35
-5
23
4
-58
-41
2
8
-10
-29
19
50
20
11
6
-24
3
-7
-44
-35
-29
9
38
28
47
35
8
18
0
-25
-38
-5
26
0
-8
35
-39
-56
41
0
-18
3
-2
26
5
7
-35
-19
52
2
-32
-39
19
77
16
-68
-10
54
24
-31
-42
4
-14
24
0
-52
15
5
-10
19
47
11
-47
-20
11
2
-39
-16
42
-19
-23
40
3
15
45
9
8
11
9
24
-16
-25
30
2
-44
-19
-5
21
33
-14
-25
-4
-9
-7
4
10
-17
-28
-2
-1
18
15
-2
-20
-1
48
5
-87
-30
54
-4
-33
-28
11
32
22
24
-4
21
37
21
-15
-37
28
15
-38
-6
5
-9
-24
-5
0
-7
-5
-6
-7
4
25
-15
15
28
-5
9
-4
-4
4
7
7
-10
3
39
-22
-47
35
24
-44
-32
1
10
-10
-23
14
12
-12
12
8
-1
17
-1
-14
37
30
-51
-24
35
12
1
2
-1
3
-7
-3
5
-7
-17
7
13
-33
-33
25
17
-27
-22
13
17
-28
-17
21
16
2
-8
1
31
18
-3
-13
3
27
-3
-2
27
10
-12
-8
-14
-7
30
2
-36
-5
9
-19
-15
0
14
14
-22
-11
0
-12
0
13
9
10
4
-4
5
7
11
-4
-63
-5
95
28
-66
-17
35
-15
-26
8
20
17
4
-14
-15
-4
13
35
-13
-29
15
-18
-27
23
-1
-12
23
-1
-2
11
-24
-21
24
20
-17
-29
1
1
-27
16
63
9
-50
1
45
-5
-22
17
-1
-11
10
-6
-7
0
-1
14
5
-13
-2
-10
1
16
-3
-5
-1
2
3
-28
-29
10
6
-6
-7
0
8
-4
-12
7
23
10
1
11
15
-16
-22
21
41
7
-10
-3
-4
7
21
5
-33
-31
12
-4
-60
-18
31
-4
-21
0
4
2
3
2
1
13
16
-6
-5
12
12
17
13
0
11
13
8
2
-12
0
3
-13
-5
0
-23
-19
-6
-7
-7
-9
10
-1
-17
11
9
-19
-9
18
4
-7
8
16
21
14
-3
-6
12
7
-29
-11
27
1
-35
-3
29
-6
-23
12
9
-20
-12
4
6
-5
-10
0
8
5
-6
-2
12
2
-3
9
10
-7
-11
2
-2
-6
-1
4
6
0
0
3
11
3
-4
-3
-4
9
-1
-12
15
13
-1
-1
-8
-5
1
-8
5
10
-10
-5
-3
-4
3
-15
-8
22
-2
-17
4
6
14
6
-9
1
2
-1
0
11
7
-2
-2
4
8
-10
-5
10
0
-16
-14
-5
1
6
-8
-5
12
0
-7
11
8
-10
1
6
-13
-14
11
17
-1
-11
5
20
1
-29
-15
19
20
-10
-14
19
15
-16
-13
13
10
-3
-1
-4
-4
-1
2
1
-9
-6
26
17
-26
-16
11
7
-3
-8
-4
21
9
-30
-9
22
-2
-23
2
17
12
-4
-11
-5
2
10
-4
-15
5
9
-17
-12
16
15
5
1
0
-5
7
15
-21
-34
21
31
-16
-2
31
14
-19
-8
4
-5
0
-8
-14
4
5
-9
-5
11
2
1
24
-13
-48
11
24
-4
-3
-2
-1
-8
-4
10
11
17
-5
-45
2
57
-2
-56
-12
36
10
-20
14
27
-13
-15
4
-5
-6
0
0
3
12
14
14
-4
-34
-15
7
-22
0
45
1
-14
28
-4
-35
8
3
-24
-2
11
0
7
20
14
8
-7
-25
-14
4
-3
10
15
-11
-10
0
-14
4
41
12
-23
6
-5
-74
-27
50
30
10
22
2
-19
1
-22
-29
30
11
-23
-1
6
-2
6
11
3
8
0
-16
2
22
-8
-26
-5
-8
-1
14
-8
7
31
13
1
-12
-25
-1
31
9
-20
-9
15
-1
-13
1
-12
2
29
-7
-32
-5
26
43
-10
-50
-15
1
11
12
-11
-5
10
7
-1
-9
2
-1
11
16
-16
-24
-8
11
33
13
-23
-7
22
11
-34
-13
25
-2
-14
-8
2
8
4
1
7
24
11
-19
1
4
-35
-21
11
0
19
30
1
-17
-8
-6
-13
-3
-4
9
6
-23
-10
29
45
6
-9
0
0
-17
-45
-13
26
15
-11
10
25
-11
-26
22
25
-35
-24
16
7
-13
0
2
7
37
13
-27
-13
19
-6
-33
-14
1
-1
10
12
4
1
0
0
0
4
-21
-10
25
4
-21
4
39
9
-16
-1
4
0
0
5
-1
-11
-8
-5
-11
2
9
3
0
9
17
-2
-12
-9
-22
-20
-3
5
-2
6
33
13
1
13
-5
-17
-4
-3
-22
-12
10
7
4
14
19
6
-21
0
14
-29
-14
15
-15
-21
18
18
-1
3
12
16
11
4
-2
-22
-24
7
3
-16
8
13
2
15
10
-11
-11
-3
-1
-19
-20
10
9
-13
0
23
2
10
22
-16
-14
19
-10
-20
11
-12
-34
14
40
-10
-14
20
7
5
16
-11
-28
-7
1
-7
-2
0
-1
12
13
11
6
-8
-9
0
0
-3
-8
1
7
-3
-1
10
7
-3
3
14
10
-6
-15
1
-4
-24
-8
0
3
15
0
-13
15
20
-13
-13
8
-3
-20
-2
11
5
-9
-4
17
15
1
-14
-13
7
8
-10
-2
16
13
20
5
-10
3
0
-22
-34
-15
-4
-9
-7
12
32
27
1
6
21
-1
-26
-23
0
-5
-13
0
12
6
3
14
16
0
-8
3
-7
-21
-4
-3
-9
2
16
5
0
16
12
-11
-18
0
-1
-13
-6
8
11
11
9
6
2
-11
-15
-9
-15
-22
-1
20
18
9
7
24
26
-10
-25
-11
-1
-14
-31
-7
16
10
-3
2
18
13
1
-9
2
9
-13
-16
2
0
-9
8
10
0
8
3
1
4
-8
-8
-1
-6
-3
-1
-6
6
10
9
8
5
10
8
-12
-25
-10
-17
-24
-8
1
20
28
13
19
24
1
-15
-10
-20
-24
-11
-13
-7
5
2
12
24
7
1
12
9
-3
-10
-13
0
-1
-18
-2
12
2
4
8
6
4
-5
-1
6
0
-4
4
7
-1
-9
-3
0
-13
-9
-1
-4
2
6
4
16
14
2
5
-2
-14
-11
-19
-18
0
4
3
10
17
15
8
-2
-5
-2
-4
-8
-8
0
6
-1
-4
7
1
-5
3
2
-7
0
6
-2
0
3
1
2
0
-7
-5
4
0
-1
6
5
-2
-1
3
-1
-5
-2
0
-1
0
3
8
7
0
3
3
-5
-9
-6
-2
-6
0
8
7
6
8
2
-3
-4
-11
-10
-6
-11
-3
10
5
3
11
10
0
-2
-6
-7
-6
-3
0
-1
2
4
1
3
3
-6
-3
0
-1
0
4
10
8
5
-2
-5
-2
-7
-5
-1
-4
1
2
2
4
6
7
2
-1
2
-3
-10
-3
-1
-4
-2
3
1
4
9
1
-3
0
-2
-3
3
2
-2
-1
2
-2
-2
3
-1
0
-6
-6
3
-1
2
5
2
0
-6
-2
-1
1
3
4
4
-1
0
-2
0
2
0
-1
0
0
5
2
0
3
-1
-5
-4
3
9
6
3
1
0
-6
-10
-4
-4
-3
0
1
5
5
7
3
0
-6
-10
-9
-7
0
3
5
5
2
4
6
1
-2
-2
-3
