0
0
0
0
0
0
0
0
0
0
0
0
0
0
0
0
0
0
0
0
0
0
0
0
0
0
0
0
0
0
0
0
0
0
0
0
0
0
0
0
0
0
0
0
0
0
0
0
0
0
0
0
0
0
0
0
0
0
0
0
0
0
0
0
0
0
0
0
0
0
0
0
0
0
0
0
0
0
0
0
0
0
0
0
0
0
0
0
0
0
0
0
0
0
0
0
0
0
0
0
0
0
0
0
0
0
0
0
0
0
0
0
0
0
0
0
0
0
0
0
0
0
0
0
0
0
0
0
0
0
0
0
0
0
0
0
0
0
0
0
0
0
0
0
0
0
0
0
0
0
0
0
0
0
0
0
0
0
0
0
0
0
0
0
0
0
0
0
0
0
0
0
0
0
0
0
0
0
0
0
0
0
0
0
0
0
0
0
0
0
0
0
0
0
0
0
0
0
0
0
0
0
0
0
0
0
0
0
0
0
0
0
0
0
0
0
0
0
0
0
0
0
0
0
0
0
0
0
0
0
0
0
0
0
0
0
0
0
0
0
0
0
0
0
0
0
0
0
0
0
0
0
0
0
0
0
0
0
0
0
0
0
0
0
0
0
0
0
0
0
0
0
0
0
0
0
0
0
0
0
0
0
0
0
0
0
0
0
0
0
0
0
0
0
0
0
0
0
0
0
0
0
0
0
0
0
0
0
0
0
0
0
0
0
0
0
0
0
0
0
0
0
0
0
0
0
0
0
0
0
0
0
0
0
0
0
0
0
0
0
0
0
0
0
0
0
0
0
0
0
0
0
0
0
0
0
0
0
0
0
0
0
0
0
0
0
0
0
0
0
0
0
0
0
0
0
0
0
0
0
0
0
0
0
0
0
0
0
0
0
0
0
0
0
0
0
0
0
0
0
0
0
0
0
0
0
0
0
0
0
0
0
0
0
0
0
0
0
0
0
0
0
0
0
0
0
-1
0
0
-1
-1
-1
0
0
-1
-1
-2
0
0
0
3
1
4
2
0
0
-1
-2
0
0
3
4
1
0
0
-1
0
2
3
3
0
-4
-4
-2
-3
0
2
1
4
2
-2
-2
-2
-2
-3
-1
0
0
1
2
3
3
4
1
-1
0
-3
-3
-1
0
-1
-3
0
3
0
3
6
6
7
4
2
0
-4
-4
-7
-7
-3
-1
0
0
2
3
4
1
-1
0
-4
-5
-3
-7
-5
0
-2
-3
1
3
3
1
5
6
3
1
-1
0
-3
-3
0
0
-2
1
1
1
2
5
2
1
3
2
1
1
0
1
0
-2
-3
-3
-6
-7
-3
-3
-2
0
3
3
4
6
4
2
0
-3
-3
-8
-8
-4
-1
1
4
8
7
6
3
0
-3
-5
-9
-7
-1
-1
3
5
5
5
4
2
-1
-3
-3
-4
-3
0
0
2
7
7
2
-2
-2
-4
-3
-3
-4
0
0
0
1
4
1
2
3
1
0
-3
0
3
1
0
-2
-1
0
-2
-2
2
2
2
2
0
0
1
-1
-2
-2
-1
0
2
3
0
-1
0
0
-2
-1
-1
0
1
-1
-3
-4
-2
0
0
-2
0
1
1
0
1
2
5
6
2
3
0
0
-2
-5
-6
-4
1
3
6
8
7
7
3
-2
-6
-9
-14
-10
-8
-2
3
9
12
13
9
0
-4
-10
-14
-17
-13
-7
0
7
14
17
15
8
2
-4
-8
-14
-17
-11
-4
1
7
15
19
17
11
1
-6
-14
-19
-19
-14
-4
6
10
16
19
15
6
2
-6
-13
-16
-18
-12
-4
0
7
11
14
12
9
7
0
-7
-6
-11
-14
-9
-8
-2
4
8
10
10
11
5
2
-2
-7
-10
-13
-10
-2
4
9
12
11
10
3
-3
-6
-9
-7
-5
-3
0
7
7
5
3
1
-3
-3
0
-2
-4
-5
-5
-2
3
7
3
3
0
-2
0
0
0
-3
-4
-3
-3
-1
0
0
1
3
3
4
5
3
1
0
-1
0
0
-2
-1
-3
-1
1
2
2
4
0
0
2
2
0
-1
-1
-2
-3
-1
2
3
0
0
0
0
0
0
-2
-3
-2
0
1
0
-1
-1
0
2
0
0
0
0
0
0
0
0
0
0
2
5
5
3
0
1
-1
-5
-2
-2
-5
-2
-1
0
2
1
1
1
0
-1
1
3
1
1
0
0
-1
0
-1
0
0
0
2
1
0
2
0
-1
-2
-2
-1
0
0
-1
0
0
0
-1
-1
0
0
0
0
-1
0
0
0
0
0
1
1
-1
2
2
3
4
1
0
0
0
0
-1
0
-1
0
0
-2
-1
0
0
-1
-1
-2
-1
1
-1
0
-1
0
1
0
0
3
1
1
0
0
0
0
0
1
0
0
1
0
1
1
0
0
1
0
-1
-1
-2
-1
-2
-2
-1
-1
-1
0
0
0
0
0
0
0
0
0
0
1
2
1
-1
-1
0
1
2
0
0
2
-1
-1
0
-3
0
1
-1
-1
-1
-1
0
0
0
0
0
-2
1
0
0
1
0
0
1
0
0
0
-1
0
1
0
0
0
0
0
0
0
0
0
-1
2
2
0
0
-4
-2
0
-1
0
1
0
0
0
0
0
0
-2
0
0
-1
0
-1
0
1
1
2
1
0
1
0
-2
-2
-1
0
1
1
2
1
0
0
0
0
1
0
-3
0
0
0
0
0
-1
0
0
0
-1
0
0
0
0
1
0
-1
0
2
0
0
0
0
0
0
1
0
0
0
1
0
-1
0
0
0
0
0
0
-1
-1
0
0
2
1
0
0
0
0
-1
0
0
-1
0
1
0
1
0
0
1
0
1
0
-1
0
0
0
0
-1
0
0
-1
-1
0
0
0
0
-2
0
0
0
0
0
-1
-1
0
1
0
1
1
1
2
0
0
0
0
0
-1
0
0
-2
-2
0
0
1
0
-1
0
1
0
0
0
0
0
-1
-2
0
-1
0
0
-2
-1
0
0
2
3
2
1
1
2
1
1
0
0
0
0
0
-1
-2
0
-2
-1
1
-1
-1
0
0
0
0
0
-1
-1
0
0
-1
0
0
1
2
1
0
0
1
1
0
-1
0
0
0
0
-1
0
0
0
2
0
0
1
1
1
0
0
0
0
1
0
-1
0
-1
0
0
-1
0
0
-2
-1
0
0
0
0
0
-1
0
0
1
0
0
0
0
0
0
0
0
0
0
0
0
-2
2
0
0
-1
0
0
-1
0
-2
0
0
0
-1
1
1
-1
0
2
1
0
1
1
0
0
-1
0
1
0
0
1
-1
-2
-1
0
0
0
-1
0
0
0
0
0
1
0
-1
1
0
-1
0
0
0
0
0
0
0
0
0
0
0
-1
0
0
0
0
0
0
1
1
0
0
1
0
0
2
1
0
1
0
0
-1
-1
0
0
-1
-3
-2
-2
0
0
0
0
0
0
0
0
0
0
0
1
0
-1
0
0
0
0
0
3
-1
0
2
-1
1
2
-1
0
1
-1
-1
-1
0
1
0
1
0
-1
0
-1
0
1
0
-2
0
0
1
1
1
0
3
3
1
0
0
0
0
1
-1
-2
-3
-3
-1
0
-1
-2
0
0
-1
-1
-1
0
1
0
0
1
0
-1
0
1
1
1
0
1
2
0
1
1
1
1
1
0
-1
0
-1
0
0
1
0
-1
-2
0
1
-2
0
1
0
-1
-2
0
0
-1
0
-1
1
1
0
3
0
-2
0
0
0
1
2
0
1
1
0
-1
-2
0
0
0
1
0
0
-1
-2
0
-1
0
0
0
1
1
0
-1
0
-1
0
0
2
0
1
1
0
0
3
1
-1
0
0
-1
0
0
0
-1
0
1
1
0
0
-1
-2
-1
-2
0
0
0
0
-1
-2
1
0
0
0
1
0
0
0
1
1
1
0
0
0
0
0
1
1
0
0
0
0
0
0
-1
-2
0
-1
-1
0
0
0
1
1
0
0
0
-1
-1
-1
2
1
0
2
0
0
1
1
1
0
-2
-4
-1
0
0
-1
0
0
0
1
1
-1
-1
0
0
2
0
1
1
1
0
0
0
-1
1
1
0
1
-1
-2
-2
-1
-1
-2
0
0
0
1
1
0
0
-1
1
3
1
1
0
2
0
3
2
-3
-2
-4
-3
-1
0
2
1
0
0
0
2
2
-1
0
0
1
2
1
0
-1
-1
-1
-3
0
-1
1
2
0
-1
-1
-1
-1
1
0
0
0
1
0
0
0
0
0
0
-1
-1
-2
0
0
0
0
-2
0
0
1
1
0
0
0
0
0
0
1
1
0
2
0
-2
0
-2
2
3
2
0
-2
-2
0
0
0
0
0
1
-1
-2
-1
0
2
1
-1
-1
-1
0
-2
0
0
-3
0
0
-1
0
0
0
1
-1
2
0
2
3
1
0
-1
0
-1
0
-1
0
-1
1
0
-1
2
1
2
3
1
-2
-2
0
-1
3
4
1
5
1
-1
-4
-6
-5
-5
0
1
3
9
7
7
0
-3
-9
-15
-13
-11
-3
8
15
23
23
13
2
-11
-24
-30
-27
-14
4
21
31
36
26
9
-10
-26
-37
-33
-22
-12
8
25
33
37
28
7
-10
-28
-38
-32
-15
-2
9
21
23
26
26
14
-5
-19
-31
-28
-9
2
7
8
6
4
8
9
5
0
-6
-8
-6
-6
-9
-8
-4
-2
8
17
18
15
11
-2
-10
-14
-13
-10
-9
-5
1
8
16
19
14
3
-11
-21
-20
-14
-2
4
9
11
9
13
9
-1
-7
-12
-11
-3
1
6
5
4
0
-5
0
-2
0
2
1
5
4
3
1
-2
-7
-12
-12
-6
1
3
6
8
8
11
7
0
-8
-14
-10
-7
-3
4
5
13
16
12
4
-10
-18
-16
-8
0
1
3
1
0
5
3
2
3
1
5
2
-4
-10
-13
-9
-4
4
9
8
6
2
0
-4
-4
-6
-2
3
7
12
9
0
-4
-6
-4
0
-1
-1
0
-1
0
-1
-7
-5
-3
2
4
3
5
0
0
0
0
6
6
3
-3
-5
-10
-11
-3
6
10
10
8
0
-4
-3
-3
-2
-1
-5
-7
-4
-2
4
11
9
1
-4
-7
-6
0
3
8
6
0
-5
-2
0
3
3
0
-2
-3
-2
3
4
2
2
1
-3
-5
-5
-1
0
-1
0
-2
-4
-8
-7
2
5
10
11
7
6
6
6
2
-4
-9
-16
-15
-7
2
10
14
14
4
1
1
-7
-12
-17
-19
-14
-3
10
11
18
21
9
2
0
-6
-17
-16
-7
-4
0
14
18
13
9
6
6
0
-8
-9
-14
-17
-18
-8
0
2
11
19
17
16
12
-5
-22
-28
-30
-23
-5
25
39
43
41
15
-15
-44
-56
-47
-24
11
34
40
38
21
4
-9
-14
-18
-28
-27
-12
-5
8
22
25
17
9
4
0
0
-1
-6
-12
-18
-25
-21
0
26
34
34
22
-13
-36
-33
-24
-14
4
12
9
13
18
10
-3
-7
-8
-4
7
17
18
19
10
0
-3
-11
-27
-37
-29
-11
3
20
23
5
-12
-28
-41
-35
-10
13
29
40
38
29
27
8
-8
-16
-19
-3
14
29
33
30
23
7
-10
-26
-28
-19
-11
-2
-7
-23
-28
-27
-23
-14
-8
1
10
11
5
-2
-7
-13
-11
7
15
17
22
18
17
11
2
-5
-14
-9
-4
-1
3
6
12
10
0
-6
-9
-4
3
5
11
10
5
4
3
0
0
4
8
13
12
1
-4
-15
-26
-13
-4
3
4
-2
-10
-10
-7
-13
-15
-10
0
9
11
7
-14
-15
0
7
26
19
9
-2
-8
-6
-4
-7
-8
2
12
13
2
-18
-39
-36
-19
12
32
37
26
12
9
-2
-27
-31
-15
13
43
36
1
-17
-23
-10
1
-12
-15
6
30
19
-6
-23
-26
-1
16
8
-5
-5
5
14
0
-14
-12
-1
0
12
1
-22
6
8
-4
4
-1
-7
11
26
3
0
3
-2
2
2
-10
-9
9
9
12
8
-32
-22
5
26
19
-16
-21
-21
4
17
16
-5
-10
0
-17
-9
-18
-8
13
15
14
-14
-12
0
4
26
26
17
15
20
4
-15
-25
-14
-39
-10
17
-2
3
-27
-5
-16
-7
43
24
39
14
-18
-27
-45
-25
12
30
-6
-14
-12
30
92
153
83
-25
-121
-189
-153
-122
-42
-16
42
83
72
76
44
0
-3
16
23
33
40
48
80
107
73
32
-9
-47
-70
-62
-71
-55
-35
-41
-56
-57
-32
-26
0
-16
-35
-12
-15
22
80
69
42
-13
-51
-41
-4
36
45
32
26
39
44
58
29
8
16
-4
18
36
19
0
-15
-20
-86
-64
-39
-84
-44
7
12
-5
57
41
-6
10
-16
-37
-34
10
-7
-27
-3
-13
12
31
32
29
19
32
30
18
0
-15
-28
-48
-74
-81
-63
-21
23
63
74
57
59
48
29
23
18
6
-13
-6
-19
-20
-5
-12
-10
-5
-4
-16
-13
-12
-21
-12
-12
-14
-4
0
9
5
2
8
2
-8
-6
3
-4
-6
4
1
4
17
15
4
10
12
7
5
-3
-11
-11
-7
-4
-7
-8
-1
2
3
5
6
10
15
9
0
-9
-16
-17
-16
-10
-5
-3
-2
0
-1
-1
0
0
0
0
5
5
6
6
5
8
8
8
5
1
-7
-1
0
-4
3
3
-1
0
3
1
-4
0
0
-3
0
-3
-3
-3
-2
-2
-2
-2
-5
-1
0
0
1
3
2
3
4
5
2
1
0
-4
-3
-4
-3
2
4
1
4
3
4
2
2
6
0
0
0
-2
-2
0
-1
-3
-1
-2
-2
0
0
-1
-1
0
0
-1
0
1
1
0
1
0
-1
0
-1
0
0
0
3
3
1
3
0
-1
-1
-3
0
-1
1
1
0
4
0
0
0
-2
-2
0
2
0
4
2
1
3
-1
-1
-1
-3
-3
-1
-2
0
0
-1
0
0
0
0
0
0
0
0
1
0
1
0
0
0
0
2
1
0
1
0
0
0
0
-2
-1
1
0
-1
1
0
0
0
-1
0
-1
0
0
0
0
0
-1
1
0
-1
0
0
1
1
0
0
0
0
-1
-1
-1
-1
0
0
0
0
1
1
0
1
2
-1
0
0
0
-2
-2
-1
0
1
1
0
1
0
0
0
-1
-1
-1
0
-1
0
0
0
1
0
1
-1
-1
0
0
0
0
2
1
0
0
0
-3
-1
0
0
0
0
0
0
0
0
0
-1
0
-1
-1
0
1
1
1
0
-1
0
0
-1
0
0
0
1
1
2
0
0
0
-1
-2
-1
-2
0
0
0
0
0
0
1
0
0
0
0
-1
0
0
0
0
1
0
0
0
0
-1
0
0
0
0
0
0
0
0
0
-1
0
-1
-1
-1
-1
0
2
1
2
0
0
0
0
-1
0
-1
0
1
0
-1
0
-1
2
0
0
0
0
1
0
0
0
0
0
0
-1
0
0
0
0
1
0
0
0
0
0
0
0
0
0
0
0
0
0
0
0
0
0
0
-1
0
0
0
0
1
0
0
0
0
0
0
0
0
0
0
0
0
1
1
0
0
1
0
-1
0
0
-1
0
0
0
0
1
0
-1
0
0
0
0
0
0
0
0
0
0
0
0
0
0
0
0
0
0
0
0
0
0
1
-1
0
0
0
0
0
0
0
0
0
0
0
0
0
0
1
0
0
0
0
0
-1
-1
-1
-1
0
0
1
1
0
2
0
-1
0
0
0
0
0
-1
0
0
-2
0
0
0
2
3
1
0
0
-2
-3
-2
-2
-1
2
3
4
3
0
-1
-4
-4
-5
-1
3
4
6
6
1
0
-5
-8
-7
-5
0
4
8
8
5
2
-2
-6
-8
-6
-4
1
5
8
6
4
0
-4
-6
-6
-4
0
3
5
7
3
0
-3
-6
-5
-5
-1
2
5
7
5
1
-1
-4
-7
-5
-2
1
4
5
5
3
1
-2
-4
-5
-3
-1
1
2
3
2
0
0
-1
-1
0
0
0
2
0
-1
-2
-2
0
0
2
2
2
4
0
-3
-2
-5
-3
0
0
3
3
4
3
0
-2
-2
-4
-3
0
0
1
3
2
2
0
-2
-2
-3
-1
0
0
0
2
0
0
1
-1
-1
0
0
1
0
0
0
0
0
0
0
0
0
1
0
0
0
-1
0
0
-1
0
0
0
0
0
0
0
0
0
1
1
0
0
0
0
0
0
0
-1
0
1
2
1
0
0
0
-1
0
0
1
0
1
1
0
0
-1
-1
-1
-1
0
0
0
0
2
1
1
1
0
-1
-1
-2
-1
-1
-1
0
0
1
2
2
2
1
1
0
-1
0
-1
0
-1
0
0
0
0
0
0
-1
0
0
0
-1
0
0
0
1
1
0
0
-1
0
-1
-1
0
0
0
2
2
3
2
1
0
0
-1
-1
-2
-2
-2
0
0
2
1
2
0
0
0
0
0
-1
0
0
0
0
1
0
1
0
0
0
0
0
0
0
0
0
0
0
0
-1
0
0
0
0
0
1
0
0
0
-1
0
0
0
1
1
2
1
0
0
0
-1
-1
-1
0
0
0
1
2
1
1
0
0
-1
-1
-2
-1
-1
0
0
1
0
0
0
0
0
0
0
0
0
0
0
0
0
0
0
0
0
0
1
0
0
0
0
0
-1
-1
0
0
0
0
1
1
0
0
0
0
-1
0
-1
0
0
0
1
0
2
1
1
0
0
0
0
-1
-1
-1
0
0
1
1
2
2
1
0
0
-1
-2
-2
-2
0
0
1
2
3
2
1
0
0
-2
-2
-2
-2
-1
0
1
2
2
2
1
0
-1
0
-2
-2
0
-1
0
0
1
1
2
1
1
1
0
-1
-2
-3
-2
-1
0
0
2
3
3
1
1
1
0
-1
-1
-3
-3
-2
-1
-2
0
2
2
3
3
2
2
1
-1
-1
-2
-3
-3
-2
-3
0
2
1
2
2
1
0
0
0
0
0
0
0
-1
0
-1
0
0
0
1
0
0
0
2
1
0
1
0
0
-3
-2
0
-1
0
1
1
0
-1
-1
0
-2
0
1
0
3
3
1
4
1
0
0
0
-1
0
0
0
-1
0
0
-2
-1
0
-1
-2
0
0
0
-1
-1
0
1
0
1
2
1
1
0
0
2
1
0
0
0
0
0
0
1
0
0
0
-3
-1
1
0
1
0
-1
0
0
-2
0
2
0
-2
0
0
-1
2
1
0
1
1
0
0
0
-1
-1
-1
0
1
0
1
1
0
1
1
1
0
-2
-2
-1
-1
0
2
0
2
2
-1
0
-1
-2
0
0
-2
0
0
0
3
3
2
-1
0
0
-1
0
-2
-5
-3
0
4
6
4
3
0
-1
-4
-4
-2
0
0
0
0
0
0
1
0
0
0
-2
0
0
0
1
1
0
0
2
0
2
0
-1
0
-1
0
0
-1
0
1
1
0
0
1
1
0
1
0
-3
-1
0
0
-2
-3
-2
0
2
2
1
-3
-2
2
1
0
0
0
1
1
0
0
1
0
-1
1
2
0
1
2
-2
-1
-1
0
1
0
-3
-4
-1
0
1
0
-1
0
1
2
2
0
1
0
-1
0
-1
0
0
0
0
-1
0
0
1
-1
-2
1
-1
-2
0
0
0
-1
0
1
1
1
0
-1
2
0
0
1
-1
0
0
0
3
0
0
-3
-1
1
-1
-1
0
0
0
0
0
1
0
0
0
-1
1
0
0
1
0
2
0
1
0
0
-1
0
0
0
1
1
0
-1
-2
0
-1
-2
0
1
0
1
2
3
1
1
1
0
-1
0
0
-1
0
0
-1
0
2
0
0
-1
-3
-3
-4
-3
0
0
0
1
4
3
2
1
1
-1
-1
0
0
-1
0
1
-1
1
1
0
1
-2
-1
1
0
-3
0
1
-1
0
0
0
0
3
-1
0
0
-2
0
0
0
0
0
2
1
2
1
0
0
0
1
0
-1
0
-1
0
0
0
1
0
0
0
0
0
-2
-2
1
0
-1
0
0
0
0
-2
-3
0
0
0
1
2
3
1
1
0
0
2
0
-2
0
0
1
2
0
-2
-2
-2
-2
0
2
0
-1
1
0
0
1
0
3
1
0
0
-1
0
-1
0
0
0
1
0
-2
0
2
0
1
-1
-1
0
-2
-1
-1
0
0
0
1
0
1
1
0
3
0
-1
0
0
1
1
0
1
0
0
1
0
0
0
-1
-3
-3
-3
-5
-1
0
0
2
0
0
0
0
-2
2
2
-1
4
2
0
3
0
0
-1
-3
-1
1
-1
0
2
-1
0
0
1
1
2
0
-3
0
-1
0
0
0
0
1
-1
-1
2
2
-1
0
0
0
1
0
0
2
1
-3
-6
-2
0
0
0
0
-1
-2
-2
0
2
3
1
0
0
0
0
3
0
0
0
1
2
0
-1
0
1
0
0
0
-1
-3
-3
-2
-1
-1
0
1
0
-1
0
0
-1
0
0
-1
-1
0
0
1
-1
1
1
4
3
0
0
-1
0
1
2
2
3
2
0
-1
-3
-1
-1
0
-1
0
1
0
0
0
0
-1
-2
1
-2
-1
2
0
1
0
0
0
-2
0
0
3
-1
-2
0
-3
-4
0
0
-1
1
2
1
1
0
3
1
0
0
-1
0
1
2
1
-2
0
1
-1
1
0
1
0
-1
1
-4
-1
-1
-5
-3
-1
0
3
2
1
0
0
0
0
0
1
0
1
1
0
0
2
2
0
0
2
1
-1
0
0
-4
-4
-2
0
2
0
0
0
-1
-2
-4
0
0
-1
-1
0
4
1
0
1
2
0
1
1
0
-1
1
0
0
0
-1
2
0
0
0
0
2
-2
-2
0
-1
0
-2
0
1
0
0
-1
0
1
2
0
-5
0
2
2
1
-7
-5
5
4
-1
-8
-7
5
12
3
-10
-9
4
8
4
0
-5
0
9
3
-3
-6
0
2
0
-3
-1
1
0
1
3
0
2
-1
-2
1
-1
-2
0
0
-2
-5
-2
1
0
1
1
0
1
2
3
0
0
0
0
0
0
-1
-3
-2
1
2
1
2
0
-1
-1
0
0
-1
-1
0
-2
-1
0
1
0
2
2
1
4
1
0
0
0
-1
-3
-1
0
2
3
0
-2
-2
-3
-1
-1
0
0
-1
0
-2
-3
0
0
0
2
4
3
0
2
0
-1
1
0
1
1
0
2
-1
-2
0
-1
-1
0
-1
0
0
1
-4
-4
2
0
0
-1
0
1
-1
0
1
1
3
0
-2
0
2
2
0
0
3
1
-1
-1
0
-1
-1
0
0
0
1
0
-2
0
0
0
0
0
0
0
-1
0
2
0
0
2
0
0
1
0
0
1
0
-3
-1
-3
0
0
-2
0
0
0
-1
0
0
-1
1
1
0
0
0
3
1
2
0
-1
0
-1
0
1
0
1
0
2
2
-1
3
1
-1
0
-3
-4
-1
-1
-1
0
-3
0
1
-1
1
-1
0
-1
-1
1
-2
0
1
0
2
0
3
1
0
1
-1
0
0
0
0
0
1
0
0
-1
0
0
0
0
0
0
1
2
1
1
1
0
-1
-3
0
-1
-1
0
-1
0
0
0
1
1
-3
0
0
-1
0
0
1
0
0
2
2
1
0
0
0
1
-1
-1
-3
-1
0
1
1
-1
-1
-2
-2
2
0
0
0
0
0
0
3
5
3
0
-2
-1
-2
2
3
0
-2
-2
-2
-2
-1
0
0
-3
-1
0
1
1
1
0
0
1
3
1
4
6
0
1
4
1
2
-1
-6
-2
0
1
2
-3
-5
-6
-5
-4
-2
-2
-3
-1
0
4
5
5
4
0
0
0
0
1
0
2
2
0
3
0
-1
0
-7
-4
-1
-2
0
3
0
0
3
-2
0
-2
-2
5
2
2
1
0
5
4
-4
-3
0
-1
0
0
-2
4
2
-6
-3
-4
-2
2
0
-4
-5
-2
0
7
6
0
0
0
1
-2
-2
5
4
2
0
-2
4
2
-3
0
-5
0
1
-1
-1
-5
2
1
4
0
1
3
-2
-4
-7
0
3
0
-1
0
2
3
3
3
0
0
1
-7
-1
3
-5
0
-1
0
3
-3
2
5
-7
-2
5
-8
-1
12
-3
-8
12
3
-3
4
0
0
-6
-10
3
1
-9
1
2
-10
1
5
-2
1
0
0
5
0
10
12
2
9
3
0
7
-9
-5
3
-18
-11
3
-12
-5
11
-4
-3
13
-5
-10
3
-7
-12
1
1
-3
8
15
0
1
10
0
-2
3
-1
-5
3
4
0
3
2
5
-1
-1
0
-11
-1
1
-7
0
4
0
2
1
-1
2
-5
4
2
-14
1
6
-13
-2
6
-6
3
6
2
1
-1
11
1
-15
6
3
-14
2
9
-2
0
12
-1
-7
4
5
-10
-16
1
0
-6
1
6
3
-3
14
11
-13
5
12
-15
-9
9
-5
-11
7
10
-3
9
7
-4
-7
-4
1
-22
0
13
-14
7
15
0
5
-7
-11
-10
-3
-7
-10
16
14
15
30
10
-14
-18
-3
-21
-22
12
25
22
8
8
-21
-24
7
-23
-30
-2
17
19
3
21
21
20
2
-45
-28
-11
-22
-7
14
28
30
8
-7
9
12
-19
-19
6
3
-1
0
-6
-3
0
-16
-22
9
25
12
7
19
15
-5
0
-11
-25
1
-22
-28
19
15
2
7
-4
8
-2
-21
11
8
-3
10
7
-7
7
3
-16
11
12
-24
1
14
-13
22
20
-27
-15
-7
-20
9
7
-19
27
29
-38
-16
43
7
-19
-1
3
0
-4
4
11
3
2
-6
-31
-12
13
-1
-7
27
24
-3
16
12
-26
-15
-3
-21
-1
5
-6
31
28
-36
-12
5
-49
-19
18
-7
31
46
-9
18
27
-39
-15
11
-42
-17
29
12
35
35
1
31
-1
-61
5
9
-64
-13
4
-43
31
49
-41
0
27
-42
8
51
-13
0
14
-30
-5
6
-24
7
17
-7
32
40
2
21
14
-32
-19
-14
-31
-7
0
8
-2
-2
38
-1
-33
25
14
-29
6
10
-21
-6
10
-2
-23
-5
5
12
24
10
12
-1
-7
15
-6
-38
-10
0
-15
8
30
20
-18
14
36
-29
-14
9
-27
-17
-2
-14
4
13
3
14
11
6
0
-3
-1
-4
-3
-21
-10
4
-5
11
18
11
16
-3
-5
17
-22
-34
1
-10
-20
9
16
-1
13
20
3
3
8
3
2
3
-2
0
-2
0
2
-11
-11
-5
-8
-1
-1
-7
1
-1
-5
6
8
1
0
-1
0
13
-4
-8
5
-2
-3
2
0
9
10
-3
0
8
0
-5
-7
-5
5
0
-8
-1
-1
1
0
-3
0
2
2
0
0
1
4
0
-4
-1
3
-2
-3
0
5
3
-3
-5
-2
1
-2
-3
0
1
2
4
2
1
0
-1
-1
-1
-1
0
0
2
4
4
0
-1
-1
-1
-6
-5
-1
-1
0
0
3
2
2
4
2
0
3
0
-5
-5
0
-2
-3
-2
-1
3
0
0
4
4
4
4
2
0
-3
-3
-6
-5
-4
-5
-3
0
2
2
6
8
7
5
2
-4
-5
-4
-4
-4
-4
-1
-2
0
1
5
3
2
2
0
2
1
0
-2
-1
0
0
-1
1
0
-1
0
0
1
0
-1
2
1
0
0
0
0
-4
-1
0
-1
-1
-2
-2
-2
0
0
-1
0
1
0
2
2
0
0
2
0
1
0
-2
-2
0
1
0
-1
0
0
1
2
4
1
-4
0
2
0
1
0
-2
1
0
0
-3
-2
2
3
2
-1
-3
-2
2
2
0
-2
-6
1
5
3
-1
-6
-4
0
1
0
-3
-4
2
6
5
0
-5
-1
4
4
-2
-6
-1
6
3
-1
-8
-2
10
7
-4
-12
-2
11
13
-4
-16
-5
10
9
-5
-12
0
9
10
-5
-14
4
16
2
-18
-6
18
11
-13
-14
12
21
-9
-27
-2
27
15
-23
-31
9
32
10
-16
-20
-1
22
16
-14
-24
1
21
5
-14
-2
9
-11
-16
4
32
0
-44
-16
62
44
-64
-71
33
108
-5
-89
-42
55
77
-26
-60
-2
42
6
-31
0
11
-8
0
1
-2
-21
15
42
-28
-31
2
29
9
-6
-1
-19
-2
12
43
-12
-48
-10
52
30
-57
-49
49
60
-28
-59
-27
64
29
-15
-49
-26
69
17
3
-61
0
16
1
29
-31
24
4
-44
3
35
-15
17
-11
-37
-14
75
2
-35
-5
-63
112
-25
-1
-34
-7
9
24
35
-37
7
-77
70
66
-54
-6
-74
47
74
5
-61
-44
16
80
-3
-72
11
-32
5
63
93
-111
-110
30
138
29
-154
-8
26
29
40
43
-37
-50
-67
-19
216
-45
-90
-82
-10
202
62
-71
-136
-87
69
187
-2
-138
-53
148
41
-137
37
-4
-41
40
87
-27
-215
102
169
-18
-121
-48
54
84
-216
-25
321
44
-70
-462
106
355
47
-185
-76
178
-11
-107
-136
194
40
30
-112
-29
61
-50
109
3
-18
-127
-99
304
26
-257
-185
224
384
-184
-342
-141
418
292
-66
-530
-295
473
262
-102
-174
47
122
100
-328
-68
347
34
-302
-299
353
513
-158
-707
24
588
199
-264
-394
3
193
72
63
-53
-56
-43
35
35
52
64
-217
62
65
-21
42
-180
-45
255
197
-174
-136
11
-84
140
-183
50
312
2
-54
-162
-298
-42
474
189
-184
-297
-29
195
118
-46
-45
-152
59
86
-74
71
-29
18
-13
51
39
-193
107
-77
-72
18
331
0
-254
18
44
77
-100
-123
-118
195
177
204
-160
-145
-210
-49
321
-69
30
65
-158
-5
2
30
344
-235
-301
8
181
243
-183
-64
14
99
0
-244
79
129
56
-183
-83
151
162
5
-234
-87
67
182
74
-181
-117
138
257
-190
-262
-63
103
359
47
-227
11
102
-15
-405
-90
399
20
224
-272
-79
226
55
-22
-490
171
298
-225
-149
241
234
-176
-150
117
-24
-207
104
178
4
-16
-277
-170
515
343
-438
-468
30
601
370
-781
-344
700
459
-370
-875
-70
851
649
-616
-637
234
153
283
-180
18
-206
115
455
-155
-780
-332
1268
75
-512
-219
23
514
-217
-325
213
100
202
-439
-187
153
329
371
-645
-89
300
116
-223
-242
302
77
-90
55
-25
-328
315
211
-437
-139
126
846
-139
-1039
83
556
749
-676
-899
365
402
339
-125
-415
-5
103
404
-527
-130
447
-260
445
-448
-52
471
-332
28
119
45
-255
14
-211
57
469
55
-19
-445
-114
494
50
-304
-367
362
403
157
-622
-620
614
687
-265
-680
145
284
245
-225
-503
298
632
-118
-646
-53
624
-244
-524
462
240
182
-403
-393
446
-2
-241
258
-153
-78
442
-150
-220
-267
112
535
-210
-211
58
207
11
-209
18
172
-158
-90
120
45
192
-712
620
277
-519
34
-205
341
-474
303
288
-135
173
-213
-151
-309
272
410
20
-612
263
649
-34
-636
-707
226
973
378
-422
-634
85
316
-375
514
-421
-269
873
-487
116
131
-688
185
509
588
-856
-215
-90
271
607
-678
-5
93
204
239
-377
-326
273
112
273
-351
-275
579
-102
-394
131
65
-171
292
169
-74
-561
-27
1039
-240
-475
-245
191
217
242
-753
45
675
85
-19
-989
573
381
-361
-74
-50
272
400
-397
-368
-56
33
532
-195
-88
229
-320
382
9
-264
-371
-311
583
728
-735
-410
967
-288
246
-131
-1244
496
803
-97
128
-113
-146
-417
24
140
-189
687
-380
98
605
-636
207
-446
-661
871
-182
494
-55
-532
688
-685
54
113
327
-206
-244
-50
407
52
-437
730
-168
-243
-594
129
733
-19
-556
-69
376
433
-557
89
-403
239
364
-284
387
-852
386
406
-291
193
-441
176
-26
273
-55
-222
146
174
-92
-256
116
-313
467
141
-572
256
142
33
-25
172
-259
-230
16
-527
255
700
371
-186
-12
-415
-455
-144
-58
903
596
-530
-116
-479
221
1
-544
636
277
26
-252
-163
181
-102
321
-282
-378
85
-107
93
251
555
-63
-210
-409
-2
88
-441
191
308
592
4
-823
122
171
-281
429
-375
119
11
-108
534
-110
193
-475
-810
272
131
165
467
399
87
-683
-597
454
361
-391
-508
96
849
685
-501
-655
-218
159
312
376
-517
-123
42
18
981
-336
-379
-504
-735
419
589
696
41
-244
-767
196
134
-256
233
-226
201
333
15
70
-278
122
-144
-280
109
78
131
-75
227
145
-243
-457
-192
86
793
-36
-583
-113
195
912
120
-882
-825
60
588
612
-199
-287
524
-321
-405
370
373
-48
-772
-696
226
1097
489
-70
-524
-662
-153
716
507
222
-338
-657
405
-260
-706
14
-101
-102
192
569
695
128
-128
129
167
-43
-107
6
-260
-427
-419
-76
228
-56
-392
-311
75
733
921
-249
-818
-402
113
1336
493
-262
-621
-844
507
844
185
-497
-639
-410
148
474
67
228
-62
-374
-207
-273
391
146
-229
91
114
21
-201
-35
125
730
287
-396
-760
-446
412
902
661
-630
-865
-620
297
541
354
364
-909
-623
277
398
352
102
-314
-499
254
632
598
108
-601
-444
-297
-450
242
490
512
606
-465
-785
-357
-485
207
751
508
288
-550
-655
-97
174
378
115
-251
-446
335
545
413
96
-523
-597
-377
601
156
-122
373
91
-175
-351
-284
33
72
470
186
-212
-134
-235
-13
-59
183
-25
-100
363
230
103
-375
-289
217
164
131
-263
-414
-270
304
514
384
-202
-294
-246
-197
199
173
132
-114
-66
-46
-295
97
423
219
180
-297
-580
-177
238
578
358
-62
-358
-601
-532
302
516
358
42
-339
-25
106
220
-18
-493
-357
-49
519
791
226
-303
-892
-661
158
636
613
86
-173
-209
-214
208
206
-277
-606
-445
520
574
421
-11
-407
-433
-148
298
185
102
5
45
-101
-111
321
-94
-396
-367
19
369
306
395
115
-223
-496
-429
-155
396
689
202
-265
-592
-346
136
568
396
-108
-429
-442
65
200
257
359
128
-332
-577
-245
222
495
339
-180
-317
-205
24
322
55
0
-64
-317
-182
8
435
407
146
-279
-430
-212
-35
109
321
229
64
-132
-370
-29
153
160
-75
-204
-238
149
393
306
44
-438
-192
-349
-139
273
373
449
181
-320
-653
-323
215
304
142
241
181
-72
-194
-395
-270
42
-27
414
589
206
-37
-744
-500
-203
56
818
467
231
-372
-718
-318
-84
362
425
360
146
-288
-447
-461
-24
217
505
343
-43
-261
-585
-301
105
653
688
6
-309
-718
-576
168
535
472
304
-71
-421
-385
-44
180
161
-124
-103
90
119
312
222
-9
-453
-788
-381
285
827
868
110
-260
-800
-921
-153
403
810
408
121
-96
-396
-358
-291
171
307
63
-59
13
238
230
16
-147
-482
-523
-124
405
716
412
-132
-301
-322
-383
-39
205
220
133
-156
56
150
-6
-105
-192
-88
-85
227
215
138
76
-92
-190
-287
69
113
18
156
-185
-345
-34
403
723
341
-382
-923
-825
-209
492
1157
952
262
-541
-1155
-1044
-707
258
1342
1673
796
-420
-1430
-1595
-716
339
1185
1557
1030
-433
-1252
-1512
-804
405
1010
1148
829
-77
-822
-1069
-826
-37
687
947
652
30
-633
-598
-329
15
86
287
471
333
256
-360
-647
-616
-283
472
744
658
77
-430
-674
-498
18
244
371
205
126
66
-148
-264
-302
-121
120
305
452
135
-344
-415
-178
212
271
0
-64
-86
64
178
80
37
-215
-272
-79
52
245
200
-102
-100
4
-59
-106
-126
20
234
198
143
-6
-390
-370
-119
199
428
348
218
-22
-511
-549
-434
-6
642
783
700
-92
-809
-1028
-768
236
856
1074
685
-7
-584
-1282
-1024
-306
611
1625
1228
325
-743
-1491
-1262
-579
728
1463
1416
526
-806
-1354
-1311
-361
670
1038
1185
444
-444
-832
-1124
-572
328
868
1018
551
-293
-859
-773
-486
116
683
758
477
-138
-661
-619
-216
183
455
319
73
-31
-290
-448
-193
333
505
354
39
-431
-592
-336
150
454
610
471
-144
-661
-770
-413
209
671
737
345
-189
-440
-588
-486
-113
309
657
622
234
-238
-588
-596
-287
110
407
429
320
80
-153
-313
-267
-60
13
98
-15
71
60
-66
93
216
167
-155
-445
-433
-62
366
551
399
110
-285
-416
-366
-251
-80
163
601
587
295
-163
-604
-591
-445
-181
375
688
671
280
-290
-590
-639
-454
-44
487
827
690
47
-494
-860
-667
-5
482
814
530
-113
-555
-518
-102
253
300
149
-60
-316
-239
100
265
214
96
-46
-250
-201
-192
-20
346
351
215
-83
-306
-423
-349
52
365
456
301
-61
-211
-251
-268
-140
-82
161
346
296
111
-123
-146
-200
-223
-116
73
287
248
122
-94
-228
-194
-84
105
176
144
-29
-109
-168
-41
107
118
53
-129
-203
-141
97
254
274
146
-110
-245
-276
-134
67
236
291
129
-60
-183
-224
-208
-42
175
234
170
65
-111
-214
-167
-31
92
138
44
-68
-16
16
2
33
53
53
12
-73
-151
-124
0
93
207
173
1
-64
-158
-142
-67
-70
46
74
75
108
184
101
-106
-289
-387
-175
165
450
430
203
-96
-381
-445
-314
52
310
424
359
42
-178
-354
-371
-216
34
252
405
300
7
-219
-328
-231
-106
60
205
266
160
14
-111
-247
-190
-48
59
163
179
147
-4
-106
-148
-124
26
62
128
100
3
-46
-117
-95
-20
29
41
67
9
-50
-72
-92
-57
-13
83
113
106
48
-43
-92
-71
32
96
161
165
122
25
-79
-104
-94
0
50
87
33
-68
-192
-313
-274
-161
-14
70
67
-43
-158
-125
-20
142
295
383
364
264
88
-11
1
71
231
274
234
97
-110
-289
-389
-383
-282
-135
-51
-59
-139
-248
-321
-325
-262
-146
46
203
279
274
224
147
102
97
184
353
462
487
398
213
31
-106
-142
-84
0
14
-62
-196
-359
-475
-489
-424
-316
-219
-179
-179
-165
-122
-60
24
99
172
228
259
271
274
298
320
358
414
422
346
242
137
24
-103
-246
-358
-386
-342
-284
-225
-188
-182
-157
-107
-43
9
53
62
21
-66
-160
-214
-193
-110
-12
78
131
132
98
62
61
114
210
323
368
329
218
117
58
56
66
79
94
69
-14
-136
-234
-272
-243
-194
-163
-136
-115
-111
-159
-252
-329
-344
-273
-160
-46
40
102
120
122
117
146
253
427
581
635
540
347
140
-26
-112
-129
-86
-38
-32
-92
-188
-274
-289
-226
-131
-38
29
66
44
-37
-191
-365
-459
-430
-282
-60
160
304
335
246
89
-30
-20
137
363
499
483
344
159
-28
-159
-206
-156
-43
58
88
41
-35
-114
-166
-179
-142
-54
54
127
108
-30
-261
-494
-614
-568
-376
-126
101
249
295
233
126
64
141
364
596
701
644
437
135
-189
-421
-481
-359
-172
-6
65
59
4
-48
-73
-46
23
100
134
92
-52
-282
-543
-735
-774
-631
-350
-6
318
553
635
557
393
267
246
297
319
291
215
103
-34
-168
-265
-275
-216
-123
-54
-35
-59
-78
-68
-26
42
121
175
191
148
17
-192
-431
-614
-670
-578
-367
-105
155
352
433
402
331
293
337
407
431
350
190
7
-142
-245
-295
-272
-185
-71
31
105
145
162
151
117
63
-3
-74
-136
-210
-319
-450
-561
-600
-542
-376
-125
144
373
492
501
430
361
361
428
462
405
263
69
-148
-338
-459
-477
-376
-191
-4
123
167
145
88
20
-32
-41
-16
18
30
-13
-137
-308
-456
-508
-443
-276
-57
177
366
443
389
270
183
190
264
314
293
207
78
-82
-235
-337
-339
-234
-73
66
148
168
139
105
85
73
52
18
-28
-77
-152
-276
-428
-547
-581
-521
-367
-155
86
306
438
465
437
406
403
408
363
250
94
-72
-216
-313
-345
-304
-193
-42
86
169
209
217
211
181
136
86
25
-70
-203
-360
-522
-651
-706
-668
-519
-282
-6
261
467
560
546
460
358
287
243
177
84
-12
-91
-139
-149
-112
-32
68
156
200
199
155
80
0
-66
-100
-92
-61
-43
-66
-162
-329
-510
-651
-692
-613
-403
-108
215
497
673
707
625
475
333
209
78
-57
-167
-235
-261
-242
-182
-80
38
145
205
215
185
137
98
58
19
-12
-53
-113
-200
-311
-448
-578
-641
-602
-448
-206
85
363
565
635
572
401
197
35
-43
-67
-80
-74
-53
-32
-7
26
82
161
226
241
216
156
70
-16
-92
-155
-197
-195
-179
-146
-116
-151
-263
-390
-497
-517
-424
-242
5
293
520
619
583
459
299
157
35
-85
-172
-205
-201
-165
-101
-31
58
153
213
228
204
144
79
24
-24
-70
-106
-131
-159
-206
-292
-407
-501
-523
-466
-331
-138
81
315
496
560
512
395
250
148
95
27
-50
-103
-136
-138
-104
-44
41
165
254
283
266
211
120
36
-38
-115
-160
-176
-188
-181
-182
-254
-378
-480
-520
-466
-311
-88
173
433
596
615
524
375
220
105
19
-76
-136
-159
-150
-110
-50
-11
44
119
177
215
222
172
97
18
-61
-139
-187
-225
-237
-229
-243
-299
-373
-443
-452
-350
-152
96
354
546
621
585
457
291
164
79
-16
-98
-157
-190
-201
-164
-104
-3
131
233
296
326
293
203
99
-34
-178
-270
-320
-339
-293
-245
-251
-284
-322
-339
-284
-156
17
239
436
516
491
391
243
121
75
43
11
0
-15
-46
-63
-70
-74
-29
10
21
35
64
81
116
139
108
54
-16
-114
-205
-275
-365
-469
-550
-577
-491
-279
17
331
605
759
740
568
297
15
-183
-272
-307
-281
-182
-54
71
196
273
311
344
327
262
173
61
-62
-151
-222
-268
-263
-231
-196
-158
-157
-227
-340
-449
-503
-451
-277
-20
254
487
616
609
488
302
112
-12
-64
-85
-73
-32
15
50
76
81
94
123
148
151
147
124
62
-34
-160
-282
-368
-406
-406
-360
-301
-283
-319
-363
-363
-264
-66
185
433
640
731
661
449
182
-48
-174
-212
-214
-185
-122
-41
31
94
139
204
256
272
216
107
-38
-157
-240
-290
-301
-262
-191
-102
-39
-46
-138
-296
-459
-554
-493
-284
37
387
661
758
664
427
165
-7
-57
-73
-88
-96
-75
-25
37
83
120
191
244
256
215
139
47
-31
-136
-254
-338
-344
-298
-229
-166
-132
-163
-250
-354
-404
-338
-147
108
372
576
662
596
413
179
-23
-124
-158
-154
-109
-47
3
64
135
207
305
359
346
272
157
16
-105
-217
-297
-343
-348
-333
-301
-264
-237
-260
-330
-394
-384
-257
-45
190
408
545
556
419
188
-36
-166
-177
-126
-59
0
63
113
131
139
170
221
247
223
158
93
6
-70
-152
-239
-296
-332
-397
-355
-260
-207
-202
-250
-308
-314
-214
-17
212
434
566
573
461
286
93
-31
-77
-99
-97
-66
-27
14
72
116
212
358
457
463
368
164
-111
-433
-770
-1014
-1081
-946
-626
-210
173
574
862
966
913
773
594
335
-22
-479
-1011
-1527
-1939
-2129
-1943
-1290
-263
981
2294
3493
4390
4815
4691
3976
2769
1231
-456
-2118
-3530
-4562
-5091
-5089
-4614
-3753
-2641
-1432
-246
760
1496
1885
1949
1869
1721
1584
1534
1549
1550
1446
1122
543
-192
-915
-1438
-1576
-1338
-757
118
1124
2099
2873
3282
3240
2746
1821
552
-911
-2348
-3558
-4358
-4671
-4493
-3881
-2899
-1677
-379
805
1728
2312
2582
2567
2371
2123
1811
1448
1057
537
-121
-823
-1450
-1840
-1833
-1420
-679
305
1398
2432
3238
3658
3597
3087
2167
896
-551
-1969
-3164
-4007
-4400
-4394
-4030
-3354
-2489
-1530
-533
364
1048
1511
1767
1860
1864
1818
1726
1548
1278
900
436
-74
-528
-758
-657
-277
285
957
1638
2203
2523
2494
2087
1393
475
-596
-1704
-2719
-3528
-4021
-4146
-3907
-3358
-2556
-1578
-535
448
1213
1707
1966
2044
2018
1916
1731
1455
1123
707
146
-466
-999
-1293
-1238
-798
-83
816
1764
2632
3232
3436
3148
2386
1242
-178
-1694
-3117
-4266
-4982
-5160
-4809
-3991
-2807
-1425
-40
1193
2096
2548
2588
2344
1937
1499
1123
889
737
602
388
75
-305
-654
-827
-717
-351
194
838
1505
2088
2430
2457
2132
1493
581
-521
-1683
-2717
-3505
-3954
-4025
-3730
-3118
-2271
-1274
-228
768
1600
2150
2422
2481
2368
2124
1785
1362
865
296
-332
-963
-1445
-1658
-1525
-1052
-348
503
1394
2219
2867
3243
3225
2806
1962
752
-657
-2064
-3293
-4157
-4523
-4391
-3800
-2849
-1739
-605
438
1243
1725
1932
1951
1827
1612
1331
985
597
113
-442
-941
-1305
-1406
-1099
-386
558
1644
2725
3591
4045
4007
3431
2420
1034
-538
-2086
-3378
-4314
-4791
-4769
-4313
-3486
-2403
-1217
-49
958
1692
2148
2352
2355
2235
2045
1808
1496
1053
442
-317
-1030
-1614
-1864
-1661
-1111
-16
849
2551
1891
-56
-100
301
3227
4069
3514
3001
1680
352
-1234
-2616
-3756
-4476
-4728
-4543
-3958
-3091
-2038
-961
46
879
1483
1849
2050
2131
2142
2066
1837
1460
937
242
-502
-1136
-1495
-1447
-921
-72
999
2144
3130
3731
3856
3425
2586
1380
-101
-1616
-2983
-4050
-4690
-4850
-4593
-3971
-3045
-1946
-809
233
1044
1545
1731
1696
1597
1523
1428
1286
1049
722
292
-134
-486
-590
-339
266
1056
1936
2769
3405
3703
3596
2974
1946
612
-852
-2262
-3512
-4445
-4851
-4731
-4148
-3221
-2089
-958
73
908
1375
1555
1524
1405
1355
1393
1426
1411
1249
848
213
-516
-1163
-1523
-1427
-906
-104
942
2049
3008
3656
3875
3499
2656
1377
-191
-1815
-3259
-4362
-4914
-4959
-4480
-3576
-2422
-1227
-125
760
1330
1623
1721
1758
1782
1771
1694
1503
1138
580
-100
-779
-1237
-1309
-881
-83
932
2012
2941
3521
3610
3233
2412
1287
-41
-1394
-2650
-3637
-4278
-4473
-4263
-3647
-2823
-1801
-774
92
738
1138
1350
1495
1606
1716
1763
1673
1376
893
181
-597
-1263
-1591
-1427
-727
304
1504
2635
3486
3859
3714
3059
1976
604
-927
-2423
-3683
-4544
-4932
-4791
-4237
-3349
-2268
-1140
-139
651
1236
1591
1747
1797
1782
1707
1523
1182
681
9
-720
-1315
-1640
-1518
-893
113
1305
2551
3598
4270
4451
4084
3187
1894
275
-1446
-3079
-4429
-5322
-5596
-5291
-4504
-3383
-2127
-955
99
915
1430
1739
1995
2209
2340
2317
2046
1548
839
-72
-982
-1653
-1840
-1432
-521
666
1998
3196
4007
4276
3983
3095
1785
182
-1557
-3168
-4381
-5084
-5161
-4673
-3791
-2660
-1477
-467
312
831
1051
1125
1185
1303
1496
1681
1754
1583
1159
496
-298
-969
-1316
-1163
-535
390
1451
2469
3269
3634
3483
2815
1736
403
-1065
-2478
-3595
-4288
-4475
-4170
-3493
-2601
-1591
-617
203
811
1164
1312
1376
1421
1470
1508
1423
1154
673
-36
-911
-1682
-2068
-1874
-1123
21
1357
2678
3688
4187
4102
3448
2361
1007
-453
-1845
-2971
-3705
-3926
-3623
-2914
-1991
-1048
-292
204
472
597
679
842
1115
1459
1698
1700
1370
743
-127
-1079
-1828
-2095
-1721
-835
391
1703
2885
3690
3972
3685
2878
1687
191
-1437
-2964
-4150
-4842
-4957
-4546
-3715
-2618
-1450
-401
426
1015
1349
1554
1721
1918
2053
2041
1738
1098
180
-908
-1987
-2703
-2810
-2248
-1126
369
1991
3487
4576
4993
4614
3498
1846
-97
-1985
-3550
-4561
-4960
-4727
-4052
-3096
-2085
-1169
-436
161
644
1069
1542
2063
2502
2684
2465
1781
766
-428
-1583
-2394
-2594
-2096
-988
436
1910
3205
4156
4569
4427
3698
2495
985
-765
-2525
-3967
-4921
-5269
-4991
-4238
-3231
-2177
-1196
-349
384
952
1436
1960
2526
2966
3086
2792
2046
972
-317
-1496
-2217
-2179
-1419
-147
1269
2580
3577
4015
3853
3153
2062
719
-726
-2164
-3378
-4196
-4578
-4383
-3740
-2928
-2077
-1295
-620
-93
293
622
1012
1489
1916
2111
1981
1509
736
-225
-1123
-1605
-1450
-658
532
1844
3066
4062
4678
4768
4193
2992
1307
-646
-2580
-4191
-5223
-5553
-5222
-4454
-3466
-2406
-1343
-280
695
1467
2133
2733
3210
3416
3157
2342
1037
-505
-2041
-3138
-3444
-2802
-1410
394
2241
3847
5020
5527
5302
4331
2799
890
-1162
-3085
-4616
-5571
-5830
-5418
-4519
-3359
-2137
-986
56
965
1692
2290
2846
3221
3218
2800
1929
695
-756
-2168
-3178
-3399
-2674
-1213
707
2680
4352
5368
5582
4943
3605
1752
-377
-2445
-4127
-5228
-5743
-5653
-5070
-4156
-3079
-1953
-874
221
1239
2152
2971
3661
4021
3867
3068
1646
-135
-1873
-3039
-3265
-2387
-734
1223
3042
4394
5038
4949
4247
3029
1533
-103
-1763
-3314
-4578
-5513
-5912
-5742
-5044
-3993
-2693
-1359
-62
1177
2280
3249
3983
4293
3881
2825
1151
-794
-2586
-3731
-3910
-2971
-1240
853
2838
4397
5323
5571
5189
4229
2774
865
-1296
-3472
-5210
-6322
-6580
-6093
-5016
-3679
-2207
-778
575
1826
2964
3925
4587
4668
3959
2552
634
-1397
-3070
-3888
-3632
-2341
-449
1588
3369
4710
5375
5350
4596
3177
1255
-890
-2934
-4561
-5553
-5901
-5627
-4942
-3970
-2823
-1510
-107
1367
2705
3801
4449
4479
3722
2321
523
-1287
-2704
-3386
-3168
-2172
-701
932
2525
3867
4720
4908
4314
2961
1147
-897
-2820
-4317
-5162
-5446
-5226
-4645
-3789
-2700
-1267
365
1932
3134
3858
4124
3968
3429
2495
1330
-19
-1239
-2125
-2392
-2000
-1042
153
1446
2703
3644
3995
3745
2879
1549
-2
-1502
-2761
-3625
-4194
-4471
-4441
-4032
-3174
-1849
-250
1283
2509
3237
3675
3857
3702
2917
1579
-176
-1985
-3291
-3705
-3024
-1627
134
1742
3215
4275
4756
4581
3667
2111
175
-1682
-3300
-4428
-5080
-5282
-5153
-4688
-3858
-2613
-954
884
2427
3442
3911
4048
3715
2821
1489
-326
-2046
-3221
-3370
-2552
-1011
623
2042
3465
4565
5037
4750
3546
1604
-626
-2399
-3722
-4472
-4878
-5077
-5050
-4468
-3283
-1728
-19
1461
2515
3359
4143
4763
4544
3266
1224
-1109
-3005
-3946
-3793
-2954
-1675
-220
1621
3726
5168
5478
4419
2498
402
-1092
-1975
-2719
-3600
-4669
-5287
-5074
-4056
-2669
-1288
-76
969
2082
3324
4503
4981
3907
2049
-22
-1705
-2726
-3135
-3066
-2606
-1453
521
3241
5453
6368
5887
4227
2342
556
-1029
-2724
-4303
-5526
-5859
-5227
-4115
-2918
-1815
-738
531
1743
2712
3415
3911
3362
2182
895
-513
-1731
-2552
-2626
-2296
-1263
80
1865
3699
4608
4702
3798
2521
1086
-334
-1774
-3227
-4361
-4967
-4833
-4267
-3397
-2480
-1498
-321
1002
2189
2922
3392
3483
2665
1419
122
-1071
-2052
-2489
-2272
-1597
-258
1300
3282
4786
5160
4638
3425
2131
458
-1219
-2966
-4397
-5118
-5093
-4682
-4113
-3134
-2051
-567
991
2151
2915
3371
4017
3708
2302
643
-969
-2026
-2509
-2260
-1806
-739
718
2556
4211
4484
4072
2979
2005
734
-859
-2473
-3898
-4562
-4683
-4500
-4242
-3434
-2257
-858
703
1865
2752
3370
3904
3829
2399
768
-811
-1895
-2536
-2561
-1998
-849
905
2631
4238
4570
4373
3595
2335
871
-761
-2183
-3535
-4259
-4686
-4700
-4295
-3364
-2069
-918
414
1734
2756
3334
3562
3482
2448
920
-509
-1681
-2630
-3028
-2459
-1494
-128
1488
3401
4669
4658
4180
3093
1717
29
-1617
-3160
-4115
-4449
-4408
-3858
-3192
-2087
-876
373
1619
2424
2900
3206
3390
2613
1229
-34
-1116
-2034
-2866
-2753
-2050
-962
418
2174
3891
4373
4319
3701
2840
1395
-423
-2041
-3399
-4061
-4524
-4595
-4198
-3207
-1874
-651
695
1921
2776
3327
3678
3487
2150
612
-444
-1389
-2507
-3021
-2495
-1492
-179
1383
3345
4324
4349
4239
3558
2222
405
-1203
-2661
-3733
-4479
-4903
-4646
-3907
-2708
-1559
-349
1126
2278
2831
3152
3585
2601
963
-37
-1034
-2068
-2896
-2601
-1724
-651
737
2574
3710
3615
3634
3239
2073
471
-781
-1924
-2999
-3428
-3662
-3512
-3014
-2103
-1156
-335
866
1763
2106
2162
2487
2103
629
-220
-573
-1323
-2018
-1553
-688
-52
885
2540
3765
3329
2835
2636
1771
104
-1225
-1899
-2766
-3436
-3594
-3237
-2798
-2286
-1310
-507
272
1001
1426
1580
1821
2154
1150
97
-29
-401
-1195
-1571
-766
-29
288
1001
2721
3641
2721
2319
2523
1601
-364
-1400
-1707
-2403
-3128
-3375
-2797
-2293
-2108
-1489
-501
155
472
895
1170
1552
1708
929
370
446
116
-717
-904
-235
137
147
559
1807
2668
2111
1648
1936
1800
467
-766
-905
-1001
-1817
-2621
-2252
-1530
-1665
-1848
-1044
-130
-187
-348
211
730
702
449
178
324
307
-65
-285
-189
286
550
521
809
1777
2336
1829
1581
1891
1635
465
-432
-599
-930
-1787
-2397
-2070
-1573
-1754
-1735
-1041
-530
-494
-451
-161
137
209
184
160
117
56
-114
-338
-379
-159
84
245
529
1222
2071
2296
2219
2414
2358
1698
800
96
-468
-1111
-1819
-2207
-2099
-2005
-2090
-1903
-1406
-1032
-898
-705
-391
-38
216
213
162
222
108
-262
-469
-391
-208
-4
303
932
1806
2453
2658
2890
3013
2564
1743
880
114
-649
-1360
-1869
-2002
-1878
-1853
-1808
-1543
-1239
-1120
-1069
-901
-669
-452
-411
-400
-191
-77
-183
-251
-57
205
416
739
1259
1886
2427
2828
3011
3028
2715
2091
1351
486
-336
-995
-1515
-1921
-1976
-1840
-1800
-1690
-1456
-1295
-1318
-1364
-1365
-1319
-1273
-1199
-1014
-809
-663
-562
-406
-246
-101
191
590
1014
1550
2215
2781
3057
3184
3082
2622
1885
1078
277
-500
-1159
-1603
-1780
-1854
-1881
-1787
-1622
-1529
-1508
-1452
-1343
-1231
-1105
-949
-721
-480
-353
-283
-194
-75
33
190
461
833
1256
1710
2170
2543
2711
2637
2365
1876
1206
481
-203
-845
-1391
-1708
-1821
-1873
-1847
-1682
-1508
-1388
-1253
-1070
-921
-779
-611
-436
-270
-174
-115
-74
-56
-56
68
319
606
1000
1532
2044
2410
2642
2670
2444
1960
1316
578
-156
-828
-1358
-1656
-1791
-1848
-1791
-1633
-1490
-1395
-1301
-1167
-1052
-927
-757
-554
-392
-299
-226
-142
-76
4
182
422
755
1184
1720
2204
2532
2681
2609
2299
1758
1057
333
-322
-921
-1400
-1680
-1789
-1835
-1809
-1675
-1522
-1394
-1249
-1069
-872
-723
-582
-431
-357
-366
-349
-264
-185
-62
198
564
959
1427
1967
2414
2667
2721
2579
2183
1548
810
102
-546
-1085
-1437
-1594
-1615
-1558
-1420
-1242
-1091
-973
-876
-794
-716
-656
-612
-560
-504
-428
-332
-190
8
290
624
975
1347
1746
2107
2326
2416
2357
2088
1593
959
305
-336
-946
-1422
-1672
-1748
-1732
-1627
-1435
-1236
-1107
-1020
-933
-880
-849
-822
-753
-682
-595
-485
-324
-112
168
516
883
1262
1654
2035
2303
2439
2440
2270
1897
1346
714
58
-562
-1085
-1438
-1604
-1628
-1574
-1434
-1237
-1047
-897
-763
-653
-562
-493
-451
-432
-425
-430
-433
-364
-192
89
440
842
1312
1784
2125
2309
2354
2202
1817
1257
628
-14
-631
-1157
-1491
-1646
-1680
-1610
-1449
-1261
-1083
-942
-825
-743
-696
-671
-673
-662
-657
-636
-545
-364
-95
290
752
1223
1699
2134
2370
2409
2315
2016
1528
924
277
-356
-933
-1394
-1661
-1741
-1704
-1567
-1331
-1078
-870
-722
-608
-522
-508
-542
-567
-568
-552
-493
-336
-58
313
752
1233
1714
2115
2388
2492
2432
2223
1869
1383
813
239
-304
-795
-1159
-1344
-1402
-1383
-1286
-1131
-982
-880
-826
-786
-745
-722
-718
-679
-612
-543
-445
-272
-2
360
783
1211
1632
1986
2184
2210
2108
1867
1473
963
419
-128
-645
-1094
-1410
-1566
-1606
-1535
-1374
-1171
-996
-883
-798
-741
-711
-704
-715
-712
-666
-577
-423
-169
216
688
1181
1659
2091
2402
2541
2531
2400
2119
1707
1216
672
112
-425
-890
-1220
-1407
-1492
-1505
-1443
-1361
-1315
-1293
-1284
-1240
-1188
-1156
-1082
-959
-831
-666
-409
-58
356
816
1264
1683
2070
2377
2557
2623
2556
2304
1877
1335
745
157
-396
-869
-1197
-1392
-1507
-1554
-1522
-1472
-1457
-1435
-1364
-1254
-1153
-1058
-945
-823
-702
-519
-247
89
467
882
1319
1747
2163
2526
2759
2823
2686
2322
1777
1127
457
-167
-703
-1138
-1465
-1662
-1770
-1829
-1834
-1812
-1804
-1793
-1738
-1643
-1507
-1341
-1146
-938
-740
-550
-305
3
335
728
1213
1735
2214
2622
2891
2955
2780
2399
1872
1224
515
-173
-788
-1292
-1682
-1929
-2031
-2060
-2028
-1940
-1813
-1688
-1576
-1438
-1243
-1036
-881
-744
-599
-501
-437
-314
-95
199
562
994
1475
1958
2408
2788
3041
3059
2788
2299
1660
913
164
-487
-1040
-1481
-1764
-1903
-1932
-1895
-1819
-1710
-1607
-1536
-1460
-1330
-1169
-1036
-925
-830
-763
-701
-568
-296
123
652
1238
1812
2318
2746
3110
3314
3267
3013
2564
1972
1312
539
-172
-776
-1320
-1673
-1843
-1932
-1957
-1936
-1883
-1802
-1724
-1634
-1462
-1204
-946
-672
-402
-200
-22
128
252
389
519
755
1159
1338
1451
1810
2154
2574
3019
3189
2949
2313
1537
719
-80
-665
-1108
-1494
-1743
-1887
-1999
-2106
-2117
-2086
-2097
-1976
-1687
-1433
-1242
-1041
-1001
-1078
-1101
-1044
-757
-172
585
1465
2446
3319
4020
4532
4700
4487
3893
2966
1810
596
-532
-1591
-2482
-3074
-3440
-3551
-3440
-3285
-3070
-2698
-2263
-1881
-1446
-895
-450
-209
60
195
142
190
312
517
1055
1816
2555
3328
4146
4790
5080
5110
4737
3828
2676
1414
6
-1261
-2274
-3143
-3691
-3853
-3829
-3769
-3547
-3140
-2784
-2476
-2000
-1462
-906
-310
184
527
675
616
501
460
567
864
1322
1956
2690
3440
4101
4388
4294
3864
3036
1916
717
-481
-1554
-2360
-2968
-3311
-3337
-3268
-3164
-2876
-2464
-2055
-1686
-1297
-731
-168
65
276
422
207
-54
-176
-264
-94
422
1007
1704
2579
3452
4013
4247
4234
3715
2746
1574
311
-901
-1998
-2877
-3417
-3615
-3503
-3214
-2895
-2491
-2081
-1922
-1754
-1452
-1088
-661
-267
144
472
558
563
640
452
788
1117
999
1735
2180
2971
4187
4630
5131
5078
3869
2686
1481
-416
-1865
-2777
-3832
-4305
-4306
-4450
-4241
-3913
-3742
-3220
-2724
-2405
-1260
-509
-353
613
785
435
820
630
561
1218
1371
1842
2633
3424
4097
4112
4239
3701
2502
1297
-134
-1439
-2535
-3546
-3961
-4043
-3932
-3650
-3217
-2676
-2155
-1649
-1011
-229
267
488
1037
919
550
691
234
-63
215
552
1198
1796
2651
4240
4389
4816
5455
3893
3227
1584
-654
-1816
-3852
-4918
-5204
-5678
-5095
-4541
-3748
-2717
-1917
-1048
-304
576
761
960
1330
761
731
713
447
986
1417
2077
2691
4028
4861
4798
5682
4290
3306
1815
-507
-2055
-4223
-5201
-5979
-6530
-5768
-5423
-4273
-3090
-1891
-656
103
1289
1427
1738
1825
1049
958
168
-306
-194
-85
744
1275
2521
4179
4358
5578
5365
4675
3859
1765
635
-1821
-3236
-4314
-5461
-5451
-5452
-4766
-4085
-3076
-1762
-1312
-71
870
971
1627
1555
1248
1116
640
519
576
1154
1567
2162
3299
4338
4423
5104
4667
3692
2466
896
-835
-2860
-4036
-5313
-5937
-6163
-5966
-5309
-4738
-3545
-2589
-1616
-396
670
1392
1875
2557
2337
2189
2031
1638
1606
1730
2119
2331
3373
4386
4424
5178
4844
4147
2866
1360
-317
-2248
-3617
-4964
-5423
-6061
-5846
-5436
-5275
-4034
-3387
-2440
-1560
-176
521
1078
2280
1921
2124
1847
1605
1103
1138
1526
1471
2310
3498
4140
4759
5506
4837
4181
2706
1003
-1002
-3013
-4379
-5485
-6106
-6119
-5687
-5278
-4202
-3372
-2219
-1349
-375
709
1033
1944
1945
1811
1486
1106
518
203
470
651
1342
2273
3976
4440
5458
5715
5021
4074
2126
655
-1936
-3547
-5101
-6059
-6523
-6225
-5572
-5044
-3741
-2991
-1915
-1336
-406
302
646
1331
1439
1317
1287
987
673
681
913
1445
1918
2918
4414
4721
5662
5736
4982
4009
2153
660
-1642
-3075
-4541
-5405
-5884
-5728
-5463
-4983
-4159
-3528
-2711
-2044
-1200
-456
515
1081
1894
2011
2151
1950
1542
1439
1189
1585
1805
2360
3694
4378
4959
5674
5251
4599
3089
1707
-235
-1983
-3433
-4488
-5292
-5484
-5306
-5040
-4482
-3744
-2982
-2453
-1473
-972
-148
641
1148
1587
1740
1597
1187
1061
640
641
1081
1422
2288
3678
4325
5083
5479
4965
3809
2321
624
-1571
-3110
-4561
-5384
-5808
-5532
-5087
-4441
-3544
-2732
-2068
-1321
-656
-227
563
1127
1432
1832
1695
1386
1016
666
190
89
439
627
1498
2886
3574
4588
5083
4872
4016
2710
1273
-860
-2261
-3669
-4566
-5019
-4900
-4622
-4143
-3437
-2793
-2250
-1575
-878
-436
284
1089
1364
1705
1820
1400
1110
671
356
110
545
852
1530
2761
3604
4358
4875
4734
4018
2870
1526
-221
-1723
-2956
-3869
-4384
-4360
-3993
-3667
-3116
-2550
-2250
-1861
-1422
-1082
-697
95
773
1200
1956
1986
1890
1649
1276
690
558
600
777
1322
2452
3251
3987
4658
4380
3820
2535
1225
-576
-2016
-3280
-4029
-4483
-4375
-4024
-3649
-3011
-2631
-2069
-1860
-1403
-1008
-633
42
768
1153
1780
1930
1770
1576
1152
757
539
770
1031
1605
2725
3566
4137
4769
4488
3765
2602
1265
-568
-2022
-3321
-4217
-4821
-4844
-4566
-4280
-3636
-3154
-2523
-2179
-1513
-986
-504
176
1077
1488
2082
2492
2254
2061
1635
987
385
318
217
483
1276
2354
2864
3886
3998
3656
2777
1525
-141
-1858
-3173
-4347
-5030
-5302
-4921
-4580
-3813
-3157
-2376
-1946
-1289
-764
-282
309
1122
1803
2264
2845
2756
2562
2065
1518
727
466
343
506
962
1973
2752
3354
4004
3682
3220
1961
877
-858
-2176
-3412
-4264
-4866
-4827
-4519
-4256
-3495
-2949
-2333
-1921
-1163
-751
-140
430
1107
1679
2163
2623
2614
2499
2078
1602
960
693
474
600
849
1621
2464
2984
3715
3621
3213
2273
1180
-375
-1777
-2986
-3974
-4504
-4585
-4397
-4041
-3470
-3008
-2545
-2196
-1727
-1380
-867
-249
423
1121
1975
2491
2860
2950
2634
2131
1435
849
322
228
235
609
1425
2211
2837
3475
3403
2938
2041
934
-530
-1798
-2859
-3745
-4118
-4194
-3941
-3670
-3120
-2752
-2405
-2077
-1672
-1308
-749
-35
595
1383
2113
2631
2865
2936
2493
1841
1118
261
-366
-617
-631
-218
633
1629
2387
3130
3295
2966
2244
1262
-84
-1350
-2452
-3363
-3861
-4070
-3859
-3699
-3114
-2677
-2165
-1771
-1337
-1028
-567
34
600
1259
1889
2485
2769
2935
2720
2189
1480
731
-40
-469
-647
-519
-35
940
1770
2544
3254
3217
2903
2052
1035
-451
-1663
-2834
-3597
-4139
-4148
-4041
-3667
-3073
-2538
-1947
-1485
-938
-626
-99
398
970
1369
1930
2443
2698
2833
2749
2163
1505
818
34
-491
-758
-832
-546
383
1229
2190
3096
3370
3217
2581
1651
221
-1049
-2293
-3204
-3783
-3899
-3799
-3458
-2988
-2473
-1984
-1575
-1106
-727
-335
128
746
1195
1722
2191
2578
2645
2718
2354
1802
1230
560
-56
-457
-606
-644
-115
720
1402
2262
2796
2795
2380
1709
603
-768
-1916
-2990
-3698
-3984
-3779
-3489
-2987
-2312
-1736
-1278
-786
-420
-172
91
546
925
1330
1777
2158
2465
2662
2742
2415
1960
1394
723
-32
-421
-732
-840
-384
434
1039
1952
2492
2524
2157
1474
322
-1022
-2036
-3057
-3572
-3738
-3484
-3216
-2633
-2102
-1637
-1282
-969
-717
-535
-207
221
703
1256
1865
2300
2732
2881
2843
2462
1845
1146
332
-472
-957
-1195
-1312
-957
-71
573
1413
2313
2477
2395
1893
1131
-220
-1113
-2146
-2892
-3317
-3233
-3205
-2949
-2404
-2137
-1800
-1409
-1012
-816
-291
116
481
911
1495
1776
2138
2508
2571
2424
2256
1714
1018
352
-431
-964
-1256
-1224
-1032
-58
612
1534
2343
2594
2565
1978
1238
53
-952
-2005
-2690
-3282
-3251
-3254
-2888
-2470
-1940
-1583
-1112
-631
-326
103
447
778
1085
1502
1731
2100
2328
2574
2451
2380
1899
1187
466
-346
-1147
-1586
-1637
-1744
-1220
-147
406
1435
2146
2390
2203
1915
1221
177
-568
-1387
-2121
-2519
-2592
-2688
-2402
-2053
-1619
-1332
-858
-541
-326
-26
232
465
798
1145
1628
1990
2358
2676
2686
2567
2096
1467
529
-307
-1197
-1843
-2119
-2169
-2048
-1224
-300
357
1555
1939
2294
1946
1718
734
-81
-1010
-1706
-2324
-2674
-2541
-2511
-2131
-1762
-1208
-1076
-544
-311
-80
125
517
619
901
1254
1481
1700
1940
2219
2093
2141
1930
1380
702
160
-740
-1391
-1778
-2026
-1955
-1828
-860
-218
512
1570
1953
2075
1903
1603
598
-137
-923
-1694
-2249
-2295
-2307
-2145
-1722
-1263
-973
-658
-206
-122
101
436
659
817
1207
1420
1523
1725
1858
1788
1782
1710
1390
1072
585
52
-623
-1118
-1640
-2042
-2056
-1971
-1767
-851
-217
534
1444
1734
1928
1617
1344
388
-164
-1022
-1495
-1944
-1930
-1877
-1698
-1313
-1063
-683
-582
-252
-254
-28
79
373
531
857
1064
1379
1581
1770
1961
1970
1903
1640
1225
594
-30
-778
-1358
-1868
-2150
-2164
-1940
-1586
-997
-68
483
1325
1819
2039
1790
1547
808
78
-633
-1198
-1605
-1804
-1713
-1635
-1307
-1108
-723
-635
-403
-346
-187
-130
141
467
705
1139
1459
1739
1887
2023
1855
1709
1424
999
603
7
-418
-1011
-1388
-1791
-2015
-2159
-2051
-1718
-1357
-812
75
583
1382
1865
2092
1933
1705
1172
338
-187
-905
-1330
-1714
-1623
-1757
-1482
-1265
-1015
-835
-620
-415
-308
-28
220
521
777
1182
1344
1587
1639
1730
1587
1448
1289
1085
788
561
233
-228
-581
-980
-1435
-1822
-1935
-2237
-2075
-1868
-1433
-949
28
708
1502
2151
2498
2482
2178
1715
840
136
-633
-1060
-1570
-1537
-1599
-1473
-1356
-1157
-1081
-1032
-833
-735
-544
-234
196
475
955
1293
1632
1745
1944
1852
1734
1516
1344
964
573
307
-256
-629
-1161
-1452
-1984
-2020
-2204
-2146
-1924
-1502
-1081
-487
380
931
1691
2178
2482
2364
2166
1635
958
285
-322
-832
-1199
-1327
-1435
-1407
-1375
-1253
-1281
-1105
-1021
-837
-594
-263
116
454
865
1199
1391
1529
1600
1480
1379
1146
1065
684
466
228
-231
-514
-876
-1160
-1483
-1511
-1700
-1616
-1466
-1116
-849
-99
552
1065
1798
2015
2207
1844
1631
841
255
-462
-931
-1341
-1516
-1478
-1451
-1291
-1166
-973
-1010
-815
-772
-612
-432
-50
195
550
907
1185
1381
1550
1653
1530
1500
1311
1133
815
630
322
1
-277
-554
-886
-1157
-1346
-1582
-1736
-1787
-1775
-1747
-1382
-1060
-505
15
877
1554
2068
2689
2786
2695
2258
1866
966
327
-373
-909
-1453
-1649
-1809
-1950
-1828
-1754
-1576
-1475
-1117
-916
-589
-166
263
599
1043
1395
1604
1775
1873
1793
1615
1469
1162
812
526
221
-172
-385
-696
-973
-1256
-1453
-1682
-1835
-1799
-1739
-1462
-1071
-464
27
810
1476
1982
2431
2575
2476
2005
1561
771
62
-668
-1128
-1653
-1828
-1881
-1898
-1776
-1595
-1336
-1185
-851
-638
-347
-87
330
620
967
1287
1535
1677
1758
1784
1642
1507
1261
1005
713
368
76
-312
-705
-1066
-1436
-1770
-1971
-2027
-2044
-1813
-1483
-1010
-455
262
1064
1606
2323
2588
2692
2406
2040
1288
528
-131
-845
-1344
-1758
-1875
-2066
-1963
-1913
-1737
-1593
-1332
-1060
-747
-340
93
527
950
1387
1682
1957
2113
2166
2081
1944
1669
1343
957
576
125
-302
-751
-1165
-1565
-1855
-2100
-2245
-2216
-2130
-1857
-1487
-952
-401
319
1148
1755
2295
2686
2756
2522
2090
1502
680
-29
-683
-1202
-1624
-1761
-1895
-1902
-1836
-1726
-1646
-1534
-1309
-1102
-800
-397
79
504
1035
1489
1878
2084
2277
2232
2069
1850
1563
1206
773
577
123
-200
-556
-915
-1334
-1643
-1926
-2243
-2311
-2308
-2190
-1901
-1342
-791
-66
836
1676
2277
2985
3152
3120
2659
2153
1194
321
-468
-1239
-1813
-2133
-2242
-2361
-2149
-1986
-1730
-1457
-1033
-722
-300
97
489
827
1175
1503
1642
1800
1806
1813
1640
1489
1311
987
734
369
109
-349
-605
-935
-1374
-1581
-1856
-2033
-2142
-1957
-1867
-1492
-1034
-506
89
669
1444
1975
2385
2827
2775
2590
2146
1629
789
79
-584
-1223
-1772
-2071
-2260
-2432
-2273
-2192
-1925
-1681
-1245
-859
-390
160
703
1202
1674
2117
2324
2480
2463
2335
2030
1685
1267
727
318
-177
-548
-886
-1059
-1382
-1408
-1568
-1665
-1662
-1677
-1561
-1496
-1172
-924
-521
-130
416
936
1418
2059
2485
2734
3003
2831
2531
1889
1247
267
-565
-1369
-2051
-2547
-2791
-2815
-2780
-2463
-2183
-1744
-1429
-909
-494
-16
480
1006
1485
1835
2248
2383
2436
2351
2164
1768
1387
965
468
47
-298
-614
-912
-1069
-1178
-1335
-1358
-1312
-1429
-1301
-1264
-1105
-1061
-758
-629
-299
5
450
852
1303
1807
2188
2623
2719
2872
2542
2158
1453
692
-246
-1111
-1867
-2540
-2900
-3096
-3021
-2832
-2380
-1936
-1371
-857
-305
175
625
1076
1419
1722
1941
2101
2068
2046
1855
1601
1289
974
560
244
-138
-440
-714
-931
-1096
-1192
-1229
-1214
-1160
-984
-854
-678
-406
-363
-122
-112
45
2
128
165
267
391
521
760
861
1200
1490
1637
1853
1806
1564
1125
619
-91
-783
-1345
-1858
-2136
-2288
-2181
-2090
-1774
-1475
-1115
-814
-485
-116
148
587
922
1282
1521
1768
1845
1828
1730
1557
1259
966
695
289
5
-335
-586
-894
-1038
-1181
-1265
-1249
-1168
-1068
-887
-666
-403
-164
103
327
487
637
623
671
486
401
188
39
-145
-232
-290
-261
-95
44
326
581
804
969
1078
1007
816
558
145
-291
-706
-1099
-1392
-1554
-1516
-1448
-1237
-949
-659
-385
-85
163
336
549
723
831
973
1066
1113
1133
1084
984
811
609
415
206
38
-117
-196
-312
-399
-493
-701
-844
-1105
-1265
-1450
-1472
-1394
-1130
-621
-52
843
1477
2211
2672
2792
2670
2200
1546
617
-106
-994
-1524
-2013
-2166
-2254
-2152
-1940
-1755
-1449
-1260
-907
-680
-284
84
505
917
1337
1679
1931
2119
2148
2070
1880
1616
1233
839
378
-32
-469
-854
-1143
-1398
-1541
-1592
-1571
-1482
-1281
-1044
-806
-494
-191
50
328
518
705
798
907
947
934
914
849
706
628
409
156
-61
-463
-755
-1064
-1276
-1428
-1337
-1194
-875
-448
40
527
1014
1439
1675
1886
1778
1652
1263
827
311
-210
-707
-1140
-1440
-1670
-1723
-1751
-1590
-1462
-1225
-1008
-732
-483
-179
192
503
950
1243
1636
1711
1763
1526
1078
598
-45
-526
-863
-954
-827
-249
87
771
1074
1283
1109
756
234
-490
-931
-1474
-1637
-1815
-1606
-1474
-1218
-886
-688
-451
-289
-62
15
324
498
761
1012
1179
1348
1349
1369
1277
1128
943
734
480
209
13
-236
-420
-541
-633
-668
-653
-599
-631
-537
-568
-492
-485
-401
-357
-239
-127
-45
139
144
274
248
300
222
277
218
203
211
111
124
-28
22
-179
-147
-270
-415
-428
-672
-613
-788
-594
-553
-242
32
410
783
1121
1474
1583
1733
1577
1405
992
550
44
-543
-943
-1414
-1667
-1848
-1881
-1826
-1672
-1424
-1175
-854
-543
-186
120
482
811
1115
1366
1597
1695
1588
1514
1079
701
171
-273
-640
-791
-752
-474
57
351
1038
1043
1224
837
443
-202
-846
-1249
-1764
-1774
-1875
-1593
-1440
-1047
-764
-526
-209
-102
183
280
549
739
965
1180
1328
1422
1389
1357
1118
929
620
347
78
-178
-332
-542
-555
-671
-628
-608
-572
-504
-466
-377
-376
-245
-263
-105
-112
42
62
179
214
223
289
190
278
133
217
119
68
35
-164
-263
-564
-669
-923
-935
-927
-756
-448
-119
384
789
1261
1607
1959
2026
2098
1935
1604
1204
618
69
-639
-1167
-1703
-2061
-2291
-2325
-2256
-2064
-1732
-1409
-982
-600
-136
237
712
1138
1481
1905
1974
2112
1964
1559
1246
564
69
-457
-646
-854
-574
-130
86
775
789
1006
653
367
-211
-874
-1281
-1780
-1874
-1969
-1682
-1523
-1083
-754
-444
-127
13
307
354
624
779
981
1190
1307
1449
1391
1346
1173
941
663
397
128
-130
-309
-475
-619
-724
-742
-797
-787
-729
-664
-561
-422
-232
-102
110
233
370
419
513
461
408
344
114
-63
-340
-556
-814
-949
-1003
-995
-802
-543
-100
326
928
1503
1881
2243
2302
2114
1703
1160
485
-267
-863
-1475
-1909
-2186
-2334
-2322
-2241
-1991
-1693
-1304
-846
-327
182
644
1184
1561
1898
2149
2257
2260
2078
1887
1480
1144
663
194
-281
-842
-1247
-1758
-2036
-2327
-2403
-2385
-2157
-1789
-1333
-524
252
1121
2185
2882
3425
3797
3553
3098
2196
1185
-84
-1255
-2286
-3154
-3673
-3933
-3844
-3649
-3153
-2531
-1879
-1116
-327
450
1154
1879
2500
2933
3265
3401
3333
3035
2680
2103
1426
780
34
-634
-1272
-1769
-2207
-2472
-2562
-2586
-2441
-2164
-1815
-1431
-968
-447
-87
362
776
1014
1357
1514
1670
1738
1839
1880
1785
2193
1702
1850
1474
766
281
-796
-1269
-2478
-2805
-3260
-3432
-3138
-2801
-1965
-1473
-419
243
968
1623
2007
2465
2416
2605
2378
2100
1722
1224
805
130
-184
-672
-1069
-1297
-1491
-1579
-1759
-1433
-1490
-1297
-887
-812
-384
-259
116
231
420
693
666
887
897
962
919
891
1007
685
916
1219
745
1039
827
298
-147
-815
-1236
-2232
-2408
-2684
-2835
-2431
-2065
-1265
-789
157
879
1311
1891
2235
2386
2343
2419
2162
1813
1475
1083
578
21
-271
-798
-1168
-1376
-1475
-1742
-1616
-1465
-1525
-1211
-930
-691
-343
129
423
676
1034
1156
1089
1271
1180
1209
1044
1609
1549
1029
1636
438
93
-866
-1602
-2216
-3307
-2961
-3523
-3165
-2642
-2127
-1168
-702
593
1075
1809
2562
2684
3119
2906
2894
2558
1922
1583
821
134
-421
-1081
-1448
-1920
-2079
-2138
-2280
-1988
-1868
-1576
-1161
-700
-274
151
635
983
1175
1550
1679
1727
2043
1660
2527
2053
1695
1939
399
61
-1385
-2228
-3038
-4149
-3922
-4256
-3713
-3000
-2124
-879
-182
1324
2177
2762
3615
3736
3853
3552
3144
2628
1567
1057
104
-911
-1399
-2146
-2524
-2906
-2975
-2806
-2834
-2284
-1805
-1225
-529
287
1069
1576
2166
2541
2588
2672
2613
2175
2027
2223
1302
1038
557
-858
-1480
-2745
-3337
-4073
-4589
-3988
-3934
-2944
-1861
-713
524
1398
2733
3181
3648
4039
3764
3577
2831
2251
1421
246
-191
-1103
-1812
-2050
-2618
-2579
-2785
-2459
-2040
-1967
-1075
-575
-59
688
1068
1528
1772
1741
1867
1794
1721
1465
1606
2073
1213
1462
983
-226
-858
-2135
-2702
-3714
-4075
-3636
-3753
-2702
-1828
-850
450
1231
2340
2833
3191
3540
3179
2982
2466
1707
1130
165
-353
-1002
-1563
-1690
-2099
-2053
-2039
-1908
-1537
-1456
-757
-497
-32
647
748
1301
1363
1405
1638
1404
1527
1111
1932
1638
826
1436
-85
-684
-1806
-2719
-2991
-4300
-3623
-3186
-3155
-1572
-783
372
1305
2061
3185
2874
3395
3647
2727
2747
1924
1097
355
-774
-1120
-1984
-2502
-2490
-2599
-2359
-2088
-1425
-1073
-706
204
536
1133
1433
1682
1815
1545
1681
1332
1074
1231
1692
997
1080
899
-471
-959
-2281
-2801
-3445
-4210
-3282
-3167
-2461
-1002
-64
1337
2010
2917
3609
3099
3386
3170
2207
1653
857
-26
-981
-1677
-1764
-2480
-2545
-2058
-2032
-1545
-1086
-474
-21
264
883
1128
1251
1445
1538
1400
1230
1178
962
1767
1242
956
1197
-350
-946
-2102
-3118
-3521
-4410
-3941
-3375
-2745
-1174
-18
1330
2487
3178
4018
3783
3469
3232
2104
1404
379
-627
-1375
-2305
-2428
-2814
-2713
-2128
-1796
-935
-415
218
739
813
1237
1440
1302
1367
1482
1258
1317
1374
2185
2032
1170
1423
-183
-1646
-2548
-4098
-4508
-5145
-4850
-3557
-2963
-1246
575
1838
3090
4097
4958
4756
4283
3962
2460
1304
244
-1206
-2158
-2894
-3247
-3343
-3287
-2740
-1856
-1226
-370
689
1090
1563
1920
2065
1978
1841
1949
1920
1777
2705
2266
1558
1367
-641
-1714
-3493
-4962
-5212
-6083
-5353
-4105
-2986
-842
750
2538
4103
4501
5280
5190
4194
3538
2336
900
-448
-1503
-2295
-2944
-3204
-2997
-2729
-2318
-1499
-1088
-401
176
457
1154
1155
1451
1826
1750
2341
2496
3324
3232
2290
2041
8
-1795
-3111
-5005
-5431
-5852
-5557
-3836
-2919
-915
1137
2283
3915
4532
4819
4779
3644
2760
1459
-91
-1092
-2162
-2587
-2858
-2815
-2208
-1724
-1256
-468
284
443
867
1247
1325
1518
1702
1893
2103
2194
3177
2843
1842
1429
-515
-2400
-4211
-5677
-6157
-6687
-5845
-3853
-2442
-192
2291
4002
5336
6094
6342
5520
3958
2550
656
-1274
-2649
-3339
-3713
-3846
-3113
-2159
-1523
-829
147
702
1036
1457
1651
1929
1800
2060
2482
2397
3224
3088
1962
1035
-955
-2913
-4965
-6457
-6301
-6473
-5672
-3308
-1553
376
2633
4344
5473
5830
5929
5247
3565
2020
364
-1517
-2997
-3900
-4171
-4177
-3536
-2138
-1247
-289
891
1514
1973
2056
2111
2376
2374
2532
2629
3140
3050
1573
483
-1448
-3892
-5382
-6905
-6932
-6163
-5382
-2887
-655
1230
3440
4965
5861
6093
5649
4906
3290
1201
-408
-2417
-4058
-4727
-4959
-4330
-3189
-1653
-181
1037
2163
2780
3040
3014
2590
2412
2242
2038
2039
2685
2461
975
33
-1807
-4117
-5684
-6703
-6621
-5940
-4719
-2291
-214
1551
3561
4687
5408
5595
4897
4098
2528
489
-980
-2518
-3841
-4236
-3975
-3258
-2106
-1129
183
1322
1511
2114
2316
1954
2179
2230
2351
2505
3014
3396
2039
740
-807
-3212
-5125
-6749
-7028
-6264
-5428
-3109
-279
1803
3756
5253
5937
5771
4804
3593
2139
52
-1718
-2791
-3892
-4391
-4022
-3095
-2131
-1014
750
1774
2518
3271
3105
3312
3137
2571
2542
2307
2608
1897
93
-1001
-3183
-5571
-7019
-7777
-6931
-5783
-3533
56
2557
4492
6349
6991
6265
4965
3194
1146
-1174
-3098
-4008
-4650
-4790
-3837
-2227
-1363
-166
1580
2389
2927
3220
3244
3452
2966
2558
2779
2745
2987
1886
-93
-1590
-4166
-6426
-7876
-8187
-6765
-5439
-2986
671
2955
4717
6271
6775
6149
4547
2811
1061
-1218
-3098
-3846
-4347
-4452
-3307
-2066
-1209
286
1631
2553
3218
3362
3474
3499
2764
2555
2228
2310
2342
-159
-1554
-3025
-6023
-7624
-8279
-7389
-5625
-3782
-90
3498
5096
6696
7367
6415
4700
2406
224
-2020
-3936
-4812
-5006
-4763
-3794
-2542
-1063
461
1662
3153
4096
3779
4479
4764
3420
3293
2834
2626
1949
-1057
-2127
-3795
-6828
-7493
-7572
-6697
-4461
-2320
1035
4377
5622
6562
6952
5453
3334
937
-1392
-2970
-4537
-5337
-4661
-3597
-2413
-1171
639
2090
2634
3448
3613
3664
3969
3257
2789
2225
1742
2013
90
-2142
-2770
-5104
-6672
-6808
-6377
-4246
-2305
-175
3185
5313
5816
6350
5583
3681
1505
-1433
-3343
-4339
-5695
-5371
-3424
-2197
-699
1232
2348
2996
2952
2306
2136
2660
2232
2574
3363
2798
3391
2685
-273
-1527
-3917
-6420
-7184
-7579
-6109
-3614
-1536
1118
3820
4893
5435
5381
3829
2478
332
-1707
-2739
-4079
-4442
-3470
-2408
-1259
-217
918
2146
2351
2355
2782
3376
3424
3036
3210
2903
2484
2153
-576
-2564
-4232
-7045
-7541
-7586
-6449
-3251
-1044
1883
4883
6033
6771
6563
4697
2771
201
-2472
-4009
-5139
-5489
-4126
-2518
-1190
461
1710
2664
3035
2388
1807
2389
2278
2097
2678
2581
2588
2873
762
-1178
-2732
-5541
-6343
-6618
-6136
-3284
-1148
1174
3900
4659
4730
4049
2166
562
-1158
-2953
-3341
-3123
-2867
-1214
644
1425
2214
2291
1687
1184
-169
-1209
-490
402
1358
2815
4035
4788
5122
4031
1173
-1310
-4545
-7256
-8088
-8310
-6315
-3286
-714
2576
4773
5444
5423
3689
1648
-265
-2747
-3523
-3432
-3270
-1780
-33
1618
2532
2355
2035
1137
-332
-1438
-2237
-819
794
1726
3806
4751
5050
5398
2870
13
-2548
-6237
-7717
-8042
-7345
-4056
-1376
1244
4104
4964
5092
4215
1974
423
-1542
-2917
-2677
-2682
-1844
-450
753
1836
1853
1639
1299
179
-822
-1338
-1254
261
1624
2780
4449
4931
5131
4794
1791
-1171
-3979
-7345
-8429
-8534
-6871
-3366
-711
2277
4752
5328
5288
3735
1380
-178
-2245
-3234
-2940
-2318
-959
315
1691
2526
2118
1369
455
-697
-1764
-2140
-1294
357
1998
3374
4769
5067
4908
4122
1036
-1965
-4632
-7278
-8298
-8053
-5897
-2482
10
2627
4831
5065
4592
2842
685
-503
-2359
-3375
-2641
-1939
-621
895
2095
3464
2845
1946
1290
-317
-1364
-2230
-1874
-518
485
2283
4123
4995
5379
5394
3069
-189
-3320
-6701
-8316
-8643
-7509
-4137
-961
1635
4309
5411
5364
3944
1347
-395
-2214
-3800
-3563
-2789
-1358
333
1778
3471
3267
2307
1399
-379
-1712
-2695
-2712
-1374
-144
1709
3770
4722
5311
5460
4169
1080
-2363
-5422
-7548
-8457
-7933
-5107
-1457
1298
3904
5529
5590
4548
2299
94
-1517
-2936
-3478
-2856
-1650
-280
958
2086
2783
2256
1180
107
-970
-1734
-1991
-1456
-303
792
2123
3463
4241
4624
4675
3395
493
-2580
-5505
-7455
-8171
-7575
-4793
-1465
1270
3921
5311
5372
4034
1747
-52
-1678
-2924
-3070
-2290
-952
417
1404
2523
2715
1666
754
-189
-783
-1245
-1631
-845
112
751
1771
2681
3571
4042
4164
3544
1137
-1763
-4616
-6806
-7819
-7647
-5197
-1814
1017
3773
5402
5519
4194
1799
-257
-2000
-3196
-3324
-2599
-1014
561
1679
2707
2982
2022
696
-624
-1594
-2080
-2119
-1350
-93
980
1895
2868
3605
3689
3747
3602
1762
-814
-3446
-5813
-7003
-7337
-5933
-2825
15
2635
4470
4823
4197
2293
-15
-1582
-2653
-2858
-2177
-810
1054
2039
2334
2373
1775
775
-500
-1273
-1485
-1378
-1147
-529
419
916
1238
1724
2524
3157
3528
3881
2662
202
-2649
-5493
-6808
-7096
-5945
-3010
287
3163
4919
5066
4164
2287
-307
-2213
-3026
-3015
-1955
-359
1319
2572
2624
2023
904
-118
-894
-1685
-1551
-1036
-578
33
154
496
746
463
1063
1869
2662
3192
3432
3013
469
-2459
-4903
-6291
-6339
-5637
-2956
450
2686
4205
4272
3289
1640
-888
-2371
-2677
-2146
-880
326
1790
2788
2582
1716
635
-206
-700
-1088
-932
-331
-140
0
-221
-454
-359
-441
-143
845
1918
2612
2471
2346
2760
678
-2138
-4108
-5155
-4751
-4535
-2713
642
2523
3201
3051
2057
1103
-793
-2665
-2449
-1693
-958
124
1200
2444
2739
1893
1102
414
-122
-465
-768
-397
1
-196
-493
-612
-706
-842
-840
-220
851
1595
2041
2283
1627
1532
1608
-549
-2090
-3340
-4194
-3479
-3477
-1677
971
1584
2388
2107
1152
871
-664
-1662
-1152
-862
-54
523
1040
2211
2091
1214
948
425
-227
-628
-988
-259
12
-498
-284
-328
-102
-152
-467
201
804
928
842
1018
1127
570
-345
-178
871
43
-1315
-1984
-2254
-1916
-2450
-1918
153
944
1351
1445
1055
1188
129
-1213
-766
-345
-198
-115
14
1068
1517
1017
896
911
546
-74
-723
-668
-390
-698
-799
-532
3
364
289
608
1040
883
310
-314
-632
-856
-1031
-1019
-396
256
1096
2038
1418
514
-731
-1886
-2293
-2963
-2136
-445
432
1577
2051
1924
1805
650
-379
-688
-1084
-852
-452
4
965
1238
1029
826
297
10
-299
-689
-511
-347
-233
-139
-258
-189
-274
-460
-286
106
479
609
569
419
12
-512
-884
-927
-679
-203
406
903
1376
1812
1664
652
-765
-1825
-2280
-2384
-2044
-940
466
1404
1656
1318
877
324
-558
-1093
-889
-253
294
515
753
893
650
189
-223
-179
-87
-148
34
154
209
83
-311
-497
-496
-443
-140
224
570
744
559
191
-250
-605
-852
-940
-656
-404
-38
477
663
640
468
208
76
42
151
419
680
572
-182
-667
-882
-1407
-1561
-1055
-331
317
693
929
946
602
154
-342
-490
-193
-20
203
529
699
661
312
-110
-222
-271
-338
-232
-173
25
54
-134
-155
-186
-66
63
285
869
1249
1138
1416
1337
364
-792
-2100
-2465
-2390
-2368
-1291
28
894
1443
1042
690
439
-318
-626
-560
-259
301
332
371
652
451
220
121
28
227
319
388
467
295
69
-254
-571
-537
-411
-282
47
344
506
380
37
-254
-590
-883
-876
-570
-237
180
553
731
723
348
104
-249
-465
-279
-187
103
329
327
331
163
-66
-191
-268
-188
-23
136
341
335
215
108
-84
-253
-240
-159
-101
-45
-12
55
21
-123
-226
-239
-171
-109
-60
66
161
150
76
-16
-11
49
80
161
342
541
647
659
577
359
-171
-757
-1099
-1166
-971
-656
-220
235
457
417
211
-24
-72
-59
-47
99
241
309
263
101
46
68
113
146
178
227
252
2
-384
-629
-736
-608
-423
-157
434
1002
1346
1369
1213
1251
659
-455
-1433
-1974
-1901
-1771
-1467
-640
200
804
925
569
456
338
-35
-247
-319
-35
290
197
220
291
322
407
266
216
318
240
172
-21
-273
-344
-482
-428
-254
-39
365
625
766
617
234
-2
-266
-587
-848
-903
-363
-480
-885
-554
-160
381
436
381
917
993
774
358
-233
-74
-116
-306
-119
-52
176
249
-29
-127
-78
11
7
-227
-328
-125
-110
-124
-158
-139
122
155
115
135
-39
-90
-34
-26
-87
-194
-68
-26
-189
-137
149
330
261
260
341
332
113
-132
-138
-176
-98
43
24
17
35
20
-2
-78
-77
-7
-37
-67
-58
-41
-7
-76
-178
-132
-104
-67
-22
6
78
94
107
52
30
-30
-74
-19
29
38
38
76
93
78
-6
-20
16
31
23
26
59
98
41
-57
-72
-73
-57
-67
-66
-6
83
91
24
-18
-32
-50
-102
-120
-86
-16
35
46
62
100
103
79
19
-45
-7
-12
4
28
-10
11
-22
-55
53
5
-170
-280
-358
-208
-83
14
206
278
349
347
129
59
66
-2
20
-23
3
17
-36
28
9
-63
-1
-19
-39
-41
-144
-142
-128
-126
-85
-105
-48
14
-19
40
74
59
70
15
4
24
-17
-4
2
99
163
142
177
186
184
166
86
-26
-115
-208
-243
-345
-400
-372
-329
-249
-186
-111
24
207
367
505
560
561
484
373
302
231
47
-221
-457
-526
-447
-370
-357
-350
-236
-72
47
41
-2
42
165
224
158
92
64
100
117
63
17
-17
7
5
-62
-95
-91
-53
-12
4
34
80
130
200
186
132
77
1
-27
-95
-145
-151
-130
-84
-87
-95
-103
-69
-48
-13
32
82
97
66
69
63
45
-38
-84
-83
-49
-36
-46
-43
13
74
97
136
88
55
5
11
42
43
20
0
4
-14
2
-60
-61
-49
-63
-47
-73
-56
-27
-5
15
41
21
17
24
7
30
1
-4
1
4
9
-5
-17
-12
20
17
24
16
23
31
36
34
16
2
-6
2
-20
-41
-51
-29
-9
-9
-13
-23
-8
-9
-30
-41
-28
-16
-11
-16
-16
16
36
53
50
27
51
64
43
22
-3
-4
18
-4
-29
-29
-41
-15
-21
-41
-9
-8
7
17
-6
2
1
-11
-12
-32
-35
-26
-14
5
27
35
27
27
15
12
7
4
17
15
4
18
11
-5
-1
-30
-11
-1
-7
4
-17
-4
40
7
-24
-4
-21
21
-10
-47
34
26
14
10
-13
19
39
-9
8
0
-21
37
-6
-25
-12
-22
-3
0
-24
-3
3
-29
-13
-21
-10
-5
-16
-2
20
23
23
25
21
23
10
0
12
20
7
4
-11
-5
22
5
-13
-35
-39
-5
1
-30
-18
-5
10
34
15
23
5
0
28
22
-7
-23
-3
32
12
-38
-20
2
12
-15
-51
-21
-10
-22
-34
-43
-8
21
-4
-22
-27
9
59
27
0
6
20
41
5
-40
-32
-19
-11
-20
-55
-32
20
25
-3
-27
6
65
65
26
29
51
39
30
48
76
31
-110
-202
-201
-197
-194
-153
-51
67
88
57
90
158
235
261
218
198
202
177
145
95
66
73
26
-49
-94
-125
-162
-208
-237
-246
-266
-272
-243
-216
-221
-212
-165
-126
-112
-81
-13
37
68
104
141
200
262
268
241
245
278
292
265
219
186
135
60
-5
-64
-108
-135
-160
-202
-234
-219
-180
-164
-168
-174
-175
-170
-168
-128
-65
-37
-30
-15
21
72
129
192
235
243
229
203
182
175
181
174
132
58
-5
-38
-61
-90
-123
-132
-122
-129
-164
-188
-162
-120
-108
-128
-119
-70
-25
-11
-11
0
21
50
71
67
66
87
105
75
28
22
41
44
24
20
24
12
0
4
15
9
-11
-42
-57
-49
-29
-19
-24
-15
2
4
-1
0
0
-21
-52
-56
-27
-15
-36
-42
-10
34
56
48
40
58
72
50
17
13
42
53
8
-42
-38
0
0
-36
-58
-35
5
19
-5
-21
-1
23
19
-2
-9
2
3
-2
0
4
13
13
-4
-21
-20
-12
-12
-20
-29
-23
-8
6
16
16
11
13
22
25
18
11
11
14
9
-1
-3
5
10
-3
-19
-20
-4
5
-3
-21
-24
-3
11
9
0
-3
-3
-1
4
7
2
-2
-3
-9
-15
-11
-10
-17
-18
-14
-11
-3
3
9
15
17
9
4
7
15
14
3
0
11
20
17
8
8
12
12
1
-11
-12
-8
-12
-23
-28
-15
-2
0
-12
-13
-1
12
14
3
-2
4
11
11
0
-10
-8
-2
-3
-13
-16
-6
10
13
5
4
5
10
11
-1
-17
-17
-6
2
-1
-9
-3
13
20
9
-4
1
17
21
10
0
7
19
14
-5
-15
-12
-9
-12
-25
-32
-23
-11
-6
-11
-8
7
19
18
13
8
10
15
13
3
-6
-5
-1
-2
-4
-5
-6
-3
-2
-2
-4
-6
-2
1
1
3
3
1
5
7
8
5
0
1
4
7
4
-2
-3
2
2
0
-6
-8
-4
2
3
-3
-7
-5
-3
-3
-9
-12
-9
-2
5
8
5
7
13
14
10
8
1
2
2
0
-4
-9
-9
-8
-9
-10
-6
-2
1
4
2
6
9
7
2
1
4
3
0
-3
-5
-1
-4
-10
-12
-11
-7
-4
1
3
3
6
11
16
15
11
13
11
9
2
-4
-10
-13
-12
-14
-13
-10
-9
-6
-1
-1
2
4
4
8
6
3
0
4
0
-4
-5
-4
1
2
5
8
13
12
11
10
1
-2
-1
-4
-10
-15
-16
-16
-15
-15
-14
-6
0
7
13
11
13
19
21
18
15
7
3
4
-1
-4
-9
-15
-14
-14
-15
-16
-15
-9
0
5
5
8
15
17
17
15
6
-1
-5
-3
-8
-10
-12
-14
-11
-2
0
-2
0
9
11
10
5
1
5
9
7
1
0
4
5
5
1
0
0
-6
-9
-14
-16
-14
-12
-9
-5
-2
-1
4
5
6
9
10
14
11
5
3
1
0
-7
-10
-10
-5
0
2
2
3
8
9
6
5
3
1
-3
-9
-8
-9
-12
-12
-9
0
5
5
7
8
10
7
1
0
0
0
-4
-9
-6
0
1
0
0
1
4
2
0
-1
0
-1
-2
-4
-1
1
2
4
4
1
3
4
0
-3
-1
-1
0
-3
-3
1
2
3
0
-1
-2
-2
-4
-6
-6
-5
-1
0
1
4
6
4
6
5
4
0
-2
-2
-2
2
0
-1
-1
-1
0
1
2
1
1
2
0
0
0
-1
0
0
-2
-1
0
-4
-4
-2
-4
-3
-2
-3
-2
-1
0
0
1
1
0
0
3
1
1
4
3
1
1
2
1
2
2
0
1
1
2
2
0
0
-1
-2
-3
-2
0
0
-2
1
2
1
2
-1
-2
0
-2
-1
0
-1
-1
-2
-2
-4
-3
-1
-3
-1
0
-2
0
1
2
3
6
2
3
2
0
3
1
0
0
0
1
0
0
0
0
-1
-2
0
0
0
0
-1
0
1
1
0
-4
-4
-2
-1
1
0
0
1
-1
0
2
2
2
2
3
3
1
0
1
0
1
-2
-2
-2
0
0
1
1
-1
-1
0
0
0
0
0
0
1
0
0
0
0
1
2
0
-2
0
0
2
0
1
1
0
-1
-1
-2
-4
-3
-1
1
1
-1
0
1
1
3
0
0
1
1
1
1
0
0
2
2
0
-1
-2
-1
0
-1
-1
-2
0
0
-2
0
-1
-2
-2
0
0
2
1
1
0
1
1
0
-1
-2
0
0
0
0
2
1
2
3
2
1
0
0
0
-2
-1
0
0
1
2
0
0
0
-1
-3
-2
-2
-1
0
0
0
1
0
2
3
0
-1
-1
0
0
0
1
1
0
0
0
-3
-1
-1
0
0
-1
0
1
0
1
0
0
0
-2
-1
-1
-1
0
-1
0
1
-1
0
0
0
2
3
3
2
2
2
0
0
-1
0
1
2
1
1
0
0
-2
-4
-4
-4
-3
-3
-1
0
0
2
1
0
0
0
0
0
0
0
1
1
2
1
0
1
2
2
2
0
0
0
0
0
-1
-2
-2
-3
0
1
1
0
0
-3
-1
0
0
1
1
0
0
0
-1
-2
0
0
1
0
-1
1
1
-2
1
2
2
3
3
3
1
0
0
-2
-2
-2
-1
-3
-2
-1
-1
-2
0
2
0
2
1
0
0
0
1
1
0
3
1
0
0
0
-4
-3
0
-1
-2
0
0
0
0
-2
-1
-2
0
0
2
2
-1
1
0
-2
0
1
2
2
0
0
0
0
0
0
0
-1
0
2
0
0
2
0
2
2
-2
0
-1
-1
-2
-2
0
0
0
0
1
0
0
0
0
1
0
0
2
1
2
3
-1
-3
-2
-4
-3
-1
-1
0
0
1
2
1
0
0
0
1
0
0
-1
-1
0
1
2
0
0
0
0
0
0
2
0
0
0
1
0
-1
-1
-1
-1
-1
0
0
0
0
0
1
0
0
0
0
0
0
0
1
0
-1
-2
-1
-2
-1
1
1
2
2
0
2
0
0
1
0
0
-1
0
-1
0
0
-2
-1
0
1
1
2
0
-2
-2
-3
-1
2
0
1
0
0
0
-1
0
-1
-1
-1
1
1
1
1
0
0
0
0
1
0
-1
-2
0
-1
0
3
2
1
0
0
3
0
-2
-2
0
0
0
4
0
0
0
-2
1
0
0
1
0
0
0
1
-1
-1
-2
-2
-3
-2
0
-2
-5
-2
0
0
1
2
1
2
4
3
1
2
2
3
2
3
1
0
-1
-1
-1
0
-2
-3
-1
-1
1
-1
-2
0
0
0
1
0
-2
-1
-1
-1
1
1
0
0
-2
-2
-1
0
0
1
3
1
0
0
-1
0
0
0
1
0
0
0
0
-2
-1
1
1
1
0
1
0
-1
0
-2
-1
-3
-2
-1
-1
0
0
0
0
2
2
2
0
-2
1
1
0
1
0
1
-1
-1
-1
0
1
0
0
1
1
-1
-3
-1
1
0
0
0
0
1
-1
-1
1
0
0
-1
0
0
1
1
-1
0
0
0
0
1
1
0
0
2
0
0
0
-2
0
-1
1
1
2
1
-2
0
0
0
-2
0
0
-4
0
0
1
2
0
1
1
-1
1
2
0
-1
0
1
0
-1
0
2
0
-2
-1
2
-1
0
2
0
0
-2
0
1
0
-1
-2
-1
-1
-3
-1
0
-1
1
0
2
3
2
1
1
0
0
0
2
0
-1
0
0
5
2
0
1
-1
-2
-2
-2
-1
0
-1
0
0
0
-2
3
2
-2
-1
1
-1
-2
0
0
-1
2
0
-2
0
2
1
0
-2
-1
2
1
2
2
0
1
-1
0
2
0
-1
0
0
-1
-2
-1
0
3
0
-2
-1
-1
0
0
0
2
2
1
0
1
1
0
-1
-1
0
0
0
1
-2
-2
0
-1
-2
-1
0
1
0
2
0
0
0
0
0
-2
0
0
1
0
1
3
-1
0
2
-1
-2
0
0
0
1
2
1
-2
0
0
-4
-3
-1
0
0
1
2
1
1
1
0
1
0
1
0
0
0
0
1
0
0
-2
0
0
1
1
0
0
0
-3
-3
-2
-1
0
0
0
0
2
0
0
3
4
2
1
1
-1
-1
-1
-1
0
1
0
-1
0
0
-2
-2
1
1
-1
-2
0
0
0
2
1
2
0
-1
-2
-1
0
0
0
0
0
0
-1
-1
0
0
1
1
1
1
0
1
0
0
-1
0
0
-3
0
2
1
3
0
0
1
-1
0
-2
0
-1
-1
-1
-2
0
0
0
2
1
1
0
-1
0
1
0
0
1
0
0
-1
0
-1
-1
1
0
0
0
2
0
0
0
0
0
-1
0
0
1
1
2
3
2
2
1
0
-2
0
-2
-1
-1
-1
0
0
2
-1
-2
-3
0
1
0
1
0
2
1
0
0
0
-2
-1
-2
-2
1
-1
-1
2
0
1
2
2
1
3
0
-2
-1
-2
-1
-2
-1
-1
1
1
1
3
0
3
2
-1
-2
-2
0
1
0
0
0
0
0
0
-2
-1
-1
-1
1
2
-2
0
0
0
1
-3
-2
0
0
1
1
0
0
0
2
0
0
0
0
0
-1
2
2
0
0
2
1
0
-1
0
-2
-2
0
0
0
0
-1
-2
0
-2
0
0
1
0
-1
1
1
0
0
2
2
1
0
1
0
0
-2
-2
0
0
-1
0
1
0
0
3
2
1
0
0
-1
-3
0
-2
-2
0
0
1
0
1
0
0
2
1
1
1
0
0
-1
-2
-2
-3
-2
-1
0
1
0
0
2
-1
-1
-2
-3
-2
-2
0
0
0
1
4
5
2
1
1
0
0
1
0
1
3
3
2
-1
-2
-2
-1
-1
0
0
0
0
-2
0
1
-1
0
0
-1
-1
0
-2
-3
-1
1
0
0
0
-2
0
-2
-1
1
-2
0
3
1
3
3
0
0
0
1
2
0
0
2
1
-1
0
0
0
1
1
0
0
0
-2
-1
0
-2
-1
0
-1
-1
0
0
0
1
0
-1
-1
0
0
0
0
0
-1
0
0
0
1
1
0
-2
-2
1
3
2
0
1
1
1
0
2
1
0
0
0
1
0
-2
-1
0
-2
0
0
0
0
0
-1
0
0
0
-1
-1
0
0
-2
-3
0
0
-1
0
2
2
1
2
3
3
0
-1
1
0
-3
1
2
0
-2
0
0
-2
-2
-1
-1
-2
-1
1
-1
0
0
0
2
0
2
2
0
0
1
0
0
0
0
1
2
2
1
0
-3
0
0
-1
0
-2
-2
0
0
3
1
0
0
0
0
-1
-1
-1
0
0
0
1
0
-1
0
2
1
0
0
-1
-1
0
0
1
0
0
1
1
2
0
0
0
-1
-1
0
1
0
-1
2
0
0
-2
-2
-1
-3
-2
-1
0
1
-1
0
1
-2
0
0
2
3
-3
0
3
1
3
0
-1
0
0
0
0
0
0
0
0
0
0
0
-2
-3
-1
0
0
1
0
2
1
-2
2
3
0
0
1
0
1
-1
0
0
-4
0
0
0
1
-1
0
0
0
0
-1
-1
-1
0
0
0
1
1
1
-1
1
0
0
0
0
-1
-1
0
0
-2
0
1
0
0
0
2
0
-3
0
0
0
0
0
2
4
1
0
0
0
0
-3
0
2
0
-2
0
0
0
0
-1
-1
-1
0
-2
1
0
-2
1
1
0
0
0
-2
1
0
0
0
0
2
3
0
-1
0
0
2
0
-2
-2
-3
-1
2
0
-2
0
-1
0
3
0
0
2
0
4
0
0
1
0
2
4
2
1
-2
-2
0
-2
-2
-1
-1
-2
1
0
0
3
-1
0
-1
-4
-2
-4
-2
0
0
-1
0
-1
0
1
0
0
0
0
0
1
3
1
2
0
0
0
0
0
0
0
-1
0
-1
0
0
-1
0
-1
0
1
2
0
0
-2
-1
1
0
1
-1
-1
-1
-1
3
3
3
0
0
0
-1
1
0
0
-1
-2
-3
1
0
-1
1
0
0
0
-1
0
0
1
3
1
0
2
0
0
2
-1
-1
0
-2
-1
-1
0
0
0
1
0
-2
-1
-2
-2
-1
0
2
4
5
-1
-2
2
-1
0
1
1
1
0
1
0
0
-3
-6
-1
0
0
1
0
0
-1
-3
0
1
3
0
1
1
0
-1
0
2
2
1
-1
0
-2
-3
0
0
0
-1
-2
0
1
1
0
2
0
0
3
0
0
-1
0
2
3
5
3
5
-7
-14
-5
-4
1
4
9
5
0
-4
-5
-1
2
1
1
-1
-7
-3
4
1
2
4
0
-5
-5
-4
-2
0
0
2
-2
0
0
-1
0
0
3
3
1
1
1
1
1
0
-1
0
0
0
2
7
4
0
-1
0
-3
-3
-1
-3
1
0
-3
-1
0
-1
-4
-1
3
1
2
0
0
0
0
0
-2
0
0
0
0
0
0
0
1
2
0
0
3
1
-1
0
-1
-3
1
2
0
1
1
0
0
0
0
1
0
3
0
-2
-1
-5
-6
-2
1
1
0
1
1
0
0
-2
-1
0
1
1
0
0
0
2
0
0
2
0
-1
0
2
0
0
-1
-1
0
-2
-2
0
0
-1
-1
0
1
3
1
0
0
1
2
0
-1
0
2
0
0
-2
0
0
-2
-1
1
1
0
0
0
0
1
0
-2
-3
1
0
-2
0
1
0
-1
-1
-3
1
0
0
2
0
1
0
0
0
1
0
-1
0
1
2
2
0
0
0
0
-2
-1
0
0
1
1
2
0
-1
-2
-3
0
0
0
0
0
-2
0
2
0
-2
0
1
0
4
1
-1
2
0
0
2
0
-1
0
0
1
1
-1
-1
0
0
0
-1
-2
0
-1
-3
-1
-1
-1
-1
1
5
1
2
3
1
-2
-3
-2
-3
-1
0
1
4
1
1
2
0
-1
-2
-3
0
0
0
0
0
2
2
5
0
-1
1
-1
-1
0
-2
-1
-2
-1
1
3
4
1
2
1
0
-7
-6
-1
-1
1
0
2
4
0
2
3
0
-6
-5
-3
-3
1
1
1
3
3
4
1
-1
-1
0
-2
0
0
1
2
0
0
1
0
2
0
-2
0
1
0
0
0
-1
-1
-3
-2
-1
0
-1
3
5
2
0
-4
-1
0
-1
-1
0
0
2
3
5
1
2
0
1
1
0
-1
-1
0
0
0
0
0
0
-3
-4
1
0
0
0
-3
-2
1
1
0
-1
0
0
0
2
4
1
2
2
0
0
0
0
-2
-2
0
3
2
-1
-2
-4
-1
0
0
0
-1
-3
0
2
0
0
0
0
0
0
3
1
2
0
-1
-1
1
1
2
1
0
0
1
2
-1
-1
0
-4
-2
0
1
0
1
0
-2
0
1
2
0
-1
0
-1
-3
-1
0
1
0
0
0
-2
2
0
-2
0
0
1
1
1
0
-1
0
1
2
-1
-1
0
0
-1
-3
-2
0
-1
-1
1
1
2
3
3
0
-2
0
0
0
0
1
-1
-1
-2
0
-1
-1
0
1
3
2
-2
0
-1
-2
2
-3
-3
3
1
-1
-1
1
5
4
0
-1
0
0
-1
-2
-1
-2
0
3
1
0
2
3
0
0
1
0
0
-4
-1
-1
-2
1
2
0
-5
0
0
-3
3
3
-2
0
2
0
0
-2
-2
3
1
0
0
0
0
-1
1
1
1
0
-2
-1
0
1
1
0
0
-3
-3
-3
0
5
2
0
1
-1
-1
0
0
4
4
0
-2
-1
1
0
1
0
-1
0
-2
-2
1
3
0
2
-3
-3
2
0
0
0
1
1
0
0
0
0
0
-1
1
-1
0
1
1
0
-2
0
0
1
5
1
-1
-1
-3
-1
0
0
3
2
3
0
0
0
-2
-2
-4
0
1
-1
0
0
0
-3
-2
0
1
0
1
2
0
0
3
-2
0
5
3
1
0
0
-1
-2
-2
5
5
0
1
0
0
-1
-4
0
0
-1
1
0
0
0
-2
-3
-3
1
0
0
0
-1
0
0
0
2
0
-3
-1
0
-1
0
0
0
0
-1
1
0
-1
1
-1
-2
-2
1
2
3
5
4
0
-1
0
-1
2
1
-1
-1
0
0
-2
-1
-3
0
1
-3
-2
-1
-2
-1
1
4
0
2
0
0
-1
0
3
1
1
0
-2
-3
0
2
0
2
-1
0
2
-1
1
0
-2
0
0
-1
-2
-2
-1
0
3
3
2
0
0
-1
0
-1
0
0
-2
0
-1
0
0
0
1
-3
0
2
0
2
0
0
-1
0
1
0
0
0
-1
-1
0
1
0
1
0
-2
1
0
-2
-1
-1
-1
0
2
2
0
-1
0
2
0
0
2
-1
-1
0
-1
-1
1
-1
-1
2
3
2
1
-1
0
1
0
0
-2
-1
3
1
0
0
-2
-1
0
0
-3
-1
0
-2
1
2
-1
-6
-2
1
1
0
2
0
2
3
0
-1
-1
3
0
0
-1
0
3
3
0
-1
0
0
1
0
-1
-2
-2
0
1
2
2
0
-3
-1
-2
-1
-1
-1
0
0
0
0
1
1
0
0
-1
0
0
-1
-1
2
0
1
4
2
1
1
-3
-2
0
0
0
0
1
2
-1
0
0
-3
-1
4
0
-2
0
0
0
1
0
0
-1
0
0
-1
1
2
0
-2
-3
-4
1
1
-5
-4
-2
0
1
-1
-1
2
4
6
2
4
1
0
0
-2
1
3
2
0
-2
-7
-4
-1
-3
-2
-3
2
2
2
4
0
0
1
0
0
2
-1
0
1
0
0
2
1
-1
2
2
2
2
-1
1
-4
-4
2
0
-2
0
-1
0
0
0
4
4
0
-5
-6
-3
0
2
0
-3
-2
0
0
1
-1
-2
-3
-1
0
0
5
2
4
2
-1
0
-1
0
5
2
0
0
0
-1
2
6
2
0
-3
-2
0
-1
-1
1
2
-1
-4
-3
2
1
0
0
-5
-5
-2
-2
0
1
5
3
-3
-1
1
0
1
0
-1
-2
-3
0
7
9
7
0
-11
-14
-7
0
4
6
4
1
-1
3
6
4
-3
-12
-16
-6
10
16
11
5
1
1
-1
-4
-8
-10
-10
-13
-6
8
16
16
11
-1
-11
-14
-14
-1
9
11
10
3
0
0
1
-1
-11
-20
-11
5
23
25
3
-9
-15
-6
1
-5
0
-1
0
3
8
15
13
-3
-15
-20
-13
0
3
4
7
2
6
5
5
9
2
-8
-23
-22
-7
12
28
22
4
-11
-18
-5
6
-3
-13
-15
-6
18
25
17
7
-8
-12
-13
-12
-4
2
4
4
7
15
12
2
-13
-21
-18
-5
4
4
13
14
10
3
-4
-4
-8
-4
-4
-8
0
6
9
9
0
-5
-6
-1
4
3
0
-9
-10
-1
2
7
11
0
-8
-8
-4
-1
2
7
8
4
-1
0
1
-1
-3
-1
-4
-3
0
3
5
0
1
0
0
0
-3
0
0
-4
-3
0
2
2
2
1
1
-1
-2
-3
-7
-3
0
1
1
4
4
0
0
-2
-3
-2
-3
0
0
1
0
0
2
2
2
4
3
0
-3
-1
0
1
2
4
1
-1
-2
0
-2
0
0
-2
-3
-2
0
0
0
0
-2
-4
0
2
4
4
0
-2
-1
0
0
4
1
0
1
-1
1
1
0
2
0
-1
0
0
2
-1
-1
0
0
1
1
1
0
0
-2
-1
3
-1
-3
-2
-1
0
-1
4
0
-4
0
0
0
0
1
-3
1
0
-3
1
1
-1
0
1
0
0
3
-2
-2
1
1
0
2
1
-3
-1
1
0
4
3
2
0
-1
0
-2
2
0
-1
-1
-3
0
-1
0
-1
-3
0
-1
1
0
0
3
2
0
0
-2
1
2
1
2
0
0
0
0
-1
0
0
-1
0
1
1
1
0
1
0
-1
1
1
-1
-3
-1
0
0
2
1
-2
-1
-2
-2
0
0
0
3
1
-2
0
-1
0
0
0
3
0
0
0
0
-2
-2
-2
0
2
0
1
0
0
0
1
-1
-3
0
0
3
2
-1
-3
-4
1
3
2
-1
-1
0
2
0
0
0
0
1
-1
0
-1
0
0
0
1
0
0
-2
2
1
-1
-2
-3
-1
0
0
0
1
1
-2
0
0
1
3
1
0
0
1
0
-2
0
1
0
1
0
3
0
-3
-1
-1
0
0
-2
-2
1
1
2
0
-2
2
3
-1
-2
-1
0
1
5
2
0
-2
-3
-3
-2
3
4
0
0
2
2
-2
-4
0
3
-2
0
0
-2
-3
0
1
-4
-2
1
0
-2
4
4
4
3
2
1
1
-3
-3
2
2
-1
-3
-4
-1
1
2
1
-3
0
1
-3
-7
-1
-1
-2
5
6
-1
-6
-3
1
5
0
-2
1
1
2
3
-1
-3
3
1
1
0
-6
-4
6
1
0
2
0
1
7
0
-7
5
5
-4
-3
-4
-5
5
5
-6
-6
0
1
1
0
-4
0
2
0
3
0
-7
-4
0
5
5
-2
-5
4
6
2
1
0
0
-1
0
1
-4
-5
2
0
-1
-2
0
0
-3
2
3
2
-2
-5
6
9
0
0
0
-6
3
9
2
-6
-9
-3
3
1
-11
-8
11
23
10
-16
-36
-16
29
29
0
-13
1
13
9
-19
-33
-7
28
36
7
-24
-39
-19
1
3
7
15
11
-1
-2
0
6
2
-8
0
22
19
-11
-15
13
21
-13
-38
-11
28
24
-8
-18
-5
-2
-7
-5
4
9
1
5
7
-20
-16
18
27
0
-5
11
0
-17
-18
-5
5
8
8
-15
-32
10
43
-11
-57
-15
33
42
22
-21
-20
31
30
-3
-6
5
24
31
13
-12
1
-14
-30
33
34
-31
-35
-25
-24
15
5
-50
-30
-4
-10
-9
-6
15
5
-16
0
9
6
13
22
33
26
16
24
-2
-22
30
31
-8
0
11
7
-9
-38
-30
4
-11
-32
14
12
-39
-16
17
15
-13
-32
20
26
-11
-23
-8
40
1
-37
25
-6
-50
26
48
2
-21
-17
17
17
-12
-1
-23
-7
31
36
55
-16
-31
-2
1
17
-22
5
0
-2
10
-57
-4
39
16
-19
-73
17
17
-45
20
0
-2
62
31
-31
-57
3
53
-14
-50
17
57
10
-30
-31
2
60
13
0
39
-11
-21
-69
-84
-15
18
57
1
16
73
-26
-39
16
32
22
-17
27
6
-128
-57
43
32
61
30
35
-36
-105
6
-46
69
113
-151
28
60
-128
33
19
-6
71
60
-6
-136
11
19
-73
125
15
-51
99
28
-3
-76
-113
75
97
-80
-99
26
57
12
-32
0
33
-8
58
59
-82
-82
-37
-25
48
37
-15
16
16
21
28
25
14
-91
-42
53
-54
-28
57
21
25
15
5
-5
-29
-38
20
99
-24
-64
-63
-126
88
124
49
72
-126
-54
48
-66
42
18
-40
35
-11
15
12
-57
66
56
-97
8
51
-35
-35
-98
27
110
-41
26
21
-33
22
-55
-30
58
33
0
-4
-57
-66
103
98
-48
-37
-15
-16
8
16
-3
30
29
-25
22
-15
-41
2
-11
24
-37
-16
101
-21
-60
11
-14
33
41
-30
-6
-12
-21
70
3
-101
-10
33
-11
7
38
-8
-33
29
4
-22
32
9
-14
-14
-24
25
20
-25
-14
-1
17
13
26
62
-30
-99
-18
27
33
23
-3
41
28
-102
-67
87
31
-46
13
-12
-13
47
-24
-26
37
-30
-17
44
-24
-25
46
31
-24
-33
20
0
-38
5
-19
-1
52
-7
0
66
4
-50
-21
-8
17
-2
-68
31
57
-41
39
42
-47
-21
11
11
-48
-19
48
-9
17
2
-62
50
67
-9
2
-60
-61
47
12
-17
20
-10
2
35
-13
-28
32
-4
-29
32
9
-17
16
11
-34
-12
46
-2
-40
1
34
29
25
-19
-66
-14
31
9
-28
-23
15
23
-14
-19
32
8
-10
-9
-53
-8
37
11
-21
6
70
37
-51
-54
19
4
-20
1
-28
8
73
38
-5
-13
-51
-37
71
27
-60
-18
16
13
-20
3
38
8
-12
-15
17
0
-28
14
-25
-59
8
50
19
0
21
4
-26
-5
6
-23
-47
-17
32
21
2
25
18
16
25
-11
-31
-3
-6
-24
30
39
-37
-12
33
4
-2
22
4
-26
-11
15
-7
-36
5
2
-10
26
-37
-67
39
30
-37
6
37
9
-40
-38
2
-2
50
37
-56
-25
30
-23
-21
60
30
0
-11
-19
24
-27
-12
34
5
14
-1
13
15
-22
-2
15
-20
-18
16
-15
-7
13
-20
7
7
-8
20
29
-9
-45
10
18
-57
-11
40
-23
-27
9
-7
-3
22
5
22
36
-36
-27
17
-27
-9
15
-1
20
8
4
25
-12
-1
22
-11
2
1
-14
11
4
-8
7
7
-9
-11
6
9
-14
-14
-11
-10
21
10
-19
-8
-3
19
22
-22
-29
-5
-8
-2
29
14
-13
-5
4
21
-13
-33
33
32
-20
-19
8
20
-7
-20
9
16
-1
-15
-4
24
5
-23
1
4
5
27
-18
-28
18
-1
-19
4
-11
25
34
-41
9
43
-32
-36
-6
18
33
-7
-23
3
7
-17
-18
7
4
-8
9
27
4
3
-12
-29
18
4
-8
23
0
-8
11
-5
5
-4
-37
8
14
-19
25
8
-39
18
5
-26
40
-2
-35
51
-1
-51
11
4
15
41
-14
-53
-13
29
35
19
-27
-15
4
-31
14
60
-8
-78
-54
18
79
87
-35
-85
21
-11
-32
52
4
-34
31
8
-53
5
59
-1
-16
20
1
-21
-27
-12
29
35
-10
-25
-10
3
33
4
-48
23
58
-41
-47
27
3
-23
-2
-14
-10
38
32
-15
8
37
-19
-56
-1
30
-2
-10
5
-3
-24
-18
49
74
0
-60
-26
16
-36
-8
80
-18
-64
30
23
-2
0
0
1
-37
-14
56
48
-14
-48
-43
-42
40
100
-1
-26
8
-60
-58
33
42
8
18
-4
-7
41
-25
-91
17
87
18
-20
-36
-23
7
-22
25
76
-18
-49
-5
-19
0
31
-32
-6
69
-8
-62
0
31
-1
15
35
-23
-15
-14
-19
72
17
-75
15
41
-32
0
6
-40
8
17
-21
-2
-6
-12
22
38
12
0
1
-35
-3
35
-4
-30
-29
11
34
-6
-14
16
-1
-20
5
37
28
-27
-62
-23
36
0
-7
49
14
-50
-26
28
8
-14
33
19
-2
24
-21
-33
-17
-16
32
27
-32
-35
15
23
14
32
-16
-30
6
-21
2
61
38
-14
-107
-74
85
80
-11
-34
-18
-4
-20
10
65
6
-16
3
-21
17
20
-47
-31
-22
-38
29
55
-14
-7
35
24
42
-30
-84
19
5
18
64
-34
-31
3
-5
-21
-25
36
-14
-22
34
5
42
35
0
-13
-50
2
1
-24
8
-12
-17
-4
27
34
-12
-7
1
-1
13
14
-20
-65
-18
25
-13
-9
5
-10
29
47
10
56
74
-45
-55
19
19
17
-20
7
26
-4
-11
-67
-7
33
-53
-40
32
51
-70
-124
-25
79
53
-19
-7
-36
42
31
-81
38
44
22
72
15
5
30
0
-16
51
-26
-116
29
101
-4
-55
2
1
-40
-24
-3
-11
-3
47
-37
-52
34
-44
-13
67
-34
-46
58
33
38
-7
-123
33
83
-23
63
65
-108
-21
124
8
-72
-19
-29
-32
30
77
8
-77
4
7
-17
60
10
-124
-47
16
3
61
54
8
-12
-44
-4
35
-58
-58
6
21
10
28
56
22
-16
19
-8
-20
-11
-72
1
29
-40
54
92
-26
-15
-23
-15
20
-21
-4
11
-10
14
24
31
28
-39
37
68
-1
3
-47
-94
-7
3
13
23
-88
-35
82
5
-103
-83
-24
16
-1
3
8
28
61
35
55
63
0
26
27
-65
-25
-12
-39
20
7
-48
-3
65
43
-2
-51
-42
53
41
-15
-1
-33
31
94
-43
-95
-73
-10
72
-24
-142
-97
39
109
20
-3
71
65
48
-24
-110
-23
73
26
12
32
-19
5
66
-4
-46
0
-1
-21
-23
-45
-55
13
67
37
0
-47
-37
17
2
-1
11
8
-2
-29
-10
14
-12
12
85
63
-28
-40
-32
-18
9
-68
-64
33
47
72
32
-63
-6
7
4
60
4
-9
-3
-23
36
-7
-81
-55
0
77
55
59
44
-106
-180
-107
36
75
72
50
30
21
-8
57
63
-22
-67
-23
10
-48
-131
-60
65
47
37
50
16
-30
-10
26
5
-19
-10
-34
-31
46
36
-22
-11
33
32
58
-3
-86
-36
-42
7
46
-50
-17
70
30
-19
-52
-7
42
5
-7
-13
-14
-33
0
85
22
11
90
25
21
27
-65
-35
9
-41
-119
-106
42
74
-7
-7
17
44
29
-29
-22
26
-2
-42
-29
-47
-56
-1
52
69
85
65
15
-23
-26
8
13
9
-10
-20
16
12
-18
-23
-6
14
11
-12
-29
7
-30
-108
0
83
17
-3
10
-38
2
83
24
-6
5
-60
-63
10
-4
-8
75
37
-5
41
-41
-66
58
54
-32
-54
-42
25
17
-31
1
-1
14
44
16
5
-22
21
20
-63
-15
-7
-55
-11
25
16
32
-7
-87
-55
-24
41
68
-55
-9
79
49
52
23
0
34
44
1
-41
-39
17
19
-35
-7
26
26
-7
-14
17
-46
-43
-11
-54
4
31
-16
23
34
-8
3
-26
-41
-8
8
39
-26
-81
-9
-7
-27
7
27
2
-46
-5
23
-43
-17
41
21
15
43
53
13
-27
-5
29
28
5
6
26
43
51
35
-19
-34
-16
-51
-36
-4
0
39
16
7
24
-29
-15
-31
-96
-21
41
16
31
29
15
35
-8
-57
-22
-26
-28
11
-18
-19
31
3
-3
32
-19
-19
4
-46
-24
14
-39
32
107
-19
2
32
-52
18
23
-25
52
69
-27
-20
66
-25
-44
32
-25
33
59
-84
-8
40
-61
-20
-25
-44
10
24
4
-92
58
116
-140
-60
60
-15
11
-2
11
53
10
34
-36
-36
2
-51
48
-12
-5
179
-22
-48
82
-69
9
-41
-59
52
-90
107
57
-92
70
51
8
-55
-134
-14
119
38
-146
-64
100
-73
132
148
-189
65
141
-176
7
100
-284
45
239
-105
-184
-9
128
252
-572
348
1481
-1507
-965
801
97
15
-88
61
96
-28
95
-75
-144
234
-47
-86
-91
-43
347
25
-86
140
70
-222
19
211
-98
54
64
-153
121
-75
-172
21
-170
54
150
-146
-32
221
-132
-317
216
97
-258
194
189
-63
374
72
-308
49
-190
-90
-49
-20
-7
57
371
-244
-123
-73
-76
-518
-47
785
-170
-70
25
-80
255
-36
-45
-38
141
133
-58
178
-55
23
226
141
60
-27
-29
-119
-110
-95
236
173
-164
89
-18
-144
-64
-371
-246
-220
-178
80
-159
-56
74
146
72
77
223
38
31
111
45
-6
28
31
101
112
12
47
87
60
-10
-114
-89
-72
-51
31
-112
142
121
-231
42
52
-4
11
-53
-4
-68
-35
-92
-63
98
18
-5
40
-51
-128
1
13
-55
75
53
-37
-62
-29
-3
-56
10
64
84
165
96
108
48
-30
7
-8
-21
-89
-42
1
-41
-6
23
-22
-2
52
34
-10
-27
-26
-61
-70
-53
-30
-62
-2
64
43
34
0
58
-33
-55
41
-25
-46
-23
12
53
-10
7
48
26
12
14
44
14
16
29
14
12
-22
-33
-7
-22
-34
27
12
-4
4
-24
-21
-34
-61
-43
-35
-18
13
22
36
35
24
21
3
-33
-17
0
-29
-15
7
8
26
31
35
44
29
39
-4
-25
15
-70
-67
-9
-49
3
27
0
56
43
10
33
-1
-10
-33
-36
-3
-36
7
19
7
29
-4
1
0
-25
13
-20
-28
39
-26
0
29
-23
17
-1
-11
20
-14
-1
13
-25
4
12
-13
4
8
4
2
15
9
-9
-1
-13
-21
-1
-7
-6
4
3
5
22
7
-11
13
-8
-3
5
-31
0
10
-20
7
12
0
22
-5
4
18
-27
8
-6
-20
20
-18
9
18
-19
24
14
-26
4
-2
-16
-9
-21
17
9
-10
13
16
9
0
0
-10
-3
-10
-15
0
-10
8
14
-5
28
19
-3
2
-7
-6
-19
-14
0
-7
0
15
15
12
3
0
7
-15
-17
-4
-10
-8
1
3
8
5
-3
20
4
-18
8
-1
-1
4
-20
11
5
-14
1
-4
19
-2
-8
17
-6
8
1
-6
-5
-6
5
-12
-4
-3
5
12
0
-13
39
10
-33
6
6
6
-47
0
19
-22
-25
14
62
-37
-5
56
9
-35
-16
59
-45
-63
41
6
-25
-1
18
36
-32
-10
67
-29
-7
6
-33
25
-11
-9
12
-9
18
-16
4
-6
6
-3
-48
65
-8
0
35
-22
-5
-20
39
-51
-56
83
-15
-44
23
73
10
-91
32
76
-70
-61
39
31
21
-107
26
158
-112
-38
91
-15
-27
-70
-14
82
13
-96
0
152
-40
-28
60
-74
31
-34
-38
83
-128
13
78
-66
115
-35
-56
135
-64
-30
32
-148
57
160
-106
-91
63
72
11
-32
2
-17
-30
21
-6
-17
35
0
-13
21
-11
-5
24
-6
-26
-5
6
-7
8
-7
12
46
-54
0
49
-48
54
58
-19
46
-33
-11
56
-103
-96
36
34
24
18
-52
-42
31
29
59
-49
-178
-29
2
-21
11
-12
53
54
-1
6
23
68
28
-57
-71
-22
29
61
79
31
-14
21
41
-7
-16
14
-5
32
62
-3
-22
37
40
-38
-29
-8
-60
-27
15
5
-25
-58
-19
4
-26
-5
21
8
2
-30
-34
2
-20
-25
-17
-24
0
0
9
19
10
10
-14
16
58
19
0
6
20
22
-8
7
14
0
7
-8
3
28
27
17
-13
-22
-33
-26
4
-10
-9
-3
-18
-3
4
-13
-12
0
4
-10
-20
8
6
-24
2
1
-13
-5
-1
34
45
-16
-36
28
50
14
10
3
-18
26
24
-7
16
0
-14
-3
-32
0
38
-36
-18
24
-47
-49
-23
-13
1
-7
-35
2
45
0
3
9
-41
-10
30
8
33
19
14
41
16
29
8
-19
-6
-10
1
17
13
-15
-26
-23
-20
7
5
-26
-1
23
-5
-13
-3
9
8
-8
10
18
0
0
-2
-20
3
-1
-23
7
1
-32
-17
-5
-3
10
11
23
29
22
11
-29
-22
-1
8
8
-19
-9
-14
-15
-4
12
30
7
10
5
-18
10
26
-15
-19
-3
-9
11
15
0
12
-2
-14
30
26
-24
-23
-27
-37
-2
22
4
-18
4
20
5
2
18
13
2
4
-10
-4
9
11
0
-20
-28
-7
28
19
-25
-39
-1
32
30
2
-24
-22
13
29
-1
-23
-24
-4
28
24
10
9
2
-15
-30
-27
-18
6
9
-2
-2
18
44
34
2
-13
-25
-7
13
-14
-30
-10
6
20
39
14
-31
-27
10
7
-21
-11
-1
5
15
2
-13
6
11
-9
0
16
3
-14
-7
20
16
-10
-13
-11
-8
0
4
-2
0
21
8
-26
-21
0
-10
-4
4
-18
3
37
19
-11
8
21
-4
-3
2
-11
-9
14
-7
-13
34
19
-25
-6
15
-11
-20
14
19
-13
-13
-5
-5
17
11
-15
5
-2
-28
6
30
-1
-21
18
19
-24
-13
9
-5
-17
9
26
-3
-15
0
-15
-21
20
15
-29
-10
22
-5
-6
31
25
-8
-25
10
20
-7
-7
3
4
-22
-28
18
28
-16
-18
35
18
-55
-8
59
-3
-22
30
15
-19
-31
-6
51
36
-36
12
57
-42
-37
42
18
-6
-12
-21
-17
-35
-17
22
7
-31
-21
-7
-26
10
35
26
33
-59
-88
4
22
46
36
-30
-14
-2
-10
5
53
77
-17
-54
4
4
16
40
15
-1
4
-4
-38
-6
39
15
32
25
-24
2
-7
-29
42
44
-18
-41
-32
-10
-9
29
30
-28
-31
-26
-1
25
2
4
-13
-60
-4
33
-42
12
55
-58
-48
10
-12
8
26
-5
-18
-2
29
36
13
-13
-31
-28
22
49
-13
-15
18
-25
25
77
-4
-56
-20
18
25
22
-1
-20
8
4
-44
-14
33
-18
-29
27
27
11
4
5
8
-22
-21
-9
-7
18
6
-8
14
0
-9
9
-3
5
9
-36
-30
-7
0
47
34
-27
-31
3
20
15
-4
-36
-24
6
15
22
1
-16
-20
-9
10
8
19
14
-9
11
15
-9
-28
-44
-20
16
11
-2
21
37
0
-9
26
17
-1
-5
-19
-28
-36
-13
35
26
-18
-2
26
-4
-6
39
22
-32
-36
-6
0
-2
8
15
-3
-23
-1
26
0
-28
-13
-17
-26
12
44
39
40
35
-10
-50
-47
-27
-10
4
18
22
2
-9
0
10
22
22
-3
-25
-30
-17
2
2
7
20
31
17
-15
-3
1
-22
-3
-2
-7
15
5
0
18
9
-20
-33
-23
-4
8
6
-5
-3
19
32
2
-18
1
12
0
-22
-13
23
23
-17
-14
7
-1
-5
-5
0
3
-12
-10
13
6
6
17
1
-23
-15
-1
3
23
10
-2
10
12
8
6
-7
-20
-9
-22
-29
-14
-5
26
32
7
20
16
-8
2
-6
-22
-5
-26
-38
5
10
32
59
-10
-32
20
24
-2
-29
-46
-25
4
9
6
5
3
2
1
35
31
-23
-19
2
0
11
18
9
-9
-17
-15
-11
-5
3
9
0
-1
2
-4
-2
3
3
-1
5
14
10
0
-17
-8
9
-13
-24
-1
8
18
3
-22
-1
2
-8
16
17
-16
-9
7
5
7
0
7
14
-4
-12
-9
14
27
-1
-17
-9
-5
4
2
-7
-3
-9
-12
10
14
0
-5
-7
-6
-12
-3
14
11
0
-4
1
13
3
-8
0
-1
1
4
-4
-1
4
0
0
-8
-10
11
17
2
-3
-2
-1
-1
2
4
13
11
-9
-25
-6
23
5
-35
-16
25
21
-18
-39
-3
37
26
-20
-49
-14
41
47
1
-43
-28
16
36
18
-19
-34
-23
5
31
17
-22
-24
15
40
14
-20
-22
-6
9
24
18
-8
-25
-8
24
30
-10
-37
-8
11
8
0
0
2
-7
-7
16
13
-13
-9
0
-3
-3
-1
4
2
-21
-23
6
21
4
-25
-12
16
6
-10
1
13
1
-7
13
18
-4
-11
4
11
-4
-7
0
0
7
19
4
-34
-23
25
17
-8
1
13
4
-3
-8
-23
-17
19
29
0
-20
-2
16
12
-19
-28
0
8
-7
0
18
-3
-37
-20
10
10
17
30
-4
-27
0
19
-7
-22
14
26
-8
-18
20
39
12
-9
-8
-10
-30
-21
15
12
0
18
23
10
-7
-13
-1
-8
-40
-34
7
29
16
-1
4
18
13
-9
-11
-19
-31
-9
19
22
9
-11
0
22
-8
-27
12
26
-6
-26
-14
39
31
-44
-24
19
-4
-5
12
7
2
-7
-5
21
17
-6
-6
-9
-9
-4
-11
-12
8
30
7
-13
20
20
-26
-39
-7
19
3
-28
-11
36
38
-16
-33
16
26
-4
-19
-29
-2
25
-2
-21
14
35
16
1
-18
-3
7
-23
-21
-6
-4
15
19
-4
14
24
-4
-11
-4
-4
4
2
-12
-17
-7
3
23
14
-13
2
11
-3
-3
-3
-11
-10
-10
-12
5
19
2
-17
0
21
11
-10
-24
-5
17
13
2
-5
-11
0
16
11
-2
-7
-14
-10
6
26
19
-12
-16
6
13
-7
-6
6
2
-10
-4
3
-8
1
8
-4
-9
0
1
-8
-7
5
14
7
-4
-14
0
21
0
-22
-3
12
0
-11
-5
6
5
0
-2
2
6
-4
-6
7
12
-9
-13
8
13
1
-13
-1
7
-2
0
3
0
0
3
-2
-2
8
0
-20
0
20
-1
-15
6
14
-12
-7
13
3
-9
-3
6
0
-8
-3
10
-2
-8
0
-1
2
0
-8
-14
0
11
-2
-4
17
14
-15
-10
16
16
0
-15
-11
13
15
-7
-19
0
11
-7
-8
2
7
0
-13
-15
12
23
-16
-24
15
24
-1
-7
3
-2
0
8
-10
-8
12
3
-14
4
13
-15
-11
19
12
-11
-5
12
1
-5
0
4
3
0
1
-4
0
4
-3
-7
0
5
-11
-12
7
2
-15
-2
17
-4
-22
3
14
-3
-7
9
4
0
8
0
-3
3
6
0
-2
6
5
-5
-7
9
6
-10
-8
3
7
-4
-4
3
0
0
3
3
-3
-1
0
4
8
-7
-13
-1
12
-1
-16
-4
8
0
-12
-7
6
8
-9
-6
7
2
-8
-4
6
13
1
-12
-9
6
18
11
-7
-12
6
15
2
-10
1
14
-2
-14
3
10
-6
-8
0
2
2
0
-3
0
2
-1
-5
3
5
-5
-4
3
0
-5
1
4
0
0
-4
-2
10
0
-12
-1
10
0
-12
0
7
1
-3
0
5
1
0
-2
-1
3
2
-2
3
-2
-5
1
0
-3
0
5
7
-3
-5
1
2
1
0
1
-1
0
0
0
0
0
-1
-1
0
1
0
0
-3
-4
0
0
2
-2
0
5
1
-4
-2
4
0
0
4
2
-2
-2
4
0
-3
-7
0
1
-11
0
6
0
-3
-2
2
1
-5
2
3
-2
4
3
3
-1
-4
5
7
0
-4
1
2
-6
-4
3
4
-3
0
2
1
1
0
1
-2
0
2
1
0
1
1
-1
-1
-1
-3
-4
0
0
-4
-3
-1
-1
0
1
-3
-4
3
5
3
1
0
-3
-4
3
8
-1
-4
0
4
1
-8
0
7
5
-2
-1
6
0
-5
0
1
-2
-4
0
4
0
-4
0
2
2
0
0
-2
0
2
-2
-6
-3
0
5
2
-7
-6
0
19
27
-8
-45
-14
33
33
-7
-40
-27
14
36
9
-23
-19
3
20
17
-7
-12
4
7
4
-2
-6
0
0
-7
-1
11
9
-5
-7
6
19
12
-3
-4
6
13
3
-8
-15
-13
-1
4
-4
-27
-25
-3
8
4
-18
-13
9
7
-8
-10
1
2
2
2
1
5
9
13
8
10
13
15
10
2
2
5
1
-1
-7
-4
2
-6
-13
-8
-1
-4
-4
3
-5
-16
6
11
-18
-8
23
5
-19
0
10
-8
-7
16
7
-17
-3
11
0
-3
-4
-3
3
10
4
-11
-1
22
2
-22
-2
17
0
-12
7
16
-7
-8
15
9
-9
-7
