0
0
0
0
0
0
0
0
0
0
0
0
0
0
0
0
0
0
0
0
0
0
0
0
0
0
0
0
0
0
0
0
0
0
0
0
0
0
0
0
0
0
0
0
0
0
0
0
0
0
0
0
0
0
0
0
0
0
0
0
0
0
0
0
0
0
0
0
0
0
0
0
0
0
0
0
0
0
0
0
0
0
0
0
0
0
0
0
0
0
0
0
0
0
0
0
0
0
0
0
0
0
0
0
0
0
0
0
0
0
0
0
0
0
0
0
0
0
0
0
0
0
0
0
0
0
0
0
0
0
0
0
0
0
0
0
0
0
0
0
0
0
0
0
0
0
0
0
0
0
0
0
0
0
0
0
0
0
0
0
0
0
0
0
0
0
0
0
0
0
0
0
0
0
0
0
0
0
0
0
0
0
0
0
0
0
0
0
0
0
0
0
0
0
0
0
0
0
0
0
0
0
0
0
0
0
0
0
0
0
0
0
0
0
0
0
0
0
0
0
0
0
0
0
0
0
0
0
0
0
0
0
0
0
0
0
0
0
0
0
0
0
0
0
0
0
0
0
0
0
0
0
0
0
0
0
0
0
0
0
0
0
0
0
0
0
0
0
0
0
0
0
0
0
0
0
0
0
0
0
0
0
0
0
0
0
0
0
0
0
0
0
0
0
0
0
0
0
0
0
0
0
0
0
0
0
0
0
0
0
0
0
0
0
0
0
0
0
0
0
0
0
0
0
0
0
0
0
0
0
0
0
0
0
0
0
0
0
0
0
0
0
0
0
0
0
0
0
0
0
0
0
0
0
0
0
0
0
0
0
0
0
0
0
0
0
0
0
0
0
0
0
0
0
0
0
0
0
0
0
0
0
0
0
0
0
0
0
0
0
0
0
0
0
0
0
0
0
0
0
0
0
0
0
0
0
0
0
0
0
0
0
0
0
0
0
0
0
0
0
0
0
0
0
-1
0
0
0
0
0
0
1
-1
0
0
0
0
0
0
0
0
0
1
1
-1
-1
0
0
0
0
0
1
0
0
0
-1
0
0
0
0
0
0
0
0
0
0
0
0
0
0
-1
0
0
0
1
0
0
0
0
0
0
0
0
0
0
0
0
0
0
0
-1
0
0
0
-1
0
0
0
0
0
0
0
-1
0
0
1
1
0
0
0
1
0
0
0
0
0
-1
0
0
0
0
0
0
0
0
-1
-1
0
0
0
0
0
0
0
0
0
0
0
0
0
-1
0
0
0
0
0
0
0
0
0
1
0
-1
0
1
0
0
-1
0
0
0
0
-1
0
0
1
0
-1
-1
0
1
0
-1
0
0
0
0
0
-1
0
0
0
0
0
0
0
0
0
0
0
0
0
0
0
0
0
0
0
0
0
0
1
0
0
-1
0
0
0
0
0
0
0
0
0
0
1
0
0
0
0
0
0
0
-1
0
0
0
0
0
0
-1
0
0
0
0
0
0
1
-1
0
0
-1
0
0
0
0
0
0
0
0
0
1
0
0
0
0
0
0
0
0
0
1
0
-1
0
0
0
0
0
0
0
0
0
0
0
0
0
0
0
0
1
0
0
0
0
-1
-1
-1
0
0
1
1
0
0
0
0
0
0
0
0
1
1
0
0
0
0
0
0
0
0
0
0
0
0
0
0
0
-1
0
0
1
0
0
-1
0
0
-1
-1
-1
0
0
0
-1
0
0
-1
-1
0
0
-1
-2
0
0
0
0
0
0
1
1
0
0
2
1
1
2
2
2
0
0
1
2
2
1
0
0
1
1
0
0
0
0
0
-1
-2
-1
-2
-1
0
-1
-1
-3
0
-1
0
0
0
0
0
0
0
0
-1
0
0
0
0
0
1
0
2
2
0
1
1
1
1
1
0
0
0
0
0
-2
0
0
0
0
0
0
-1
-1
0
-1
-1
-1
-2
0
-1
1
-1
0
1
0
0
0
0
0
0
0
-1
0
1
0
-1
0
2
0
0
2
2
0
0
0
0
1
-1
0
0
0
0
0
0
0
0
0
0
0
0
-1
0
0
0
-1
0
1
0
0
0
0
0
0
0
0
0
0
0
0
-1
0
0
0
0
0
1
1
0
0
0
0
0
0
0
-1
-1
0
0
0
0
0
-1
0
0
0
0
-2
0
0
0
1
0
0
0
0
1
0
-1
0
0
0
0
0
0
0
0
0
0
1
1
0
0
0
0
0
0
0
1
0
0
0
0
0
0
0
0
-1
0
0
1
0
0
-1
0
0
0
0
0
0
-1
0
0
0
0
0
0
0
0
0
0
0
0
0
0
0
0
0
0
0
0
0
0
0
0
0
0
0
0
0
0
0
0
0
0
0
0
0
0
0
0
0
0
0
0
0
0
0
0
0
0
0
0
0
0
1
0
0
0
0
0
0
-1
0
0
0
0
0
0
0
0
0
0
1
0
-1
0
0
0
0
0
0
1
0
0
1
0
0
0
0
0
0
0
0
0
0
0
0
0
0
1
0
0
-1
0
0
-1
0
0
0
0
1
0
0
0
0
1
-1
0
0
0
0
-1
0
0
0
0
0
0
0
0
0
0
0
0
1
0
0
0
0
0
1
0
0
0
0
0
0
0
0
0
0
0
-1
-2
0
0
0
0
0
0
0
0
0
0
0
0
1
1
1
1
0
0
1
1
-1
0
0
0
-1
-1
-1
0
0
0
-1
-1
0
0
0
-1
0
-1
1
1
0
0
0
1
1
0
0
0
0
0
1
0
0
0
0
0
0
-1
0
0
0
0
0
0
0
0
-1
0
0
0
0
0
0
0
0
0
0
0
0
0
-1
0
0
-1
0
0
0
1
0
0
0
0
0
0
0
0
0
0
0
0
0
0
0
0
0
0
0
0
0
0
0
0
0
0
0
0
0
0
1
0
0
0
0
0
0
0
0
1
0
0
0
0
0
0
0
0
0
0
0
0
0
0
0
0
0
0
0
0
0
0
0
0
0
2
0
0
1
0
-1
0
0
0
0
0
0
0
0
0
0
0
0
0
0
0
0
0
0
0
0
0
0
0
0
1
0
-1
0
0
0
0
0
0
0
0
0
0
0
0
0
0
0
0
0
0
0
0
0
0
0
0
1
0
0
-1
0
1
-1
0
2
0
1
0
1
0
-1
0
0
0
0
0
0
0
0
-1
-1
0
0
-1
0
0
0
0
0
0
-1
0
0
1
-1
-1
0
0
0
0
0
0
1
1
0
1
-1
0
1
0
0
0
0
0
0
0
0
0
-1
0
0
0
0
0
0
0
0
0
0
0
0
0
1
1
0
0
0
0
0
0
0
0
-1
0
1
0
0
0
0
0
0
0
0
0
0
0
0
0
0
0
0
0
0
0
0
0
0
0
0
0
1
0
0
0
0
0
0
1
0
0
0
0
0
0
0
0
0
-1
0
0
0
0
0
0
0
0
0
0
0
0
1
0
0
1
0
0
0
0
0
0
0
0
0
0
0
0
0
0
0
0
0
0
0
0
0
0
0
1
0
0
-1
0
0
0
0
0
0
0
1
0
0
1
0
0
0
0
0
1
0
0
1
0
0
0
0
0
0
0
0
-1
-1
1
0
0
-1
0
0
0
1
0
0
-1
0
0
0
0
0
0
0
0
0
0
0
-1
0
1
1
1
0
0
0
0
0
0
0
0
0
0
0
0
0
0
0
0
0
0
0
0
0
0
0
0
0
-2
0
1
0
0
0
0
0
0
0
0
0
0
1
0
0
0
0
0
0
0
0
0
0
0
0
0
0
0
0
0
0
0
0
0
0
0
0
0
0
0
0
0
0
0
0
0
0
0
0
0
0
0
0
0
0
0
1
0
1
0
0
0
0
0
0
0
0
0
0
0
0
0
0
0
0
0
-1
0
0
0
0
0
0
0
0
0
1
0
0
0
0
0
0
0
0
0
0
0
0
0
0
0
0
0
0
0
1
1
0
0
0
0
0
0
0
0
0
0
0
0
0
-1
0
0
0
0
0
0
0
0
0
-1
0
0
0
0
0
0
0
0
0
0
0
0
0
0
0
0
0
0
0
0
0
0
0
0
0
0
0
0
0
0
0
0
0
0
0
0
0
0
0
0
0
0
0
0
0
0
0
0
0
0
-1
0
0
0
0
0
0
0
0
0
0
0
0
-1
0
0
0
0
0
1
0
0
0
0
0
0
0
0
0
0
0
0
0
0
0
0
0
0
0
0
0
0
0
-1
0
0
0
0
0
0
1
0
0
0
0
0
0
-1
0
0
0
0
0
0
0
0
0
0
0
0
0
0
0
0
0
-1
0
1
0
0
0
0
0
0
0
0
0
0
0
0
0
0
0
0
0
0
0
0
0
0
0
0
0
0
0
0
0
0
0
0
0
0
0
0
0
0
0
1
0
0
0
0
0
0
0
1
0
0
0
0
0
0
0
0
0
0
0
0
0
0
0
0
0
0
0
0
-1
0
0
0
0
0
0
0
-1
-2
1
0
-3
0
2
-1
-3
2
1
-2
0
3
-2
-2
4
1
-2
0
0
0
0
0
1
1
0
-1
0
0
0
0
-2
0
4
-3
-2
5
0
-6
4
5
-8
-2
9
-1
-7
5
2
-6
0
2
-1
-1
-3
5
11
-23
-16
53
9
-86
10
105
-57
-97
106
58
-118
0
107
-62
-61
106
-11
-127
79
118
-146
-77
189
24
-194
31
180
-84
-126
114
51
-97
9
49
-38
3
27
-31
0
25
-17
-9
22
-10
-15
29
-7
-30
27
12
-33
1
26
-11
-20
16
17
-13
-13
14
9
-10
-6
2
9
-3
-12
4
11
-2
-13
12
10
-23
7
20
-19
-7
19
-2
-10
4
5
0
-2
-2
5
-1
-7
0
3
-4
-3
6
-1
0
5
-10
0
11
-5
-9
7
3
-4
-1
0
2
0
0
3
1
-5
4
6
-10
0
9
-1
-8
0
8
-2
-4
3
2
-2
4
1
-8
1
11
-5
-14
9
8
-12
-1
9
-5
-4
8
-1
-7
6
6
-10
-2
12
-2
-10
5
7
-7
-3
5
-1
-2
2
-2
0
4
-2
-4
4
2
-4
1
1
-1
2
1
-2
1
2
-2
-1
2
0
-2
-1
1
-1
0
1
1
0
0
0
1
0
-2
-1
3
0
-4
2
4
-2
-2
2
0
-2
0
0
-2
0
0
-2
0
2
-1
-2
3
1
-2
1
2
0
0
1
0
0
0
0
0
0
0
0
1
1
-1
-1
2
-1
-2
0
0
0
1
0
0
0
0
-1
0
1
0
0
0
0
0
0
0
0
0
0
0
0
1
0
0
0
0
0
1
0
0
0
0
0
0
1
-1
-1
0
0
-1
0
1
-1
0
0
0
-1
0
0
0
0
0
0
1
0
0
0
0
1
0
0
0
0
0
0
-1
0
1
0
0
0
0
-1
0
0
0
0
0
0
0
0
0
0
0
0
0
0
0
0
0
-1
0
0
0
0
0
0
0
0
0
0
0
0
0
-1
-1
0
0
0
0
0
0
0
0
0
0
1
1
0
1
1
0
0
0
-1
0
-1
0
0
0
0
0
0
-2
0
0
0
-1
0
0
0
1
1
-1
0
0
0
1
0
0
0
0
0
0
0
0
0
0
0
0
0
0
0
0
-1
0
0
0
0
0
0
0
0
0
0
0
0
0
0
-1
0
0
0
0
0
0
0
0
0
0
0
0
0
1
0
0
0
0
0
0
0
0
0
0
1
0
0
0
0
0
0
0
0
0
0
0
0
0
0
0
0
0
-1
0
0
0
-1
0
0
0
0
0
0
0
0
0
0
0
0
0
0
0
0
0
0
0
0
0
1
0
0
0
0
0
0
0
1
0
0
0
0
0
0
0
0
0
-1
0
0
0
0
0
0
0
0
0
0
-1
-1
0
0
0
0
0
-1
0
0
0
1
0
-1
0
0
0
0
0
0
0
0
0
0
0
0
1
0
0
-1
0
0
1
0
0
0
0
0
-1
0
0
0
0
0
0
0
1
0
-1
0
0
0
0
0
0
0
0
0
1
1
0
-1
0
0
-1
1
1
0
0
0
0
0
0
0
0
0
0
0
0
0
0
0
0
0
0
0
0
-1
0
-1
-1
0
0
0
0
0
-1
0
1
0
0
0
0
0
0
0
0
0
1
0
0
-1
-1
0
0
0
0
0
0
-1
0
0
0
1
1
1
0
-1
-1
-1
0
0
1
0
0
0
0
1
1
0
0
0
0
-1
-1
0
0
0
0
0
0
0
0
0
0
1
0
0
0
0
0
1
0
0
0
0
-1
-1
0
0
1
0
0
0
-1
0
0
0
0
1
1
1
0
0
0
0
0
0
0
-1
-1
0
1
1
1
0
0
0
0
0
0
0
0
0
1
1
0
0
0
0
0
0
0
0
0
0
0
0
0
0
-1
0
0
0
-1
-1
0
0
0
0
0
0
0
1
0
0
0
0
0
0
0
0
0
0
0
0
0
0
-1
0
0
0
0
0
0
0
0
0
0
0
-1
0
0
0
0
1
0
0
0
-1
0
0
0
0
-1
-1
0
0
0
0
0
0
0
0
0
0
0
0
0
1
1
0
0
0
0
-1
0
0
1
0
0
0
-1
0
0
0
0
1
-1
0
0
0
1
0
0
0
0
0
0
0
0
0
0
1
0
0
0
0
0
1
1
0
0
0
0
0
0
-2
0
0
0
0
0
0
-2
0
0
-1
-1
0
0
1
1
0
0
0
0
0
0
0
0
0
0
0
0
0
1
0
0
1
0
0
1
0
0
0
0
0
0
0
1
0
0
0
0
0
0
0
0
0
0
0
0
0
-1
0
0
0
0
0
0
0
0
0
0
0
0
2
0
0
0
0
0
0
0
0
1
0
-1
-1
0
0
0
1
-1
0
0
1
0
1
-3
-1
0
0
1
1
2
0
0
0
0
0
1
1
-1
0
-1
0
1
0
0
-1
-2
0
-2
-2
0
0
0
0
-1
0
1
0
0
-1
0
0
1
0
0
0
0
1
1
-1
0
2
0
0
0
1
0
1
1
0
-1
-1
-2
0
0
-1
-1
0
-1
-2
-1
0
0
0
-1
-1
0
0
0
0
0
1
0
0
0
0
0
0
0
0
1
0
2
2
1
0
0
0
0
0
1
0
0
-1
0
0
1
0
1
0
-1
0
0
0
0
0
-1
-2
-1
0
0
0
0
-1
0
0
0
0
0
0
1
0
0
-1
0
2
0
0
0
0
1
0
0
0
-2
0
0
-1
0
1
0
1
1
0
0
0
0
0
0
0
0
0
1
0
-1
0
0
-1
0
1
0
-1
0
0
0
0
0
0
0
1
0
0
1
0
0
0
0
0
0
0
0
1
0
0
0
0
0
0
0
0
0
0
0
1
0
0
0
-1
0
0
0
0
0
-1
-1
0
0
1
0
0
0
-1
0
0
-1
-1
0
0
1
0
0
1
0
0
0
0
1
1
1
0
0
0
0
0
0
0
1
0
0
0
-1
0
0
0
-1
0
0
1
0
0
-1
-1
0
0
0
1
0
0
0
0
0
1
0
0
0
0
0
0
0
0
0
-1
0
0
1
0
0
-1
0
-1
0
0
0
0
0
0
0
0
0
0
0
0
0
0
-1
0
0
0
0
0
0
0
0
0
0
0
0
0
0
0
1
0
0
0
0
0
-1
0
0
0
0
0
1
1
0
0
0
0
0
0
0
0
0
0
0
0
0
0
0
0
0
0
0
0
1
1
0
0
0
0
0
0
0
0
0
0
1
0
0
0
0
0
0
0
0
0
0
0
0
0
0
0
0
0
0
-1
0
0
0
1
0
0
0
-1
0
0
0
1
0
0
1
0
0
0
0
0
0
0
0
0
0
0
0
-1
0
0
0
0
0
0
0
0
0
0
0
0
0
-1
0
0
1
0
0
0
0
-1
0
0
0
0
0
0
0
1
1
0
0
0
0
0
-2
0
0
0
0
0
0
1
0
0
0
-1
0
0
0
0
0
0
0
0
0
0
0
0
0
0
0
0
0
0
0
-1
0
0
1
1
0
0
0
0
1
-1
0
0
0
0
0
0
0
0
0
0
1
0
0
-1
0
0
0
0
0
0
0
0
0
0
0
0
0
0
0
0
0
-1
-1
0
0
0
0
0
0
0
0
0
0
-1
0
0
1
0
0
1
1
0
0
0
0
0
0
0
0
0
0
0
0
0
0
0
0
0
0
0
0
0
1
1
0
0
0
0
0
0
0
0
0
0
0
1
2
0
-1
0
0
0
0
1
0
0
0
0
0
0
1
0
0
0
0
0
0
0
0
0
0
0
-1
-1
0
-1
0
2
0
0
1
0
-1
0
1
1
0
0
0
0
1
0
0
0
0
0
0
0
0
-1
0
0
-2
0
0
-1
0
0
0
-1
0
1
0
0
0
0
0
0
0
0
1
1
1
0
1
2
0
0
0
-1
-1
0
0
0
0
0
0
0
0
0
0
-1
0
0
0
0
-1
0
0
-1
0
1
0
0
0
0
0
0
-1
0
0
0
0
0
0
1
0
0
0
0
0
2
1
0
0
0
0
0
0
0
0
0
0
0
0
0
0
0
0
0
0
0
0
0
-1
0
0
0
0
0
-1
-1
0
-1
1
0
0
0
0
0
0
0
0
0
0
0
0
0
-1
0
0
0
0
0
0
0
0
0
0
0
0
0
0
0
0
0
0
0
0
0
0
0
0
0
0
1
0
0
0
0
-1
0
0
0
0
0
-1
0
1
0
0
-2
-1
0
0
0
0
0
0
0
0
0
1
0
0
-1
-1
0
-1
0
1
0
0
0
1
1
0
0
-1
1
1
1
0
0
0
0
0
0
0
-1
0
0
0
0
-1
0
0
0
0
0
0
0
0
0
0
0
0
0
0
0
0
0
0
0
0
0
0
0
-1
0
1
0
1
0
0
1
-1
0
0
0
0
-1
0
-1
0
0
0
0
0
0
0
0
0
0
-1
0
0
0
1
0
0
0
0
0
0
0
0
0
-1
0
0
0
2
0
0
0
0
0
0
0
1
0
0
0
0
0
0
0
0
0
0
0
0
0
0
0
0
-1
0
0
0
0
0
0
0
0
0
0
1
0
-1
0
1
0
0
0
0
0
0
0
0
0
-1
0
1
0
0
0
-1
0
-1
0
0
0
0
1
0
0
0
0
0
0
0
1
0
1
0
0
0
0
0
0
0
-1
0
0
-1
0
0
0
0
0
0
0
0
0
0
0
0
0
-1
0
-1
0
0
0
0
0
1
0
0
0
0
0
0
0
1
0
0
0
0
0
0
0
0
0
0
0
0
0
1
0
0
-1
0
0
0
0
0
0
0
-1
-1
0
0
1
0
0
0
0
0
0
0
0
0
0
0
0
-1
0
0
-1
0
0
0
0
0
1
0
0
0
1
0
0
0
0
0
0
1
0
0
0
0
0
0
0
0
0
0
0
0
0
0
0
-1
0
0
0
0
0
0
0
0
0
0
0
0
0
0
0
0
0
0
0
0
0
0
0
0
0
0
1
1
0
0
0
0
0
0
0
0
0
0
0
0
0
0
0
0
0
-1
0
0
1
0
-1
0
-1
0
1
0
0
0
0
0
0
1
-1
-2
0
0
0
0
1
0
0
2
0
0
0
0
-1
-1
0
0
0
-1
0
2
0
0
-1
0
0
0
0
0
0
0
0
0
0
0
0
0
1
0
0
0
0
0
0
0
0
0
0
0
0
0
0
0
0
0
0
0
0
0
0
0
0
0
0
0
0
0
0
0
0
0
0
1
0
0
0
0
0
0
0
1
1
0
0
0
0
-1
-1
0
0
0
0
0
1
0
0
0
0
0
1
1
0
1
0
0
-1
0
-2
-1
0
0
0
0
0
1
0
0
1
0
0
0
-1
0
0
0
0
0
0
0
0
0
0
0
0
0
0
0
0
0
0
0
0
0
0
0
0
0
0
0
0
0
0
0
-1
1
0
0
0
0
-1
0
0
0
0
0
0
-1
0
0
1
1
0
-1
-1
0
0
0
0
1
1
1
0
0
0
0
-1
0
0
0
0
1
1
0
-1
-1
-1
0
0
0
0
0
-1
0
-1
0
0
0
0
0
0
0
0
1
0
0
0
0
0
0
0
0
0
0
0
1
1
1
0
0
0
0
0
-1
0
0
0
0
0
0
0
0
0
0
-1
0
0
1
1
-1
0
-2
0
0
0
1
0
0
1
1
1
0
-1
0
0
0
0
0
1
1
0
0
0
0
0
0
0
1
1
1
0
0
0
0
0
0
-1
0
-1
0
0
-2
0
0
0
0
0
0
0
0
0
1
0
-1
0
0
0
0
0
0
0
0
0
0
0
1
2
1
0
0
-1
-1
-2
-1
0
1
0
1
0
0
2
0
0
-2
-2
-1
-1
0
1
1
0
0
0
-1
0
0
1
2
1
1
0
-2
0
0
4
5
-1
-8
-13
-10
2
12
12
6
-1
0
0
4
1
4
3
-5
-24
-41
-22
35
57
45
6
-28
-35
-15
1
10
8
3
-10
-26
-31
-13
12
29
23
0
-9
-8
0
-1
-10
-8
6
11
22
15
9
-2
-11
-16
-4
1
8
-1
-3
2
8
1
-8
-19
0
15
18
6
-14
-20
-9
0
6
6
-1
0
-1
0
-1
4
6
4
-6
-8
-7
6
11
5
-6
-10
-5
4
4
2
0
1
3
3
0
-6
-8
-8
-4
0
7
5
2
1
0
-1
0
-1
-3
-3
2
4
6
3
-1
-6
-4
2
8
7
0
-7
-8
-3
1
1
3
0
2
0
-2
-4
-3
2
5
2
-1
-5
-2
-3
0
0
3
3
0
-2
-1
0
2
0
0
0
2
3
0
-4
-7
-5
3
9
7
2
-1
-5
-5
-1
1
3
0
0
-2
-2
0
2
3
2
-1
-2
-2
0
2
0
-1
0
0
2
0
0
-2
-1
0
0
1
2
1
-1
-3
-2
0
2
1
1
0
0
0
0
-3
-1
1
5
2
0
-2
-3
-3
0
3
4
2
-1
-3
-2
0
1
0
0
0
0
0
0
-1
0
0
2
1
0
-3
-3
-1
-1
2
3
4
1
-2
-4
-2
1
3
2
1
-1
-2
0
0
1
2
0
-1
-1
0
0
1
0
0
0
0
0
1
2
1
-1
-3
-3
0
2
3
2
0
-1
-1
-1
0
0
0
0
-1
0
0
0
0
0
-1
0
0
0
0
0
0
1
1
1
1
1
0
0
0
0
0
0
1
1
0
0
0
0
0
1
0
-1
-1
-2
-1
0
0
0
0
2
1
0
0
-1
-1
-1
-1
0
1
0
0
0
0
-1
-1
0
1
0
0
0
0
1
0
0
0
0
0
0
0
0
0
0
0
1
0
0
0
0
-1
1
2
0
-1
0
0
1
1
0
0
-1
-1
0
0
0
-1
0
1
0
0
-1
0
0
1
0
0
0
0
0
0
0
0
1
0
0
0
0
0
0
0
0
1
0
-2
-1
0
-1
0
1
0
0
-2
0
0
0
0
0
0
0
0
0
1
1
0
0
-1
0
0
0
0
0
0
1
0
0
0
0
0
0
0
0
0
0
1
1
-1
0
0
-1
0
0
0
0
0
0
0
0
1
0
0
-2
0
0
-1
0
0
0
1
0
0
0
1
1
0
0
0
0
0
0
-1
-1
-1
-1
0
0
0
0
0
0
0
0
0
0
0
0
0
0
0
0
0
0
0
0
0
0
0
0
0
0
-1
1
-2
0
0
0
2
1
0
1
0
0
0
-2
0
0
0
2
0
-1
0
-1
0
-1
0
0
-1
0
0
0
0
-1
0
0
0
0
1
-1
0
0
-1
0
0
0
0
0
0
1
0
0
0
0
0
1
0
0
0
0
0
0
0
0
0
-1
0
0
0
0
0
-1
0
1
0
0
0
0
0
0
0
-1
0
0
-1
-1
0
0
1
0
1
0
-1
0
1
1
1
0
-1
0
0
0
1
0
0
0
0
0
0
0
0
0
-1
-1
0
0
2
1
-1
-1
-2
-3
0
2
3
2
0
-3
-3
0
1
2
1
0
-2
-2
0
0
0
2
2
0
0
-2
0
1
0
0
0
0
-1
-2
0
1
1
1
1
0
0
0
-1
0
-2
-1
0
0
1
1
0
0
0
0
1
1
0
-1
-2
-2
0
2
1
0
-1
-2
-1
0
0
1
2
0
-1
-1
0
-1
1
1
0
0
0
0
0
0
-1
0
0
0
0
-1
0
-1
-1
0
0
1
0
0
1
0
0
0
0
0
0
0
0
0
1
0
0
0
1
0
0
0
0
0
0
0
0
0
0
0
0
0
0
0
0
0
0
0
0
0
0
-2
0
0
0
-2
-5
3
6
1
-5
2
1
0
4
-1
4
-4
-4
4
7
-4
4
4
-10
3
-16
0
10
-4
2
-2
-1
6
-12
-3
-1
-1
24
0
-3
13
-2
-15
-1
2
0
3
-27
-1
9
9
6
4
-3
-10
-19
4
53
0
-57
-13
7
0
5
-5
-13
50
-23
84
-6
126
211
-826
-20
309
25
276
-278
75
98
178
145
-373
4
146
-263
189
-114
-56
567
-561
-21
107
-446
511
-362
-37
424
-262
151
-105
55
165
-176
145
187
14
-225
-21
-67
130
218
-115
-73
-262
121
139
-122
12
-104
24
141
-318
-78
424
52
-23
-331
101
377
-158
-35
-70
-165
79
169
-27
-24
-117
37
46
-222
87
-65
231
65
-193
-221
325
379
-495
3
-70
194
-84
-209
450
-235
-314
334
261
46
-95
-17
-113
120
-4
-117
-43
-36
-160
-364
697
-273
-191
44
-41
504
-375
421
-245
142
-185
-999
743
413
-366
-423
474
553
427
-282
-96
686
-722
40
-194
174
0
-1164
470
0
193
-225
-704
602
539
-198
-578
681
275
144
-629
-242
705
-189
-97
93
135
68
-66
134
315
-796
-683
269
298
339
-293
-280
1081
78
-277
8
-52
472
-550
-501
106
14
272
-143
-609
3
379
60
-36
-497
87
394
317
247
-356
-372
469
787
-420
-569
-213
517
520
-498
-319
-122
-91
676
-30
-832
-351
519
643
12
-490
-302
228
1151
201
-1484
-110
564
245
174
-768
-524
179
333
411
-306
-555
284
259
174
404
-321
274
219
-424
-117
-50
597
-447
-888
390
449
-15
165
-167
-416
297
526
160
-458
-192
-203
-142
865
93
-562
-183
-461
115
248
77
213
-544
-65
776
-49
-89
228
-189
-171
-71
133
190
164
-474
-803
487
488
58
-100
-492
350
669
-56
79
109
-764
-376
46
388
248
-518
-749
479
1048
214
-468
-797
63
704
-184
-553
281
67
-139
438
327
40
-387
-452
477
793
-235
-415
171
-168
-410
-24
-234
120
-192
-651
270
431
88
370
22
-334
785
411
-162
-4
-763
-321
977
11
-739
-364
-441
692
591
-752
-427
221
390
406
119
-252
-74
187
27
-114
72
-103
61
3
-323
119
63
59
-178
-235
-100
183
431
218
-287
-332
-47
356
472
-263
-457
-406
197
453
-72
-342
21
514
162
-427
-224
134
298
-165
-500
-1
443
486
263
-447
-552
122
388
75
-151
-242
-150
152
347
136
-155
-165
-35
45
-82
-27
-19
104
-61
-369
-184
213
226
-132
-276
60
310
372
338
15
-92
-93
76
168
-139
-231
-180
-186
25
-22
-165
158
-28
-261
-38
9
132
95
-201
-315
-133
236
452
180
-88
-20
115
420
510
86
-94
-6
36
119
202
-30
-303
-350
-223
-124
-183
-116
-289
-479
-489
-311
-167
-251
-275
-362
-396
-51
399
923
1145
1022
837
771
902
960
883
696
345
-70
-351
-399
-609
-1063
-1658
-2285
-2510
-2284
-1929
-1544
-905
-244
265
665
1182
1853
2415
2498
2284
2111
1974
1762
1520
1061
804
881
367
-768
-1946
-2895
-3489
-3458
-2969
-2237
-1759
-1377
-650
306
1096
1575
1489
887
496
403
241
132
258
380
540
1048
1608
2053
2357
2380
2550
3054
2842
1379
-602
-2273
-3724
-4686
-4865
-4796
-4665
-3926
-2592
-1011
926
2609
3329
3309
2970
2466
1651
872
421
-157
-716
-504
127
400
851
1350
1957
3156
3269
1900
68
-1468
-2988
-4084
-4003
-3865
-3888
-3375
-2390
-1170
637
2416
3239
2991
2437
1850
731
103
-105
-993
-1905
-1827
-958
109
1460
2718
3264
4129
4938
4154
2043
-90
-2189
-4381
-5670
-5970
-5791
-5109
-3723
-2120
-354
1868
3476
3928
3779
3389
2313
1070
471
-486
-1785
-2368
-2039
-1326
-239
1296
2387
3383
4965
5376
3988
1893
-419
-3228
-5536
-6386
-6369
-5911
-4516
-2488
-515
1777
3628
4516
4571
4084
3078
1287
-157
-1082
-2311
-3033
-2843
-2030
-841
723
2350
3438
4913
6074
5118
3005
770
-1919
-4720
-6083
-6402
-6498
-5515
-3477
-1804
233
2686
4024
4500
4479
4030
2386
453
-494
-1836
-3024
-3123
-2533
-1507
33
2017
3430
4528
6104
6146
4358
2078
-578
-3842
-6465
-7401
-7641
-6931
-4836
-2445
-307
2285
4377
5337
5439
4787
3380
965
-825
-1987
-3611
-4175
-3610
-2550
-752
1683
3882
5097
6232
7079
5633
2904
218
-3015
-6255
-7911
-8332
-7860
-5867
-2964
-555
1684
3975
4928
4994
4636
3540
1849
-61
-1348
-2622
-3633
-3668
-3051
-1697
215
2448
4336
5541
6957
6949
4899
2176
-1014
-4774
-7560
-8498
-8538
-6918
-4107
-1202
1181
3450
4661
4703
4521
3352
1705
-36
-1479
-2289
-2864
-3102
-2557
-1506
-426
1329
3251
4131
4968
6316
5751
3706
1486
-1721
-5280
-7456
-8423
-8379
-6307
-3183
-200
2545
4676
5158
4860
3932
1978
56
-1780
-3069
-3394
-3322
-2835
-1665
-292
1045
2878
4479
5191
5636
5906
4962
2774
32
-2936
-5868
-7740
-8359
-7708
-5156
-1729
1622
4253
5847
5502
3982
2290
-134
-2252
-3476
-4061
-3403
-2085
-1060
294
1684
2427
3283
4143
4427
4191
3989
3607
2010
12
-2074
-4433
-6102
-7110
-6879
-5063
-2355
878
3665
5453
5570
3890
1775
-717
-2987
-3923
-4151
-3117
-1407
-187
932
1934
2538
3000
3659
3948
3767
3254
2728
1874
375
-1418
-3301
-4812
-6109
-6376
-5215
-3065
-394
2321
4262
4529
3365
1183
-842
-2659
-3548
-3160
-2329
-722
605
1259
1569
1822
1886
2206
2780
2992
2917
2519
2289
1444
216
-1186
-2910
-4221
-5493
-5507
-4126
-1936
723
3288
4625
4102
2219
-268
-2296
-3940
-4128
-3585
-2229
-48
982
1666
2085
2040
1983
2430
2673
2714
2826
2791
2483
1342
180
-1635
-3237
-4422
-5341
-4745
-3163
-849
1638
3652
4137
3095
866
-1412
-3214
-4276
-3849
-2750
-711
860
1550
1970
1974
1852
1816
2201
2518
2806
2832
2872
2302
1057
-312
-2101
-3419
-4641
-5075
-4125
-2424
-198
2126
3600
3545
2220
-129
-2241
-3974
-4454
-3733
-2163
229
1657
2584
2794
2411
1785
1376
1324
1497
2125
2740
3093
2452
1364
-429
-2441
-3825
-4966
-4786
-3555
-1731
528
2512
3249
2531
817
-1258
-2803
-3668
-3532
-2715
-971
753
1613
2320
2516
2132
1721
1479
1325
1564
2032
2643
2543
1707
559
-1367
-2996
-4219
-4680
-3615
-2076
-120
1857
3025
2961
1883
210
-1556
-3036
-3601
-3300
-2072
-129
943
1693
2110
1907
1672
1536
1544
1830
2287
2893
2908
2084
1015
-603
-2358
-3733
-4616
-4067
-2618
-602
1581
3070
3430
2366
499
-1702
-3469
-4295
-4228
-2891
-688
969
2031
2674
2569
2040
1579
1381
1596
2118
2864
3110
2392
1245
-179
-1917
-3461
-4469
-4452
-3266
-1483
701
2403
3208
2510
695
-1393
-3392
-4284
-4250
-2967
-688
1265
2491
3209
3182
2486
1776
1166
981
1207
1945
2474
2212
1273
6
-1552
-3095
-4037
-4176
-3135
-1440
697
2365
3232
2649
873
-1156
-3218
-4291
-4369
-3224
-1029
1067
2374
2949
2870
2062
1113
471
384
949
2013
2909
3024
2109
731
-945
-2860
-4105
-4451
-3568
-1840
482
2390
3596
3422
1906
-108
-2426
-3991
-4527
-3866
-1857
467
2158
3102
3231
2550
1479
473
-114
82
1132
2209
2621
2076
938
-609
-2531
-3875
-4522
-3888
-2324
-154
1746
2983
3001
1733
-93
-2340
-3905
-4528
-3997
-2147
116
1884
2988
3422
3115
2119
1119
335
207
1070
1877
2307
2030
1352
37
-1750
-3291
-4142
-3727
-2545
-526
1351
2702
2820
1777
-140
-2350
-3856
-4545
-3826
-1837
516
2286
3394
3665
2968
1781
583
-211
-63
1114
2254
2875
2565
1692
239
-1837
-3567
-4454
-4097
-2735
-563
1379
2631
2823
1930
99
-2126
-3748
-4439
-3826
-1991
247
2106
3388
3838
3207
1891
554
-348
-337
644
1724
2240
2035
1409
39
-1761
-3311
-4072
-3757
-2430
-479
1354
2625
2795
1958
72
-2044
-3647
-4344
-3702
-1900
159
1901
3177
3672
3221
2078
737
-390
-475
275
1206
1918
2053
1645
398
-1332
-2996
-3859
-3700
-2435
-592
1126
2249
2246
1370
-229
-2094
-3616
-4098
-3413
-1851
21
1717
3026
3655
3375
2503
1251
194
-2
524
1240
1806
1946
1728
639
-1128
-2910
-4015
-4075
-2847
-966
892
2254
2574
1765
-81
-2147
-3743
-4307
-3587
-1798
287
2195
3554
4062
3509
2422
1044
-13
-177
323
968
1479
1863
1707
661
-963
-2598
-3685
-3885
-2872
-1310
340
1644
2144
1578
165
-1653
-3196
-3764
-3077
-1463
375
2127
3556
4048
3480
2345
870
25
13
443
958
1338
1703
1490
484
-1111
-2740
-3720
-3727
-2779
-1323
289
1548
2070
1520
31
-1865
-3325
-3810
-3194
-1780
27
1959
3658
4266
3819
2635
1100
205
-58
70
545
1142
1625
1503
580
-981
-2580
-3595
-3679
-2858
-1455
143
1360
1844
1228
-214
-1807
-2999
-3466
-2822
-1515
59
1983
3517
3989
3632
2470
1088
173
-206
-120
343
1118
1719
1628
736
-775
-2275
-3283
-3456
-2636
-1265
161
1255
1460
813
-529
-2151
-3169
-3314
-2537
-1131
564
2361
3575
3879
3329
2013
681
-129
-450
-223
425
1285
1880
1687
730
-860
-2403
-3346
-3543
-2978
-1772
-436
759
1310
904
-274
-1620
-2682
-3004
-2443
-1349
201
2022
3427
4063
3832
2836
1719
915
425
198
315
767
1131
930
18
-1250
-2340
-3019
-3096
-2643
-1844
-809
108
529
296
-502
-1332
-1905
-1938
-1448
-726
451
1808
2782
3324
3145
2491
1867
1245
778
506
384
629
728
393
-358
-1393
-2249
-2720
-2729
-2222
-1534
-690
32
309
90
-747
-1598
-1973
-1902
-1486
-798
330
1711
2748
3319
3160
2524
1958
1444
917
531
443
646
666
294
-470
-1432
-2144
-2409
-2370
-1955
-1300
-628
-37
137
-358
-1037
-1583
-1849
-1639
-1185
-504
602
1818
2738
3118
2951
2532
2058
1624
1098
654
619
664
500
18
-815
-1526
-1975
-2185
-2042
-1746
-1275
-624
-167
-161
-618
-1118
-1457
-1646
-1489
-1149
-574
428
1432
2199
2521
2349
2149
1943
1575
1132
761
688
703
543
48
-705
-1234
-1574
-1807
-1711
-1477
-1100
-594
-221
-178
-579
-985
-1187
-1258
-1049
-748
-203
765
1575
2148
2362
2136
1930
1718
1328
961
703
586
447
127
-447
-1139
-1596
-1759
-1757
-1568
-1288
-902
-522
-387
-608
-958
-1164
-1259
-1110
-846
-538
165
1023
1743
2195
2211
2070
1930
1681
1285
923
790
776
588
131
-562
-1222
-1618
-1695
-1559
-1354
-1002
-566
-275
-377
-790
-1120
-1312
-1276
-986
-662
-166
633
1477
2031
2181
2036
1830
1663
1434
1105
881
930
941
684
58
-742
-1297
-1644
-1750
-1651
-1533
-1198
-726
-577
-775
-1045
-1194
-1115
-884
-625
-317
301
1190
1816
2096
2110
1880
1719
1544
1143
852
787
787
704
216
-501
-1082
-1499
-1657
-1683
-1658
-1434
-1071
-770
-904
-1252
-1285
-1178
-965
-691
-480
4
770
1433
1833
1913
1859
1855
1750
1579
1290
1032
1001
919
599
-91
-828
-1220
-1458
-1560
-1478
-1345
-1044
-648
-618
-898
-1115
-1164
-1093
-948
-725
-471
38
830
1429
1742
1888
1860
1822
1746
1473
1200
1053
940
733
196
-538
-1085
-1448
-1655
-1616
-1508
-1312
-942
-788
-903
-951
-955
-934
-802
-612
-371
-4
598
1265
1625
1782
1814
1655
1595
1500
1188
1014
1001
959
654
11
-615
-1162
-1512
-1545
-1610
-1573
-1214
-803
-666
-836
-849
-752
-809
-651
-441
-314
173
799
1232
1474
1521
1505
1463
1341
1089
847
887
973
813
372
-306
-823
-1104
-1387
-1517
-1463
-1254
-789
-500
-720
-917
-772
-676
-645
-460
-272
7
576
1154
1449
1506
1518
1453
1294
1128
874
776
888
984
867
284
-285
-608
-1011
-1238
-1281
-1325
-1108
-796
-943
-1327
-1418
-1352
-1284
-1151
-903
-540
46
823
1314
1540
1774
1870
1874
1881
1633
1311
1201
1083
825
193
-566
-991
-1287
-1463
-1530
-1533
-1312
-915
-746
-992
-1197
-1150
-998
-866
-693
-460
-67
688
1294
1461
1557
1629
1687
1813
1742
1462
1390
1386
1211
775
-45
-676
-985
-1318
-1543
-1661
-1699
-1423
-1156
-1313
-1531
-1566
-1407
-1170
-892
-577
-252
404
1137
1564
1762
1843
1871
1905
1822
1520
1302
1219
1154
835
176
-449
-947
-1265
-1427
-1559
-1567
-1319
-1133
-1182
-1304
-1448
-1374
-1152
-867
-508
-196
393
1153
1547
1699
1753
1690
1771
1753
1481
1252
1102
1024
681
22
-551
-1045
-1358
-1444
-1480
-1339
-1038
-810
-715
-838
-950
-892
-853
-662
-395
-208
221
811
1167
1285
1279
1258
1371
1466
1389
1195
1072
1040
789
262
-344
-869
-1184
-1300
-1343
-1271
-1131
-1022
-930
-1003
-1090
-1011
-893
-655
-315
-69
246
729
1059
1166
1123
1055
1169
1358
1418
1366
1339
1321
1143
713
108
-491
-895
-1102
-1262
-1295
-1220
-1176
-1151
-1227
-1394
-1415
-1245
-967
-607
-255
180
784
1265
1459
1508
1530
1626
1773
1739
1521
1365
1213
856
281
-388
-975
-1340
-1537
-1610
-1549
-1458
-1361
-1262
-1292
-1315
-1139
-912
-624
-191
193
557
1079
1457
1489
1457
1444
1442
1481
1413
1288
1206
1050
815
439
-95
-554
-906
-1150
-1172
-1158
-1237
-1264
-1253
-1378
-1626
-1667
-1385
-999
-564
-145
315
984
1507
1681
1771
1801
1878
1963
1724
1353
1074
773
465
3
-580
-989
-1251
-1353
-1321
-1332
-1315
-1208
-1090
-1141
-1343
-1318
-1075
-795
-413
-79
291
931
1421
1532
1525
1527
1663
1758
1539
1239
1026
828
566
91
-462
-878
-1162
-1256
-1284
-1392
-1352
-1132
-1041
-1155
-1274
-1199
-963
-642
-280
-46
258
842
1227
1316
1418
1452
1520
1611
1401
1106
933
791
589
132
-378
-708
-955
-1014
-1032
-1173
-1165
-1090
-1074
-1107
-1267
-1271
-1019
-665
-332
-155
202
811
1156
1295
1392
1382
1468
1493
1251
974
757
609
385
-45
-440
-734
-891
-857
-918
-988
-885
-784
-727
-849
-1042
-973
-808
-609
-378
-238
129
631
893
1035
1086
1147
1297
1256
1084
904
732
650
430
30
-327
-603
-718
-776
-896
-927
-875
-768
-721
-877
-940
-815
-664
-454
-283
-110
222
606
887
933
896
1014
1130
1127
1012
846
797
736
513
176
-231
-515
-636
-790
-936
-1025
-1040
-924
-895
-1042
-1115
-978
-714
-467
-267
-8
369
807
1085
1119
1144
1237
1263
1193
1009
816
744
642
392
29
-365
-605
-742
-922
-1027
-1067
-1042
-908
-906
-1043
-1042
-908
-687
-421
-230
21
450
902
1141
1169
1240
1336
1314
1241
1091
898
783
640
350
-64
-425
-611
-801
-1007
-1089
-1098
-1026
-964
-1049
-1106
-1041
-919
-731
-533
-274
160
660
981
1081
1195
1317
1220
1078
1028
917
816
764
614
330
10
-211
-455
-797
-971
-1014
-1099
-1077
-1033
-1076
-1044
-939
-816
-657
-447
-121
263
582
852
1049
1181
1268
1210
1127
1106
995
866
725
443
137
-187
-532
-775
-1008
-1143
-1068
-1045
-1098
-1037
-886
-767
-736
-575
-278
-75
231
600
773
951
1099
1097
1018
867
845
861
676
584
494
210
0
-203
-490
-732
-908
-952
-981
-1062
-1018
-919
-858
-766
-630
-437
-205
90
424
655
827
991
1052
1019
944
889
868
817
740
602
349
90
-143
-421
-684
-856
-950
-985
-1007
-1026
-990
-900
-832
-751
-568
-331
-69
240
510
726
914
1005
1021
990
950
957
929
881
823
600
292
44
-202
-475
-755
-992
-1115
-1165
-1154
-1069
-983
-913
-749
-484
-273
-132
97
415
656
777
871
943
959
972
974
892
780
702
560
285
4
-202
-432
-673
-852
-1020
-1150
-1145
-1058
-995
-951
-816
-526
-223
-29
174
450
693
857
921
866
824
850
841
790
718
620
522
374
153
-59
-247
-384
-487
-653
-822
-894
-920
-926
-923
-930
-845
-605
-333
-129
77
360
620
765
828
827
795
812
857
847
763
675
598
448
245
66
-140
-341
-439
-538
-696
-807
-846
-869
-902
-935
-922
-814
-592
-339
-95
199
498
716
830
823
776
765
758
739
702
622
524
415
261
57
-125
-241
-318
-364
-420
-519
-600
-645
-688
-750
-821
-829
-748
-586
-340
-75
183
463
675
753
761
741
695
691
736
748
704
629
494
274
64
-71
-204
-322
-355
-385
-469
-539
-597
-675
-729
-740
-743
-730
-622
-411
-204
-35
165
380
533
611
633
613
608
635
670
670
603
498
366
180
-12
-140
-218
-288
-346
-390
-439
-498
-533
-522
-512
-529
-528
-513
-481
-375
-215
-69
88
269
409
476
483
474
483
478
457
443
409
346
263
149
33
-67
-166
-222
-253
-284
-291
-297
-320
-305
-283
-285
-269
-236
-215
-194
-150
-64
23
86
161
219
236
261
288
278
268
274
258
233
221
194
136
70
20
-33
-100
-151
-175
-185
-181
-155
-133
-110
-84
-74
-60
-23
-12
-28
-27
-20
-13
-11
-17
-11
4
15
32
48
50
52
51
56
67
61
53
46
33
21
16
11
3
0
-9
-8
6
8
0
5
18
9
1
-4
-24
-42
-48
-48
-70
-85
-68
-62
-67
-57
-31
-25
-23
-4
13
21
31
48
42
39
48
44
39
36
43
40
40
47
45
32
16
9
-5
-19
-22
-25
-27
-30
-20
-19
-20
-21
-23
-25
-31
-30
-36
-39
-35
-27
-18
-10
-3
2
8
11
17
28
37
47
54
52
48
42
35
29
18
7
2
-3
-10
-15
-14
-14
-20
-23
-24
-29
-32
-29
-30
-30
-26
-20
-20
-18
-7
-4
0
10
18
28
38
44
49
52
49
44
39
33
24
13
0
-15
-25
-35
-44
-46
-48
-50
-47
-40
-31
-21
-9
2
12
23
31
37
41
43
43
37
29
23
15
9
1
-7
-15
-16
-20
-24
-23
-23
-28
-25
-22
-23
-23
-20
-21
-20
-16
-13
-10
0
9
14
19
27
34
39
42
43
42
32
22
15
5
-4
-13
-22
-28
-30
-28
-25
-21
-17
-14
-11
-8
-6
-5
-4
0
1
2
3
2
7
10
11
13
14
12
11
10
6
3
2
0
0
-1
-5
-6
-4
-5
-6
-4
-4
-6
-6
-9
-11
-10
-8
-7
-6
-4
-3
-1
1
4
4
7
6
6
5
5
4
4
4
1
1
0
2
3
2
2
1
1
1
0
0
-2
-2
-2
-2
-2
-1
-1
-2
0
-1
0
-2
-2
-1
-2
-1
0
0
0
1
0
2
1
2
2
2
2
1
0
0
0
1
2
0
0
0
1
1
0
0
-1
-1
0
-1
0
0
-1
0
0
0
-1
-1
-1
0
-1
0
0
-3
-2
-1
-1
-1
0
0
0
0
2
1
2
2
2
0
1
1
1
2
1
1
0
0
0
-2
-1
0
-1
0
0
0
0
0
0
0
0
0
0
0
0
0
0
0
0
0
0
0
0
-1
-1
0
0
0
0
-1
0
0
0
0
0
1
0
1
0
0
0
0
0
0
0
1
0
0
-1
0
0
0
-1
0
0
-1
-1
-1
0
0
0
0
0
0
0
0
0
0
0
1
0
0
0
0
0
0
0
0
1
0
0
0
0
0
0
0
0
-1
0
0
0
1
-1
-1
0
0
-1
0
0
0
0
0
0
0
0
0
0
0
1
1
0
0
1
0
0
1
1
1
0
0
0
0
0
0
0
0
0
0
0
0
-1
0
0
0
0
0
-1
0
0
0
0
0
0
-1
0
0
0
1
0
0
0
0
1
0
1
0
0
1
1
0
0
-1
0
0
0
-1
0
1
-1
0
1
0
-1
0
0
0
0
0
0
-1
0
0
0
0
-1
0
0
0
0
0
0
0
1
0
-1
0
0
0
0
0
0
0
0
0
0
0
0
0
0
0
0
0
0
0
0
0
0
0
1
0
0
0
-1
-1
0
0
-1
0
1
1
1
0
0
0
0
0
0
0
1
0
0
0
0
0
0
-1
0
0
0
0
0
0
0
0
0
0
-1
0
0
0
0
1
0
-1
0
0
0
-1
0
0
0
1
0
0
0
0
1
0
0
0
0
0
0
-1
0
0
0
1
0
0
0
0
0
-1
0
-1
-1
-1
0
0
0
1
0
0
0
0
0
-2
-2
0
0
1
3
2
1
2
1
-2
-2
-1
-3
0
2
3
3
4
2
0
-1
-4
-4
-3
-1
1
4
5
3
2
-1
-3
-3
-5
-4
-5
0
4
6
5
3
2
-1
-4
-6
-5
-3
0
3
4
7
7
2
0
-2
-6
-5
-4
-2
0
4
2
0
-1
-3
-1
4
7
10
12
18
16
10
6
6
4
-1
-5
-18
-31
-38
-31
-20
-8
8
21
24
12
2
2
1
1
3
9
16
21
20
23
19
9
0
-16
-29
-31
-29
-20
13
72
79
-13
-130
-200
-222
-210
-120
53
252
409
491
488
417
252
-70
-474
-796
-909
-769
-406
78
419
508
494
428
310
216
120
-11
-73
-16
47
63
32
-116
-357
-509
-481
-350
-203
-12
194
317
388
426
351
208
80
-34
-126
-148
-148
-178
-168
-98
-9
54
96
114
66
-3
-19
-13
-24
-58
-116
-141
-106
-35
50
124
164
152
113
66
10
-14
-20
-37
-63
-79
-73
-47
25
119
156
127
30
-172
-399
-514
-477
-288
16
344
601
750
752
592
318
-15
-336
-562
-638
-572
-419
-256
-122
-30
32
91
140
162
173
191
207
224
227
175
81
-27
-113
-162
-175
-160
-130
-96
-57
-11
51
95
92
79
65
45
24
-13
-55
-89
-104
-78
-23
36
75
72
34
-18
-47
-35
3
27
27
16
-9
-29
-32
-34
-37
-34
-23
-3
23
43
53
67
85
95
88
61
10
-54
-98
-105
-96
-93
-69
-11
51
91
83
48
23
6
6
27
34
7
-41
-71
-75
-77
-79
-61
-32
-2
21
24
15
1
2
45
116
164
151
85
1
-70
-114
-114
-74
-23
13
30
31
23
0
-33
-56
-63
-63
-53
-27
6
27
27
15
24
50
64
47
7
-24
-46
-54
-36
-1
16
13
0
-17
-26
-27
-9
41
99
125
112
89
69
54
23
-17
-77
-141
-160
-134
-76
-10
28
40
35
29
31
35
33
22
4
7
26
21
-19
-71
-81
-52
-5
59
142
220
251
250
237
224
196
148
109
81
25
-48
-117
-181
-249
-316
-334
-298
-277
-262
-236
-213
-202
-193
-146
-66
1
31
58
110
197
313
420
487
510
520
559
596
587
533
460
376
253
63
-215
-583
-973
-1326
-1599
-1742
-1750
-1604
-1310
-914
-460
11
483
904
1213
1438
1600
1711
1758
1693
1505
1222
869
501
203
-2
-140
-231
-319
-446
-663
-1002
-1447
-1882
-2136
-2101
-1738
-1096
-314
460
1093
1492
1631
1536
1303
1048
837
682
516
258
-84
-503
-911
-1245
-1442
-1363
-974
-319
503
1325
1977
2337
2370
2129
1679
1090
466
-142
-749
-1366
-1986
-2551
-2964
-3160
-3049
-2584
-1814
-839
196
1158
1923
2402
2586
2511
2243
1807
1220
546
-160
-850
-1464
-1921
-2073
-1905
-1453
-680
320
1388
2311
2930
3179
3051
2581
1839
953
39
-862
-1740
-2552
-3226
-3670
-3828
-3658
-3109
-2228
-1137
56
1191
2102
2734
3063
3105
2923
2545
2033
1463
850
160
-605
-1406
-2179
-2848
-3212
-3132
-2571
-1516
-161
1278
2568
3384
3613
3405
2884
2155
1359
575
-78
-664
-1359
-2148
-2956
-3648
-4086
-4108
-3584
-2564
-1234
224
1558
2563
3156
3275
3059
2647
2060
1436
924
503
96
-360
-971
-1662
-2315
-2789
-2871
-2413
-1379
64
1662
3097
3953
4081
3656
2779
1643
517
-543
-1429
-2008
-2478
-2910
-3306
-3665
-3847
-3645
-3007
-1977
-637
825
2149
3104
3621
3632
3243
2725
2152
1578
1140
780
404
-48
-738
-1614
-2460
-3174
-3565
-3466
-2818
-1643
-128
1436
2777
3600
3840
3641
3109
2347
1503
677
-90
-814
-1617
-2506
-3380
-4092
-4486
-4385
-3685
-2536
-1145
340
1686
2639
3200
3311
3013
2603
2118
1661
1373
1152
921
589
63
-650
-1464
-2294
-2998
-3370
-3235
-2578
-1435
13
1441
2663
3311
3367
3057
2523
1823
1103
481
-135
-681
-1307
-2075
-2879
-3619
-4168
-4244
-3696
-2657
-1275
302
1788
2922
3692
3903
3643
3229
2560
1858
1306
753
265
-145
-633
-1273
-1966
-2631
-3141
-3304
-3034
-2318
-1174
293
1753
3018
3849
3936
3478
2786
1974
1120
425
-236
-848
-1501
-2403
-3327
-4162
-4734
-4841
-4263
-3046
-1453
272
1877
3109
3876
4126
3813
3280
2655
1961
1468
1029
542
38
-454
-1054
-1728
-2375
-2921
-3174
-3079
-2583
-1685
-465
861
2059
2965
3488
3418
3002
2516
1982
1521
1072
507
-86
-880
-1951
-3068
-4142
-4906
-5135
-4769
-3784
-2286
-613
1084
2545
3532
4048
4045
3688
3210
2564
1931
1371
698
29
-567
-1268
-1991
-2605
-3175
-3501
-3460
-3061
-2258
-1054
354
1703
2857
3670
3949
3611
3021
2297
1530
848
190
-432
-976
-1748
-2665
-3579
-4358
-4787
-4732
-4060
-2803
-1218
420
1977
3096
3733
3874
3466
2974
2409
1730
1241
856
451
91
-337
-943
-1568
-2194
-2676
-2838
-2598
-1984
-1073
44
1115
1988
2564
2799
2580
2021
1494
1089
743
533
320
-104
-721
-1558
-2572
-3470
-3989
-4169
-3777
-2754
-1396
69
1525
2660
3292
3602
3448
3010
2668
2180
1642
1179
658
11
-630
-1350
-2116
-2723
-3147
-3314
-3093
-2520
-1687
-556
614
1716
2575
3113
3361
3124
2650
2203
1771
1293
887
397
-315
-1124
-2216
-3366
-4295
-4855
-4905
-4284
-3096
-1572
97
1618
2792
3429
3676
3454
2994
2647
2148
1788
1427
934
393
-216
-1013
-1915
-2677
-3319
-3556
-3369
-2767
-1712
-413
871
1976
2796
3075
3031
2605
1854
1176
661
321
23
-200
-688
-1289
-2083
-3021
-3715
-4005
-3833
-3105
-1851
-375
1082
2321
3141
3404
3357
2940
2245
1747
1289
902
635
347
15
-396
-929
-1606
-2178
-2665
-2931
-2776
-2251
-1371
-290
857
1855
2512
2752
2675
2386
1794
1177
712
450
273
165
-27
-457
-1067
-2027
-3002
-3743
-4083
-3934
-3181
-1936
-491
966
2231
2973
3281
3327
2867
2361
1964
1445
1078
761
334
-182
-744
-1417
-2055
-2492
-2832
-2822
-2355
-1604
-588
509
1469
2154
2485
2431
2188
1788
1237
819
607
517
369
248
-161
-789
-1561
-2554
-3388
-3827
-3844
-3387
-2275
-866
618
1968
2934
3338
3329
3057
2358
1815
1363
874
631
349
-47
-495
-985
-1605
-2077
-2309
-2332
-1971
-1301
-437
482
1268
1822
2039
1901
1505
1122
724
304
109
45
271
372
321
78
-473
-1189
-2069
-2790
-3232
-3159
-2714
-1794
-568
673
1670
2317
2573
2410
2088
1553
1184
983
791
745
565
253
-169
-720
-1370
-1849
-2110
-2156
-1858
-1274
-558
272
970
1535
1859
1842
1604
1306
1051
721
554
446
590
690
543
333
-238
-983
-1923
-2783
-3552
-3737
-3495
-2877
-1676
-443
764
1678
2292
2511
2606
2478
2237
2219
1909
1658
1202
447
-415
-1211
-1966
-2427
-2435
-2238
-1637
-962
-316
282
696
922
961
877
766
723
849
1003
1092
1169
1136
1179
916
448
-163
-963
-1866
-2625
-3249
-3458
-3069
-2529
-1426
-258
835
1693
2221
2358
2189
2007
1547
1402
1307
1084
928
489
-129
-791
-1430
-2073
-2323
-2238
-1825
-1128
-353
352
996
1379
1493
1396
1077
773
519
466
409
397
474
628
812
658
438
-86
-814
-1603
-2311
-2941
-3051
-2724
-2123
-1032
31
969
1635
2075
2085
2022
1878
1556
1575
1421
1153
823
161
-622
-1248
-1836
-2182
-2011
-1757
-1181
-491
43
563
954
1032
1043
944
702
554
413
393
434
509
611
861
1040
820
438
-251
-1188
-2051
-2782
-3267
-3045
-2571
-1758
-580
444
1267
1796
2052
1949
1983
1781
1564
1673
1423
1160
717
-161
-973
-1624
-2239
-2344
-2009
-1553
-845
-132
340
774
1092
1033
914
704
436
224
247
257
347
566
729
1092
1174
917
466
-272
-1286
-2151
-2928
-3367
-3044
-2565
-1513
-257
821
1658
2188
2269
2150
2133
1692
1506
1303
795
376
-332
-1142
-1733
-2042
-2182
-1811
-1176
-486
249
813
1074
1258
1154
882
695
397
136
-80
-97
-79
22
189
472
913
952
816
347
-505
-1485
-2372
-3099
-3221
-2722
-1970
-745
495
1422
2066
2419
2248
2116
1823
1253
1157
790
415
94
-622
-1221
-1526
-1733
-1628
-1092
-618
-35
434
594
667
646
417
231
77
-111
-153
-50
142
431
764
1008
1444
1691
1418
1005
136
-1039
-2122
-3087
-3694
-3511
-2999
-1961
-571
700
1746
2395
2636
2416
2297
1910
1560
1403
800
249
-401
-1350
-1979
-2139
-2106
-1505
-616
139
781
1142
1042
864
612
192
-34
-366
-494
-607
-489
-176
129
633
1116
1835
2132
1967
1366
105
-1431
-2839
-3905
-4297
-3684
-2729
-1289
206
1359
1958
2358
2344
2069
2147
1721
1556
1237
420
-229
-1163
-2019
-2277
-2065
-1570
-547
314
958
1420
1294
855
567
61
-328
-443
-641
-581
-416
-197
106
536
824
1309
1833
1705
1318
470
-749
-1966
-2795
-3395
-3155
-2466
-1625
-258
820
1632
1987
2143
1826
1644
1477
994
919
384
-266
-807
-1389
-1781
-1521
-970
-340
618
1089
1229
1162
635
47
-126
-510
-661
-690
-789
-714
-507
-187
158
818
1317
2110
2335
1895
1012
-546
-2045
-3347
-3931
-3835
-2808
-1579
-161
1093
1911
2328
2379
2292
1871
1859
1350
814
337
-770
-1605
-2245
-2659
-2318
-1305
-403
800
1647
1831
1710
1114
479
40
-190
-505
-655
-740
-861
-795
-411
24
661
1381
1894
2433
2174
1325
124
-1418
-2865
-3643
-3946
-3495
-2264
-1133
299
1469
2233
2598
2743
2460
2126
1692
841
259
-652
-1509
-2000
-2223
-2105
-1288
-412
324
1218
1422
1469
1251
736
236
-96
-526
-847
-1041
-1201
-1011
-640
-11
792
1615
2220
2808
2760
1876
599
-1195
-2926
-4143
-4653
-4460
-3222
-1764
-218
1295
2195
2769
2922
2822
2389
2127
1401
589
-39
-1195
-1824
-2105
-2252
-1656
-585
207
1186
1802
1744
1488
893
103
-457
-838
-1357
-1445
-1485
-1253
-777
-145
677
1433
2067
2436
2823
2166
1137
-121
-1844
-3069
-3768
-3969
-3429
-2162
-985
528
1784
2558
2921
2873
2534
1886
1288
254
-458
-1157
-1921
-2011
-1994
-1689
-846
253
926
1776
2003
1578
1238
465
-264
-526
-886
-1150
-1112
-1076
-770
-138
622
1331
2146
2441
2750
2603
1370
18
-1802
-3578
-4697
-4884
-4568
-3196
-1476
32
1733
2839
3422
3553
3245
2338
1694
776
-378
-868
-1700
-2179
-1948
-1804
-1102
103
776
1510
1951
1539
1044
286
-617
-1154
-1379
-1603
-1409
-1235
-804
-189
624
1533
2304
2920
2982
3003
2105
696
-913
-2827
-4319
-4968
-4883
-3974
-2121
-564
1283
2660
3393
3584
3192
2446
1323
514
-694
-1420
-1934
-2380
-2059
-1565
-789
365
1603
2172
2642
2355
1455
462
-672
-1587
-2019
-2051
-1972
-1501
-1066
-415
283
1050
1898
2609
2905
3017
2933
1779
390
-1354
-3255
-4557
-4938
-4714
-3445
-1457
140
1981
3015
3445
3326
2592
1623
480
-351
-1315
-1661
-1814
-1947
-1348
-679
81
1231
1978
2123
2108
1345
362
-603
-1410
-1922
-1649
-1337
-997
-390
-131
272
831
1301
1659
2071
2025
1959
1832
685
-737
-2280
-3696
-4509
-4281
-3437
-1758
257
1771
3062
3679
3507
2735
1742
513
-445
-1227
-1767
-1735
-1657
-1369
-753
-29
693
1396
1825
1707
1440
783
-106
-782
-1399
-1578
-1475
-1270
-960
-607
-43
426
1211
1822
2434
2676
2455
2229
1153
-291
-2076
-3479
-4427
-4464
-3575
-2302
-377
993
2194
2801
2871
2456
1759
1063
267
-169
-814
-979
-993
-1026
-758
-458
-103
442
1136
1295
1308
948
277
-400
-1055
-1499
-1460
-1294
-1078
-629
-199
370
987
1583
2134
2447
2161
1817
1314
138
-1108
-2418
-3460
-3900
-3605
-2986
-1558
31
1222
2301
2705
2805
2292
1630
770
-39
-693
-1319
-1470
-1395
-1135
-506
148
774
1540
1775
1631
1232
466
-298
-861
-1410
-1491
-1256
-1146
-633
-333
170
564
1012
1400
1684
1783
1512
1474
571
-524
-1595
-2835
-3550
-3501
-2958
-1769
-122
1088
2235
2741
2838
2471
1730
877
-75
-738
-1477
-1693
-1677
-1527
-936
-212
494
1277
1748
1661
1403
703
-59
-753
-1323
-1570
-1387
-1064
-536
-6
439
931
1324
1714
1890
1997
1591
1240
640
-525
-1511
-2634
-3425
-3571
-3084
-2323
-791
583
1610
2530
2673
2511
1856
1080
180
-500
-1031
-1419
-1286
-1124
-749
-108
400
969
1373
1324
996
557
-143
-735
-1033
-1284
-1028
-672
-425
-119
167
401
709
1117
1287
1620
1528
1442
1322
308
-580
-1844
-2919
-3380
-3186
-2565
-1312
46
1016
1969
2163
2140
1659
1077
372
-199
-522
-981
-851
-675
-474
89
576
899
1234
1137
614
186
-472
-1010
-1166
-1249
-986
-584
-387
-232
30
224
480
1060
1308
1607
1687
1412
1133
140
-936
-1955
-2745
-2942
-2454
-1630
-416
771
1453
1884
1756
1455
837
248
-303
-621
-720
-850
-508
-283
-21
395
803
1037
956
689
58
-425
-788
-1004
-829
-524
-216
99
213
357
507
625
818
858
831
821
631
583
102
-714
-1400
-2264
-2591
-2333
-1695
-593
507
1199
1603
1574
1294
886
379
-123
-430
-535
-578
-329
0
235
565
731
793
702
378
-108
-499
-749
-845
-639
-291
8
264
262
188
305
256
491
720
697
823
612
546
297
-509
-1165
-1880
-2216
-1894
-1300
-441
545
996
1235
1051
652
285
-118
-367
-436
-136
-11
238
521
510
587
583
519
329
3
-419
-700
-755
-645
-258
98
284
357
220
85
175
230
426
599
576
642
484
364
111
-591
-1201
-1730
-1986
-1635
-1084
-313
527
902
1156
922
518
129
-248
-442
-408
-106
65
334
507
489
448
436
416
235
-78
-488
-658
-717
-531
-206
144
402
476
384
331
359
406
627
656
599
480
196
3
-434
-1049
-1464
-1739
-1735
-1344
-792
-9
695
1038
1054
740
347
-9
-211
-254
-70
126
283
444
506
407
386
432
303
60
-331
-656
-721
-595
-329
46
336
453
457
297
295
269
407
530
580
609
469
311
-13
-628
-1310
-1712
-1911
-1591
-1057
-324
433
874
987
687
284
-120
-249
-267
-53
264
373
519
617
453
305
365
228
68
-256
-547
-610
-485
-128
203
492
518
496
319
295
308
417
583
494
410
186
32
-304
-865
-1381
-1630
-1688
-1223
-533
141
788
964
899
429
28
-311
-444
-367
-53
277
410
540
520
430
400
382
73
-206
-492
-582
-465
-151
268
515
600
517
308
209
324
361
496
488
395
166
-65
-239
-660
-1066
-1348
-1381
-1233
-753
-214
251
569
553
359
60
-168
-203
-163
-12
172
228
353
407
354
333
311
223
103
-102
-239
-225
-66
164
340
464
532
534
522
511
480
376
152
-97
-324
-546
-741
-1005
-1135
-1123
-1013
-681
-272
77
324
395
354
249
125
23
-34
46
175
252
292
381
395
327
171
18
-44
-40
77
210
353
478
570
589
531
471
357
276
106
-64
-138
-290
-463
-742
-1032
-1147
-1135
-940
-623
-318
-39
151
230
250
163
50
-44
-93
0
105
200
343
372
267
109
39
66
210
355
466
569
630
688
664
599
507
359
143
-48
-235
-358
-443
-602
-813
-980
-1028
-907
-697
-454
-178
-11
123
191
175
143
142
171
165
187
241
210
137
22
-103
-112
-24
135
310
510
722
868
892
803
612
396
199
35
-125
-300
-426
-503
-610
-758
-874
-875
-787
-656
-467
-305
-158
-29
36
63
87
93
99
122
126
86
-6
-110
-135
-82
34
224
415
611
749
800
776
669
509
361
241
183
123
-58
-255
-445
-670
-819
-927
-948
-807
-628
-424
-216
-76
28
67
70
89
77
110
174
148
82
-27
-123
-60
58
250
483
671
827
856
783
712
597
487
383
235
100
-99
-313
-470
-665
-794
-854
-917
-883
-758
-636
-471
-328
-264
-229
-231
-214
-170
-136
-70
-11
37
159
254
353
535
710
879
931
802
670
582
555
604
603
517
310
-29
-422
-747
-960
-987
-919
-864
-773
-689
-564
-402
-298
-269
-296
-333
-302
-178
40
304
499
612
647
618
577
535
492
463
429
403
383
369
347
295
170
-63
-320
-543
-691
-748
-713
-632
-566
-510
-458
-432
-426
-421
-421
-386
-317
-187
16
231
395
461
521
654
753
762
701
575
494
474
474
486
447
321
111
-148
-342
-473
-571
-595
-561
-529
-518
-488
-444
-409
-386
-340
-281
-246
-218
-187
-109
31
155
248
364
507
647
710
680
611
529
454
405
350
303
248
129
-39
-217
-376
-476
-525
-535
-507
-477
-433
-365
-329
-310
-271
-215
-151
-113
-89
-39
32
96
154
247
406
561
638
623
527
412
336
311
310
286
208
74
-114
-313
-445
-492
-477
-447
-436
-439
-428
-375
-290
-235
-227
-219
-180
-110
-8
106
179
193
204
263
345
406
429
400
335
271
238
239
251
236
153
15
-136
-263
-348
-385
-378
-343
-296
-269
-279
-287
-268
-219
-148
-70
10
90
151
193
234
294
349
357
310
247
209
194
187
183
178
159
102
8
-85
-151
-196
-239
-263
-269
-268
-267
-273
-282
-296
-295
-257
-172
-53
56
136
200
266
325
345
316
274
236
206
190
187
201
210
172
77
-41
-127
-168
-197
-244
-298
-333
-332
-302
-260
-228
-214
-210
-197
-160
-93
0
107
204
262
261
219
176
164
183
211
225
220
188
128
59
1
-29
-52
-93
-155
-199
-197
-167
-136
-125
-133
-152
-173
-172
-126
-38
56
111
102
63
52
101
176
215
195
136
75
57
83
109
105
72
19
-55
-143
-183
-145
-83
-58
-87
-144
-174
-155
-99
-44
-19
-21
-23
1
51
85
84
112
148
92
7
18
106
156
130
70
7
-30
-32
-26
-35
-22
-3
-42
-112
-129
-101
-78
-30
0
-55
-106
-62
16
55
65
76
64
10
-11
39
81
90
86
61
14
-17
-9
-7
-14
0
-5
-61
-100
-78
-48
-17
20
13
-28
-42
-22
-3
18
51
48
0
-30
-26
-17
13
67
84
50
4
-21
-24
-14
-1
3
8
9
-2
-19
-17
-3
-2
-3
-9
-21
-18
-3
0
-14
-22
-15
-4
9
37
48
32
10
-2
-9
-8
9
32
36
17
-9
-31
-39
-28
-7
-1
-17
-29
-21
-2
12
22
13
1
0
4
5
11
27
29
9
-7
-10
-6
7
22
12
-6
-4
-4
-18
-26
-13
-2
-9
-17
-25
-21
-2
3
-4
-2
17
31
18
-4
-9
3
19
16
7
3
7
15
10
-7
-16
-12
-1
0
1
5
7
3
-11
-28
-25
-7
3
8
9
2
-6
-17
-24
-20
6
30
25
4
-8
-8
5
21
19
0
-9
3
12
3
-5
0
11
18
19
15
5
-9
-18
-23
-24
-15
-3
-5
-8
-9
-7
-2
-1
-2
-11
-20
-8
14
31
31
23
12
-2
-13
-17
-13
6
27
33
16
-5
-12
-12
-12
-14
-15
-4
9
12
-3
-18
-18
-10
-4
-3
-3
6
16
14
0
-14
-14
0
14
14
9
9
12
5
-11
-18
-10
1
11
8
4
7
11
3
-14
-25
-12
13
28
16
-8
-18
-4
11
12
5
1
0
-6
-17
-21
-9
10
15
3
-11
-10
3
15
7
-16
-30
-18
4
16
13
13
15
14
-1
-24
-29
-2
26
31
10
-14
-18
-8
1
-1
1
21
22
1
-27
-34
-8
24
28
2
-18
-15
-2
0
-3
0
11
16
9
-4
-11
-6
0
0
-7
-5
3
7
4
-6
-13
-3
11
11
-1
-3
6
12
4
-9
-13
1
10
2
-11
-3
19
24
0
-28
-28
-8
6
12
14
20
15
-6
-33
-37
-8
20
21
4
-3
-5
-8
-12
-6
6
14
14
5
2
12
19
9
-9
-20
-18
-13
-4
0
-2
-8
-9
-4
0
10
23
27
18
0
-16
-19
-8
3
3
-5
-5
2
2
-6
-7
0
7
7
-1
-5
6
17
7
-14
-24
-8
6
7
0
0
10
13
-1
-15
-11
5
9
0
-4
1
10
6
-7
-12
0
10
0
-10
-8
0
3
-4
-6
5
19
19
2
-8
-3
8
10
2
-5
-5
-4
-13
-19
-15
0
12
5
-7
-12
-3
6
5
2
3
12
15
7
-4
-3
3
3
-5
-13
-5
11
14
2
-14
-15
-1
5
2
-3
0
12
12
0
-9
-8
0
2
-3
-8
1
10
3
-8
-10
-3
1
-2
-9
-9
0
6
1
-5
0
13
19
12
3
-1
0
3
3
-1
-6
-6
-4
-3
-4
0
3
4
3
0
-1
-1
-2
-3
-7
-8
-4
-1
2
4
3
3
0
1
4
5
4
3
0
0
-3
-5
-4
-1
1
2
0
-1
-1
-1
-1
0
0
1
0
-1
0
0
0
0
0
0
1
2
0
0
-2
-2
0
-1
-1
-1
0
0
1
0
0
0
0
0
0
-1
1
2
1
2
0
1
0
1
0
-1
-1
-1
0
0
0
0
-1
0
-1
-1
-1
0
0
0
2
0
0
0
0
1
1
1
0
0
0
0
0
0
0
0
-1
0
0
0
0
0
0
0
0
1
1
0
0
0
0
0
0
0
-1
0
0
1
0
-1
1
0
-1
0
-1
0
0
0
-2
0
1
0
0
0
1
0
0
0
0
0
0
1
1
0
1
0
1
0
1
0
0
0
-1
-2
-1
0
0
0
0
0
1
1
0
0
1
0
0
-1
0
-1
-2
0
0
0
0
0
1
0
1
0
0
1
0
0
0
-1
-1
0
0
1
1
0
1
1
0
-1
0
0
0
0
0
0
-1
0
0
1
0
0
-1
0
0
0
-1
0
0
-1
-1
0
0
0
0
0
0
0
1
1
0
0
1
0
0
1
0
0
0
-1
0
1
0
-1
0
0
0
0
0
1
1
1
0
0
0
0
1
0
0
-2
-2
-1
0
0
0
0
0
0
0
0
1
1
1
1
1
-1
-1
0
0
0
0
0
0
0
0
0
-1
0
0
-1
0
0
0
0
0
0
0
0
2
-1
0
1
0
0
0
0
0
0
1
0
0
-1
0
0
0
0
-1
0
0
0
0
0
0
0
-1
0
1
1
1
1
0
0
0
0
0
0
1
0
0
0
0
0
0
0
0
0
0
0
-1
0
0
-1
-1
0
0
0
0
0
0
0
0
0
0
0
1
0
0
-1
0
1
0
0
0
0
-1
0
1
0
1
0
0
0
0
0
0
0
0
0
0
0
0
0
1
0
0
0
0
1
0
0
0
0
0
-1
0
-1
0
0
-1
0
0
0
1
0
0
0
0
0
0
-1
1
0
0
1
0
0
1
0
0
0
0
0
-1
0
0
1
0
0
0
0
0
0
0
-1
0
0
0
0
0
1
0
-1
0
0
0
0
-1
0
0
0
0
-1
0
1
0
1
0
0
0
-1
0
0
0
0
0
1
0
0
0
0
0
-1
0
0
0
0
0
0
0
0
0
0
0
-1
-1
0
0
0
0
2
0
0
0
0
0
0
0
-2
0
0
0
0
0
0
0
0
0
-1
0
0
0
1
-1
0
0
-1
0
0
-1
1
0
0
0
0
0
1
3
0
0
0
0
0
-1
0
1
0
-1
0
0
-1
0
0
0
-1
-1
0
0
0
1
1
0
0
0
0
0
0
0
0
0
0
1
0
0
0
0
0
0
0
1
0
0
0
-1
0
0
1
0
0
0
-1
0
0
-1
0
0
0
1
0
0
0
0
0
1
0
-1
-1
0
-1
0
0
1
1
0
0
1
0
0
1
0
-1
0
0
0
0
1
0
0
0
0
0
-1
0
1
-1
-1
0
0
0
0
-1
0
0
0
0
0
1
1
0
0
0
0
-1
1
0
0
0
0
0
2
0
0
0
0
0
0
0
-1
0
0
0
1
0
0
-2
0
0
0
0
-2
-1
0
0
0
0
0
-1
0
0
0
0
0
0
1
1
0
0
0
0
0
1
2
0
0
0
0
0
0
0
0
-1
0
1
0
-1
0
0
0
0
0
0
0
0
0
0
0
0
0
0
0
0
0
0
0
0
0
0
0
0
-1
0
1
0
-1
0
0
0
0
-1
0
0
0
0
0
0
0
0
0
0
0
0
1
0
1
0
0
-1
0
0
0
1
0
0
0
0
1
0
0
0
0
0
0
0
0
0
0
1
1
0
-1
0
0
0
1
1
-1
-1
0
-1
0
0
0
0
0
0
0
0
0
0
0
0
0
0
0
0
0
0
1
-1
0
0
0
0
-1
0
-1
0
0
0
0
0
0
1
1
0
0
0
0
0
0
0
0
0
0
0
-1
0
0
0
0
0
1
0
0
0
0
0
-1
1
0
0
0
0
-1
0
0
0
-1
0
0
0
0
0
-1
0
0
0
2
3
0
-1
0
0
0
0
0
0
0
0
-2
0
0
0
0
0
0
0
-1
-1
1
0
0
0
0
1
0
0
0
0
-1
0
1
2
0
0
0
1
2
0
0
0
-1
0
-1
-1
0
-1
0
0
1
0
0
0
-2
0
1
0
0
0
-1
1
0
-1
0
-1
0
0
0
0
0
2
1
0
0
0
-1
0
0
0
0
0
-1
0
0
0
1
1
2
1
0
0
-1
0
2
0
-1
0
-1
0
0
1
0
0
0
0
0
-2
0
0
0
-1
0
0
0
0
0
0
0
0
0
0
2
1
1
0
0
0
-1
0
0
1
0
-1
-1
0
2
0
0
0
-2
-3
-2
1
1
1
0
0
-1
-3
0
1
1
2
1
1
0
-4
-2
3
2
2
1
1
0
-4
-2
0
1
1
2
1
-1
-1
-4
-1
2
2
0
1
0
-2
-2
0
2
2
1
-2
-3
-2
-2
3
4
1
1
-1
-1
-3
-2
0
0
2
2
0
-1
-2
0
0
0
-1
0
1
1
1
1
0
0
-1
-1
-1
0
0
0
0
1
2
0
0
-2
-4
0
0
1
1
1
2
2
0
-1
-3
-1
-1
0
1
0
0
1
1
-1
-1
-3
-2
-1
0
1
1
0
-1
-1
-1
-1
0
0
0
0
1
1
0
0
0
0
-2
-1
1
2
2
1
0
0
0
0
1
2
0
-2
-1
0
0
2
2
1
0
-2
-1
0
0
0
0
-1
-3
-3
-2
0
0
2
2
0
0
-1
-2
0
0
1
1
0
0
0
1
1
1
1
-1
-2
0
1
1
0
2
0
0
0
-2
-1
0
0
0
1
0
0
0
0
0
0
0
0
0
0
0
-1
-1
0
0
1
0
-1
1
1
0
-2
-1
0
0
1
0
0
0
-1
-2
0
0
0
1
0
0
0
0
-1
0
0
0
1
-1
0
0
0
0
0
0
0
0
0
0
0
1
0
0
2
0
-1
-1
0
0
0
1
2
1
0
-1
-2
-2
-2
0
0
0
2
0
0
0
0
0
0
0
1
0
0
0
0
0
-2
0
0
0
1
1
0
0
0
0
-1
0
-1
-2
-1
-1
0
-1
0
0
0
1
0
-1
0
0
0
0
-2
0
0
0
0
-1
0
0
0
2
0
-1
0
-1
2
2
0
1
0
0
0
0
-1
1
2
1
0
0
0
0
0
0
-2
0
-1
-1
0
1
2
0
-1
-1
-1
-1
0
1
0
0
0
0
-1
0
0
0
1
1
0
0
0
-1
0
2
0
-1
-1
-1
0
2
4
1
1
-1
-2
0
0
0
1
0
0
-2
-1
0
1
0
0
-1
0
-2
0
0
1
0
1
0
0
0
0
0
0
-1
0
0
-1
0
-1
0
-1
0
0
0
1
0
0
-1
0
1
0
0
1
1
0
0
0
0
0
0
0
0
1
1
0
0
0
0
-1
-2
1
1
0
-2
-1
-1
-1
0
2
2
2
0
0
0
0
-1
0
0
-3
-1
2
0
0
1
0
0
0
-1
0
1
0
0
0
2
0
0
0
-1
0
0
-1
-1
0
0
0
-1
-1
-1
0
1
0
0
-1
-3
0
0
0
0
0
0
1
1
0
1
1
1
0
0
1
1
0
0
0
0
0
-1
-1
-1
0
0
-1
-1
0
1
0
-1
0
-2
0
0
1
2
1
0
0
0
0
0
0
0
0
0
1
0
1
0
-1
-1
0
0
0
0
0
0
-1
0
1
1
1
-1
0
0
0
0
1
1
2
0
0
-1
0
1
-1
0
0
0
0
0
0
2
1
0
0
0
-1
2
0
0
0
0
0
-1
-2
-2
0
0
1
0
0
0
-1
-1
0
0
0
0
0
1
1
0
1
0
0
0
0
0
0
0
0
1
1
1
0
-1
-1
-1
0
0
-1
0
0
0
0
-1
-1
0
0
1
0
0
0
-1
0
0
0
0
1
2
1
0
1
-1
-3
-2
0
-1
0
2
2
1
0
-1
0
-1
0
0
0
0
1
0
0
1
0
0
2
0
0
-1
0
0
0
0
0
0
-1
0
0
0
0
-1
-1
0
0
0
0
0
0
-1
0
0
0
1
0
0
1
-1
-1
0
0
0
2
0
0
0
0
0
-1
-1
0
-1
1
1
0
-1
0
0
2
0
0
0
0
0
0
-1
2
3
1
0
-1
0
0
0
0
0
0
0
0
0
0
0
0
0
-1
-1
0
0
0
0
-2
1
0
0
0
0
0
0
0
0
-1
0
0
0
0
0
1
1
0
0
0
0
-1
0
0
0
0
0
0
1
0
0
0
0
1
0
0
0
0
1
0
0
-1
-1
0
-1
0
-1
0
0
0
1
0
0
0
0
0
-1
0
0
0
0
0
0
0
0
0
0
-1
1
-1
-1
1
0
0
1
0
0
0
0
1
0
-1
1
0
0
0
0
0
-1
1
0
0
0
0
0
-1
0
-2
0
-1
0
0
-1
0
0
0
0
0
0
0
1
1
0
0
0
0
0
0
1
1
1
1
0
0
-1
-1
0
0
0
0
0
1
0
-1
0
0
0
-1
0
1
0
0
0
1
0
0
0
0
0
-1
-1
0
0
0
2
0
-2
-2
-1
0
1
0
-1
0
0
0
2
2
0
-2
-2
0
3
4
2
0
-2
-1
1
1
1
0
-2
-1
-1
0
0
1
-1
-1
0
0
2
0
-2
-1
0
0
3
1
0
0
0
0
1
0
0
-1
-2
0
2
2
0
-1
-2
0
1
2
1
0
-1
-3
-2
0
0
0
0
0
0
2
0
0
0
0
0
1
-1
-1
0
0
0
0
0
0
0
0
0
0
0
0
0
-1
0
1
2
0
0
0
0
0
0
-2
0
0
0
0
2
0
0
-1
0
0
1
1
0
0
1
0
1
0
-1
0
0
0
0
1
0
0
0
0
0
-1
0
-1
1
2
1
0
0
0
0
0
0
-1
0
-1
0
0
0
0
0
0
0
0
0
0
-1
0
0
1
1
1
0
0
0
0
0
0
0
-1
1
0
0
0
-1
0
0
0
1
1
1
1
0
1
0
1
0
-1
-1
0
0
0
-1
0
0
-1
-1
-1
0
-1
-1
0
0
0
0
0
0
0
0
0
0
0
0
1
1
1
0
0
-1
-1
0
0
0
0
0
0
0
0
0
-2
-1
-1
-1
1
1
1
0
0
1
0
0
0
0
0
0
-1
0
-1
1
0
0
0
-1
0
0
0
0
0
0
0
0
0
0
0
-1
0
0
0
0
1
1
0
0
1
0
0
0
0
0
0
0
0
0
0
0
0
0
0
0
-1
0
0
1
1
0
-1
-1
0
0
0
-1
0
0
0
1
0
0
-1
0
0
0
0
1
1
0
0
0
0
0
0
-1
-1
0
0
-1
0
0
0
0
0
0
-1
0
0
0
2
0
1
2
0
0
0
-1
0
-1
-2
-1
0
0
0
0
0
0
0
1
0
0
0
0
0
0
1
0
0
-1
-1
0
0
0
0
1
1
0
0
1
0
0
0
0
0
0
-1
0
0
1
0
0
0
0
0
-1
0
0
0
-1
0
0
0
1
0
0
0
0
0
0
0
0
0
1
0
0
0
0
0
-1
0
0
1
0
0
0
1
1
0
-1
-2
-1
0
0
0
0
1
2
0
0
-1
0
-1
-1
0
0
0
1
1
1
1
-1
-1
-2
-2
0
1
3
1
1
2
0
0
0
-1
-1
-1
0
0
0
0
1
0
-1
0
0
0
1
0
-1
-3
-1
-1
1
0
1
1
1
1
1
0
0
0
-1
-1
0
0
0
0
0
0
0
0
0
-1
-1
0
-1
0
2
1
0
-1
0
0
0
1
0
0
0
0
0
-1
0
0
0
1
0
0
0
0
-1
-1
1
0
0
0
0
-2
0
0
0
1
0
0
0
0
2
1
0
0
-1
-1
0
-1
0
0
0
0
-1
0
0
0
0
0
0
0
0
0
-2
0
1
1
0
1
0
0
0
0
1
0
0
0
0
-3
0
0
-1
0
0
2
1
0
2
0
0
1
0
0
0
0
0
0
0
0
0
0
0
0
-1
0
1
0
0
-1
1
0
0
0
0
-1
0
0
0
0
0
0
0
0
0
0
-1
0
0
-1
-1
0
-1
0
0
0
0
0
1
1
1
1
0
0
-1
-1
0
0
0
1
0
1
0
0
0
-1
-2
0
0
0
0
0
0
0
-1
-1
0
0
1
0
0
0
0
1
0
0
-1
0
1
0
0
0
0
-1
-1
1
0
0
0
0
-1
-1
-1
0
0
2
1
0
0
-1
0
-1
1
0
0
-1
0
0
-1
0
0
0
1
0
0
0
0
0
0
0
0
0
1
0
0
-1
0
0
0
0
0
0
0
0
1
0
-2
-1
0
0
0
0
0
0
0
0
0
0
0
0
0
0
0
0
1
0
0
0
-1
-1
-1
-1
0
1
0
0
0
0
0
0
0
0
0
-1
0
0
0
0
0
0
0
0
0
0
0
0
-1
-2
0
0
1
2
1
0
-1
-1
-1
0
0
1
0
0
0
0
-1
0
0
-1
0
1
2
0
1
0
0
0
-2
-2
0
-2
0
1
1
4
2
2
1
-4
-6
-4
-2
0
4
3
1
2
0
-1
-2
-2
-3
-1
0
2
3
1
0
0
-1
-2
-1
1
0
0
-1
0
0
-1
0
0
0
1
2
1
0
0
0
-3
-2
-1
-1
0
3
4
1
2
0
0
-1
-2
0
-1
0
0
0
1
0
0
0
0
0
0
-1
0
0
0
0
0
0
0
0
0
0
0
0
-3
-2
-1
0
1
0
1
1
0
0
0
0
0
0
0
0
-1
0
0
0
2
1
0
0
0
-1
-1
1
1
1
0
0
-2
-1
0
0
0
0
0
1
0
0
0
0
0
-1
0
-2
-1
-1
0
-1
1
1
3
2
2
0
0
-2
-2
0
0
-1
0
0
1
1
1
0
0
1
1
1
0
0
0
-4
-3
-2
-1
1
1
2
3
1
0
0
0
1
0
0
0
-2
-2
-3
-4
-2
-2
-1
2
4
4
5
4
3
0
-1
0
-3
-3
-3
-3
-1
-2
0
2
1
2
1
0
1
1
1
0
0
0
-2
-2
-2
-4
-2
0
0
0
2
3
3
3
2
0
1
0
-2
-2
-2
-2
-2
0
0
2
2
1
2
2
0
0
-1
-1
-1
-2
-1
0
0
0
0
0
0
0
-1
-1
0
0
0
0
0
0
0
0
0
0
0
0
0
0
0
0
0
0
0
2
1
1
0
0
0
0
0
0
0
0
0
0
-2
-1
0
0
0
0
0
1
1
2
0
0
-1
0
0
-2
-1
0
0
1
1
1
0
0
0
0
0
0
1
1
0
0
0
0
-1
0
0
-1
0
0
1
0
0
1
0
0
-2
0
0
1
0
-1
0
-1
0
0
0
0
0
0
0
0
0
0
0
0
0
0
0
0
0
-1
0
0
0
0
0
0
0
0
1
0
0
0
-1
0
-1
-1
1
0
0
0
0
1
0
0
0
0
-1
0
0
0
0
-1
0
0
0
0
0
0
1
0
0
1
0
0
0
-1
0
-1
0
0
1
0
0
1
-1
0
0
0
0
0
0
0
0
0
0
0
0
0
0
0
0
0
0
0
1
0
1
0
0
0
0
0
0
2
-1
0
1
0
-1
0
0
-1
1
-1
0
0
-1
0
-1
0
-1
0
0
0
0
0
0
1
0
0
0
-1
0
0
0
0
1
0
1
0
0
-1
0
1
-1
-2
0
0
0
1
1
0
0
-1
-1
0
0
0
0
1
1
0
0
-1
0
0
0
0
-1
0
0
0
0
1
0
1
0
1
0
0
0
0
0
0
0
0
0
0
-1
0
0
-1
0
0
0
0
-1
0
-1
-1
0
0
0
0
0
0
-1
0
0
0
1
1
0
0
0
0
0
0
0
0
0
0
0
0
0
-1
-2
0
0
0
0
0
0
0
0
0
0
0
0
0
0
0
0
0
1
0
1
1
1
0
0
0
0
0
0
0
0
0
0
0
-1
-2
-2
-1
0
0
1
0
-1
-1
0
-1
0
0
0
0
0
0
0
0
1
0
1
1
0
1
0
0
1
0
0
0
-1
0
-1
0
0
0
0
0
0
-1
-2
0
0
1
2
0
1
-1
-1
0
0
0
1
1
0
-1
-1
-1
-1
0
0
0
1
0
1
1
0
0
-1
0
0
0
0
0
0
0
0
-1
0
1
0
0
0
0
0
0
0
0
1
0
1
0
-1
-1
-2
-2
-1
0
0
1
2
1
0
1
0
-1
0
-2
-2
0
1
4
4
3
2
0
-1
-2
-3
-3
-1
0
1
2
2
1
0
0
-1
-1
0
0
-1
0
-1
1
2
0
0
-1
0
-1
-1
-1
-1
0
0
1
2
1
3
3
1
0
0
0
0
-2
-2
-1
-2
0
0
0
0
0
-1
0
0
0
1
0
0
0
0
-1
0
0
0
0
1
1
1
0
0
1
0
0
0
0
0
0
0
0
0
-1
0
0
-1
-1
0
-1
0
0
0
1
0
0
0
0
1
0
-1
0
0
0
-2
3
1
0
1
0
-1
0
1
0
1
1
0
-2
0
1
0
0
0
0
-1
-3
1
1
2
1
0
0
-1
-1
0
0
0
0
0
0
-1
-2
0
-1
0
0
1
0
-3
-1
0
1
1
1
0
0
0
0
0
0
-1
0
1
0
0
0
0
0
0
0
-1
0
0
-1
-2
0
1
0
0
0
0
0
1
1
0
0
0
0
0
0
1
0
0
0
0
-1
0
0
1
0
0
-2
-3
0
0
0
0
0
1
0
0
0
0
0
0
0
0
0
0
0
0
0
1
0
-2
0
0
-1
0
1
0
2
-1
-1
-1
0
0
-1
0
-1
0
1
0
0
0
0
0
0
-1
0
0
2
0
0
-1
0
0
0
0
1
1
2
1
0
0
0
0
1
1
0
0
-1
-1
-1
0
0
0
0
1
0
0
0
0
0
-2
-2
0
0
0
2
2
2
0
0
-2
-2
0
0
0
0
0
2
0
0
0
-2
-2
-3
0
1
2
4
1
1
0
-3
-3
-3
0
1
1
2
2
2
0
0
-2
-5
-1
-1
0
3
2
2
2
0
-3
-4
-2
0
1
4
3
2
0
0
0
0
-2
-1
-1
1
2
1
3
3
-1
-1
-3
-4
-1
1
0
1
1
0
0
0
0
-1
-2
-1
1
1
-1
0
0
0
0
0
0
1
1
0
-1
1
0
0
1
1
0
0
0
0
0
0
-2
0
0
0
0
0
2
1
1
0
-2
-2
0
0
0
0
2
0
0
-1
-1
-1
0
1
1
0
1
1
-1
0
-1
-1
-1
-1
0
0
0
0
1
0
1
0
0
0
-1
-1
0
-1
0
1
2
1
0
0
1
0
-1
0
-1
0
0
0
0
0
0
0
0
0
0
0
0
0
0
0
0
0
1
1
0
0
0
-1
0
-1
-2
0
1
1
1
0
0
0
0
-1
1
2
1
0
0
1
-1
-1
-1
-1
0
0
0
-1
0
0
0
0
-1
0
0
0
1
0
0
0
0
-2
0
1
0
0
1
1
0
0
0
-1
0
2
0
-1
0
0
0
0
0
-1
-1
0
0
0
0
0
1
0
0
0
0
1
0
0
0
0
-1
-1
0
0
0
0
0
0
0
2
2
0
-1
0
0
0
0
0
1
-1
-1
0
-1
-2
0
0
0
1
0
2
1
1
0
0
0
-1
-1
0
0
1
0
0
0
0
0
-1
-1
0
0
0
0
-1
0
-1
0
2
2
1
0
-2
0
0
0
1
0
1
1
0
0
0
-2
-2
-1
-1
1
2
1
0
-1
-1
0
0
2
0
1
0
-1
0
1
1
0
0
-2
-1
0
1
2
0
0
1
-1
0
-1
-1
-2
-3
-1
0
0
-1
0
1
1
1
0
1
1
-2
0
0
-1
2
0
0
2
1
0
-2
0
0
0
2
1
-2
0
0
0
0
0
0
0
0
-2
-1
0
-1
-1
0
0
0
1
0
0
0
-1
1
1
0
0
1
0
-1
1
1
0
0
0
0
-1
0
0
0
0
-1
0
0
1
0
-1
0
0
-1
-2
-1
-1
1
0
0
0
0
0
0
3
1
0
0
0
0
0
0
1
2
0
0
0
0
0
0
-1
0
0
-2
0
0
0
0
0
0
-1
1
0
1
0
-1
0
0
1
0
1
0
0
-2
-1
-1
0
0
0
1
0
-1
0
1
0
-1
-1
0
0
0
1
0
0
1
1
2
0
0
0
0
0
-1
-1
0
0
0
0
0
0
0
0
0
-2
0
0
0
0
0
0
0
-1
0
0
0
1
0
3
2
0
0
1
0
0
-2
0
0
0
0
0
0
0
0
-1
-1
-1
0
1
0
0
-1
0
0
-1
1
0
0
0
0
0
1
1
0
-1
-1
-1
0
1
0
0
0
0
1
0
0
2
2
0
-2
0
0
0
0
0
-1
-1
0
0
-1
0
0
1
1
0
1
0
-1
-1
0
0
0
0
0
1
0
-2
0
1
1
0
0
0
0
1
0
3
1
0
0
0
-1
-3
-1
0
-1
0
0
0
0
-1
0
1
-1
0
0
0
0
0
0
2
2
1
0
0
-2
-1
0
0
-1
0
0
0
0
0
0
0
0
-2
-2
0
1
1
0
1
2
1
0
0
0
0
0
0
0
0
0
-2
0
0
1
0
0
0
0
0
-1
0
-1
0
0
-1
0
1
0
2
0
0
-1
-2
0
0
0
-1
1
1
1
0
0
0
0
2
2
-1
-1
0
0
0
-1
0
0
-1
1
1
1
1
1
1
0
0
0
0
1
0
0
-1
-3
-1
0
0
-1
0
1
0
0
0
-2
-3
0
2
0
2
0
-1
-1
0
1
1
0
0
0
0
-2
0
0
-1
0
1
2
1
2
1
0
0
0
0
1
0
0
-1
-1
-1
0
0
-1
0
0
0
0
0
0
1
0
-1
0
-1
-2
-1
1
1
1
0
0
0
0
0
0
0
0
1
0
-1
0
0
2
2
0
-1
0
0
1
0
0
1
0
0
0
0
0
0
0
-1
0
0
-1
-3
0
0
0
1
0
0
-1
0
1
0
-1
1
0
-1
0
0
0
0
1
0
0
0
0
0
0
0
1
1
0
0
-1
-2
-1
-1
0
3
1
1
1
0
0
-1
-2
0
1
2
1
0
-2
-1
-1
0
0
0
1
0
1
1
-1
-1
0
0
1
0
0
0
-2
-1
0
0
0
0
0
1
0
-1
-2
0
0
1
1
0
-1
0
1
-1
0
0
-1
1
0
0
0
-1
0
0
-1
0
1
0
1
1
1
0
-1
-1
-1
-2
0
0
0
0
1
0
0
-1
0
0
0
0
0
0
1
0
0
-1
-1
0
0
-1
1
3
0
0
0
0
0
0
0
-1
0
0
0
-1
0
0
0
0
0
0
1
1
0
0
0
-1
0
0
0
0
0
-2
0
1
2
3
0
1
0
-2
-2
0
0
0
0
0
2
1
0
0
-2
1
1
-1
-2
0
2
0
0
-1
0
0
2
0
-3
-1
0
0
0
0
0
0
0
-1
0
0
1
0
0
0
0
0
1
1
-1
0
0
1
0
0
0
0
0
0
0
0
0
-2
-1
1
0
0
0
1
1
1
0
-1
0
0
-1
0
0
0
0
0
0
-2
0
1
1
0
0
0
0
0
0
-2
1
2
0
2
1
0
0
0
-1
0
2
1
-1
0
0
0
0
1
0
-1
0
0
0
1
0
0
-1
-1
-1
0
1
0
0
0
1
1
0
0
0
0
0
0
0
1
0
0
1
1
0
0
-1
-2
0
2
1
2
2
-1
0
1
0
0
1
0
-1
-1
-1
-1
0
0
0
0
1
0
-1
-1
-1
0
1
0
0
0
0
2
0
-1
0
0
0
1
0
-3
-2
3
4
-2
-4
0
3
2
-1
-1
2
3
1
-3
-5
-1
2
2
0
0
0
0
0
1
2
2
-2
-3
0
2
3
3
0
-5
-5
0
4
4
1
-6
-10
-2
8
11
-2
-17
-8
12
21
3
-17
-20
-12
-18
-53
-50
67
186
133
-41
-109
-29
-1
-76
-98
-6
73
42
-28
-41
-2
32
30
-3
-40
-37
11
33
7
-3
23
21
-13
-10
24
28
11
17
19
-21
-43
-4
49
57
17
-23
-37
-17
-4
-29
-43
16
94
63
-58
-98
-18
34
-17
-66
-28
33
34
-1
-21
-7
16
18
-9
-31
-16
12
15
-4
-4
26
43
27
-3
-25
-31
10
102
158
89
-43
-96
-39
18
5
-35
-56
-62
-59
-30
8
13
-9
-17
-14
-19
-21
0
17
16
13
19
19
6
6
23
25
2
-12
0
20
19
3
-2
9
19
13
-1
-11
-6
6
11
9
7
4
-5
-9
2
13
-2
-29
-39
-27
-15
-16
-6
10
16
12
14
17
11
1
0
3
0
-9
-16
-8
-7
-10
-4
1
0
-3
-1
5
10
5
3
1
-3
-11
-11
-2
4
2
-4
-19
-25
-17
-1
6
2
0
2
6
5
3
5
6
5
7
4
-6
-13
-11
0
7
12
12
11
8
6
11
5
0
0
1
5
7
5
0
-4
-5
0
2
-4
-9
-3
5
9
8
3
0
-2
0
3
7
2
-7
-9
-5
-1
0
4
4
0
-7
-11
-9
-7
-3
-1
-3
-4
-2
-4
-1
1
3
4
0
-2
-1
0
1
6
12
8
4
6
5
5
1
-2
-5
-3
-2
-3
-3
0
-1
-4
-2
-3
-5
-3
-1
-4
-4
-5
-5
0
-3
-2
1
6
6
4
1
-1
-1
-1
2
10
8
0
0
-4
-4
1
6
7
3
2
2
2
1
-1
-2
-2
-2
0
3
3
0
-1
0
1
5
6
0
-4
-7
-5
0
3
1
-3
-5
0
3
6
2
-5
-10
-7
0
5
1
-4
-5
0
9
11
6
-2
-6
-4
0
4
3
0
-2
0
2
7
4
0
-3
-5
-1
0
0
1
-1
-2
-3
-3
-3
-2
-1
-1
-3
-2
0
4
5
4
1
-3
-3
-3
0
2
2
2
2
4
5
1
-2
-4
-4
-1
1
1
2
2
2
1
0
-2
-1
0
3
4
0
-2
-2
-2
0
0
-1
0
0
4
5
1
-1
-3
-4
-3
-5
-4
-2
-2
0
1
3
3
0
0
3
0
-1
0
0
1
0
-1
-1
0
0
0
1
0
1
1
2
0
-1
-2
0
2
3
0
-1
-3
-1
1
3
0
-2
-2
0
2
1
-1
-2
-2
-1
0
-3
0
0
0
1
0
0
0
0
1
1
1
0
0
0
0
1
2
1
0
0
0
1
0
0
-2
0
0
0
0
0
0
1
0
0
0
0
0
0
0
0
0
0
0
0
0
0
0
0
0
0
-1
-1
0
0
-1
0
1
0
0
0
1
1
0
0
0
0
2
0
0
1
0
-2
0
0
0
0
0
1
0
0
-1
-1
0
0
2
0
0
0
0
0
1
0
0
0
-1
1
0
0
0
0
0
-1
0
1
1
0
1
1
2
1
-1
-1
-1
0
1
2
0
-1
0
1
0
0
-1
-2
-2
-1
0
0
0
0
0
1
0
0
-1
0
0
0
0
0
1
0
1
2
0
0
0
0
0
0
-2
-1
0
0
-1
0
0
0
0
0
0
0
0
0
0
0
2
3
2
2
0
0
-2
-2
0
0
0
0
0
0
0
1
0
-1
-2
-3
-1
0
1
3
1
2
1
0
0
-3
-1
0
0
0
0
0
2
3
2
1
-1
-1
0
0
0
0
-2
-1
0
0
1
1
2
1
0
0
0
-2
-2
-1
0
0
0
2
1
0
0
-2
-1
-1
0
0
1
1
0
-1
0
2
0
0
0
0
1
0
0
0
0
-2
0
0
1
2
0
0
0
0
0
0
0
0
0
-1
0
0
0
1
0
0
1
0
0
0
0
0
0
-1
0
-1
-1
-1
0
0
0
0
0
-1
-1
0
0
0
1
1
1
1
1
0
0
0
-1
0
0
0
1
-1
0
0
0
0
0
0
0
0
0
0
0
0
0
0
0
0
0
0
0
0
0
-1
1
0
0
0
0
0
1
1
0
0
0
0
0
0
0
0
-1
1
1
0
0
0
0
0
0
-1
-1
0
0
1
0
0
0
0
1
0
0
0
0
0
-1
0
0
-1
0
2
2
0
0
0
0
0
-1
0
1
0
0
0
0
0
0
0
0
1
0
0
0
-1
-1
0
0
-1
0
0
0
-1
0
1
0
-1
0
0
0
0
0
0
0
0
0
0
1
0
0
0
0
0
0
-1
-1
0
0
-2
0
0
0
0
0
1
0
0
0
0
0
0
0
0
0
0
0
-1
-1
0
0
1
-1
0
0
0
0
0
0
0
0
0
0
0
0
0
0
0
0
0
0
-1
1
0
0
0
0
0
0
0
0
0
-1
-2
0
1
0
0
1
1
0
0
0
0
1
-1
-1
0
-1
-1
0
0
0
0
0
1
0
0
2
1
1
0
0
1
0
-1
-1
-1
0
0
0
0
0
0
0
1
0
0
0
0
0
0
-2
0
0
1
0
0
1
1
0
-1
0
0
0
0
0
0
0
0
0
0
0
0
0
0
0
0
1
1
1
0
0
0
0
0
0
0
0
1
0
-1
0
0
1
0
0
-2
-2
-1
-2
0
0
4
4
3
0
-1
0
-2
-1
-1
-1
0
0
2
0
-1
0
1
0
0
0
0
-1
0
0
0
1
0
-1
0
1
0
0
-1
0
0
0
0
0
0
-1
0
-1
-1
-1
0
0
0
2
1
0
0
0
0
-1
0
0
0
1
1
1
0
0
0
0
0
0
0
-1
-1
0
0
1
1
1
0
0
0
0
0
0
0
1
-1
-1
0
0
0
1
0
0
0
1
-1
-1
0
0
0
0
-1
1
0
0
0
1
1
2
0
0
0
-1
0
0
-1
-1
2
1
0
-1
0
0
0
0
0
0
0
0
0
0
0
2
0
-1
0
0
0
0
-1
0
0
-1
0
1
0
0
0
0
0
0
0
0
-1
0
-1
0
0
0
1
1
1
2
0
0
0
-2
-1
1
0
0
0
0
0
-1
0
0
0
0
1
0
0
0
-1
0
0
-1
0
1
1
1
0
2
0
-1
-1
-1
-1
0
0
0
0
0
0
0
0
0
0
0
0
0
0
0
-1
0
0
0
0
0
0
0
1
0
-1
-1
0
0
1
1
0
0
0
-1
0
0
0
0
0
0
0
0
1
0
0
1
0
0
0
0
0
0
0
-2
0
0
0
0
0
0
0
0
0
0
0
0
0
0
0
0
1
0
0
0
0
0
1
0
0
0
0
0
0
0
0
0
0
0
0
0
0
0
0
-1
0
0
0
0
0
0
1
0
-1
0
0
-1
0
-1
0
0
-1
0
-1
0
0
0
0
0
1
1
0
0
0
1
2
2
0
0
1
-1
0
0
0
0
1
0
-1
0
-1
0
0
-1
-1
-1
0
0
0
-2
-1
0
0
0
0
0
-1
0
0
-1
0
0
0
0
0
0
0
0
0
-1
0
0
2
2
0
1
0
1
0
0
0
0
1
0
1
1
0
1
0
1
0
0
0
0
0
0
0
0
-2
-2
-1
0
0
0
1
0
-1
-3
0
-1
-2
0
0
0
0
0
0
-1
-1
0
0
1
2
2
0
0
-1
0
0
0
1
1
1
2
0
0
0
0
1
0
0
0
-2
-2
-1
-2
-1
1
0
-1
0
0
-1
0
0
0
-1
0
0
0
1
1
2
3
2
1
1
0
0
1
0
0
0
0
-1
-2
-1
-2
-1
-2
-1
-1
-1
0
-1
0
0
0
1
2
2
1
2
1
0
0
-1
0
0
1
1
1
0
0
0
-1
0
0
1
0
0
1
0
0
0
0
0
1
0
0
-1
-1
0
0
0
0
0
0
0
0
1
0
0
0
-1
0
0
0
1
0
0
0
0
0
0
0
1
0
0
0
0
-1
0
-1
0
1
0
0
0
1
-1
0
0
0
0
0
1
0
0
0
0
0
0
0
0
0
-1
-1
0
0
0
0
-1
-1
0
0
0
0
0
0
1
1
0
0
0
0
-1
0
1
1
0
0
-1
0
0
0
0
0
-1
0
0
0
0
0
0
-1
0
0
0
0
0
0
0
0
0
-1
-1
0
0
0
0
0
0
0
0
0
0
0
0
0
0
0
-1
0
0
0
0
0
1
0
0
0
1
0
0
0
0
-1
-1
0
0
0
0
0
0
0
1
0
1
0
0
0
0
0
0
0
0
-1
-1
0
0
1
1
0
0
0
-2
-1
1
0
-1
0
0
-1
0
0
0
0
0
0
0
1
0
-2
0
0
0
0
0
0
1
2
0
-1
0
0
0
0
0
0
1
0
0
-1
0
0
-1
-1
0
0
1
0
-1
0
0
0
1
0
0
0
-2
-1
0
0
1
1
0
0
0
0
0
0
-1
0
0
1
0
0
0
0
-2
-1
1
1
0
1
0
0
0
-1
-1
0
1
1
0
0
0
0
-1
0
0
0
1
1
0
0
0
-2
0
0
0
0
-1
1
0
0
0
0
0
-1
0
1
0
0
0
0
0
-1
-1
-1
0
1
2
1
0
0
0
0
0
0
0
0
0
0
0
0
0
0
-1
0
0
0
-1
0
0
0
0
0
0
0
-1
0
0
0
0
0
0
0
0
-1
0
0
0
0
-1
0
0
0
1
1
0
0
0
0
0
1
1
1
0
0
0
1
0
0
-2
0
0
-1
-1
-1
-2
0
1
0
-2
-1
0
0
0
0
-1
0
1
1
0
-1
0
1
1
1
0
0
1
2
0
-5
-2
4
4
-2
-8
-3
9
10
-4
-19
-4
22
15
-15
-28
0
32
18
-22
-35
4
40
18
-30
-36
11
42
12
-34
-34
14
40
9
-33
-26
18
34
0
-31
-19
20
29
-2
-27
-12
19
19
-8
-19
-1
14
9
-8
-12
0
7
5
0
-4
-4
1
7
5
-8
-12
2
17
8
-13
-15
7
19
1
-18
-10
11
15
-3
-16
-5
11
10
-5
-10
-3
7
6
-4
-5
0
5
3
-3
-1
2
0
-1
-2
2
2
-3
-2
0
4
1
-3
-2
4
3
-3
-3
2
5
2
-3
-3
3
5
-1
-5
-1
3
2
-1
-1
0
0
1
-1
-4
-3
0
3
1
-1
-2
2
2
0
-3
-1
2
3
0
-3
0
3
2
-1
-1
0
1
0
-3
0
2
2
0
-3
0
2
1
-1
-3
0
3
2
-1
-1
1
2
-1
-3
0
0
1
0
1
0
0
0
-2
0
0
-2
-3
0
3
2
0
0
0
1
1
-1
-2
-1
0
1
0
0
0
0
2
2
0
-2
-1
1
0
0
0
0
1
0
-1
0
0
-1
1
0
0
0
0
0
1
1
1
0
0
0
2
0
-1
-1
0
0
0
1
0
0
0
0
-1
0
-1
0
0
-1
0
0
0
0
0
0
-1
0
0
0
0
0
1
0
0
1
1
0
0
0
-1
0
0
0
0
0
1
1
0
0
1
-1
-1
0
0
0
0
0
0
0
0
0
0
0
0
0
0
0
-1
0
0
0
0
0
0
0
0
0
0
0
-1
0
0
0
0
1
0
1
2
0
-1
0
0
-1
0
0
0
0
0
0
0
1
1
0
0
1
1
0
0
-1
0
0
0
0
0
-1
1
0
0
0
0
-1
0
-1
-1
0
-1
0
0
0
0
1
0
1
1
0
0
1
0
0
0
0
1
1
0
0
0
-1
0
0
-1
0
-1
0
0
0
0
0
1
1
0
0
0
0
0
0
0
0
0
0
1
0
0
1
2
0
-1
0
-1
-2
0
0
0
1
1
1
0
0
0
0
0
0
0
1
-1
0
0
0
0
-1
0
0
0
0
-1
0
0
0
0
0
1
0
0
0
0
0
0
-1
0
1
0
0
0
0
0
0
0
0
0
0
0
0
0
0
1
1
0
0
0
0
0
-1
-1
0
0
0
0
0
0
0
-1
0
0
-1
-1
-1
-1
1
0
0
0
0
0
0
1
1
0
0
0
0
0
-1
-1
0
-1
-1
0
0
2
0
0
0
0
-1
0
0
0
0
1
0
1
1
0
0
0
0
-1
0
0
0
1
0
1
2
0
-1
-2
-1
-1
0
0
-2
0
1
1
0
0
0
0
0
0
0
0
0
-1
0
0
1
0
0
0
1
0
0
-1
0
0
0
0
0
0
0
0
0
0
0
-1
0
0
0
0
0
2
1
0
0
0
0
-2
-1
-2
-1
0
0
0
0
0
0
0
0
0
0
1
0
0
1
0
1
0
-1
0
0
1
0
0
1
0
0
0
0
2
0
0
0
-2
0
-1
0
2
1
1
0
-1
0
0
0
0
0
0
0
0
0
0
-1
-1
0
0
0
-1
-2
-1
-1
0
0
0
1
2
1
1
0
1
1
0
0
1
2
3
1
1
1
0
1
-1
0
0
0
0
0
-2
-1
-1
-2
-2
-1
-1
-1
0
0
0
-1
-1
0
-1
0
-1
-1
-1
0
0
0
0
0
1
1
0
0
2
1
1
2
0
1
1
1
0
1
3
1
0
0
0
0
-1
0
0
-1
-2
0
-1
0
0
0
0
1
0
0
0
0
0
-1
0
0
-1
0
-1
-1
0
0
1
0
1
1
0
0
0
0
0
0
1
0
-1
0
0
1
0
0
0
-1
1
0
0
1
0
0
0
0
0
-1
0
-1
0
0
-1
0
0
0
1
0
0
-1
0
0
0
0
0
0
0
1
0
-2
-1
-1
1
0
0
0
0
1
0
0
1
1
0
0
0
0
0
0
0
0
0
0
0
-1
-1
-1
0
0
0
0
0
0
0
-1
-1
-1
0
1
1
2
2
1
0
0
-2
0
0
0
1
1
0
0
-1
-1
-1
-1
0
1
0
0
0
-2
-1
-2
-1
0
0
0
2
1
0
0
0
0
-1
0
0
0
1
0
1
0
-1
0
-2
0
0
0
2
1
0
0
0
-2
-1
-1
0
1
0
1
1
0
0
-1
-2
0
1
2
1
0
0
0
-2
-2
0
0
0
1
0
0
-1
-1
0
0
0
1
0
0
0
1
0
-1
0
0
1
0
0
0
0
0
0
0
1
0
0
0
0
0
-1
0
0
1
0
0
0
0
1
0
0
0
0
0
0
0
0
0
0
0
0
0
-1
-2
-1
0
0
1
2
1
0
0
-1
-1
-1
0
0
0
0
0
0
0
0
0
0
0
0
-1
0
1
0
1
1
0
0
0
0
0
-1
0
1
0
0
0
0
1
0
0
0
0
0
-1
0
0
0
0
-1
0
0
0
0
0
-1
0
0
0
1
1
0
0
0
0
-1
0
0
0
0
0
1
0
1
0
0
0
0
1
0
0
-1
0
0
-1
0
0
0
0
0
1
1
1
1
0
0
0
-1
0
0
0
0
0
1
0
-1
-1
0
0
0
-1
-2
-1
0
0
0
0
0
0
0
0
0
0
-1
0
0
0
0
1
-1
-1
0
0
1
0
1
0
0
1
1
0
-1
0
-1
0
2
0
0
-2
0
1
1
1
0
-1
0
0
0
0
1
1
0
1
0
0
0
-2
-2
-2
0
0
0
1
0
-1
0
0
0
0
0
0
0
1
0
1
0
0
0
0
1
0
0
0
-1
0
1
0
0
0
0
0
0
0
0
-1
1
1
0
0
0
0
0
0
0
0
0
1
0
0
0
0
0
0
-1
0
0
0
1
0
0
0
-1
-1
0
0
0
0
0
0
0
1
0
0
1
0
0
-2
-2
-1
0
-2
1
1
0
1
1
0
0
0
0
0
2
1
0
0
0
0
0
0
-1
-2
-1
0
-2
-1
-1
-1
0
0
2
1
0
1
1
2
2
1
1
3
3
3
1
0
0
0
0
-2
-1
-2
-3
-2
-4
-4
-4
-3
-5
-2
-1
-1
0
0
0
2
3
3
3
4
4
4
4
3
2
3
1
1
1
0
-1
-1
-1
-2
-1
-2
-2
-1
-3
-1
-1
-2
0
-1
0
0
0
1
0
0
0
0
0
0
0
0
0
0
0
0
0
0
0
1
1
2
0
0
0
2
2
0
1
1
1
0
0
0
0
0
-1
-2
-1
0
0
-1
-2
-2
-1
-1
0
0
0
0
0
0
0
0
1
1
1
0
0
0
-1
0
0
1
0
0
0
1
0
0
1
0
1
0
0
0
0
0
0
0
0
-1
0
0
-1
0
-1
0
-1
0
-1
-1
0
0
1
1
1
0
0
0
0
0
0
1
0
0
0
0
0
1
0
0
0
0
0
0
0
0
0
0
0
0
0
-1
0
0
0
1
0
0
0
0
0
0
0
0
0
1
0
0
0
0
-1
0
0
0
0
0
-1
-1
0
-1
0
1
2
1
0
-2
-1
0
0
2
2
0
0
0
1
0
0
0
0
0
0
0
0
-1
0
0
0
0
0
1
0
0
0
-1
0
0
0
1
1
0
1
-1
-1
0
-1
-1
0
1
1
0
0
0
-2
0
0
1
0
0
-1
0
0
0
1
1
0
1
0
0
0
0
0
-1
1
0
0
1
0
0
0
0
0
0
0
0
0
0
0
0
0
-1
0
0
-1
0
0
0
0
0
0
-1
0
0
-2
-1
0
0
0
0
0
0
0
0
0
0
1
1
0
1
0
0
0
0
0
0
0
1
2
0
1
1
0
0
0
0
0
0
0
0
0
0
-1
0
0
0
-1
0
0
0
0
0
0
0
0
0
0
0
0
0
0
1
1
0
0
0
0
0
0
1
0
-1
0
1
0
0
0
0
0
0
0
-1
-1
0
0
0
0
0
0
1
0
0
-1
-1
-1
0
0
0
0
0
0
0
0
-1
0
0
0
0
0
0
1
1
1
0
0
0
0
0
0
0
0
0
0
1
1
0
0
0
0
0
0
-1
-1
0
0
0
0
-1
0
0
-1
0
0
0
-1
0
0
0
1
0
0
1
0
0
0
1
0
0
1
0
0
0
-1
0
0
0
0
0
0
0
0
0
0
0
0
0
0
0
-1
0
0
0
0
0
0
0
0
0
0
0
0
0
0
0
0
0
0
0
0
0
0
0
0
0
0
0
1
0
0
0
0
0
0
0
1
1
-1
0
0
0
0
0
0
0
0
0
-1
0
0
0
0
0
0
-1
0
0
0
-1
0
0
0
1
0
0
1
1
1
0
1
2
2
1
0
0
0
-1
-1
-2
0
-1
-3
-2
-3
-3
-2
-1
-1
-1
-1
0
1
1
2
2
1
3
3
2
4
3
1
2
3
1
1
0
0
-1
-1
-2
-2
-1
-3
-3
-3
-2
-1
-2
-1
0
0
0
0
0
0
3
1
2
2
3
2
0
0
0
0
0
0
0
1
0
-1
-1
0
0
-1
0
0
0
-1
-1
0
0
0
0
1
1
0
0
0
-1
0
0
-1
-1
0
0
-1
0
-1
0
0
0
0
1
1
0
0
0
0
0
0
1
0
1
0
0
0
0
0
0
0
0
0
0
0
-1
-2
0
0
0
1
2
0
0
0
0
-1
1
0
-1
0
0
0
0
0
-2
0
0
0
0
0
1
0
0
1
0
0
-1
0
0
0
1
1
1
0
0
0
0
0
1
0
-1
-1
0
0
0
1
1
0
0
0
0
0
-1
0
-1
-1
0
0
1
0
0
1
1
0
-1
0
0
0
0
0
-1
0
0
0
0
0
0
0
1
0
0
0
0
0
-1
0
0
0
0
-1
0
-1
0
0
1
1
0
0
0
0
0
0
0
-1
-1
-1
0
0
0
1
1
-1
0
1
0
1
2
0
0
0
0
0
0
0
-1
-1
0
0
0
0
0
0
0
0
0
0
0
0
0
0
0
0
-1
-1
0
0
0
0
0
-1
0
0
0
-1
0
0
0
0
0
-1
0
0
-1
0
1
2
0
1
0
1
0
0
0
-1
-2
-1
0
0
0
0
0
0
1
1
0
1
0
0
0
0
0
0
0
0
0
0
0
0
1
0
-1
-1
-1
0
1
1
0
1
1
0
0
0
0
0
-1
-2
-2
0
0
0
1
0
0
0
0
0
0
0
-1
-1
-1
0
0
0
1
1
0
0
1
0
0
1
0
0
0
0
0
-1
-1
-1
0
0
0
0
1
1
1
1
1
0
0
0
-2
-1
0
0
0
0
0
0
0
-1
0
1
0
-2
-1
-1
0
0
0
0
0
0
0
0
-1
0
0
1
0
0
0
0
1
1
0
0
1
0
-1
0
-1
-3
0
0
0
0
1
1
1
0
0
0
-1
0
0
0
-1
0
1
0
0
0
0
0
1
0
0
-1
0
0
0
0
0
0
-1
0
0
-1
-1
-1
0
1
0
1
0
0
0
0
0
0
0
1
0
-1
-1
0
0
1
2
0
0
0
0
0
-1
-1
0
0
-1
0
0
-1
0
0
0
0
0
0
0
0
0
0
-1
0
2
1
0
-1
0
-1
-1
-1
-1
0
-1
0
1
1
1
1
0
0
0
0
0
0
0
-1
0
0
1
0
0
0
1
0
0
0
0
1
0
-1
0
0
0
0
0
0
0
0
-1
-1
-2
-1
-1
-1
0
0
1
0
1
1
0
0
0
-1
0
0
0
-1
1
0
0
1
0
0
0
0
0
0
0
0
0
0
0
-1
0
0
0
0
0
0
0
0
0
-1
-1
0
0
0
0
0
0
0
0
0
0
0
0
0
-1
0
0
0
0
2
2
2
2
1
0
0
0
0
0
0
0
1
0
0
1
0
0
0
-2
-2
-1
0
-1
0
0
0
0
1
1
0
1
0
-1
-2
-1
0
0
2
0
0
0
0
-1
0
-1
0
0
0
0
0
0
1
0
0
0
1
0
1
0
-1
0
0
0
1
0
0
0
0
0
0
0
1
1
0
-1
-1
0
-1
-1
0
0
-1
-1
0
1
1
1
1
0
0
0
0
1
0
0
0
0
0
1
0
0
0
0
-1
0
0
0
0
0
0
-1
-1
0
0
0
0
0
0
0
-1
0
0
2
1
0
0
0
0
-1
-2
0
-1
0
0
0
0
1
0
0
0
0
1
0
0
0
-1
1
0
0
0
0
0
0
0
0
1
2
0
0
-1
0
0
0
0
0
1
0
-1
0
0
0
0
0
0
0
0
0
-1
0
-1
0
0
0
0
0
0
0
-1
-1
0
1
0
0
2
3
1
1
0
-1
0
-1
-1
-1
-1
0
1
1
2
2
0
0
-2
-2
-1
-2
0
-1
0
0
0
0
0
0
-1
-1
0
0
1
0
2
0
0
1
0
0
0
-1
0
0
1
1
0
2
1
0
0
-1
-1
-1
-1
0
0
2
2
0
1
0
-2
0
-2
0
0
0
0
0
1
0
-1
-2
-2
0
-1
0
0
1
1
1
0
0
0
0
0
0
0
0
0
1
0
0
0
0
2
2
1
0
0
0
0
-1
-1
0
0
0
0
0
-1
-2
-1
0
0
0
0
0
1
1
0
-1
-1
-1
-1
0
0
0
-1
0
0
1
0
0
0
0
0
0
0
0
2
1
1
2
1
-2
-1
0
0
-1
0
-1
0
2
1
1
0
0
0
0
0
-1
0
-1
-1
-2
-2
0
0
0
1
1
0
0
0
-1
-1
0
-1
-1
0
0
2
1
0
0
0
0
-1
-1
0
0
-1
1
2
3
2
2
0
0
-1
-2
0
-1
-1
0
0
0
1
-1
-1
-1
-1
-1
0
0
0
0
0
0
-2
-1
0
0
2
3
1
2
1
0
0
-1
-1
-1
-1
0
0
1
0
1
1
1
0
0
-1
0
0
0
-1
0
0
0
2
0
0
0
0
0
-1
-1
0
0
0
2
0
0
0
-1
-2
-2
-2
0
1
2
0
1
1
-1
-1
0
0
0
0
2
1
0
0
-1
0
0
0
1
0
0
0
0
-1
-2
-1
-2
0
0
0
1
0
0
0
0
-1
0
0
0
1
0
1
0
0
-1
0
0
-1
1
1
0
0
0
-1
-2
0
0
0
1
2
3
2
0
-1
-2
-3
-1
0
1
2
3
2
0
-2
-3
-5
-2
0
1
4
5
3
0
0
-4
-5
-4
-3
0
1
3
5
5
2
0
-1
-3
-4
-4
0
1
1
2
2
1
0
0
0
-1
0
0
0
2
1
1
1
0
0
0
0
-1
-1
-1
0
-1
0
1
1
1
0
0
-1
-1
-2
-1
-1
0
3
4
5
2
0
-2
-4
-4
-4
-1
0
3
5
4
2
0
-1
-2
-3
-2
-1
0
1
1
1
0
-1
0
-1
-1
0
0
0
0
1
0
0
0
-1
0
0
2
3
4
3
0
0
-2
-3
-1
-1
-1
1
1
3
1
0
-1
-1
-2
-1
-1
0
0
0
0
1
0
0
0
0
0
0
1
0
0
-1
-1
0
0
0
0
0
-1
0
1
0
0
0
0
1
0
0
0
0
0
0
0
2
1
1
2
2
0
-2
-2
-2
-1
0
-1
0
0
0
0
-1
0
1
0
0
0
-1
-1
0
0
0
0
0
0
-1
0
-1
-1
-1
-2
-1
0
0
3
2
0
2
1
0
0
-1
-1
0
0
0
0
0
0
1
-1
0
0
0
0
0
-1
0
0
0
0
0
0
0
0
0
0
0
0
0
0
0
0
0
0
0
0
0
0
0
0
0
0
0
0
0
0
0
0
0
2
0
0
0
0
-1
-1
0
-2
0
-1
-1
0
1
0
1
1
0
0
0
-1
-1
0
0
0
1
1
2
2
0
0
0
-1
0
0
-1
0
0
1
0
2
0
0
0
0
0
0
-1
0
0
0
0
0
0
1
2
0
0
0
1
0
0
0
-1
-2
-1
0
0
0
0
0
1
0
0
0
0
0
0
-1
-1
-1
0
0
0
1
0
0
0
0
0
0
0
-1
0
0
1
0
0
-1
0
0
0
0
0
0
0
-1
0
1
0
0
0
0
0
0
-1
0
0
0
0
0
0
1
1
1
0
-1
0
0
0
0
0
0
0
0
1
0
1
1
0
-1
0
0
-1
0
0
1
0
1
0
-1
-1
-1
0
0
0
-1
0
0
0
0
0
1
1
0
0
0
0
-1
0
0
0
0
0
0
0
0
0
0
-1
0
0
0
0
0
1
0
0
0
0
0
0
1
0
0
0
0
0
1
0
0
0
0
0
-1
0
0
0
0
-1
0
1
1
0
1
0
0
0
1
1
0
0
-1
-1
-1
0
0
-1
0
2
1
2
0
0
0
-1
-1
0
0
0
0
0
-1
0
0
-1
0
-1
-2
-2
0
0
0
1
1
1
1
1
0
0
0
0
0
0
1
1
0
0
2
1
0
0
0
0
-1
-1
0
0
1
0
1
0
0
-1
-2
-1
-1
0
0
0
0
1
1
0
0
0
0
0
-1
0
0
-1
0
0
0
0
1
0
1
0
0
-1
-1
0
0
1
0
0
0
1
0
0
-1
-1
0
0
-1
0
-2
0
1
0
0
0
0
0
1
0
0
0
0
0
0
0
0
0
0
0
0
0
0
0
-1
0
-2
-2
-1
0
2
1
0
0
0
0
0
0
0
0
0
0
1
0
0
0
0
0
0
-1
-1
-1
0
0
0
0
0
0
0
0
0
1
0
0
0
0
0
-1
0
0
0
0
0
0
0
0
0
0
0
0
0
0
0
0
0
0
0
0
-1
0
0
0
1
0
-1
0
0
0
0
0
0
1
0
0
2
0
0
-1
-2
0
-1
0
0
0
1
0
0
1
1
0
-1
0
0
0
0
0
1
0
0
0
0
0
-1
-1
0
0
-1
-1
-1
0
0
0
0
0
0
0
0
1
0
0
0
0
0
-1
-1
-1
0
0
0
2
1
1
0
0
-1
0
-2
-1
0
-1
-2
0
2
2
1
0
0
0
-1
0
0
-1
-2
-1
0
1
1
1
1
0
0
0
0
0
0
-1
-1
0
0
1
2
0
0
1
0
0
0
-1
-1
0
0
0
1
0
0
0
0
0
0
0
0
-1
-1
1
0
2
1
1
0
1
0
-1
0
-1
-1
-1
-1
0
1
1
0
0
0
0
0
0
0
0
-1
0
-1
0
1
0
0
0
0
1
1
0
0
0
0
0
0
-1
-1
0
0
0
0
0
2
0
0
0
0
-1
0
0
0
0
1
0
0
0
2
0
0
0
0
0
1
0
0
-1
0
0
-1
0
0
-2
0
0
2
1
1
0
0
0
0
0
0
1
1
-1
-1
-1
-1
0
0
1
2
0
0
0
1
0
-4
-1
0
2
1
0
1
2
2
0
0
0
0
0
0
0
0
0
0
0
-3
-1
0
0
-1
-3
0
0
-2
-1
0
0
0
0
0
-2
-1
-1
0
0
0
0
2
1
1
0
2
2
1
1
1
0
0
0
0
1
2
0
0
0
0
0
0
-1
-1
0
1
0
0
0
0
1
0
-1
-2
-2
0
-1
-1
0
1
1
0
0
1
0
-1
-2
0
0
1
0
0
1
0
1
1
0
1
1
0
-1
0
0
0
0
0
0
0
0
0
-1
-1
0
0
0
0
-1
0
-1
0
0
0
2
1
0
1
0
0
-2
0
0
0
-1
0
1
1
0
0
0
0
0
-1
-1
-1
-3
-4
-1
1
0
1
0
2
2
0
1
2
3
3
0
0
1
-2
-2
-1
0
4
3
1
0
1
3
-7
-8
-3
0
-4
-7
-1
4
7
8
-2
-22
3
43
40
24
19
17
-4
-4
-15
-63
-64
-27
-29
-31
-5
3
7
12
8
12
40
53
34
27
31
19
17
7
-25
-26
-8
-12
-21
-11
-5
-6
1
1
-3
3
0
-15
-24
-17
-18
-10
-4
-16
-9
-8
-10
-6
-8
0
20
33
32
33
42
38
33
28
5
-12
0
8
2
-5
-15
-22
-21
-24
-28
-23
-20
-20
-16
-13
-13
-11
-8
-5
-1
3
5
5
7
7
9
10
8
14
18
17
15
12
12
12
5
3
5
3
0
-2
-6
-6
-6
-12
-18
-17
-17
-14
-10
-8
-4
1
7
10
10
10
10
6
3
1
-1
-5
-6
-5
-5
-4
-4
0
4
4
6
5
5
1
-2
0
0
0
0
0
-1
0
2
1
2
3
1
0
0
0
0
-3
-4
-3
-2
-2
-4
-6
-6
-6
-5
-4
-2
0
1
5
9
10
10
9
6
3
3
0
-3
-3
-3
-3
-2
-2
-2
-3
0
0
-1
-1
0
2
1
2
1
1
0
0
-1
-2
-2
-2
-1
-2
0
-1
-2
-2
0
0
0
0
0
-1
-1
-1
-1
0
0
2
1
2
3
2
2
2
3
2
1
1
0
0
0
0
-2
-2
-1
-1
0
0
-1
0
1
0
0
0
0
0
1
0
0
0
0
-1
0
0
-1
-2
-1
0
1
0
0
1
2
1
0
0
0
-2
-2
0
1
2
0
2
0
0
0
0
1
0
-1
-1
-2
0
-1
0
1
0
-1
-1
0
-1
0
0
1
0
-1
-1
0
0
0
2
0
0
1
0
0
0
0
1
0
0
-1
0
0
0
0
1
1
0
0
-1
0
0
-1
0
0
0
0
1
0
0
0
0
-1
0
0
0
-1
0
0
0
-1
0
0
0
0
0
1
1
0
1
1
0
0
0
0
0
-1
0
-1
0
0
0
0
0
0
0
0
-1
0
0
-1
-1
0
0
1
1
1
0
1
0
0
0
0
0
0
0
0
0
0
0
1
-1
0
0
0
0
0
1
0
0
0
0
0
-1
-1
0
0
-1
0
1
0
0
0
0
0
0
0
0
0
0
0
0
0
0
0
0
-1
1
1
0
1
1
0
0
0
0
0
0
0
0
0
0
-1
-1
-1
0
0
0
0
0
0
0
0
1
0
1
0
0
0
0
0
0
-1
-1
0
0
0
0
0
-1
0
0
0
1
1
0
0
0
-1
-1
0
1
0
1
1
1
0
0
0
0
0
0
0
0
0
-1
-1
0
1
0
0
0
0
0
0
0
0
0
0
0
0
0
0
0
-1
-1
0
1
0
0
0
0
0
0
0
1
0
0
1
0
0
0
0
0
0
0
0
0
0
0
0
0
0
0
0
0
0
1
0
-1
-1
-1
0
