0
0
0
0
0
0
0
0
0
0
0
0
0
0
0
0
0
0
0
0
0
0
0
0
0
0
0
0
0
0
0
0
0
0
0
0
0
0
0
0
0
0
0
0
0
0
0
0
0
0
0
0
0
0
0
0
0
0
0
0
0
0
0
0
0
0
0
0
0
0
0
0
0
0
0
0
0
0
0
0
0
0
0
0
0
0
0
0
0
0
0
0
0
0
0
0
0
0
0
0
0
0
0
0
0
0
0
0
0
0
0
0
0
0
0
0
0
0
0
0
0
0
0
0
0
0
0
0
0
0
0
0
0
0
0
0
0
0
0
0
0
0
0
0
0
0
0
0
0
0
0
0
0
0
0
0
0
0
0
0
0
0
0
0
0
0
0
0
0
0
0
0
0
0
0
0
0
0
0
0
0
0
0
0
0
0
0
0
0
0
0
0
0
0
0
0
0
0
0
0
0
0
0
0
0
0
0
0
0
0
0
0
0
0
0
0
0
0
0
0
0
0
0
0
0
0
0
0
0
0
0
0
0
0
0
0
0
0
0
0
0
0
0
0
0
0
0
0
0
0
0
0
0
0
0
0
0
0
0
0
0
0
0
0
0
0
0
0
0
0
0
0
0
0
0
0
0
0
0
0
0
0
0
0
0
0
0
0
0
0
0
0
0
0
0
0
0
0
0
0
0
0
0
0
0
0
0
0
0
0
0
0
0
0
0
0
0
0
0
0
0
0
0
0
0
0
0
0
0
0
0
0
0
0
0
0
0
0
0
0
0
0
0
0
0
0
0
0
0
0
0
0
0
0
0
0
0
0
0
0
0
0
0
0
0
0
0
0
0
0
0
0
0
0
0
0
0
0
0
0
0
0
0
0
0
0
0
0
0
0
0
0
0
0
0
0
0
0
0
0
0
0
0
0
0
0
0
0
0
0
0
0
0
0
0
0
0
0
0
0
0
0
0
0
0
0
0
0
0
1
2
2
1
2
3
2
0
-1
-1
0
0
-2
-1
-2
-3
-3
-3
-4
-5
-5
-2
-1
-2
-1
0
0
1
2
2
3
3
5
5
3
3
5
6
4
4
3
2
2
1
1
-2
-3
-3
-3
-4
-5
-5
-4
-3
-5
-5
-3
-5
-3
-4
-3
-2
-2
-2
0
1
1
1
2
3
5
7
6
5
7
7
6
4
3
3
3
1
0
0
-2
-1
-4
-5
-5
-5
-5
-4
-2
-3
-3
-2
-2
-1
0
1
1
2
3
1
2
3
1
1
2
0
1
0
1
1
0
0
0
0
0
0
0
0
1
0
0
0
0
1
0
1
0
0
0
-1
0
0
0
-3
-1
-1
-1
0
-1
-2
-1
-1
-1
0
0
0
1
1
0
0
1
1
1
0
1
1
0
1
1
2
2
0
0
0
0
0
0
0
0
0
0
0
0
0
0
0
-1
-2
0
-1
-2
-1
0
0
0
0
0
0
0
1
0
0
1
0
1
1
1
0
0
0
0
0
-1
0
1
0
0
0
0
0
0
0
0
0
0
-1
0
0
0
0
0
0
0
0
0
0
0
0
-1
0
0
1
0
1
0
0
0
0
0
0
0
0
0
0
0
0
0
0
-1
0
0
0
0
0
0
0
0
-1
0
0
0
0
0
0
0
0
0
0
0
0
0
0
0
0
0
0
0
0
0
0
0
0
0
0
0
0
0
0
0
0
0
-1
0
0
0
0
1
0
0
-1
0
0
-1
0
0
0
0
0
0
0
0
0
0
0
0
0
0
0
0
0
1
0
0
0
0
0
1
0
-1
0
0
-1
0
0
0
-1
-1
0
0
0
0
0
0
-1
0
0
0
0
0
-1
0
0
0
0
0
-1
0
0
0
0
1
0
0
0
0
0
0
1
0
0
1
0
0
0
0
1
0
0
0
0
1
0
0
0
0
0
-1
-1
0
0
-1
0
0
0
0
0
0
0
0
0
0
0
1
0
0
0
0
0
-1
1
0
0
1
0
0
0
-1
-1
0
0
0
0
0
1
0
0
0
0
0
0
0
0
0
0
0
0
0
-1
0
0
0
0
1
0
0
1
0
0
0
0
0
0
0
0
0
0
0
0
0
0
0
0
-1
0
0
0
0
0
0
0
0
0
0
0
0
0
0
0
0
0
0
0
0
0
0
1
0
0
0
0
0
-1
-1
-1
0
0
0
0
1
1
2
0
0
0
0
0
0
-1
-1
0
-1
-1
0
0
0
0
0
0
1
0
0
0
0
0
0
0
0
0
0
0
0
0
0
0
0
0
0
0
1
1
0
0
0
0
0
1
0
-1
0
0
0
0
0
0
0
0
-1
0
0
0
0
0
0
-1
0
0
0
0
0
0
1
0
0
0
0
0
0
0
0
0
-1
1
1
0
0
0
0
-1
0
0
0
0
-1
1
0
0
-1
0
0
0
0
0
0
0
0
0
0
0
0
0
0
0
0
0
0
0
0
0
0
0
0
0
0
0
0
0
0
0
0
0
0
0
0
0
1
0
0
0
0
0
0
1
0
0
0
0
0
-1
-1
0
0
0
1
0
0
0
0
0
0
0
0
0
-1
0
0
0
0
0
0
0
0
0
0
0
-1
1
0
0
0
1
0
0
0
0
0
0
0
0
-1
0
0
0
0
0
0
0
1
0
0
0
0
0
0
0
0
0
0
0
0
0
0
0
0
0
0
-1
0
0
1
0
0
0
0
0
0
1
1
0
-1
0
0
0
0
0
0
0
0
1
1
0
0
0
0
0
0
0
-1
-1
0
0
0
0
-1
0
0
0
-1
0
0
-1
0
0
0
0
1
0
0
0
0
-1
0
0
0
1
0
0
0
0
0
0
-1
0
0
0
0
0
0
0
0
0
0
0
-1
0
0
0
1
0
0
0
0
0
0
0
0
0
0
0
0
0
0
0
0
0
0
0
0
0
0
0
0
0
-1
0
0
0
0
0
1
1
0
0
1
0
0
0
0
0
0
0
1
1
0
-1
0
0
-1
0
0
-1
0
-1
-1
0
0
0
0
0
0
0
0
0
0
0
0
0
1
1
0
0
0
0
0
0
0
0
0
-1
0
0
0
0
0
0
-1
0
0
0
0
0
0
-1
0
1
-1
0
0
0
-1
0
0
0
-1
0
0
0
-1
-1
0
0
0
0
1
0
1
1
0
0
0
1
1
0
0
0
0
0
0
0
0
0
0
0
0
-1
0
0
0
0
0
0
-1
0
0
0
0
0
0
0
0
0
-1
0
0
0
0
0
1
0
0
0
0
0
0
0
0
0
0
0
0
-1
0
0
0
0
0
0
0
0
0
0
0
0
0
0
0
0
0
2
0
0
0
0
0
0
0
0
0
0
0
0
0
0
0
0
0
0
0
0
0
0
0
0
0
0
0
0
0
0
0
0
1
0
0
0
0
0
1
0
0
0
0
1
1
0
0
0
0
0
0
0
0
0
0
0
0
0
0
0
0
0
0
0
0
0
0
0
-1
0
0
0
0
0
0
0
0
0
0
0
0
0
0
-1
0
0
0
1
0
0
0
1
0
0
0
0
0
0
0
0
0
0
0
0
1
0
0
0
0
0
0
0
0
0
-1
0
0
0
0
0
0
0
0
0
0
0
0
0
0
0
0
0
0
0
-1
0
0
0
0
0
0
-1
0
0
0
0
0
0
0
1
0
-1
0
0
0
0
0
1
0
0
0
0
0
0
0
0
0
0
0
0
0
1
0
0
0
0
1
1
0
0
0
0
0
0
0
0
0
0
0
0
0
-1
-1
0
0
1
0
0
1
1
0
0
0
0
0
0
0
1
0
0
0
1
0
-2
0
0
0
0
0
0
0
0
0
0
-1
0
-1
0
0
0
0
0
0
0
0
0
0
0
0
1
0
-1
0
0
0
-1
0
0
0
0
0
0
0
0
0
-1
-1
0
0
1
0
0
0
0
0
1
0
0
0
-1
0
0
-1
0
-1
0
0
-1
0
0
0
1
1
0
0
0
0
-1
0
0
0
0
0
0
0
0
0
0
0
0
0
0
0
0
0
0
1
1
0
0
1
0
0
0
0
0
0
0
0
0
0
0
0
0
0
0
0
0
0
-1
-1
0
0
0
0
0
-1
0
0
0
0
0
0
0
0
0
0
0
1
0
0
0
1
0
0
0
0
1
0
0
0
0
0
0
0
0
0
0
0
0
0
-1
0
0
1
0
0
-1
0
0
0
0
0
-1
0
-1
0
0
0
-1
0
0
0
1
0
1
0
0
1
0
0
0
0
0
0
0
0
0
-1
0
0
0
0
0
0
0
0
-1
0
0
0
0
1
0
0
0
0
1
0
0
1
-1
0
0
0
0
-1
0
0
0
0
0
0
-1
0
0
0
0
0
0
0
0
-1
0
0
1
0
0
1
0
0
0
0
0
0
0
0
0
0
0
0
0
0
0
0
0
1
0
0
0
0
0
0
1
0
0
0
0
-1
0
0
0
1
0
0
0
0
0
0
0
1
1
0
0
0
1
0
0
0
0
0
-1
0
0
0
0
0
0
0
0
0
1
0
0
0
-2
0
0
0
0
1
1
0
0
0
0
0
0
0
0
-1
0
0
0
0
0
0
0
0
0
0
0
0
0
0
0
0
1
1
0
0
0
0
0
0
0
0
0
0
0
0
1
0
0
0
-1
0
0
0
0
0
0
0
1
0
0
0
0
0
0
0
0
1
0
0
0
0
0
0
1
0
0
1
0
0
0
0
-1
0
0
0
0
0
0
-1
0
0
0
0
0
0
-1
0
-1
-1
0
0
1
0
0
0
0
0
0
0
0
0
0
0
0
0
0
0
0
0
0
0
0
0
0
0
0
0
0
0
0
0
0
1
0
0
0
0
0
-1
0
0
0
0
0
0
1
0
0
-1
-1
0
0
0
0
0
0
0
0
0
0
0
0
0
0
0
0
0
0
0
0
0
0
0
0
0
-1
0
0
0
0
0
0
-1
0
0
0
0
0
0
0
0
0
0
0
0
0
0
0
0
0
0
0
0
0
0
0
0
0
0
1
1
0
0
0
0
0
0
0
0
0
1
0
0
0
0
-1
0
0
0
-1
-1
-1
-1
0
0
0
0
0
-1
0
0
0
0
0
-1
0
1
0
0
1
1
0
0
0
0
0
0
0
1
1
0
-1
0
0
0
0
0
1
0
0
1
0
0
0
0
-1
-2
0
2
1
0
0
-2
-1
0
1
-1
-1
-2
-1
0
2
1
0
-3
-2
0
2
1
-1
-2
-1
3
4
2
0
-3
-2
4
4
2
-3
-7
-1
4
5
2
-4
-4
0
6
6
0
-6
-5
0
4
3
-1
-6
-4
1
3
3
-1
-5
-1
2
5
3
-2
-6
-3
2
6
3
-1
-5
-4
2
5
4
-2
-7
-4
2
6
3
-3
-4
-2
5
6
1
-5
-7
0
4
5
-2
-6
-5
0
5
3
-2
-4
-2
2
3
0
-2
-2
0
2
2
0
0
0
0
0
1
-1
0
0
0
0
0
1
1
0
-1
-1
-1
0
2
1
0
-3
0
1
2
0
0
-1
0
2
4
1
-1
-2
0
2
0
0
-3
-2
0
1
1
0
-2
-2
0
0
0
0
0
-1
0
0
0
0
0
0
0
0
0
0
0
0
0
0
0
-1
0
0
0
0
0
1
0
0
0
0
0
1
0
0
0
0
1
1
0
-1
0
0
0
0
0
-1
0
0
0
0
0
-1
-1
-1
0
1
0
-1
0
-1
1
0
0
0
0
0
0
0
0
0
-1
0
0
1
0
0
0
0
-1
0
0
-1
0
0
0
0
-1
-1
0
0
0
0
0
0
0
0
0
0
0
0
0
0
0
0
0
0
0
1
0
0
0
0
0
0
0
0
0
0
0
1
0
0
0
0
-1
-1
0
0
0
0
0
0
0
0
0
0
0
-1
-1
0
-1
0
0
0
0
0
0
1
0
0
0
0
0
0
-1
0
0
0
0
0
0
-1
-1
0
1
1
0
0
0
-2
0
0
0
0
0
0
0
0
0
0
0
-1
0
0
0
0
-1
0
0
2
2
0
-2
-1
1
2
3
1
-2
-1
0
1
0
0
0
-3
-2
-2
0
1
0
-3
-6
-4
0
7
7
-3
-8
-1
10
9
0
-6
-3
2
4
0
-14
-12
-1
3
2
3
10
8
0
-9
-9
0
7
11
5
-4
-11
8
20
21
7
-35
-81
-96
48
207
185
-16
-193
-119
32
120
15
-125
-149
-87
68
114
123
5
-103
-42
1
81
20
18
44
-51
-42
-35
75
52
-101
-103
-35
130
87
-57
-87
-12
125
93
-5
-81
-56
24
50
9
-62
-71
-45
-1
-13
-30
-20
11
54
31
8
13
49
67
20
-5
21
41
6
-62
-49
19
41
2
-55
-30
11
28
0
-35
-30
-2
28
6
-22
-37
-13
17
9
4
-4
4
10
13
25
16
2
-17
-15
13
17
6
-17
-23
-14
0
13
7
-2
-5
10
17
4
-9
-7
5
3
-8
-17
-7
3
-1
-15
-22
-7
11
16
2
1
8
7
0
-6
1
0
-1
0
4
8
-1
3
6
16
8
-11
-8
-8
7
6
4
6
-3
4
-4
-6
-5
-4
6
1
-5
-9
-2
7
10
0
-9
-13
-4
5
0
-3
-8
-1
4
1
0
-2
5
8
0
-2
-5
-1
3
1
0
2
5
3
3
2
2
1
3
4
3
1
-1
2
2
-2
-8
-7
0
-4
-7
-10
-3
1
0
-2
-4
-1
0
0
2
1
2
5
6
5
4
2
3
3
0
-1
-1
0
1
0
-1
-2
-1
-1
0
-1
-3
-2
-1
0
-1
-2
0
0
0
2
2
0
0
0
0
0
0
0
-1
-2
0
1
2
0
0
0
0
2
1
1
-1
1
4
3
0
-1
-1
-1
0
0
0
0
0
0
-1
-1
-1
-2
-1
-1
0
0
0
0
0
1
0
1
0
0
0
0
0
2
1
1
1
0
0
0
0
-1
0
0
-1
0
-1
-1
0
0
0
0
-1
0
0
0
-1
0
0
0
0
-2
-1
0
1
0
0
0
1
1
2
-1
-1
0
1
1
0
-2
0
1
0
0
0
0
1
0
0
-1
0
0
0
0
0
1
1
0
0
0
0
0
-1
0
0
-1
-1
0
2
1
0
1
0
-1
-1
0
-1
0
0
0
2
0
-1
0
0
0
0
1
1
2
0
0
0
0
0
0
0
0
0
0
0
0
0
0
-1
-1
0
0
1
0
0
0
0
0
0
0
0
0
0
0
0
0
0
0
0
-1
0
1
0
0
0
0
0
0
0
0
0
0
0
0
0
0
0
0
0
0
0
1
0
0
0
0
0
0
0
0
0
1
0
0
0
0
0
0
0
0
0
0
0
0
0
0
0
0
0
0
0
1
1
0
0
0
0
0
0
0
0
0
0
0
0
0
-1
0
-2
-2
0
0
0
0
0
1
0
0
1
0
0
0
0
0
0
1
0
0
0
0
0
1
0
0
0
0
0
1
0
0
0
0
0
0
0
0
0
0
0
0
0
0
0
0
0
0
0
0
0
0
0
0
0
0
0
0
-1
0
0
0
0
0
0
0
0
0
0
0
0
0
0
0
0
0
1
0
0
0
0
0
0
0
0
0
0
0
0
0
0
0
0
0
0
0
0
0
0
0
0
0
0
0
-1
-1
0
0
0
0
0
0
0
0
-1
0
0
0
0
0
0
0
0
1
0
0
0
0
0
0
0
0
0
0
0
0
0
0
0
0
0
0
0
0
0
0
0
0
0
0
0
0
0
0
0
0
0
-1
0
0
0
0
1
0
0
0
0
0
0
0
0
0
0
0
0
0
0
0
0
0
0
0
0
0
0
0
0
0
0
0
0
0
0
0
0
0
0
0
0
0
0
0
0
0
0
0
0
-1
0
0
1
0
0
0
0
0
0
0
0
0
0
0
0
0
0
0
0
-1
0
0
0
0
0
0
0
0
0
-1
0
1
0
0
0
0
0
0
0
0
-1
0
0
-1
0
1
0
0
0
-1
0
0
0
0
0
0
0
0
0
0
0
0
0
0
0
0
1
0
0
0
0
0
0
0
0
0
0
0
0
0
0
0
0
0
0
1
0
0
0
0
0
0
0
0
0
0
-1
0
0
0
1
0
0
0
0
0
0
0
1
0
0
0
0
1
0
-1
0
1
0
0
0
0
0
1
0
0
0
0
1
0
-1
0
0
0
0
0
0
-1
0
1
0
0
0
0
-1
0
0
0
0
0
1
0
0
0
0
0
0
0
0
0
0
0
0
0
0
0
0
-1
0
0
0
0
0
0
0
0
0
0
-1
0
0
0
0
0
0
0
0
0
0
0
0
0
0
0
0
0
0
0
0
0
0
0
0
0
0
0
-1
0
0
0
0
0
0
0
0
0
0
0
1
0
0
-1
0
0
0
1
1
0
0
0
0
1
2
1
0
0
0
0
0
0
-1
-1
0
0
0
-1
-1
0
0
0
0
0
0
0
0
1
2
0
0
0
0
0
0
0
0
-1
0
0
0
0
0
-1
-1
0
1
0
0
0
0
1
0
1
1
0
-1
0
0
0
0
0
0
0
0
0
0
0
0
-1
-2
0
1
1
0
0
0
1
2
0
1
0
0
0
0
1
0
0
0
0
0
0
0
0
0
0
-1
-1
0
0
0
-1
0
0
0
0
0
0
0
1
0
0
0
0
0
0
0
0
-1
0
0
-1
0
0
0
-1
0
1
0
-1
0
1
0
0
0
0
0
1
2
1
0
0
1
0
0
0
0
0
0
-1
0
0
0
0
0
0
0
0
0
1
0
0
0
0
-2
0
1
0
0
0
0
0
0
0
0
0
0
0
0
0
0
1
0
0
0
0
0
0
0
0
0
0
-1
0
0
0
0
0
0
0
0
-1
-1
0
0
0
0
0
0
-1
0
0
0
1
0
0
0
1
0
0
0
0
0
0
0
0
0
0
1
1
-1
0
0
0
0
0
0
0
0
0
-1
0
0
0
0
0
0
-1
-1
0
0
0
0
0
0
0
0
0
0
0
0
0
0
0
0
0
1
0
0
0
0
0
0
0
0
0
0
0
0
0
0
0
0
0
-1
0
1
0
0
0
-1
0
-1
0
0
-1
0
0
1
0
0
0
0
0
0
0
0
0
1
0
0
1
0
0
0
0
0
0
0
0
0
0
0
0
-1
0
0
0
0
-1
-1
0
0
2
0
0
-1
0
0
0
0
0
0
0
-1
0
0
0
0
0
0
0
0
0
0
0
0
0
0
0
0
0
1
0
0
0
0
0
0
0
0
0
1
0
-1
-1
-1
0
0
-1
0
0
0
1
1
0
0
0
0
0
0
0
0
0
-1
0
1
0
0
0
1
1
0
0
0
0
0
0
0
0
0
0
1
0
0
0
0
0
0
0
0
0
-1
0
0
0
0
0
-1
-1
0
0
-1
0
0
0
0
0
0
0
1
0
0
0
0
0
1
0
-1
0
0
1
1
0
0
0
0
0
0
0
0
0
0
1
0
0
1
0
0
0
0
-1
0
-1
0
0
0
0
0
0
0
0
0
0
0
0
0
0
0
0
0
0
0
0
0
0
0
0
0
0
1
0
0
0
0
0
0
0
0
-1
0
0
0
0
0
0
0
1
0
0
0
0
0
0
0
0
0
0
0
0
0
0
0
0
0
0
0
0
0
1
0
1
0
0
0
0
0
0
0
0
0
0
0
0
0
0
-1
0
-1
0
0
0
0
0
0
0
0
0
1
0
1
2
0
0
0
0
0
-1
-2
0
0
0
0
0
0
0
-1
0
1
0
1
0
0
1
0
0
0
0
1
0
0
0
0
0
0
0
-1
0
0
0
0
0
1
0
0
0
0
0
0
0
0
0
1
0
0
0
0
0
0
0
0
0
1
0
0
0
0
0
0
0
0
0
0
0
0
0
0
0
0
0
0
0
1
0
0
0
0
0
0
-1
0
0
0
-1
-1
0
0
0
1
0
0
0
0
0
1
1
0
0
0
0
0
-1
-1
-1
0
0
1
0
-1
0
0
1
0
0
0
0
0
0
0
0
0
0
0
0
1
1
0
0
0
0
1
0
0
0
0
0
0
0
0
0
0
0
0
0
0
0
0
0
0
-1
0
0
0
0
1
0
0
1
0
0
0
0
0
0
-1
0
0
0
0
0
0
0
0
0
0
1
0
-1
0
0
0
-1
0
0
0
1
1
0
0
0
0
0
0
0
1
0
0
0
0
0
0
0
0
0
-2
0
0
0
0
-1
0
-1
0
0
0
0
0
0
0
0
0
0
1
0
0
1
0
0
1
0
1
0
0
1
0
0
0
0
0
-1
0
0
0
0
0
0
0
-1
0
0
0
0
0
0
0
0
-1
0
0
0
0
0
0
-1
0
0
0
-1
0
0
0
0
0
0
0
1
0
0
0
0
0
0
0
1
0
0
0
0
-1
-1
0
0
0
0
0
0
0
0
0
0
0
0
0
0
0
-1
0
0
1
0
0
0
0
1
0
0
0
0
0
0
0
-1
0
0
0
0
0
0
0
0
0
0
0
0
0
0
0
0
1
1
0
0
0
0
0
0
0
0
0
0
0
0
1
0
0
0
0
0
0
0
-1
-1
0
0
0
0
0
0
0
0
0
0
0
0
0
0
0
0
0
0
0
0
0
0
0
0
0
-1
0
0
0
0
0
0
0
0
0
0
0
0
-1
0
0
0
0
0
0
0
0
1
0
0
1
1
0
0
1
1
1
1
2
1
-1
0
0
1
0
-1
0
-1
-1
-1
-1
0
0
-2
-2
0
0
-1
-1
-1
0
0
-2
-1
-1
-1
0
0
-1
-1
0
-1
0
1
1
1
1
2
3
3
3
4
3
3
3
2
3
2
1
0
0
0
-1
0
0
0
-1
-2
-2
-3
-3
-2
-3
-3
-2
-2
-2
-2
0
-1
-1
0
0
0
-1
0
1
0
0
0
1
2
1
1
2
0
0
1
1
0
1
0
1
0
0
0
0
0
0
-2
0
0
0
0
0
-1
-1
-1
-1
0
0
-2
0
0
0
0
0
0
0
1
0
0
1
0
0
1
0
1
1
0
0
0
0
0
0
0
0
0
0
0
0
0
0
0
-1
-1
0
0
0
0
0
0
0
0
0
0
-1
-1
0
0
0
0
1
0
1
1
0
0
0
-1
0
0
0
0
0
0
0
1
0
0
0
-2
-1
0
0
0
0
0
1
0
1
0
0
0
0
0
0
-1
-1
0
0
0
0
0
0
0
0
0
0
0
0
0
0
0
1
0
0
1
0
1
1
-1
0
0
0
0
0
0
0
1
0
0
0
0
0
0
0
0
0
0
0
0
0
0
0
0
1
0
0
0
0
0
0
0
0
-1
0
0
0
0
0
0
0
0
0
0
0
0
0
0
0
0
0
0
0
0
0
0
0
0
0
0
-1
0
0
0
0
0
-1
0
0
0
0
0
0
0
0
0
0
0
0
0
0
0
-1
0
0
0
0
0
0
0
0
1
1
0
0
1
0
-1
0
0
0
1
1
0
0
0
-1
-1
-2
0
-1
-1
0
-1
0
0
0
0
0
0
0
0
0
0
-1
0
0
0
0
1
0
0
0
-1
0
-1
0
0
1
1
0
0
0
0
0
0
0
0
0
0
0
0
0
0
0
1
0
-1
1
0
0
0
-1
-1
-1
0
0
0
0
0
-1
0
0
-1
0
0
0
0
0
0
0
0
0
0
0
0
1
0
0
1
0
0
0
0
0
0
0
0
0
1
0
1
0
0
0
0
0
0
-1
0
-1
-1
0
0
0
0
0
0
1
0
0
0
0
0
0
0
1
0
0
0
0
0
0
1
0
0
0
0
0
1
0
0
0
0
0
-1
1
0
-1
0
0
1
0
0
0
0
-1
0
0
0
1
0
-1
0
0
0
-1
0
0
0
1
0
0
0
0
0
0
0
0
0
1
0
0
-2
-2
0
0
-1
0
0
0
0
0
0
0
0
0
0
0
0
-1
1
0
-1
0
0
0
0
0
0
0
0
0
0
0
0
0
0
0
0
0
0
0
0
0
1
0
0
0
0
1
-1
-1
0
0
-1
0
0
0
1
0
0
0
0
0
0
0
0
1
0
0
0
0
0
0
0
-1
1
1
1
0
-1
-1
0
0
0
0
0
0
-1
0
-1
-1
0
0
0
1
0
0
1
0
1
0
0
0
1
0
0
0
0
0
0
0
0
0
0
0
0
0
-1
-1
0
-1
0
0
0
0
0
0
0
0
0
0
0
0
-2
0
0
-1
0
-1
0
0
-1
0
1
0
0
0
0
1
0
1
1
2
2
1
2
3
1
1
1
2
0
0
1
0
-1
0
-1
0
0
-1
-1
-2
-2
-2
-1
-1
-2
-2
0
-1
-2
-1
-2
-2
-1
0
0
0
0
1
0
0
0
1
1
1
1
0
2
2
0
1
1
0
0
0
0
0
0
-1
0
0
0
0
0
0
0
0
0
0
0
0
0
-1
-1
0
0
0
-1
0
0
0
0
0
0
0
0
1
1
0
0
0
0
0
0
1
1
0
0
1
0
0
0
0
0
-1
-1
0
1
0
-1
0
1
0
0
-1
0
0
0
-1
1
0
0
0
0
0
0
0
0
-1
-1
0
1
0
0
0
2
1
0
0
0
0
0
0
0
0
1
0
0
0
0
0
0
0
0
0
-1
-1
0
0
0
0
0
0
0
0
0
0
0
0
0
0
0
0
1
0
0
0
1
0
0
0
0
0
-1
0
0
0
0
0
1
0
0
0
0
0
0
0
0
0
0
-1
-1
0
0
0
0
0
0
0
0
0
1
0
0
1
0
0
0
0
0
0
-1
0
0
0
0
0
-1
0
0
0
-1
0
0
0
0
0
1
0
0
0
0
0
0
1
2
0
1
0
0
0
0
0
0
1
-1
0
0
-1
-1
0
0
0
-1
-1
1
-1
-1
0
-1
-2
-2
-1
-3
-2
-1
0
0
0
0
0
-1
0
-1
0
1
1
2
1
2
1
1
2
2
2
1
2
2
1
0
1
0
0
0
1
0
0
0
0
0
0
0
-1
0
-1
-2
-3
-1
-2
-1
-2
-1
-1
-1
-1
-2
-2
-1
-2
-2
0
0
0
0
1
1
2
2
1
1
2
2
2
2
1
1
1
0
2
0
0
-1
0
0
-1
0
-1
-2
-2
-1
0
-1
-1
0
0
0
-1
0
0
0
0
0
0
0
1
-1
0
1
1
1
1
0
1
0
0
0
0
0
1
0
0
0
1
0
0
0
-1
-1
0
0
0
-1
0
0
-1
0
0
0
0
-1
-1
0
0
-1
0
0
0
0
1
1
0
0
0
0
1
0
0
0
0
0
0
0
0
-2
0
0
-1
1
0
0
-1
0
0
0
0
0
0
-1
0
1
0
0
0
1
0
-1
0
0
0
0
0
0
0
0
0
0
-1
0
0
0
0
0
0
0
0
0
0
0
0
0
0
0
0
0
0
0
0
0
0
0
0
0
0
0
0
0
0
0
0
0
0
0
0
0
0
0
0
0
0
0
0
0
0
0
0
-1
0
0
1
0
0
0
0
0
0
-1
0
0
-1
0
0
0
0
0
0
0
0
0
0
0
0
0
0
0
0
0
0
0
0
0
-1
-1
0
1
0
-1
0
0
0
0
0
1
0
0
0
-1
0
0
0
0
0
0
0
1
0
0
0
0
0
1
0
0
0
0
0
0
0
1
0
0
0
-1
0
0
0
0
0
0
0
0
0
0
0
0
0
0
-1
1
0
0
0
0
0
0
0
0
0
0
0
0
0
0
1
0
0
1
0
0
0
1
0
0
0
0
0
0
0
0
0
0
-1
0
-1
0
0
0
0
-1
0
-1
0
0
0
0
0
0
0
0
1
1
0
0
0
1
1
1
0
-1
0
0
0
-1
0
0
-2
0
1
0
0
1
0
0
0
0
0
0
0
1
0
0
0
-1
0
0
0
0
0
-1
0
0
0
0
0
0
0
1
0
0
1
0
0
0
0
0
0
0
0
0
0
0
0
0
0
0
0
0
0
0
0
1
1
-1
0
1
0
0
0
0
0
0
0
0
-1
0
0
0
0
-1
0
-1
-1
0
-1
0
0
0
0
0
0
0
0
0
0
0
-1
0
0
0
0
0
0
0
1
0
0
1
0
0
1
1
0
0
0
0
0
0
0
0
0
1
0
0
0
0
1
0
-1
0
0
0
0
-1
0
0
0
0
0
-1
0
0
0
-1
0
0
-1
0
0
1
0
0
1
0
0
1
0
0
0
0
0
0
0
1
1
0
0
0
0
0
0
0
1
0
0
0
0
0
0
-1
0
0
0
-1
0
0
-2
0
0
-1
0
0
0
0
1
0
0
0
0
0
0
0
0
0
0
0
0
0
0
0
0
1
0
0
0
0
0
-1
-1
0
0
0
0
0
0
0
0
0
0
0
0
0
0
0
0
-1
0
0
1
0
0
0
0
0
0
0
0
0
0
0
0
-1
0
0
0
0
-1
0
0
0
0
0
0
0
0
0
-1
0
0
-1
-1
0
1
0
0
0
0
1
1
-2
0
0
0
-1
0
0
0
0
-1
1
1
0
0
0
0
0
0
-1
0
1
0
0
0
0
0
0
0
-1
0
-1
0
0
0
0
0
0
0
0
0
0
0
0
0
0
0
-1
0
0
0
0
0
0
0
0
0
0
0
0
0
0
-1
0
0
0
0
0
0
-1
0
0
0
0
0
-1
-1
0
0
0
0
0
1
1
0
0
0
0
0
0
0
0
0
1
2
1
0
0
0
0
-1
-1
-1
-1
-1
-1
0
0
0
0
-1
-1
0
0
1
0
1
1
0
0
0
0
1
1
0
2
1
0
0
0
0
0
0
-1
-1
-1
-1
-1
-1
-1
0
-1
0
1
0
0
0
0
0
0
0
0
1
2
0
0
0
0
0
0
0
0
0
0
0
0
0
0
0
0
-2
0
0
1
0
0
0
1
0
1
0
0
0
0
0
0
0
0
0
0
0
0
0
0
0
0
0
0
0
-1
0
0
1
0
0
0
0
0
-1
0
0
0
0
0
0
0
0
0
-1
0
0
0
0
0
0
0
0
0
0
-1
0
1
0
0
0
1
0
0
0
1
1
0
0
0
0
0
0
0
0
0
0
0
0
1
0
0
-1
-1
-1
-1
0
-1
0
0
0
0
0
1
0
-1
0
0
0
0
0
0
1
0
-1
1
1
0
0
0
0
0
0
0
0
0
-1
-1
0
0
0
0
0
0
1
0
0
0
0
0
0
0
0
0
0
1
0
0
0
0
0
0
0
0
-1
-1
-1
0
0
0
0
0
1
0
0
0
0
0
0
0
1
0
0
1
0
0
0
0
0
0
0
0
0
-1
-1
0
0
0
0
0
0
0
0
0
0
0
0
0
0
0
0
-1
-1
0
0
0
0
0
0
0
0
0
0
0
0
1
0
0
1
0
0
0
0
0
0
0
0
0
0
0
0
0
0
0
0
0
0
0
0
0
0
0
0
0
0
-1
0
0
-1
0
0
0
0
0
0
0
0
0
0
0
0
0
0
1
0
0
0
-1
0
0
0
0
0
0
0
0
0
0
0
0
0
0
0
0
0
1
0
0
0
-1
0
0
1
1
0
1
0
0
0
-1
0
-1
0
0
1
0
0
0
0
0
1
0
0
0
0
0
0
0
0
0
0
0
0
0
0
0
0
0
0
-1
0
0
0
0
0
0
-1
0
0
0
0
2
0
1
1
0
0
0
0
0
-1
0
1
0
0
0
-1
0
1
-1
0
0
0
0
0
0
0
0
0
0
1
1
0
-1
-1
0
0
0
0
0
0
1
0
0
0
-1
-1
0
0
-1
0
-1
0
0
-1
0
1
0
0
1
0
1
1
0
0
1
2
0
0
0
0
0
1
0
-2
0
0
0
-1
0
0
-1
-1
0
0
0
0
0
0
0
0
0
0
0
0
0
0
1
1
0
0
1
-1
0
0
1
0
-1
0
0
0
0
0
0
0
0
0
0
-1
0
0
0
-1
0
0
0
0
0
0
0
0
0
0
0
1
0
0
0
0
1
-1
-1
0
0
0
0
0
0
0
0
0
-2
-1
0
0
0
0
0
0
0
0
-1
0
0
1
0
0
0
1
0
0
0
0
0
0
0
0
0
1
0
0
0
0
0
0
1
0
0
0
0
0
0
1
0
0
0
0
0
0
-1
0
-2
0
0
0
0
-1
0
0
0
0
0
0
1
0
0
0
0
0
0
0
1
0
0
0
0
0
0
0
0
0
0
1
0
0
0
0
0
0
0
-1
0
0
0
0
0
0
-2
0
0
0
0
-1
-1
1
0
0
0
0
1
0
1
1
1
1
1
1
1
1
0
0
1
1
0
0
0
0
0
0
0
-1
0
0
0
0
-1
-1
0
-1
-1
-2
0
0
-1
-1
-2
0
-1
0
0
0
0
0
0
0
1
0
0
0
0
1
0
1
0
1
1
0
0
1
0
1
0
1
0
0
0
-1
0
0
0
0
0
-1
0
-1
0
-1
-1
0
0
0
0
0
0
0
0
0
0
0
0
0
0
0
0
0
1
0
0
0
0
0
1
1
0
0
0
0
0
0
-1
0
0
0
1
0
-1
0
0
0
0
-1
0
0
0
0
-1
0
0
0
1
-1
0
0
0
1
0
2
1
-2
0
1
2
0
0
0
0
0
0
1
-1
-3
-1
5
5
-1
-14
-11
11
25
2
-25
-26
1
33
25
-18
-37
-5
23
27
-5
-21
-4
8
9
0
-8
-5
6
15
-9
-13
-5
0
12
11
5
-8
-9
-18
-11
36
82
0
-137
-79
72
157
75
-160
-187
52
197
64
-37
-106
-86
56
116
48
-69
-85
-33
59
37
3
-47
-67
32
86
-145
-43
170
20
-89
-74
-9
90
159
-85
-119
-21
115
142
-117
-74
56
32
22
-1
-106
47
-35
-65
264
-75
-386
125
349
-263
57
-14
-195
201
145
-197
-93
199
-74
285
-426
-101
552
-129
-435
457
106
-656
454
212
-272
87
-196
57
319
-182
-19
-261
40
433
60
-782
-61
904
-173
-322
-184
128
107
231
-21
-254
11
-282
706
-324
-124
667
-933
-335
939
489
-1094
40
460
-277
509
-350
-128
255
-163
7
283
-369
-179
658
-637
187
706
-869
-419
1030
-318
-426
1146
-498
-1131
630
665
-18
-409
-561
55
1016
-240
-858
288
512
196
-624
-229
898
125
-827
194
78
-257
392
734
-1870
171
1870
-1145
-279
908
-640
648
-473
-279
209
799
-835
-930
1491
34
-508
-597
-134
552
828
-628
-511
176
-85
496
-295
47
-491
-251
1406
-400
-474
345
994
-212
-1241
157
394
579
-797
-677
503
609
192
-255
-57
-382
259
91
-24
-155
-573
-69
673
-466
-438
0
-25
1047
531
-776
-368
859
512
-389
-437
-294
741
539
-521
-697
145
479
-904
-73
88
-365
566
308
-443
-367
315
426
601
-137
-723
-173
17
529
-66
-612
206
495
222
264
-465
-413
430
521
-538
-1084
515
903
72
-344
-1073
-11
1112
304
-653
-436
-205
520
163
-566
107
-21
-370
-9
563
91
-449
76
20
207
253
298
260
-30
12
227
747
-3
-424
-261
-628
-52
330
-269
-730
-1086
-512
290
247
55
-375
-430
109
554
941
720
412
287
428
831
851
295
87
1
-208
112
-124
-526
-959
-1379
-1297
-1227
-1150
-1322
-1391
-944
-270
116
886
1860
1999
1938
1795
2197
2249
1859
1749
1860
1922
880
-878
-1832
-1945
-2598
-3455
-4017
-3952
-3397
-2381
-958
17
592
980
1175
1299
1908
1611
860
1284
1793
1587
1508
1811
2041
1837
2550
3778
2908
602
-1224
-2564
-3576
-3774
-4010
-4559
-4636
-3622
-2121
24
1899
2330
1951
1477
1731
1594
638
47
-955
-1448
-479
614
1478
1841
1990
3119
5240
5885
4156
1495
-1118
-3530
-4681
-4671
-4965
-5872
-5987
-4601
-2322
807
3395
4151
3333
2004
2024
1808
999
-158
-1918
-2385
-1394
473
1547
1799
2409
4216
5723
4950
2894
368
-2593
-4694
-5357
-5258
-5469
-5672
-4824
-3154
-469
2760
5032
5447
3958
2721
1637
412
-216
-1605
-2695
-2158
-453
863
1746
2892
4709
5848
5039
2894
379
-2521
-4731
-5309
-5543
-5959
-5903
-5129
-3272
-606
2050
4626
5883
5078
3600
2256
550
-824
-2502
-3853
-3482
-1861
-293
1287
3106
5126
7612
7944
5725
2707
-737
-4273
-6282
-6620
-7085
-7144
-6069
-4414
-1778
1403
4073
6190
6321
4720
3066
436
-1797
-3175
-4500
-4541
-2815
-738
864
2744
4797
7383
8459
6847
3805
169
-3946
-6527
-6979
-7136
-6421
-5158
-3815
-1677
1544
4339
6421
7157
5349
3084
-27
-2809
-4307
-5532
-5396
-3726
-1248
1008
3539
5745
8273
10011
8781
5524
947
-4234
-8456
-9458
-9399
-8504
-6141
-3615
-1010
2164
5088
6855
8047
6849
3824
245
-3574
-5634
-6769
-6533
-4439
-1188
1998
4162
5847
7621
9482
8837
6142
2335
-2474
-7196
-9746
-9910
-9019
-6725
-3685
-1016
1496
4102
5607
6676
6756
4805
2280
-1418
-4377
-6106
-6593
-5207
-2277
1011
3393
5151
6201
7954
8625
6891
4081
173
-4649
-8681
-10235
-10286
-8759
-5643
-2115
1169
4013
5996
6909
7039
5302
3008
-238
-3908
-6119
-7706
-7103
-3929
305
3768
6434
7489
8349
9059
6873
3952
196
-4128
-8369
-10519
-10532
-9098
-6002
-2325
1253
4047
6044
6314
6366
5238
2738
404
-3282
-5543
-6826
-6830
-4734
-592
3314
5512
7271
7502
8393
8249
6112
2545
-1317
-5929
-10557
-11410
-11382
-9144
-4949
-738
3069
6536
8362
8153
7573
4520
1543
-1975
-5712
-7517
-8416
-7063
-3688
1188
4894
7604
8853
8444
9071
7402
4186
309
-3629
-8027
-10775
-11151
-10606
-7311
-3008
1280
4966
7791
7743
6927
4905
1662
-428
-3916
-6011
-6739
-6965
-4994
-1479
2244
5451
7675
7654
7183
7486
5559
2435
-267
-3967
-7703
-9150
-9915
-9447
-5909
-2274
1659
5655
7963
7463
6183
3685
249
-2114
-5228
-6495
-6785
-6383
-3757
-416
3158
6287
8159
8114
7398
7065
5340
2251
-314
-3530
-7401
-8856
-9555
-9098
-5674
-1997
1460
5391
7645
6728
5552
2707
-862
-2660
-5439
-6436
-5699
-5048
-2215
1437
4096
6366
7780
6643
5451
5713
3858
1485
-293
-3610
-6895
-8084
-8826
-8280
-4850
-1704
1924
5982
7672
6939
5231
1868
-1812
-4039
-6792
-7515
-6067
-4791
-1538
2202
4663
6818
7804
7189
6142
6061
4651
2018
-389
-3450
-6557
-8254
-8851
-8612
-5659
-2309
1389
5210
7529
7543
5720
2874
-812
-3367
-5948
-6972
-5615
-4306
-1640
1349
3435
5195
6089
5676
4982
5093
4342
2559
538
-2294
-5045
-7195
-8219
-8108
-6107
-2914
855
4472
6938
7343
5632
3032
-332
-2878
-5206
-6442
-5487
-4369
-2166
705
2913
4614
5474
5464
4668
4448
4122
2676
840
-1397
-3696
-5793
-6875
-7339
-5835
-2948
477
4055
6205
6917
5140
2798
-504
-3527
-5435
-6699
-5035
-3146
-875
1748
3342
4549
4844
4512
3422
3045
3318
2730
1628
-314
-2371
-4668
-6136
-6691
-6202
-3833
-886
2391
4618
5500
4426
2291
-356
-2958
-4628
-5748
-4304
-2287
-260
1927
3283
4255
4336
3882
2862
2442
2791
2851
2000
397
-1168
-3331
-4816
-5502
-5579
-3895
-1408
1506
3901
4986
4189
2198
-482
-2915
-4567
-5890
-4893
-2720
-934
1387
3017
3910
4499
4061
3142
2561
2689
2879
2176
848
-508
-2270
-4245
-5157
-5513
-4302
-1942
780
3292
4590
4238
2397
35
-2306
-3816
-5106
-4865
-3011
-1246
867
2527
3337
3828
3523
2734
2159
2116
2569
2346
1369
358
-830
-2695
-3717
-4517
-4317
-2584
-495
1898
3528
3869
2637
565
-1825
-3465
-4797
-5092
-3504
-1813
54
2041
3110
3739
3720
2978
2166
1675
2220
2399
1918
1008
-58
-1858
-3220
-4157
-4476
-3080
-1315
1095
2938
3728
3104
1352
-982
-3022
-4701
-5564
-4365
-2403
-408
1628
3184
4043
4195
3404
2419
1508
1723
2067
1777
1395
703
-704
-2263
-3647
-4527
-3944
-2494
-60
2128
3563
3482
2234
-78
-2575
-4400
-5652
-4984
-3006
-756
1411
3136
3944
4160
3362
2316
1230
1120
1789
1958
1780
1273
164
-1499
-2948
-4140
-4098
-3076
-1043
1172
2900
3369
2695
758
-1743
-3764
-5439
-5436
-3839
-1505
833
2927
4070
4435
3706
2667
1434
869
1423
1772
1734
1344
818
-658
-1896
-3440
-3991
-3526
-1882
290
2057
2895
2606
1370
-1034
-3009
-4861
-5348
-4052
-1911
248
2487
3900
4352
3695
2439
1218
598
1174
1690
1873
1617
1225
-44
-1417
-2949
-3909
-3929
-2749
-943
853
2291
2573
1984
219
-1625
-3607
-4879
-4519
-2894
-1232
946
3037
4226
4483
3824
2623
1419
1204
1328
1195
1029
989
226
-794
-2087
-3106
-3478
-2883
-1528
-55
1347
1897
1640
505
-962
-2615
-3809
-3920
-2917
-1543
180
1866
3217
3934
3709
2975
1968
1716
1720
1550
1252
1025
443
-450
-1659
-2934
-3511
-3330
-2171
-766
804
1651
1822
1097
-372
-2081
-3671
-4258
-3633
-2518
-968
965
2622
3831
4082
3633
2725
2111
1859
1606
1109
925
694
105
-747
-2016
-2812
-2997
-2438
-1371
-136
781
1391
1168
206
-1227
-2777
-3648
-3467
-2645
-1411
294
1993
3327
3784
3515
2713
1938
1577
1309
877
638
616
322
-390
-1457
-2325
-2763
-2484
-1705
-560
396
1068
1277
698
-410
-1830
-3052
-3336
-2792
-1997
-581
1042
2512
3479
3696
3273
2508
1967
1612
1058
579
482
244
-164
-909
-1764
-2319
-2410
-1910
-1064
-146
574
948
759
71
-1155
-2314
-2910
-2837
-2378
-1464
-60
1414
2667
3371
3421
2927
2294
1759
1278
690
358
273
30
-553
-1388
-1971
-2175
-2035
-1478
-630
26
505
576
71
-780
-1822
-2649
-2664
-2286
-1663
-553
739
2013
2909
3211
3033
2518
2084
1747
1106
615
418
198
-50
-741
-1558
-1922
-1963
-1783
-1204
-580
-81
235
85
-474
-1241
-2003
-2288
-2004
-1599
-822
306
1560
2506
2939
3115
2806
2431
2274
1742
1197
805
430
119
-688
-1496
-1984
-2340
-2196
-1808
-1268
-590
5
271
-79
-663
-1303
-1971
-2072
-1875
-1396
-315
872
1911
2691
2941
2664
2215
1901
1577
1149
892
826
594
57
-656
-1451
-1997
-2160
-2041
-1541
-1019
-471
24
-93
-453
-897
-1540
-1718
-1576
-1309
-522
495
1506
2281
2724
2653
2088
1685
1417
894
516
413
300
81
-322
-863
-1342
-1501
-1438
-1192
-859
-437
-136
-264
-527
-900
-1361
-1543
-1394
-1117
-563
211
1091
1891
2225
2255
1984
1619
1530
1152
657
588
581
340
-171
-769
-1227
-1523
-1601
-1383
-1194
-847
-462
-617
-854
-1139
-1557
-1700
-1545
-1200
-618
254
1217
2112
2634
2739
2511
2212
2131
1646
990
741
544
203
-265
-846
-1493
-1859
-1871
-1739
-1541
-1171
-749
-694
-824
-1083
-1476
-1691
-1598
-1268
-782
72
1015
1827
2411
2540
2374
2197
2177
1864
1339
1124
973
626
97
-544
-1167
-1559
-1679
-1668
-1536
-1195
-875
-903
-1002
-1111
-1397
-1565
-1363
-1006
-572
165
1011
1669
2071
2165
1964
1822
1868
1590
1131
901
773
510
4
-532
-1019
-1297
-1353
-1372
-1255
-985
-803
-872
-1009
-1116
-1348
-1437
-1206
-920
-503
211
888
1409
1761
1862
1744
1702
1789
1541
1230
1155
1062
781
251
-356
-883
-1203
-1371
-1463
-1407
-1118
-953
-1070
-997
-1081
-1397
-1402
-1180
-919
-502
143
866
1459
1763
1827
1688
1710
1794
1450
1207
1180
1038
754
253
-289
-777
-1228
-1430
-1502
-1475
-1195
-1195
-1204
-958
-1093
-1228
-1096
-830
-455
-128
412
1074
1502
1703
1638
1503
1581
1436
974
725
691
647
432
13
-460
-855
-1046
-1108
-1149
-996
-848
-961
-928
-894
-1063
-1196
-1200
-892
-554
-157
391
851
1323
1510
1427
1510
1655
1490
1114
876
808
696
378
-16
-448
-820
-1038
-1145
-1122
-953
-889
-938
-784
-818
-1091
-1283
-1232
-898
-631
-227
378
907
1365
1581
1539
1650
1763
1443
1110
1044
977
685
273
-141
-676
-1053
-1142
-1205
-1168
-1041
-1017
-931
-878
-1020
-1154
-1165
-947
-662
-335
174
688
1143
1444
1492
1564
1738
1594
1228
1103
1053
795
461
52
-509
-946
-1119
-1203
-1292
-1250
-1119
-1084
-1045
-1010
-1105
-1218
-1051
-653
-322
57
660
1183
1439
1586
1612
1729
1721
1306
1051
893
578
316
-28
-524
-885
-1034
-1060
-1045
-1035
-938
-868
-875
-865
-946
-1039
-970
-665
-327
-49
495
1081
1360
1470
1515
1669
1663
1229
959
865
611
378
58
-412
-745
-943
-1033
-1055
-1138
-1052
-950
-962
-911
-957
-994
-937
-689
-334
-151
285
925
1216
1308
1445
1624
1654
1300
1017
939
653
439
191
-270
-587
-803
-843
-871
-1016
-903
-853
-942
-837
-879
-1036
-952
-656
-341
-136
325
911
1110
1206
1312
1407
1405
998
716
649
415
271
9
-369
-590
-766
-687
-673
-807
-675
-704
-774
-669
-812
-919
-815
-580
-261
-44
401
929
1146
1259
1291
1419
1437
989
706
597
346
152
-200
-544
-714
-877
-828
-810
-815
-650
-711
-717
-577
-700
-783
-632
-343
-73
175
691
1096
1188
1271
1315
1394
1226
742
553
416
140
-51
-355
-655
-837
-852
-764
-880
-836
-667
-777
-756
-675
-796
-772
-523
-214
8
322
819
1104
1203
1290
1360
1405
1113
731
611
397
149
-60
-382
-598
-692
-687
-680
-727
-623
-662
-776
-685
-795
-931
-809
-605
-311
-38
377
852
1001
1133
1269
1338
1377
1034
729
664
405
156
-149
-521
-673
-729
-683
-718
-750
-577
-681
-816
-753
-890
-933
-760
-559
-290
42
543
929
1072
1276
1429
1562
1549
1175
945
797
470
166
-298
-721
-867
-986
-1044
-1049
-1013
-917
-943
-951
-872
-879
-795
-576
-271
78
445
876
1166
1272
1355
1467
1536
1322
966
796
566
225
-69
-489
-814
-907
-981
-998
-947
-924
-950
-926
-861
-869
-838
-622
-322
-6
349
736
999
1095
1206
1221
1227
1275
1012
701
637
495
170
-179
-480
-682
-806
-860
-912
-942
-931
-982
-919
-804
-813
-707
-424
-140
114
430
790
976
1059
1156
1165
1238
1172
798
610
509
241
-10
-328
-602
-700
-787
-795
-789
-873
-956
-1003
-955
-943
-964
-796
-537
-217
182
544
868
1085
1222
1351
1437
1484
1283
933
785
542
162
-138
-535
-801
-848
-940
-922
-866
-903
-886
-905
-905
-838
-825
-690
-400
-93
247
580
862
1054
1156
1253
1321
1297
1091
807
661
466
156
-127
-471
-699
-768
-901
-949
-965
-1052
-1019
-965
-904
-783
-715
-514
-210
3
263
523
705
909
1076
1195
1339
1410
1231
935
746
469
71
-297
-696
-968
-1066
-1113
-1058
-1006
-972
-904
-872
-784
-720
-711
-564
-356
-121
206
543
853
1102
1316
1497
1570
1530
1285
926
691
425
44
-308
-612
-808
-925
-1010
-966
-944
-986
-907
-830
-775
-672
-599
-447
-222
-27
214
487
733
937
1070
1199
1310
1293
1109
833
614
407
90
-269
-579
-795
-942
-1011
-981
-997
-1016
-936
-903
-893
-825
-768
-613
-318
-48
218
569
921
1173
1307
1351
1351
1294
1092
811
613
394
85
-191
-441
-666
-808
-868
-852
-853
-856
-787
-756
-736
-678
-669
-575
-342
-126
95
359
615
884
1084
1159
1190
1185
1100
954
779
547
260
-43
-343
-620
-817
-906
-941
-956
-923
-851
-791
-732
-669
-617
-505
-295
-65
162
402
659
913
1055
1093
1105
1081
981
809
629
433
145
-165
-435
-701
-920
-1037
-1066
-1069
-1056
-953
-801
-681
-556
-394
-197
20
241
457
638
788
933
1029
1022
937
851
780
667
527
392
225
22
-191
-404
-607
-760
-859
-946
-1015
-1020
-952
-874
-813
-693
-459
-195
38
280
517
726
894
987
999
970
916
825
730
617
465
277
58
-158
-365
-563
-724
-854
-964
-1005
-956
-884
-830
-752
-595
-356
-129
34
214
445
649
795
891
921
902
885
853
754
604
445
273
80
-123
-328
-523
-677
-803
-923
-988
-983
-947
-890
-817
-719
-561
-333
-87
136
357
586
788
911
939
904
851
791
709
611
512
397
245
71
-95
-235
-343
-434
-508
-555
-588
-630
-678
-718
-738
-745
-746
-715
-621
-451
-227
23
281
528
723
830
868
869
844
793
723
644
541
405
234
50
-121
-263
-362
-417
-431
-424
-406
-379
-348
-323
-305
-296
-284
-260
-221
-169
-99
-13
85
172
234
267
278
286
292
287
278
262
226
160
82
6
-53
-93
-112
-117
-116
-113
-111
-111
-111
-109
-106
-105
-101
-96
-87
-76
-63
-48
-38
-36
-26
-12
4
27
53
79
100
110
111
105
94
85
76
72
74
82
84
79
69
52
28
2
-22
-45
-68
-92
-111
-123
-128
-127
-120
-108
-92
-75
-57
-40
-25
-9
2
11
22
30
37
46
54
60
68
75
76
75
66
50
31
14
1
-7
-15
-23
-31
-38
-44
-45
-40
-28
-13
-4
-1
-3
-8
-11
-9
-3
2
9
11
6
1
-8
-13
-15
-13
-13
-12
-8
-4
2
8
13
17
22
26
27
26
24
22
17
9
1
-1
-3
-3
0
0
1
0
-4
-11
-18
-20
-22
-22
-22
-23
-22
-23
-23
-21
-19
-12
-6
-2
5
12
20
27
33
38
39
37
34
30
24
20
15
10
4
-3
-13
-20
-20
-23
-25
-24
-23
-21
-23
-23
-23
-23
-21
-19
-12
-6
0
7
15
22
26
28
31
34
34
30
26
23
14
7
-1
-9
-14
-21
-28
-32
-32
-34
-32
-27
-22
-13
-6
1
7
12
16
19
21
24
26
24
21
18
12
7
3
1
1
-1
-3
-6
-10
-14
-16
-18
-20
-21
-22
-19
-19
-15
-9
-1
2
6
13
20
21
23
23
23
22
16
11
10
6
1
-2
-5
-6
-10
-13
-15
-14
-13
-16
-17
-15
-12
-11
-7
-3
1
4
7
10
14
18
16
17
16
14
11
7
5
3
1
-2
-4
-6
-10
-12
-12
-12
-13
-13
-10
-7
-5
-4
0
2
5
7
7
9
11
9
7
6
6
4
2
0
0
-1
-4
-6
-5
-6
-7
-8
-9
-8
-7
-5
-3
-3
0
1
3
4
7
8
8
10
9
8
6
5
4
2
2
0
0
-2
-2
-3
-4
-5
-6
-4
-5
-5
-4
-4
-4
-2
-1
0
0
0
2
4
3
4
3
3
5
2
2
1
0
0
0
0
0
-1
-1
-1
-3
-2
0
-1
0
-1
0
-1
0
0
0
0
0
-1
-1
0
0
0
0
0
1
0
0
0
0
0
0
0
1
0
0
2
0
0
0
0
1
0
0
0
-1
0
0
0
1
0
1
0
0
-1
-1
-1
-1
0
-2
-2
-1
0
1
2
1
0
-1
0
0
0
0
0
1
1
2
0
1
1
0
0
-1
-1
0
0
0
-1
0
0
0
0
0
0
0
0
-1
-2
-2
-1
0
0
-1
-1
0
-1
-1
0
0
0
0
0
0
0
1
3
2
1
1
0
0
2
1
0
0
1
0
0
1
0
0
1
0
0
0
0
0
0
-1
-1
0
-1
0
-1
0
0
0
0
0
1
0
0
1
1
0
0
0
0
0
0
0
0
0
0
0
0
0
0
0
0
0
0
0
0
1
0
1
0
-1
0
0
1
0
-1
0
0
0
0
-1
0
0
0
0
0
-1
0
0
0
0
-1
0
0
0
0
0
0
0
1
1
0
0
1
0
0
-1
-1
0
1
2
0
1
0
1
1
-2
-1
-2
0
0
1
0
-1
-2
-2
0
0
2
4
4
3
1
-1
-4
-10
-12
-9
-4
2
7
16
16
13
8
-4
-13
-17
-17
-12
-3
9
18
20
18
9
0
-10
-17
-18
-15
-7
3
11
19
19
14
9
0
-12
-18
-23
-23
-15
-2
9
21
23
20
12
0
-11
-19
-24
-23
-16
-6
3
12
16
17
14
9
1
-4
-8
-14
-13
-10
-1
7
15
21
21
17
7
-3
-16
-26
-28
-22
-13
-1
15
29
35
36
25
11
-8
-29
-42
-44
-34
-14
7
31
50
63
61
37
0
-41
-71
-81
-64
-34
-2
25
44
50
38
21
7
-6
-21
-29
-27
-21
-14
-4
17
43
60
61
39
7
-27
-57
-69
-64
-45
-19
15
52
72
68
47
25
9
-10
-44
-77
-99
-95
-72
-32
14
55
99
154
210
174
-28
-302
-460
-412
-200
87
357
554
675
717
655
337
-283
-948
-1328
-1305
-934
-347
238
640
833
945
941
625
92
-288
-392
-361
-277
-114
60
136
140
153
45
-305
-707
-848
-665
-302
102
484
742
796
734
635
423
71
-239
-353
-296
-170
-49
-19
-120
-263
-351
-406
-445
-405
-246
-34
167
332
446
500
525
486
314
15
-305
-509
-478
-227
95
325
382
277
81
-116
-277
-359
-336
-193
51
302
410
363
212
4
-191
-330
-404
-398
-329
-200
-21
131
208
227
213
186
151
94
28
-31
-62
-54
-11
33
45
18
-14
-49
-74
-58
-11
26
50
81
95
78
60
52
42
33
7
-18
-47
-109
-185
-218
-199
-152
-82
2
88
126
88
39
19
11
16
38
72
104
122
94
37
-24
-91
-134
-135
-106
-69
-27
19
68
108
141
153
139
116
64
-30
-117
-144
-134
-102
-60
-31
-29
-62
-105
-105
-70
-15
71
174
207
202
214
171
39
-104
-189
-234
-213
-108
9
62
51
9
-34
-40
-26
-12
14
55
117
190
201
117
-31
-154
-221
-209
-103
4
35
48
114
157
109
6
-70
-88
-49
1
7
8
21
31
45
53
16
-61
-89
-55
-26
-24
-10
29
56
51
-1
-69
-123
-147
-100
26
162
214
185
132
52
-48
-127
-160
-135
-64
10
52
42
15
-12
-48
-76
-45
44
107
123
133
123
62
-11
-71
-121
-143
-128
-84
-17
37
40
17
1
-20
-33
-9
28
61
100
117
87
35
-29
-111
-156
-123
-53
19
77
80
33
-13
-30
-24
7
59
101
114
109
88
29
-52
-116
-145
-151
-140
-99
-40
2
12
-4
-36
-85
-119
-99
-33
26
72
108
111
87
76
91
86
50
36
62
70
34
5
-19
-111
-263
-390
-480
-573
-620
-565
-442
-325
-212
-111
-26
51
135
236
400
622
834
965
1007
978
824
565
319
165
68
26
65
102
45
-163
-532
-1008
-1536
-2025
-2337
-2370
-2064
-1444
-658
131
766
1164
1349
1377
1335
1309
1354
1491
1670
1768
1701
1434
1036
603
180
-183
-359
-283
-45
205
327
187
-270
-954
-1846
-2760
-3387
-3528
-3159
-2377
-1310
-175
803
1515
1882
1921
1809
1667
1522
1344
1103
747
263
-347
-995
-1476
-1613
-1370
-782
64
980
1748
2200
2270
2017
1572
993
353
-241
-806
-1372
-1938
-2467
-2862
-3115
-3112
-2722
-1972
-966
121
1164
2051
2627
2812
2692
2379
1930
1389
819
263
-283
-868
-1420
-1784
-1830
-1498
-822
151
1261
2230
2790
2916
2701
2213
1509
704
-93
-871
-1665
-2487
-3237
-3802
-4077
-3930
-3377
-2400
-1092
310
1635
2701
3372
3612
3468
3081
2572
1973
1269
480
-349
-1220
-2093
-2797
-3125
-2959
-2267
-1141
254
1712
2918
3575
3642
3261
2532
1572
586
-340
-1235
-2132
-3039
-3892
-4545
-4843
-4696
-4012
-2849
-1367
280
1876
3180
4034
4396
4279
3797
3088
2250
1398
551
-294
-1103
-1848
-2488
-2893
-2925
-2528
-1629
-392
980
2313
3262
3654
3634
3272
2482
1519
577
-380
-1331
-2280
-3206
-3989
-4522
-4768
-4498
-3673
-2500
-1076
470
1877
2968
3697
3965
3836
3443
2829
2093
1324
434
-561
-1489
-2310
-2972
-3228
-2908
-2042
-710
885
2475
3710
4251
4073
3439
2462
1238
84
-929
-1873
-2722
-3458
-4150
-4674
-4794
-4479
-3549
-2054
-337
1371
2910
3983
4486
4527
4094
3388
2619
1765
844
11
-839
-1727
-2483
-3155
-3650
-3648
-3115
-2031
-427
1401
3019
4217
4693
4309
3526
2591
1483
428
-407
-1262
-2139
-3031
-4017
-4968
-5561
-5579
-4913
-3456
-1572
378
2193
3546
4300
4542
4272
3625
2937
2339
1748
1153
444
-537
-1630
-2718
-3668
-4150
-3932
-2936
-1348
581
2427
3896
4744
4700
4062
3227
2344
1317
445
-377
-1441
-2595
-3820
-5038
-5967
-6219
-5806
-4564
-2685
-661
1334
3062
4238
4790
4965
4676
4054
3420
2732
1997
1140
160
-1034
-2277
-3449
-4422
-4748
-4345
-3165
-1423
645
2576
3993
4776
4635
3895
2966
2086
1195
429
-236
-1154
-2226
-3495
-4803
-5848
-6233
-5776
-4541
-2613
-437
1576
3204
4274
4726
4711
4304
3607
2885
2220
1624
926
65
-1027
-2284
-3460
-4377
-4684
-4257
-3048
-1248
836
2814
4212
4927
4835
3999
2807
1720
942
382
-19
-490
-1312
-2454
-3782
-5098
-5956
-6069
-5447
-4015
-1994
144
2117
3703
4629
4892
4672
4048
3285
2607
2049
1518
925
126
-1018
-2315
-3532
-4415
-4630
-4077
-2742
-800
1306
3113
4297
4716
4430
3638
2520
1479
757
227
-217
-647
-1343
-2370
-3538
-4712
-5610
-5908
-5447
-4217
-2295
-66
1938
3548
4546
4766
4488
3879
3103
2503
2058
1675
1300
714
-268
-1613
-3039
-4311
-5068
-5085
-4248
-2523
-288
1963
3724
4697
4749
4177
3169
1887
934
540
374
187
-95
-852
-1990
-3363
-4772
-5763
-6035
-5426
-3957
-1755
595
2620
4153
4804
4588
3945
3050
2171
1625
1322
1215
1098
707
-157
-1443
-2812
-4043
-4619
-4431
-3413
-1658
373
2316
3683
4335
4112
3389
2402
1183
341
36
116
178
165
-258
-1268
-2568
-4032
-5238
-5781
-5362
-4092
-2075
239
2202
3646
4391
4243
3605
2912
2195
1822
1741
1716
1665
1297
480
-888
-2416
-3916
-4959
-5095
-4462
-2908
-849
1308
3042
4081
4344
3774
2971
1933
918
418
390
495
396
12
-966
-2269
-3720
-4984
-5715
-5629
-4540
-2816
-580
1583
3193
4202
4353
3827
3079
2300
1746
1593
1564
1498
1302
681
-358
-1650
-2982
-4055
-4408
-4064
-3011
-1389
321
2007
3159
3580
3351
2658
1886
1067
322
-74
64
352
287
96
-567
-1611
-2789
-3887
-4581
-4596
-3802
-2481
-681
1101
2412
3199
3420
3090
2467
1919
1524
1422
1430
1355
1200
718
-143
-1339
-2503
-3482
-3947
-3636
-2791
-1338
254
1830
2947
3457
3365
2668
1951
1143
404
-36
-7
211
122
-78
-798
-1780
-2932
-4032
-4758
-4823
-4071
-2793
-929
838
2314
3395
3785
3581
3086
2542
2082
1919
1694
1409
1025
237
-783
-1912
-2976
-3629
-3739
-3306
-2336
-906
452
1719
2618
3007
2968
2593
2089
1561
978
437
197
231
61
-230
-707
-1567
-2542
-3512
-4252
-4567
-4010
-3018
-1514
292
1781
2935
3596
3650
3291
2897
2340
1970
1743
1303
861
310
-484
-1331
-2109
-2778
-3063
-2886
-2404
-1385
-222
831
1791
2333
2515
2296
1874
1374
918
471
175
294
363
202
-14
-666
-1660
-2678
-3652
-4307
-4164
-3403
-2173
-455
1149
2294
2975
3101
2648
2100
1612
1221
1123
1149
1053
778
341
-395
-1299
-2023
-2461
-2401
-1844
-998
159
1056
1732
1991
1793
1354
723
116
-216
-328
-341
-6
503
842
811
625
-53
-955
-1856
-2778
-3244
-3102
-2537
-1571
-343
708
1416
1778
1632
1276
1156
949
1083
1416
1467
1458
1135
471
-345
-1178
-1848
-2218
-2042
-1578
-788
186
947
1519
1700
1573
1194
843
459
272
155
81
239
477
600
338
38
-813
-1766
-2664
-3583
-3882
-3605
-2829
-1554
-19
1361
2311
2969
2965
2725
2516
2054
1842
1631
1278
742
-3
-901
-1890
-2623
-3054
-3020
-2423
-1572
-478
694
1558
2224
2453
2423
2072
1568
1036
603
328
22
-72
72
78
-184
-386
-1057
-1844
-2564
-3202
-3523
-3186
-2446
-1436
-39
1164
1943
2503
2604
2332
2142
1830
1651
1582
1333
949
307
-489
-1413
-2125
-2606
-2718
-2281
-1684
-741
289
1036
1750
1962
1978
1782
1396
990
616
375
120
89
274
435
209
75
-645
-1470
-2270
-3149
-3588
-3512
-2832
-1863
-393
988
1936
2590
2693
2415
2162
1825
1540
1502
1237
870
266
-549
-1394
-2163
-2566
-2651
-2171
-1418
-474
567
1304
1944
2046
2004
1674
1143
707
150
-96
-330
-337
-139
364
506
517
282
-534
-1345
-2348
-3143
-3476
-3146
-2422
-1165
291
1394
2240
2630
2502
2290
1965
1543
1351
1067
666
239
-431
-1077
-1706
-2063
-2237
-2011
-1439
-871
73
675
1293
1639
1594
1547
1036
721
303
60
1
-63
56
390
694
560
465
-282
-1203
-2207
-3226
-3788
-3733
-3032
-1904
-242
1267
2264
2928
2948
2498
2155
1666
1301
1266
940
624
-6
-790
-1451
-2073
-2248
-2195
-1639
-921
-2
817
1451
1950
1783
1584
1023
346
-67
-402
-436
-282
-88
366
1041
991
947
379
-811
-1761
-2878
-3583
-3617
-3035
-2072
-641
870
1888
2639
2872
2526
2123
1678
1188
1059
806
378
-102
-923
-1520
-2023
-2208
-1919
-1330
-513
221
978
1252
1557
1350
995
825
301
196
-7
-112
-31
86
242
889
1313
1120
1052
-85
-1322
-2643
-3892
-4391
-4124
-3117
-1644
296
1754
2762
3294
3018
2587
2052
1551
1231
940
526
38
-695
-1573
-1988
-2286
-1994
-1316
-390
591
1341
1626
1522
1361
598
231
-308
-740
-684
-719
-287
178
684
1351
2125
1976
1600
631
-1059
-2468
-3890
-4590
-4500
-3580
-2269
-469
1297
2366
3128
3246
2719
2268
1739
1204
1008
477
-55
-645
-1628
-2105
-2250
-2017
-1181
-276
584
1282
1538
1362
1181
671
163
-122
-538
-622
-512
-332
43
515
963
1869
2140
1871
1366
-256
-1740
-3309
-4492
-4767
-4040
-2712
-881
1168
2493
3282
3503
2907
2262
1785
1007
796
356
-393
-945
-1869
-2396
-2303
-1786
-899
367
1365
1907
2061
1341
603
-61
-795
-834
-933
-698
-458
-70
359
685
1280
1821
2514
2237
1789
351
-1535
-3275
-4842
-5395
-4820
-3260
-1348
940
2626
3475
3689
3230
2447
1848
1223
736
433
-461
-1159
-2016
-2912
-2631
-1981
-791
818
1933
2620
2691
2124
1018
173
-818
-1444
-1704
-1893
-1610
-1213
-489
307
1241
2417
3421
3365
2821
1161
-1179
-3282
-5030
-5722
-4994
-3310
-1202
1135
2873
3625
3535
2881
1796
1165
536
68
52
-750
-1239
-1865
-2628
-2204
-1414
-377
1142
2268
2739
2643
2000
672
-182
-1196
-1782
-1740
-1646
-960
-397
277
833
1475
2359
3349
3301
2603
909
-1913
-4198
-6110
-6734
-5496
-3409
-516
2316
4234
4989
4510
3364
1746
809
-128
-595
-565
-1451
-1879
-2494
-2836
-1976
-787
782
2364
3293
3152
2506
1227
-478
-1323
-2267
-2252
-1681
-1291
-517
151
667
1369
2211
3262
3958
3260
1962
-640
-3694
-5798
-7064
-6711
-4307
-1666
1329
3816
4857
4849
4020
2564
1078
427
-516
-803
-1041
-2073
-2251
-2578
-2357
-1102
181
1687
3027
3469
2730
1749
1
-1311
-1880
-2250
-1557
-1205
-557
-66
267
719
1013
2132
3212
3195
2645
779
-2194
-4612
-6246
-6786
-4853
-2211
543
3541
4576
4653
3687
2238
1062
395
-85
-565
-631
-1677
-2018
-2364
-2347
-1007
223
1846
2896
3137
2318
871
-539
-1929
-2007
-2069
-1190
-378
-5
759
716
1137
1280
1986
2986
2651
1959
-106
-2794
-5261
-6358
-6420
-4424
-1375
1114
3935
4798
4759
3618
1913
415
-578
-661
-1025
-536
-1097
-1656
-1858
-2171
-989
338
1856
2812
2875
2065
691
-469
-1811
-1866
-1951
-1378
-352
103
1116
1228
1535
1621
2325
3126
2599
1598
-1036
-3737
-6201
-6772
-6030
-3602
-164
2364
4709
5012
4320
2753
967
-509
-1051
-966
-1013
-527
-1347
-1906
-2098
-1940
-398
1387
3014
3770
3420
1824
-9
-1622
-2726
-2347
-2001
-672
381
749
1384
896
928
983
1871
2357
2021
1079
-1521
-3802
-5761
-5923
-4683
-1696
1285
3686
4987
4486
3102
1077
-331
-1365
-1094
-981
-426
-424
-1332
-1352
-1752
-933
563
1906
2835
2857
1798
-35
-1251
-2528
-2332
-1374
-738
887
1252
1537
1420
1003
807
1259
2014
1518
979
-1283
-3297
-5221
-5730
-4663
-2467
988
3036
4571
4083
2615
670
-776
-1486
-1198
-202
-31
820
-118
-723
-1053
-1248
204
1386
2325
2151
1170
-631
-1841
-2323
-2173
-654
138
1131
1516
1179
1065
699
549
1146
2174
1901
1314
-888
-3332
-4995
-5786
-4285
-1969
1239
3417
4484
3889
2494
465
-991
-1527
-1745
-591
-596
61
-190
-675
-278
-240
996
1561
1919
1462
613
-498
-1484
-1657
-1605
-401
300
1108
1418
1100
811
364
260
749
1957
1651
1145
-1115
-3368
-5057
-5714
-4120
-1856
1447
3494
4678
3925
2504
486
-907
-1388
-1698
-633
-779
-133
-416
-707
63
256
1543
2029
2073
1270
-15
-1479
-2533
-2321
-1886
-97
922
1939
2070
1524
1107
449
558
922
2031
1268
385
-2072
-4422
-5319
-5337
-3001
-392
2406
4140
4287
2955
1300
-886
-1625
-1860
-1481
-272
-235
602
362
280
582
772
1264
1453
997
-26
-928
-1912
-1794
-1000
-15
1300
1458
1396
776
-57
-100
-170
491
1768
2121
1456
44
-2660
-4008
-4858
-3888
-1454
821
2859
3501
2628
1149
-376
-1817
-1403
-1226
-76
700
775
1017
-27
-47
-177
211
626
630
224
-463
-787
-1071
-355
129
956
1318
1119
1034
518
505
442
666
1231
941
198
-1394
-2803
-3906
-3685
-2679
-839
1263
2133
2920
2097
1127
-285
-1258
-1338
-1063
-83
283
849
653
309
52
0
183
402
336
161
-30
-270
-291
-176
267
603
883
871
1034
697
728
681
725
266
-591
-1684
-2616
-3167
-2938
-1785
-447
1198
1857
2032
1321
442
-421
-861
-789
-417
22
43
269
-65
226
450
546
639
246
89
-282
-239
-47
298
635
858
934
899
933
569
483
542
228
-400
-1318
-2171
-2752
-2708
-2123
-840
458
1209
1693
1153
647
-37
-635
-638
-701
-274
-84
209
563
533
504
211
-17
-8
-4
209
496
795
848
726
613
599
704
676
755
518
398
-281
-1031
-1770
-2249
-2192
-1880
-1179
-325
302
640
731
537
254
-92
-237
-286
-169
-84
104
362
338
175
-143
-225
-126
144
522
824
1039
916
783
603
613
659
686
729
602
411
-264
-1023
-1655
-2045
-2014
-1702
-1150
-466
6
303
459
468
356
182
44
-96
-147
-151
44
132
-2
-264
-380
-395
-85
287
729
1109
1229
1194
960
875
740
762
674
663
424
-114
-769
-1375
-1652
-1718
-1439
-1063
-575
-298
-112
-15
-33
104
148
318
292
149
121
0
-33
-138
-260
-148
-26
257
480
705
972
1192
1210
1046
828
580
518
377
453
321
7
-549
-1220
-1625
-1747
-1416
-977
-467
-244
-117
-156
-207
-154
-48
159
298
373
246
-84
-380
-484
-381
-133
196
566
922
1220
1303
1112
881
645
484
516
500
593
435
89
-461
-1096
-1432
-1493
-1184
-781
-406
-230
-194
-230
-360
-463
-423
-336
-238
-209
-150
-55
86
197
384
546
676
742
658
609
541
603
681
791
811
668
334
-176
-623
-846
-985
-835
-711
-586
-378
-455
-528
-570
-647
-684
-440
-305
-180
-23
-54
71
81
88
375
464
725
1063
1048
939
616
430
257
224
480
546
509
174
-219
-578
-854
-809
-658
-561
-551
-503
-592
-663
-646
-661
-543
-427
-281
-18
176
362
617
801
947
985
816
668
541
588
628
669
714
603
389
20
-310
-558
-671
-763
-759
-692
-634
-532
-545
-547
-554
-589
-556
-541
-463
-296
-41
194
321
482
651
762
728
742
713
627
637
613
650
602
461
166
-206
-503
-673
-747
-771
-605
-448
-386
-347
-444
-549
-672
-721
-596
-419
-152
96
218
199
191
236
459
655
707
695
601
571
542
626
641
579
447
133
-145
-405
-522
-523
-486
-472
-483
-486
-535
-565
-581
-545
-437
-277
-142
-65
14
82
160
278
434
578
585
495
416
399
389
429
526
507
440
275
30
-216
-388
-410
-477
-503
-458
-420
-380
-406
-428
-467
-462
-381
-248
-68
105
259
285
285
322
386
439
421
435
413
413
405
356
343
281
226
65
-105
-216
-297
-346
-389
-402
-435
-405
-380
-400
-420
-396
-306
-208
-83
33
133
233
348
436
450
420
380
338
286
270
268
290
286
189
23
-122
-183
-250
-309
-361
-388
-419
-445
-413
-394
-343
-317
-288
-258
-193
-46
100
237
299
370
403
381
353
337
355
329
307
277
240
188
104
8
-86
-150
-246
-351
-406
-403
-357
-317
-293
-306
-335
-324
-269
-160
-43
33
93
161
250
333
388
399
380
336
306
296
294
289
223
118
1
-78
-128
-197
-264
-273
-235
-220
-251
-305
-323
-317
-289
-232
-152
-43
55
128
184
226
249
264
278
262
221
206
242
280
245
131
12
-58
-88
-112
-154
-201
-259
-335
-386
-354
-238
-135
-107
-128
-149
-143
-81
47
187
262
244
173
113
108
158
224
242
207
138
55
-18
-56
-47
-23
-39
-122
-227
-274
-238
-160
-107
-88
-79
-81
-96
-84
-4
110
195
204
147
69
42
88
158
181
125
50
15
16
23
16
-3
-17
-52
-128
-208
-226
-164
-82
-37
-35
-44
-24
8
24
24
27
50
76
77
67
84
119
130
95
28
-21
-20
1
5
-14
-34
-31
-22
-37
-75
-98
-79
-41
-19
-12
2
23
23
5
-3
11
21
7
-8
4
47
78
74
42
7
-2
-1
-6
-15
-20
-9
4
3
-13
-25
-22
-21
-31
-42
-44
-42
-24
6
34
44
26
7
9
12
10
8
11
15
10
5
1
0
0
-9
-20
-21
-20
-7
12
18
16
0
-14
-13
-6
0
14
26
14
-7
-20
-15
1
9
3
-1
-5
-11
-12
-13
-5
6
11
9
3
5
10
14
16
3
-4
12
11
-2
-12
-6
9
2
-18
-18
0
9
-3
-25
-18
0
-3
-11
-9
-8
-1
8
7
2
0
4
10
2
-5
6
33
43
26
5
-4
-6
-11
-20
-23
-3
19
27
8
-16
-9
5
12
-9
-40
-41
-17
3
0
-13
-14
11
28
11
-18
-17
0
10
-1
-9
4
30
35
4
-22
-20
16
50
33
-13
-30
-15
7
4
-8
-2
12
20
3
-19
-22
-8
-6
-17
-13
8
29
22
-14
-39
-16
19
16
-7
-18
-1
16
15
-1
-19
-18
2
12
-3
-17
-3
17
20
0
-16
-6
14
16
-8
-14
14
34
27
12
4
2
14
21
-4
-23
0
21
1
-35
-41
-11
12
2
-21
-31
-13
10
3
-21
-20
0
2
-5
6
20
6
-14
-9
-1
-9
-7
8
7
-4
5
31
51
51
36
15
2
0
-8
-14
9
24
-1
-17
1
3
-35
-68
-60
-39
-39
-32
-11
0
4
6
18
38
37
7
-6
17
40
27
1
6
28
23
-8
-21
1
20
19
10
10
22
2
-43
-62
-40
-8
1
-9
-6
4
-3
-25
-33
-25
-10
7
1
-17
-10
10
25
18
-1
3
20
13
-1
2
24
27
9
13
22
7
-11
-10
-3
-3
-8
-6
6
12
6
-7
-14
-19
-30
-25
-14
-4
16
31
25
2
-26
-35
-10
4
-6
-11
-4
-5
-7
-11
1
29
28
8
8
14
17
18
4
-14
-11
-1
4
9
4
-13
-23
-23
-15
3
16
9
4
4
-6
-4
14
18
5
-12
-23
-10
15
14
-8
-23
-15
3
5
-4
-7
4
19
20
0
-10
4
16
2
-16
-5
22
21
0
-17
-10
-4
-10
-1
5
-7
-9
10
7
1
9
4
0
-6
-19
-13
3
11
6
0
-8
-3
11
2
-16
-18
-7
5
8
-3
-3
11
7
-9
-17
-7
11
14
3
-4
-5
2
17
14
2
5
6
-4
-22
-15
12
34
26
-10
-31
-28
-10
9
17
21
15
-2
-20
-26
-12
13
35
14
-16
-26
-9
15
9
0
1
1
-14
-22
0
23
24
0
-25
-23
0
15
11
-1
-4
3
0
-8
-11
-4
5
9
0
-2
5
9
0
-7
-8
5
15
6
-2
-7
-3
6
3
6
14
3
-10
-8
-1
7
10
6
0
-7
-19
-17
0
11
7
-4
-9
-5
-7
-10
-6
2
9
9
2
-3
2
0
-6
1
9
10
7
5
7
3
-6
-9
-6
-2
9
12
5
-2
-8
-4
-7
-10
-10
-6
-4
-4
-2
5
9
4
-7
-11
-4
3
5
11
16
7
-5
-5
2
8
9
6
5
-1
-7
-3
7
10
-2
-17
-14
0
6
0
-2
-7
-8
-6
-7
-2
5
8
6
0
-10
-5
7
19
6
-15
-21
-2
14
16
15
14
6
-7
-4
6
3
0
-1
-3
-12
-17
-8
2
2
-5
-7
1
4
0
1
10
8
-7
-11
-1
5
3
2
11
2
-11
-12
-8
0
12
16
21
8
-14
-13
7
9
-13
-21
-5
2
-11
-11
10
17
2
-12
-1
18
23
10
-15
-27
-17
-6
4
16
13
0
-1
6
11
-2
-19
-5
13
5
-11
-12
8
14
0
-21
-23
11
34
14
-23
-23
8
22
6
-11
-9
3
13
8
-10
-4
18
19
6
-12
-17
-5
7
1
-16
-13
2
6
-2
-11
-7
0
1
2
1
0
0
-4
-14
-11
6
19
17
5
-6
-6
3
15
8
0
0
0
1
-3
-9
-7
11
19
4
-13
-22
-11
5
8
-3
-11
-2
8
9
2
0
8
12
2
-6
-7
1
6
2
-5
-5
-3
3
4
0
-1
-5
-5
0
1
-1
-6
-7
-2
1
0
-3
-7
0
7
5
2
3
-1
0
0
-1
0
3
1
-3
0
0
2
0
0
1
-1
0
3
-2
-4
0
5
3
0
-3
-1
2
0
-2
-2
3
5
2
-3
-7
-7
-6
0
7
8
4
-1
-4
0
5
4
-1
-7
-4
0
0
0
0
0
4
3
0
-4
-2
0
2
5
2
-1
-3
0
1
-1
-2
-6
-4
1
7
4
-5
-8
-1
3
2
0
-1
-6
-4
0
-1
0
1
2
1
-1
-6
-3
4
7
4
-1
-4
0
6
6
0
1
5
4
0
-3
0
7
7
0
-3
-5
0
5
-1
-3
0
-2
-5
-4
-5
-9
-6
0
1
-3
-7
-4
0
5
8
4
2
4
5
7
6
4
3
4
2
3
0
-6
-6
-4
1
-4
-20
-23
-11
15
42
-8
-49
-36
-5
50
47
-13
-47
-20
18
48
4
-29
-3
24
39
15
-36
-23
12
27
20
-26
-28
10
12
9
-11
-28
-8
10
4
-3
-12
1
19
17
4
-15
-17
0
8
-2
-8
-15
0
30
19
-4
-18
-22
4
9
-11
-20
-17
10
33
19
1
-9
3
13
9
-1
-12
-10
0
2
2
8
7
6
7
4
3
-5
-19
-14
-1
-4
-8
-20
-23
-5
7
13
9
2
3
2
1
3
8
8
10
3
-2
0
-4
-6
-4
-5
-4
-3
-2
6
12
11
5
-2
-4
0
0
2
2
-1
0
3
12
13
4
-2
0
6
6
-2
-10
-8
-2
-3
-12
-21
-18
-9
-8
-15
-21
-11
3
8
4
1
0
4
9
9
12
17
19
12
8
11
14
22
22
15
10
0
-3
-5
-6
-7
-6
-9
-13
-15
-19
-17
-14
-18
-17
-17
-14
-2
0
0
4
4
7
10
9
11
10
10
8
4
3
3
3
4
2
-1
-4
-2
1
4
3
2
0
7
11
10
7
4
3
0
-3
-5
-11
-16
-18
-19
-17
-14
-8
-3
-3
-2
2
7
9
12
10
8
6
3
4
6
3
3
5
6
6
6
7
3
-6
-11
-13
-13
-14
-12
-11
-9
-8
-5
1
6
5
3
3
0
-2
-2
-1
1
1
-3
-6
-3
4
9
4
-1
-4
-8
-4
0
4
5
3
0
3
11
15
15
14
8
5
6
5
6
5
0
-3
-4
-6
-4
0
-1
-8
-9
-10
-8
-5
-5
-9
-10
-7
-3
-2
-2
-2
0
3
6
5
3
3
3
0
1
5
5
4
0
-2
-2
1
2
0
-3
-6
-8
-5
-4
-3
-4
-6
-4
0
3
5
4
3
4
5
7
8
6
2
4
3
6
8
5
0
-2
-2
-2
-1
-4
-9
-12
-13
-9
-4
-4
-4
-8
-5
-1
4
7
7
4
2
4
7
8
6
2
0
0
-1
2
3
-1
-3
-3
0
3
1
1
-1
-2
0
1
2
1
0
-3
-1
0
0
0
0
-2
0
2
2
3
3
0
0
0
0
2
-2
-2
-5
-6
-4
-7
-5
-6
-6
-3
-5
0
0
0
4
2
4
4
3
3
3
3
2
2
1
-1
0
1
0
1
0
-1
0
0
0
1
0
0
0
-1
0
0
1
0
-2
0
0
0
0
0
0
-1
0
1
0
0
-1
0
0
0
0
0
0
-1
0
0
0
0
0
0
0
1
3
1
1
1
2
1
0
0
-1
-1
-2
-1
0
-2
-2
-1
-2
0
-1
-1
0
-1
0
0
1
0
0
2
1
1
0
0
1
0
0
0
0
0
0
0
-1
-1
0
0
-1
0
-1
-1
-2
0
0
0
0
0
0
2
1
0
1
2
2
1
2
2
1
2
3
0
0
1
1
0
2
0
0
0
-1
0
0
-1
0
0
-2
-1
-3
0
-1
-1
-1
-3
-4
-1
-1
-2
-3
-1
-2
-1
-1
-1
-1
0
0
0
0
0
0
0
0
2
3
1
2
0
2
3
1
2
0
1
1
2
2
1
2
0
0
0
0
0
1
1
0
-1
0
0
-2
-2
-1
-1
-1
-1
0
-2
-1
0
-2
-2
-2
-1
-1
-1
0
0
1
3
2
0
1
2
0
0
1
0
2
0
1
1
0
0
0
-2
-2
0
0
-1
-1
-2
0
0
0
0
0
0
0
0
0
0
0
1
1
0
1
2
1
0
1
2
1
1
1
0
1
2
1
0
0
0
0
1
0
0
-1
0
0
-2
-3
-2
-1
-2
-2
0
-3
-1
0
0
-1
-1
-3
0
0
0
0
-2
0
0
0
0
0
2
2
0
1
0
0
0
0
1
1
0
0
0
2
3
3
3
2
3
1
0
2
2
0
0
1
2
2
0
0
0
0
0
-1
-1
0
-2
-2
-1
-2
-1
0
-2
-1
-2
-1
-1
-2
-1
-1
-2
-1
0
0
0
-1
0
0
-2
0
-1
0
0
2
0
0
1
0
2
2
3
2
2
2
0
2
1
1
2
1
1
1
0
0
-1
0
1
0
0
0
0
-2
-2
-1
0
0
-1
-1
0
-1
-2
-3
-1
0
0
-2
-3
-2
0
0
-1
-2
0
1
0
-2
-1
0
5
4
0
0
2
6
2
0
0
1
4
1
0
1
2
0
-1
0
0
1
0
-2
-4
-4
3
3
-1
-3
-4
-2
0
0
-3
-2
0
-1
-1
-2
1
1
-1
0
-1
-1
0
1
1
1
0
-1
1
3
0
3
3
1
-3
0
1
2
2
3
1
-2
0
0
-1
2
3
0
-4
-3
-1
0
2
0
-2
-4
-3
-1
0
2
0
-1
-2
-1
2
0
-1
0
0
0
1
1
1
0
-2
1
4
4
3
0
-3
0
2
4
3
1
0
-2
0
1
1
0
-2
-3
-1
-1
-1
-1
-3
-2
-2
-2
-1
-2
-3
-2
0
1
0
-1
0
0
0
1
2
1
-1
0
0
1
2
0
0
2
1
0
1
0
-2
-2
1
2
3
0
0
0
0
2
2
1
-2
-3
-4
2
1
0
-1
-2
-4
-3
0
0
0
-1
-2
1
2
4
3
0
-1
0
2
2
2
-1
0
0
1
3
2
2
-1
-3
-2
1
0
-1
-2
-6
-1
3
-1
1
0
-3
-5
-1
0
3
-1
-1
0
0
1
3
2
1
0
0
-1
2
0
1
1
-2
4
1
-1
1
-1
-1
2
0
0
0
-1
0
0
0
1
0
-3
0
0
1
0
-2
-2
1
2
-1
-2
-3
-1
0
0
0
-2
0
0
1
3
2
0
-2
1
1
3
2
0
2
0
0
0
0
-1
0
0
0
0
-1
-2
-1
0
-1
1
0
-1
0
0
0
0
0
3
1
-1
-1
0
0
0
1
0
1
0
0
0
-2
0
0
3
1
-2
0
0
-1
2
1
0
2
-2
-1
0
0
0
0
-2
-5
-1
-1
0
2
0
0
-1
-5
-2
-2
-1
5
-4
0
-1
0
0
-2
4
0
4
-2
-1
4
7
10
-10
1
4
-10
5
12
0
7
0
-15
5
0
-4
12
-4
6
-1
3
-5
-23
-1
8
33
-15
-25
-21
1
32
1
1
13
8
-55
-50
-24
36
65
23
10
-10
-8
-68
22
6
63
-40
-176
99
-26
147
30
3
55
31
-175
-226
150
-63
186
93
-152
65
40
40
-61
-63
-82
10
41
52
-16
71
0
-14
70
-195
-67
90
107
12
-86
-3
-14
60
-9
-87
-23
-4
44
116
108
-102
-164
-31
24
70
19
-16
35
23
-25
-7
-11
-45
6
78
-2
-25
-4
18
-23
19
18
-63
-8
41
36
14
0
-54
-42
18
22
-17
-8
5
31
17
-3
-18
-15
-20
2
15
-13
-24
23
22
-6
26
-24
-28
0
23
24
29
40
-34
-59
-11
5
2
5
38
20
-18
-17
8
5
0
28
-8
-74
-42
24
35
30
20
13
-13
-48
-19
11
-9
1
-13
19
-1
-33
54
19
-13
-2
-18
4
17
1
7
27
-19
-23
0
-29
0
-4
-3
29
0
-7
7
3
6
24
-1
-21
15
23
-8
-12
-6
-11
-8
0
-12
-32
0
11
12
21
-9
-11
6
15
16
-3
-12
4
10
-14
-6
8
-1
6
14
-8
-34
-7
12
-1
12
10
-10
-10
-4
8
11
-2
1
12
6
-2
-15
-5
15
0
-27
-24
15
30
-1
-12
3
11
-9
-21
9
17
0
6
5
-11
-2
7
-3
-13
-8
2
16
15
-7
-10
4
6
0
-9
-13
-5
8
5
-4
-1
6
4
-4
-5
3
7
-2
0
6
-7
-2
7
-3
-4
1
0
-4
0
3
-6
-2
10
-1
-8
7
4
-7
7
15
-5
-14
1
8
-2
-8
1
7
3
-11
-7
10
4
-15
-4
18
10
-19
-8
22
10
-16
-11
10
12
-7
-10
4
8
0
-3
-3
0
2
-4
1
2
-5
-6
3
6
-1
-7
0
4
4
3
-3
-5
-5
6
10
2
-6
-2
2
0
5
4
0
-4
-2
1
7
2
-10
-2
3
3
1
-2
0
-8
-2
9
-1
-2
2
-2
-4
0
6
5
-7
-12
7
12
-5
-10
-1
4
2
0
1
0
-2
-8
-2
12
4
-9
-3
2
5
-1
-2
2
0
0
-2
5
8
-8
-2
2
-2
9
0
-9
2
2
0
3
-7
-2
11
-1
-8
-3
0
6
2
-6
-10
-1
15
8
-10
-13
-4
17
9
-8
-5
0
7
7
0
-5
-6
5
7
-4
-3
0
0
0
-1
0
1
0
-4
1
0
-4
1
2
0
0
-3
-3
5
6
-5
-6
0
8
6
-5
-6
0
4
4
-1
-4
0
3
0
0
-3
3
4
-7
-4
4
1
-1
-4
-4
3
4
-3
0
1
1
0
-3
0
4
0
-5
0
0
2
0
-2
0
2
0
0
1
0
0
1
-2
1
1
-1
1
0
0
0
-1
-2
0
0
0
0
-1
0
1
0
0
0
-2
-1
0
0
2
0
-2
0
2
4
-1
-3
0
0
1
0
0
0
1
0
-1
1
0
0
0
1
0
0
-1
-2
2
3
0
-1
0
0
0
1
-2
0
0
0
0
-1
0
1
1
0
0
0
0
0
-1
0
0
3
2
-3
1
3
-3
-2
3
1
0
-2
0
0
0
4
0
0
-2
0
5
4
-1
-5
-4
2
2
0
-3
-3
-1
0
1
0
-5
-5
-2
2
1
0
0
-1
0
1
4
5
-2
0
3
2
2
0
-3
0
4
4
0
-4
-4
0
1
2
-2
-7
-4
0
3
5
-7
-4
0
2
10
0
-4
0
0
8
5
0
-1
-6
2
5
-1
-4
0
2
0
-3
-3
0
-2
0
1
-1
-2
-3
5
10
-3
-9
3
5
1
0
-1
0
-3
0
1
0
-1
-2
0
0
-5
-6
4
1
-6
-2
7
0
-6
-1
0
2
0
3
5
-2
-7
-1
3
4
2
1
6
4
-11
-8
5
8
3
0
3
1
-6
-6
2
6
1
1
2
0
-6
-11
0
10
2
-1
-1
1
-2
-6
-4
-1
1
3
8
0
-10
-9
0
9
3
0
3
0
-4
-3
0
0
2
5
-1
0
1
-6
-4
8
3
0
3
-4
-2
-3
0
8
-1
-3
0
-2
0
2
-2
-4
0
2
1
6
-1
-11
-6
5
13
1
-8
-5
3
7
-1
-8
-6
4
11
8
-4
-9
-3
4
6
0
-5
-3
0
4
4
-3
-6
0
4
4
0
-7
-2
5
3
0
-4
-1
0
0
2
3
-3
-3
1
-1
0
3
1
-1
0
1
-1
0
1
4
0
-5
-1
1
5
6
-3
-9
-3
11
13
-1
-12
-7
4
10
3
-2
-6
-7
-1
3
3
3
0
-5
0
0
1
5
4
-2
-8
-7
2
4
0
0
2
0
-8
-1
13
7
-3
-9
-4
1
2
0
2
0
-5
-3
6
12
4
-5
-5
-1
3
1
-3
-1
-3
-5
3
4
-1
-1
0
-2
1
5
0
-5
0
3
0
-2
-3
3
7
-6
-6
7
0
-4
3
1
4
1
-8
1
7
-1
-4
-1
2
0
-5
1
8
1
-5
-2
1
4
-3
-2
3
0
2
-4
-5
7
5
-3
-1
0
-2
-5
0
5
2
1
0
-7
-2
8
-4
1
13
-8
-11
3
-2
-1
15
6
-10
-2
0
-6
2
13
-3
-6
3
-8
-5
10
6
-4
-3
0
-8
-4
13
1
-1
4
-11
-6
9
8
-1
0
0
-5
3
4
-3
3
1
-10
-1
3
1
0
-4
-2
0
3
5
0
-3
-6
1
7
2
1
-1
-1
-5
-1
9
-2
-4
1
0
-1
1
2
-2
3
1
-8
6
7
-13
-3
10
-1
-8
1
4
-1
-6
1
9
2
-6
-1
5
4
-6
-5
7
1
-7
-3
5
5
-7
-5
4
2
-3
0
4
0
-3
0
1
-1
0
1
-1
-4
2
3
-1
-1
1
0
0
0
-1
1
2
-3
-3
1
4
-1
-2
4
-5
3
3
-2
-4
-1
8
4
-7
-4
9
0
-2
1
-4
6
2
-9
2
7
-4
-10
8
4
-9
0
2
3
-6
-10
15
11
-16
-10
6
6
-2
-1
-6
11
0
-20
11
10
-7
-9
4
16
-12
-6
24
-9
-6
2
-5
-4
126
-172
-55
193
-73
-44
44
8
-16
40
-99
25
129
-34
-82
-34
25
125
-82
-66
-13
47
100
-43
-92
-10
89
21
-32
-12
-24
-15
23
6
31
-5
-51
-13
45
46
-27
-74
6
87
39
-59
-67
40
35
-14
-16
-14
4
18
13
0
0
-48
25
35
-9
-29
-29
11
35
12
-15
-8
-10
10
0
-7
7
-28
37
27
-39
1
0
-7
-7
20
29
-18
-18
1
4
14
-18
-5
23
-15
-19
18
7
-21
18
6
-14
8
11
1
-15
8
-12
-6
8
-3
-19
4
20
-10
-6
38
-16
-18
25
-16
-15
13
14
-5
3
-5
-4
12
-9
-7
-16
21
8
-11
11
-5
3
-4
5
7
-2
4
-6
-17
3
12
-5
2
11
-16
0
10
0
-7
-3
0
-4
4
7
-8
-4
6
-1
-3
-1
-1
1
1
-4
-4
8
0
-3
0
3
11
-2
-14
4
6
4
-3
-8
6
8
-2
-3
3
1
2
2
-8
2
9
0
-6
1
3
-6
-5
1
10
0
-11
-4
3
6
2
-7
-4
2
1
0
-3
0
2
-4
2
1
-3
2
3
-3
0
0
3
5
-4
0
2
2
0
-1
-1
1
2
0
0
0
1
0
-1
0
0
0
0
3
0
-1
-1
-1
1
1
0
-1
0
0
-1
-1
0
-1
0
2
1
0
0
0
2
0
0
0
-2
0
2
-1
0
1
0
-1
0
1
0
0
0
0
0
2
2
-1
0
-1
0
1
0
0
0
0
0
0
-1
0
0
0
-1
0
1
0
-1
0
2
0
0
0
0
0
-1
-1
1
0
0
0
0
0
0
1
0
0
0
1
0
-1
0
0
0
0
0
-1
0
0
0
0
0
1
-1
-1
1
1
0
-1
0
-1
-1
0
1
0
0
0
0
-1
2
2
0
0
0
0
0
0
2
0
-2
-1
0
0
0
1
0
0
-2
0
1
1
0
0
0
-1
0
0
-2
1
1
-1
0
0
0
0
0
0
0
0
0
0
0
1
3
2
1
1
0
1
0
1
0
0
-2
-1
0
0
-1
0
-1
-4
-4
-2
-1
-1
-2
-1
-2
0
0
0
-1
0
0
0
1
1
0
1
2
1
1
2
2
1
0
0
0
0
1
1
0
0
1
1
0
2
1
-1
1
2
1
0
0
0
0
0
0
0
-1
-1
0
0
0
0
-2
-2
0
-1
-1
-2
0
0
0
0
0
1
1
1
0
0
0
1
1
0
1
0
0
0
0
1
1
1
0
-1
-1
-1
0
0
-1
-1
0
0
0
0
0
-1
-1
-1
-1
0
0
0
1
1
0
-1
-1
0
1
0
0
0
0
1
0
1
0
0
1
0
1
1
0
0
0
0
0
0
0
0
0
0
0
0
0
0
0
0
0
0
0
-1
0
0
-2
-1
0
0
0
0
0
0
0
0
0
0
0
0
-1
0
0
0
0
1
0
0
1
0
0
0
0
-1
0
1
-1
0
0
0
0
1
0
0
0
-2
-1
0
-1
0
0
1
0
1
0
0
0
0
0
0
0
0
0
0
0
0
-3
-1
0
0
0
1
0
-1
0
0
0
0
0
0
1
0
-1
0
0
0
0
0
2
1
1
1
0
0
-1
0
0
0
0
-1
0
0
1
0
0
0
-1
0
0
0
0
0
-1
0
0
1
-1
0
1
2
2
0
0
0
0
-1
-1
0
-2
-2
0
0
-2
-1
0
0
2
0
0
3
1
0
1
0
-1
-2
-1
-1
-1
0
0
1
0
-1
1
1
0
0
0
1
0
0
1
1
-1
-1
0
0
-1
-3
-3
-3
-1
0
1
2
2
1
0
2
1
1
1
-2
-3
-4
-1
1
-1
0
1
3
2
2
4
2
0
-2
-3
-4
-1
-1
0
1
2
3
3
1
0
-2
-3
-5
-3
-2
1
1
3
4
3
2
1
0
-2
-3
-3
-2
-2
0
1
-1
0
2
3
1
0
-1
-1
-3
-3
-2
0
1
1
2
2
2
2
0
0
0
-4
-2
0
0
0
0
0
1
0
1
1
0
-1
0
0
0
0
0
0
0
0
-1
0
0
0
0
0
0
0
0
0
-1
-1
0
0
0
1
1
1
0
0
0
0
-1
-1
0
0
0
0
-1
0
1
1
0
0
0
0
-1
-2
-1
0
0
0
1
0
0
0
0
0
0
0
0
1
0
0
1
0
0
-1
0
0
-2
-1
1
1
0
0
-1
0
1
-1
0
0
-1
0
1
1
0
0
0
1
-1
-1
0
0
0
0
1
1
0
0
0
0
-1
0
0
0
-1
0
0
0
0
0
0
0
0
0
-1
0
0
0
0
0
0
-1
0
0
0
0
0
0
1
0
0
0
0
0
0
0
-1
0
0
0
2
0
0
0
1
0
0
0
-1
0
1
0
-1
1
0
0
0
0
0
0
1
1
0
-1
0
0
-1
0
1
0
-1
-1
-1
0
0
1
3
0
-1
-1
-1
0
2
3
1
-2
-3
-2
1
1
4
3
0
-2
-1
-1
1
4
0
-1
-1
-2
-3
0
2
2
0
0
0
2
0
0
0
0
0
2
0
0
0
0
-1
-1
0
0
0
0
0
-1
-2
-1
0
0
2
3
0
-1
0
0
0
0
0
0
-1
0
1
0
0
-1
-2
0
1
0
0
0
-1
-1
0
2
3
2
0
-2
0
1
1
1
-2
-2
0
1
0
0
0
-1
0
0
0
1
0
-2
-1
1
2
-1
0
0
0
1
0
1
2
1
0
-1
1
1
0
2
-1
0
0
0
-1
-1
0
-1
-2
0
0
1
0
-1
0
2
2
1
-1
0
0
0
0
1
0
0
0
0
0
0
0
0
0
0
1
0
0
0
0
0
1
-1
2
0
-1
1
0
0
0
0
-1
0
0
1
-1
0
0
-1
0
0
-1
0
0
0
-1
0
0
0
0
0
0
0
0
0
1
-1
0
0
0
0
0
0
0
0
1
0
-1
0
0
0
-1
0
0
1
0
0
1
0
0
0
1
1
-1
0
0
1
0
-2
0
0
-1
0
0
0
-2
0
0
0
0
-1
0
0
0
-1
0
0
0
0
1
1
-1
1
0
0
0
0
0
1
0
0
1
0
0
-1
0
0
-2
-1
0
0
-1
0
0
0
0
1
3
0
0
0
0
1
0
0
0
0
1
0
0
-1
-1
0
0
0
-1
-2
-1
0
0
0
1
0
0
0
-2
0
1
0
2
2
-1
1
0
0
0
-1
0
1
0
0
0
-1
0
1
-2
0
0
0
0
0
0
0
2
0
-1
0
0
-1
0
1
0
0
1
0
0
1
0
0
1
0
0
-1
0
0
-1
0
0
0
0
0
1
0
-1
0
-1
-1
0
0
0
0
0
0
2
0
0
1
0
0
1
0
0
0
1
0
0
0
0
0
0
0
0
-2
-1
2
0
-1
0
0
0
0
0
0
0
1
1
0
-2
0
0
0
1
0
0
0
1
0
0
0
0
0
0
0
0
0
0
0
0
0
1
1
-1
0
1
1
-1
-2
-1
0
1
0
0
0
0
0
0
0
0
-1
-1
0
1
0
0
0
0
0
0
0
-1
-1
0
0
0
0
1
0
-1
0
0
0
0
0
0
0
-1
-1
-1
-1
0
0
0
0
0
1
2
-1
-3
0
0
1
0
0
1
0
0
0
-1
-3
0
2
1
2
1
0
0
-1
-2
-1
1
1
0
0
0
0
0
0
-1
0
0
0
0
-1
0
0
0
-1
0
0
2
0
-1
0
-1
0
0
2
1
0
1
-1
-1
0
0
2
1
0
-1
-1
-1
0
1
1
-1
0
0
0
0
-2
0
0
1
0
-1
-1
-3
0
3
3
1
0
-1
-2
0
0
0
-1
-1
0
1
2
0
0
0
0
1
1
0
-1
0
0
0
0
0
1
0
0
0
0
-1
-2
0
1
1
0
0
-1
0
2
0
-1
-2
0
0
0
0
0
1
0
0
0
1
0
1
-1
-2
0
0
0
1
1
0
0
0
-1
0
0
0
1
0
0
0
0
0
0
0
0
0
0
0
2
0
0
0
0
0
0
-1
-2
0
1
0
1
0
0
0
1
0
1
-1
-2
-1
2
1
0
-1
0
0
0
0
0
0
-2
0
1
0
0
0
0
1
1
0
0
0
0
-1
-1
0
0
-1
0
1
1
0
0
0
0
0
0
-1
0
-1
-1
0
1
0
0
0
2
0
0
0
0
1
0
0
-1
0
0
0
-1
0
0
0
0
1
2
0
1
0
-2
0
-1
0
0
0
0
0
0
0
0
-2
1
0
0
0
-1
0
1
0
0
0
-1
0
2
0
-1
0
0
0
0
0
1
0
0
-1
-1
0
-1
0
1
1
0
0
0
0
0
0
1
0
0
0
0
0
0
0
0
-2
0
0
0
0
0
-1
0
0
1
0
-1
0
0
1
-2
-1
0
-1
1
0
0
0
0
1
0
0
0
0
2
2
0
-1
0
0
0
0
0
0
1
0
0
-1
-2
0
-1
0
0
0
0
1
-1
-2
0
0
0
0
0
0
0
0
0
1
2
0
0
0
0
1
0
0
0
0
0
0
0
-1
0
0
0
0
0
0
0
0
0
0
0
0
0
-1
0
0
-1
0
0
1
0
-1
0
0
0
0
0
-1
0
1
0
0
1
0
0
0
0
0
1
0
0
0
0
0
0
0
0
1
0
-1
0
0
0
1
0
-1
0
1
0
0
-1
-1
1
0
-1
0
-1
0
0
0
1
0
0
0
0
0
0
0
0
0
0
0
0
0
0
0
0
1
0
0
0
1
0
0
0
0
0
0
0
0
0
-1
-1
0
0
-1
0
0
0
-1
0
0
0
0
-1
0
0
0
0
0
0
1
-1
0
0
0
0
0
0
0
0
0
0
-1
0
0
0
0
0
0
0
0
1
0
-1
0
0
0
0
0
0
0
0
0
0
-1
0
0
0
0
-1
0
0
0
0
0
0
0
0
0
0
0
-1
0
0
-1
0
0
0
0
0
0
1
0
0
0
0
0
0
0
1
0
0
0
0
0
0
0
0
0
0
0
0
0
-1
0
0
0
0
0
0
0
0
-1
0
0
0
0
0
1
0
0
1
0
-1
0
0
0
1
0
0
1
1
1
0
0
1
0
0
0
0
0
-1
0
0
0
1
1
0
0
0
1
-1
-1
-1
-1
-1
0
0
-1
0
0
0
0
0
0
0
1
0
0
-1
0
0
0
0
0
0
0
0
1
1
0
0
0
0
0
0
0
-1
-1
0
0
0
0
0
0
0
0
0
0
0
0
0
0
-1
-1
0
0
0
0
0
0
0
0
0
1
0
0
0
-1
0
0
0
0
0
0
0
0
-1
0
0
0
0
0
0
0
0
0
0
0
0
0
0
0
0
1
0
0
0
0
0
0
0
0
0
-1
0
0
-1
0
0
0
0
0
0
0
0
0
0
0
0
0
0
0
0
0
0
0
0
0
0
-1
0
1
0
0
0
0
0
0
0
0
0
-1
-1
0
0
-2
0
1
1
0
1
1
0
-1
0
0
0
0
0
1
0
0
1
0
0
0
0
0
0
0
0
0
0
0
0
0
0
0
0
-1
0
0
-1
0
0
0
0
0
0
0
0
0
0
0
0
0
0
0
0
0
0
0
1
0
0
0
0
0
-1
0
0
0
0
0
0
0
-1
0
0
0
0
1
0
-1
-1
0
0
0
0
0
0
0
-2
0
0
0
1
2
0
0
-1
-1
0
0
-1
1
0
0
0
0
0
0
0
0
0
-1
0
0
0
0
0
0
0
1
0
1
0
0
0
0
0
1
0
0
0
1
1
0
0
0
0
0
-1
-1
1
0
0
1
0
-1
0
0
0
0
-1
0
0
-1
0
0
0
0
1
0
0
0
0
0
0
0
0
0
0
1
0
0
1
0
-1
0
0
0
2
0
0
0
0
0
0
0
-1
0
0
0
0
-1
0
0
0
-1
0
0
0
0
0
0
1
1
1
-1
0
0
0
0
0
0
0
0
0
0
0
1
0
0
0
0
0
0
0
0
0
-1
1
0
0
0
0
-1
-1
0
0
1
0
0
0
0
0
0
0
0
0
0
1
0
0
0
0
1
0
0
0
0
0
0
0
0
1
0
0
0
0
-1
0
0
0
2
0
0
0
0
0
0
0
0
0
0
-1
0
0
0
0
0
0
0
0
0
0
0
0
0
0
0
-1
0
0
0
0
0
0
0
1
0
1
0
0
0
0
0
0
0
0
0
0
0
0
0
0
0
-1
0
0
0
0
0
1
0
0
0
0
1
0
0
0
-1
0
0
0
0
0
0
0
0
0
0
0
0
0
0
0
0
0
0
0
0
1
0
0
0
-1
0
0
0
0
0
0
0
0
-1
0
0
0
0
0
0
0
0
0
1
0
0
0
1
1
0
1
0
0
1
0
0
0
0
0
0
0
-1
0
0
0
0
0
0
-1
0
0
-1
1
1
0
0
0
0
0
0
0
0
0
0
-1
0
0
0
0
0
0
0
0
-1
0
1
0
0
0
0
0
0
0
0
0
0
0
0
0
0
0
-1
0
0
0
0
0
0
0
0
1
0
-1
0
0
-1
0
1
0
0
0
0
0
-2
0
0
0
0
0
0
0
0
0
0
0
0
-2
0
0
0
0
0
0
1
1
0
0
0
0
0
0
0
0
0
-1
0
2
0
0
0
0
0
0
0
-1
0
0
0
0
0
0
0
0
0
0
0
0
0
0
0
0
0
-1
0
0
0
0
0
0
0
1
0
0
0
-1
-1
0
0
0
0
0
-1
0
1
0
0
0
0
0
-1
0
0
0
0
1
1
1
0
0
0
0
0
0
0
0
0
0
0
0
0
0
-1
0
0
0
0
0
0
0
0
0
0
0
0
0
0
0
0
0
1
0
-1
0
0
0
1
0
0
0
0
0
0
0
0
0
0
0
1
0
-1
-1
0
0
0
0
0
0
0
0
0
0
0
0
0
0
0
0
0
0
0
0
0
0
0
0
0
0
0
1
0
0
0
0
-1
0
0
1
0
1
0
0
0
0
0
0
0
0
-1
0
1
1
0
0
-1
0
0
0
0
0
0
0
0
0
0
0
0
0
-1
0
0
0
0
0
0
0
1
0
0
1
1
-1
0
-1
0
0
0
0
0
1
0
0
0
0
0
0
0
0
0
0
0
0
0
-1
-1
-1
0
0
0
0
0
0
1
0
0
0
-2
-1
0
1
1
0
0
0
1
1
0
0
0
0
0
0
1
0
0
0
0
0
0
0
0
-1
0
0
0
0
0
0
0
0
0
-1
0
0
0
0
1
1
0
0
0
0
0
0
0
0
0
0
0
0
-1
0
0
0
-1
0
0
0
1
0
0
0
0
0
0
0
0
0
0
0
0
0
0
-1
0
0
0
0
0
0
0
0
0
0
0
-1
0
0
0
1
0
0
0
0
0
1
0
0
0
0
0
0
0
0
0
0
0
0
0
0
0
0
-1
0
0
0
0
0
0
0
0
-1
0
0
0
1
-1
0
0
0
0
0
0
0
1
0
0
0
0
0
0
0
0
0
0
0
-1
0
0
0
-1
0
-1
-1
0
0
0
0
0
0
0
0
0
-1
0
1
0
0
0
1
1
0
0
0
0
0
0
0
-1
0
0
-1
0
0
1
0
-1
0
0
0
0
0
0
0
0
-1
0
0
0
0
0
-1
0
0
0
0
0
0
0
0
0
0
0
0
0
0
0
1
0
0
0
1
0
0
0
0
0
0
0
0
0
0
0
0
0
0
0
0
0
0
0
-1
0
1
0
0
0
0
0
0
0
-1
0
0
0
0
0
0
1
0
-1
0
0
1
0
0
0
0
0
0
0
0
0
0
1
0
0
0
0
-1
0
0
0
0
0
0
-1
0
0
-1
0
0
0
0
0
0
-1
0
0
0
0
1
1
0
0
0
0
0
0
0
0
0
0
0
0
0
0
1
0
0
0
0
0
0
0
0
0
0
0
0
0
0
-1
0
0
0
1
-1
0
-1
0
0
0
0
0
1
0
0
0
-1
0
0
0
1
0
0
0
0
0
0
0
1
0
0
0
0
0
1
0
0
0
0
0
0
0
0
0
0
-1
-1
0
1
0
0
0
0
0
0
0
1
0
0
0
-1
0
0
0
0
0
0
-1
0
0
0
0
-1
0
0
0
0
0
0
1
0
0
0
0
1
0
0
1
0
0
0
0
0
0
0
0
0
-1
0
0
0
0
0
2
0
0
0
0
0
0
0
0
0
0
0
0
0
0
0
0
0
0
0
0
0
0
0
0
-1
0
1
0
0
0
0
0
0
0
-1
0
0
0
-1
0
0
0
0
0
1
0
0
0
0
0
0
0
0
-1
0
0
0
-1
-1
0
0
0
0
0
0
0
0
0
0
0
-1
0
1
0
0
0
0
0
0
-1
-1
0
1
0
0
0
0
0
0
0
-1
0
0
2
0
0
0
-1
0
0
0
0
1
0
0
0
-1
0
0
0
0
0
1
0
-1
0
0
0
2
0
-1
1
0
0
1
0
-1
0
0
0
0
-2
-1
0
0
0
0
0
1
0
0
0
0
0
1
0
0
0
0
0
0
0
0
0
0
0
0
0
0
0
0
0
0
0
0
0
0
0
0
1
1
-1
0
0
0
0
0
0
0
0
0
-1
-1
0
0
0
0
0
0
0
0
0
0
0
0
1
1
1
1
0
0
1
1
0
-1
0
0
0
0
0
-1
-1
0
0
1
0
0
0
-1
0
0
0
0
0
-1
-1
0
0
0
0
0
0
0
0
0
0
0
-1
0
2
0
0
0
0
0
0
0
0
1
0
0
0
0
0
0
0
0
0
0
0
0
0
0
-1
0
0
-1
0
0
0
0
0
0
0
-1
0
0
0
1
0
0
0
0
0
0
0
0
0
0
0
0
0
-1
0
0
0
0
0
1
1
0
0
0
0
0
1
1
1
0
0
0
0
0
0
0
-1
0
0
-1
0
0
0
0
-1
0
-1
0
0
0
2
0
0
1
1
0
0
0
1
0
0
0
0
-1
0
0
0
0
0
0
0
-1
-1
0
0
-1
0
1
0
-1
0
0
0
1
0
0
0
0
1
0
0
0
0
-2
0
1
0
0
0
0
0
0
0
-1
0
0
0
0
-1
-1
0
0
0
0
0
0
1
0
0
0
0
0
0
0
0
1
0
0
-1
1
0
0
0
0
0
0
1
0
-1
0
0
0
-1
0
0
0
0
0
0
0
0
0
0
0
0
0
0
0
0
0
0
0
0
0
0
0
0
-1
0
1
0
0
0
0
0
0
0
0
0
0
0
0
0
0
0
0
0
-1
1
0
0
0
0
0
0
0
0
-1
0
-1
-1
0
0
0
0
0
0
1
0
-1
0
1
0
-1
0
0
0
0
0
0
0
0
0
0
0
1
0
0
0
0
0
0
0
0
0
0
0
0
-1
0
-1
0
0
0
0
0
0
0
0
0
0
0
0
0
0
0
1
0
0
0
0
0
0
0
0
0
0
0
1
0
0
0
0
0
1
0
0
-1
0
0
0
0
0
0
0
0
0
0
-1
0
0
0
-1
0
1
0
0
0
0
0
0
0
0
0
0
0
0
0
0
0
0
0
0
0
0
-1
-1
0
0
0
0
0
0
0
0
0
0
0
-1
0
0
0
0
2
2
0
0
0
0
0
0
0
-1
1
0
0
0
-1
0
0
0
0
0
0
0
0
0
1
0
-1
-1
0
0
0
0
1
0
0
0
0
0
-1
0
0
1
0
0
0
0
0
0
0
0
0
0
0
0
0
-1
0
0
0
-1
0
0
0
0
0
0
0
0
-1
0
0
1
0
0
0
0
0
0
0
0
0
0
0
0
0
0
0
0
0
0
0
0
0
0
0
0
0
0
0
0
0
-1
0
0
0
0
0
0
0
0
-1
0
0
0
0
1
0
1
0
0
-1
0
0
-1
0
0
0
0
1
0
0
0
0
0
0
0
0
0
0
0
0
0
0
0
0
0
0
0
0
0
0
0
0
0
0
0
0
0
0
0
0
0
0
0
0
0
0
0
0
-1
-1
0
1
0
0
0
0
0
0
0
0
0
0
0
0
1
0
0
0
0
0
0
0
0
0
0
0
0
0
0
0
0
1
1
0
0
0
0
0
1
0
1
0
0
0
0
-1
0
0
0
0
-1
0
-1
0
0
0
0
0
0
0
0
0
0
0
0
0
1
1
-1
0
0
0
0
0
0
0
0
0
0
0
0
0
0
-1
0
0
1
0
0
1
-1
0
0
0
0
0
0
0
0
0
0
0
1
0
0
0
0
1
1
1
2
0
0
0
0
0
0
0
0
0
0
-1
0
0
-1
-1
0
0
0
0
0
0
0
0
0
0
0
0
0
0
1
0
0
0
0
1
1
1
0
0
1
0
0
0
1
-1
0
-1
-1
0
0
-1
-1
0
0
0
0
0
0
0
0
0
0
0
0
0
0
0
0
0
0
0
0
0
0
0
0
0
0
1
0
0
0
0
0
0
0
0
0
0
1
-1
0
0
-1
-1
0
0
0
0
0
0
0
0
0
0
0
0
0
1
0
0
0
-1
0
0
0
0
0
-1
0
0
0
0
0
0
0
0
0
0
0
0
0
0
0
0
0
0
0
0
0
0
0
0
0
0
0
0
0
0
-2
-1
0
1
0
0
0
0
0
0
0
1
0
1
0
-1
1
0
0
0
0
0
0
1
0
0
0
0
0
0
0
1
0
0
-1
0
0
0
0
1
1
0
0
0
0
0
0
0
0
0
0
-1
-1
0
-1
0
0
0
0
0
0
0
0
0
0
0
0
1
0
0
0
0
0
0
0
0
1
0
0
0
0
0
0
0
0
0
0
-1
0
0
0
0
0
0
0
0
0
0
-1
0
0
0
0
0
0
-1
0
0
1
0
-1
0
-1
0
0
-1
0
0
0
0
0
0
0
0
1
0
0
0
0
1
0
1
0
0
-1
0
0
0
0
-1
-1
0
0
0
0
0
0
0
0
0
0
0
0
0
0
0
0
-1
0
0
1
0
0
0
0
0
0
0
0
0
0
0
0
0
0
0
0
0
0
0
0
0
0
0
0
-1
0
0
-1
0
0
1
1
0
-1
-1
0
0
1
0
0
-1
0
0
0
0
-1
0
1
1
0
-1
0
0
0
0
-1
0
0
0
1
0
0
0
0
1
0
0
0
0
0
0
0
1
0
0
1
0
0
0
0
0
0
0
0
0
0
0
0
0
0
0
0
0
0
0
0
-1
1
0
0
-1
-2
0
0
0
0
0
0
0
0
0
1
0
0
0
0
1
1
1
0
0
0
0
0
0
0
0
1
0
0
0
0
0
0
0
0
0
0
0
0
0
0
0
0
0
-1
0
0
-1
0
0
0
0
0
0
0
0
0
0
0
0
0
0
-1
-1
0
1
0
0
0
0
1
0
0
0
0
1
2
0
0
-1
0
1
1
0
0
0
0
0
0
-1
-1
0
0
0
0
0
0
0
0
0
0
0
1
0
0
0
-1
1
1
0
0
0
0
0
0
-1
0
0
0
0
0
0
0
0
0
0
0
0
0
-1
0
0
0
0
0
0
-1
0
0
0
0
0
0
0
0
0
0
0
0
0
0
0
-1
0
2
0
0
0
1
1
0
0
0
1
1
0
0
0
0
1
1
0
0
0
0
-1
0
0
-1
0
0
0
0
-2
0
0
-2
-2
-1
-1
-1
0
0
0
0
-1
0
0
0
0
1
0
0
2
0
0
0
0
2
1
0
0
0
1
1
0
0
0
0
0
0
0
0
-1
0
0
0
0
-1
0
0
-1
0
0
0
0
0
0
0
0
0
0
0
0
0
0
0
0
0
0
1
0
1
0
0
0
0
0
0
1
0
0
0
0
-1
0
0
0
0
0
0
0
0
0
0
0
0
0
0
-1
-1
0
0
0
0
0
0
0
0
0
0
0
0
1
0
0
0
0
1
0
0
0
0
0
0
1
0
0
-1
0
0
0
1
0
0
0
0
0
-1
-1
0
0
1
1
0
0
0
0
-1
0
0
0
1
0
0
-1
1
0
-1
0
1
0
-1
0
0
0
1
0
-1
0
0
0
-1
0
0
0
-2
0
1
0
0
0
-1
0
0
0
0
0
1
0
0
0
-1
0
1
0
0
2
0
-1
0
0
0
0
0
0
0
0
1
-1
0
0
0
-1
0
0
1
0
0
1
0
0
0
0
0
0
1
0
-1
-2
0
1
-1
-1
0
0
0
0
0
0
0
0
0
0
1
1
0
0
0
0
0
1
0
0
0
0
0
0
-1
0
0
-1
0
0
0
-1
0
0
0
0
0
0
0
0
0
1
1
1
0
0
0
0
0
-1
0
0
0
0
0
2
0
0
-1
0
1
0
0
-1
-1
0
0
0
-1
0
0
0
0
1
0
0
0
0
0
1
0
0
0
0
0
1
0
0
0
0
1
0
0
2
0
0
1
0
-1
0
0
-1
0
0
0
0
0
0
-1
-1
0
0
0
0
-1
0
1
0
-1
-1
0
1
-1
0
2
0
0
0
0
0
0
0
0
0
1
0
0
0
1
0
0
0
0
0
1
0
0
0
1
-1
-1
-1
0
1
0
0
-1
0
1
-1
-1
0
0
0
-1
1
0
0
0
1
0
0
0
0
0
0
0
0
0
0
0
0
0
0
0
0
0
0
-1
0
1
0
-1
0
0
0
0
0
1
0
1
0
0
0
0
0
0
0
0
-1
0
0
1
0
-2
0
1
0
0
0
0
0
0
0
1
0
0
0
0
0
0
0
0
0
0
0
0
0
0
0
0
0
0
0
0
0
0
-1
0
0
-1
1
0
0
0
-1
1
0
0
0
0
0
0
0
0
0
0
0
0
0
0
0
0
0
0
-1
0
1
0
0
0
0
0
0
0
1
2
0
0
0
0
0
0
0
0
0
-2
1
0
-1
-1
0
1
0
0
1
0
-1
1
-1
0
1
1
0
0
0
0
0
2
0
-1
1
0
0
0
0
0
-1
0
0
1
0
0
0
-1
0
0
0
0
0
-1
0
1
1
-1
0
0
0
0
1
-1
0
1
1
0
-1
0
0
-1
1
0
0
-1
0
1
0
-2
0
1
0
0
0
-1
0
0
0
1
-1
0
2
-1
0
3
1
-1
0
0
0
2
1
0
0
-1
0
0
-1
-1
0
0
0
-1
-1
0
-2
-2
1
0
-3
-1
0
-1
1
0
-2
1
0
-1
1
0
0
2
1
0
0
2
2
1
0
1
2
2
1
0
0
0
1
1
0
2
0
0
0
0
-1
0
-1
0
-2
-1
-1
-1
0
-2
-4
0
0
-2
0
-2
0
0
-1
-1
1
0
-2
1
0
0
0
1
0
0
2
1
2
1
0
0
0
1
0
0
0
0
-1
0
2
0
-1
0
0
0
0
0
0
0
0
0
0
-2
-2
0
1
0
-3
0
1
0
0
0
0
0
0
0
0
0
0
2
0
1
0
1
0
0
0
0
0
0
0
0
0
0
0
0
0
-1
-2
0
0
0
0
0
0
0
0
0
-1
0
0
0
1
0
-1
0
1
0
0
0
0
1
1
0
0
0
0
0
0
0
-2
0
0
0
0
0
-1
-1
1
0
-1
0
1
0
-1
0
-2
2
2
-3
-2
0
0
0
0
0
-1
0
1
1
0
1
1
0
0
0
0
0
1
-1
0
0
0
0
0
0
0
-1
-1
0
0
-1
-1
0
0
0
0
0
0
0
0
0
0
0
0
0
0
0
-1
0
1
0
0
0
0
0
0
1
0
0
0
1
0
-1
1
0
0
0
0
0
0
0
0
0
0
0
0
0
0
-1
0
0
1
0
0
0
0
0
1
0
0
0
0
1
0
0
0
0
0
0
0
0
0
0
0
1
0
0
0
0
0
0
0
0
0
0
1
0
0
0
0
0
0
0
0
0
0
0
0
0
-1
0
0
0
-1
0
1
0
0
0
0
0
0
1
0
-1
0
1
0
0
-2
0
0
1
0
-1
1
0
0
0
-1
0
-1
0
0
-1
0
0
0
0
0
0
0
0
0
0
0
0
1
0
0
0
0
0
1
1
0
-1
0
1
0
0
0
0
2
0
0
0
2
2
0
-1
-2
0
0
0
0
-3
-1
0
1
0
-4
-1
2
1
0
-2
-2
2
2
0
-2
-2
2
2
1
-1
-2
1
2
1
0
0
2
1
0
0
0
-2
0
0
0
0
-3
0
0
2
0
-1
-2
-1
0
1
0
0
0
1
1
0
-2
0
2
0
0
1
0
1
0
0
1
0
0
0
0
0
-1
-2
0
1
0
-1
1
0
0
0
0
0
-1
1
1
0
1
1
-1
0
0
-2
0
0
-2
-1
0
0
0
0
0
-1
0
0
-2
-1
0
0
0
0
2
1
0
1
0
2
0
0
0
0
1
0
-1
0
0
0
0
-1
-1
0
0
0
-1
-1
-1
0
1
0
0
0
1
1
-1
0
1
0
-1
0
1
0
-1
1
1
0
0
0
0
1
0
0
0
0
0
0
0
-1
0
0
0
0
0
0
-1
0
0
0
0
0
0
0
0
0
2
0
0
0
1
0
-1
0
0
0
0
0
0
0
0
0
0
0
0
0
0
0
0
1
-1
0
0
0
0
0
0
0
0
0
0
1
1
0
0
0
0
0
0
-1
0
0
-1
0
0
-1
-1
1
-1
0
0
0
0
0
1
0
1
2
0
0
0
-1
1
2
0
0
0
0
0
0
0
0
0
0
-1
0
1
-2
-1
1
-1
0
0
0
0
-2
0
0
-1
0
0
0
0
0
0
0
0
0
0
0
1
3
1
2
0
0
0
0
2
0
0
1
0
1
0
0
0
0
1
0
0
0
-2
-2
0
0
-2
0
-2
-2
0
-2
0
0
-3
0
1
-2
0
0
-1
0
0
0
0
-1
0
2
1
1
0
0
1
1
2
0
1
2
1
3
1
0
0
1
0
0
0
0
0
-1
0
0
0
-2
0
-1
0
-1
-1
0
-2
-2
-1
0
0
0
-1
0
0
0
2
0
0
0
0
1
0
0
0
2
1
0
0
0
0
0
1
0
0
0
-1
-1
0
-1
0
0
-2
0
0
-1
0
0
-1
-1
-1
0
0
0
0
0
0
0
0
0
0
0
0
0
1
0
0
0
1
0
1
1
0
0
1
-1
0
1
0
0
-1
0
0
0
0
0
0
0
0
-1
0
-1
-1
0
0
0
1
0
-1
2
0
-1
2
0
0
0
-1
0
0
0
0
-1
0
0
2
0
0
0
-1
0
0
0
0
0
0
0
0
0
1
0
0
-2
0
1
1
0
-1
0
0
0
1
-1
0
1
-2
0
1
0
0
0
0
1
-1
-1
1
0
0
0
0
0
0
0
-1
1
0
-2
0
0
0
0
0
-1
0
0
0
0
0
0
0
0
2
0
0
0
0
1
1
0
0
0
0
0
0
0
0
0
1
-1
0
0
0
-2
0
0
0
0
0
0
0
0
-1
0
0
0
0
-1
0
1
0
0
0
-1
0
0
2
0
0
1
0
-1
0
0
0
0
0
0
0
1
0
-1
0
1
0
0
0
0
0
1
1
-1
0
0
-1
1
0
-1
0
0
0
1
-1
0
0
-1
0
-1
0
0
0
0
0
0
0
1
0
0
0
0
1
0
-1
0
1
0
0
0
0
0
0
0
1
0
0
1
-1
-1
1
-1
0
2
0
-1
1
0
0
0
0
-1
0
0
0
0
0
0
1
0
0
1
0
0
0
0
0
1
0
-1
0
0
0
0
1
0
0
0
0
0
0
0
0
0
0
0
0
1
0
0
0
0
0
0
0
0
-2
0
1
-1
0
0
0
1
0
0
0
-1
0
1
-1
0
1
-1
0
1
-1
0
0
0
0
0
-1
0
0
0
0
0
0
0
0
0
0
-1
0
1
0
0
0
0
0
0
0
-1
0
0
-1
1
0
0
0
0
0
0
0
0
0
0
0
0
0
0
-1
0
0
0
0
0
0
0
0
0
0
0
0
1
0
0
0
1
-1
-1
0
0
-1
0
0
0
0
1
0
0
3
0
0
0
0
0
-2
0
0
0
0
-1
0
0
0
0
1
0
-1
0
0
-1
0
1
0
0
0
0
0
0
1
0
0
0
0
-2
0
0
-2
-1
1
0
-1
1
-1
0
0
-1
0
0
1
1
0
0
2
0
0
0
-1
0
-1
0
1
0
0
0
0
0
0
0
0
-1
0
1
0
-1
0
0
-1
-1
0
0
0
0
0
0
0
1
0
-1
0
0
0
0
0
0
2
0
0
0
0
1
0
-1
0
0
0
2
0
0
1
0
0
-1
0
0
0
0
0
0
1
-2
0
1
0
0
-1
0
0
0
1
0
0
2
0
-2
0
0
0
0
0
0
0
1
0
0
1
0
-1
0
1
0
0
0
0
-1
0
1
-1
0
1
0
0
0
0
0
-1
0
0
0
0
0
0
1
0
0
0
0
3
0
-1
0
0
-1
-1
0
0
0
0
0
0
0
0
1
0
0
0
1
0
0
-1
0
1
-1
0
1
0
0
0
0
-1
0
0
0
0
0
0
1
0
0
0
1
0
0
0
0
-1
-1
0
0
0
1
0
0
2
0
-1
0
0
0
0
0
0
1
0
0
0
0
0
-1
0
0
0
2
0
-2
0
0
0
0
0
0
0
0
0
0
1
0
0
1
0
0
-1
0
0
0
0
-1
0
0
0
0
0
1
0
0
0
0
1
0
0
0
0
1
0
-1
0
0
-1
0
1
0
0
0
0
0
0
1
0
-1
0
1
0
-1
1
0
0
0
0
0
0
0
0
0
0
1
0
0
0
0
-1
0
1
0
-1
-1
0
0
-1
1
0
-1
1
-1
-1
0
0
0
-1
0
2
0
0
0
0
0
0
0
0
0
0
0
0
1
0
0
0
0
1
0
0
-1
-1
0
0
0
0
0
0
0
0
-1
0
0
0
0
0
0
1
0
1
0
1
1
-1
1
0
0
0
0
0
0
0
0
0
-1
0
1
0
0
0
0
0
0
0
0
0
0
0
0
0
1
0
-1
0
0
0
-1
-1
0
0
-1
0
0
0
1
0
0
0
-2
0
0
-1
0
0
1
0
0
1
1
-1
1
2
0
0
0
0
-1
0
0
0
0
1
0
-1
0
0
0
0
0
1
-1
0
0
0
0
0
0
0
0
0
0
0
0
0
0
-1
0
1
-1
0
2
0
-1
0
1
0
0
0
0
0
0
1
0
0
0
1
0
-1
0
0
0
-2
-1
2
-2
-3
1
0
-1
0
1
0
-1
0
1
-1
0
2
0
0
0
0
0
0
2
0
0
0
0
0
0
0
0
0
1
-2
-1
1
0
0
1
0
0
0
-1
0
0
0
0
0
0
-1
0
0
-1
2
0
-1
0
0
0
-2
0
0
0
0
2
0
0
1
0
-1
2
0
-1
0
0
-1
-1
0
0
0
0
0
0
