0
0
0
0
0
0
0
0
0
0
0
0
0
0
0
0
0
0
0
0
0
0
0
0
0
0
0
0
0
0
0
0
0
0
0
0
0
0
0
0
0
0
0
0
0
0
0
0
0
0
0
0
0
0
0
0
0
0
0
0
0
0
0
0
0
0
0
0
0
0
0
0
0
0
0
0
0
0
0
0
0
0
0
0
0
0
0
0
0
0
0
0
0
0
0
0
0
0
0
0
0
0
0
0
0
0
0
0
0
0
0
0
0
0
0
0
0
0
0
0
0
0
0
0
0
0
0
0
0
0
0
0
0
0
0
0
0
0
0
0
0
0
0
0
0
0
0
0
0
0
0
0
0
0
0
0
0
0
0
0
0
0
0
0
0
0
0
0
0
0
0
0
0
0
0
0
0
0
0
0
0
0
0
0
0
0
0
0
0
0
0
0
0
0
0
0
0
0
0
0
0
0
0
0
0
0
0
0
0
0
0
0
0
0
0
0
0
0
0
0
0
0
0
0
0
0
0
0
0
0
0
0
0
0
0
0
0
0
0
0
0
0
0
0
0
0
0
0
0
0
0
0
0
0
0
0
0
0
0
0
0
0
0
0
0
0
0
0
0
0
0
0
0
0
0
0
0
0
0
0
0
0
0
0
0
0
0
0
0
0
0
0
0
0
0
0
0
0
0
0
0
0
0
0
0
0
0
0
0
0
0
0
0
0
0
0
0
0
0
0
0
0
0
0
0
0
0
0
0
0
0
0
0
0
0
0
0
0
0
0
0
0
0
0
0
0
0
0
0
0
0
0
0
0
0
0
0
0
0
0
0
0
0
0
0
0
0
0
0
0
0
0
0
0
0
0
0
0
0
0
0
0
0
0
0
0
0
0
0
0
0
0
0
0
0
0
0
0
0
0
0
0
0
0
0
0
0
0
0
0
0
0
0
0
0
0
0
0
0
0
0
0
0
0
0
0
0
0
0
0
0
0
0
0
1
0
-1
0
0
1
0
-1
1
1
0
0
-2
0
1
1
2
0
-1
1
1
0
-1
-4
-3
0
1
0
-3
-2
0
3
1
-2
-2
-1
1
3
1
-1
-3
0
3
2
0
-2
-1
0
1
2
-1
-1
-2
0
1
0
0
0
0
0
0
2
0
-1
-1
-4
0
3
0
0
-2
0
2
2
0
-3
-1
0
1
1
0
-1
-1
-1
1
2
0
-1
-2
0
1
-1
0
1
0
0
-1
-1
0
0
1
0
1
2
0
2
-1
0
1
0
0
0
-1
0
-1
0
0
-1
0
-2
0
1
2
2
0
0
0
-1
0
3
0
1
0
0
1
0
0
-2
-1
0
0
-2
-1
0
1
1
-1
-1
-1
0
2
0
0
0
0
0
1
1
2
1
0
-2
1
0
-1
-1
-2
-2
-1
1
2
0
-3
-3
-1
2
1
0
-1
0
0
2
1
0
-1
0
3
3
2
-1
0
3
3
-1
-3
-2
-1
0
0
-2
-1
0
2
3
0
0
-1
-2
1
1
0
-1
-2
-1
-1
-2
-2
-2
-1
0
0
3
3
3
0
0
-1
0
2
0
0
-1
2
3
2
-1
-1
-2
-2
0
-1
-3
-3
0
2
4
3
0
1
2
0
-2
0
-2
0
0
-2
-1
0
3
2
1
-1
-2
0
-1
-2
-2
0
3
1
3
1
0
2
2
1
0
-2
-2
-1
0
0
0
0
0
1
2
0
-1
1
0
-3
-4
-2
0
-1
1
1
-1
1
5
5
3
-3
-2
0
0
-3
-6
-5
0
0
-1
0
2
4
6
2
1
1
1
0
-6
-6
-3
-4
-4
-1
0
4
5
2
2
4
3
0
-1
1
0
-2
-5
0
1
0
-4
-6
7
1
-2
0
1
1
0
0
2
-1
-1
-1
-2
-1
-1
0
5
4
0
2
0
0
0
-2
0
-1
-2
1
-1
-3
-1
1
2
0
2
4
2
-2
-3
0
2
-1
0
4
1
0
-3
0
0
0
0
1
3
0
-4
-2
-1
1
0
0
4
1
0
0
0
-1
-4
-1
-1
0
0
-1
1
1
0
0
0
1
0
0
0
0
1
0
-3
-1
0
0
2
1
0
1
-1
-1
0
-1
-1
0
0
0
0
-2
0
0
1
3
0
0
1
0
1
0
0
0
-1
0
0
2
0
0
0
0
-1
-2
-1
-1
-1
0
-1
0
1
1
3
0
-2
0
-1
-3
-1
0
0
1
3
0
0
1
2
0
0
-1
0
-1
0
0
0
0
2
1
2
0
0
0
-1
0
0
0
0
0
0
0
1
-1
1
0
-2
0
0
0
1
0
1
0
-1
-1
-3
0
0
0
-2
-1
1
1
1
0
0
0
-1
1
0
-2
0
0
1
0
0
1
0
1
1
0
-1
0
0
0
-1
0
0
0
0
-2
-3
0
1
0
-1
-1
0
0
2
1
0
2
0
0
0
0
1
0
-5
-4
0
2
2
0
-4
-5
1
7
4
0
-5
-3
2
4
0
-4
-1
1
3
1
-1
-2
0
3
2
0
-1
-3
-1
2
2
-1
-3
-1
1
2
0
-3
-4
-1
2
3
1
-1
-2
1
5
1
-1
-2
0
2
0
0
0
-2
-3
-2
-1
2
2
0
0
0
0
3
1
-2
-1
0
0
0
-1
-2
0
1
1
0
-2
0
4
4
-1
-2
0
2
0
-1
-2
0
0
1
0
0
0
0
0
0
0
0
0
1
0
-1
0
-2
0
2
1
-1
-1
1
3
2
0
-2
0
3
0
-4
-3
0
4
0
-3
-1
0
2
0
-2
-1
0
0
-1
-1
1
-1
0
0
0
0
0
1
0
0
0
-1
0
2
3
-1
-3
0
4
1
-4
-2
3
3
0
-3
-1
0
0
-3
1
5
6
4
-4
-5
-4
0
0
-3
0
6
4
-2
-10
-11
-1
9
8
0
-4
0
1
-6
-9
-4
4
8
0
-7
-2
6
7
5
0
-1
-2
0
3
0
-4
-8
1
11
5
-7
-12
2
21
17
-12
-26
-14
9
10
-9
-19
-6
22
22
2
-13
-6
9
13
-5
-16
-5
6
9
-5
-14
-7
10
16
7
-4
-6
-2
4
5
-2
-1
-1
1
4
-1
-7
-6
-4
2
5
1
-1
0
2
2
0
-3
-2
3
8
3
-1
-1
-2
0
-1
-4
-3
0
4
-1
-3
2
7
0
-9
-3
7
5
-4
-2
2
6
8
-5
-9
2
12
6
-12
-17
-2
12
5
-11
-9
5
9
3
-2
-7
-1
6
-1
-7
1
14
13
2
-8
-9
-5
0
3
1
-3
7
18
3
-11
-9
0
-4
-14
-8
6
17
15
5
-13
-13
1
1
-18
-16
10
19
10
0
-2
-5
4
0
-18
-8
23
23
-11
-13
12
12
-8
-11
-1
0
5
7
-4
-8
7
7
-13
-12
7
10
-7
-9
-2
-1
-2
6
9
0
0
6
3
-10
-6
11
15
0
-13
-15
1
13
6
-9
-10
10
2
-11
-26
0
28
36
12
-30
-41
-35
22
45
34
-6
-8
6
-4
-18
-39
-22
4
36
36
20
14
-14
-39
-39
-4
16
15
9
1
-1
0
6
4
3
-14
-25
-13
18
31
14
13
0
-5
-18
-20
-12
5
23
16
6
-13
-27
-19
6
22
-8
-16
0
6
2
-6
-4
-9
2
-6
-15
0
14
7
-3
15
13
-32
-36
12
42
24
-6
-15
-4
10
0
-10
-3
22
22
5
-7
-6
3
20
14
-11
-11
-2
4
-1
5
17
15
-11
-23
-18
-3
21
13
-21
-9
20
5
-8
-22
-13
13
3
-4
0
-12
35
45
-44
-39
9
-16
-1
57
40
-26
-57
6
47
-6
-27
-27
-1
52
49
-18
-22
-15
-37
-33
0
13
38
46
-17
-46
-13
0
-19
-7
15
-6
-37
12
36
7
-17
0
-14
-21
-2
0
44
52
7
-16
1
0
-29
33
31
-15
13
-6
-30
-15
7
16
22
12
-15
-1
4
-7
-5
-15
-19
9
25
3
3
3
-21
-6
12
1
-9
12
26
9
8
0
-24
0
22
-18
-22
-1
-2
11
26
3
-12
0
-18
-20
-6
-1
14
11
-8
-24
-22
6
11
11
5
0
-3
0
7
-4
-2
-15
-15
-3
-7
14
4
5
33
13
-4
-16
-29
-22
-3
3
0
-2
5
7
19
22
-9
-6
2
-7
-1
-3
-4
10
7
5
-2
-1
16
17
9
1
-3
-6
-4
-1
-10
-2
0
-10
-7
8
16
18
11
-13
-22
-8
-14
-25
-9
0
4
15
11
7
6
11
12
-5
-6
-1
2
-1
0
6
-3
-3
5
-1
1
3
15
-4
-29
-8
0
-4
-10
8
-6
-23
54
43
-31
-33
-15
-8
-8
56
-6
-25
30
12
-4
-60
2
9
57
50
-27
-30
-52
23
15
5
8
-45
20
9
27
-5
-48
29
12
15
-26
-12
-13
-23
41
-11
-24
-12
-17
29
4
24
39
-6
-11
1
25
-5
-7
15
-56
9
21
7
7
-42
15
-14
7
-14
-31
22
9
23
-28
-23
23
17
49
-16
-26
1
-7
63
-40
-2
-31
53
11
-67
28
-5
25
25
32
-82
-59
6
0
-35
9
41
15
46
0
-32
-11
-12
28
20
7
19
3
18
-44
-18
12
-8
11
15
5
0
2
-30
-40
-14
6
15
0
-6
-26
8
34
-26
0
-11
27
26
13
2
-20
3
28
0
-11
-5
19
13
-23
0
-11
-4
-7
22
-24
-26
1
-27
26
1
21
7
4
43
-23
9
-79
-46
31
47
46
-47
-42
-2
24
8
24
5
31
-21
17
-38
-67
-29
-49
52
-5
63
52
26
0
-14
20
-29
17
47
-8
-3
0
-25
-64
-5
32
-5
31
14
20
-18
-17
-36
-32
-26
-19
-19
-34
20
28
29
24
28
7
-22
-1
-16
-10
-4
-4
21
7
0
19
2
-23
11
31
31
25
38
31
17
0
-24
-56
-48
-18
-11
6
-3
-6
-40
-22
-8
-16
-36
-32
4
0
6
9
24
4
32
44
-1
2
31
39
39
30
26
0
-15
-7
-27
-43
-40
-22
-18
-7
10
20
22
9
0
-21
-25
-26
-15
-4
-7
1
-1
-6
-12
-16
-12
-4
16
24
19
23
40
66
37
16
27
14
22
20
14
4
2
16
-16
-43
-45
-39
-42
-43
-22
-9
-8
-20
-41
-35
-4
6
3
-9
14
24
2
3
0
16
14
10
-2
23
28
8
12
-31
1
14
7
16
-22
20
2
0
35
-39
3
5
-8
24
-32
-19
-7
16
4
-59
-28
-18
-1
-6
1
-26
-61
4
12
12
16
25
30
36
29
-23
10
68
49
14
-57
-7
16
12
20
-59
-42
3
44
30
-43
-29
-21
26
37
-13
-6
2
24
0
-26
-18
13
17
-6
-9
-16
20
25
4
-8
-28
5
23
-1
2
-13
-2
9
2
0
-10
-14
4
-10
-6
3
-3
17
0
-8
-9
-18
14
8
-4
-11
-17
8
20
18
-2
-16
-11
-8
10
5
4
9
7
4
-21
-8
2
5
15
5
-6
-17
-10
2
4
6
-3
11
17
4
0
-6
4
9
9
-7
-18
-6
11
11
0
-4
-14
-3
9
0
-1
-6
0
5
-6
-3
-11
-11
-2
2
7
1
-7
-8
-4
3
19
15
3
2
0
0
0
4
9
3
1
1
2
0
4
-2
-12
-9
-10
-4
-1
5
1
-11
-5
-4
-6
-4
-6
1
5
10
3
-8
1
10
14
7
-5
-5
0
4
6
-2
-11
-1
0
-7
-14
-9
0
2
7
-5
-10
5
14
15
9
9
10
6
11
3
1
9
3
6
-3
-12
-5
-5
0
-2
-3
0
1
-1
-8
-17
-17
-1
2
1
0
-6
0
-2
-1
5
-11
-16
6
17
9
-3
-6
0
2
-1
0
13
12
8
2
-8
-10
-3
7
9
-5
-8
10
13
0
-6
-8
-9
-4
1
6
0
-7
-7
-2
7
8
4
-1
0
1
0
5
3
3
7
0
-1
-6
-8
-6
0
-3
-5
4
20
20
0
-18
-20
-7
8
8
0
-1
-2
3
5
-2
-10
-2
5
-1
-6
-2
11
15
-4
-12
-11
-6
6
6
4
7
8
4
-1
-8
-2
4
2
1
-2
0
5
-1
-4
-6
2
5
-9
-12
-5
10
15
-3
-20
-19
-3
12
13
7
7
5
-4
-16
-17
-2
11
15
5
-3
1
12
11
-8
-21
-15
6
25
14
4
-5
-7
0
-8
-19
-21
-3
24
25
3
-7
-1
2
2
-10
-23
-10
8
17
15
9
5
0
-11
-13
-5
0
9
5
0
6
3
-8
-16
-18
-11
6
14
10
1
-3
1
0
-5
-4
-5
7
22
13
-4
-15
-3
8
13
0
-22
-22
-3
21
21
8
-10
-21
-13
1
9
4
-1
1
7
13
5
-10
-13
-13
0
12
17
6
-11
-16
-7
1
10
12
5
-1
-13
-18
-7
15
22
8
-8
-13
-9
6
10
-1
-9
-1
3
0
-4
-2
4
14
9
-10
-14
-4
1
-1
-3
0
6
11
3
-11
-12
1
8
3
-4
-5
4
12
4
-6
-7
-1
5
5
-1
-4
1
6
3
-5
-6
-1
3
0
-8
-10
1
13
10
2
-5
-9
-5
0
4
5
2
-2
-2
0
2
4
2
0
-1
-2
-4
-3
2
5
4
0
-5
-5
0
6
7
-1
-7
-7
-1
5
5
4
0
-5
-6
-1
3
4
0
-4
-6
0
4
5
3
-4
-2
2
0
-3
0
4
2
0
-1
-3
0
2
0
2
0
0
-1
1
1
0
0
-3
-2
3
4
-3
-7
0
1
2
3
0
-1
-1
2
2
1
-1
-1
0
-2
0
1
0
-1
3
6
4
-3
-14
-9
8
17
5
-11
-11
1
9
5
-7
-12
-1
12
10
0
-6
-5
0
1
-5
-5
0
11
13
-5
-13
-4
8
5
-7
-5
0
12
11
-4
-8
-4
-1
-8
-1
13
4
1
9
-1
-19
-14
4
2
0
9
6
-1
0
0
-10
-2
14
6
-10
-5
7
9
9
4
-10
-16
-5
5
5
2
0
-8
-8
-1
5
2
-4
-2
5
6
-1
-9
-8
2
8
10
7
0
-2
-3
-4
-4
4
4
-5
-7
-2
6
9
0
-6
-8
-1
6
3
0
0
0
0
3
2
-1
-2
-2
-1
0
2
2
1
1
0
-1
-5
-4
-3
6
8
4
-3
-6
-3
0
5
5
1
-3
-4
-2
-2
0
3
0
0
2
0
-3
-2
1
0
0
3
1
-5
-5
3
2
-1
-1
-1
-1
1
4
0
0
2
0
-4
-3
0
3
0
0
2
0
-1
0
-1
0
4
5
0
-4
-2
-3
-4
0
6
3
4
2
-2
-4
-1
2
1
4
4
-5
-12
-10
3
10
11
0
-12
-10
2
16
10
-3
-13
-9
3
8
3
-7
3
16
12
-8
-21
-22
-6
12
19
2
-6
0
-4
-9
-5
7
8
7
11
0
-9
-7
0
-6
-18
-14
-4
14
35
32
18
4
0
-15
-37
-37
-22
0
13
14
7
14
28
17
-4
-12
-5
-2
-10
-16
-14
-1
8
3
2
10
10
3
-9
-15
-8
5
11
7
5
5
2
-4
-3
2
3
6
2
-7
-14
-13
-8
-2
5
5
5
8
11
4
2
2
-4
-1
-5
-12
-10
-2
1
0
5
8
7
4
0
0
0
-2
-3
-5
-7
-2
0
3
3
1
2
1
2
2
-1
-7
-5
0
-3
-5
0
1
2
4
4
1
0
0
-3
-3
0
4
2
1
2
-1
-1
2
3
3
0
-1
-2
-3
-3
-3
-1
0
1
2
1
0
0
-1
-2
-4
-2
0
2
2
1
1
1
0
-1
-2
0
3
2
-2
-2
-1
0
0
-2
-1
2
3
3
0
0
0
0
0
0
0
0
-1
-1
-1
0
-1
0
1
0
0
0
0
0
0
0
-1
-2
0
1
1
1
0
0
1
2
1
0
0
-1
-2
0
0
1
1
1
0
-2
-1
1
2
1
0
0
0
-2
-3
-1
1
1
0
0
0
-2
-2
0
2
3
1
-1
0
0
-1
-1
0
3
1
1
-1
-1
0
0
-1
0
0
1
0
0
0
-1
0
1
3
2
-2
-2
0
1
0
0
0
0
1
-1
-1
0
0
-1
-2
-3
-2
0
1
0
0
1
-1
-1
1
1
1
0
1
1
1
1
0
0
0
0
0
0
0
0
-1
0
0
0
-1
0
-2
0
0
-2
0
0
-2
0
1
2
0
0
0
0
1
0
1
0
0
1
1
0
0
0
0
0
0
0
0
1
-1
-2
0
0
0
0
0
0
0
0
1
1
0
0
1
0
0
0
0
0
0
0
0
-1
-2
-1
0
1
1
0
-1
0
1
0
0
0
1
1
0
-2
0
0
0
1
2
1
0
0
-1
-1
1
2
0
0
1
0
-1
0
0
0
1
1
0
0
0
-1
0
0
0
-1
0
0
0
-1
2
1
0
0
0
0
0
0
0
0
0
-1
0
0
0
-1
0
0
0
1
1
-1
0
0
0
0
0
0
0
0
-2
-1
0
0
0
0
-1
1
1
1
0
-1
0
0
0
-2
0
2
1
0
0
0
0
0
0
0
0
0
0
0
0
0
0
0
-1
1
0
0
1
1
2
0
0
0
0
0
0
0
0
-1
0
0
1
0
0
-1
0
0
-1
-2
-1
0
0
0
0
0
0
0
0
-1
1
-1
-1
1
2
1
0
2
-1
0
0
-1
0
1
0
0
1
0
0
0
-1
0
1
1
0
-1
0
0
0
0
0
-1
0
0
1
1
0
0
0
0
1
0
0
0
-1
0
0
-1
-2
-1
1
1
0
0
0
0
0
0
0
0
0
0
-1
-1
0
0
0
-1
-1
1
1
0
1
0
0
0
-1
1
1
-1
-1
-1
-1
0
-1
0
0
0
0
0
1
1
0
0
0
0
0
0
0
0
0
0
0
0
1
1
0
0
0
1
0
0
0
0
0
-1
0
0
0
0
0
0
0
0
0
0
0
0
0
1
0
0
0
-1
0
-2
-2
0
0
0
0
1
2
1
1
2
1
0
0
0
0
0
0
-1
0
0
0
0
0
0
0
0
0
0
1
1
0
-1
0
0
0
-1
0
0
1
0
-1
0
0
0
0
-1
0
0
0
0
0
0
1
1
0
1
1
0
-1
-2
0
0
-1
-2
0
0
0
1
1
0
0
0
0
0
0
0
0
-1
0
0
0
0
0
0
2
0
0
0
0
0
-1
0
0
1
1
0
0
-2
1
0
0
-1
-2
0
0
0
0
2
1
0
0
0
-1
0
-1
0
0
0
0
-2
0
1
0
1
0
-1
0
1
0
0
0
1
1
-1
-1
0
1
0
0
0
0
0
1
0
-2
-1
0
0
1
0
0
0
0
0
1
0
0
0
-2
0
-2
-2
0
4
1
0
-1
1
3
1
0
-2
-2
2
0
0
3
1
-3
-6
-1
5
6
0
-1
-4
-1
1
0
-1
3
4
0
-3
-8
-3
7
12
8
-8
-25
-7
18
19
2
-17
-16
4
15
8
-3
-8
0
1
-7
-2
10
11
-4
-23
-6
19
13
-5
-12
0
5
1
-1
2
1
-1
-2
-3
0
8
5
-4
-14
-4
14
8
-9
-10
5
9
0
-11
0
12
8
-4
-11
-3
8
8
-3
-8
-1
2
-1
-2
2
6
-1
-12
-4
12
10
-6
-14
-1
13
1
-13
-4
11
8
-6
-8
3
10
4
-5
-2
2
3
-3
-7
-1
5
3
-1
-3
-2
1
2
-2
-1
0
0
-1
0
3
2
-1
-1
0
1
0
-1
-1
0
0
0
3
0
0
-1
1
2
-1
-4
-4
3
9
1
-9
-9
2
9
5
0
-1
-5
-5
0
7
6
-1
-7
-5
1
4
6
3
-2
-2
-5
0
1
2
0
-2
-1
-2
0
2
2
1
0
-2
0
2
2
0
-3
-4
0
5
4
-1
-3
-1
2
4
2
0
-3
-6
-1
2
4
1
-5
-4
0
4
4
0
-1
-2
0
1
1
0
-1
-2
0
0
0
0
0
1
1
1
0
-1
0
1
1
1
-2
-3
-1
2
3
0
-2
-2
1
2
0
-2
-1
1
0
-2
-2
1
1
0
-2
0
2
1
-1
-4
0
3
0
-3
-3
3
3
0
-4
0
6
1
-2
-3
2
5
-1
-5
0
6
3
-4
-6
4
7
0
-7
-6
6
6
-2
-5
0
7
-1
-7
-4
4
8
0
-3
-3
2
1
-3
0
1
3
-3
-1
2
1
-1
-6
0
5
3
-4
-6
2
4
1
-6
-3
6
5
-4
-8
0
7
4
-3
-2
4
4
-3
-9
-1
7
6
0
-3
-1
-2
-7
-4
7
14
6
-5
-10
-5
1
5
6
3
-3
-9
-6
1
6
2
-4
-2
-2
0
0
1
3
1
-2
-2
3
1
-2
-2
0
6
2
-4
-5
-1
5
3
0
-1
-1
0
0
0
0
-1
0
0
0
0
0
0
1
1
1
-2
-2
1
2
2
0
-3
-1
3
1
-3
-2
2
3
0
-3
-2
0
1
0
-1
0
1
1
0
1
0
0
0
0
0
0
-1
1
2
1
0
0
-1
-1
0
0
-1
0
1
-1
-1
1
0
0
0
2
1
0
-1
0
0
2
1
0
0
0
3
-2
-5
1
3
-4
-5
4
0
-5
0
2
-3
0
3
-2
-3
4
1
-1
-1
1
2
0
0
2
1
0
0
0
-1
0
0
-1
0
0
-1
0
0
0
0
0
-1
-1
0
0
0
1
0
-1
0
1
-1
0
2
0
-2
0
2
-1
0
2
-1
-2
0
1
-1
0
0
0
0
1
0
-1
0
1
0
0
0
1
1
0
-1
0
0
0
1
1
-1
0
-1
-1
0
-1
0
0
0
2
1
0
0
0
0
0
0
1
0
0
1
0
0
0
0
0
0
0
0
0
0
0
0
-1
0
0
1
0
0
0
0
0
0
0
-1
0
0
-1
0
0
0
0
0
0
0
0
0
0
0
0
0
0
0
0
0
0
0
0
0
0
0
0
0
0
0
0
0
0
1
0
0
0
0
0
1
0
0
0
0
1
0
0
0
-1
0
0
-1
0
0
0
0
0
0
0
0
0
0
0
0
0
0
0
0
0
0
1
0
-1
0
0
1
0
-1
0
0
0
0
0
-1
-1
0
0
0
0
-1
-1
-1
0
1
0
0
0
-1
0
0
0
1
1
0
0
1
0
0
-1
-2
-2
-1
1
1
0
-1
-1
-1
0
0
1
0
0
0
1
0
1
1
0
0
0
1
1
0
0
0
-1
0
0
0
0
-1
0
0
0
0
0
-1
-1
0
0
0
0
0
0
0
-1
0
0
-1
0
0
0
0
0
0
0
0
0
1
0
1
0
0
0
0
-1
-1
1
0
0
1
0
0
0
0
0
0
-1
0
0
1
0
0
0
0
0
0
-1
0
-1
0
0
-1
1
1
0
0
0
0
0
0
0
0
0
1
0
-2
0
0
0
0
0
0
-1
1
0
0
0
0
0
0
0
0
0
0
0
0
0
-1
0
0
0
0
0
0
0
0
0
0
0
0
0
0
1
0
0
0
0
-1
0
1
-1
0
0
0
0
0
0
0
1
0
1
0
0
0
0
0
1
0
0
1
0
0
0
1
1
1
1
0
-1
0
0
0
0
0
0
-1
0
0
0
0
0
0
0
0
0
0
0
0
0
0
0
0
0
0
0
0
0
0
1
0
-1
-1
0
0
0
1
0
0
0
1
0
0
0
0
0
0
0
0
1
0
0
0
0
0
0
1
0
0
0
0
0
0
0
0
0
0
0
0
1
1
0
0
0
-2
0
0
0
0
0
0
0
0
0
0
1
0
0
-1
0
0
0
1
0
0
-1
0
0
0
0
0
0
0
-1
0
0
2
0
-2
0
-1
-1
0
0
0
0
-1
0
0
0
0
0
0
0
0
0
0
0
0
2
0
0
0
0
0
1
0
0
0
0
0
1
0
0
0
1
0
0
0
-1
0
0
0
0
0
-1
-2
0
0
0
0
1
-1
-1
0
0
0
-1
0
0
0
0
-1
0
0
0
0
0
0
0
0
0
0
0
0
0
1
0
0
0
0
0
1
0
0
0
-1
0
-1
-1
0
0
0
0
0
0
0
0
0
0
1
1
0
0
0
0
0
0
-1
0
-1
0
0
0
0
0
0
0
0
0
0
0
0
0
0
-1
0
0
0
0
0
1
0
0
1
0
1
0
-1
0
1
0
0
1
0
-1
0
0
0
-1
0
0
0
-1
0
0
0
0
1
0
-1
0
0
0
0
0
1
0
0
0
0
-1
0
0
-1
0
-1
0
0
0
1
0
0
2
1
-1
0
0
0
-1
0
1
-1
0
0
0
1
0
0
0
0
0
0
0
0
0
0
0
-1
-2
0
0
0
0
0
-1
0
0
0
0
0
0
0
0
1
1
1
0
0
0
0
0
0
0
0
0
0
-1
-1
-1
0
0
0
-1
0
0
0
0
0
0
0
0
0
0
0
0
0
0
0
0
0
0
1
0
0
-1
0
0
0
0
0
0
0
0
0
0
-2
0
-1
0
0
0
0
0
0
0
0
0
0
0
0
0
0
0
1
0
0
0
0
0
0
0
-1
0
0
0
0
0
0
0
0
0
-1
0
0
0
1
1
0
0
0
-1
0
0
0
0
0
0
0
0
0
0
0
0
0
0
0
0
0
0
0
1
1
0
0
0
0
0
0
1
0
0
0
0
0
0
0
0
0
0
-1
0
0
0
0
0
0
0
0
0
0
1
0
-1
0
-1
0
0
0
1
0
0
0
0
0
0
0
-1
0
0
0
0
1
1
0
0
1
0
0
0
-1
0
0
0
1
0
0
0
0
0
0
-1
0
0
-1
0
0
0
0
0
0
0
0
0
1
0
1
0
0
0
0
1
1
0
0
1
0
0
-1
-1
0
-1
0
0
0
0
0
0
0
0
0
0
0
0
0
0
0
-1
0
0
0
0
-1
0
0
0
0
0
0
0
0
0
0
0
0
0
0
0
0
1
0
0
0
0
0
0
0
-1
0
0
0
0
0
0
0
1
-1
-1
-1
-1
0
-3
-2
0
0
0
0
0
3
1
3
3
2
1
1
1
-1
-2
0
-2
-2
1
4
4
6
6
15
10
-1
0
3
-5
-16
-11
-10
-13
-11
-8
15
10
-11
9
10
-9
-24
-23
-22
-32
-16
-4
4
-15
19
68
37
14
28
59
15
-34
-33
-18
-12
-43
-11
49
38
28
88
173
132
21
-30
100
-145
-405
-260
-268
-126
-487
-507
90
301
159
96
482
576
498
473
343
475
283
-151
-99
64
-303
-584
-410
-364
-369
-344
-452
-191
118
10
-129
-185
-289
-331
-357
-572
-462
156
624
582
811
1344
1750
1228
377
92
142
-435
-1387
-1524
-1109
-813
-897
-719
-100
-156
-213
360
775
772
848
1157
2524
3170
374
-1504
-219
-459
-3217
-3710
-2199
-587
-1
1
1324
3454
2967
616
-546
-357
-1028
-2282
-3354
-2449
-591
453
841
2358
3498
3588
5383
3554
-1179
-1274
-291
-3098
-5669
-4562
-2217
-692
-218
627
3239
3871
1602
209
-514
-1825
-2615
-2731
-2146
-85
725
1432
2531
4498
4790
1984
580
491
-1142
-3256
-4047
-3010
-1883
-1702
-1033
1259
3024
1718
1087
1475
1354
-1344
-3315
-2629
-2127
-2038
-534
1005
3236
3229
3608
6480
3110
-2403
-1209
-633
-5140
-6152
-2611
-588
-937
-467
2607
5587
2737
-150
1018
1212
-3757
-5300
-2519
-1809
-1824
157
2491
4262
2935
5207
7439
1302
-3204
-477
-2101
-7323
-6059
-1926
-1041
-701
2021
5764
4847
1661
1687
1443
-3212
-7125
-4699
-3021
-2884
192
2689
4544
5575
5751
6842
3113
-2708
-2611
-2434
-6906
-6590
-2420
-1420
-1337
2005
5355
4577
2890
3206
1552
-2115
-5327
-4399
-4025
-4396
-941
2526
2634
4398
7708
7941
3074
-871
-1695
-3363
-8195
-7426
-3347
-2833
-1480
2841
6686
5652
3501
3234
1456
-3279
-7033
-4491
-4670
-5050
260
4371
2758
4970
9790
6663
934
-383
-1794
-5171
-8115
-6163
-3431
-2659
-518
4179
6746
4587
3769
3457
61
-5675
-6181
-3958
-6335
-3877
2510
3821
2602
8393
10546
2823
1239
676
-4940
-7622
-6010
-5338
-4663
-950
2296
4772
6322
4570
3508
1589
-2417
-7151
-4815
-4856
-6189
-116
3662
2804
4513
10806
7543
754
2051
-1193
-7269
-6584
-4558
-5917
-3995
1395
3250
4818
6059
4605
2313
-96
-3752
-7059
-4816
-5818
-3544
1438
3263
3880
7054
9912
4703
953
561
-3646
-7357
-5460
-4738
-5162
-1671
2137
2963
4880
5339
3837
1055
42
-4985
-5971
-4067
-6238
-2192
3202
1894
3106
11728
7686
623
4230
-284
-8485
-6412
-5168
-7369
-3920
993
2356
5722
6915
5388
3263
289
-2737
-7462
-5680
-5862
-5178
1035
3610
2602
8777
11007
3136
2509
2041
-6153
-8545
-5429
-6034
-6037
-736
3235
3345
6434
6581
3602
528
-1055
-6127
-6175
-4373
-5691
-334
3615
1897
5952
10594
3864
1748
2881
-4199
-6442
-4056
-4661
-4911
-1511
923
1191
4342
3840
1840
1651
8
-4049
-3323
-1328
-3874
-1104
3803
410
2400
9056
1990
-54
4452
-3051
-5494
-1348
-2509
-5301
-631
1464
-2479
3203
3591
-1245
1553
677
-3529
-1826
395
-2061
-363
4111
-58
962
8158
-776
-961
4935
-3681
-4867
1010
-2019
-4710
930
917
-3014
3139
2306
-1940
1209
378
-2983
-652
591
-1304
1092
3217
-1006
3081
5551
-3618
1125
4042
-6029
-2150
2389
-3966
-2952
2528
-1448
-1791
3452
-581
-405
1853
-1481
-1726
1097
-1614
-1018
2267
-221
676
5750
1157
-707
4700
-417
-5239
649
-1785
-5015
-304
-478
-2009
2555
1390
-887
2085
260
-2529
-100
69
-2461
1436
1687
-643
5815
3095
-1762
3638
1881
-5625
-1283
198
-5674
-2055
1547
-3080
1381
3724
-1908
1240
2409
-3304
-1559
2067
-3437
-576
4001
-1739
4879
5963
-1641
3609
3012
-4928
-2882
-663
-5829
-3830
698
-1887
844
4183
34
1581
2630
-2688
-1711
526
-3285
-1189
2046
-151
4384
5788
454
3589
3224
-3579
-3217
-1966
-5308
-4708
-1100
-1139
575
3313
1780
1436
2445
-948
-2616
39
-2030
-1828
1132
932
4838
4104
1077
3892
1590
-3613
-2871
-2226
-5383
-3769
-245
-1504
1001
3889
1025
958
2582
-1498
-2756
425
-2788
-1871
1760
196
4072
5334
1777
3362
2807
-2335
-3527
-1680
-4969
-5709
-731
-1346
-948
3533
2320
321
2719
330
-2800
178
-1801
-2360
1367
-135
2798
5767
1535
3199
3687
-1402
-2440
-1617
-3935
-4741
-2465
-1787
-1402
1369
1022
770
1941
424
-614
1053
-518
-1211
2038
64
146
5264
1357
-289
3526
223
-3449
-639
-778
-4708
-1240
145
-3398
1193
1036
-2392
1656
746
-2681
1735
1483
-2230
2438
2960
-2449
3801
4624
-2996
2097
3710
-4190
-1379
1891
-4628
-2653
1059
-3677
-1499
2954
-2872
175
2546
-2285
4
2530
-900
-116
3332
399
-242
4639
1275
-1461
3129
253
-3821
1022
-1394
-4257
-123
-1257
-3499
1609
75
-2170
2681
69
-1574
1950
768
-2226
1263
2136
-1866
1167
4818
97
1083
4607
-440
-2107
1211
-3144
-4599
-1448
-3329
-3815
497
479
-861
2661
2306
369
1306
1224
-1424
-529
677
-1378
-53
3417
1969
1428
4430
1482
-947
723
-2491
-4237
-3187
-3311
-4088
-1167
978
-592
2544
2647
941
1478
1039
-1084
-1416
391
-1036
-1005
2378
2509
1564
3829
2739
-159
831
-720
-3584
-2692
-2709
-4069
-1870
-324
-1284
1151
2031
598
1256
1068
617
-1505
-444
793
-2228
753
1760
778
3569
2794
1373
1776
1097
-1520
-2082
-1395
-4114
-3215
-1725
-2134
-1180
179
1336
1072
1303
2079
1081
-522
820
161
-1815
391
273
-903
2972
2801
537
2876
2984
-1326
124
-125
-4476
-2626
-2365
-4288
-1480
-752
-335
1885
1658
1828
2299
1062
-313
406
-670
-2413
401
-345
-2057
3682
2486
-212
3942
2709
-750
427
249
-3685
-2441
-1200
-4473
-1897
-22
-1734
911
1890
489
1856
2241
-560
512
498
-1785
-606
678
-1684
67
3642
222
1303
4299
289
347
1742
-1330
-2927
-774
-3069
-4329
-505
-2011
-2128
1757
897
-316
3045
2434
-919
2153
820
-2322
628
-216
-2516
124
2376
-593
1302
3805
140
1327
2115
-1306
-1454
-506
-3333
-3634
-636
-2590
-2037
1366
-22
600
2508
2254
128
1751
891
-1870
348
-611
-2359
275
399
527
1484
2277
1637
1653
1521
226
-627
-894
-2631
-2768
-2014
-2897
-1842
-537
-738
819
1591
1645
1886
1205
1305
356
-764
-235
-1314
-1345
-461
-562
1690
802
2053
2783
1747
2155
496
11
-1280
-2233
-2751
-3619
-1992
-2833
-1505
193
-402
1416
2232
1606
1392
2377
495
-609
698
-1475
-2066
83
-1379
-686
2143
841
1644
3245
2053
1112
1512
70
-1876
-1449
-2907
-3654
-1821
-3155
-1666
-247
-410
952
2619
1637
1785
2846
471
-1
357
-1630
-1738
-703
-1393
-1356
2013
1201
848
4056
2168
1242
2282
800
-1797
-1108
-1872
-4644
-1957
-2818
-3535
-395
-871
-445
2277
2207
1247
3486
2165
-258
1762
-827
-2541
-447
-1813
-2576
-180
1563
30
2496
3856
1601
2621
2498
9
-459
-748
-3026
-3026
-2267
-3818
-2671
-1496
-1448
-495
1006
2170
929
3165
2592
481
2148
96
-1213
-529
-1266
-1770
-1172
327
517
800
2734
2214
1820
2615
1041
-76
-318
-1863
-2560
-2940
-2693
-3164
-2169
-998
-1113
408
1817
1530
1724
2851
1628
650
1463
-478
-1401
-487
-1684
-1722
-742
-157
707
1089
2246
2440
2006
2463
1328
237
-131
-1339
-2396
-2539
-2623
-3269
-2301
-1687
-1518
-463
728
1035
1087
2483
1704
1090
1871
513
-405
128
-752
-1510
-334
-314
-677
1475
1248
1256
2330
2079
1219
810
613
-1178
-1510
-1720
-3006
-2356
-2413
-2140
-1503
-1059
-218
100
1092
787
1726
1659
875
1865
709
171
533
-286
-772
-437
192
-806
502
1851
384
1758
2447
961
1104
1163
-409
-942
-1098
-1975
-2444
-2114
-2052
-2041
-1544
-816
-653
74
855
568
1647
1588
1116
1769
1009
552
479
-99
-666
-572
-428
-898
8
494
612
1139
1738
1384
1478
1217
410
45
-799
-1388
-2034
-1966
-2273
-2217
-1617
-1521
-724
-587
456
581
583
1741
1032
1125
1459
676
572
231
-18
-745
-407
-508
-793
-60
285
636
947
1406
1508
1171
1206
503
96
-547
-1224
-1466
-1994
-1786
-1986
-1502
-1372
-945
-383
-69
366
457
1157
917
950
1331
764
685
562
238
-191
-260
-240
-422
-150
61
394
958
835
1238
1422
833
836
382
-130
-784
-1139
-1269
-1781
-1599
-1426
-1329
-1229
-598
-523
-242
178
160
602
573
742
928
803
825
774
657
295
306
147
-83
99
96
32
803
541
658
1203
639
766
390
59
-349
-961
-920
-1590
-1466
-1419
-1549
-1210
-1110
-724
-624
-159
28
278
560
678
876
897
882
829
740
415
415
169
7
86
46
185
166
858
604
733
1201
736
762
443
127
-405
-800
-984
-1480
-1487
-1404
-1423
-1341
-802
-809
-484
47
-67
476
610
636
951
841
846
823
663
385
304
98
-152
-89
-172
-26
62
309
664
520
851
931
674
595
314
-57
-500
-734
-1151
-1391
-1231
-1538
-1343
-1074
-1009
-725
-301
-82
119
490
579
768
895
839
792
741
489
347
279
-24
-8
-33
-56
186
197
470
656
665
795
820
662
404
287
-201
-579
-710
-1181
-1314
-1224
-1358
-1135
-910
-789
-483
-208
-49
121
386
424
473
713
629
652
726
589
490
458
338
114
58
12
-133
38
110
52
325
441
383
605
575
426
350
108
-174
-461
-677
-947
-1046
-1005
-1052
-877
-733
-624
-409
-255
-105
7
160
248
255
445
453
436
564
462
406
445
293
223
163
91
14
-7
28
-35
58
91
107
239
229
267
306
220
158
4
-122
-298
-484
-540
-677
-641
-589
-574
-402
-369
-280
-169
-148
-64
-2
57
100
184
259
247
343
336
294
348
288
246
257
198
197
192
211
219
237
278
251
268
251
211
161
88
35
-76
-181
-269
-411
-484
-552
-598
-594
-573
-529
-468
-384
-295
-213
-118
6
93
197
290
357
395
411
416
362
335
304
229
214
200
158
165
165
155
159
173
170
147
158
134
87
62
-23
-107
-205
-326
-417
-509
-573
-598
-594
-567
-512
-443
-383
-296
-211
-142
-39
43
130
231
322
402
466
521
557
578
578
559
524
475
416
325
231
136
28
-75
-175
-255
-328
-395
-424
-456
-477
-475
-484
-487
-476
-469
-457
-420
-373
-330
-261
-191
-108
0
109
219
340
466
563
628
668
685
648
585
519
405
314
227
118
8
-112
-197
-280
-385
-407
-366
-471
-588
-413
-217
-293
-351
-215
-144
-198
-173
-88
-79
-135
-114
32
140
163
216
266
240
300
417
382
335
344
291
226
185
145
124
93
11
-34
-76
-154
-167
-165
-224
-264
-222
-190
-216
-181
-86
-52
-65
-47
-44
-53
-5
25
7
22
59
70
88
118
113
101
118
122
92
69
83
110
104
70
48
38
19
-2
-9
-15
-32
-51
-69
-78
-65
-66
-93
-91
-74
-97
-106
-82
-74
-72
-53
-40
-37
-26
-21
-10
19
41
37
38
54
67
79
91
85
71
72
79
73
55
30
26
32
15
-9
-11
-5
-6
-12
-15
-15
-20
-31
-35
-29
-30
-36
-37
-39
-39
-34
-29
-31
-37
-30
-13
-3
0
6
14
16
26
34
24
14
19
27
19
6
10
8
-5
-8
-1
0
-7
-9
-8
-2
0
-2
0
0
-4
-6
-3
-2
-4
-6
-4
-4
-3
2
4
4
7
4
4
8
8
1
-4
-4
-7
-13
-12
-5
-4
-6
-4
2
0
0
3
3
2
3
3
4
5
7
10
13
15
14
8
7
6
4
3
-1
-3
-4
-9
-11
-11
-12
-17
-19
-18
-16
-18
-15
-9
-6
-4
0
3
4
5
9
10
11
12
13
11
13
14
11
11
10
7
3
0
0
-1
-4
-5
-5
-8
-11
-10
-8
-9
-10
-9
-6
-6
-4
-1
1
2
4
7
8
6
5
4
6
5
3
1
2
0
0
1
0
-1
0
0
-1
0
0
-1
0
1
2
1
0
0
0
0
-1
-3
-2
-1
-2
-1
-2
-3
-1
0
-1
-2
-2
-2
0
0
0
0
0
0
0
1
2
2
1
2
5
3
2
4
3
3
2
0
1
0
0
0
-1
-1
0
-2
-2
-1
-2
-3
-4
-4
-2
-2
-2
-4
-4
-2
-2
-2
-2
-3
-1
0
1
1
1
2
3
5
5
5
3
5
7
5
5
2
1
1
1
0
0
-3
-4
-3
-2
-4
-5
-6
-5
-4
-2
-2
-3
-2
0
0
1
1
3
3
3
4
4
3
3
3
2
1
1
0
0
0
-1
-2
-2
-2
-3
-2
-2
-2
-2
-3
-2
-1
-1
-1
-1
-2
0
0
0
0
0
1
1
2
3
1
2
2
3
2
3
1
2
1
2
1
0
0
-1
1
0
-2
-2
-3
-2
-2
-2
-2
-3
-2
-1
-1
-1
-1
0
0
0
0
0
1
1
3
2
3
2
1
1
2
1
1
0
0
0
0
0
-1
-1
0
-1
-1
-2
-2
-1
0
-1
-1
-1
0
0
0
0
0
0
0
0
0
1
0
0
0
0
1
0
0
0
0
1
0
0
0
0
0
0
0
0
0
0
0
0
0
0
0
0
0
0
-1
0
0
0
0
0
-1
0
0
0
0
0
0
0
0
1
0
0
1
0
0
0
1
1
0
0
0
0
0
0
0
0
0
0
0
0
0
0
0
0
0
0
0
0
0
0
0
0
0
0
0
0
0
0
0
0
0
0
0
0
0
0
0
0
0
0
0
0
0
0
0
0
0
0
1
0
0
0
0
0
0
0
0
0
0
1
0
0
0
-1
0
-1
0
0
0
0
0
0
0
0
0
0
0
0
0
0
0
0
-1
0
0
0
0
0
0
1
0
0
0
0
0
1
0
0
0
0
0
1
0
0
0
0
0
0
0
0
0
0
0
-1
1
0
0
0
0
0
0
0
0
0
0
0
0
0
0
0
0
0
0
0
0
0
0
0
0
0
0
0
0
0
0
0
0
0
0
0
0
0
0
0
0
0
0
0
0
0
0
0
0
0
-1
0
0
0
0
0
1
0
0
0
0
0
0
0
0
0
0
0
-1
0
0
0
0
0
0
0
0
0
0
0
0
0
0
0
0
0
1
-1
0
0
0
0
0
0
0
0
0
0
0
0
0
0
0
0
0
0
0
0
0
0
0
0
0
0
0
0
0
0
0
0
0
0
0
-1
0
0
-1
0
0
0
0
0
0
0
0
0
0
0
1
1
0
0
0
1
1
0
0
0
1
0
0
0
0
0
0
0
0
0
0
-1
0
0
0
1
0
0
0
2
-2
-5
0
1
1
3
4
1
2
0
-8
-4
5
-2
0
6
4
0
1
-2
-10
-1
4
0
4
-4
-1
-5
-4
22
15
2
-6
-6
0
26
38
-89
-80
9
26
4
-2
21
7
43
33
8
14
-37
-18
4
-2
-5
1
-35
-38
27
-4
-33
16
12
0
29
2
-24
23
29
1
4
11
-9
-8
6
-16
0
5
1
-5
0
0
-6
-12
0
-7
-14
-4
-2
5
-6
3
5
-6
6
4
13
17
11
-2
-2
6
-5
7
13
-20
-18
4
7
2
-7
-7
2
-8
-4
21
-4
-27
9
24
-8
-10
-2
3
8
0
0
15
-10
-7
24
8
-17
-20
1
12
7
-16
3
14
-21
0
25
5
-16
-9
7
2
14
-7
-12
15
-25
5
15
29
-15
-19
4
-22
13
7
-19
-7
10
3
-17
1
25
-21
10
3
12
19
-13
17
-4
1
-26
-13
34
-11
9
-17
15
-4
-15
14
-18
6
-17
9
20
-25
5
-3
-6
16
13
-10
-1
21
5
-3
-12
6
-5
-15
-9
38
-25
-27
25
4
5
-29
13
40
-9
-41
26
2
-26
-2
30
19
-44
16
22
14
-33
-6
33
-33
10
9
0
-47
-2
46
-14
-24
7
12
-20
-14
52
24
-59
16
45
-28
-40
36
20
-19
-14
46
-61
-4
48
-32
-5
0
24
-30
-5
48
-24
9
-30
27
27
0
-2
-52
-11
66
-10
-53
8
34
-11
-22
24
-40
32
18
-36
16
31
-37
5
9
1
41
-33
-30
62
10
-100
60
42
-84
18
28
31
-41
-69
2
12
44
19
-37
-33
-3
42
8
-9
-12
21
35
-12
40
-8
-31
-6
21
70
-6
-71
-44
56
-45
-1
6
-88
46
21
0
-40
9
62
-25
14
43
8
-14
-29
-26
-9
29
-11
-26
23
-16
-3
46
-35
9
54
-16
-3
0
0
11
-17
-27
2
21
25
-29
-15
39
-24
-16
10
22
-27
-20
22
8
-37
25
20
-15
-3
-34
19
27
-48
22
1
-37
68
65
-63
-25
-3
-19
12
7
-11
67
-20
4
53
-60
-6
17
-85
11
84
-51
-45
29
13
31
-6
-43
45
-27
-41
70
34
-48
-20
85
-66
-26
135
-101
-83
24
-13
4
-50
93
93
-35
-28
-18
62
-8
-37
-13
-32
38
17
31
-16
-66
4
2
-25
-1
34
31
33
7
-31
14
30
-24
-29
-20
-29
11
10
-30
28
-43
-5
53
-25
22
60
-28
-96
37
47
-153
50
12
-38
72
77
11
-40
-5
38
17
-56
24
51
-38
11
59
-99
25
63
-146
-10
-36
-74
29
-77
-31
58
66
-37
-11
151
-43
48
148
-6
138
38
146
141
16
-2
20
11
-64
-99
-215
-178
-323
-263
-181
-484
-161
-34
-202
74
103
235
417
431
678
663
477
592
444
217
194
-26
-239
-450
-604
-526
-649
-676
-557
-644
-458
-365
-423
-116
4
-32
280
384
544
660
618
920
1056
845
808
902
630
412
178
-114
-518
-816
-973
-1122
-1193
-1248
-943
-824
-666
-357
-138
14
174
405
523
596
574
581
555
503
387
168
117
-17
-110
6
-104
-139
19
-10
203
499
370
492
741
522
334
263
-78
-345
-575
-830
-868
-934
-997
-784
-680
-549
-287
-48
8
216
522
487
472
734
603
339
463
257
-67
0
-192
-341
-304
-363
-151
-5
-15
438
663
550
962
1093
737
606
488
51
-441
-793
-977
-1253
-1315
-1227
-1080
-934
-714
-419
-150
-138
120
504
338
312
865
559
336
720
291
117
291
-68
-156
-173
-229
-260
-27
94
44
410
846
707
858
1184
837
562
519
53
-466
-800
-1095
-1286
-1425
-1448
-1228
-1080
-940
-616
-161
-41
214
620
692
758
953
843
626
676
349
20
24
-246
-301
-217
-25
122
85
885
1029
676
1363
1331
694
713
367
-408
-754
-1076
-1526
-1587
-1577
-1552
-1230
-988
-804
-326
-33
2
584
722
545
985
931
605
697
551
120
-61
-78
-339
-391
-195
-3
39
301
1056
923
917
1490
1128
750
683
164
-490
-865
-1156
-1647
-1616
-1479
-1590
-1130
-760
-655
-106
270
203
533
782
660
712
781
474
426
356
-29
-77
-198
-421
-297
-101
40
105
897
1059
754
1493
1420
965
864
449
-93
-748
-1025
-1348
-1766
-1599
-1509
-1559
-1069
-782
-630
79
83
388
816
648
976
961
701
788
599
158
50
-37
-397
-330
-122
-20
76
683
1231
900
1345
1569
1004
713
426
-227
-958
-1422
-1566
-2020
-1923
-1413
-1450
-1015
-325
-230
444
753
823
1162
957
1054
947
476
472
168
-378
-456
-526
-764
-679
-298
19
151
664
1561
1299
1403
2007
1274
829
572
-209
-867
-1546
-1691
-2014
-2297
-1598
-1473
-1430
-541
-341
9
580
556
968
920
832
1151
718
478
603
70
-288
-218
-511
-651
-308
-21
324
489
1436
1871
1365
2167
1880
902
778
-22
-871
-1700
-2145
-2239
-2793
-2289
-1768
-1715
-1011
-355
-90
497
691
922
1241
864
1082
1139
359
506
249
-590
-499
-604
-1010
-696
-276
97
512
1190
2196
1938
2138
2692
1549
1015
610
-612
-1350
-2097
-2525
-2772
-2762
-2285
-1935
-1418
-686
-218
410
864
937
1390
1320
1032
1353
905
386
411
-67
-645
-682
-654
-1107
-632
-32
183
661
1519
2113
1770
2096
2103
1113
633
-56
-918
-1733
-2291
-2497
-2751
-2310
-2057
-1403
-783
-373
392
879
984
1176
1575
1003
813
994
367
-79
23
-347
-876
-613
-708
-871
-437
-42
354
758
1153
1946
1895
1707
2191
1230
592
263
-851
-1417
-2101
-2457
-2517
-2482
-2038
-1606
-989
-491
210
658
1322
1276
1626
1910
1241
1188
1170
208
-123
-36
-897
-1036
-617
-1138
-834
-279
-63
239
1032
931
1406
2055
1261
1767
1362
493
253
-488
-1014
-1864
-2119
-2160
-2428
-1946
-1479
-1053
-553
98
545
934
949
1335
1236
734
967
713
-28
26
-22
-519
-475
-378
-624
-360
-261
-28
287
567
770
859
1587
1309
1227
1638
673
247
-20
-724
-1351
-1977
-1934
-2139
-2055
-1368
-920
-763
-46
400
526
894
796
1081
697
532
1063
228
80
492
-16
-352
132
-256
-759
-123
-296
-593
-101
221
0
392
732
1038
925
1000
1399
509
212
230
-523
-1318
-1282
-1512
-2149
-1278
-1079
-995
-204
21
281
720
935
613
980
770
233
579
376
-121
222
180
-89
87
111
-24
-79
-41
-165
-359
-129
-330
-13
376
54
662
1035
441
1019
938
200
98
-177
-592
-1299
-1297
-1333
-1736
-988
-929
-512
-147
183
515
775
703
715
1003
339
314
574
-125
-64
196
-133
-192
168
-10
30
155
196
97
118
241
-195
-16
-172
-339
-123
-170
-12
-65
-6
616
149
562
879
-84
253
192
-608
-698
-915
-1095
-1137
-584
-496
-271
180
290
483
662
530
411
615
165
65
313
-9
-171
115
48
-298
201
225
-215
322
252
71
205
191
26
-37
85
-103
-171
-50
-201
-231
-213
-352
-313
-471
-379
-434
-412
-92
-80
-14
438
655
476
1002
927
429
633
343
-197
-521
-581
-879
-939
-493
-654
-272
-37
123
301
422
320
328
415
-58
88
154
-287
-32
17
-113
-11
85
7
-22
173
169
2
210
148
-40
190
32
32
47
37
61
-79
58
-60
-183
-147
-212
-218
-225
-132
-238
-123
-64
-61
86
49
147
113
77
130
8
-94
-94
-148
-244
-94
-31
50
143
360
630
470
807
672
303
355
32
-261
-629
-736
-876
-981
-636
-619
-344
-218
75
143
299
361
310
426
167
238
265
-20
60
84
-86
-56
51
-73
-16
182
112
159
267
230
113
206
108
31
-16
0
-85
-169
-59
-152
-251
-173
-274
-392
-316
-336
-342
-240
-64
-40
109
277
256
344
362
323
228
161
116
-19
-28
-17
-92
-70
13
-31
9
101
-3
61
40
10
9
-6
-35
-68
-24
-75
-56
-79
-66
-61
-23
10
-23
46
-81
85
-43
-155
57
-284
-228
-127
-278
-267
-112
105
27
289
720
458
763
903
453
406
304
-165
-463
-643
-847
-940
-637
-714
-391
-97
-208
241
170
221
189
300
188
-17
319
61
-121
242
-22
-68
96
33
-115
116
135
-7
159
186
-9
149
158
0
124
99
69
-39
40
-66
-230
-146
-240
-353
-266
-249
-230
-179
-52
-15
21
180
134
195
212
203
200
120
126
55
-14
-10
-60
-116
-72
-76
-73
-2
16
55
75
86
81
15
45
-34
-82
-55
-144
-104
-138
-108
-63
-80
10
13
1
48
37
24
9
50
1
-24
54
-32
9
72
15
38
59
25
29
10
24
-7
0
48
-18
59
11
-1
49
-49
-1
-25
-41
-12
-23
-1
-60
-49
30
-62
-74
-1
7
10
76
89
-16
131
97
-106
136
-287
-324
-103
-379
-331
-119
-42
-58
623
625
549
1091
441
470
440
-16
-543
-492
-658
-1132
-442
-453
-621
9
-25
106
286
377
26
305
220
-147
219
77
-220
139
158
-79
112
208
-51
136
226
43
68
131
-36
22
49
-52
-33
-33
23
-80
3
18
-89
-87
-74
-177
-228
-186
-221
-214
-135
-110
-63
74
103
131
167
216
145
141
178
82
39
33
-14
-62
-33
-35
-71
-7
-16
-22
44
45
54
52
58
20
11
16
-40
-41
-82
-94
-85
-89
-76
-58
-33
-20
-8
14
10
10
19
12
3
13
7
30
43
46
41
55
35
63
59
39
60
29
19
10
-20
-29
-63
-79
-103
-82
-99
-70
-31
-24
41
47
54
84
48
85
25
18
47
-41
21
14
0
-49
54
79
-211
123
-194
-364
-30
-333
-264
-118
5
-28
526
632
451
977
449
340
444
-33
-529
-530
-573
-1144
-393
-431
-612
33
20
102
351
447
44
402
239
-110
282
33
-211
83
68
-165
40
105
-192
101
94
0
40
172
15
104
181
43
75
85
87
-43
30
-38
-119
-116
-156
-220
-241
-210
-221
-211
-127
-97
-26
64
112
144
186
196
181
135
147
57
2
31
-21
-42
-6
12
-3
39
26
-15
98
-19
21
18
-44
-45
-35
-68
-118
1
-126
-44
1
-47
-28
20
-12
-26
25
-18
-22
-4
-8
13
10
32
51
36
72
36
36
50
7
18
39
-4
7
19
3
2
-10
-2
-31
-12
-4
-21
-18
-26
-28
-16
-28
-25
-31
-37
-10
-6
-9
-1
25
-15
22
41
11
23
19
-17
-18
0
-30
-6
1
5
19
50
21
18
45
0
6
-1
-32
-8
-26
-14
-14
-14
-9
-16
-11
-19
-19
-8
-8
7
10
11
24
17
8
15
5
-12
-3
-5
3
-8
0
12
4
12
42
3
24
26
14
15
0
-5
-24
-1
42
14
-3
-25
76
-44
-45
-55
-308
-222
-178
-197
-179
-146
159
358
463
830
542
470
421
224
-132
-462
-496
-699
-665
-358
-448
-167
-164
125
178
194
224
48
186
-32
49
79
-169
-15
52
-13
16
64
87
14
237
47
27
121
67
-9
132
33
8
107
122
14
23
79
-93
-88
-66
-236
-276
-211
-241
-256
-146
-104
-81
35
113
58
128
137
107
132
111
74
50
55
41
-12
37
33
0
36
45
-23
2
38
17
-1
19
9
-51
22
-43
-64
-41
-98
-47
-48
-53
-52
-32
-13
-21
12
2
-12
12
3
11
34
1
45
44
42
51
45
45
12
20
30
-18
-3
-20
-26
-30
-28
-10
-16
-2
0
9
-4
-10
-10
7
-30
-24
-15
-29
-12
-8
5
-13
8
15
31
27
23
40
7
18
20
-2
-19
10
-21
0
7
-4
-4
0
11
-6
-1
0
-18
-6
-3
-3
-1
-9
3
2
-5
3
-11
-13
-10
-15
3
0
-1
14
6
11
7
2
0
5
0
0
-5
-12
-4
-5
-2
2
5
10
23
13
10
2
-10
-20
-22
-20
-20
-5
-1
14
21
14
21
16
-6
4
-5
-11
-3
-1
2
6
14
5
15
8
-6
15
-11
-18
-6
-45
-24
-47
-46
-29
6
9
36
79
67
71
97
51
8
2
-4
-103
-78
-46
-124
-23
2
51
34
86
45
21
113
-187
-138
-235
-340
-135
-220
-172
-140
431
385
555
957
259
582
443
53
-419
-437
-535
-983
-293
-508
-521
-11
-171
148
147
249
-94
282
118
-87
283
25
-108
170
221
-78
89
156
-135
83
92
-102
-71
95
-43
-6
217
-3
130
228
146
-32
114
22
-153
-70
-175
-314
-263
-144
-278
-216
-97
-67
-7
111
143
104
149
180
147
100
130
57
11
49
-21
-73
-28
9
-96
1
46
-114
69
36
-34
-20
52
-22
-64
84
-112
-48
35
-127
-44
44
-59
-57
59
-39
-57
43
-100
-74
10
-28
-62
88
128
25
174
160
0
106
150
-5
-35
38
-18
-38
71
-179
-275
-294
-203
-243
-322
-37
-116
422
565
574
1145
213
587
509
166
-480
-637
-331
-1148
-480
-290
-671
-14
-117
189
33
305
-7
97
368
-369
278
216
-247
140
156
-21
-110
158
-47
-158
384
-43
46
353
69
98
363
-41
107
207
140
-94
87
47
-231
-110
-217
-390
-402
-201
-349
-380
-91
-14
-118
159
216
106
199
273
229
95
118
162
126
-6
90
-62
-105
33
-295
-433
-220
-385
-385
-149
-35
-8
632
842
725
1304
426
627
642
57
-715
-743
-711
-1386
-689
-584
-745
-59
-165
312
80
449
60
351
344
-172
349
72
-89
131
176
-82
-22
236
-108
114
260
-36
177
211
138
63
171
-3
118
69
-19
-77
-109
-46
-101
-169
-157
-375
-266
-136
-373
-736
-271
-274
-585
-36
-26
83
459
1091
853
1250
1225
412
921
602
-359
-794
-455
-1084
-1284
-262
-949
-570
58
-116
165
316
258
-68
647
-131
-154
373
-217
-234
231
-143
-252
61
256
-232
322
169
96
301
410
202
150
344
167
-5
243
-76
-676
-277
-210
-865
-691
-222
-625
-215
552
413
494
1412
595
480
1067
277
-580
-417
-516
-1316
-859
-384
-987
-118
-37
11
260
554
308
85
766
-97
120
484
-148
-127
363
-169
-130
211
-9
-241
313
45
-114
299
210
-275
115
-79
-331
-242
-69
-321
-166
303
49
424
543
852
343
107
652
-76
-524
-648
-819
-905
-868
-369
-710
-35
12
113
345
201
221
266
605
-310
218
571
-191
1
331
27
-121
198
145
-308
310
28
-390
59
-122
-540
-9
-63
-210
346
675
563
709
1444
496
32
743
-145
-1123
-806
-975
-1651
-1143
-531
-1058
-278
282
-161
529
641
239
387
960
-100
185
827
-145
-151
518
-83
-226
112
0
-366
-43
-240
-298
-144
-322
-311
251
316
93
872
1118
1125
1117
620
492
230
-217
-1127
-1532
-1357
-1553
-1307
-1044
-687
-166
-47
703
286
542
577
768
322
57
680
155
165
393
85
12
139
72
-446
-292
-91
-687
-317
-177
-243
31
603
499
832
1542
1386
253
667
570
-512
-1080
-1307
-1494
-1851
-1293
-1075
-951
-116
-242
369
592
470
278
788
751
-165
666
590
-271
360
473
-303
110
323
-370
-232
455
-541
-433
472
-122
66
908
629
633
1864
1119
-98
995
504
-1063
-1087
-836
-2052
-1566
-545
-1655
-572
238
-421
324
698
200
151
1267
-177
7
1099
-95
-222
827
38
-216
296
-252
-532
121
-499
-582
176
133
24
818
1001
933
1907
898
488
748
179
-994
-1418
-1102
-1954
-1908
-1088
-1392
-792
-351
-18
360
303
713
454
902
346
491
791
42
88
391
-22
-92
-197
-455
-292
-34
-375
-282
475
357
333
1329
1141
1399
1585
553
789
276
-549
-1428
-1307
-1736
-2113
-1079
-1467
-884
-123
-396
278
404
414
81
1072
90
42
1136
53
-73
777
277
-167
425
-199
-633
226
-416
-594
480
220
248
1387
1443
1476
1674
871
834
366
-355
-1529
-1257
-1597
-2179
-1343
-1439
-921
-479
-218
224
62
608
157
764
281
-35
996
157
-197
505
130
-82
-25
-171
-669
-6
-83
-669
640
405
293
1357
1327
1478
1617
782
751
529
-300
-1510
-1164
-1597
-2256
-1283
-1438
-1088
-261
-355
220
324
445
242
839
344
-121
954
309
-368
485
9
-234
22
-389
-705
73
112
-674
658
710
200
1417
1548
1213
1486
952
552
399
-256
-1541
-1350
-1516
-2281
-1453
-1316
-1178
-392
-148
221
255
574
394
857
383
17
1039
305
-152
498
168
-43
133
-312
-636
177
-182
-600
617
381
253
1257
1328
1377
1575
741
624
523
-271
-1512
-1290
-1655
-2231
-1476
-1469
-1190
-542
-179
119
137
565
388
897
426
137
987
388
-79
403
235
-217
188
-236
-781
217
-62
-634
507
547
227
1106
1497
1265
1631
841
480
816
-211
-1456
-1098
-1323
-2266
-1561
-1223
-1310
-592
-317
87
234
349
291
842
386
-115
806
427
-272
325
334
-144
238
-45
-490
121
205
-504
454
574
127
835
1318
1004
1557
885
304
695
80
-1362
-1418
-1145
-2240
-1830
-1177
-1247
-754
-215
93
142
415
262
559
715
-269
675
598
-275
67
363
-166
-51
-136
-676
-62
124
-647
452
848
334
1090
1645
1647
1668
1177
742
761
-55
-1255
-1506
-1451
-2229
-1991
-1468
-1378
-817
-325
101
118
370
437
667
791
-82
719
848
-44
140
423
-160
21
18
-727
-229
274
-682
150
784
183
846
1581
1437
1528
1266
609
713
188
-1176
-1524
-1329
-2086
-1924
-1512
-1339
-786
-345
78
235
370
521
790
677
43
737
752
-56
28
281
-73
58
-259
-612
-88
167
-533
240
902
330
904
1580
1448
1592
1157
443
675
74
-1278
-1560
-1369
-2156
-2002
-1335
-1397
-808
-305
-163
91
349
238
373
652
-205
445
752
-312
31
488
-206
118
257
-645
-23
538
-551
186
894
107
796
1541
1175
1596
1537
415
846
460
-1067
-1373
-1147
-2080
-2037
-1242
-1640
-966
-319
-524
-69
304
67
220
794
-34
486
989
-76
212
685
-22
147
379
-660
-132
559
-609
-143
815
132
473
1329
982
1376
1683
331
651
870
-641
-1213
-963
-1740
-1933
-1142
-1483
-1125
-332
-505
-176
230
-42
260
770
48
96
1005
311
-42
463
194
113
337
-429
-357
406
-234
-510
574
346
89
1010
1061
1044
1795
1114
320
1091
466
-1052
-1039
-1114
-2114
-1585
-1192
-1548
-647
-225
-515
128
338
62
610
649
86
703
920
99
357
450
29
441
90
-533
103
152
-549
-47
77
-334
533
752
275
1139
1799
1028
603
765
471
-408
-1011
-1421
-1726
-1617
-1427
-1285
-915
-448
-290
35
219
141
319
506
266
252
618
327
236
348
166
186
315
-170
-117
247
-260
-227
108
-189
44
705
433
490
1424
1596
961
526
648
302
-637
-1245
-1497
-1749
-1592
-1323
-1328
-869
-387
-305
125
238
-66
573
874
103
364
933
349
401
702
168
286
471
-148
4
354
-257
-171
116
-454
-137
540
76
19
817
863
935
1043
345
283
521
-414
-1257
-1252
-1476
-1473
-1308
-1431
-926
-291
-188
176
464
183
591
895
164
164
649
163
191
412
-63
192
579
-132
35
479
-99
-8
272
-221
-201
80
-177
42
279
197
410
681
858
774
204
157
449
-342
-1119
-1088
-1280
-1347
-1085
-1222
-724
82
-182
-42
630
273
407
998
270
137
910
371
1
444
103
0
331
-228
-228
381
32
-155
308
211
6
118
0
-170
-191
-150
-100
-169
-152
-72
-52
280
497
53
12
517
274
-298
-460
-697
-808
-606
-745
-714
-187
-72
-65
317
214
50
535
447
-115
183
434
43
190
382
-1
96
300
-48
61
305
62
256
472
88
153
367
-13
-116
33
-184
-294
-250
-438
-629
-667
-640
-675
-677
-406
-128
33
333
479
625
1131
1095
538
666
832
221
-206
-325
-595
-588
-502
-670
-498
-241
-297
-105
23
-238
-2
302
-87
-106
268
82
42
284
121
133
295
29
18
207
9
10
153
-30
-38
96
2
0
91
76
89
100
64
1
-77
-55
-129
-316
-262
-163
-238
-185
-129
-155
-4
64
-103
-110
-5
-52
-155
-211
-180
-54
50
83
160
299
380
482
727
751
469
441
516
168
-228
-399
-590
-666
-634
-691
-563
-330
-310
-176
25
-83
-26
288
189
-8
170
217
87
142
116
44
140
86
16
182
196
179
348
309
204
283
224
103
78
31
24
-4
-117
-148
-193
-281
-322
-405
-422
-357
-379
-328
-200
-157
-51
84
114
159
204
210
223
169
98
95
73
40
21
-2
36
96
92
101
107
69
60
47
-4
-15
-9
-38
-46
-47
-62
-55
-65
-106
-111
-116
-127
-101
-87
-78
-29
-3
-4
14
25
49
75
58
56
73
64
60
46
23
29
13
-16
-1
8
-6
24
50
22
29
57
37
8
-21
-52
-57
-74
-103
-95
-69
-53
-39
-19
25
57
24
-2
15
19
-1
-23
-5
13
11
36
40
35
55
56
52
33
2
6
50
63
-87
-199
-72
-55
-266
-358
-222
-27
20
6
146
405
585
451
279
360
324
84
-147
-332
-357
-339
-428
-422
-280
-177
-114
-45
-47
-11
132
104
-26
46
125
62
62
80
27
83
118
-7
-16
58
44
91
103
21
81
180
114
50
88
120
114
50
-49
-83
-73
-107
-199
-279
-261
-216
-223
-208
-142
-76
-2
52
48
64
116
117
91
74
49
63
87
50
32
69
82
63
49
35
39
52
24
-6
-10
-16
-19
-7
1
-9
-18
-10
-17
-48
-68
-75
-75
-78
-82
-59
-25
-15
-6
12
7
11
32
26
38
49
20
26
43
22
32
47
13
8
34
20
6
15
11
16
11
-9
-8
0
-5
-27
-48
-42
-47
-62
-44
-31
-34
-20
-7
-4
12
9
0
16
18
0
5
12
14
35
41
30
39
41
30
24
6
-5
1
-3
-13
-7
-11
-13
-6
-12
-18
-12
-8
-6
-3
-10
-17
-8
-3
-13
-18
-15
-12
-3
4
1
5
14
15
8
-1
-4
2
9
2
-2
3
11
19
18
7
0
1
-5
-7
-12
-17
-11
0
3
1
3
9
12
11
5
3
-4
-7
-7
-7
-3
-3
-7
-4
-1
0
2
-3
-11
1
9
-4
-9
-6
-5
-1
3
1
2
9
14
20
22
11
11
22
14
0
4
-8
-12
25
19
-24
-30
-5
33
-2
-144
-114
45
-49
-185
-78
23
35
41
15
79
176
94
26
85
31
10
87
-36
-119
43
31
-95
-38
-34
-48
36
-49
-101
48
28
-46
16
-18
-39
33
-23
-73
-12
7
-1
-29
-30
21
14
13
38
5
41
89
48
43
41
45
89
33
-19
10
-2
-9
-28
-79
-35
-18
-69
-43
-38
-51
2
-2
-32
0
10
0
-3
-17
-13
0
-5
-10
-6
6
19
18
18
13
13
33
32
17
23
16
23
30
0
-13
-6
-7
2
-18
-35
-1
-1
-22
-10
-10
-11
0
-5
-8
-1
2
6
10
7
6
21
15
-13
-4
8
-9
-14
-13
-2
9
-4
-1
19
11
13
19
-3
-5
12
0
-21
-13
0
-4
-9
-8
-6
0
-6
-9
1
0
-11
0
9
-1
-13
-9
1
4
-9
-5
9
10
11
8
3
16
14
1
5
3
4
11
-3
-5
10
10
1
3
3
2
1
-6
-8
-2
-8
-9
-10
-11
-3
-5
-10
-4
-2
-5
-4
-1
-3
-2
1
2
0
-2
2
6
0
-5
2
4
1
1
-1
5
3
0
3
0
0
5
4
0
2
7
7
2
0
4
7
0
-3
0
4
0
-5
2
6
-5
-5
1
-3
-4
-4
-7
-1
-1
-5
2
-1
-6
2
1
-7
-1
0
-3
1
1
0
4
2
-2
6
3
-4
3
2
-1
5
-1
-1
9
-1
-5
7
-1
-7
4
0
-2
3
-2
-1
4
-6
-5
5
-4
-9
7
6
-13
-5
14
4
-16
-10
13
11
-9
-11
9
12
-4
-2
7
-1
0
10
1
-13
-2
15
8
-18
-10
16
7
-5
-7
-8
7
10
-15
-13
4
3
1
-3
-9
5
15
0
-11
-2
11
7
-6
-10
3
13
0
-10
-1
4
7
6
-11
-10
15
11
-11
-11
-1
10
4
-10
-5
-1
2
15
1
-21
-1
24
4
-15
-3
4
5
2
-6
-14
-4
13
7
-12
-14
10
20
-9
-19
6
10
-4
-6
0
1
6
6
-4
-5
8
13
-6
-17
8
18
-7
-19
0
14
6
-12
-16
4
17
0
-15
-7
7
20
4
-24
-11
21
17
-9
-20
-5
20
19
-19
-23
17
21
-10
-17
0
13
10
-13
-18
8
20
0
-19
-10
13
14
-4
-13
-2
12
8
-5
-7
1
8
4
-6
-7
3
7
0
-13
-7
13
7
-11
-8
0
9
10
-14
-18
8
15
0
-10
-9
7
17
6
-12
-10
13
17
0
-11
-7
11
15
-8
-15
4
7
-2
-7
-5
6
2
-9
-7
0
6
1
-11
-5
9
10
0
-16
-1
17
5
-4
-6
0
12
5
-8
-5
3
7
0
-6
0
3
0
-3
-3
4
5
-6
-5
4
3
1
-6
-6
10
7
-5
-8
0
6
4
-4
-9
0
7
0
-6
-3
3
3
-1
-4
-1
5
3
-3
-1
5
2
1
0
-2
0
3
0
-1
-2
0
2
3
-3
-6
4
7
-2
-10
-4
8
5
-8
-4
6
3
-1
-2
0
3
1
-1
-2
0
1
0
-1
-4
0
7
2
-5
-3
3
5
0
-3
-3
2
5
0
-8
-4
4
9
0
-12
-1
12
3
-8
-5
4
8
-3
-7
0
4
-1
-3
1
3
0
-2
-3
2
4
2
-3
-4
1
4
0
-4
-2
1
2
1
-2
-2
-1
2
4
0
-5
0
3
1
-1
-1
0
1
1
1
-1
0
0
0
0
-2
-1
1
0
0
1
0
-2
0
1
0
-1
-2
1
2
0
-3
0
2
0
0
0
0
-1
0
0
0
0
-1
-1
0
0
1
0
-1
1
1
-1
0
2
0
-1
-2
1
0
0
-2
0
2
0
-1
0
1
0
0
-2
0
1
2
-2
-2
0
2
0
-4
-2
4
4
-3
-7
2
7
0
-7
-3
6
6
-4
-7
3
8
2
-6
-4
4
4
-2
-6
-2
4
3
-3
-5
1
5
2
-3
-3
3
4
-2
-5
-2
3
2
-1
-3
0
3
1
-2
0
2
1
-1
-2
1
3
1
0
-1
2
4
0
-2
0
3
1
-3
-2
2
1
-1
-2
0
2
0
0
0
1
0
0
0
0
0
-1
0
0
0
0
0
0
1
0
0
0
1
1
-2
0
0
1
-1
-2
1
3
0
0
-1
0
2
0
0
0
1
0
-1
-2
-1
0
0
-1
0
1
0
0
-1
0
0
0
-1
0
1
0
0
1
1
0
-1
0
0
0
0
0
0
0
0
0
2
0
0
0
0
0
0
-1
0
0
1
0
0
0
0
1
-1
-1
-1
0
0
0
0
0
0
0
0
0
0
0
0
0
0
0
-1
0
0
0
0
0
-1
0
0
0
0
0
0
1
1
0
0
0
0
-1
0
0
0
1
0
1
0
0
0
0
0
0
1
0
0
0
-1
0
-2
-2
0
0
-2
-2
-1
0
0
0
0
1
0
1
1
0
1
0
0
0
-1
0
0
-2
-1
0
0
0
0
1
2
2
2
1
2
2
0
0
0
0
-1
-1
-2
-3
0
-2
-2
-1
0
0
1
1
1
1
1
2
0
0
1
1
0
0
-1
0
-1
-1
-1
0
0
0
0
1
1
0
0
0
0
0
0
0
1
0
-1
0
0
0
-1
0
0
0
1
-1
0
1
0
0
0
0
0
0
0
0
0
0
0
0
-1
0
0
0
0
1
0
0
0
0
-1
0
0
0
1
0
-1
0
1
0
0
1
1
2
1
0
1
2
0
-2
0
0
0
-1
0
0
0
0
0
0
0
0
-1
0
0
0
0
0
0
0
0
0
1
1
0
-1
0
0
0
0
0
1
0
-1
-1
0
0
0
1
0
0
0
1
1
0
0
1
0
0
0
0
0
0
0
0
0
-1
0
1
0
0
-1
-1
0
-1
0
0
0
0
0
0
0
-1
0
-1
-2
0
0
0
1
1
0
1
1
0
0
0
1
1
0
0
0
0
0
0
0
0
0
0
0
0
0
0
0
0
1
0
0
0
-2
-1
0
0
-2
0
0
0
0
0
0
0
0
0
0
0
0
0
0
0
1
1
-1
0
1
0
0
0
0
0
0
0
0
1
1
0
0
0
-2
0
-1
0
1
0
-1
0
0
0
0
0
0
0
0
1
0
0
0
0
0
1
1
0
-1
-1
-1
-2
0
0
0
-1
0
0
0
0
1
2
1
1
0
1
0
0
1
0
0
0
0
0
-1
0
-1
-1
0
0
-1
0
0
-1
-1
0
1
0
0
0
-1
0
0
0
0
0
0
0
0
0
0
0
0
0
0
0
0
0
0
1
0
0
0
0
0
0
-1
-1
1
1
0
0
0
0
0
-1
0
0
-1
-1
0
0
1
-1
-1
1
0
0
0
0
0
0
0
0
0
0
1
0
0
1
0
0
1
0
0
0
0
0
0
0
0
0
0
0
0
0
0
0
0
0
0
0
-1
0
0
0
0
0
0
0
-1
-1
-1
0
-1
0
1
0
2
1
2
0
0
0
0
1
0
0
0
0
0
0
0
-1
-1
0
0
0
0
1
1
0
0
0
0
0
0
0
0
1
0
0
0
0
0
0
0
-1
0
0
-1
0
0
0
0
0
0
0
0
1
0
0
0
0
0
0
1
0
1
0
0
0
0
0
0
1
0
0
0
1
0
0
0
0
0
0
0
0
1
0
0
0
0
0
1
0
0
0
0
0
-1
-2
-2
0
0
-1
0
-1
0
0
1
0
0
0
0
1
0
0
1
0
0
3
0
0
-1
0
0
-1
0
-1
0
0
0
-2
-1
-1
-1
0
0
0
1
0
0
0
0
0
0
1
0
1
1
0
1
1
0
1
0
0
0
0
0
-1
0
0
-1
0
0
-1
0
0
-1
0
-1
0
0
0
0
0
0
0
-1
0
0
0
1
0
0
0
0
0
0
1
0
0
0
0
0
1
0
0
0
0
0
0
0
0
0
0
0
0
0
0
0
-1
0
0
0
0
0
0
1
0
0
0
0
0
-1
0
0
0
0
-1
0
0
-1
2
1
0
1
0
0
0
0
0
0
1
0
0
0
-1
0
1
0
0
0
0
0
0
0
0
0
0
0
0
0
-1
0
0
0
0
0
0
-1
0
0
0
1
0
0
0
0
0
0
0
-2
-1
1
0
0
0
0
0
0
0
0
0
0
0
1
0
0
0
-2
0
1
0
0
0
0
0
0
0
-1
-1
0
1
-1
0
1
0
0
1
0
0
0
0
0
0
0
0
-1
0
0
0
-1
0
1
0
0
0
0
1
0
0
1
0
0
-1
-1
0
0
0
0
0
0
0
0
0
0
0
0
-1
0
0
0
0
0
0
0
-1
1
2
0
0
0
0
1
0
-1
0
0
1
0
0
0
0
0
0
0
0
0
0
-1
0
0
0
0
0
0
-1
0
0
0
1
0
0
0
0
0
0
0
1
1
0
-1
1
1
0
1
0
0
1
-1
-1
0
-1
0
0
-1
0
-1
0
0
0
0
0
0
0
-1
0
0
0
2
-1
1
1
0
1
0
0
0
0
1
0
0
-1
0
0
-1
0
0
0
0
0
-1
0
-1
-1
0
0
0
1
0
0
0
1
1
0
0
0
0
0
0
0
0
1
0
-1
0
0
-2
-1
0
-2
0
0
0
0
0
0
0
-1
0
0
0
0
-1
0
1
0
1
2
2
0
0
0
-1
0
-1
0
0
0
0
0
0
0
0
0
0
0
0
0
0
0
0
-1
0
0
1
0
0
0
0
0
0
0
1
0
0
0
0
0
0
0
0
0
0
0
0
0
0
-1
0
0
0
0
0
0
0
0
0
0
0
0
0
0
2
0
0
0
0
0
0
0
-1
0
0
0
0
0
1
0
1
0
0
0
0
0
0
0
0
0
0
0
0
0
0
0
1
0
0
0
0
0
0
0
0
0
-1
0
0
-1
1
0
0
0
0
0
0
0
0
0
0
0
0
0
0
0
0
0
0
0
0
0
0
0
1
1
0
0
0
0
0
0
0
0
0
0
0
0
0
0
0
0
0
0
0
0
0
0
0
-1
0
0
0
0
0
-1
0
0
0
1
0
0
0
0
0
0
0
0
0
0
0
0
0
0
0
0
1
0
0
0
0
0
0
0
0
0
0
-1
0
1
0
-1
0
0
1
0
0
0
0
0
0
-1
-1
0
0
-1
0
-2
0
0
-1
0
0
0
0
0
1
2
0
0
0
1
0
0
1
0
0
0
0
1
0
0
1
0
1
1
0
0
0
0
0
0
0
0
0
0
0
0
0
0
0
-1
0
0
0
0
0
-1
0
0
0
0
0
-1
0
0
0
0
0
0
0
0
0
1
0
0
1
1
1
1
0
-1
0
1
0
0
0
0
-1
0
0
0
0
0
0
0
0
0
-1
0
0
0
0
0
0
0
0
1
1
0
0
0
0
0
0
-1
0
-1
-1
0
0
-1
0
-1
0
0
0
0
0
0
0
0
1
1
0
0
0
0
0
0
0
0
0
0
0
0
-1
-2
0
0
0
0
0
1
0
0
-1
0
0
0
1
1
0
0
0
0
0
0
0
0
0
0
-1
0
0
0
0
0
0
0
0
0
0
0
0
1
0
0
0
1
0
0
0
0
1
0
0
0
0
0
0
1
0
0
0
-1
0
0
-1
0
0
0
0
0
0
0
0
0
0
0
0
0
0
0
0
0
0
0
0
0
1
0
1
0
0
0
0
0
0
0
1
0
0
0
-1
-1
0
0
0
0
0
0
0
1
1
0
0
0
0
-1
1
1
-1
0
0
-2
0
0
-1
0
-1
0
1
0
0
0
0
0
0
-1
0
0
1
2
0
0
0
0
0
0
0
1
0
0
0
0
0
0
-2
0
0
0
0
-1
0
0
-1
-1
0
0
0
0
0
0
1
0
0
-1
0
0
0
0
0
0
0
0
1
0
0
0
1
0
0
0
0
0
0
0
0
0
-1
0
0
0
0
0
0
0
0
0
-1
-1
0
0
0
1
0
0
0
0
0
0
0
0
0
1
1
0
0
0
0
0
0
0
0
0
0
0
-1
0
0
0
0
0
0
0
0
0
0
0
1
0
0
0
0
0
0
0
0
0
0
0
0
0
0
0
1
0
0
0
0
0
0
-1
0
0
1
0
0
0
0
0
0
0
0
0
0
0
0
0
0
1
0
0
1
0
0
0
0
0
0
2
0
0
0
0
0
0
0
0
0
0
0
0
0
0
-1
0
-1
-1
0
0
0
0
0
0
0
0
0
0
0
1
1
0
0
0
0
0
0
0
0
0
0
-1
0
0
0
0
0
0
0
0
0
0
0
0
0
1
0
0
0
1
0
-1
0
0
0
0
0
0
0
0
0
0
0
0
0
0
1
0
0
0
0
0
0
0
0
0
0
1
0
0
0
0
0
0
1
0
-1
0
0
0
0
0
0
0
0
0
0
0
0
0
1
0
-1
0
0
1
0
0
0
0
0
-1
-1
0
0
0
0
0
1
0
1
1
0
1
0
1
1
-1
0
0
0
0
0
0
0
0
0
0
0
0
1
0
0
0
0
0
0
0
0
0
0
0
0
-1
0
0
0
0
-2
-1
0
1
1
0
0
0
0
0
0
0
0
0
1
0
0
0
0
1
0
0
0
0
0
0
0
0
0
0
0
0
0
0
0
0
0
1
0
0
0
0
0
0
0
0
0
0
0
0
0
0
0
0
-1
0
-1
-1
0
-2
0
0
0
0
0
0
0
0
0
0
0
1
0
1
0
1
1
0
1
0
-1
0
0
0
0
0
0
0
0
-1
0
0
0
-1
0
0
-1
0
0
0
0
0
0
0
0
0
0
0
0
1
0
0
0
1
0
1
2
0
0
0
1
0
0
0
-1
0
-1
-2
-1
0
-1
0
-1
-1
0
0
-1
-1
0
0
1
0
1
2
1
0
0
1
1
0
1
0
0
0
0
0
0
0
0
0
-2
-1
0
0
0
0
0
0
0
0
0
0
0
0
-1
-1
0
0
0
0
1
1
0
1
0
0
0
0
0
0
0
0
0
0
0
0
0
-1
0
0
0
0
0
0
0
0
0
0
0
-1
0
0
0
0
0
0
0
0
0
0
0
0
1
0
0
0
0
0
0
0
0
1
1
0
0
0
0
0
0
1
0
0
0
0
0
1
0
0
0
0
-1
1
0
0
-1
0
1
0
0
1
0
0
1
0
0
0
0
0
0
0
0
0
0
0
0
0
0
0
-1
1
0
0
0
1
0
0
0
0
0
0
0
0
0
-1
-1
-1
0
0
0
-1
0
0
0
0
1
0
0
0
0
0
0
0
0
0
-1
0
1
0
0
0
0
0
0
0
1
0
0
0
0
0
1
0
0
0
-1
-1
0
0
0
0
0
0
-1
0
0
1
0
0
1
0
1
0
-1
0
0
0
0
1
0
0
0
0
0
0
-1
0
0
0
0
0
0
0
0
0
0
0
-1
0
0
0
0
0
0
0
0
0
0
0
1
0
0
0
-1
0
0
0
0
0
0
0
0
0
0
0
0
1
0
0
0
0
0
0
-1
0
0
0
-1
0
0
-1
0
0
-1
0
0
0
0
1
0
0
1
0
0
0
0
0
1
0
0
0
0
0
0
0
0
0
0
0
0
0
0
0
0
0
0
0
-2
0
0
-1
0
0
0
1
0
1
0
0
1
1
0
0
-1
0
0
-1
0
0
0
0
0
0
0
1
0
0
0
0
0
0
0
-1
0
-1
-2
0
0
0
1
0
-1
0
0
0
0
1
0
0
1
0
0
0
0
0
0
0
0
0
0
1
0
0
0
0
0
0
0
-1
0
-1
0
0
0
0
0
0
3
-2
-1
2
0
0
0
1
0
0
1
0
0
0
0
0
-1
0
0
0
-2
0
1
0
0
-1
0
-1
-2
0
0
0
1
0
0
0
-1
0
0
0
0
0
0
0
0
0
1
0
1
-1
-1
0
0
0
0
0
0
0
0
0
0
0
0
0
0
-1
1
0
0
0
0
0
0
0
0
0
0
0
0
0
1
0
0
0
0
0
0
0
0
0
0
0
0
0
0
-1
0
0
-2
-2
0
0
0
0
0
1
0
0
0
0
0
0
0
1
0
0
0
1
0
0
0
0
0
0
0
0
-1
0
0
0
-1
0
-1
0
0
-2
0
0
1
0
0
3
0
0
0
-1
0
0
0
0
0
0
0
0
-1
0
0
0
1
0
0
0
0
1
0
0
0
0
0
-1
0
0
0
-1
0
1
0
0
1
0
0
0
0
0
0
-1
0
-1
0
0
0
0
0
0
0
0
0
2
0
0
0
0
0
0
0
1
1
0
0
0
0
-1
0
0
1
0
0
0
0
0
0
0
0
0
0
0
-1
-1
0
0
-2
0
2
-1
0
1
3
-1
-3
4
7
-2
-10
2
9
-3
-6
3
10
0
-10
3
5
-4
-8
-2
7
2
-5
0
4
1
-3
0
2
1
0
-3
0
3
0
-1
0
1
1
0
0
0
0
0
-4
-1
2
0
-3
0
1
0
0
0
0
0
-2
-1
0
1
2
0
0
0
3
0
-3
1
3
-1
-2
1
3
1
-1
0
1
0
0
0
-1
0
0
1
-1
0
0
0
0
0
0
0
0
0
0
3
0
-1
0
0
0
-1
0
0
0
-1
-1
0
0
0
0
0
2
1
-1
0
1
0
0
2
0
-2
0
0
0
0
0
-1
0
1
0
0
0
0
0
0
0
0
-1
0
0
0
-1
0
0
-1
0
0
0
0
-1
0
1
0
0
0
0
0
0
0
1
0
-2
0
0
0
0
0
0
0
0
0
0
0
0
-1
0
0
1
0
0
0
0
0
0
0
0
0
0
0
0
0
0
0
-1
0
0
0
0
-1
-2
-1
0
0
0
0
0
0
1
0
0
0
-1
0
0
0
1
0
0
0
0
0
0
0
0
-1
0
0
0
0
0
0
0
0
0
0
0
0
0
0
0
0
0
0
-1
0
1
-1
-1
0
0
0
0
0
0
0
0
0
1
0
0
0
1
0
0
1
0
-2
0
0
0
0
-1
1
0
-1
0
0
0
0
-1
-1
0
-1
1
-1
-4
0
2
2
1
0
1
2
2
1
-1
1
-1
-1
-1
-2
0
0
-2
-1
0
-1
0
0
-1
0
0
0
0
0
1
1
0
0
0
0
2
0
0
0
0
0
1
0
2
1
0
1
-1
0
0
-1
-2
-1
-3
-2
0
0
0
-1
0
0
2
1
1
1
0
0
0
0
0
0
1
0
0
0
0
0
1
0
2
1
-1
0
-1
-2
0
0
0
-1
-1
-1
-1
0
-1
0
1
0
0
0
0
2
1
-1
0
0
0
-1
-1
0
0
0
-1
0
0
-2
0
2
2
2
2
0
0
1
0
0
0
1
0
0
0
-2
-1
0
0
0
0
0
-1
0
0
0
0
-1
0
0
0
0
0
0
-1
0
0
0
1
0
0
0
0
0
0
-1
-1
0
0
0
0
0
0
0
1
0
0
0
0
0
0
1
0
2
0
1
1
1
0
0
0
-1
0
0
0
0
0
1
0
0
0
-1
0
0
0
0
0
0
0
0
0
0
1
0
-1
0
0
0
1
0
0
1
1
0
0
0
0
1
0
0
0
0
0
0
0
0
1
1
0
0
0
0
0
0
1
0
-1
0
0
0
0
-1
0
0
0
0
-1
-1
0
0
0
0
-1
-1
0
0
0
-1
0
1
0
1
1
0
0
0
0
-1
1
0
0
0
0
0
0
0
0
0
0
-1
0
0
0
0
0
0
0
0
0
0
0
0
1
0
0
1
0
0
0
0
-2
0
-1
0
0
0
0
1
0
0
0
0
1
0
0
0
0
1
0
0
0
0
0
0
1
0
0
0
0
-1
0
0
0
0
0
0
0
0
0
0
0
0
-1
0
0
0
0
0
0
0
0
0
0
0
0
0
0
0
1
1
0
0
2
0
0
2
1
0
0
0
0
0
0
0
-2
0
0
-1
0
0
-1
0
0
0
0
0
0
0
2
0
0
1
0
0
0
0
0
0
0
0
0
-1
0
0
0
-1
-1
-1
-1
-2
0
1
0
0
1
1
0
0
0
1
2
0
0
0
0
0
-1
0
0
-1
0
0
-1
-2
0
0
0
0
0
0
0
0
0
0
0
0
0
0
1
0
0
0
0
0
0
0
0
0
1
-1
0
0
-1
0
0
-1
0
0
0
0
1
1
1
0
0
1
0
-1
0
0
0
0
0
0
1
0
-1
0
0
0
1
0
0
-1
0
0
0
-1
0
0
0
0
0
0
2
0
0
1
0
0
0
1
0
0
0
0
0
0
0
0
0
0
-1
0
-1
0
0
0
1
0
0
1
0
0
1
0
0
0
-1
0
0
0
0
0
0
0
0
0
0
0
0
0
1
0
0
1
0
0
0
0
0
0
0
0
0
0
0
0
0
0
1
0
0
0
0
0
0
-1
0
0
0
0
0
0
0
0
0
0
0
0
0
0
0
0
0
0
0
1
-1
0
0
0
0
0
0
0
0
0
0
1
0
0
0
0
0
0
0
-1
0
0
0
1
0
0
0
0
0
0
0
0
-1
0
0
-1
0
1
-1
0
1
1
1
0
0
0
0
-1
0
0
-2
0
0
0
1
0
-1
0
1
1
0
0
0
0
0
0
0
0
0
-1
0
0
0
-1
0
0
0
-1
0
0
0
1
0
0
0
0
0
0
0
0
-1
0
1
0
0
0
0
0
0
0
0
0
-1
0
0
0
0
0
0
0
0
0
0
1
0
-1
0
0
0
1
0
0
0
0
0
0
0
0
0
0
1
0
0
0
0
-1
0
1
0
0
0
0
0
0
0
0
0
0
-2
0
0
0
0
0
0
0
0
-2
0
1
-1
0
-1
0
0
1
0
0
0
0
0
0
0
0
1
0
0
1
0
0
0
0
0
0
0
0
0
0
-1
1
0
0
0
0
0
0
0
0
0
1
0
0
0
0
0
0
1
-1
-1
0
-1
0
0
0
-1
0
0
0
-1
0
0
-1
2
0
0
-1
0
2
1
1
0
-1
0
0
3
0
0
-2
-2
0
2
1
0
-1
-3
0
0
0
1
0
0
-2
-1
0
3
2
0
0
-2
-2
0
0
1
1
1
-1
-1
-1
0
1
2
0
-1
-1
0
1
1
0
0
-1
-1
-1
0
1
2
0
0
0
0
0
0
0
0
0
-1
-1
0
1
0
0
0
0
0
0
0
-1
0
0
0
0
0
-1
0
1
0
0
0
0
-1
0
0
0
1
1
0
0
0
0
0
0
1
0
1
0
0
0
1
0
-1
0
0
-1
0
-1
0
0
0
1
0
0
0
0
0
0
0
0
0
0
0
0
0
0
0
0
0
0
0
0
0
1
0
0
0
0
0
0
0
-1
-1
0
0
-1
0
0
0
-1
0
0
0
0
0
0
0
0
0
0
-1
0
0
0
0
0
0
0
0
0
0
0
0
1
0
0
-1
0
1
0
0
-1
0
0
0
0
-2
-1
0
0
0
0
0
0
0
0
0
0
2
1
0
0
1
0
0
1
0
0
0
0
0
0
0
0
-1
-1
0
0
-2
0
0
0
-1
0
0
0
0
0
0
0
0
0
0
0
0
0
0
0
0
1
0
1
0
0
0
0
0
0
0
0
0
1
0
0
1
0
0
0
0
1
0
0
0
-1
-2
0
1
1
-1
-1
-1
0
0
0
0
1
0
0
0
0
0
0
1
0
-1
0
0
0
-1
0
0
0
0
-1
0
1
0
1
0
0
0
0
0
0
1
0
0
1
0
1
1
0
0
-1
0
0
0
-1
-1
-1
-1
0
0
0
0
0
2
0
0
0
0
1
0
0
0
1
1
0
0
0
1
0
-1
0
0
0
-1
-1
-1
0
0
0
0
0
1
0
0
0
0
0
1
0
0
-1
0
1
0
0
0
0
1
0
0
0
0
0
0
-1
0
0
0
0
0
-1
0
0
0
1
0
0
0
0
0
0
0
0
-1
0
0
0
-1
-1
1
0
1
0
0
0
0
1
0
-1
0
0
0
0
-1
0
0
0
0
0
0
-1
-1
0
0
0
0
0
0
0
0
0
0
0
0
-1
0
0
1
0
1
0
0
0
0
1
1
0
-1
-2
-1
0
-1
0
-1
-1
1
0
0
0
0
1
0
0
0
1
0
0
0
0
0
0
0
0
0
0
-1
-1
0
0
0
0
0
0
0
0
0
0
0
0
0
-1
0
0
0
1
1
0
0
0
0
0
0
0
0
-1
-1
1
0
0
0
0
0
0
0
0
0
-1
0
0
0
0
-1
0
0
0
1
0
0
0
0
0
0
-2
-1
0
1
1
0
0
-1
0
0
0
0
0
0
1
1
1
1
0
-1
0
0
0
-1
-2
0
0
0
0
0
0
-1
0
0
-1
0
0
-1
0
0
-1
0
0
-1
0
0
0
0
1
0
0
0
0
0
1
0
0
0
0
1
0
1
0
0
0
0
0
-1
-1
0
0
0
0
0
0
0
-1
0
0
0
0
0
0
0
0
0
0
0
0
0
0
0
0
0
-1
0
1
0
0
0
0
0
0
1
1
1
-1
0
0
0
0
0
0
0
0
0
0
0
0
0
0
0
0
0
0
0
0
0
0
0
0
0
0
0
0
0
0
0
1
1
0
0
0
0
0
0
0
-1
0
0
0
0
-1
0
0
1
0
0
0
0
1
0
0
0
0
0
0
0
0
0
0
0
-1
0
0
0
0
0
0
0
0
0
0
0
0
0
0
1
1
0
0
0
0
0
0
0
0
0
0
0
0
0
0
0
0
0
0
0
0
0
0
0
0
0
-1
0
0
0
0
0
0
0
0
0
1
0
0
1
0
0
0
0
-1
0
0
0
0
0
-1
0
0
0
0
-1
0
0
0
0
-1
0
0
0
0
0
0
0
0
0
1
1
0
0
0
0
0
0
0
0
-1
0
0
0
1
0
0
0
0
0
0
0
-1
0
0
0
1
2
0
0
0
0
-1
0
0
0
0
-1
0
0
0
0
0
0
0
0
-1
-1
0
0
0
0
0
0
0
0
0
0
0
0
0
0
0
0
-1
0
0
1
0
0
0
-1
0
0
0
0
1
0
0
0
-1
0
0
0
0
1
0
1
0
-2
0
0
0
0
0
0
0
0
0
0
0
0
0
0
0
-1
0
1
0
0
0
0
0
-1
0
0
0
1
0
0
1
0
0
1
0
0
0
0
0
0
0
0
0
0
0
0
-1
-1
0
-1
-1
0
0
0
0
1
0
0
0
0
0
-1
0
0
0
0
1
0
1
1
1
1
0
0
0
-1
0
0
0
0
0
0
0
0
0
-1
0
-1
0
0
0
0
0
0
0
0
-1
0
0
0
0
0
0
0
0
0
0
0
0
1
0
0
0
0
0
0
0
0
0
0
0
-1
0
0
0
1
0
0
0
0
0
0
1
0
0
0
0
0
-1
0
0
0
0
0
-1
0
0
0
0
0
0
0
0
0
1
1
0
-1
0
0
0
0
0
0
0
0
0
0
0
0
1
0
0
1
0
0
0
-1
0
0
0
0
0
0
0
0
0
0
0
0
0
0
0
0
-1
0
0
1
0
0
1
0
0
0
0
0
0
0
0
0
0
0
0
0
0
0
0
-1
-2
-1
-1
0
-1
0
0
0
0
0
0
0
0
0
0
-1
0
0
0
0
0
1
0
0
0
0
0
0
1
0
0
1
0
0
0
0
0
-1
0
0
0
0
0
0
0
0
-1
-1
0
-1
0
-1
0
0
0
0
0
-1
0
1
0
0
0
0
0
0
0
0
0
0
0
0
0
0
0
0
-1
0
0
0
0
0
0
0
0
0
-1
-1
0
0
-1
0
0
0
0
-1
0
1
0
0
0
0
0
0
0
0
1
0
0
1
0
0
0
-1
0
0
0
0
0
0
0
0
0
0
0
1
1
0
0
0
0
0
0
0
0
0
0
0
-1
0
0
0
0
0
0
0
0
0
1
0
0
0
0
0
0
0
0
0
0
0
0
0
0
0
0
0
0
0
0
0
0
-1
0
0
0
0
0
0
0
0
0
0
0
0
0
1
-1
-1
0
1
1
0
0
0
0
0
1
0
0
0
0
0
0
0
0
0
0
0
-1
0
0
0
0
0
0
-1
0
0
-1
0
0
0
0
0
0
0
0
0
0
0
0
0
0
0
1
1
0
0
0
0
0
1
0
0
1
0
0
0
0
0
0
0
0
0
0
0
0
0
-1
-2
0
0
0
0
0
0
0
0
0
-1
0
0
0
1
0
1
0
1
0
0
0
0
1
-1
0
0
-1
0
1
0
0
-1
1
0
-1
0
-1
-1
0
0
0
0
0
0
0
0
0
0
0
0
-1
-1
0
0
1
0
1
0
-1
1
0
0
1
0
0
0
0
0
0
0
0
0
0
0
0
0
1
1
0
0
0
-1
0
1
0
0
0
0
0
0
-1
0
0
0
0
0
0
0
0
0
1
0
1
1
0
0
0
1
0
0
0
0
0
0
-1
0
0
-1
0
0
0
0
0
1
0
0
-1
0
0
0
1
0
0
1
0
0
0
0
0
0
-1
0
0
0
0
1
0
0
-1
0
-1
0
-1
0
0
0
0
0
0
0
0
0
0
1
0
0
0
0
0
0
0
0
0
0
0
1
0
0
0
0
-1
0
0
0
0
0
0
0
0
-1
0
0
0
-1
0
0
0
0
0
0
0
0
0
0
0
0
0
0
0
0
0
0
0
1
1
0
0
0
0
-1
0
0
-1
0
0
0
0
0
-1
0
0
0
0
0
1
0
1
0
0
0
0
0
0
0
0
0
0
0
-1
0
0
0
0
0
0
0
0
0
0
1
0
0
0
0
0
0
-1
0
0
0
1
0
0
0
0
0
1
-1
-1
0
0
0
1
0
0
0
0
1
0
0
0
-1
0
0
0
0
0
0
-1
0
0
0
0
1
0
0
0
0
0
0
0
0
0
-2
0
0
0
0
0
0
0
0
0
0
0
0
0
-1
0
0
0
1
0
0
1
2
0
1
1
1
0
1
0
0
0
0
0
0
1
-1
0
0
0
0
0
0
0
0
-1
0
0
0
-1
0
0
0
0
0
0
0
0
0
0
-1
0
0
0
0
0
0
0
0
0
0
0
1
1
0
1
2
1
0
1
1
0
1
0
0
0
0
0
0
0
0
-1
0
0
0
-1
0
0
0
0
0
0
-1
0
0
0
0
0
0
0
0
-1
0
0
0
0
0
0
0
0
-1
0
0
0
0
0
0
0
0
1
0
0
0
1
0
0
0
0
0
0
0
0
0
0
0
0
0
0
0
0
0
0
0
0
0
1
0
-1
0
0
0
0
0
0
0
0
0
0
0
0
0
-1
0
0
0
0
0
0
1
1
1
0
0
0
0
0
0
0
0
0
0
0
1
0
0
0
0
0
0
0
0
0
-1
0
0
0
0
0
1
1
0
0
0
0
-1
0
0
0
0
1
0
1
0
-1
0
1
0
0
0
0
1
0
-1
0
0
-1
0
0
0
-1
0
0
0
1
0
0
0
0
0
0
0
0
0
0
0
0
0
-1
0
0
0
0
0
0
0
0
0
0
0
0
0
0
0
0
0
0
0
0
0
1
0
0
0
0
1
0
0
0
0
1
0
0
0
0
0
-1
0
0
0
-1
0
0
-1
-1
0
-2
-1
-1
-1
0
-1
0
0
0
0
0
0
0
1
1
1
2
2
0
2
1
1
2
2
0
1
1
1
1
0
0
0
-1
0
0
0
-1
0
-1
-2
-1
-2
0
0
-2
-2
0
0
-2
-1
0
0
0
0
-1
0
0
1
0
0
0
0
2
2
1
0
1
1
1
0
1
0
1
1
0
0
0
1
1
0
-1
-1
-1
0
-1
-1
-2
0
-1
-1
-1
0
0
-1
0
0
1
1
1
0
0
0
0
1
0
0
0
0
1
0
0
0
0
0
1
1
0
-1
-1
0
0
0
0
0
0
0
0
0
1
0
0
0
-1
-2
0
-1
0
-1
-1
0
0
0
0
0
0
0
0
0
0
0
0
0
0
0
1
0
0
0
0
0
0
-1
0
0
0
0
0
0
0
-1
0
0
0
0
0
0
-1
0
0
0
0
0
0
0
0
0
0
0
0
-1
-1
0
-1
0
0
0
0
0
0
0
0
0
0
0
-1
1
0
1
1
0
0
0
0
0
1
0
0
0
0
0
0
0
0
-1
-1
0
0
-1
0
0
0
0
-1
1
2
0
-1
0
0
0
0
0
0
-1
0
0
0
0
0
0
0
1
0
0
1
0
0
1
1
0
1
0
-1
0
0
0
0
0
0
0
0
0
0
0
0
0
0
0
0
0
-1
0
0
0
0
0
0
0
0
0
0
0
0
0
0
0
0
0
0
0
0
0
0
0
0
0
0
0
1
0
0
0
-1
0
0
0
0
0
0
1
0
0
-1
0
0
0
0
1
0
-1
0
0
0
0
0
-1
-1
0
0
1
0
-1
0
0
0
1
0
0
0
0
0
0
0
-1
0
1
0
0
0
0
0
0
0
0
0
1
-1
0
0
0
0
0
0
-1
-1
0
0
1
0
1
1
0
0
0
0
0
0
0
0
0
0
0
0
0
0
0
0
-1
-1
0
0
0
0
0
0
1
0
0
0
0
0
0
0
0
0
0
0
0
0
0
0
0
0
0
1
0
0
0
0
0
0
-1
0
0
1
1
1
1
0
0
0
-1
-1
-1
0
0
0
0
0
0
0
2
0
0
-1
0
0
0
0
0
0
0
0
0
0
0
0
0
0
0
0
0
0
-1
0
0
0
1
0
0
0
0
0
0
0
0
0
0
0
0
0
0
0
0
0
1
0
0
0
2
0
0
-1
0
0
0
0
0
0
0
0
0
0
1
0
0
0
-1
-1
0
0
0
0
0
0
0
-2
0
0
-1
1
1
0
0
0
0
0
0
0
0
0
0
0
0
0
3
1
1
1
0
0
0
0
0
0
0
0
0
0
0
0
-3
-2
0
-1
-1
0
0
0
0
-1
1
0
0
1
1
0
1
0
1
1
0
1
0
1
0
-1
0
0
0
0
1
1
-2
-1
-1
0
0
0
0
0
-1
0
0
0
0
0
0
0
0
0
0
-1
0
0
-1
0
0
-1
0
0
0
0
0
0
0
0
1
1
0
0
0
-1
0
0
0
0
0
0
1
0
0
1
0
0
1
0
1
0
0
0
0
0
0
0
0
0
0
0
0
0
0
0
0
0
0
0
0
-1
0
0
0
0
0
0
0
1
0
1
1
1
1
1
0
0
0
-1
-1
-1
0
-2
-1
0
0
0
0
0
0
0
0
0
0
1
0
0
0
0
1
2
1
0
0
-1
0
0
0
0
-1
0
0
0
0
-1
-1
0
0
0
0
0
1
1
0
0
1
0
1
0
0
-1
-1
0
0
0
0
0
0
0
0
0
0
0
0
0
0
0
0
0
2
1
0
0
0
0
0
0
1
0
0
1
0
0
0
0
0
-1
0
-1
0
-1
-1
0
0
0
0
0
0
0
0
0
0
1
0
0
0
0
-1
0
0
0
0
0
1
1
1
0
0
1
1
-1
0
0
0
0
0
-1
0
-1
0
2
0
0
1
-1
-1
0
-1
0
0
0
0
1
0
0
0
1
0
0
0
0
1
0
0
1
0
-1
0
0
0
0
-1
0
0
-1
-1
0
0
0
0
0
0
0
1
1
1
0
0
0
0
1
0
-2
-1
0
0
0
1
0
0
-1
0
1
1
0
0
0
0
0
0
0
0
0
0
0
-1
0
0
0
0
-1
0
-1
0
0
0
0
0
0
1
1
0
0
0
1
0
0
0
0
0
0
0
0
0
0
-1
-1
2
1
-1
-2
0
0
-1
0
0
0
0
0
0
0
0
0
0
0
0
1
1
0
0
0
-1
0
0
-1
0
0
0
0
0
0
0
1
0
1
0
1
0
0
0
0
0
0
0
-2
-1
0
0
-1
0
0
-1
0
0
1
0
0
0
0
0
0
0
-1
0
0
0
0
0
0
0
0
1
0
0
0
0
0
-1
0
0
0
0
0
-1
0
0
0
-1
-1
0
1
0
0
0
0
0
0
0
-1
-1
-1
1
0
-1
-1
0
1
0
1
0
0
1
0
0
1
1
0
-2
0
0
0
0
0
0
1
0
1
1
-1
-1
0
0
0
0
0
0
-1
0
0
0
0
-1
0
1
1
0
0
0
-1
0
0
0
0
0
0
0
0
0
0
0
0
0
2
1
1
0
1
1
1
0
0
0
-1
0
0
-1
-1
-1
0
-2
-1
0
0
0
0
1
0
0
0
0
0
0
0
0
1
0
0
0
0
-1
0
1
0
0
0
1
1
0
0
0
0
0
0
0
0
0
0
0
0
0
0
0
0
0
0
1
0
0
0
-1
0
0
0
0
-1
-1
-1
0
0
0
1
0
0
0
0
0
-1
0
1
0
0
0
1
1
0
0
0
0
0
0
0
0
0
-1
-2
0
0
0
0
0
0
0
-1
0
0
1
0
0
0
1
0
0
0
0
0
1
0
0
0
0
1
0
0
0
0
0
0
0
0
-1
0
0
0
0
-1
0
0
0
2
0
0
1
0
1
1
1
0
0
0
1
0
0
-1
-1
0
0
0
0
0
-1
0
0
-1
0
0
0
1
1
0
0
0
0
0
0
0
0
0
0
0
0
0
-1
0
0
0
0
1
0
-1
0
0
0
0
0
0
0
1
0
0
0
0
-1
0
0
0
0
0
0
0
0
0
0
0
0
0
0
0
0
-1
0
-1
0
1
1
1
0
0
0
0
1
0
0
0
-1
1
0
0
0
0
0
0
0
0
-1
0
0
0
0
-1
0
0
0
0
-1
-2
-2
0
0
0
0
0
0
1
0
0
0
1
0
0
0
0
1
1
0
1
0
0
0
-1
-1
0
0
0
0
0
-1
0
0
-1
0
0
0
0
0
0
0
0
0
0
0
0
1
0
0
0
1
1
0
0
0
-1
0
0
0
0
-1
0
0
0
0
0
0
-1
0
0
0
1
1
0
0
0
0
0
0
0
0
0
0
0
0
0
0
0
0
0
0
-1
0
-1
0
-1
0
0
0
0
0
0
0
0
0
0
0
0
1
0
0
0
0
0
0
0
0
0
0
0
0
0
0
0
0
0
0
-1
0
0
1
1
0
0
0
0
0
0
0
0
0
1
0
0
0
-1
-1
0
0
0
0
-1
0
0
0
0
0
0
0
-1
0
0
0
0
0
0
0
0
0
0
0
0
0
0
0
0
0
0
0
0
0
-1
0
0
0
0
-1
0
2
1
0
1
0
0
0
0
0
-1
0
0
-1
0
0
0
-1
0
0
0
0
0
0
0
0
0
0
1
0
0
0
0
1
0
0
0
1
0
0
0
0
0
0
0
0
0
0
0
0
0
0
0
0
0
0
0
0
0
1
0
0
0
0
0
-1
0
0
1
0
0
0
1
0
-1
0
0
0
-1
-1
-1
0
0
0
0
0
0
0
0
0
0
0
0
0
1
0
1
1
0
0
0
0
0
0
0
0
0
0
0
0
0
0
-1
0
0
0
0
0
0
0
0
0
0
0
0
0
0
0
0
0
1
0
-1
0
0
0
0
0
0
0
0
0
1
1
1
0
0
-1
0
0
0
0
0
0
0
0
0
-1
0
0
0
1
1
0
0
0
0
0
0
2
0
0
0
0
0
0
0
0
0
0
0
-1
-1
-1
-1
0
0
-1
0
0
-1
-1
0
1
0
0
1
1
0
-1
0
0
-1
0
0
0
1
-1
0
0
0
0
0
0
0
-1
0
1
1
0
0
0
0
0
0
2
0
1
2
0
0
0
0
0
0
0
0
0
-1
0
0
-1
-1
0
0
-1
-1
0
0
0
0
0
0
0
0
0
1
1
1
1
0
0
1
0
0
0
0
0
0
0
0
-1
0
0
0
0
-1
0
0
0
0
0
0
0
0
0
0
0
0
0
0
0
-1
0
0
1
0
0
-1
0
0
0
0
1
1
0
0
0
0
0
1
0
0
0
0
0
0
0
0
0
0
0
0
-1
0
0
0
0
0
0
0
0
0
0
0
0
1
0
0
0
1
0
-1
0
0
0
0
0
0
0
-1
-2
0
0
0
-1
0
1
0
0
0
0
0
0
0
0
0
0
0
0
0
2
1
0
0
0
0
0
0
0
0
-1
0
0
0
1
-1
0
0
0
0
0
0
0
0
0
-1
0
0
0
0
0
0
0
0
0
0
0
0
0
0
0
0
0
1
1
1
0
0
0
0
0
0
0
0
0
0
0
0
-1
0
1
0
0
1
0
0
0
0
0
0
0
-1
0
0
0
0
0
0
0
0
0
0
0
0
0
2
0
1
0
-1
1
0
0
0
-1
0
0
0
0
0
-1
0
0
0
0
-1
0
-1
0
0
0
0
0
0
1
0
0
0
0
0
0
0
0
0
-1
0
0
-1
0
0
0
-1
0
1
0
1
1
0
0
0
1
0
0
0
-2
0
0
0
1
0
0
0
-1
0
-1
0
0
0
0
0
-1
0
0
0
0
0
0
0
1
0
0
0
0
0
1
0
0
0
0
0
0
1
0
0
1
-1
-1
0
0
0
0
0
0
0
0
2
0
0
0
0
0
0
0
0
0
0
0
0
0
0
0
0
-1
-1
0
-1
0
0
0
0
0
0
0
2
1
0
0
0
0
0
0
0
0
0
0
0
0
0
0
0
0
0
0
0
0
0
0
-1
0
0
0
-1
0
0
0
0
0
0
0
0
1
1
1
1
0
0
1
0
0
0
0
0
-1
-1
0
0
0
0
0
-1
0
1
0
0
0
0
0
1
0
0
-1
1
0
0
0
0
0
0
0
0
0
0
0
0
-1
0
0
0
0
0
0
0
0
0
0
0
0
0
0
0
1
0
0
0
-1
0
0
-1
0
0
0
0
0
0
-1
0
0
1
0
1
0
0
0
0
0
0
0
0
0
0
0
0
0
0
-1
0
0
0
0
0
1
0
-1
-1
0
-1
-1
0
0
0
0
0
0
0
0
0
0
0
0
-1
0
0
1
1
0
0
0
0
0
0
0
0
0
0
0
0
1
0
0
1
0
-1
-1
0
0
0
0
0
0
1
0
0
0
0
0
0
1
1
0
0
0
-1
0
1
0
0
0
0
0
0
0
-1
0
0
0
0
-1
0
0
0
0
0
0
0
0
0
0
0
0
0
1
1
0
0
0
0
0
0
0
-2
0
0
0
0
0
0
0
0
0
0
0
-1
0
0
0
0
0
1
0
0
1
-1
0
0
-1
0
0
0
1
1
0
-1
1
1
0
0
0
0
0
0
-1
-1
0
0
0
0
0
0
1
0
0
0
0
0
-2
0
0
0
0
0
0
0
0
0
0
0
-1
-1
0
0
1
1
-1
-1
0
0
1
0
0
-1
0
0
1
1
0
0
0
0
0
0
0
0
-1
0
0
0
1
0
0
-1
0
1
1
0
0
-1
-1
0
0
0
-1
-1
0
0
0
0
0
0
0
0
0
-1
0
0
0
0
0
1
0
0
0
0
0
0
1
1
0
0
0
0
0
0
0
0
-1
0
0
1
0
0
0
0
0
0
-1
0
0
0
0
0
0
0
0
0
0
0
0
0
0
-1
0
0
-1
0
1
0
0
0
0
0
0
0
0
0
0
0
0
0
0
0
-1
0
0
0
0
1
0
1
0
0
0
0
0
0
0
0
-1
0
0
0
0
0
0
0
0
-1
-1
0
1
1
0
0
0
0
0
0
0
0
0
0
0
0
0
0
0
0
0
1
0
0
0
0
-1
0
0
0
1
0
0
-1
0
0
0
0
0
1
0
-1
0
0
0
0
0
0
0
0
0
0
0
0
1
0
0
0
0
-1
0
0
0
0
0
-1
0
0
0
0
0
0
0
0
1
1
0
0
0
0
-1
0
0
0
0
0
0
0
-1
0
0
0
0
0
0
0
0
0
0
0
1
0
0
1
0
0
0
0
0
-1
0
0
1
0
0
0
0
0
0
0
-1
-1
0
1
0
0
1
1
0
1
1
0
0
0
-1
0
-1
0
-1
-1
0
1
2
0
0
0
0
0
0
0
-1
0
0
-1
0
0
0
2
1
1
0
1
0
0
0
0
0
0
0
-1
-1
0
1
1
0
0
0
0
0
0
-1
-1
0
0
0
0
0
0
0
0
0
0
0
0
0
0
0
0
1
1
0
0
0
0
0
1
0
0
1
0
-1
0
-1
0
0
0
0
0
0
0
0
0
0
0
0
-1
0
0
1
0
0
0
1
0
0
1
1
0
0
0
0
0
0
0
0
1
1
0
0
1
0
0
0
0
0
0
0
0
0
0
-1
-1
-2
0
-1
-1
0
0
-1
0
0
0
-1
0
1
1
1
0
0
1
2
1
0
0
0
0
0
0
1
0
0
0
0
0
0
0
0
-1
0
0
0
-1
-1
0
0
0
0
-1
0
1
0
0
1
1
0
-1
-2
0
2
0
0
0
0
0
0
-1
0
0
0
0
1
0
0
0
0
0
0
0
0
0
0
0
0
0
0
0
0
0
0
0
0
0
-1
0
0
0
-1
0
0
0
0
0
0
0
-1
-1
0
0
-1
0
0
0
0
0
1
0
0
1
0
0
0
0
0
0
0
0
0
0
1
-1
0
0
0
0
2
0
-1
0
2
0
0
0
0
0
0
-1
0
0
0
0
0
0
0
0
0
0
1
0
1
0
-1
1
1
0
0
0
0
0
0
0
0
0
0
1
0
0
0
0
0
-1
0
0
0
0
0
0
1
0
0
0
0
-1
0
0
0
0
0
-1
0
0
0
0
-1
0
0
0
0
-1
0
0
0
0
-1
0
1
0
0
0
0
1
0
0
0
1
0
0
0
0
-1
0
0
0
1
0
-1
0
0
0
-1
0
0
0
0
0
1
0
0
0
0
0
0
1
0
0
1
0
0
0
0
0
0
0
0
-1
0
0
0
0
0
0
0
0
0
0
0
1
1
1
0
0
0
1
0
-1
0
-1
0
0
-1
0
0
0
0
0
0
0
-2
0
0
0
1
0
1
0
0
0
0
1
0
0
0
0
0
0
0
0
-1
0
1
0
0
0
0
0
0
0
0
0
0
0
0
0
0
0
0
0
0
0
0
0
0
1
-1
0
0
-1
0
0
0
0
-1
0
0
0
0
0
1
0
0
0
0
1
0
0
0
0
1
0
0
0
0
0
0
0
0
-1
0
0
0
0
-1
0
0
0
1
0
-1
0
0
-1
-1
1
1
-1
1
1
0
0
0
0
0
0
-1
-2
0
2
0
-1
0
0
-1
-1
0
0
1
0
0
0
0
0
0
0
1
1
0
0
0
0
0
0
0
-1
0
1
0
0
0
0
1
1
0
0
-1
-1
0
0
0
-1
-1
0
0
0
0
0
0
0
0
0
0
0
1
0
1
1
0
0
0
0
0
-1
-1
0
0
-1
-1
0
0
-1
0
0
0
0
0
0
0
0
0
0
0
1
2
1
0
0
1
0
0
0
0
1
0
0
1
0
0
-1
0
0
0
-1
-1
0
1
0
-1
0
0
0
0
0
0
0
0
0
-1
0
0
0
0
0
0
0
0
0
1
0
0
0
0
0
0
0
0
0
0
0
0
0
0
0
0
0
0
0
0
0
0
0
0
-2
0
1
-1
-1
1
1
0
0
2
2
1
1
0
1
0
0
0
0
-1
0
0
0
-1
-1
0
-1
-1
-1
0
0
0
0
0
-1
1
2
0
0
1
0
0
0
0
0
0
0
-1
0
0
0
0
0
0
0
0
0
0
1
1
0
0
0
0
0
0
-1
0
0
-1
0
-1
0
0
0
0
0
0
0
0
1
0
0
0
0
-1
0
0
0
0
0
-1
0
1
0
-2
0
0
0
0
0
0
1
0
0
0
0
0
0
-1
0
0
0
0
1
0
0
-1
0
0
0
0
0
0
0
0
0
0
0
0
1
0
0
0
0
0
0
0
0
0
0
-1
-1
1
1
0
1
1
0
-1
-1
0
0
0
0
0
0
-1
1
1
0
0
1
0
0
0
0
0
0
0
0
0
0
-1
0
0
0
0
-1
0
-1
1
0
0
0
0
0
1
0
0
0
0
0
1
0
0
0
-1
-1
0
0
0
0
0
0
0
1
1
1
0
0
0
-1
0
0
0
0
-1
0
0
0
0
0
0
0
0
0
0
1
0
1
1
0
1
0
0
1
0
0
1
-1
0
0
-1
-1
0
0
-1
0
0
0
0
0
0
0
0
0
-1
-1
0
2
2
1
0
0
0
0
1
1
0
0
0
0
-1
0
-1
0
-1
0
0
0
0
0
0
0
0
0
0
1
1
0
0
0
1
1
0
0
0
0
0
0
0
1
0
0
0
-1
0
0
0
-1
-1
0
0
0
0
0
0
0
0
0
0
1
0
0
0
0
0
0
1
0
0
0
0
1
1
1
0
0
0
0
0
0
0
0
0
-1
0
0
-1
0
0
-1
0
0
0
0
0
0
0
0
0
0
0
0
0
0
0
0
0
0
0
0
0
0
0
0
0
0
0
-1
0
1
0
0
1
0
0
0
0
0
0
0
0
0
0
0
0
-1
0
1
1
1
0
-1
0
-1
0
0
-1
-1
0
0
0
0
0
-1
0
1
0
0
0
0
1
1
0
0
0
0
0
2
1
1
0
0
0
0
1
0
0
0
0
0
0
-1
-1
0
0
0
-1
-1
0
0
0
0
0
0
-1
0
0
0
0
0
0
0
1
1
0
-1
-1
0
1
0
0
0
0
0
1
0
0
1
1
0
0
0
0
0
0
0
0
0
0
0
0
0
0
0
0
0
0
0
0
0
0
-1
0
0
0
0
-1
-1
0
0
0
0
0
0
0
0
0
0
0
0
0
0
0
1
0
1
1
0
1
0
0
0
0
0
0
0
1
0
0
0
0
0
0
0
-1
0
1
1
0
-2
-2
-2
0
1
3
0
-2
-3
-2
0
2
1
0
-2
-4
-1
2
5
1
0
0
-1
0
0
1
2
0
-2
-3
-1
-1
0
2
4
4
1
-2
-3
-4
-1
4
4
3
-2
-4
-2
4
5
-1
-5
-13
-14
9
37
37
2
-40
-59
-40
12
44
57
46
-6
-38
-51
-21
28
16
-7
-7
-3
11
21
0
4
4
-11
-12
-16
-1
18
2
-14
-13
6
19
21
2
-31
6
25
9
-35
-35
7
23
16
-19
-22
12
55
29
-27
-65
-28
20
27
38
1
-18
-7
-17
-17
25
28
5
6
-5
-7
-8
-25
-25
-38
24
81
13
-23
-24
0
26
5
-20
-22
-33
22
46
-11
-29
-24
14
54
32
-23
-47
-25
-5
42
55
2
-48
-49
-9
24
21
17
22
-14
-21
18
15
-21
-42
-5
30
18
10
-13
-20
11
10
2
4
-19
-27
0
14
19
8
-13
-1
12
13
-9
-31
-6
11
12
26
-6
-27
-9
-14
13
30
-9
-4
11
-8
6
2
-8
-1
-11
-2
11
11
0
-14
-6
8
14
3
-21
-14
19
16
-5
-9
-5
-2
11
0
-13
-4
11
14
-5
-11
-1
2
4
16
0
-20
0
0
-1
14
4
-5
-2
-2
-4
-3
1
1
-2
8
8
-5
-8
-2
3
6
5
-1
-6
-4
1
-3
-8
1
4
0
1
3
2
-1
1
0
-8
1
7
1
-3
-3
-2
-1
6
3
0
1
0
1
1
0
-2
0
1
0
-2
-4
-2
0
1
-3
-4
0
0
2
-1
-5
0
3
5
2
0
0
1
2
0
-1
-1
2
0
0
0
2
2
0
-1
-3
-3
3
3
0
0
-3
-2
-1
0
0
-1
0
2
0
-3
-2
0
0
5
2
-1
-1
-1
1
1
-1
0
0
1
0
0
0
0
0
0
0
0
2
0
-2
0
-1
0
1
-1
-3
-2
0
2
1
0
0
-1
0
2
0
0
0
0
1
-1
0
0
0
0
0
0
0
0
0
1
0
-1
0
1
0
0
0
0
0
-1
0
2
0
0
0
0
1
0
0
0
0
0
1
0
-1
0
-1
0
0
0
0
0
0
-1
-1
0
0
0
0
0
0
0
0
0
1
2
0
0
1
1
0
-1
0
0
0
0
-1
0
1
1
0
0
0
1
0
-1
0
-1
0
0
-1
0
0
1
0
-1
0
0
1
0
-1
-1
0
1
0
0
0
1
1
0
-1
-1
0
0
0
0
0
1
1
0
0
0
0
0
0
-2
-2
0
-1
0
1
0
0
0
0
0
1
0
0
-1
-1
0
0
-2
-1
0
2
0
-1
0
3
2
0
0
-1
0
1
-1
0
0
0
0
0
0
0
2
3
0
-1
0
0
-1
-1
-1
-1
-1
0
0
0
0
0
-1
0
0
-1
0
0
1
2
0
0
1
1
-2
-1
0
0
0
0
0
0
0
0
1
1
2
0
0
0
0
0
0
-1
-2
0
0
0
0
0
0
0
0
0
-1
0
0
0
2
1
0
0
0
0
0
-1
-2
-2
-1
-2
0
3
0
1
2
3
2
1
0
1
1
0
1
-1
-1
0
-1
0
0
0
-2
-2
-2
0
-2
-3
-2
-2
0
-1
-2
-2
0
0
0
2
2
2
1
6
5
3
2
2
2
2
1
0
0
0
-2
-2
-1
-3
-6
-6
-4
-5
-3
-3
-2
0
-1
0
2
2
3
2
3
3
1
2
3
3
2
1
0
1
2
0
0
0
-2
-2
-1
-2
-1
-2
-2
-1
-2
-1
0
0
0
2
0
0
3
2
-1
0
0
1
0
0
-1
-1
-2
-1
0
-1
-1
0
-1
0
0
0
0
2
2
2
2
1
1
0
-2
0
2
1
-1
0
-1
0
0
-1
0
0
1
0
-3
0
0
0
0
0
1
1
1
0
0
0
0
1
0
0
0
-1
0
0
0
-1
0
0
-1
0
2
0
-1
0
0
1
0
0
1
0
-1
-1
0
0
0
0
0
-1
-1
1
2
0
-1
0
1
0
0
0
0
0
0
0
0
0
0
0
0
0
0
0
0
0
0
0
0
0
0
0
0
0
-1
0
0
0
-1
0
0
1
1
-1
0
2
-1
0
0
0
0
-1
0
0
0
0
0
0
0
1
-1
0
1
0
0
0
0
1
0
0
0
0
0
0
2
0
0
-1
0
0
-2
-1
0
0
-2
-1
0
0
0
0
0
0
1
0
1
0
0
0
0
0
0
0
0
0
0
0
0
1
1
-1
0
0
0
1
-1
0
1
1
-2
-2
0
0
0
0
-1
0
0
0
0
0
1
0
0
2
0
0
0
-1
0
0
1
2
0
-1
1
0
-1
-1
0
0
0
0
0
1
1
0
0
0
1
-1
-1
-1
0
1
0
0
0
0
0
0
0
0
0
-1
0
-1
0
0
1
1
0
1
1
-1
0
0
0
0
0
1
1
1
0
0
1
0
0
0
-1
0
-1
0
0
0
0
0
0
0
0
0
0
0
0
0
0
0
-1
0
1
0
0
0
-1
0
0
-1
0
0
0
0
1
1
-1
-1
0
-1
0
1
1
2
0
1
0
0
0
-1
0
0
0
-1
0
0
-1
0
0
0
0
-2
0
0
0
2
0
0
0
0
-1
0
0
2
1
0
-1
0
0
0
0
0
1
0
0
0
2
1
0
0
0
0
0
0
1
0
-1
-1
-1
0
1
0
0
0
0
-1
0
-1
0
1
1
0
0
0
2
1
0
0
1
0
0
0
0
0
0
-1
-1
0
1
1
-1
-2
0
0
-1
-2
0
0
0
-1
0
2
2
1
0
0
2
0
0
0
0
0
0
0
0
0
-2
-1
0
1
0
0
-2
-1
0
0
0
0
0
1
0
0
1
-1
0
-1
-1
0
1
1
0
0
1
0
0
0
0
-2
0
0
-1
0
0
0
0
0
2
1
1
-1
0
0
0
0
-1
-1
-1
0
0
1
0
1
1
0
0
1
-1
-1
-2
-1
1
0
-1
-1
0
1
0
0
0
1
1
0
-2
0
0
-1
-2
0
3
1
0
0
0
0
-1
0
0
0
-1
0
0
1
0
0
0
0
0
2
0
-2
-2
-1
0
0
0
1
1
1
0
0
-1
0
0
0
0
0
0
1
0
0
0
-1
0
2
0
0
0
-1
0
0
-1
1
0
0
0
-1
0
0
0
0
0
1
0
0
-1
-2
-1
0
0
0
0
0
0
0
0
0
0
2
1
0
0
0
-1
-1
0
0
2
2
-2
-1
0
2
0
-2
0
1
0
1
0
-1
0
0
0
0
1
3
0
-4
-1
1
3
0
-2
0
0
0
0
-2
0
2
-1
-3
-1
4
3
-2
-1
1
2
-1
-3
1
3
2
-3
-4
0
2
0
-4
-1
3
3
-1
-2
1
3
0
-3
-1
0
3
0
0
0
4
2
-1
-2
-1
1
0
-2
-1
-1
0
1
0
0
1
1
-1
-3
-1
0
-1
-1
-1
0
3
3
-1
0
0
3
2
-3
-5
0
3
0
-3
-1
3
6
-1
-5
0
5
0
-8
-3
4
5
-1
-4
0
5
2
-2
-4
0
4
0
-2
-2
3
5
0
-3
-1
2
1
-2
-4
-1
3
3
-2
-1
3
4
0
-6
-2
4
2
-4
-5
0
4
1
-5
-4
3
5
-2
