0
0
0
0
0
0
0
0
0
0
0
0
0
0
0
0
0
0
0
0
0
0
0
0
0
0
0
0
0
0
0
0
0
0
0
0
0
0
0
0
0
0
0
0
0
0
0
0
0
0
0
0
0
0
0
0
0
0
0
0
0
0
0
0
0
0
0
0
0
0
0
0
0
0
0
0
0
0
0
0
0
0
0
0
0
0
0
0
0
0
0
0
0
0
0
0
0
0
0
0
0
0
0
0
0
0
0
0
0
0
0
0
0
0
0
0
0
0
0
0
0
0
0
0
0
0
0
0
0
0
0
0
0
0
0
0
0
0
0
0
0
0
0
0
0
0
0
0
0
0
0
0
0
0
0
0
0
0
0
0
0
0
0
0
0
0
0
0
0
0
0
0
0
0
0
0
0
0
0
0
0
0
0
0
0
0
0
0
0
0
0
0
0
0
0
0
0
0
0
0
0
0
0
0
0
0
0
0
0
0
0
0
0
0
0
0
0
0
0
0
0
0
0
0
0
0
0
0
0
0
0
0
0
0
0
0
0
0
0
0
0
0
0
0
0
0
0
0
0
0
0
0
0
0
0
0
0
0
0
0
0
0
0
0
0
0
0
0
0
0
0
0
0
0
0
0
0
0
0
0
0
0
0
0
0
0
0
0
0
0
0
0
0
0
0
0
0
0
0
0
0
0
0
0
0
0
0
0
0
0
0
0
0
0
0
0
0
0
0
0
0
0
0
0
0
0
0
0
0
0
0
0
0
0
0
0
0
0
0
0
0
0
0
0
0
0
0
0
0
0
0
0
0
0
0
0
0
0
0
0
0
0
0
0
0
0
0
0
0
0
0
0
0
0
0
0
0
0
0
0
0
0
0
0
0
0
0
0
0
0
0
0
0
0
0
0
0
0
0
0
0
0
0
0
0
0
0
0
0
0
0
0
0
0
0
0
0
0
0
0
0
0
0
0
0
0
0
0
0
0
0
0
0
0
0
0
0
0
0
0
0
0
0
0
0
0
0
0
0
0
0
0
0
0
0
0
0
0
0
0
0
0
0
0
0
-1
0
0
-1
0
0
0
0
0
0
0
0
0
1
0
0
1
0
0
0
0
0
0
0
0
0
0
0
0
0
0
0
0
0
0
0
0
0
0
0
0
1
0
0
0
0
0
0
0
0
0
0
0
0
0
0
1
0
0
0
0
0
-1
0
0
0
0
0
0
0
-1
0
1
-1
0
0
0
0
0
0
0
-1
0
0
0
0
-1
0
0
0
0
0
0
0
0
0
0
-1
0
0
0
0
-1
0
0
0
0
0
0
0
0
0
0
0
1
1
0
0
0
0
0
0
0
0
-1
0
1
0
0
0
0
0
-1
0
0
0
0
1
0
0
1
0
0
0
0
0
1
0
0
0
0
-1
0
0
-1
0
-1
-1
0
0
0
0
0
0
0
0
0
0
0
0
1
0
1
0
0
0
0
0
0
0
0
0
0
0
-1
0
0
0
0
-1
-2
-1
0
0
0
0
0
0
0
0
0
1
0
0
0
0
0
-1
0
0
0
0
1
0
0
0
-1
0
0
0
-1
0
0
0
0
0
0
0
0
0
0
0
0
0
0
0
0
-1
0
0
0
0
0
0
0
0
1
0
0
0
0
0
0
0
-1
0
0
0
0
0
0
0
0
0
0
0
0
0
0
0
0
0
0
0
0
0
0
0
0
0
0
1
0
0
0
0
0
0
0
0
0
0
0
0
1
0
0
0
0
0
0
0
0
0
0
0
0
0
0
0
-1
0
0
0
0
0
0
0
0
0
1
0
0
0
0
0
0
0
0
0
0
-1
0
0
0
0
0
0
0
0
0
0
0
0
0
0
0
-1
0
0
0
0
0
0
0
0
0
0
0
0
0
0
0
1
0
0
0
0
0
0
0
0
0
1
0
0
0
0
0
0
0
-1
0
0
0
0
0
0
0
0
0
0
0
0
0
0
0
0
0
0
0
0
0
0
0
0
0
0
0
0
0
0
0
0
0
0
0
0
0
0
0
1
0
0
0
0
0
0
0
0
-1
0
-1
0
0
0
0
-1
0
0
0
0
0
0
0
-1
0
0
0
0
0
0
0
0
0
0
0
0
0
0
0
0
0
0
0
0
0
0
0
0
0
0
0
0
0
0
0
0
0
0
0
0
0
0
0
0
0
0
0
0
0
0
0
0
0
0
0
0
0
0
0
0
-1
0
0
0
0
0
0
0
0
0
0
0
0
-1
0
0
0
0
0
0
0
0
0
0
0
0
0
0
0
0
0
-1
0
0
0
0
0
0
0
0
0
0
0
0
0
0
-1
0
0
0
0
0
0
0
0
0
-1
0
-1
0
0
1
0
0
0
0
0
0
0
0
0
0
0
1
1
0
0
0
0
0
0
-1
0
0
0
0
0
1
0
0
0
-1
1
-1
-2
0
0
0
0
0
0
0
0
0
0
0
0
0
0
0
0
1
0
0
0
0
0
-1
0
0
0
0
0
0
0
0
0
0
0
0
0
0
0
0
0
0
0
0
0
0
0
0
0
0
0
1
0
0
1
0
0
0
0
0
0
0
0
0
0
-1
0
0
0
0
0
0
0
0
0
-1
0
0
0
0
0
0
0
0
0
0
0
0
1
0
0
0
0
0
0
0
0
0
0
1
0
-1
0
0
0
0
0
-1
-1
-1
0
0
0
0
0
-1
0
0
0
0
0
2
1
1
-3
-2
-1
0
3
3
3
-2
-4
-2
0
3
3
0
0
0
0
0
0
0
0
0
-1
-5
-4
1
6
7
-1
-10
-9
0
7
5
-1
-6
-2
7
6
0
-5
-3
0
0
-1
0
2
6
7
4
0
-4
-2
-4
-7
-6
2
12
9
-3
-8
-2
10
14
7
-6
-8
-11
-40
-90
-75
63
204
186
1
-160
-154
-8
95
64
-74
-165
-102
89
229
152
-66
-217
-143
70
228
157
-62
-227
-159
45
182
101
-70
-140
-34
119
151
26
-141
-165
-29
126
113
-9
-112
-45
70
132
43
-74
-133
-80
18
75
39
-38
-61
-1
87
102
32
-71
-86
-15
69
72
-8
-79
-73
9
63
51
-11
-46
-25
28
47
13
-40
-51
-4
42
42
-15
-53
-41
17
53
38
-15
-51
-24
32
58
13
-52
-70
-12
54
70
10
-48
-57
-7
38
35
-3
-40
-32
7
38
36
4
-24
-28
-10
12
14
0
-9
-6
9
9
4
-4
-1
6
9
3
-11
-12
0
18
17
1
-13
-12
-5
1
0
-2
-1
-3
-5
-4
-1
2
8
9
3
-4
-8
-6
3
7
3
-3
0
6
6
0
-8
-11
0
13
13
2
-8
-2
12
11
-2
-13
-10
3
14
-1
-31
-47
-2
71
71
-5
-76
-44
35
54
-12
-66
-40
24
48
24
-8
-23
-14
-3
2
-4
3
1
2
-3
6
21
20
-7
-29
-9
21
24
-1
-22
-9
20
21
-2
-33
-20
14
27
-4
-24
-5
30
22
-17
-36
-7
21
8
-19
-25
11
32
17
-19
-27
4
31
15
-27
-35
1
38
21
-15
-20
2
15
2
-9
-4
6
5
-6
-13
0
13
11
-2
-9
1
14
8
-5
-17
-10
0
6
-2
-9
-1
8
7
-1
-5
0
0
-3
-2
1
5
1
-3
-4
1
6
1
-3
-4
0
4
4
0
1
1
3
0
-6
-2
2
3
-4
-8
3
9
5
-6
-8
0
3
0
-4
-2
0
0
0
0
0
0
0
4
3
0
-1
-2
0
0
1
0
-2
0
1
3
1
0
0
0
2
0
-1
-2
0
2
2
0
-2
0
2
0
-1
0
0
1
0
0
0
1
1
0
-2
0
1
0
0
0
0
1
0
0
0
0
-2
-2
0
0
1
0
-1
0
0
0
0
0
0
0
-1
0
0
1
0
0
0
0
1
0
-1
-1
-1
0
0
0
0
0
0
0
0
-1
0
0
0
0
0
0
1
1
0
1
0
0
0
0
0
1
1
0
0
-1
0
-1
-1
-1
0
0
-1
0
0
0
-2
-1
0
0
0
0
0
1
1
0
0
0
1
0
0
0
0
0
0
0
0
-1
1
0
0
0
-1
0
-1
0
0
0
0
0
0
1
0
0
0
0
1
0
0
0
0
0
-1
-1
0
0
0
-1
0
1
0
0
1
0
0
0
0
0
0
-1
0
0
1
0
0
0
0
0
0
0
0
0
0
0
0
0
0
0
0
0
-1
0
0
0
0
0
0
0
1
-1
0
0
0
0
0
0
0
0
0
0
0
0
0
0
-1
0
0
0
2
1
0
0
-1
0
0
0
0
0
0
-1
0
0
-1
-1
0
0
0
0
1
0
1
0
1
0
1
0
0
0
1
0
0
-1
-1
0
0
0
0
0
-1
0
0
0
0
0
1
-1
0
0
0
1
-1
0
0
0
0
0
-1
0
0
0
1
0
0
0
0
0
0
0
0
0
1
0
0
0
0
0
0
1
0
0
0
0
0
0
0
0
0
0
0
0
0
0
0
1
0
0
0
0
0
0
0
-1
0
0
0
0
-1
0
0
0
0
0
0
0
-1
0
0
0
1
0
1
1
1
0
-1
0
1
0
1
1
0
0
0
0
0
0
0
0
0
0
0
0
-1
0
0
0
0
0
0
0
0
0
0
0
0
0
0
0
0
0
0
0
-2
0
0
-1
0
0
0
0
0
1
1
0
0
0
0
0
0
0
0
1
0
0
0
-1
-1
-1
-1
0
0
0
0
0
1
0
0
1
0
0
0
0
0
0
0
0
0
0
0
-1
0
0
0
0
0
0
0
0
0
1
1
0
-1
0
0
0
0
0
0
0
0
0
0
0
0
0
0
0
0
0
1
1
0
-1
0
0
0
0
0
1
0
1
0
-1
0
-1
0
0
0
0
1
0
0
0
-1
0
0
0
1
0
0
0
-1
0
0
0
0
0
0
0
0
0
2
0
0
0
0
0
0
0
-1
0
0
0
0
0
0
0
-1
0
0
0
0
0
0
0
0
1
0
0
0
1
1
0
0
0
0
0
0
0
-1
0
0
0
0
0
0
-1
0
0
0
1
0
0
0
0
0
0
0
-1
0
0
0
0
0
0
0
1
1
0
0
0
0
0
0
0
0
0
0
0
0
0
0
0
0
0
0
0
0
0
0
0
0
0
0
0
0
1
0
0
0
0
0
0
0
0
0
0
0
0
0
0
0
0
1
0
1
0
0
0
0
0
0
0
-1
0
0
0
1
0
0
0
0
0
0
0
-1
0
1
0
0
0
0
0
0
0
0
0
0
-1
-1
0
0
0
0
0
0
0
0
0
0
0
0
0
0
0
0
0
0
0
0
1
0
0
1
0
1
0
0
-1
0
-1
0
0
0
0
0
1
0
-1
-2
0
0
0
0
-1
0
0
0
0
0
0
0
1
0
0
0
0
0
0
0
0
0
0
0
-1
0
0
0
1
0
0
0
0
0
0
0
0
0
0
0
0
0
0
-1
0
0
0
1
0
0
0
-1
0
0
0
0
0
0
0
0
0
-1
-1
0
0
0
1
0
0
0
0
0
0
1
1
0
0
1
0
1
0
0
0
0
0
0
0
0
0
0
-1
0
0
0
0
0
0
0
0
0
0
-1
0
0
0
0
0
0
0
0
1
1
0
1
0
1
1
0
1
0
0
0
0
1
-1
0
0
-1
0
0
0
0
-1
-1
0
0
0
0
0
0
0
0
0
0
0
0
0
0
0
1
0
0
0
0
0
0
0
0
0
0
0
1
0
0
0
0
0
0
0
-1
0
0
0
-1
0
0
0
0
0
0
0
1
0
0
0
-1
1
0
0
0
0
0
0
-1
0
0
0
0
0
0
0
0
0
0
0
0
0
0
0
0
0
0
0
0
0
0
0
-1
0
0
0
0
0
0
0
0
0
0
0
1
0
0
0
0
0
0
0
-1
0
0
0
0
0
1
0
-1
0
0
0
0
0
0
0
0
1
0
0
1
0
0
0
0
0
0
0
0
0
0
0
0
0
0
0
0
0
0
0
0
0
-1
0
0
0
0
-1
0
0
0
0
0
0
0
0
0
0
0
0
0
0
0
0
0
0
0
0
0
0
0
0
0
0
-1
0
0
-1
0
0
1
0
0
0
0
0
0
0
0
0
0
1
0
0
0
0
0
0
0
0
-1
0
0
1
0
-1
0
0
0
0
0
0
0
0
0
1
0
1
0
0
0
0
0
0
0
0
0
0
0
0
0
0
0
0
0
0
0
0
0
0
0
0
0
-1
0
0
0
-1
0
0
0
0
0
0
-1
0
-1
0
0
0
0
0
0
0
0
0
0
0
0
0
0
0
0
0
0
0
0
0
0
0
1
1
0
1
0
1
0
0
0
0
-1
-1
-1
0
0
0
0
0
-1
0
0
0
0
0
0
0
0
0
-1
0
0
0
0
1
0
0
1
1
0
0
0
0
0
0
-2
0
0
0
0
2
0
0
1
0
1
0
0
0
0
0
-1
-2
-1
0
0
0
0
0
0
0
0
0
0
0
0
1
0
0
1
0
0
0
0
1
0
0
0
0
0
-1
0
0
0
-1
0
0
0
0
-1
0
0
0
0
0
0
0
0
0
0
0
0
0
0
0
0
0
1
0
0
1
0
0
0
0
0
0
0
0
-1
0
0
0
0
0
0
0
0
0
0
1
0
0
0
0
0
0
0
0
0
0
0
0
0
0
0
1
0
0
0
0
0
0
0
0
0
0
0
0
0
0
-1
0
0
0
0
0
0
0
0
0
0
-1
0
0
0
0
0
1
0
0
0
0
0
0
0
0
0
0
-1
0
0
0
0
1
0
0
0
0
0
0
0
0
0
-1
0
-1
0
0
0
0
0
0
0
0
0
0
0
0
0
0
1
0
0
-1
0
0
0
0
0
0
0
0
0
1
-1
0
0
0
0
0
0
0
0
0
0
1
0
0
0
0
1
0
0
0
0
0
0
0
0
0
0
0
-1
0
0
0
0
0
0
0
0
0
0
0
0
1
0
0
0
0
0
0
0
0
0
-1
0
0
-1
0
0
0
0
0
0
0
0
0
0
0
0
0
1
0
0
0
0
0
0
0
0
0
0
0
0
0
0
0
0
0
0
0
0
0
0
0
0
0
0
0
0
0
0
0
0
0
0
0
0
0
0
-1
0
0
0
0
0
0
0
0
0
0
0
1
0
0
0
0
0
0
0
-1
0
0
0
0
-1
0
0
0
0
0
0
0
0
0
0
0
-1
0
0
0
0
0
0
0
0
-1
0
1
0
0
0
0
1
0
-1
-1
0
0
-1
0
0
0
0
0
0
0
0
0
0
0
0
0
0
0
2
1
0
0
0
0
0
0
0
0
0
0
1
1
0
0
0
0
0
-1
0
-1
-1
-1
0
0
0
0
0
1
0
0
0
0
0
0
0
0
1
0
0
0
0
0
0
0
0
0
0
0
0
0
1
1
0
0
0
0
0
-1
-1
0
0
-1
-1
0
1
0
0
-1
0
0
0
0
0
0
0
0
0
0
0
-1
0
1
0
0
0
0
0
0
0
0
0
0
-1
0
0
0
0
0
0
0
-1
0
0
0
0
0
0
0
0
-1
0
0
0
0
0
0
0
0
0
0
0
-1
0
1
0
0
0
0
0
0
0
-1
0
0
0
0
0
0
1
0
0
0
0
1
0
0
0
0
0
0
0
0
0
1
0
0
0
0
0
0
0
0
1
0
0
0
0
0
0
0
0
0
0
0
0
0
0
0
0
0
-1
0
0
0
0
0
1
0
0
0
0
1
1
0
0
0
0
0
0
0
0
0
0
-1
0
0
0
0
0
0
0
0
0
0
-1
-1
0
-1
-1
0
0
0
0
0
1
1
0
0
0
0
0
0
0
0
0
0
-1
0
0
0
-1
0
0
0
0
0
0
1
0
0
0
0
0
0
0
0
0
0
0
0
0
-1
0
0
0
0
0
0
0
0
0
0
0
0
0
0
1
0
0
0
0
0
0
1
0
0
-1
0
0
0
0
0
0
0
0
0
0
0
0
0
0
0
0
0
0
0
0
1
0
0
0
0
0
0
0
0
0
0
0
0
0
0
0
0
0
0
0
0
0
0
0
0
0
0
0
0
0
0
1
0
0
0
0
-1
0
0
0
0
0
0
0
0
0
0
0
0
0
1
0
0
0
0
0
0
0
0
0
0
-1
0
1
0
0
0
0
0
0
0
0
0
0
0
0
0
0
0
0
0
0
0
0
0
0
-1
0
-1
-1
0
0
0
0
0
0
0
0
0
-1
0
1
-1
0
1
0
0
0
0
0
0
0
0
0
0
0
0
0
0
0
0
0
0
0
0
0
0
0
1
0
0
0
0
0
0
0
0
0
0
0
0
-1
0
0
0
-1
0
0
0
0
0
0
0
0
0
0
-1
0
0
0
1
0
0
0
-1
-1
0
0
0
0
1
0
0
0
0
0
0
0
1
0
0
0
0
0
0
0
0
0
0
0
0
0
1
0
-1
-1
0
0
0
0
0
1
0
0
0
0
0
0
0
1
0
0
0
0
0
-1
0
-1
0
0
0
0
0
0
0
0
0
0
0
1
0
0
0
-1
0
0
1
0
0
0
0
0
0
0
0
0
0
0
0
-1
0
0
1
1
0
0
-1
0
1
0
0
0
1
0
0
0
0
0
-1
0
0
1
0
0
-1
0
0
0
0
0
0
0
0
0
0
-1
0
1
0
-1
0
0
0
1
1
0
-1
-1
0
0
0
0
0
0
1
0
0
0
-1
0
1
0
0
0
0
0
0
0
0
0
0
0
0
0
0
0
-1
0
0
0
0
0
0
0
0
0
0
0
0
1
0
0
-1
0
0
0
0
0
0
0
0
0
0
0
-1
0
1
0
-1
0
0
0
0
0
0
0
0
0
0
0
0
1
0
0
0
0
0
0
0
0
0
0
0
0
0
0
0
0
0
0
0
-1
0
0
0
0
0
0
0
1
0
0
1
0
0
0
0
0
0
-1
0
0
0
0
-1
0
0
0
0
0
0
0
0
0
0
0
0
0
0
0
0
0
1
0
0
0
0
1
1
0
0
0
0
0
0
0
0
0
0
0
0
0
0
0
0
0
0
0
0
0
-1
0
0
0
0
0
0
0
0
2
0
0
0
0
0
0
0
0
0
0
0
0
0
0
-1
0
0
0
0
0
0
0
0
0
0
0
0
0
1
0
-1
0
0
0
0
0
0
0
0
0
0
0
0
0
1
0
1
0
0
0
0
0
0
0
0
0
0
0
0
1
0
0
0
0
0
0
0
0
0
0
0
0
0
0
0
0
0
0
1
0
0
0
0
0
0
0
0
0
-1
1
0
0
0
0
0
0
0
0
0
0
0
0
0
0
0
0
0
0
0
0
0
0
0
1
1
0
0
0
0
0
0
0
0
0
1
0
0
0
0
0
0
0
0
-1
0
0
0
0
0
0
0
0
0
0
0
0
0
0
0
0
0
0
0
0
-1
0
-1
0
0
0
0
0
0
0
0
1
0
-1
0
0
0
0
0
1
0
0
0
0
0
0
0
0
-1
0
0
0
0
0
0
0
0
0
0
0
0
-1
1
0
0
0
0
0
0
0
-1
0
0
0
0
0
0
0
0
0
0
1
0
0
0
0
0
0
-1
0
0
0
0
0
0
0
0
0
0
0
0
-1
0
0
0
0
0
0
0
0
1
0
0
0
0
1
0
0
0
0
0
-1
0
0
0
0
0
0
0
0
0
1
0
0
0
0
0
0
-1
0
0
0
0
0
0
0
0
0
0
0
0
0
0
0
1
0
1
0
0
0
0
0
0
0
1
0
0
0
0
0
0
0
0
0
0
0
0
-1
0
0
0
0
0
0
0
0
0
0
0
0
0
0
0
1
1
0
0
0
0
0
0
0
0
0
0
1
0
0
0
0
0
0
0
0
-1
-1
0
0
0
0
0
0
0
0
0
0
0
0
0
0
0
0
0
0
0
0
0
0
0
1
0
0
0
0
0
-1
0
0
0
0
0
-1
0
0
0
0
0
-1
0
-1
0
0
0
-1
-1
0
0
0
0
0
0
0
1
1
0
0
1
1
1
0
0
1
0
0
0
0
0
1
0
0
0
0
0
0
0
0
0
0
-1
0
-1
-1
0
0
0
-1
0
0
0
0
0
0
-1
0
0
0
0
0
0
0
0
0
0
0
0
0
1
1
1
0
0
0
1
0
0
0
0
0
0
0
0
-1
0
0
-1
0
0
-1
0
0
0
0
0
0
1
0
0
0
0
0
0
0
0
0
0
0
1
1
0
0
1
1
1
0
0
0
1
0
0
0
0
0
0
0
0
0
0
0
-1
0
0
-1
-1
0
0
0
0
-1
0
2
0
0
0
0
0
0
0
0
0
0
0
0
0
0
0
0
1
1
-1
0
0
0
1
0
0
0
0
0
0
0
0
0
0
0
0
0
0
0
0
0
0
-1
0
0
0
0
0
0
0
0
0
0
0
0
0
0
0
1
0
0
1
0
0
-1
0
0
0
0
0
0
0
0
0
0
0
-1
0
1
0
0
0
0
0
0
0
-1
0
1
0
0
0
0
0
0
0
0
0
0
0
-1
0
0
0
0
-1
0
0
1
0
0
0
0
0
0
0
1
0
0
1
0
0
0
0
0
0
0
0
0
0
0
0
-1
0
0
0
0
0
0
0
0
0
0
0
0
0
0
0
-1
0
1
0
0
0
0
0
0
0
1
0
0
0
0
0
0
0
0
0
0
0
0
0
0
0
0
0
0
0
0
0
0
0
0
0
-1
0
0
-1
0
0
0
0
0
0
0
0
0
0
-1
0
0
-1
0
0
-1
-1
0
0
0
0
0
0
0
0
0
1
0
0
0
1
-1
0
0
0
1
0
0
0
1
1
0
1
0
-2
0
0
0
-1
0
0
0
0
0
0
-1
1
0
0
-1
-1
0
-1
0
0
0
-1
0
0
0
0
1
0
0
0
0
0
0
-1
-1
-1
-1
0
0
1
1
0
0
0
0
0
1
1
0
0
0
0
1
0
0
0
-1
0
0
0
0
0
0
0
0
0
0
0
0
0
0
0
0
0
0
0
0
0
0
-1
0
0
0
0
0
-1
0
0
0
0
-1
0
-1
-1
0
0
0
0
1
0
0
0
0
0
0
0
0
1
0
0
0
0
0
0
0
-1
-1
-1
-1
-1
0
0
-1
0
0
0
0
1
0
0
0
0
0
0
0
-1
0
0
0
0
1
1
0
0
-1
0
0
0
0
0
0
0
0
0
0
1
-1
0
1
0
0
0
0
0
0
-1
0
0
0
-1
-1
0
0
-1
0
0
0
0
0
1
1
0
0
1
0
-1
0
0
0
0
0
0
1
0
0
0
0
0
0
0
0
1
-1
0
0
0
0
0
0
0
0
1
0
-1
-1
-1
0
0
0
0
0
1
0
0
-1
-1
0
0
0
0
0
0
0
0
0
0
0
0
0
0
0
0
0
1
0
0
0
0
0
0
0
-1
0
-1
0
0
1
1
0
0
0
0
0
0
0
0
0
0
0
0
0
0
0
0
0
0
0
0
0
0
0
0
-1
0
0
0
0
0
0
0
-1
0
0
0
0
1
1
0
0
0
0
0
1
1
0
0
0
-1
1
0
0
0
-1
-1
0
0
0
0
0
-1
0
0
0
0
0
0
0
0
0
0
0
0
0
0
0
1
0
0
0
0
0
0
0
0
0
0
0
0
0
0
0
1
0
0
0
0
0
0
0
0
0
0
0
0
0
0
0
0
0
0
0
0
0
0
0
0
0
0
0
0
0
0
0
0
0
0
0
0
0
0
0
0
0
0
0
0
0
1
0
0
0
0
0
0
0
0
0
0
0
0
0
0
0
0
0
-1
0
0
0
0
0
0
0
0
0
-1
0
0
0
0
0
0
1
0
0
0
0
1
0
0
0
1
0
0
1
0
0
0
0
0
0
0
0
0
0
0
0
0
0
-1
0
0
0
0
0
0
0
0
0
0
0
0
0
0
0
0
0
0
0
0
0
-1
0
0
1
0
0
0
0
0
0
1
0
0
0
0
0
0
0
0
0
0
0
0
0
0
0
0
-1
0
0
0
1
0
0
-1
0
0
1
0
0
0
-1
0
0
0
0
1
1
0
-1
-1
0
0
0
0
1
3
0
-1
0
4
-1
-12
-8
-4
-1
-4
11
33
11
-8
27
22
-13
1
20
-25
-22
28
1
-21
2
4
-26
-54
-25
22
-16
-64
8
89
50
-52
12
92
10
-45
-45
-10
45
35
1
21
-27
-14
46
68
-22
-99
-34
41
0
9
18
-18
23
39
40
38
-75
-264
-76
244
-7
-917
-512
574
386
-49
83
225
608
413
-99
-32
261
118
-219
-118
-91
-137
-211
-94
-324
-458
35
145
-213
-260
-130
213
-42
-571
-274
244
35
-468
-387
35
568
739
764
1010
1300
1275
1156
684
-607
-1536
-1313
-1214
-1811
-1945
-1190
-261
308
350
374
621
885
1038
968
831
862
1728
3464
1564
-2062
-1490
-354
-2557
-4548
-3545
-1419
248
636
731
2619
4186
2181
313
271
184
-1191
-2312
-2433
-2250
-1278
-852
-598
662
2138
1688
1713
3200
2368
325
1212
2583
168
-3337
-2619
-1458
-2917
-3762
-2270
98
1648
1792
1560
3277
3281
-108
-2094
-1692
-2049
-4082
-3348
-571
182
1020
2812
4090
3825
3416
4864
2871
-2020
-2857
-2457
-4370
-5612
-3874
-1062
583
1137
2484
4501
4140
1019
-335
-891
-2373
-4788
-4321
-1471
-1853
-1005
2044
4133
4526
3027
1969
4292
5318
-1835
-4574
-33
-2842
-6839
-3981
-1050
-1027
206
1786
3810
4964
2398
-297
-167
-1535
-4715
-5350
-1743
-1045
-2526
1380
4856
4131
3127
2020
3362
5696
340
-5346
-1213
-422
-6307
-5113
-807
1225
-358
118
4352
4748
1394
-70
150
-2161
-4213
-4835
-2449
-1099
-2234
980
4298
3798
3077
2523
3975
5128
-500
-3532
-95
-1883
-7030
-4196
-284
-298
-1032
1479
4596
3668
1490
1265
-154
-3173
-4738
-4709
-2090
-1866
-1671
2508
5202
3559
3775
3531
3276
3658
-1457
-3760
-948
-3396
-6549
-2389
-52
475
686
2914
4256
3455
1233
-762
-967
-3802
-5792
-5661
-1513
-102
-2083
3925
6993
3520
4229
3485
4198
2882
-4201
-4041
-1014
-5426
-6482
-1849
519
885
1014
4398
4755
2478
303
-157
-2115
-4837
-4922
-4755
-293
-1194
-693
6008
4360
2784
4523
2682
4408
850
-4922
-2221
-2220
-6807
-4443
-196
-207
593
3331
4920
3397
1953
441
-675
-3832
-4837
-5244
-3675
102
-2165
2167
6574
2697
4310
3629
3134
5123
-3460
-4294
281
-6007
-6635
-247
-1174
-713
2858
2960
3964
4068
506
366
-1815
-5097
-4036
-5455
-1574
-530
-1311
5745
4452
1958
5081
3393
4342
926
-4555
-848
-2187
-7832
-2846
-445
-1962
1061
3184
3741
4357
2603
767
-690
-4938
-4604
-4672
-4498
163
-779
2132
6765
2806
3102
4460
3986
1924
-3906
-2741
-485
-7256
-5470
846
-1711
-598
3438
3872
3949
4894
727
-1465
-1863
-4569
-6790
-4685
-485
-2551
440
6659
4949
3648
4333
6313
2792
-4593
-2916
-1666
-7689
-6504
-215
-1137
406
3918
5062
3430
4339
1330
-2109
-1981
-4994
-6305
-5501
-809
-1183
680
7115
5131
3820
5145
5984
2337
-3765
-3202
-3758
-7886
-7220
-1497
-983
785
4685
5651
4485
5272
2910
-2089
-3283
-5276
-7151
-7292
-2078
-902
179
7464
6155
4041
6288
7034
1284
-3789
-2985
-4850
-7854
-6542
-1067
-1400
251
4806
5079
4220
5840
2590
-1721
-1803
-5163
-7319
-5778
-2380
-2969
616
7472
4651
4232
8563
7320
736
-1975
-2491
-6546
-8037
-7157
-3553
-1535
751
4291
5950
5779
5949
1919
-688
-3058
-6920
-7384
-5760
-2589
-1903
2853
8542
4965
4622
11444
5290
-3955
-180
-4384
-10251
-6415
-5605
-3736
-124
3674
4864
5129
8092
4135
-2301
-125
-5189
-8792
-5690
-4122
-2097
128
6031
7137
3253
8102
9911
-1406
-678
1040
-9461
-6791
-4095
-7649
-1839
1606
3006
4042
5998
7393
398
-1779
114
-6639
-10116
-2484
-2608
-4648
4836
8007
3576
7568
11248
2168
-1511
1496
-6983
-10461
-3880
-6791
-5989
2122
3464
2570
7384
8190
1459
-775
-702
-5711
-9931
-4047
-2349
-4089
3485
6373
4718
8397
9637
2590
263
255
-7927
-8791
-5120
-7539
-3343
1400
3908
5459
6089
6748
2249
-1893
-2773
-6069
-7697
-2346
-4110
-890
6261
2002
6504
10574
1153
1946
3032
-5839
-7531
-3069
-5941
-5975
555
2155
1459
4401
7240
1210
-452
290
-4433
-7109
-1112
-2995
-5103
6927
2161
3704
12852
1674
1396
4603
-4370
-7597
-3728
-5875
-7041
-1571
2189
1556
3700
7774
2330
-373
1671
-4201
-6540
-1530
-3629
-5098
4653
2058
3452
12004
1445
2585
5328
-4848
-5248
-3324
-7027
-5563
-1966
896
1678
3797
6526
1229
962
702
-3628
-5505
-655
-2831
-4849
5477
1452
2146
11691
644
1771
5910
-5589
-4929
-2000
-6634
-5836
-822
1074
-560
4021
6142
-140
1437
1198
-2949
-4817
317
-2010
-4295
5255
645
2467
9525
-463
2340
3993
-5153
-3739
-1775
-5344
-4943
-771
167
-643
3524
4257
155
2145
271
-1846
-3232
-824
-660
-4216
4017
1029
1013
9181
194
1718
5390
-2832
-3695
-1387
-4356
-6063
-2498
447
-2672
1428
5012
-1377
1228
1868
-1588
-2096
602
986
-3725
4252
1844
-865
8349
291
-683
5613
-2313
-4189
507
-3307
-5636
-773
92
-3004
1554
3427
-2209
1344
1645
-2252
-1799
1186
-506
-3165
4209
1150
-1151
8164
2683
-1219
5923
376
-5379
-1054
-2340
-7428
-3264
609
-3090
-338
6393
257
807
4486
-1230
-2835
-885
-450
-5656
119
3317
-2680
6287
7962
1124
5076
4724
-2536
-4454
-1581
-7277
-8056
-1600
-2315
-2886
4654
4983
480
5170
2905
-2347
-2051
-373
-4389
-5401
3326
-1407
-73
9734
3843
1122
6693
2496
-6116
-462
-2352
-10216
-2439
-804
-4690
1290
5728
358
2641
4738
-1320
-1254
-375
-2067
-4761
183
1146
-2196
4815
6641
1301
3583
5228
-1328
-3474
736
-5478
-6863
-405
-3557
-3472
2685
2181
-182
3160
2413
-1219
-354
-162
-1846
-3171
827
437
-1388
4595
4607
1351
3785
4275
-1281
-1914
923
-6370
-4923
-871
-5019
-2346
2169
891
458
3563
1777
-350
178
165
-2217
-2555
845
-644
-502
4068
4659
2259
3990
4356
-985
-1557
-110
-6959
-4460
-2130
-5260
-1809
1106
1671
968
2878
2546
-152
-593
-85
-1802
-3662
1095
164
-595
3703
5456
3075
2701
5719
-611
-2509
1075
-6778
-5437
-1819
-5919
-3018
-286
1595
1300
1488
4682
430
270
767
-1499
-2400
-1917
511
-979
202
4471
4308
3293
4553
3288
126
-686
-2404
-4922
-4409
-4184
-4608
-2919
-1150
2292
554
2136
4428
414
1303
614
-1110
-2699
-1411
-226
-2256
625
2998
3935
2752
4543
3689
-299
388
-2063
-4391
-4423
-3922
-4354
-3061
496
696
1958
3145
2625
2129
945
201
-77
-2571
-800
-525
-2510
1134
1680
2684
3706
3930
2966
1390
1122
-2645
-2079
-4739
-4808
-4106
-4113
-1025
-834
1586
3448
2643
3451
2465
196
1327
-2930
-3009
-315
-4647
-4
289
423
6982
2631
3509
5881
988
-1427
-456
-4006
-6224
-4664
-4743
-4637
-1569
1266
1225
3455
5085
3661
1301
2443
-399
-4628
-1083
-3544
-4653
1235
-1586
2068
7233
2264
5350
5632
577
-357
-828
-3999
-6522
-3539
-4806
-5375
266
845
100
5059
4971
2047
3124
2777
-1884
-3475
-1154
-5299
-4702
317
-2510
188
6739
4900
3495
7455
4555
-1033
1057
-2032
-7150
-5101
-4561
-6908
-3699
8
109
1819
4961
5098
1942
3748
3334
-3092
-1924
-1450
-5357
-2823
-1305
-1461
672
5283
4704
2285
7419
3033
-568
1815
-2206
-5567
-4461
-4650
-6461
-3822
-990
-727
1339
4573
4219
2994
5016
2453
-1339
-525
-3082
-3925
-3054
-2710
-1119
-338
3267
5360
2717
6065
4486
469
1865
-2023
-3342
-4213
-5981
-3999
-5208
-2552
317
12
3369
3588
4566
3001
3044
1865
-3573
-889
-3137
-5813
-1755
-1966
-846
1644
5471
4937
3745
7163
2550
202
822
-2887
-5043
-4821
-5145
-5249
-4773
-1010
-320
249
4305
3575
4641
3693
4289
1281
-2369
725
-4924
-4920
-1304
-4029
-1258
995
2740
4364
3648
5366
3912
1339
1253
-1698
-3669
-3999
-5138
-5537
-4416
-1989
-1240
1169
3407
3596
5637
3729
4415
2389
-2077
-314
-4157
-6132
-3127
-4621
-2812
659
407
4404
5640
4309
5570
4778
1514
524
-1302
-3722
-5116
-5417
-5445
-5924
-2348
-883
-637
3771
4708
3536
5986
5669
706
1225
-134
-5661
-4112
-4112
-5974
-2636
-302
22
2513
7884
4282
3987
8084
1343
-460
1106
-4048
-6101
-4338
-6091
-6668
-3040
-923
-1514
2835
5562
3553
5603
7035
2431
1282
994
-4440
-4652
-5116
-6718
-4108
-2945
-205
1813
4100
8487
4772
7193
7110
1288
1436
-954
-5032
-6450
-6261
-7953
-7362
-3928
-3112
-899
3106
3963
5582
6824
6434
5408
2511
1766
-1993
-4546
-4557
-7126
-6242
-3772
-2729
-444
2519
6373
5632
6654
8204
3857
2927
1188
-2889
-4561
-6088
-6720
-7420
-5853
-3125
-2699
630
3668
3340
5864
5530
5388
3573
1268
1287
-3612
-3778
-4201
-6868
-3796
-3299
-1511
908
3291
5915
5798
6505
6400
3957
1567
253
-2802
-5673
-5272
-6888
-7392
-4194
-4202
-1792
1526
1982
4832
5030
4628
6463
2888
1405
2016
-3209
-3155
-3269
-6153
-3890
-3133
-1910
-260
2162
3333
5274
5491
4390
5250
2101
562
-494
-3305
-4618
-4574
-5914
-5015
-3774
-2536
-346
433
2994
3705
3420
5215
4175
2103
2721
401
-2126
-1945
-3409
-4810
-3683
-2560
-2617
-744
2422
982
4876
5655
2796
5326
3129
666
134
-1680
-3588
-4569
-4474
-4659
-5136
-1921
-1486
-1468
2937
2058
2678
4825
4116
2475
3029
1968
-1020
-723
-2363
-4109
-3478
-3256
-3641
-1757
508
200
2074
5469
3616
3561
5701
2446
404
1140
-1899
-4151
-3445
-4605
-5502
-3918
-2549
-2474
-499
1553
1901
3121
3733
4697
2534
2813
3333
-984
60
-1036
-3915
-2821
-3285
-3202
-3110
-596
176
-175
3429
4000
2966
4034
4303
2174
788
461
-1029
-3919
-2663
-3747
-5343
-2582
-2565
-2196
-166
1030
1893
2103
3207
3806
1623
2744
2378
-423
467
-1030
-2266
-2195
-2787
-1984
-2976
-564
-475
120
2442
1546
4116
3457
2356
3689
1416
262
-113
-1783
-2523
-3850
-3416
-3607
-4519
-1481
-1986
-1438
1553
813
1937
3058
3246
2586
2600
2950
923
952
235
-1509
-1380
-2097
-2574
-2906
-1515
-1808
-1089
832
598
1664
3220
2891
2234
3038
1993
540
361
-457
-2184
-2538
-2220
-3732
-3087
-2034
-2637
-1110
-428
116
943
1334
2856
1514
2523
2964
924
2265
825
-356
-217
-1305
-1650
-2562
-1257
-2489
-1611
132
-703
881
1776
2641
1801
2547
2850
947
1085
603
-1305
-1856
-1875
-3272
-3140
-2614
-2578
-1916
-997
208
383
1523
2674
2265
2424
3215
1691
1617
1356
-168
-504
-1174
-1799
-2335
-2313
-1846
-2353
-982
-253
288
1204
1960
3097
2663
2267
3526
1187
729
909
-1535
-1856
-2353
-3107
-3322
-3269
-2144
-2087
-1500
212
264
1001
2081
2378
2140
2375
2868
1342
1317
1287
-194
-522
-912
-1566
-2398
-1596
-2320
-1945
-976
-639
155
748
1691
1971
2683
1968
2333
1871
834
523
-233
-1281
-1641
-2124
-2760
-2480
-2273
-1955
-1550
-653
-156
568
989
1834
1930
1433
2617
1164
1242
1309
51
421
-459
-424
-1137
-1142
-970
-1847
-895
-1050
-944
-299
346
409
961
1987
1601
1308
2262
1119
480
787
-619
-1040
-1353
-1978
-1820
-2384
-1376
-1366
-1467
-60
-59
141
981
1452
884
1441
1665
976
1085
974
438
122
116
-425
-956
-495
-1224
-1125
-760
-1031
-569
-464
191
252
707
1025
1579
1125
1282
1535
647
665
182
-377
-878
-1420
-1245
-2051
-1746
-1145
-1686
-659
-618
20
374
358
1671
539
1354
1800
652
1553
912
725
660
175
125
-686
-410
-1104
-1378
-973
-1513
-1221
-837
-692
-151
272
509
1533
1143
1414
1880
992
1233
412
257
-492
-1084
-895
-1804
-1554
-1325
-1506
-1088
-790
-372
-148
119
984
436
1016
1431
773
1275
1153
848
798
661
565
-101
46
-374
-933
-851
-1139
-1379
-1401
-987
-1137
-621
-15
168
979
1219
1258
1740
1487
1231
1114
475
67
-420
-977
-1264
-1628
-1531
-1543
-1414
-1064
-711
-353
-79
665
430
945
1237
991
1292
1149
1173
1046
762
871
233
133
-144
-727
-834
-1063
-1438
-1448
-1230
-1254
-967
-341
25
220
1199
1191
1168
1829
1271
1196
922
272
157
-724
-819
-1173
-1633
-1216
-1400
-1328
-856
-696
-243
-258
596
473
559
1251
822
1066
1010
1006
803
642
699
126
275
-117
-342
-413
-699
-800
-967
-924
-1084
-815
-834
-367
-59
-44
781
906
894
1295
1350
1055
891
727
227
-207
-591
-809
-1225
-1330
-1138
-1223
-1116
-763
-429
-485
150
416
196
914
770
740
1014
809
926
644
702
571
146
347
-28
-280
-237
-551
-745
-819
-923
-1066
-1001
-845
-671
-426
44
264
542
1198
883
1393
1325
939
1083
461
382
-191
-614
-582
-1236
-1127
-999
-1213
-920
-762
-493
-436
-72
193
36
459
536
441
700
694
653
725
679
614
471
522
247
120
159
-224
-360
-399
-756
-811
-949
-923
-898
-853
-452
-354
47
367
481
973
894
930
1179
826
757
605
238
30
-297
-469
-737
-896
-794
-923
-819
-681
-569
-458
-281
-60
-64
159
344
378
561
615
695
696
659
636
460
459
264
156
59
-120
-190
-330
-473
-533
-610
-668
-651
-622
-573
-469
-291
-173
31
296
332
564
781
722
784
895
718
565
422
167
-120
-413
-573
-776
-926
-825
-837
-813
-551
-442
-378
-49
68
69
349
418
407
518
561
523
498
507
409
322
303
179
84
24
-61
-182
-226
-287
-388
-369
-382
-416
-357
-343
-377
-307
-260
-274
-123
-50
72
271
398
500
553
655
631
549
584
514
282
227
81
-209
-327
-482
-662
-702
-690
-663
-613
-477
-353
-286
-169
-16
-20
88
228
202
295
366
311
346
333
279
247
233
181
152
153
90
62
14
-59
-97
-154
-163
-177
-208
-148
-155
-162
-101
-136
-154
-146
-175
-181
-154
-125
-79
-14
58
134
178
227
259
274
301
310
313
284
225
161
65
-67
-150
-224
-284
-287
-265
-241
-200
-164
-135
-115
-112
-56
-43
-19
54
67
94
131
136
127
106
108
76
73
90
75
90
90
60
82
39
16
24
-27
-15
1
-27
-48
-62
-100
-158
-171
-179
-211
-174
-109
-63
6
66
97
96
93
78
12
-32
-47
-83
-85
-54
-43
-26
21
68
89
145
192
217
252
263
237
179
116
39
-63
-139
-202
-261
-268
-261
-255
-223
-189
-161
-126
-87
-62
-35
8
33
64
82
88
92
87
82
70
76
84
93
133
161
178
208
217
215
209
191
161
117
65
3
-67
-140
-211
-265
-311
-337
-343
-337
-319
-289
-253
-222
-186
-148
-102
-55
1
63
123
193
253
300
339
363
369
363
346
315
275
231
172
110
40
-33
-105
-173
-230
-274
-300
-308
-302
-284
-260
-230
-201
-175
-148
-121
-90
-55
-19
20
60
97
134
168
198
224
245
258
259
253
234
206
173
131
87
42
-4
-48
-88
-125
-153
-175
-189
-193
-188
-179
-164
-146
-128
-106
-84
-64
-45
-25
-6
9
25
39
50
62
69
73
77
78
78
78
79
80
79
78
73
68
55
39
22
1
-17
-32
-46
-55
-60
-64
-65
-64
-62
-58
-52
-47
-39
-31
-23
-13
-2
6
18
25
32
37
39
38
38
35
35
33
31
29
27
22
16
10
2
-5
-11
-18
-24
-29
-31
-31
-30
-28
-27
-23
-19
-16
-13
-12
-7
-6
-3
0
1
1
1
1
0
0
1
1
1
4
7
10
14
17
20
22
23
21
20
16
12
7
3
-2
-6
-10
-14
-15
-16
-16
-14
-14
-8
-5
-3
0
2
3
4
4
3
2
0
1
0
0
0
0
1
2
3
4
4
5
4
1
2
0
-1
-1
-2
-2
-4
-6
-5
-6
-5
-3
-2
0
2
3
3
6
7
7
7
4
4
2
1
1
0
-1
0
0
0
0
0
-1
-1
-2
-4
-5
-7
-6
-6
-6
-5
-4
-3
-2
0
0
1
2
2
2
2
2
2
0
0
1
0
0
1
2
2
3
4
6
5
5
6
3
0
-1
-2
-4
-6
-8
-9
-9
-8
-8
-6
-5
-2
0
2
5
6
8
10
10
10
9
8
5
3
0
-2
-3
-5
-7
-7
-7
-7
-7
-6
-6
-5
-4
-2
-2
0
0
0
1
2
3
3
5
5
6
6
5
4
4
3
2
0
0
0
-2
-3
-3
-3
-3
-3
-1
0
0
0
2
3
2
4
3
2
2
2
0
0
-2
-2
-4
-4
-6
-5
-4
-4
-3
-2
-1
0
1
3
3
3
3
2
1
2
1
0
0
0
0
0
0
0
0
0
0
1
0
0
0
0
-1
-2
-1
-2
-2
-2
-2
-1
-1
-1
0
-1
0
0
0
1
1
1
2
2
1
1
2
1
0
0
1
0
0
0
0
0
0
0
0
0
0
0
0
0
0
0
0
0
0
0
0
0
0
0
0
0
0
-1
0
0
0
0
0
0
0
-1
0
0
0
0
0
1
0
0
1
0
0
0
0
1
0
0
0
0
0
0
0
0
0
0
0
0
0
0
0
0
0
0
0
0
-1
0
0
0
0
0
0
0
0
1
0
0
0
0
0
0
0
0
0
0
0
0
0
0
1
0
0
0
0
0
0
0
0
0
0
0
0
0
0
-1
-2
-1
-1
-1
-1
-1
-1
-1
0
0
0
0
0
0
0
0
1
1
2
3
3
3
3
2
2
2
1
1
0
0
0
0
0
0
0
0
-1
0
-1
-1
-1
-1
-2
0
0
-1
-1
0
0
0
0
0
0
0
0
-1
-1
0
0
0
-1
-1
-1
0
0
0
0
0
0
0
0
1
2
2
2
0
1
3
3
4
1
0
1
1
0
0
0
-1
-1
-2
-2
-2
-2
-3
-2
-3
-3
-2
-1
-1
0
-1
0
0
2
1
0
1
1
1
2
1
1
1
0
0
1
1
0
0
0
1
0
0
1
0
0
0
0
0
0
1
0
0
0
0
0
-1
0
-1
-2
-1
0
-2
-1
-1
-2
-2
-2
0
0
0
0
0
0
0
0
1
1
1
1
0
1
1
1
1
0
0
0
0
0
0
-1
1
1
0
0
0
0
0
0
0
0
0
0
0
-1
0
0
0
0
1
0
0
0
0
0
0
0
0
0
0
0
0
0
0
0
0
0
0
0
0
0
-1
0
0
0
0
0
0
0
0
0
0
0
0
0
0
0
0
0
0
0
0
1
0
0
1
1
0
0
0
-1
-1
0
0
0
0
-1
-1
0
0
0
0
-1
0
0
0
0
0
0
0
0
0
0
0
0
0
0
1
0
0
0
0
0
0
0
0
0
0
0
-1
0
0
0
0
0
0
0
0
0
0
0
0
0
0
0
0
0
0
0
0
0
0
0
0
0
0
0
0
0
0
0
0
0
0
0
0
0
0
0
-1
-1
0
1
0
0
0
0
0
0
0
0
0
0
0
0
0
0
0
0
0
-1
0
1
0
0
0
0
0
0
0
0
1
0
0
0
0
0
0
0
0
0
0
0
-1
1
1
-2
0
0
0
0
0
0
1
0
-1
0
0
0
0
0
0
0
0
0
0
-1
0
1
0
0
-1
0
0
0
0
1
0
0
0
0
0
2
2
1
-2
-3
-1
0
-2
0
1
2
3
2
0
-5
-3
0
1
1
0
0
-1
-4
0
1
2
0
0
2
3
0
-1
-5
-5
0
1
2
5
4
1
2
0
-1
-2
-3
-3
-2
-5
-3
-4
-3
4
4
7
-1
-6
2
2
2
-3
-6
9
14
21
12
40
100
-118
-247
-98
-18
-11
32
125
121
91
129
88
25
49
-52
-127
-62
-31
-36
-52
-71
-107
-83
-1
30
19
-10
18
44
38
33
33
85
79
52
52
30
1
-15
-10
-9
-38
-52
-19
-41
-51
-33
-46
-44
-63
-31
-6
-10
29
20
1
27
14
45
36
0
46
41
56
39
-9
16
1
-25
14
1
-39
-12
-44
-16
-31
-29
8
-23
-15
23
13
-8
6
-2
-17
16
8
44
21
-29
5
-19
16
6
-32
-7
1
-38
9
20
5
17
-18
15
2
10
47
-10
-12
4
8
-3
-15
-15
-13
-17
37
37
15
-28
-11
78
38
-2
48
-46
-63
-17
-68
-81
-53
-2
-35
-22
48
13
-40
63
50
40
67
14
8
32
27
-4
6
-10
-39
15
13
-30
-27
-53
-30
22
5
-33
7
23
-3
-14
-1
-15
-4
35
-26
31
54
-9
22
17
-19
4
-3
-56
-14
6
16
13
-21
-25
39
37
-41
-13
44
1
-30
17
7
-22
6
-4
-26
19
30
-18
-22
47
39
-25
-50
-24
-9
-25
7
72
-10
-11
30
-26
-10
-2
43
52
-30
-47
26
-26
-27
5
0
-31
52
44
-70
-10
23
-2
7
-41
-54
75
16
-51
36
45
-11
-28
45
30
-56
59
-3
-111
50
22
-31
54
5
-64
-5
5
2
26
-26
34
33
13
34
-33
-11
-66
-39
7
-16
40
49
5
1
-30
-23
3
-20
18
23
-14
-6
-40
-12
42
-3
-3
2
-14
44
22
-16
31
-77
-57
97
-47
6
97
13
20
-21
-29
-59
-11
12
-3
-14
35
41
-30
-26
41
15
-21
59
-109
-68
107
-6
32
26
-97
22
22
-87
102
1
-19
41
-80
25
26
-59
88
28
-64
87
-73
-107
17
14
13
-3
18
-17
1
81
43
-130
12
15
-73
59
46
7
22
-5
-3
-32
-24
14
51
9
-86
52
47
-73
-14
10
14
-55
-14
7
28
73
-27
-7
54
-38
-49
-26
-39
39
32
-29
62
69
-66
102
-48
-52
19
-119
73
-34
-61
43
23
48
12
21
-48
20
61
-35
-90
43
48
-23
15
-127
0
59
-37
50
55
13
-28
-21
59
-40
-90
-1
45
-13
120
26
-35
72
-139
-85
3
11
100
-9
-36
14
-28
36
-40
-73
42
37
17
34
-19
31
-8
-13
4
7
-6
25
-19
-40
33
27
-70
-32
-3
-34
1
89
-70
-47
105
-62
78
140
-31
-28
-80
-10
22
-25
85
-78
-16
55
-32
37
47
-61
22
-3
-112
1
27
-8
55
29
22
-63
-5
17
-53
141
81
-195
-13
87
-90
16
8
-24
31
-112
75
211
-133
-90
17
-3
50
-8
-102
50
22
-48
142
-80
7
81
-166
116
145
-146
-89
55
-30
-36
-2
-25
95
-74
20
70
-25
43
31
-172
78
57
-76
135
-217
-39
247
-61
-50
114
-44
74
-117
-151
258
-35
-178
79
-94
58
191
-186
55
3
-133
129
14
-31
218
-201
-140
158
-108
-13
40
-63
122
-24
-129
240
-44
-98
117
-3
-24
38
-36
117
-128
-91
255
-162
-94
280
-98
-119
92
-218
-1
133
-137
60
9
-210
211
24
-108
79
-26
-57
152
-52
-11
215
-83
6
16
-22
97
-33
70
-18
-166
50
-42
-110
72
-72
-7
-13
0
-46
-162
89
23
-63
86
150
-183
-32
147
-18
-22
-5
54
70
31
36
32
196
106
-34
67
51
202
-181
-102
214
-296
-185
-4
-228
-36
-256
-296
-29
-293
-35
27
-147
8
16
49
374
161
273
466
341
539
300
324
276
159
9
-206
-427
-540
-577
-872
-655
-700
-731
-439
-534
-267
-28
-35
253
277
291
594
778
796
764
1036
1101
513
772
835
131
295
35
-662
-738
-963
-1214
-1249
-1222
-1051
-995
-722
-369
-150
143
480
538
606
757
671
760
534
197
357
8
-327
-277
-420
-345
-83
94
236
701
1170
767
778
1301
664
264
389
-228
-732
-963
-1196
-1416
-1482
-1211
-1157
-1056
-529
-340
-123
425
545
597
925
805
617
630
154
-28
-98
-661
-548
-519
-575
4
283
569
1094
1582
1627
1409
1676
1255
451
320
-314
-1084
-1525
-1801
-1985
-2155
-1789
-1485
-1419
-776
-290
-96
549
823
884
1120
975
1035
915
235
229
90
-545
-482
-448
-403
-70
134
782
1459
1285
1518
1868
1172
790
543
-278
-885
-1454
-1927
-2062
-2267
-2061
-1618
-1484
-1012
-240
23
398
1044
1073
1127
1265
1165
830
307
212
-223
-670
-635
-707
-386
-115
2
1008
1614
1130
1785
2216
1135
946
685
-342
-899
-1577
-2013
-2299
-2593
-2166
-1933
-1849
-1032
-418
-107
537
1207
1161
1342
1678
1208
838
714
229
-297
-289
-468
-470
-71
-31
982
1394
869
1789
1775
706
726
225
-890
-1240
-1958
-2349
-2426
-2558
-1990
-1828
-1335
-538
-194
493
1001
1415
1592
1541
1808
1308
767
791
-118
-459
-359
-884
-348
-316
-147
1532
1066
1165
2304
1463
983
799
-83
-755
-1509
-2014
-2313
-2735
-2263
-2214
-2112
-1106
-910
-244
552
828
1511
1665
1740
1973
1364
1070
846
-40
-143
-459
-665
27
-485
534
1854
574
1808
2327
869
1109
477
-487
-1019
-2004
-2042
-2637
-2935
-1816
-2338
-1707
-427
-700
513
1023
1057
1865
1534
1711
1507
760
821
28
-422
-215
-822
-259
231
-405
1761
1899
699
2755
1935
555
978
-289
-1168
-1834
-2629
-2589
-3351
-2872
-2037
-2526
-1083
-412
-267
1199
1080
1828
2113
1612
2148
1284
838
542
-229
-457
-747
-792
-50
-433
68
2211
973
1270
2909
1429
900
863
-275
-1146
-2042
-2245
-2582
-3359
-2038
-1976
-2196
-248
-271
172
1450
1309
1658
1793
1874
1320
757
907
-79
-549
-462
-765
-706
58
-417
690
2163
836
2012
2539
1222
1160
556
-198
-1378
-2271
-1947
-3218
-3326
-1749
-2458
-1803
-60
-262
924
1775
1519
2253
2155
1766
1388
795
252
-569
-905
-1120
-1498
-937
-349
-973
863
2115
710
2290
2820
1154
1372
733
-376
-1331
-2235
-2201
-3419
-3162
-2230
-2843
-1511
-703
-416
1072
1083
1552
1935
1772
1890
1078
1014
515
-555
-287
-767
-1204
-390
-312
-582
1118
1852
817
2149
2247
938
903
187
-638
-1724
-2118
-2011
-3002
-2209
-1580
-1927
-730
-267
240
939
1079
1593
1171
1686
1292
270
741
-230
-988
-678
-1121
-1055
-594
-49
359
817
2242
2226
1692
2769
1986
703
569
-187
-1479
-1936
-2165
-2693
-2508
-2090
-1501
-1153
-765
439
457
625
1581
988
683
1716
339
47
820
-877
-659
-454
-1115
-672
-353
306
790
1125
2384
3156
1628
2922
2504
3
402
-522
-2245
-2509
-3006
-3272
-3098
-2742
-1688
-1421
-902
491
337
808
1557
1522
910
1624
1354
99
915
25
-778
-291
-681
-776
-699
181
246
562
1419
2270
1883
1670
2437
1018
-50
349
-1150
-2362
-1992
-2887
-3007
-2648
-1812
-1259
-1250
488
531
690
1537
1652
1115
1195
1548
123
317
37
-855
-906
-963
-914
-1146
-210
144
848
1453
2152
3251
2094
2900
2494
565
682
-676
-1879
-2359
-3406
-3009
-3482
-3054
-1277
-1955
-503
853
398
1443
1777
1731
1185
1462
1225
69
235
-177
-1080
-1016
-796
-1266
-861
-68
80
661
1447
2125
2213
1983
2187
1559
367
107
-583
-1722
-2263
-2649
-2515
-2941
-2141
-1027
-1655
26
569
334
1489
1524
1473
1128
1612
1086
246
923
-270
-781
-82
-938
-1121
-141
-263
46
1253
1142
2327
2273
1993
2615
1176
460
233
-1391
-2052
-2491
-3412
-2985
-3028
-2295
-1313
-1318
417
777
934
2144
1908
1885
1575
1625
776
184
288
-987
-1001
-1257
-1398
-1399
-919
-260
-76
1312
1493
2050
3057
2091
2426
2052
466
406
-835
-1774
-2287
-3105
-2701
-3257
-2340
-1406
-1746
201
261
711
1757
1437
2014
1275
1698
1056
167
777
-737
-737
-530
-1565
-864
-759
-652
-17
882
1268
1331
2655
2233
1454
2444
900
15
85
-1391
-1922
-2752
-2538
-2786
-3169
-1233
-1679
-1019
487
141
1195
1159
1761
1522
1108
1868
594
570
647
-703
-365
-864
-1258
-837
-861
-708
152
803
906
1730
2476
1834
1870
2302
627
388
6
-1334
-1791
-2364
-2281
-3037
-2249
-1405
-1910
-29
-23
603
1432
1101
2334
956
1571
1701
-163
809
-87
-1088
-753
-1188
-1326
-1343
-545
-595
11
1281
1313
1712
2881
2394
1678
2543
832
143
-266
-1414
-2121
-2976
-2584
-3351
-2976
-1789
-1978
-770
-33
742
1038
1444
2554
1230
2038
1956
533
1044
244
-410
-680
-992
-1035
-1515
-865
-765
-515
493
1079
1325
1763
2649
1636
1805
1820
322
-129
-757
-1757
-2441
-2840
-2803
-2874
-2561
-1302
-1222
-199
749
1043
1444
1848
2080
1165
1823
895
376
557
-560
-259
-880
-950
-727
-1152
-355
-642
185
679
1007
1824
1432
2449
1756
1315
1766
100
-279
-707
-1768
-2163
-2524
-2524
-2474
-2225
-1136
-889
-358
638
763
984
1375
1598
876
1252
1017
164
523
83
-375
-308
-413
-624
-752
-240
-620
-130
456
551
1361
1085
1649
1991
871
1667
934
-397
78
-1207
-1518
-1990
-2541
-1971
-2728
-1509
-887
-1161
443
378
860
1165
1371
1512
755
1553
512
278
592
-377
-228
-313
-627
-683
-700
-386
-779
-86
294
270
1073
1139
1027
1880
1187
1129
1353
101
-34
-521
-1132
-1864
-2317
-1806
-2833
-1868
-859
-1514
-20
445
601
1109
1295
1657
800
1314
1103
19
711
73
-286
-68
-360
-455
-684
-243
-741
-245
30
-49
538
700
963
833
1439
1207
747
1084
390
-309
-331
-764
-1666
-1583
-1741
-1989
-1598
-992
-798
-393
323
625
660
1095
1361
671
1142
1000
247
590
155
-69
-70
-288
-251
-635
-279
-629
-505
-45
-344
161
360
698
568
1032
1474
537
1163
1126
-291
199
-348
-1296
-1351
-1677
-1811
-2018
-1391
-1023
-993
-81
328
567
845
1305
1143
774
1374
602
361
624
-148
-161
-238
-366
-568
-590
-247
-863
-173
-237
-157
111
329
817
485
921
1354
705
813
1242
23
34
-152
-895
-1242
-1591
-1341
-1931
-1530
-585
-1033
-128
427
437
788
990
1360
488
1095
957
-116
738
11
-213
-23
-355
-94
-620
-134
-515
-464
-123
-381
5
-103
326
438
620
655
1333
801
779
1325
1
113
-395
-762
-1518
-1635
-1265
-2162
-1230
-549
-1029
100
504
600
830
1174
1262
415
1277
665
-62
758
-127
-195
11
-141
-233
-260
212
-566
82
-100
-500
47
-464
-128
-132
97
435
56
960
874
204
1289
285
-251
189
-759
-1037
-1317
-1312
-1501
-1436
-533
-717
-159
441
534
854
911
1326
601
793
898
-137
379
65
-287
-95
-198
11
-316
100
-2
-322
228
-181
-197
-62
-209
-289
-58
102
306
-2
788
879
-75
1352
357
-249
327
-632
-672
-1378
-964
-1247
-1653
-285
-570
-514
753
320
761
932
1009
814
277
1031
-253
87
183
-576
-72
-340
-48
-192
-115
448
-327
454
313
-159
259
-168
-287
-333
-367
-263
-463
56
218
-67
877
638
352
1030
237
210
-78
-356
-717
-1245
-849
-1261
-1125
-231
-581
105
520
438
887
649
967
450
552
512
-197
225
-219
-299
-207
-214
-140
-203
241
-59
92
593
-79
435
216
-197
-16
-418
-505
-513
-673
-334
-445
-73
289
34
722
726
525
969
652
284
243
-24
-528
-712
-765
-1039
-920
-587
-422
-288
160
227
337
488
484
349
206
368
4
85
103
-34
37
-1
191
-35
134
206
-131
281
-4
82
110
-95
6
-176
-181
-152
-288
-310
-274
-330
-218
-175
-54
85
85
338
523
476
571
750
272
389
153
-192
-417
-677
-690
-961
-699
-516
-588
-81
-9
163
368
436
526
279
579
268
88
282
-95
-97
-69
-132
-153
-177
58
-213
85
155
18
277
116
269
127
152
162
-37
20
-111
-116
-292
-315
-278
-568
-391
-371
-465
-341
-219
-47
-10
306
565
450
711
911
796
712
823
472
-57
91
-346
-886
-728
-974
-1068
-767
-542
-291
-200
306
232
430
542
441
420
172
368
-50
-34
93
-353
-124
-164
-247
-117
-61
-8
35
274
214
379
254
344
275
118
201
-3
-114
-41
-248
-202
-204
-388
-190
-341
-299
-142
-219
-105
5
45
92
228
206
155
286
182
23
162
-146
-266
-118
-355
-367
-203
-166
0
231
400
664
689
755
858
454
325
185
-328
-538
-725
-1009
-913
-897
-688
-448
-287
11
196
359
350
622
361
347
459
58
175
96
-93
-39
-62
-81
-90
24
-38
52
131
100
203
118
205
100
105
113
3
-30
-22
-163
-179
-190
-335
-241
-359
-309
-234
-309
-119
-108
-73
127
113
186
306
247
339
281
263
248
112
98
69
-71
-59
-68
-177
-84
-119
-112
-58
-89
1
1
-21
94
97
-67
112
-30
-253
-149
-283
-400
-298
-218
-89
56
315
520
680
644
880
614
290
359
-148
-483
-463
-879
-788
-767
-635
-351
-354
91
45
285
310
345
435
54
483
-41
79
163
-194
76
-115
6
-83
-35
52
-95
160
-22
152
66
98
177
35
148
83
-17
103
-32
-94
6
-213
-171
-207
-308
-243
-254
-249
-143
-123
-39
104
88
258
206
307
253
224
246
64
85
-12
-36
-99
-86
-102
-126
-72
-59
-48
-38
30
-56
48
3
-9
39
-33
10
-43
-38
-64
-94
-41
-113
-17
-45
-30
78
-6
72
39
54
-2
-53
224
-275
22
20
-447
-18
-87
-270
-112
177
50
282
866
506
655
813
377
253
97
-217
-637
-875
-555
-1087
-748
-184
-743
-67
159
116
232
492
428
2
660
38
125
201
-80
39
-121
86
-80
-17
127
-17
169
97
182
61
161
40
78
77
-31
10
-42
-112
-65
-133
-228
-173
-246
-274
-158
-238
-159
-123
-82
2
38
89
190
114
248
205
160
190
92
75
25
-5
-54
-63
-81
-70
-65
-42
-21
-48
56
-9
76
31
63
59
-16
70
-33
-60
-43
-58
-120
-90
-16
-136
-13
8
-29
38
9
83
15
21
137
-61
39
94
-79
100
47
18
62
87
62
69
68
46
-122
16
10
-402
68
-329
-436
-89
-297
-280
-100
158
49
364
857
413
717
844
295
315
141
-215
-683
-630
-601
-1086
-522
-253
-678
96
178
107
327
495
424
79
653
53
51
215
-125
-54
-76
-3
-144
-70
71
-117
114
108
44
93
151
-2
149
64
24
61
-40
-3
-124
-58
-223
-201
-165
-353
-123
-236
-243
-58
-136
-47
19
82
112
130
283
165
192
247
71
115
46
26
-60
-65
-54
-108
-60
-14
-65
-19
37
2
56
37
52
6
22
39
-61
-23
-31
-133
0
-76
-47
1
-38
54
-1
65
38
-32
36
44
-72
-27
-58
-223
-230
-134
-251
-248
-18
74
133
439
905
408
898
838
258
399
55
-309
-751
-663
-843
-1055
-682
-382
-624
-79
212
47
281
478
359
131
551
162
46
262
-21
26
-31
95
-101
-64
125
-132
107
56
67
15
103
57
19
139
24
33
43
-6
-60
-65
-165
-197
-212
-312
-187
-294
-237
-87
-149
-4
59
148
139
212
323
139
277
203
32
137
-28
-21
-69
-58
-61
-102
17
-115
35
68
-203
170
-180
-245
3
-373
-300
-203
-191
-49
61
335
683
427
929
887
266
583
154
-352
-571
-668
-1001
-1006
-707
-579
-512
-46
226
211
522
563
510
417
428
308
46
108
-105
-167
-214
-185
-222
-242
-22
-212
200
40
200
313
99
417
110
203
222
-134
47
-45
-271
-76
-266
-216
-226
-259
-146
-254
-152
-87
-95
-76
76
82
132
161
227
304
8
353
-3
-196
92
-359
-316
-231
-271
-183
108
215
302
751
611
796
754
384
391
9
-298
-534
-895
-824
-918
-957
-450
-609
-219
83
105
348
316
703
140
589
397
39
382
-3
9
-80
0
-104
-177
119
-225
135
126
43
199
144
193
39
295
3
-32
93
-176
-196
-196
-318
-375
-279
-303
-303
-190
-1
-106
73
121
-62
158
174
-102
115
83
-89
154
129
265
281
334
666
431
484
757
48
163
84
-469
-623
-714
-850
-902
-741
-408
-415
-191
201
81
292
273
392
160
236
273
-62
241
22
39
77
35
133
25
209
97
214
242
84
278
33
128
30
31
-12
-75
-18
-101
-144
-222
-320
-382
-360
-536
-477
-309
-448
-133
10
92
300
485
580
492
932
674
573
784
126
57
-53
-437
-819
-844
-770
-1051
-706
-199
-480
-9
424
225
394
490
537
52
397
231
-206
123
-103
-211
-151
-23
-67
-100
202
50
199
266
172
149
80
128
-125
-74
-86
-322
-175
-47
-276
42
79
-22
323
329
304
461
227
190
-29
-148
-417
-666
-624
-749
-671
-412
-286
-151
125
289
333
376
477
317
255
407
64
160
180
-20
35
0
63
-135
62
-25
-269
114
-173
-194
-106
-149
-215
-98
208
107
187
456
369
491
359
509
113
-119
-8
-480
-679
-786
-728
-931
-686
-288
-313
47
290
360
530
465
609
299
279
307
-76
179
-45
-142
-24
-65
-54
-37
1
-139
-64
57
-122
-89
-73
67
-111
203
333
239
341
541
491
188
641
9
-247
-84
-543
-750
-879
-725
-899
-825
-239
-357
-111
361
259
452
495
593
366
323
421
19
100
94
-123
-76
-47
10
-62
-28
-46
-114
69
-167
-51
-69
20
96
274
393
412
441
750
522
341
581
-281
-142
-333
-946
-921
-1208
-988
-1090
-785
-170
-292
253
536
544
651
676
777
235
551
194
-97
266
-151
-85
-57
-3
-49
-126
40
-131
24
-57
5
-33
70
84
67
400
222
195
544
450
176
559
-12
-346
16
-672
-929
-871
-982
-958
-807
-293
-248
27
505
494
564
539
838
298
446
462
-106
301
-14
-76
-168
-72
-85
-444
8
-321
-214
-10
-107
21
32
391
143
526
489
274
803
429
470
393
-175
-219
-370
-840
-1118
-902
-1139
-984
-599
-383
-140
168
489
582
458
788
752
303
582
289
78
259
-50
-112
-67
-70
-292
-169
-49
-493
28
-76
-176
151
115
255
248
710
319
417
793
290
523
38
-219
-214
-627
-978
-1137
-996
-1177
-1019
-426
-486
-175
353
485
456
594
915
387
596
627
33
433
298
50
101
89
-57
-265
48
-324
-446
53
-358
-160
-11
146
117
421
516
323
631
556
546
154
-75
-115
-547
-890
-1047
-1124
-1188
-972
-553
-414
-175
385
466
648
537
894
566
459
725
22
328
330
-63
-52
-6
-126
-347
-73
-170
-337
-7
-99
-30
142
324
238
499
600
395
594
535
540
165
-235
-99
-591
-955
-1041
-1187
-1285
-1047
-720
-604
-254
143
263
505
531
619
693
497
624
259
214
468
35
-49
187
-53
-248
55
-4
-406
101
10
-122
213
278
197
333
682
286
389
585
430
252
-170
-115
-497
-720
-938
-1253
-1075
-1169
-875
-532
-393
18
306
604
463
654
832
481
680
428
147
459
190
-47
187
-11
-271
-63
-51
-497
-100
0
-294
123
302
254
416
802
487
564
681
530
388
-134
-265
-518
-828
-1170
-1382
-1288
-1310
-1066
-602
-479
-2
390
578
666
794
950
666
861
617
229
559
300
-105
127
-24
-446
-212
-157
-557
-258
-91
-296
32
232
164
368
758
432
619
766
586
533
-26
-185
-354
-801
-1063
-1310
-1295
-1258
-1072
-710
-537
-189
176
402
413
523
666
541
603
572
184
465
534
19
227
252
-257
-57
62
-460
-293
9
-354
-67
200
108
306
724
524
494
769
555
513
106
-266
-294
-654
-1082
-1259
-1301
-1347
-1145
-772
-596
-340
240
465
355
595
828
590
711
729
262
528
590
35
214
223
-65
-54
-35
-225
-306
-80
-195
-225
-23
3
-44
363
467
306
493
563
482
546
235
-258
-137
-357
-917
-1012
-1065
-1080
-972
-808
-469
-217
81
371
417
457
649
553
503
513
275
268
311
137
72
40
76
-32
-166
-98
-170
-149
-139
-166
-25
85
16
301
468
276
331
428
368
355
227
-235
-191
-194
-708
-841
-899
-962
-896
-738
-453
-325
-31
366
309
338
569
513
423
436
289
220
365
177
45
93
69
7
-124
-160
-194
-179
-109
-155
-92
70
112
275
567
401
420
623
473
416
412
-121
-291
-164
-667
-961
-928
-1078
-932
-740
-602
-322
-25
276
373
393
573
593
515
498
355
272
385
237
44
65
6
1
-144
-187
-212
-313
-125
-173
-204
28
30
81
477
488
298
467
478
380
403
24
-278
-161
-440
-892
-892
-973
-985
-811
-647
-356
-115
141
358
358
464
587
459
455
443
234
346
373
111
124
154
11
-56
-54
-140
-201
-4
-53
-112
163
128
74
427
446
231
373
426
258
310
87
-283
-221
-352
-782
-881
-820
-893
-750
-495
-361
-161
118
277
318
419
495
417
436
440
234
259
322
78
20
103
-101
-147
-42
-228
-249
23
-39
-44
251
246
239
534
522
302
380
387
246
127
-175
-355
-360
-614
-893
-882
-884
-866
-610
-386
-276
7
317
354
337
457
456
377
431
342
200
340
308
113
177
75
-88
17
-90
-315
-181
-99
-231
-24
133
80
310
555
437
396
493
454
348
170
-155
-332
-358
-616
-891
-899
-892
-842
-631
-501
-386
-42
235
260
395
529
524
637
605
381
391
410
230
116
-2
-168
-129
-147
-366
-338
-188
-166
-10
151
153
290
530
527
402
428
405
323
198
-152
-372
-364
-610
-916
-903
-901
-929
-662
-453
-362
-35
249
304
435
502
475
558
526
335
314
365
245
166
123
-10
-3
10
-135
-135
4
-15
40
223
226
266
431
407
306
304
226
150
85
-185
-402
-428
-595
-819
-823
-826
-829
-611
-441
-375
-109
166
206
288
412
403
470
520
363
324
416
342
222
150
46
13
-5
-141
-214
-116
-50
-42
45
129
188
311
350
292
303
298
219
124
-48
-260
-355
-447
-652
-790
-788
-765
-699
-548
-391
-178
59
204
298
376
428
471
454
369
292
242
187
92
-9
-60
-94
-102
-63
-37
8
127
226
281
335
356
346
335
287
210
137
17
-130
-239
-357
-518
-636
-689
-732
-733
-635
-499
-376
-225
-63
60
172
273
338
384
432
443
414
376
311
226
166
112
48
13
6
35
89
136
190
249
260
258
268
234
166
99
19
-78
-198
-317
-401
-488
-586
-620
-604
-586
-505
-374
-273
-183
-64
36
90
138
190
215
217
207
179
149
140
124
113
152
215
260
311
386
456
491
495
479
421
330
248
152
12
-128
-228
-320
-438
-564
-643
-665
-680
-686
-633
-527
-407
-291
-184
-79
19
106
180
216
207
216
246
237
214
235
287
340
379
408
454
516
541
520
485
427
337
227
99
-40
-179
-306
-421
-528
-616
-671
-684
-659
-622
-581
-507
-414
-342
-280
-204
-120
-39
32
99
176
254
335
423
503
568
638
709
741
717
670
620
547
437
314
204
99
-29
-180
-317
-433
-531
-601
-653
-683
-684
-657
-612
-560
-496
-416
-324
-227
-135
-31
85
190
288
395
497
584
655
703
720
713
675
608
519
410
292
172
43
-76
-185
-299
-399
-473
-526
-566
-581
-569
-543
-506
-464
-425
-377
-320
-269
-225
-167
-92
-16
59
141
242
351
450
529
592
644
662
632
571
496
414
321
217
116
28
-52
-137
-227
-301
-347
-373
-386
-387
-368
-326
-287
-264
-246
-217
-186
-172
-161
-137
-107
-66
-20
23
89
175
256
324
388
443
477
474
436
378
305
219
126
31
-54
-128
-196
-261
-309
-333
-336
-325
-310
-281
-238
-193
-156
-129
-103
-76
-59
-55
-57
-43
-12
20
56
99
159
228
281
315
344
371
377
353
309
258
203
139
62
-15
-80
-132
-188
-244
-285
-299
-298
-292
-278
-254
-214
-172
-139
-112
-78
-37
-2
18
37
58
83
104
121
143
172
198
214
220
221
219
209
185
151
111
68
16
-41
-97
-146
-184
-218
-247
-256
-254
-243
-222
-193
-155
-109
-69
-32
7
48
81
99
111
128
137
136
128
117
110
109
104
89
72
63
55
38
13
-6
-20
-37
-56
-80
-97
-106
-110
-116
-119
-110
-95
-74
-51
-25
0
23
46
65
82
96
106
106
101
87
67
46
25
10
-3
-15
-19
-22
-25
-29
-35
-39
-41
-38
-39
-39
-37
-33
-34
-34
-33
-32
-26
-15
-8
1
13
23
30
36
43
46
51
50
43
36
27
18
9
0
-1
-2
-2
-2
-2
0
0
-4
-11
-18
-23
-29
-34
-36
-38
-36
-35
-37
-36
-27
-17
-4
7
21
33
39
38
35
28
19
11
3
1
4
5
5
8
7
4
0
-3
-2
0
1
0
-2
-4
-7
-12
-18
-22
-23
-23
-20
-16
-8
-4
-1
4
6
9
13
11
12
15
15
15
16
16
18
18
14
10
8
4
1
0
-1
-3
-5
-5
-5
-5
-4
-7
-9
-12
-16
-20
-21
-22
-20
-14
-8
-1
5
9
11
14
14
15
17
19
20
21
16
12
4
-3
-8
-11
-14
-12
-11
-10
-8
-7
-4
-1
0
2
4
4
2
-1
-5
-7
-8
-8
-4
0
3
6
7
8
7
8
7
5
2
0
-4
-6
-7
-5
-2
0
1
4
3
2
1
0
0
0
2
4
5
3
3
1
-1
-2
-3
-2
-4
-3
-3
-3
-1
-2
0
0
0
-2
-4
-3
-4
-3
-3
-1
1
3
2
2
3
2
2
2
0
1
1
0
0
-2
-1
0
2
1
1
2
0
0
0
-3
-3
-1
-2
-2
-2
-1
-1
1
0
1
1
1
0
-1
-1
-2
0
0
1
2
3
3
4
4
3
2
2
2
1
-4
-6
-6
-10
-13
-12
-9
-6
-2
2
5
7
11
14
13
12
13
11
9
3
-4
-8
-12
-18
-20
-18
-12
-7
-2
4
11
15
15
15
13
8
5
1
-1
-4
-6
-8
-9
-8
-8
-6
-5
-4
0
-1
0
3
3
4
4
4
5
4
4
2
0
-2
-5
-6
-6
-7
-5
-3
0
4
6
6
8
9
6
5
3
2
2
-2
-5
-7
-10
-10
-11
-10
-8
-3
2
6
9
12
12
12
9
4
3
0
-4
-8
-9
-8
-8
-9
-7
-5
-2
1
3
5
9
9
10
9
5
4
-1
-5
-6
-7
-8
-9
-9
-7
-4
0
-1
2
5
10
13
13
12
11
9
5
1
-3
-7
-9
-12
-13
-11
-10
-8
-7
-5
0
2
6
7
7
6
7
7
5
2
1
-1
-1
-1
-2
-2
-1
-1
-1
-1
0
2
4
4
2
3
2
0
-1
-2
-1
-3
-5
-6
-5
-4
-2
-2
0
0
1
1
2
4
4
4
4
2
1
0
0
-2
-2
-1
-1
-2
-1
-2
0
1
2
3
3
2
1
0
0
-2
-3
-1
-1
0
1
1
0
0
0
1
0
-1
-2
-3
-2
-2
0
0
0
1
1
2
1
0
0
0
0
1
1
1
0
1
1
1
2
0
0
0
-2
-3
-4
-5
-4
-2
0
1
2
4
3
1
0
0
-3
-2
0
0
0
0
2
2
0
0
0
0
0
0
0
0
0
0
0
0
1
0
0
-1
0
0
0
0
0
0
1
2
3
3
2
0
0
0
0
-1
-2
-2
-2
-3
-4
-3
-2
-2
-1
-2
-1
0
0
1
1
0
1
0
0
0
2
2
3
5
5
6
7
6
4
3
0
0
-1
-2
-3
-4
-4
-6
-8
-6
-6
-6
-6
-5
-3
-2
-1
1
0
0
3
3
2
4
3
1
2
2
4
4
3
4
4
4
3
2
0
-2
-3
-4
-6
-7
-7
-6
-3
-4
-3
-1
1
3
4
5
7
8
8
6
4
1
1
0
-4
-3
-4
-5
-5
-3
-3
-3
-3
-1
-2
-1
0
2
2
3
3
2
0
0
-1
-2
-1
0
0
1
4
6
7
5
4
2
-1
-5
-7
-8
-7
-8
-6
-3
-1
-2
-2
-3
-6
-7
-6
-5
-1
2
8
11
13
12
11
7
0
-3
-3
-5
-5
-1
2
5
8
6
7
3
1
0
-3
-2
-3
-6
-3
-3
-1
-2
0
-1
-3
-2
-3
-3
-1
0
0
0
1
1
1
1
1
0
1
1
0
1
0
1
1
2
0
0
0
-2
-3
-2
-2
-1
1
1
0
0
0
-1
-1
-2
-2
0
2
3
5
5
4
2
0
0
-3
-4
-4
-4
-3
-2
-1
-1
-1
0
0
1
1
4
3
2
2
1
0
0
0
-2
-2
-1
0
-1
0
-1
0
0
0
0
0
1
1
1
1
1
1
1
1
0
0
-1
-2
-2
-3
-3
-3
-1
1
0
1
1
1
1
1
0
0
0
0
-1
0
0
0
0
0
0
1
0
0
-1
0
0
0
0
0
0
0
0
0
0
0
0
0
0
1
0
1
0
0
0
0
0
-1
0
0
-1
-1
0
0
0
0
0
1
0
0
0
0
0
0
-1
0
0
0
0
1
-1
0
0
0
0
0
0
0
1
0
0
0
0
0
0
0
0
0
-1
0
-1
0
0
0
0
0
0
0
0
0
0
0
0
0
0
0
0
0
0
0
0
0
0
0
0
0
0
0
0
0
1
0
0
0
0
0
0
0
0
-1
-1
-1
0
0
0
0
0
0
0
0
0
0
-1
0
0
1
0
0
0
0
0
0
1
0
0
0
0
0
0
0
-1
0
0
0
0
0
0
0
0
0
-1
0
1
0
0
0
0
0
0
0
0
0
0
-1
0
-1
0
0
0
0
1
0
0
0
0
0
0
0
0
-1
0
0
0
0
0
0
0
0
0
0
-1
0
0
0
0
0
0
0
0
0
0
0
0
0
0
0
-1
0
0
0
0
0
1
1
0
0
0
0
0
0
0
0
0
0
0
0
1
0
0
0
0
0
0
0
0
0
0
-1
0
0
0
0
0
0
0
0
0
0
0
0
0
0
0
0
0
0
0
0
0
0
0
0
0
1
0
0
0
-1
0
1
0
0
0
0
0
0
0
0
0
0
0
1
0
0
0
0
0
0
0
0
0
0
0
0
0
-1
-1
0
0
0
0
0
0
0
0
0
1
0
0
0
0
0
0
0
0
0
0
0
0
0
0
0
0
0
0
0
0
0
0
0
0
0
0
0
0
-1
0
0
0
-1
0
0
0
0
-1
0
0
0
0
0
0
0
0
0
1
0
0
0
0
0
0
0
0
0
0
0
0
-1
-1
0
0
0
0
0
0
0
0
0
1
0
0
0
0
0
0
0
0
0
0
0
0
0
0
0
0
0
0
0
0
0
0
0
0
1
0
0
0
0
0
0
0
0
0
0
0
0
0
0
0
0
0
0
0
0
0
0
0
0
0
0
0
0
-1
0
0
0
0
0
0
0
0
0
1
0
0
0
0
0
1
0
0
0
0
0
0
0
-1
0
-1
-1
0
0
-1
0
0
1
0
0
-1
0
1
0
0
0
0
0
0
1
1
0
0
0
0
0
0
0
0
0
0
0
0
0
0
0
0
0
0
0
0
0
0
0
0
0
0
0
0
0
0
0
0
0
0
0
0
0
0
0
0
0
0
0
0
0
0
0
1
0
1
0
0
0
0
0
0
0
0
0
0
0
0
0
0
0
0
0
0
0
0
0
0
0
0
0
0
0
0
0
0
0
0
0
0
0
0
0
0
0
0
0
0
0
0
0
0
0
0
0
0
0
0
1
-1
0
0
0
0
0
0
0
0
0
0
0
0
0
0
0
0
0
0
0
0
0
0
0
0
0
0
0
0
0
0
0
0
0
0
1
0
0
0
0
0
0
-1
0
0
0
-1
0
0
0
0
0
0
0
0
0
0
0
0
0
0
0
0
-1
1
0
0
0
0
0
0
0
0
0
1
0
0
0
0
0
0
0
0
1
-1
0
0
0
0
0
0
0
0
0
0
0
0
0
0
-1
0
0
0
0
0
0
1
0
0
0
1
0
0
0
0
0
0
-1
0
0
0
0
0
0
0
0
0
0
0
0
0
1
1
0
0
0
0
0
0
0
0
-1
0
-1
-1
0
0
0
0
0
0
0
0
0
0
0
0
-1
-1
0
0
-1
0
0
0
0
1
0
0
0
0
0
0
0
0
0
0
0
0
0
0
0
0
0
0
0
0
0
0
0
0
1
0
0
0
0
1
0
0
0
0
0
0
0
0
0
0
0
0
0
0
0
0
0
0
0
0
0
0
0
-1
0
0
0
0
0
0
0
0
0
0
0
0
0
0
1
0
0
0
0
0
0
0
-1
0
1
0
0
0
-1
0
0
0
0
0
0
0
0
0
0
0
1
0
0
0
0
0
0
1
0
0
-1
0
-1
0
0
0
0
0
0
0
0
0
0
0
0
0
0
2
1
1
0
0
0
0
0
0
1
1
1
1
0
0
0
0
0
0
0
0
0
0
0
0
0
0
0
0
0
0
0
-1
0
0
-1
0
0
0
0
0
1
0
0
0
0
0
0
0
0
0
0
0
0
0
0
-1
0
0
0
0
0
0
0
0
-1
0
0
0
1
0
0
0
0
0
0
0
0
0
0
0
0
0
0
0
0
0
0
-2
0
0
0
-1
1
0
0
0
-1
0
0
0
0
1
0
0
0
0
0
0
0
1
0
-1
0
0
0
0
0
0
0
0
0
0
0
1
0
-1
0
0
0
0
0
0
-1
0
0
0
0
1
0
0
0
0
-1
0
0
0
0
0
0
0
0
0
0
0
0
0
0
0
0
-1
0
0
0
0
0
0
-1
0
0
0
0
0
0
0
0
0
0
0
1
0
0
0
0
0
0
0
0
0
0
0
1
0
0
0
0
0
0
0
0
0
-1
0
0
0
1
0
0
0
-1
0
0
0
0
0
1
0
0
0
0
0
0
-1
0
0
0
0
0
0
-1
0
0
0
0
0
0
0
0
0
0
0
0
0
0
0
0
0
0
-1
0
0
-1
0
0
0
-1
0
0
0
0
0
0
0
0
0
0
0
0
1
0
0
0
0
0
0
0
0
0
0
0
0
0
0
0
0
1
0
0
0
-1
0
0
0
0
-1
0
1
0
0
0
0
0
0
0
0
0
0
1
0
0
0
-1
0
0
0
-1
0
0
-1
0
0
0
0
0
0
0
0
0
0
0
0
1
0
0
0
0
0
0
0
1
0
0
0
0
0
0
0
0
0
0
0
0
0
0
0
0
-1
0
0
0
0
0
0
0
0
0
0
0
0
0
0
-1
0
0
0
0
0
0
0
0
0
0
0
0
0
0
0
0
0
0
0
0
0
0
0
0
0
0
0
-1
-1
-1
0
0
0
0
0
0
0
0
0
0
0
0
0
0
0
0
1
0
0
0
0
0
0
0
0
0
0
0
0
0
0
0
0
0
0
0
0
0
0
0
0
0
0
0
0
0
-1
0
0
0
0
0
0
-1
0
0
0
0
0
0
0
-1
0
0
0
0
0
0
0
1
0
0
-1
0
0
0
0
0
0
0
0
2
0
0
0
0
0
0
-1
0
0
0
0
0
0
0
0
0
0
0
0
-1
0
0
1
0
0
0
0
0
0
0
0
0
0
0
0
0
0
0
0
0
0
0
0
0
1
0
0
0
0
0
0
0
0
0
0
0
-1
0
0
-1
0
0
0
0
-1
0
0
0
0
0
0
0
0
-1
0
0
0
0
0
0
0
0
0
0
0
0
0
0
0
1
0
0
0
0
1
0
0
0
0
0
0
0
0
0
0
0
0
0
0
0
0
-1
-1
0
-1
0
0
0
0
0
2
0
0
0
0
0
0
0
0
0
0
0
0
1
0
1
0
0
0
-1
0
0
0
-1
0
0
0
0
0
0
0
0
0
0
0
-1
-1
0
0
0
0
0
0
0
0
0
0
0
0
0
0
0
1
0
0
1
0
1
0
0
1
0
0
0
0
0
0
0
0
-1
0
-1
-1
-1
0
-1
-1
0
0
0
0
1
0
0
1
0
1
1
0
0
0
0
0
1
0
0
0
0
1
0
0
0
1
-1
0
0
0
-1
-1
0
-1
0
0
-1
0
0
0
0
0
0
0
0
0
0
0
0
0
0
0
1
0
0
0
1
0
0
1
0
0
0
0
1
2
0
0
0
0
0
0
0
0
0
-1
0
0
0
0
0
0
-1
0
0
0
0
0
0
0
0
0
0
0
0
0
0
0
0
0
0
0
0
0
0
0
0
0
0
0
0
0
0
0
0
0
0
0
0
0
0
0
0
0
0
-1
0
0
0
0
0
0
0
0
0
0
0
0
-1
0
-1
-1
0
0
-2
0
0
0
0
0
0
0
0
0
1
0
0
1
1
0
0
0
0
0
0
0
0
0
0
0
0
0
0
0
0
0
0
0
0
0
0
0
0
0
0
0
0
0
0
0
0
0
0
0
0
0
0
0
0
0
0
0
0
0
0
0
0
0
-1
0
0
0
0
0
0
0
-1
0
0
0
0
0
0
0
0
0
0
0
0
0
0
0
0
0
0
0
0
0
1
0
0
0
0
0
0
0
0
0
0
0
0
0
0
0
0
0
-1
0
0
0
0
0
0
0
-1
-1
0
-1
0
1
0
0
0
0
0
0
0
1
0
0
0
0
0
0
1
1
0
1
0
0
0
0
0
0
0
0
0
0
0
-1
-1
-1
0
0
0
0
-1
0
0
-1
0
0
0
0
0
0
0
0
0
0
0
0
0
1
1
0
1
0
0
0
0
0
0
0
0
0
0
-1
1
0
0
0
0
0
0
0
-1
-1
0
-1
0
0
0
0
1
0
1
0
0
1
1
0
0
0
0
0
0
0
0
0
0
0
1
0
0
0
0
0
0
0
0
0
0
0
0
0
0
0
0
0
0
0
0
0
-1
0
0
0
0
0
0
0
0
0
0
0
1
1
0
0
0
0
0
0
0
0
0
0
0
0
0
-1
0
0
0
0
-1
0
0
0
0
0
0
-1
0
0
0
0
0
0
0
0
1
0
0
1
0
0
0
0
-1
0
0
0
0
0
0
0
0
0
1
0
0
1
0
0
1
0
0
0
0
0
-2
0
1
0
0
0
0
0
-1
-1
0
0
0
0
0
0
0
0
1
0
-1
0
0
0
0
-1
0
0
0
1
0
1
0
0
0
0
0
1
0
0
0
0
0
0
-1
0
0
1
0
-1
0
0
0
0
0
1
1
0
0
0
0
1
0
0
0
0
0
0
0
0
0
0
0
-1
0
0
-1
0
0
0
0
0
0
0
0
0
0
0
0
0
0
0
0
0
0
0
0
0
0
0
0
0
-1
0
-1
0
0
0
0
1
0
0
1
0
0
0
1
1
0
0
0
0
0
0
0
0
0
0
0
0
0
-1
0
0
0
0
0
0
0
0
1
0
0
0
0
0
0
0
0
0
0
0
0
2
1
0
1
0
0
0
0
0
0
0
0
0
0
0
0
0
0
0
0
0
-1
0
-1
0
0
0
0
0
0
0
0
0
1
1
0
0
0
0
0
0
1
0
0
0
0
0
-1
0
-1
-2
-1
0
0
0
0
0
0
0
0
0
0
0
0
0
0
0
0
1
0
0
0
0
0
0
0
1
0
0
0
-1
0
0
0
0
0
0
0
-1
0
0
-1
0
0
0
0
-1
0
0
0
0
0
0
1
0
0
0
0
0
0
1
0
-1
0
0
-1
0
0
0
0
0
0
0
0
0
0
0
0
0
0
0
0
0
0
0
0
1
0
0
0
-1
0
0
0
0
0
-1
0
0
0
-1
0
0
1
0
0
0
0
0
0
0
0
0
0
0
0
0
0
0
0
0
0
0
0
0
0
0
0
0
0
0
0
0
0
0
0
0
0
0
0
0
0
0
1
0
0
0
0
0
0
0
0
0
0
0
0
0
0
0
0
0
0
0
0
0
0
0
0
0
0
0
0
0
1
0
0
0
0
0
0
0
0
0
0
-1
-1
0
0
0
0
0
0
0
0
0
-1
0
0
2
1
0
0
0
0
0
0
0
0
0
-1
0
0
0
0
0
-1
0
0
0
0
1
0
0
0
0
0
0
0
0
0
0
0
0
0
-1
0
0
1
0
0
0
0
1
0
0
0
0
0
-1
0
0
-2
-1
0
0
0
0
0
0
0
0
0
0
0
0
0
0
-1
0
0
0
0
0
0
0
0
0
0
0
0
-1
0
0
0
0
0
0
1
0
0
0
2
0
0
0
0
-1
0
0
0
0
0
0
0
0
0
0
0
0
0
-1
-1
0
0
0
0
0
-1
0
0
0
0
0
0
-1
0
0
0
0
0
0
0
0
0
0
0
0
0
0
0
0
0
0
-1
0
0
0
0
0
1
0
0
0
0
0
0
-1
-1
0
0
0
0
0
0
0
0
0
0
0
0
-1
0
0
0
0
0
0
0
0
0
0
1
0
1
0
0
2
1
2
1
1
1
1
0
1
1
0
0
0
0
-1
-1
0
0
0
-2
-2
-1
-2
-3
-2
-1
-1
-2
-2
0
-1
-1
-1
0
0
0
0
0
0
0
1
1
1
2
1
1
1
1
2
2
2
2
1
0
1
0
0
1
0
0
1
0
0
0
0
0
0
-1
0
-1
-1
0
-1
0
-1
-1
-1
0
0
0
-1
0
0
0
1
0
0
0
0
0
1
0
0
1
0
1
1
0
0
0
1
0
0
0
0
0
0
0
0
0
-1
0
0
0
0
0
-1
0
-1
0
0
-1
0
0
0
0
0
0
0
0
0
0
1
0
0
0
0
0
0
1
0
0
0
0
0
0
0
0
0
0
-1
0
0
0
0
0
0
0
0
0
0
1
0
0
1
0
0
0
0
0
0
0
0
0
0
0
0
0
0
-2
0
-1
0
0
0
0
0
0
0
0
0
1
0
0
0
0
1
1
2
0
1
0
-1
0
0
0
0
0
0
0
0
0
0
0
0
0
0
-1
0
-1
0
0
0
0
0
0
-1
-1
0
0
0
0
0
0
0
1
0
0
0
0
1
0
0
0
0
0
0
0
0
0
0
0
-1
0
0
0
0
-1
0
0
0
0
-1
0
0
0
0
0
0
0
0
0
0
0
0
0
0
1
0
0
0
1
1
0
0
0
0
0
0
0
0
0
0
0
0
0
0
0
0
0
0
0
0
-1
0
0
0
0
0
0
0
0
0
0
0
0
0
0
0
0
1
0
0
0
0
0
0
0
0
-1
0
1
0
0
0
0
0
0
0
0
0
0
0
0
0
0
0
0
0
0
0
-1
0
0
0
0
0
0
0
0
0
0
0
0
0
0
0
0
0
0
0
0
0
0
0
0
0
0
0
-1
0
0
0
0
0
0
0
0
0
0
0
-1
0
0
0
0
0
0
0
1
0
-1
0
0
0
0
0
1
0
0
0
0
0
0
0
0
0
0
0
0
0
0
0
0
0
0
0
0
0
0
0
0
0
0
0
0
0
0
0
0
0
-1
0
0
0
0
0
0
0
0
0
0
0
0
0
0
0
0
-1
0
0
1
0
0
0
0
0
0
0
0
0
0
0
0
0
0
0
0
0
0
0
0
0
0
0
0
0
0
0
0
0
0
0
0
0
0
0
0
-1
0
0
0
0
0
0
0
0
0
0
0
1
0
0
-1
0
0
0
0
0
0
0
0
0
0
-1
0
0
0
0
0
0
0
0
0
0
0
0
0
0
0
0
-1
1
0
0
0
0
0
0
0
0
1
0
-1
0
0
0
0
0
0
0
0
0
0
0
0
0
0
0
-1
0
0
0
0
0
1
0
0
0
0
0
0
0
0
0
0
1
0
0
0
0
0
0
0
0
0
0
0
0
0
0
0
0
0
-1
0
0
0
0
0
0
0
0
0
0
0
0
0
0
0
0
0
0
0
0
0
0
0
0
0
0
0
0
0
0
0
0
0
0
0
0
0
0
0
-1
0
1
0
-1
0
0
0
0
0
0
1
0
0
0
0
0
0
0
0
0
0
0
0
0
0
-1
0
0
0
0
0
0
0
0
0
0
-1
0
0
0
0
0
0
0
0
0
0
0
0
0
0
0
0
0
0
0
0
-1
0
0
0
0
0
-1
0
1
0
0
0
0
0
0
0
0
0
0
0
1
0
0
1
0
-1
0
0
0
0
0
0
0
0
-1
0
0
0
0
0
0
0
0
0
0
0
0
0
0
0
0
0
0
0
0
0
0
0
0
0
0
-1
0
-1
0
1
0
0
0
0
0
0
0
0
0
1
1
0
0
-1
-1
0
0
0
0
0
0
0
0
1
0
0
0
0
0
0
0
0
0
0
0
0
0
0
0
0
1
0
0
0
0
0
0
0
0
0
0
0
0
0
0
0
0
0
0
0
0
0
0
1
1
0
0
0
0
0
0
0
0
-1
0
-1
0
0
0
0
0
0
0
0
0
0
0
0
0
0
0
1
0
0
0
0
0
0
0
0
0
0
0
1
0
0
0
0
0
0
-1
1
0
0
0
0
0
-1
0
0
0
0
0
0
0
0
0
0
0
0
0
0
1
0
0
0
0
1
0
0
0
0
0
0
0
0
0
0
0
1
0
0
0
0
0
0
0
0
0
0
0
0
0
0
0
0
0
0
0
0
0
1
0
-1
0
0
0
0
0
1
0
0
0
0
0
0
0
0
0
0
0
0
0
0
0
0
0
0
0
0
0
0
0
0
0
0
0
0
0
0
0
0
0
0
0
0
0
0
0
0
0
0
0
0
0
0
0
0
0
0
0
0
0
0
0
0
0
1
1
0
0
0
0
0
0
0
0
0
0
0
0
0
0
0
0
0
0
0
0
0
0
0
0
0
0
0
0
0
0
0
0
0
0
0
0
0
0
0
1
1
1
0
0
0
0
0
0
0
0
0
0
-1
0
0
0
0
0
0
0
0
0
0
1
0
0
0
-1
0
0
0
0
1
0
0
0
0
0
0
0
0
0
0
0
0
0
0
0
0
0
0
0
0
0
0
0
0
0
0
0
0
0
-1
0
0
0
0
0
0
0
0
0
1
0
0
0
0
0
0
0
0
0
0
-1
0
0
-1
0
0
0
0
0
0
0
0
0
0
0
0
0
0
0
0
0
0
1
0
0
0
0
0
0
0
0
-1
0
0
0
0
0
0
0
0
0
0
0
0
0
0
0
0
0
-1
0
0
0
0
0
0
0
0
0
0
0
0
0
0
0
0
0
0
0
0
0
0
0
-1
0
0
0
0
0
0
0
0
0
0
0
0
0
1
0
0
1
0
0
0
0
0
-1
0
0
0
0
0
0
0
0
0
0
0
0
0
0
0
0
0
0
0
0
0
0
0
0
0
0
0
0
0
0
0
0
0
0
0
0
0
0
0
0
0
-1
0
0
0
0
-1
-1
0
-1
0
0
0
1
0
0
1
0
0
0
0
1
0
1
1
0
0
0
0
0
0
0
0
0
0
0
0
0
0
-1
0
0
0
0
0
0
1
0
0
0
0
0
1
1
0
0
0
0
0
0
0
0
-1
0
0
-1
0
0
0
0
0
0
0
0
0
0
0
0
0
0
0
0
0
0
0
0
0
0
0
0
0
0
0
0
-1
-1
0
0
0
0
0
0
0
0
0
0
-1
0
0
-1
-1
0
0
0
0
0
0
0
0
0
0
0
0
1
1
0
-1
0
0
0
-1
-1
0
0
0
0
0
0
0
0
1
0
1
0
0
0
1
0
0
0
0
0
0
0
0
0
0
0
0
0
0
0
0
0
0
-1
-1
0
-1
0
0
0
0
-1
0
0
0
0
0
0
0
2
0
0
0
0
0
0
0
0
0
0
0
0
-1
0
0
0
0
0
0
0
0
0
-1
0
0
0
0
0
0
0
0
0
0
0
1
0
-1
0
0
0
0
0
0
1
0
0
0
0
0
0
0
0
0
0
-1
0
0
0
0
0
1
0
0
0
1
0
0
0
0
0
0
0
0
0
0
0
0
0
0
0
0
0
0
0
0
0
0
0
0
0
0
0
0
0
1
0
-1
-1
0
0
0
-1
0
0
0
0
-1
0
0
0
0
0
0
0
0
0
0
0
0
0
0
0
0
0
0
0
0
0
0
0
0
0
0
0
0
0
0
0
0
0
0
0
0
0
0
0
0
0
0
0
0
0
0
0
0
0
0
0
0
0
0
0
1
0
0
0
0
-1
0
0
0
0
0
0
0
0
0
0
0
0
0
0
0
0
0
-1
0
-1
0
0
0
1
0
0
0
0
0
0
0
0
0
0
0
0
0
0
-1
0
0
0
0
0
0
0
0
0
0
0
1
0
0
1
0
0
0
0
-1
0
1
-1
0
0
0
0
0
0
0
0
0
0
0
0
0
0
0
0
0
0
0
0
0
0
0
0
0
0
0
0
0
0
0
0
0
0
0
0
0
0
0
0
0
1
0
-1
0
0
0
0
0
0
-1
0
0
0
0
1
0
0
0
0
1
0
0
0
0
0
0
-1
0
0
0
0
0
0
1
1
0
-1
0
0
0
0
0
0
1
0
0
0
0
0
0
0
0
-2
0
1
0
0
0
0
0
0
-1
0
0
0
0
0
0
0
0
0
0
0
0
0
0
0
0
0
0
0
1
0
0
0
0
0
0
0
0
0
0
0
0
0
0
0
0
-1
-1
-1
0
0
-1
0
0
0
0
1
1
0
0
0
1
0
0
1
0
0
-1
0
0
-1
0
0
0
0
0
0
0
0
0
0
0
0
0
0
0
0
0
0
0
0
0
1
0
1
0
0
0
0
0
0
0
1
0
0
0
0
-1
-1
0
0
0
-1
0
0
0
0
0
-1
-1
0
0
0
0
0
0
0
0
0
0
0
0
1
0
1
0
1
0
0
0
0
0
0
0
0
0
0
0
0
0
0
0
0
0
0
0
0
0
0
0
0
0
0
0
0
0
0
0
0
0
0
0
0
0
0
0
0
0
0
0
0
0
0
1
0
0
0
0
0
0
1
0
0
0
0
0
0
0
0
0
0
0
0
0
0
0
-1
0
0
0
0
0
0
1
1
0
0
1
0
0
0
0
0
0
0
0
0
0
0
0
0
0
0
0
0
-1
0
0
0
0
0
0
0
0
0
0
0
0
0
0
0
0
0
0
0
0
0
0
0
0
0
0
0
0
0
-1
0
-1
0
0
1
1
0
0
0
0
0
0
0
0
0
0
1
0
0
0
0
0
0
1
0
0
0
-2
0
1
0
0
0
0
0
0
0
0
0
0
0
0
0
0
-2
0
0
0
0
0
0
0
0
0
0
0
0
0
0
0
0
0
0
0
0
0
0
0
0
0
0
1
0
1
1
1
0
0
0
0
0
0
0
-1
0
0
0
0
0
0
0
0
0
0
0
0
0
0
1
0
0
0
0
0
1
0
0
0
0
0
0
0
0
0
0
0
0
0
-1
0
0
0
0
0
0
0
0
0
1
0
0
0
0
0
0
0
0
0
0
0
0
-1
0
0
1
0
-1
0
0
0
0
0
0
0
0
0
1
1
0
0
-1
0
0
0
0
0
0
0
0
0
0
0
0
0
1
0
0
0
0
0
0
0
0
0
0
-1
0
0
0
0
0
0
0
1
1
1
1
0
1
0
0
0
0
0
0
0
-1
0
0
0
0
0
0
0
0
-1
-1
0
0
0
0
0
0
0
1
1
1
0
1
0
0
1
0
0
0
0
0
0
0
-1
0
0
0
0
0
-1
0
0
0
0
0
0
0
0
0
0
0
0
0
0
0
0
0
0
0
0
0
0
0
0
0
0
0
0
0
0
0
0
0
0
0
0
0
0
0
0
0
0
0
0
0
0
0
0
0
0
0
0
0
0
0
0
0
1
0
0
0
0
0
0
0
0
0
0
0
0
0
0
0
0
0
0
0
0
0
0
0
0
0
0
0
0
0
0
0
0
0
0
0
0
0
0
0
0
0
0
0
0
0
0
-1
0
0
0
0
0
0
0
0
0
0
0
1
0
0
0
0
0
0
0
0
0
0
0
0
0
0
0
0
0
0
0
0
0
0
0
0
0
0
0
0
1
1
0
1
0
0
0
0
0
-1
0
0
-1
0
0
0
0
0
0
0
0
1
0
0
0
0
0
1
0
0
0
0
0
0
0
0
-1
0
0
0
0
0
0
0
0
0
0
0
0
-1
0
0
0
0
0
0
-1
0
0
0
0
0
0
-1
0
1
0
0
0
0
0
0
0
0
0
0
0
0
0
0
0
0
0
0
0
0
0
0
0
-1
0
1
0
0
1
0
0
0
0
0
0
0
0
0
0
0
0
0
0
0
0
0
0
0
0
0
0
0
0
0
0
0
0
0
0
0
0
0
0
0
0
0
1
0
0
0
0
0
0
0
0
0
1
0
0
0
0
0
0
0
0
0
0
0
0
0
0
0
0
0
0
0
0
0
0
0
0
0
0
0
0
0
0
0
0
0
0
0
0
0
0
0
0
0
-1
0
0
0
0
0
0
0
0
0
0
0
0
0
0
0
0
0
0
0
0
0
0
0
0
0
0
0
0
0
0
0
0
0
0
0
0
0
0
0
0
-1
0
0
0
0
0
0
0
0
0
0
0
1
0
0
0
0
0
0
0
0
0
-1
0
0
0
0
0
0
0
0
0
0
0
0
0
0
0
0
0
0
0
0
0
0
0
0
0
1
1
0
0
0
0
0
1
0
0
0
0
0
0
0
0
-1
0
0
0
0
0
-1
0
0
0
0
1
0
0
0
0
0
0
0
0
0
0
0
1
0
0
0
0
0
0
0
0
0
0
0
1
1
-1
0
0
-1
0
0
-1
-2
0
-1
-1
0
0
0
0
0
-1
0
0
0
0
0
0
0
0
0
0
1
0
0
1
1
2
1
2
1
1
1
1
1
0
0
0
1
1
0
1
0
0
0
0
0
0
-1
0
-1
0
0
0
0
-1
-1
0
0
0
0
0
0
-1
-1
-1
0
0
0
0
0
0
0
0
1
0
0
0
0
0
0
1
1
0
0
0
0
0
0
0
0
-1
-1
-1
0
0
0
0
0
0
0
0
0
0
0
0
0
0
0
0
0
0
-1
-1
0
0
0
0
1
0
0
0
0
0
0
0
0
0
0
1
0
0
0
0
0
0
0
0
0
0
-1
0
0
0
0
0
-1
0
0
0
0
-1
0
0
0
0
0
0
0
0
1
0
0
0
0
0
0
0
0
0
0
0
-1
0
0
0
0
0
0
0
0
0
0
0
0
0
0
1
0
0
0
0
0
0
0
0
0
0
0
0
0
0
-1
0
0
0
1
0
0
0
0
0
0
0
0
0
0
0
0
0
0
0
0
0
0
-1
0
0
0
0
0
0
0
0
0
1
0
1
0
0
0
0
0
0
0
0
0
0
0
0
0
0
0
0
0
0
0
0
0
0
0
0
0
0
0
0
0
0
0
0
-1
0
1
0
0
0
0
0
0
0
0
1
0
0
0
0
0
1
0
0
0
0
0
0
0
-1
-1
-1
-1
0
0
0
0
0
0
1
1
-1
0
0
0
0
1
0
0
0
0
0
1
0
0
0
-1
0
1
0
-1
0
0
0
0
0
0
0
0
0
0
0
1
0
0
1
0
0
0
0
0
0
0
-1
-1
1
0
-1
0
0
0
0
0
-1
0
0
-1
1
0
0
0
0
0
0
0
0
0
0
0
0
0
0
0
0
0
0
0
0
0
0
0
0
0
0
1
0
0
0
0
0
0
0
-1
0
0
0
0
-1
0
0
0
0
0
0
0
0
0
0
0
0
0
0
0
0
0
0
1
0
0
0
0
0
0
0
0
0
0
0
0
0
0
1
0
0
1
0
0
0
0
0
0
0
0
0
0
0
-1
0
0
0
0
0
0
0
0
0
0
0
0
0
0
0
0
0
0
0
0
0
1
0
0
0
0
0
0
0
0
0
0
-1
0
0
0
0
0
0
0
0
0
0
0
0
0
0
1
0
0
0
0
0
0
0
0
0
0
0
-1
0
0
0
0
0
0
0
0
0
0
0
0
0
0
0
0
0
0
0
0
0
0
0
0
0
0
-1
0
0
0
0
0
0
0
-1
0
0
0
0
0
0
0
0
0
0
0
0
0
-1
0
0
1
0
-1
0
0
1
0
0
0
0
0
0
0
0
0
0
0
0
0
0
0
-1
0
0
0
1
0
0
0
0
0
0
1
0
1
0
0
0
-1
0
0
0
0
0
0
0
0
0
-1
-1
0
0
0
0
0
0
0
0
0
0
0
0
1
0
1
0
0
0
0
1
0
0
1
0
0
0
0
0
0
0
-1
0
0
-1
0
0
0
0
0
0
0
0
0
0
0
0
0
-1
0
0
0
0
0
0
0
0
0
0
0
1
1
0
1
0
0
0
1
0
0
0
0
0
0
0
0
0
0
0
0
0
0
0
0
0
0
0
0
0
0
-1
-1
0
-1
0
0
0
0
0
0
0
0
0
1
0
0
0
0
1
0
0
0
1
0
0
0
0
1
0
0
0
0
0
0
0
0
-1
0
-1
0
0
0
0
0
0
0
0
0
1
1
0
1
0
0
0
1
0
0
0
0
0
-1
0
1
1
1
0
0
0
0
0
1
0
0
0
0
0
0
0
1
0
0
0
0
0
0
-1
0
0
0
0
0
0
0
0
0
0
0
0
0
0
0
0
0
0
-1
0
0
0
0
0
0
0
0
0
0
0
0
0
0
0
0
0
0
0
-1
0
0
0
0
0
0
0
0
0
-1
0
0
0
0
0
0
0
0
0
0
0
0
1
1
0
0
1
0
0
0
0
0
0
0
0
0
0
0
0
0
0
0
-1
0
0
-1
0
0
0
0
0
0
0
0
0
-1
0
1
0
0
0
0
0
0
0
0
1
0
0
0
0
0
0
0
-1
0
0
0
0
0
0
0
0
0
0
-1
0
0
0
-1
0
0
0
0
0
1
0
0
0
1
0
0
0
1
-1
0
0
0
1
0
-1
0
0
0
0
0
0
0
0
0
0
0
0
0
0
0
0
0
0
0
1
0
0
0
0
-1
0
0
0
0
0
0
1
0
0
0
-1
0
0
0
0
0
0
0
0
0
0
0
0
1
-1
0
0
0
0
0
0
0
0
-1
0
0
-1
0
0
0
1
0
0
0
0
2
0
0
0
0
1
0
0
0
0
0
0
0
-1
-1
0
-1
-1
0
0
0
0
0
0
0
0
0
0
0
0
0
0
0
0
0
0
0
1
1
0
0
-1
0
1
0
0
0
-1
0
0
0
0
0
0
0
0
1
0
0
0
0
0
0
0
0
0
0
0
0
0
0
0
1
0
0
0
0
0
1
0
0
0
-1
0
0
0
0
0
0
0
0
0
-1
-1
-1
0
0
0
0
0
0
0
0
0
0
1
1
0
0
0
1
0
0
0
0
0
0
0
0
0
0
0
0
0
0
0
0
0
0
0
0
-1
0
0
0
0
0
0
0
0
0
0
-1
-1
0
0
0
0
0
-1
0
1
0
-1
0
0
1
0
0
0
0
0
0
0
0
0
0
0
0
0
0
0
0
0
0
0
0
0
0
0
0
0
0
0
0
0
0
0
0
0
0
1
0
0
0
0
0
0
0
0
-1
0
0
0
1
1
0
0
0
0
0
0
0
0
0
0
0
0
0
0
0
0
0
0
0
0
0
0
0
0
0
0
0
0
0
0
0
0
0
0
0
0
0
0
0
0
0
0
0
0
0
0
0
0
-1
0
0
0
-1
0
0
0
0
0
0
0
0
0
0
0
0
1
0
0
0
0
0
0
0
0
0
0
0
0
0
0
0
0
0
0
0
0
0
0
0
0
0
0
0
0
0
0
0
0
0
0
0
0
0
-1
0
0
0
0
0
0
0
0
0
0
0
0
0
0
0
-1
0
0
0
0
0
0
0
1
0
0
0
0
1
0
-1
0
-1
0
0
0
0
0
0
0
0
-1
0
0
0
1
0
0
1
0
0
0
1
0
0
0
0
-1
0
0
0
0
0
0
-1
0
0
0
0
0
0
0
0
0
1
0
0
0
0
0
0
0
0
0
-1
1
0
-1
0
0
0
0
0
0
0
0
0
0
0
0
0
0
0
0
0
-1
-1
0
0
0
0
0
0
0
0
0
1
0
0
0
0
0
0
-1
0
0
0
0
0
1
0
0
0
0
0
0
0
0
0
0
0
-1
0
0
0
-1
0
0
0
0
-1
0
0
0
-1
-1
0
0
0
0
0
0
0
0
0
0
0
0
0
0
0
0
0
0
0
0
0
0
0
0
0
0
0
0
0
-1
0
0
0
0
0
0
0
0
0
-1
0
0
0
0
0
0
-1
0
0
0
0
0
0
0
0
0
0
0
0
0
0
0
0
0
0
0
0
1
0
0
0
0
0
0
0
0
0
0
0
0
0
0
0
0
0
0
0
0
0
0
0
0
0
0
0
0
0
0
0
0
0
0
0
0
0
0
0
0
0
0
1
1
0
0
0
0
0
0
0
0
0
0
0
0
0
0
0
0
0
0
0
0
0
-1
0
0
1
0
0
0
0
0
0
0
0
0
0
1
0
0
0
0
0
0
0
0
0
-1
0
0
0
0
0
0
0
0
0
0
0
0
0
0
1
0
0
0
0
0
0
0
-1
0
0
0
0
0
0
0
0
0
0
0
0
0
0
0
0
0
0
0
0
-1
-1
0
0
0
0
0
-1
0
0
1
0
0
0
0
0
0
0
0
0
0
0
0
0
0
0
0
0
0
0
0
0
0
-1
0
0
0
0
0
0
0
0
0
1
0
0
0
0
0
0
0
1
0
0
1
0
0
0
0
0
0
-1
0
0
0
0
0
0
0
0
0
0
0
0
0
0
0
0
0
0
0
0
0
0
-1
0
0
0
0
0
0
0
0
0
0
0
0
0
0
0
0
0
0
0
0
0
0
0
0
0
0
0
-1
0
0
0
0
0
-1
0
0
0
-1
0
0
0
0
0
0
0
0
0
0
0
0
0
0
0
0
0
0
0
0
0
0
0
0
0
0
1
1
0
0
0
0
0
0
0
-1
0
1
0
0
0
0
0
-1
0
0
0
0
0
0
0
0
0
0
0
0
0
0
0
0
0
1
0
0
-1
0
0
0
0
0
0
0
0
0
0
0
0
0
0
1
0
0
0
0
0
0
0
0
0
0
0
0
0
0
0
0
0
-1
0
0
0
0
0
0
-1
0
0
0
0
0
0
1
0
-1
0
1
0
0
0
0
0
0
0
0
0
0
0
0
1
0
1
0
1
0
1
0
0
0
0
0
0
0
-1
-1
-1
0
-2
-1
-2
-1
0
-1
-1
-2
-1
-1
-1
0
0
0
0
1
1
1
1
1
1
1
1
1
1
1
1
0
0
1
2
0
0
0
1
0
0
-1
0
-1
0
-2
-1
0
0
-1
-1
0
0
0
0
0
0
0
0
0
0
0
0
0
0
0
1
0
0
0
1
1
1
0
0
1
1
0
0
0
0
0
0
0
0
0
-1
0
0
0
0
-1
0
0
0
0
0
0
0
0
0
-1
0
0
1
0
0
-1
0
1
-1
0
0
0
1
0
0
1
0
0
0
0
0
0
0
0
0
0
0
0
0
0
0
0
-1
0
0
0
0
0
0
0
0
0
1
0
0
0
0
0
0
1
0
1
0
0
0
0
0
0
0
0
0
0
0
0
0
0
0
0
0
0
0
0
0
0
0
0
1
0
-1
0
0
0
0
0
0
-1
0
0
0
0
0
0
0
0
0
0
0
0
0
0
0
0
0
0
0
0
1
0
0
0
0
0
0
0
0
0
0
0
0
0
0
0
0
0
0
0
-1
0
0
0
0
0
0
0
0
0
0
0
0
1
0
0
0
0
0
0
0
0
1
0
0
0
0
0
0
0
0
0
0
-1
0
0
0
0
0
0
0
0
0
0
0
0
0
0
1
0
0
0
0
0
0
0
0
0
0
-1
0
0
0
0
0
0
0
0
0
0
0
0
0
0
0
0
0
0
0
0
0
0
0
0
0
0
0
0
0
0
0
0
0
0
0
0
0
0
0
0
0
0
0
0
0
0
0
0
0
-1
0
0
0
0
0
1
0
0
0
0
0
0
0
0
0
0
0
0
0
0
0
0
0
0
1
0
0
0
-1
1
0
-1
1
0
0
0
-1
0
0
0
0
0
0
0
0
0
0
0
0
0
-1
0
0
0
1
0
0
0
0
0
0
0
0
0
0
1
-1
0
1
-1
0
0
-1
0
0
0
0
0
0
0
0
1
0
0
0
0
0
0
0
0
0
0
0
0
0
0
0
0
0
0
0
0
0
0
0
0
0
-1
0
0
0
0
0
0
0
0
0
0
0
0
1
0
0
0
0
0
0
0
0
0
0
0
-1
0
0
0
0
0
0
0
0
-1
0
0
0
-1
0
0
0
0
0
0
0
0
0
1
0
0
0
0
0
0
0
0
0
1
1
0
0
0
-1
0
0
0
0
0
0
0
0
0
0
0
0
0
0
0
0
0
0
0
0
0
0
0
1
0
0
1
0
0
0
0
1
0
0
0
0
0
0
0
0
0
-1
0
0
0
0
0
0
0
-1
0
0
0
0
0
0
0
0
0
0
0
0
0
0
0
0
0
0
0
0
0
0
1
0
0
0
0
0
0
0
0
0
0
0
0
0
0
0
0
0
0
0
0
0
0
0
0
0
0
0
0
0
0
-1
0
0
0
0
0
0
0
0
0
0
0
0
0
0
0
0
0
0
0
0
2
0
-2
0
0
0
0
0
0
0
0
0
0
0
0
0
0
0
0
0
0
0
0
1
0
0
0
0
0
0
0
0
0
1
0
0
0
0
0
0
0
0
0
0
0
0
0
0
0
0
0
0
0
0
-1
0
0
0
0
0
0
0
0
0
0
0
0
0
0
0
0
0
0
0
0
0
0
0
0
0
0
0
0
0
0
0
0
0
0
0
0
0
0
0
0
-1
0
0
-1
0
0
0
0
0
0
0
0
0
0
0
0
0
0
0
0
0
0
0
0
0
0
0
0
0
0
0
0
0
0
0
0
0
1
0
0
0
-1
0
0
0
0
0
0
0
0
0
0
0
0
0
0
0
0
0
0
-1
0
0
0
0
0
0
0
0
0
0
0
1
0
0
0
0
0
0
0
0
0
0
0
0
0
0
0
0
0
0
0
0
0
1
0
1
0
0
0
0
0
0
0
0
0
0
-1
0
-1
-1
0
0
0
0
0
0
0
0
0
0
0
0
-1
0
0
0
2
0
0
0
0
0
0
0
0
0
0
0
-1
0
0
0
0
0
-1
0
0
0
0
0
0
-1
0
0
0
1
0
0
0
0
0
-1
0
0
-1
0
0
0
0
0
1
0
0
0
0
0
0
0
0
0
1
0
0
0
0
0
0
0
0
0
0
0
0
0
1
1
0
0
0
0
0
0
0
0
0
0
-1
-1
-1
-1
-1
-2
-1
-1
0
0
0
0
-1
0
0
0
0
1
1
1
1
2
0
2
2
2
1
1
1
2
1
0
1
0
1
0
0
0
0
0
0
-1
-1
-1
-1
-2
-1
0
-1
-1
-1
-2
-2
0
0
0
0
0
0
0
0
0
0
0
2
0
0
1
0
0
0
0
0
0
0
1
1
1
1
1
0
-1
0
0
0
-1
0
0
0
0
0
0
-1
0
0
-1
0
0
0
0
0
0
0
0
0
0
0
0
0
0
1
0
0
0
1
0
0
1
0
0
0
0
0
0
0
0
0
0
0
-1
0
0
0
0
0
0
0
0
0
0
0
0
0
0
0
1
0
0
0
0
0
-1
0
0
0
0
0
0
0
0
0
0
0
1
0
0
0
0
1
-1
-1
0
0
0
0
0
0
0
0
0
0
0
0
0
0
0
0
0
0
0
0
0
0
1
1
0
0
0
0
0
0
0
0
-1
0
0
0
0
0
0
-1
0
0
0
0
0
1
0
0
0
0
1
0
0
0
0
0
0
0
0
0
-1
0
0
0
0
0
0
0
0
0
0
0
0
0
0
0
0
0
0
0
0
0
0
1
1
0
0
-1
0
0
-1
-1
1
0
0
0
0
0
0
0
0
0
0
0
0
1
0
0
0
0
0
0
0
0
0
0
0
0
0
0
0
0
0
1
0
0
0
0
0
0
0
0
0
0
1
1
1
-1
1
0
0
-1
-1
0
0
0
0
0
0
0
-1
0
0
0
0
0
0
0
0
0
0
0
0
0
0
0
0
0
0
0
0
0
0
0
0
0
0
0
0
0
0
0
0
0
0
0
0
0
0
0
0
0
1
0
0
0
0
0
-1
0
0
0
0
0
0
0
0
0
0
0
0
0
0
0
0
0
0
0
0
0
0
0
0
0
0
0
0
0
0
0
0
0
0
0
0
0
0
1
0
0
0
0
0
0
0
0
0
0
0
0
0
1
0
1
0
0
1
0
0
0
0
0
0
0
0
0
0
-1
-2
0
0
0
0
0
0
0
0
0
0
0
0
0
0
0
0
0
0
0
0
0
0
-1
0
0
0
0
0
0
0
0
0
0
0
0
0
0
1
0
0
0
0
0
0
0
0
1
0
0
0
0
0
0
0
0
0
0
0
0
1
0
0
0
0
0
0
0
0
0
0
1
0
0
0
0
0
0
-1
0
0
0
0
0
0
0
0
0
0
0
0
0
0
0
0
0
1
0
0
0
0
0
0
0
0
0
0
0
0
0
0
0
0
0
-1
0
0
0
0
0
0
0
0
0
0
0
0
0
0
0
0
0
0
0
0
0
0
-1
0
1
0
0
0
0
0
0
0
0
0
-1
0
0
0
0
0
0
0
0
0
0
0
0
0
0
-1
0
0
0
0
0
1
0
0
0
0
0
0
0
0
-1
0
0
0
0
0
0
0
0
0
0
0
0
0
1
0
0
0
0
0
1
0
0
0
-1
0
0
0
0
-1
0
0
0
0
0
0
0
0
0
0
0
0
0
-1
0
0
0
0
0
0
0
0
0
0
0
0
0
0
0
0
0
0
0
0
0
0
0
0
0
0
0
0
0
0
0
0
0
0
0
0
0
0
0
0
0
0
0
0
0
0
0
0
0
0
0
0
0
0
0
0
1
0
0
0
0
0
0
0
0
-1
0
0
0
0
0
0
0
0
0
0
0
1
0
-1
0
0
0
0
0
0
0
0
0
0
0
0
0
0
0
0
0
0
1
0
0
0
0
0
0
0
0
0
0
0
0
0
0
0
0
0
0
0
0
0
-1
0
0
0
0
-1
0
0
0
0
-1
-1
0
-1
-1
0
0
0
0
1
0
0
0
0
0
0
0
0
0
0
0
1
0
-1
0
0
0
0
-1
-1
-1
0
0
0
0
0
0
0
0
0
0
0
0
0
0
2
1
0
0
0
0
0
0
0
0
0
0
0
0
0
0
0
0
0
0
0
0
0
0
0
0
0
0
0
0
0
0
0
0
0
0
0
0
0
0
0
0
0
0
0
1
0
0
0
0
0
0
0
0
0
0
-1
0
0
0
0
0
0
0
0
0
0
0
0
0
0
0
0
0
0
0
0
0
0
0
1
0
0
0
-1
0
0
0
0
0
0
0
0
0
0
0
0
1
0
0
0
0
0
0
0
1
0
0
0
0
0
0
0
0
0
0
0
0
0
0
0
0
-1
0
0
0
0
0
0
0
0
0
0
0
0
0
0
0
0
0
0
0
0
0
0
1
0
0
0
0
0
0
-1
0
0
0
0
0
0
-1
0
0
0
0
0
0
0
0
0
0
0
0
0
0
0
0
-1
0
1
-1
0
0
0
0
0
1
0
0
0
0
1
-1
0
0
0
0
0
0
0
0
0
0
0
0
0
0
0
0
0
0
0
0
0
0
0
0
0
0
0
0
0
0
0
0
0
0
0
0
-1
0
0
0
0
0
0
0
1
0
0
1
0
0
0
0
0
0
1
0
0
0
0
0
0
0
0
0
1
0
0
0
0
0
-1
0
0
0
0
0
0
0
0
0
0
0
0
1
0
0
0
0
0
0
0
0
0
0
0
0
0
-1
0
0
-1
0
0
-1
0
0
0
0
0
0
0
0
0
0
0
0
0
0
0
0
0
0
1
0
0
0
0
1
0
0
1
0
0
0
0
0
0
0
-1
0
0
0
0
0
1
0
-1
0
0
0
0
-1
0
-2
1
-1
0
0
-1
1
0
0
0
0
1
-1
0
0
0
0
0
0
0
0
0
0
0
0
0
0
0
0
0
0
0
0
1
0
0
0
0
0
0
0
0
0
0
0
0
0
0
0
0
0
0
-1
0
0
0
0
0
0
0
0
0
1
-1
0
0
0
0
-1
0
1
-1
0
0
0
0
0
1
0
0
0
0
0
0
0
0
0
0
0
0
0
0
0
0
0
0
0
0
0
0
0
0
0
1
0
0
1
0
0
0
0
1
0
0
0
0
0
0
0
0
-1
0
0
0
-1
0
0
-1
0
-1
0
0
-1
1
-1
0
0
0
2
0
0
0
0
0
0
0
0
0
0
1
0
0
0
0
0
0
0
0
0
0
0
-1
0
0
-1
-1
0
-1
0
0
0
0
0
0
0
0
0
1
0
0
0
0
1
-1
1
0
0
1
-1
0
0
0
0
0
0
0
0
-1
0
0
0
0
-1
1
0
0
1
0
0
0
0
0
0
0
0
0
0
0
0
0
1
0
1
0
0
0
0
0
0
0
0
0
0
0
0
1
0
0
0
0
0
0
0
0
0
-1
0
0
0
0
0
0
0
0
0
0
0
0
0
0
0
0
0
0
0
0
0
0
0
0
0
1
1
0
0
-1
0
0
0
0
0
0
-1
0
0
0
0
0
0
1
0
0
-1
0
0
0
0
0
0
0
-1
0
0
1
0
0
0
0
1
0
0
0
0
0
-1
0
0
0
0
-1
0
0
0
0
-1
0
-1
0
-1
-1
0
-1
0
0
0
0
0
1
-1
0
0
0
1
0
0
0
1
0
-1
0
0
0
-1
0
0
-1
0
-1
0
1
0
0
0
0
0
0
0
0
0
0
0
0
1
-1
-1
0
0
0
0
0
0
0
0
0
0
0
0
0
0
0
0
0
0
1
1
-1
1
0
0
0
0
0
0
0
1
-1
0
-1
0
0
0
0
0
0
0
0
0
0
0
-1
0
0
0
0
0
0
-1
0
0
0
1
0
0
-1
0
1
-1
0
1
0
0
0
0
0
0
0
0
0
0
0
0
0
0
0
0
0
0
0
0
-1
0
0
0
0
0
0
0
0
0
0
0
0
0
0
0
0
1
0
0
0
0
0
-1
-1
0
0
1
-1
0
0
0
0
0
0
-1
0
-1
0
1
-1
1
0
0
1
-1
0
0
0
0
0
0
0
0
0
1
-1
0
0
0
1
0
0
0
0
0
0
0
0
0
0
1
-1
0
1
0
0
-1
0
0
0
0
0
0
-1
1
0
1
0
0
0
0
0
0
0
0
0
0
0
0
0
0
0
0
-1
-1
0
-1
0
0
0
0
0
0
0
1
1
0
1
0
1
0
0
0
0
0
0
0
0
0
0
0
0
0
0
0
0
0
0
1
0
0
0
0
0
-1
-1
0
0
0
0
0
0
1
1
0
0
0
0
0
0
0
-1
0
1
0
0
0
0
0
-1
0
0
-1
0
0
0
0
0
0
0
0
0
