0
0
0
0
0
0
0
0
0
0
0
0
0
0
0
0
0
0
0
0
0
0
0
0
0
0
0
0
0
0
0
0
0
0
0
0
0
0
0
0
0
0
0
0
0
0
0
0
0
0
0
0
0
0
0
0
0
0
0
0
0
0
0
0
0
0
0
0
0
0
0
0
0
0
0
0
0
0
0
0
0
0
0
0
0
0
0
0
0
0
0
0
0
0
0
0
0
0
0
0
0
0
0
0
0
0
0
0
0
0
0
0
0
0
0
0
0
0
0
0
0
0
0
0
0
0
0
0
0
0
0
0
0
0
0
0
0
0
0
0
0
0
0
0
0
0
0
0
0
0
0
0
0
0
0
0
0
0
0
0
0
0
0
0
0
0
0
0
0
0
0
0
0
0
0
0
0
0
0
0
0
0
0
0
0
0
0
0
0
0
0
0
0
0
0
0
0
0
0
0
0
0
0
0
0
0
0
0
0
0
0
0
0
0
0
0
0
0
0
0
0
0
0
0
0
0
0
0
0
0
0
0
0
0
0
0
0
0
0
0
0
0
0
0
0
0
0
0
0
0
0
0
0
0
0
0
0
0
0
0
0
0
0
0
0
0
0
0
0
0
0
0
0
0
0
0
0
0
0
0
0
0
0
0
0
0
0
0
0
0
0
0
0
0
0
0
0
0
0
0
0
0
0
0
0
0
0
0
0
0
0
0
0
0
0
0
0
0
0
0
0
0
0
0
0
0
0
0
0
0
0
0
0
0
0
0
0
0
0
0
0
0
0
0
0
0
0
0
0
0
0
0
0
0
0
0
0
0
0
0
0
0
0
0
0
0
0
0
0
0
0
0
0
0
0
0
0
0
0
0
0
0
0
0
0
0
0
0
0
0
0
0
0
0
0
0
0
0
0
0
0
0
1
2
3
3
3
3
1
0
1
1
0
0
1
1
0
1
0
-3
-1
-1
-3
-4
-3
-2
-3
-1
0
-1
-1
-1
-4
-3
-3
-3
-3
-2
-2
0
0
0
0
0
0
1
1
0
1
0
2
3
2
1
1
2
1
1
1
0
1
1
2
3
1
1
0
-2
-1
-2
-3
0
-1
0
0
-1
-1
0
-1
-2
-1
-1
0
0
-2
0
0
0
-1
0
0
1
0
0
1
0
0
0
0
0
1
2
-1
0
0
1
1
-1
0
1
0
-1
0
-1
0
-1
-1
0
-1
0
0
0
-1
1
0
0
0
-1
-1
0
0
0
1
1
1
0
0
0
-1
0
0
0
0
0
1
1
0
0
0
0
0
0
-1
-1
0
-1
0
0
0
0
-1
0
0
1
0
0
0
0
0
0
0
0
2
0
0
0
0
1
0
0
0
0
1
1
0
0
0
0
0
-2
0
1
0
0
0
-1
-1
-1
0
0
0
-1
0
1
1
0
-3
-1
0
0
0
-1
0
1
0
0
0
0
-1
0
1
0
0
0
0
1
0
0
0
0
0
0
-1
1
1
0
0
1
0
0
0
0
0
0
0
0
0
1
0
0
0
0
0
0
-1
0
1
0
-1
0
-1
0
0
-1
0
0
0
-1
0
-2
0
1
0
1
0
0
0
0
-1
0
1
2
0
0
1
-1
-1
-1
0
-1
0
2
0
0
0
-1
2
0
-2
0
0
1
0
0
0
0
1
0
-1
0
2
0
-1
1
0
0
0
0
0
0
1
0
-2
0
0
0
0
2
1
1
0
0
0
-1
0
0
0
0
1
0
-1
0
1
1
1
0
0
-1
-1
-1
-1
0
1
0
-1
0
0
0
0
0
0
-1
0
0
-2
0
0
0
-1
0
1
0
0
0
-1
0
0
0
0
1
0
-1
0
0
0
2
0
-1
-1
2
0
-2
0
1
0
1
0
0
-1
0
1
0
0
2
1
-1
0
1
1
0
0
-1
-1
3
0
0
1
0
0
-1
0
-1
-1
1
-1
0
0
-2
0
-1
0
-1
0
0
-1
0
-2
0
2
-1
1
0
0
0
0
1
0
0
1
0
0
0
0
2
1
0
0
0
0
-1
0
1
-1
0
1
0
0
0
0
0
-1
-1
0
-1
0
0
-2
0
0
0
0
0
0
0
0
0
0
0
0
0
0
0
1
2
1
0
0
0
1
0
0
0
0
0
0
0
0
0
0
-2
-1
2
1
0
-1
0
-1
0
0
1
0
-1
0
0
0
1
-1
0
1
0
1
1
-1
0
1
0
0
0
-1
1
0
0
1
0
0
0
-1
0
0
0
0
0
0
1
-1
-1
-1
0
0
0
-1
1
0
0
0
0
0
-1
-1
0
0
2
2
0
1
1
0
0
0
0
-1
0
0
0
0
0
0
0
1
-1
-1
0
-1
0
0
0
0
0
-2
0
0
0
0
0
0
0
0
0
0
2
2
-1
0
0
1
1
0
1
0
-1
0
0
0
0
-1
-3
0
1
0
0
2
-1
0
0
0
1
0
1
0
0
1
0
0
0
-1
0
2
0
0
0
-1
0
0
-1
0
-1
-1
0
0
1
0
-1
0
0
0
0
0
1
0
1
1
0
-1
0
-1
0
0
0
1
0
0
0
0
0
0
0
0
0
0
0
0
0
0
-1
0
1
0
0
-1
0
0
0
1
0
0
0
0
0
0
1
0
0
2
0
0
2
-1
-3
0
0
-1
-1
-1
0
0
-1
0
-1
-1
-1
-1
0
-1
0
0
0
2
2
2
1
1
2
0
1
0
0
0
0
0
-1
0
1
-1
0
1
0
0
0
-2
-3
-2
0
-1
-1
-1
1
1
0
1
0
0
0
1
1
0
0
0
-1
-1
-1
0
1
0
0
1
2
0
0
0
-2
-1
0
0
0
-1
-1
0
1
0
1
1
0
0
1
0
0
-1
-1
-1
0
-1
0
0
0
1
-1
0
1
-1
0
0
1
1
-1
-2
0
2
0
1
0
0
0
0
0
0
-1
-2
1
0
-1
1
0
0
1
0
0
0
-1
0
0
0
1
0
0
0
-1
0
1
2
1
-1
0
1
0
0
0
0
1
0
0
1
0
0
0
0
0
0
0
-1
-2
1
1
0
0
0
0
0
-2
-1
0
0
0
0
0
1
0
0
0
0
1
0
0
0
0
0
-2
-1
0
-1
-1
0
-1
0
1
0
0
0
0
1
2
0
0
0
-2
0
1
0
0
1
1
1
0
0
0
0
0
1
0
-1
-1
0
-1
0
0
0
0
0
1
0
0
1
1
0
0
0
0
0
0
1
0
0
-1
0
-1
-2
0
1
0
-1
0
0
-1
0
-2
0
0
0
0
1
1
0
0
1
0
1
3
0
0
1
-1
-1
0
0
1
0
-1
1
0
0
0
0
-1
-1
0
-2
0
-2
-3
0
0
-2
-2
-1
-3
-1
0
0
-1
0
1
-1
0
1
0
0
0
3
4
3
2
2
2
2
4
2
0
3
1
2
1
-1
0
-1
0
1
-2
-2
0
0
-1
-2
0
-1
0
0
-2
-2
-1
-2
0
-2
-1
-1
-1
0
0
-1
0
1
0
0
1
0
0
3
3
0
3
1
0
1
1
2
1
0
2
1
0
0
-2
-1
0
-2
0
1
-1
-2
-1
-2
-1
-1
-2
-1
0
0
1
0
2
1
0
2
2
0
0
0
0
0
0
0
0
0
0
-1
-2
0
1
1
-2
-2
1
0
1
0
0
3
0
0
0
0
-1
0
-1
-2
0
1
0
0
0
0
0
0
0
0
1
1
0
0
2
0
0
1
0
-1
-1
0
-1
-1
2
2
0
0
1
0
0
0
-1
0
-1
0
0
0
-1
-1
0
0
0
0
-1
0
-1
0
0
0
0
0
3
2
1
0
0
0
-2
0
0
0
0
1
0
0
0
0
0
0
0
-1
-1
0
0
0
1
0
0
0
0
-1
0
0
0
0
0
0
0
0
0
-1
0
-1
0
0
-1
0
0
0
0
-1
0
0
0
1
0
0
0
0
0
0
-1
0
0
0
0
0
0
0
1
1
0
-1
0
0
0
-1
1
0
-1
0
0
0
0
0
1
1
0
1
0
-1
0
-2
0
0
0
0
0
1
0
0
0
0
0
0
0
0
0
1
0
0
1
-1
0
0
-1
1
0
1
0
0
1
-1
1
0
-1
0
-1
0
0
-2
0
-1
-1
0
0
0
0
-1
0
0
-1
0
0
-1
0
0
0
0
0
0
0
1
0
0
1
1
1
1
2
2
0
3
0
0
2
1
-1
0
1
0
2
0
-1
-1
0
-2
-1
-1
-2
-1
-1
-1
-1
0
-1
-2
-3
-2
-1
0
0
-1
-1
0
0
0
0
0
0
0
1
2
1
0
2
1
1
3
1
1
1
1
3
1
2
0
1
4
3
3
1
1
0
0
0
0
-3
-4
-2
-1
-3
-3
-4
-4
-6
-4
-3
-3
-3
-4
-3
-2
-1
-2
0
0
0
1
1
1
2
2
1
4
3
3
2
1
3
2
4
2
1
4
3
2
3
2
1
1
1
1
1
1
0
-1
0
-2
-2
0
-5
-2
-3
-4
-3
-5
-5
-4
-4
-6
-4
-3
-3
-3
-3
-1
-1
-1
1
0
0
2
3
3
4
3
5
4
5
6
4
4
4
4
1
3
3
1
1
0
0
0
-2
-2
-1
-2
-1
-3
-2
-4
-5
0
-3
-2
-2
-2
-1
-2
-2
-2
0
0
0
0
0
0
0
1
2
1
3
3
2
1
2
3
1
1
2
3
0
-1
1
1
1
1
0
0
-2
-4
-5
-6
-4
-1
-3
-4
0
0
0
2
7
6
5
5
0
0
0
0
0
9
9
10
28
14
-15
-24
-40
-54
-47
-23
-4
18
34
21
20
17
-11
-2
20
24
48
64
39
16
-6
-51
-77
-59
-42
-20
18
26
12
-4
-33
-44
-22
0
25
56
57
33
14
-1
-10
-4
0
-10
-15
-30
-41
-31
-11
11
33
39
27
14
3
-4
4
12
12
14
-1
-26
-31
-35
-31
-11
7
20
28
29
17
5
-7
-18
-25
-26
-26
-20
-8
5
24
34
35
26
3
-18
-27
-21
-4
17
27
26
14
-4
-12
-11
-6
7
9
2
-4
-12
-18
-12
-1
-1
0
-4
-8
-4
2
6
4
-1
-14
-21
-14
-4
12
29
34
30
21
6
-4
-14
-21
-20
-14
-5
3
10
12
11
13
7
0
-3
-8
-12
-14
-14
-10
-4
3
11
14
10
7
0
-8
-12
-18
-12
-3
8
20
23
12
-1
-11
-17
-12
0
8
8
5
-3
-8
-7
-2
4
11
9
6
0
-4
-5
-2
-1
2
3
0
-1
-4
-7
-6
-3
0
0
2
6
6
3
0
-2
-4
-5
-2
1
5
4
0
-2
-3
-2
0
3
7
8
3
0
-5
-6
-3
-1
2
5
2
0
-3
-4
-3
0
3
5
4
0
-3
-7
-4
2
4
4
1
-2
-7
-8
-4
-1
2
6
7
3
-4
-6
-4
0
4
9
10
6
-1
-6
-8
-6
-3
0
4
4
2
0
-2
-3
-2
0
3
2
0
-1
-4
-3
-1
1
3
4
0
0
-1
-1
0
0
2
0
0
-1
1
2
3
2
1
0
0
-3
-3
-2
0
1
1
0
1
0
-2
-3
0
1
-1
0
0
0
0
0
0
0
0
0
0
1
1
0
1
-1
-2
0
1
0
1
1
2
0
-1
0
0
1
1
0
2
1
-2
-3
0
0
0
-2
-1
0
0
-1
0
1
0
0
0
0
0
-1
0
0
1
1
0
0
-1
0
1
1
0
0
0
0
-1
0
0
-2
0
0
0
0
0
2
1
-1
0
-1
0
1
0
1
1
0
-1
0
0
0
0
0
1
0
-1
1
-1
0
0
-2
0
1
0
-1
-1
0
0
0
0
0
0
1
1
0
-1
0
0
-1
-1
0
0
0
0
-1
-2
0
1
0
0
1
0
0
1
0
0
0
0
1
0
0
0
-1
0
2
1
1
-2
-1
0
-1
0
0
0
2
0
-1
0
0
0
-1
0
0
0
-3
1
-1
-2
0
0
1
3
2
1
0
-1
-1
0
-2
-2
1
0
-1
0
0
2
0
1
2
0
2
1
0
0
0
0
-1
-2
-2
-1
0
1
1
3
1
1
2
2
0
-1
0
-1
-1
-2
-2
-2
-1
1
1
0
2
2
0
1
1
1
2
1
1
1
0
0
0
-2
-2
0
-3
-2
-4
-2
-3
-2
-1
0
-1
-1
0
1
1
1
1
0
2
1
0
1
3
1
0
0
1
0
0
0
2
1
0
0
0
0
-1
0
-1
-1
0
0
-1
0
-1
0
-1
-2
-1
-1
0
0
0
1
1
0
1
0
0
0
0
1
0
0
0
-1
0
0
0
0
0
0
0
0
0
0
0
0
-2
0
0
0
1
2
2
1
0
1
0
0
0
0
0
-1
0
-1
-1
0
-1
-1
-2
0
0
0
-1
1
3
0
0
0
0
0
0
1
0
0
0
0
0
0
1
0
0
1
2
0
0
-1
0
1
0
-1
-1
-1
0
0
0
0
-1
0
1
0
-1
0
0
-2
0
0
0
0
0
0
0
1
1
-2
0
0
0
0
0
1
1
1
0
0
0
0
0
0
-1
0
0
0
0
-1
-1
0
0
1
0
1
0
0
0
0
0
0
1
1
1
0
0
1
1
0
0
-1
-1
0
3
0
0
0
-1
0
0
-1
-2
-1
1
0
0
1
0
1
-1
1
2
0
1
-2
-1
0
0
0
0
0
1
-1
0
0
-1
0
0
0
0
0
0
0
1
0
-1
0
0
0
0
0
0
0
0
1
1
0
0
0
-1
0
0
0
0
-1
0
2
1
0
0
0
-1
0
0
0
0
0
1
0
0
0
0
0
0
0
0
0
0
-2
-1
0
0
0
1
0
0
-2
-1
0
0
0
1
2
-1
-2
0
-2
0
1
2
0
-3
0
0
0
1
0
0
0
0
3
0
-1
0
0
0
1
0
0
0
1
0
0
-2
0
-2
0
1
0
0
-1
0
1
-1
0
0
-1
1
2
0
0
0
0
0
0
0
1
0
-1
0
0
0
0
0
0
-1
0
0
0
0
0
0
0
0
0
0
0
0
-1
0
0
0
1
2
0
1
2
0
0
-1
0
0
0
0
0
0
-2
0
-2
0
0
-1
0
1
-2
-1
0
0
-1
0
0
1
3
-1
0
1
0
1
0
-1
-1
0
1
1
0
0
0
0
0
1
0
0
0
0
-1
-1
-1
0
0
0
0
0
0
0
0
-2
1
1
0
-1
0
0
-1
0
1
0
0
0
-1
-1
0
1
0
0
0
0
0
0
0
0
0
0
0
0
0
0
0
0
0
0
0
0
-1
0
0
0
0
-1
0
-1
0
0
0
-1
0
0
-1
0
0
0
1
1
0
0
-1
-1
0
0
0
-1
0
0
-1
1
0
0
0
1
1
0
0
0
0
1
1
0
1
0
0
0
0
-1
-1
-1
0
-1
0
0
0
0
0
-1
0
0
0
0
0
0
1
1
-1
0
0
0
-1
1
1
0
0
0
0
-1
0
0
0
0
0
1
1
0
0
0
-1
0
0
-1
0
0
0
-1
0
0
-2
0
0
0
0
0
0
0
0
0
0
0
-1
0
1
0
-1
2
0
0
0
0
0
1
0
0
2
0
0
0
0
0
1
1
0
0
0
0
-1
1
1
-1
-1
0
0
0
0
-1
0
0
-1
0
0
0
0
0
0
0
-1
-1
-1
0
0
0
1
0
0
1
0
1
0
0
0
2
1
0
2
1
0
0
0
0
0
0
0
0
-1
0
0
-1
-2
0
0
-1
-2
1
0
-1
0
-2
0
0
0
0
0
0
0
2
1
0
1
0
0
-1
0
1
0
-2
0
0
0
0
2
0
-2
0
0
1
0
0
-1
-2
0
0
1
2
-1
0
0
-2
0
0
0
0
0
-1
-1
0
0
1
1
0
0
0
-1
0
0
-1
1
0
1
0
-1
0
0
0
0
0
1
0
0
0
0
1
1
-1
0
0
0
-1
0
0
0
-1
0
0
-1
0
0
0
0
-1
-1
0
0
2
2
0
-1
-1
0
0
0
1
0
1
0
0
0
0
1
0
0
0
-1
0
0
0
0
0
0
0
-1
0
2
1
0
0
0
2
0
-2
0
-1
0
2
1
-1
0
0
0
0
-1
-1
0
0
-1
-1
0
-1
0
0
1
1
0
-1
2
1
0
1
0
0
1
0
0
0
0
0
0
-1
0
0
-1
0
1
1
-1
0
0
-1
1
0
0
0
0
0
0
0
0
0
0
0
0
0
0
-1
0
0
0
0
0
1
1
1
-1
-2
0
0
0
0
0
1
0
0
0
1
0
-1
1
0
0
0
0
0
0
0
0
1
1
-1
1
-1
0
1
-1
0
1
-1
0
0
0
0
0
0
0
0
2
1
0
1
0
-1
0
0
1
1
0
0
-2
-2
1
-1
0
0
-1
-1
-1
-2
0
0
0
0
-1
0
1
0
0
0
0
0
1
1
0
0
0
0
-1
0
0
0
0
0
0
0
-1
0
0
-1
0
0
0
0
0
0
0
0
2
2
0
0
2
1
1
1
0
1
0
0
0
0
2
0
-2
1
-1
-1
0
-1
0
0
0
0
-3
-1
-2
-1
0
-2
1
2
0
2
0
0
0
-1
1
0
0
0
1
0
1
1
0
0
-1
0
0
-1
0
-2
-2
-1
0
0
-2
0
0
0
2
-1
2
2
0
1
0
0
0
-1
0
0
0
0
-1
0
0
-2
1
-1
-2
0
-1
0
0
0
0
-1
0
-1
-1
-2
0
0
0
2
0
0
2
0
1
1
0
3
0
0
0
-2
1
1
-2
0
0
0
0
-1
0
1
0
0
-1
0
0
-1
0
-2
0
0
-1
0
0
0
0
0
0
0
0
0
0
0
0
1
0
1
0
0
1
0
0
0
0
-1
0
1
0
0
2
-1
2
0
-2
0
-2
0
0
-1
1
0
-1
0
-1
1
0
0
0
0
-1
-1
-1
1
1
1
0
-1
0
1
-2
1
0
0
1
-2
-1
0
-1
1
0
0
0
-1
0
0
0
0
-1
0
0
0
0
-1
1
0
0
1
0
0
0
-1
0
-1
0
1
1
0
-1
0
2
0
-1
0
-1
1
0
0
1
-1
1
1
-2
1
0
-1
0
-1
-2
0
0
0
0
0
0
0
0
0
-1
0
1
0
1
1
0
0
0
0
0
0
0
-1
2
1
-1
1
0
0
0
0
0
-2
-2
0
-1
0
1
0
2
0
-1
0
0
0
-1
0
0
0
1
0
-1
0
-1
1
1
0
0
0
1
0
0
1
0
1
0
0
0
-1
0
0
0
0
0
0
0
0
0
0
-2
0
0
-2
0
0
-1
1
0
0
3
0
0
0
0
1
0
0
2
0
2
0
0
0
0
-1
0
-2
-1
0
0
0
-1
0
1
0
0
0
1
1
-1
0
-1
-1
1
0
-1
0
0
1
0
0
0
0
0
0
-1
0
0
0
0
1
0
-1
-1
-1
-1
1
0
0
0
2
1
1
1
0
0
-2
0
1
0
0
0
0
0
-1
2
0
-2
0
0
-2
0
1
0
0
1
0
0
1
-1
-2
0
0
0
1
-1
-1
0
-1
0
1
0
-1
0
0
1
1
-1
0
0
0
0
0
0
1
0
0
2
0
-1
3
0
-1
1
-3
0
1
-1
0
-1
0
1
0
0
0
-2
1
1
-1
0
1
1
0
0
3
1
-1
-1
0
0
-2
0
-1
-2
-1
-1
2
-1
-3
2
0
0
3
0
-1
1
0
-1
1
1
0
0
0
-1
0
0
0
0
0
0
0
0
0
-2
0
1
0
0
0
1
0
1
0
0
2
-1
-1
0
1
0
-1
0
2
0
-1
-1
1
1
-1
0
0
-1
-1
1
1
-1
0
-1
-1
0
0
0
-1
0
0
0
0
0
1
1
0
-2
0
0
-1
-1
0
0
2
0
0
1
-1
0
0
1
1
1
0
-1
0
0
0
0
1
0
0
0
0
0
-1
0
0
-2
-2
0
1
0
0
-1
-1
0
-1
0
1
-1
0
1
-1
0
0
0
0
0
1
0
-1
-1
0
-1
0
1
1
0
0
0
0
0
0
-1
1
1
-2
1
0
-1
0
-1
0
1
0
0
1
0
0
0
0
0
0
0
0
0
0
0
0
-2
0
2
1
0
0
0
1
0
0
1
-2
0
0
-1
0
-1
-2
0
0
0
0
0
0
-3
0
0
0
0
0
0
0
0
0
0
-1
2
0
0
0
1
0
-1
0
1
0
0
0
0
0
0
0
0
0
1
-1
0
0
0
0
0
0
0
-1
0
0
0
-1
-1
0
-1
0
0
-1
1
0
0
0
-1
0
2
0
0
2
0
0
0
0
0
1
1
-1
1
0
0
0
0
0
0
0
-1
-2
-2
0
0
0
0
-1
0
0
0
0
0
0
1
-2
0
1
0
0
-1
0
3
2
2
-1
-1
0
0
0
0
1
0
1
1
-1
0
0
0
0
0
0
0
1
-1
0
1
-3
0
0
0
0
-1
0
1
0
1
2
-2
0
-1
-1
0
-1
1
0
0
1
0
1
0
0
0
0
1
0
0
0
0
0
1
0
0
0
0
0
2
-1
-1
1
0
1
0
0
0
-2
-1
0
0
0
0
0
1
0
0
1
0
0
0
0
0
0
0
0
0
-2
0
0
0
0
0
0
0
-1
-2
0
1
0
0
-1
0
0
0
0
1
1
0
0
0
0
0
0
1
1
-1
0
1
1
1
0
0
1
0
0
0
0
0
-1
0
0
0
0
0
0
-1
-1
0
0
0
0
0
0
0
0
-1
0
1
0
1
0
0
0
1
0
0
2
0
-1
0
0
0
0
1
0
-1
0
0
0
0
0
0
0
2
0
-1
0
0
0
0
-1
0
0
0
0
0
0
-1
-1
1
1
0
0
0
-1
0
1
1
0
-2
0
0
-1
-1
0
-1
0
-1
-1
1
0
0
2
2
0
1
2
1
0
1
0
0
0
-1
0
0
-1
0
1
0
0
-1
-1
0
1
0
-1
0
-1
-1
0
0
0
1
1
0
-1
0
1
-1
0
0
-1
-1
0
0
1
0
-1
2
2
1
1
0
0
0
-2
0
0
-1
0
1
0
0
0
0
0
-1
-1
0
0
0
0
-1
0
0
0
1
2
1
1
4
2
0
3
1
-1
0
0
-1
-2
-2
-2
-2
-3
0
3
6
3
0
5
6
-1
-3
-1
-4
-10
-16
-6
-4
-12
-2
11
13
11
17
19
18
11
1
-6
-12
-22
-32
-31
-30
-25
-6
8
18
31
46
55
49
32
13
-4
-24
-50
-69
-55
-29
-26
-16
15
54
53
22
31
54
14
-42
-24
12
-23
-59
-8
23
-17
-26
-5
21
15
-29
2
74
6
-38
48
38
-31
-9
2
-24
-26
-46
-25
26
-25
-24
71
28
-22
79
64
-51
-12
40
-16
-63
-37
2
-4
-17
11
22
-25
-37
27
39
5
2
29
37
-1
20
18
-92
-105
0
37
-42
-39
61
82
51
5
0
60
1
-91
3
72
-20
-85
-10
32
-44
-8
-24
-40
69
5
-93
56
149
-32
-73
34
93
52
-88
-129
30
109
-149
-106
210
65
-135
-22
34
23
7
-131
-83
155
117
-119
-62
71
53
90
-9
-45
179
79
-326
-155
202
-18
-186
-28
94
63
51
28
-46
12
-40
41
207
-7
-176
5
71
-129
-89
76
60
-237
-199
289
252
-119
-139
261
136
-85
0
-192
-82
-19
22
139
-94
-24
126
75
34
-139
-22
221
-151
-134
183
-79
-233
-25
50
66
101
23
-59
-154
99
180
-114
114
31
-68
85
-128
15
168
-39
-194
-38
134
-133
-111
139
-17
41
108
-44
64
23
-95
-87
37
34
-133
41
-82
-39
280
13
-116
215
62
-275
94
-141
-157
177
-87
282
30
-205
-4
-33
129
-197
47
166
-26
29
0
106
-47
-93
-169
6
-39
-135
281
-83
40
251
-90
8
-132
-109
152
3
-185
-8
280
-126
-57
194
-79
116
146
103
34
-347
-98
-27
-393
-46
177
-95
12
355
119
58
385
143
-36
-179
-252
-352
-354
-140
39
221
137
58
245
138
-219
152
141
-253
300
-17
-504
201
-19
-230
161
28
136
130
-207
-70
29
-76
23
96
254
-127
-109
42
-340
-6
148
-166
232
323
-249
69
91
-402
28
259
-6
-2
150
190
-136
-151
105
-104
-88
19
-129
-247
-24
303
-61
-19
203
-37
152
40
-115
-54
-140
157
-229
12
100
-62
184
-63
-44
103
-71
-210
231
-88
-102
318
24
167
-231
-194
152
-8
27
120
-105
75
-10
-246
169
-122
-154
266
-159
-102
324
-180
-177
55
-31
244
208
-187
227
-169
-356
247
-199
-246
209
126
212
-2
118
244
-125
-274
277
-31
-200
-35
-211
-244
81
153
-10
51
122
165
-42
225
-381
-303
397
-44
26
41
-135
-148
159
78
-154
285
-274
-86
274
-175
-226
-54
67
399
173
-39
185
-116
-150
75
-106
-218
-76
74
-167
95
-46
-351
292
293
7
163
49
-148
100
-75
-85
-10
54
104
-267
47
49
-289
180
114
-3
157
-66
15
30
-120
-27
-118
-157
55
292
17
-195
97
96
0
2
49
-230
-121
192
-77
99
78
-161
173
78
-158
133
-105
-149
195
-42
-292
59
101
-122
268
259
-108
-196
43
151
-146
34
134
-246
-108
81
-151
-8
237
-59
-168
283
42
-300
158
72
-272
-41
238
-4
-173
74
208
-38
-161
150
217
-225
-194
90
-63
-56
85
51
135
212
-140
-182
143
-104
-317
0
129
154
110
117
123
-196
115
107
-307
-201
-47
-25
-110
80
166
-35
-31
152
132
138
25
-190
5
-20
33
14
-150
54
-209
-298
140
71
-78
218
200
146
118
-196
-11
14
-160
-126
52
158
-116
42
161
-100
-218
-112
1
70
159
207
-42
-281
333
195
-260
-6
-61
-172
-67
-59
118
163
-157
54
242
-17
-86
-46
77
-143
-138
214
-21
-94
-64
52
-9
-36
200
82
-192
39
389
-215
-188
192
-268
-49
-99
-184
290
136
-134
210
255
-145
-43
35
-93
82
-32
-146
18
-70
-200
-75
194
-47
-31
128
66
231
126
-142
-123
58
35
-72
-54
-143
-102
178
-28
141
103
-191
59
42
-25
-173
-80
-15
-48
48
106
167
-57
101
99
-53
213
-50
-196
-23
-175
-123
-45
-8
13
3
59
-44
117
66
26
103
-45
34
-13
60
167
-197
-98
-17
-140
-10
61
101
-140
91
272
102
-32
-12
32
-512
-48
250
-134
-93
-219
217
130
-193
221
76
-74
42
96
58
82
-13
-88
154
-89
-169
-42
-211
-247
21
199
50
3
180
238
66
142
-66
-133
112
-185
-275
72
74
-41
-32
29
33
29
-139
-48
-25
-133
91
256
15
-32
23
1
137
103
-110
-189
31
5
-137
25
25
-54
51
38
60
97
80
-110
-243
-16
277
16
-219
9
127
-9
62
19
-220
-20
201
-14
-138
41
85
-14
-5
-12
-21
-25
-78
38
149
31
-100
-99
59
150
-142
-210
234
230
-157
20
165
-171
-188
-97
-91
104
123
-75
23
103
103
107
-256
44
206
-105
-83
44
32
-22
-155
-119
302
-98
-150
125
-58
96
-76
0
96
-16
-31
57
6
43
325
-283
-175
111
-142
201
-38
-108
-130
-74
-36
28
202
53
117
-252
282
323
-274
-13
90
40
-161
-53
-3
-223
-270
-153
14
-171
0
90
35
263
261
338
192
227
198
-25
63
-124
27
-11
-201
-237
-292
-109
-256
-375
-123
-22
-106
-12
138
-25
31
55
97
199
90
229
130
119
64
92
116
-20
59
34
55
0
-21
-99
-179
24
-189
-29
19
-174
-9
-108
-23
-121
26
2
-78
60
-93
140
6
-60
176
-82
76
-23
-19
76
12
70
-65
118
33
18
41
24
56
-65
27
-14
59
23
-143
60
-21
-51
1
-61
-47
15
-70
-28
-8
-48
-3
-56
0
-43
29
10
-23
49
-10
36
18
25
32
17
61
-6
26
52
-32
40
4
27
3
54
13
-16
10
-38
-5
-55
-27
-21
-52
-11
-54
-36
6
3
-40
-10
-3
-14
27
-10
12
39
26
17
42
28
2
13
-6
6
18
18
-12
0
1
-2
-14
-38
-12
-6
-5
12
3
19
-23
-8
-5
-6
-1
-4
-3
5
22
5
15
-1
-7
5
2
8
4
-38
-11
-14
-6
0
-14
-7
2
12
19
20
10
15
0
9
22
-7
18
16
0
0
-7
-12
-8
0
-2
-9
-13
-23
-31
-21
0
-5
4
8
0
3
0
5
9
1
6
-4
5
8
3
6
6
0
-4
3
1
-3
0
-5
-3
-6
-6
1
7
10
8
8
3
3
-1
5
3
-7
0
-3
-3
-3
-4
-8
-10
-4
-6
4
0
0
0
-2
4
0
4
3
2
6
2
6
-1
4
9
-1
0
-7
-3
-3
-7
-1
-1
-2
0
2
-3
2
0
-1
0
-1
3
4
7
7
1
-1
-2
-3
-3
-1
-5
-7
2
1
3
3
2
5
4
5
4
1
-1
0
-3
-6
-5
-1
-2
-3
-3
-6
-4
-2
0
-2
0
2
-2
0
0
-4
-3
0
3
0
1
4
2
2
0
-1
-1
0
2
0
0
1
1
1
3
3
2
5
4
0
0
3
0
1
0
-4
-4
-3
0
-3
-2
0
0
2
1
-1
0
2
3
0
-3
-1
0
0
0
-2
-2
0
2
0
-2
0
0
0
-2
-5
-3
0
0
0
-1
-1
-1
0
1
0
1
3
5
3
0
1
0
2
0
-2
-1
0
0
1
0
0
0
1
0
0
0
0
0
1
1
0
-1
0
1
0
0
0
0
0
0
0
0
0
0
0
0
-1
-1
-2
0
0
0
-1
0
0
0
0
0
0
0
0
0
-1
0
3
4
1
0
0
0
1
0
-1
0
0
0
0
0
-2
0
0
0
1
0
0
0
0
0
-2
-1
0
0
0
0
-1
0
0
0
0
0
1
0
1
0
-1
0
0
1
0
-1
-1
0
2
0
0
1
-1
2
0
-2
0
0
0
0
-1
-1
0
-1
-1
0
0
0
0
-1
0
0
0
1
2
0
0
0
1
0
0
0
0
0
-1
0
0
0
1
0
0
0
0
0
0
0
0
0
0
0
0
0
2
0
-1
0
0
0
0
0
0
0
0
0
-1
1
0
-1
1
0
0
0
0
1
0
0
0
0
0
0
0
0
0
-1
0
2
0
0
0
0
2
0
0
1
0
0
1
0
0
-1
0
0
-1
-1
0
1
0
-1
0
2
0
0
0
0
0
0
0
0
0
0
1
2
0
0
0
0
0
0
0
0
0
0
0
0
-1
-1
-1
-1
-2
0
0
0
0
-1
0
0
0
0
0
1
0
0
0
-1
-1
0
-1
0
0
0
1
0
0
1
0
0
1
1
1
0
2
2
-1
0
0
-2
0
0
0
0
0
1
0
-2
0
0
-1
0
0
0
-1
0
2
0
0
2
1
-1
0
0
0
0
0
0
-1
0
0
0
0
0
0
0
0
1
-1
-2
0
0
-1
1
0
0
1
0
0
1
0
0
0
0
0
-1
-1
0
0
0
0
1
0
0
0
0
0
2
0
0
1
1
-1
-1
0
0
0
0
0
0
1
1
-2
0
0
-2
0
0
0
0
0
0
0
2
0
0
0
0
1
2
0
2
0
0
2
-1
-1
0
0
1
-2
0
-1
-3
0
-2
0
2
0
4
2
0
0
-3
0
0
-2
-1
0
0
0
1
1
2
0
-2
-3
-3
-2
0
-3
1
1
3
3
-1
0
-8
-9
-15
-8
12
11
1
69
85
46
100
120
110
118
157
99
143
171
50
21
31
-30
-147
-124
-167
-145
-124
-177
-98
-52
15
-5
24
126
142
58
140
103
-95
31
-16
-93
1
-66
-20
149
-52
-67
137
-4
10
65
-54
66
325
-162
-142
482
-288
26
-91
-838
191
205
-831
-288
215
-576
26
-338
-477
891
458
317
1417
1873
1181
1039
1553
875
765
543
-252
-452
-910
-1730
-1999
-1944
-2812
-2501
-1933
-2329
-1617
-1060
-973
10
1047
1738
2163
2683
3010
4933
4380
1132
3096
2857
-333
-1133
-1380
-2225
-3537
-3137
-2950
-2136
-1262
-1804
-669
1481
821
423
2359
1846
367
1994
1295
-451
2038
-588
-3283
226
-1523
-4164
-1261
-767
-1491
447
2622
3920
2444
3562
3534
2612
819
-791
-976
-3085
-4227
-4214
-2709
-3798
-4390
-806
81
-191
1173
2821
2771
885
2348
1045
-686
411
-574
-791
140
2450
4209
1032
3861
5222
1218
229
-581
-3460
-4478
-5132
-7767
-3546
-2755
-6409
-355
2896
-1100
2895
5993
2041
954
4224
1111
-1381
289
-342
-1791
-223
-468
3175
3992
4
4830
4919
718
66
27
-2288
-4470
-5912
-4964
-3270
-5739
-5305
920
-921
-1563
4749
4387
582
3099
5031
-307
401
1232
-57
-673
-175
5068
1586
317
6463
2854
148
773
-1157
-3735
-4373
-6370
-4351
-3502
-6329
-1953
1578
-1782
1498
5371
1626
1033
4109
2583
-1212
1300
1650
-514
-317
4814
4375
-840
5491
4861
-48
1676
-2087
-3359
-3744
-8670
-6097
-3481
-7051
-4732
754
-450
34
5110
3960
1764
2500
3684
292
-1261
651
-77
-1048
-394
4783
4094
-152
7307
4834
303
2461
-917
-3952
-5112
-7612
-5963
-6232
-6745
-3606
-530
-2021
1810
5210
4142
2291
3645
4705
-624
-61
1411
-2059
-165
-994
2332
4875
-332
6116
5846
596
2332
-46
-2920
-5115
-7214
-5774
-6418
-6709
-3678
-698
-2169
2562
4277
3912
4070
1780
5634
388
-1914
2850
-2295
-1758
-343
1564
4427
-1026
6326
5966
773
2461
1476
-1828
-5604
-5278
-4837
-7686
-5720
-4717
-2297
-1834
-345
3824
3688
3102
2432
5783
921
-1039
2701
-1638
-1852
-817
446
4565
-837
5136
7256
1427
3493
2298
-1311
-3941
-6260
-5858
-7805
-6357
-5321
-3631
-1187
-255
3461
3412
4672
2394
4553
2951
-2497
2630
-955
-3196
482
-1840
5255
1074
2554
9286
1992
3893
2855
-1148
-2435
-6434
-6081
-7102
-7196
-5106
-4575
-2004
-526
1836
3110
5133
1650
3433
4873
-2567
967
926
-3168
256
-1923
4183
3603
411
9320
4562
2645
4200
-204
-1727
-5465
-6397
-6609
-7948
-5974
-5148
-3033
-1107
641
3046
4492
4376
-685
399
-409
282
6452
2229
-2502
1876
-924
-4189
-521
-1483
2882
2695
3324
8019
4556
3666
3935
-174
-2099
-4700
-5993
-6942
-6474
-5184
-6070
-2394
-1300
96
2346
3565
4769
1794
5200
2815
-2644
2691
-2527
-3425
-198
-1957
4702
1537
4973
8918
2197
5675
2838
-2151
-1405
-6542
-6217
-6650
-6317
-4478
-5060
-1171
-1006
357
2082
4063
1697
2305
5735
-1587
421
2673
-5099
94
-1735
-495
3566
-106
7352
4290
2421
6431
61
-505
-1731
-4774
-5563
-5492
-4013
-6176
-2348
-1899
-2120
2175
1758
3703
1752
4169
3828
-1566
2843
-753
-3103
272
-3001
2658
897
2274
7442
1794
4827
3655
-1025
-499
-4612
-4625
-6820
-5441
-4470
-5903
-213
-2729
728
2378
2496
3299
863
5672
164
-1268
3984
-3592
-331
-356
-556
3616
-121
6295
4147
2733
4876
315
352
-2965
-4054
-5098
-7118
-3288
-6559
-3069
-1533
-2793
2433
134
3916
1731
2200
5123
-1914
2158
1416
-3367
1253
-1835
1924
2187
1650
6839
2276
4388
3684
-645
162
-3232
-4691
-5479
-5340
-4340
-5953
-1640
-2440
-1391
2031
364
3653
895
3280
3302
-2115
3803
-813
-2800
1764
-2698
2334
1021
2496
6023
1323
5605
2691
-323
870
-3445
-4026
-5518
-4288
-5351
-5255
-1354
-3685
656
1016
1853
3775
1010
4736
932
-338
3123
-3169
-206
9
-1732
3111
949
4126
4172
2447
5102
864
382
-112
-3733
-3701
-5487
-3574
-6094
-4469
-2025
-3744
692
213
2674
2662
2525
4845
84
1545
1233
-3228
-533
-1906
-1508
1704
1271
4250
4584
4092
5164
2058
634
-250
-3281
-5025
-5168
-3754
-7127
-3621
-2051
-4001
908
528
2027
2737
3334
4515
377
2846
1148
-2627
-245
-1374
-2454
799
2170
2528
4302
4980
4537
2822
1617
620
-3077
-3773
-5664
-4140
-6245
-5977
-1878
-4133
-895
1264
952
3631
1620
5128
1523
568
2970
-2911
-870
-817
-3413
135
1453
2023
3669
4744
5102
3193
2041
1864
-1737
-3365
-3292
-4751
-4582
-5503
-3202
-3185
-3244
1022
-429
2296
2256
3565
3781
539
3803
-526
-1583
460
-3428
-984
-563
1884
2631
2874
6487
2917
3576
3100
-354
-1050
-2901
-4137
-4325
-4988
-4977
-4061
-3532
-2068
-495
77
2620
1443
4183
3499
731
3984
-1074
-885
106
-3738
-402
-1988
2109
2573
2277
7450
2099
4634
3530
-1275
771
-4085
-3787
-4307
-4696
-3834
-5090
-1045
-2677
-1247
1715
716
1425
2971
3708
815
2680
1468
-2149
262
-2369
-1987
-2028
-353
3298
280
6696
4821
3278
6734
248
1940
-1680
-3608
-3245
-6328
-2862
-6532
-3435
-1586
-4433
1182
-265
1382
1562
2465
3744
713
3256
1082
-1495
427
-2374
-1623
-2048
-457
2260
1122
4787
4862
3217
5001
1667
575
-1191
-2702
-3843
-5755
-3063
-6316
-4100
-1385
-4043
128
656
1547
1857
2187
4758
521
2706
1870
-1999
99
-1659
-2430
-1517
-1354
1511
1260
3044
5456
3122
4468
4013
786
593
-1271
-2625
-4988
-3358
-4249
-6341
-1437
-3822
-2012
706
171
2579
691
4770
2315
1108
4034
-560
-133
-302
-1592
-1848
-1769
-69
-625
2219
2509
3831
3792
3775
3549
940
913
-1079
-3121
-3904
-3477
-4869
-5232
-2049
-4311
-2034
26
-239
1668
865
4087
1625
2022
3683
-511
925
-72
-1376
-1036
-1533
83
-951
2419
2457
2264
4652
2708
3146
1322
641
-646
-3203
-2881
-3867
-4161
-4152
-2958
-2848
-2779
-8
-1078
1100
607
1805
2658
702
3740
515
637
1501
-2064
295
-1950
-968
-291
-1463
3112
509
2995
4154
1674
3762
972
759
-436
-2697
-2103
-3986
-3184
-3317
-3583
-1534
-2477
0
-298
867
1412
1119
2586
844
2452
678
192
726
-2106
-293
-2503
-1361
-444
-1991
2292
1563
2406
4498
3295
3780
2246
1880
242
-2145
-1562
-4269
-3637
-3343
-4377
-2321
-2509
-1243
-428
107
1826
381
2677
1693
1054
2662
-356
1020
-718
-1529
-871
-2627
-540
-1743
244
644
2367
3387
2720
5086
2676
2651
2271
-510
-764
-2950
-3206
-4359
-4204
-3579
-4063
-2191
-2085
-866
-105
1119
1111
1517
2891
713
2795
1722
160
1444
-1025
-189
-1711
-1102
-477
-1637
909
908
2610
2714
3710
4098
2161
3288
1056
-250
-1068
-2917
-3147
-4320
-3277
-3908
-3396
-1527
-2310
-442
182
620
827
1624
1812
495
2321
883
-220
1219
-946
-695
-1047
-881
-544
-693
1019
1159
2844
2936
3330
3941
2105
2601
1013
-574
-1084
-2819
-3075
-3892
-3250
-3609
-3249
-1728
-2168
-802
-63
35
851
1272
1481
1145
1896
1566
766
1272
274
-103
-692
-546
-719
-1145
414
-274
1141
2481
1616
3411
2447
2280
2376
460
365
-1616
-1827
-2690
-3477
-2437
-3479
-2209
-1805
-1692
-443
-309
678
191
1459
1593
707
2277
1117
1271
1107
475
382
-1059
51
-1391
-1420
-95
-932
115
674
2006
1784
2237
3471
1545
2082
1340
-442
-1047
-1919
-2743
-3890
-2696
-3473
-3546
-1818
-2270
-1364
-596
358
264
964
2484
1095
2464
2816
1480
2341
1676
1106
481
128
-438
-1387
-1091
-1428
-1367
-775
-463
429
1032
1774
2273
2315
2124
1687
958
-17
-1026
-1668
-2662
-3043
-2621
-3129
-2586
-1700
-1724
-784
-205
342
530
1023
1654
1110
1777
1861
1305
1666
1375
1247
856
855
648
-83
35
-362
-937
-1130
-1255
-1201
-1271
-703
-209
87
861
1140
1336
1523
1279
972
269
-134
-639
-1513
-1497
-1646
-1898
-1551
-1213
-1110
-611
-142
90
319
613
923
693
896
1134
774
1012
881
881
868
697
769
361
116
-55
-605
-922
-1055
-1249
-1228
-890
-589
-216
449
721
1100
1314
1276
1271
740
500
-46
-694
-929
-1336
-1432
-1588
-1332
-1091
-1142
-438
-372
-62
145
376
568
423
902
689
649
887
618
678
495
564
415
157
449
145
8
-9
-112
-377
-485
-476
-814
-780
-648
-794
-564
-299
-220
-27
285
534
636
921
1046
890
907
741
249
63
-307
-781
-837
-946
-1045
-866
-781
-571
-403
-259
-26
-73
167
268
218
426
479
462
472
546
614
435
489
367
79
22
-243
-437
-503
-495
-395
-288
253
422
624
1098
926
1023
868
520
187
-181
-390
-824
-789
-849
-1093
-800
-914
-830
-689
-610
-445
-365
-54
23
118
352
311
382
426
442
430
442
537
451
501
539
416
396
340
220
148
90
-20
-71
-148
-238
-282
-331
-346
-357
-338
-305
-274
-216
-217
-155
-106
-121
-30
-15
44
136
169
201
221
215
166
110
133
45
18
40
0
15
13
19
-3
-20
-3
-49
-29
-19
-27
22
26
11
11
-28
-70
-99
-135
-162
-143
-120
-88
-39
-7
22
59
56
64
71
50
47
58
54
50
42
31
60
52
42
66
49
42
45
23
18
11
5
12
11
-2
-4
-31
-50
-53
-78
-112
-95
-84
-102
-61
-48
-50
-19
-8
2
6
25
39
38
60
48
56
43
16
23
-2
-2
13
17
47
47
53
42
16
-1
-31
-47
-52
-49
-45
-46
-23
-23
-13
8
-2
5
15
8
19
26
27
27
19
12
1
-3
-19
-30
-27
-38
-30
-14
-21
-11
1
0
0
17
17
6
20
17
6
13
21
10
7
20
-1
-5
0
-16
-17
-13
-12
-16
-10
-9
-13
-2
0
3
3
14
15
14
24
20
28
25
21
18
0
1
-10
-13
-18
-24
-12
-21
-16
-12
-18
-15
-17
-10
-9
-1
4
8
20
15
17
17
12
7
5
7
0
5
2
-4
-2
-4
-8
-12
-6
-12
-13
-10
-14
-7
-5
2
3
12
21
16
21
20
16
8
-4
-6
-14
-14
-11
-11
-5
-1
-3
-2
4
4
7
5
2
-5
-12
-16
-24
-15
-12
-12
0
2
8
15
21
25
25
25
16
10
7
1
0
-2
-5
-7
-11
-12
-12
-12
-11
-11
-11
-7
-8
-5
2
4
9
16
18
18
18
16
12
4
0
-5
-16
-20
-21
-23
-23
-19
-15
-12
-5
1
6
13
21
25
25
23
18
11
3
-2
-5
-6
-5
-4
-6
-4
0
-4
-6
-6
-6
-8
-8
-8
-8
-8
-12
-10
-6
-4
0
4
9
13
17
15
13
14
13
8
5
5
2
-1
-3
-2
-4
-3
-2
-3
0
0
0
-1
0
0
-1
-5
-5
-4
-7
-8
-4
-1
-1
-1
-2
-2
0
1
0
2
1
3
0
0
1
0
1
3
2
3
5
4
4
4
3
2
1
0
0
0
-1
0
-3
-6
-5
-7
-7
-6
-8
-6
-1
0
0
1
6
6
5
5
6
3
1
4
2
0
-1
0
-1
-3
-3
-2
-2
0
0
0
-1
0
0
1
1
2
2
1
1
1
0
0
0
0
-2
0
0
-2
-2
-1
0
0
0
-3
0
1
2
1
0
1
1
0
0
-1
-1
0
0
0
0
0
1
0
-1
0
1
1
0
-2
-2
-1
-2
0
0
-1
-2
0
1
1
3
0
1
1
0
0
1
0
-1
0
0
0
0
-1
-1
-1
0
0
-1
0
0
0
0
0
1
0
0
0
0
1
0
1
0
0
0
0
0
1
2
0
-2
0
0
0
-1
-1
0
0
0
0
-1
0
0
0
0
0
0
0
2
0
0
0
0
-1
-3
0
1
0
0
0
0
0
1
1
0
0
0
0
0
0
0
0
0
-1
0
0
1
0
-3
-2
0
0
-1
0
1
0
-1
0
0
0
0
0
0
0
0
0
1
2
0
1
0
-1
0
0
0
2
0
0
0
0
0
0
-1
-2
0
0
0
0
-1
0
0
0
0
1
1
0
-1
0
0
-2
0
0
0
0
-1
1
2
0
0
-1
0
1
0
-2
0
1
2
0
-1
0
1
2
0
0
0
0
0
-1
-1
0
-1
-1
0
0
0
0
1
0
-2
0
0
0
0
-2
-1
-2
0
0
0
0
0
2
1
0
0
0
0
1
0
0
0
0
2
2
0
1
0
-1
0
1
-1
0
0
0
0
0
0
-2
0
0
-1
-1
-1
-1
0
0
0
0
0
1
1
-2
0
0
-1
0
-1
0
0
-1
-1
-1
1
-2
2
1
-1
-2
1
6
1
-2
0
-1
7
1
-2
-4
3
3
-3
4
-4
2
0
5
1
-5
-3
0
0
-6
3
10
-14
-1
-4
7
5
0
-3
-8
0
8
2
-3
2
-6
-1
5
0
16
-18
-4
22
-11
11
-19
-1
26
-14
5
-18
2
-27
60
72
-219
99
26
-1
35
-90
9
13
61
-21
13
46
-208
192
43
-137
76
-35
4
-96
173
-81
-95
127
-66
-9
68
-18
-45
9
89
-85
49
-4
-50
53
-2
-19
-14
36
-14
-43
43
-13
6
-6
14
-33
7
56
-51
-8
23
-12
0
-5
28
-1
-77
90
-1
-33
31
-17
-6
-21
49
-38
13
2
-61
75
-15
-24
64
-74
44
-29
42
3
-53
47
-45
37
-19
10
-12
-21
11
19
-16
4
3
-21
5
34
0
-3
-9
-9
9
-9
45
-24
-24
-6
10
12
-26
51
-52
-28
56
-8
-12
24
-30
23
0
-15
14
9
-38
26
46
-110
58
16
-14
-6
-10
31
-16
7
10
-30
30
-14
-2
19
-28
-9
34
-5
-57
63
-10
-36
42
-18
17
-34
29
-7
24
51
-133
56
4
-13
91
-118
7
33
28
-14
-34
103
-187
102
60
-80
60
-77
15
-4
76
-55
-49
70
-84
82
53
-91
53
-10
-76
40
7
211
-220
-186
213
-84
234
-221
-44
120
-3
68
-125
224
-183
-218
436
-271
72
9
-39
-62
-32
328
-333
107
82
-114
67
1
6
-73
-1
66
-28
96
-200
77
90
-29
-29
-29
55
-51
65
41
-99
-38
107
-157
56
-6
98
17
-84
-6
303
164
-1095
266
423
-124
132
-145
47
337
-146
-151
198
157
-1023
811
522
-907
549
-177
-322
-252
784
-311
-427
743
-486
-24
515
-332
-382
469
56
-415
421
-101
-213
245
-88
97
-20
-249
220
41
-154
38
121
87
-253
99
-69
-113
406
-375
-19
384
-378
21
217
-229
141
86
-89
-152
270
-69
-139
112
48
-11
-107
71
-3
-111
19
90
57
-238
10
400
-184
-176
81
-123
128
-3
-15
101
-5
14
-82
307
-162
-335
392
-162
-131
125
24
-282
-22
410
-397
29
286
-53
-2
-51
333
-408
193
237
-429
256
-130
-18
-2
-156
371
-373
81
179
-66
4
-99
56
-107
102
-60
50
142
-358
171
223
-249
-7
280
-159
-116
293
-72
-144
-27
195
-87
-5
-104
-3
179
-221
-8
79
-93
-168
287
157
-440
184
280
-143
-202
501
-192
-416
642
-326
34
27
-213
187
-161
17
111
118
-378
-9
574
-558
125
156
-356
312
90
-269
86
138
49
-156
228
1
-345
212
-33
-118
74
-229
357
-187
206
-206
69
328
-597
323
109
-502
389
-37
-69
-161
505
-291
-281
667
-399
-300
753
-211
-455
-303
659
-277
157
-38
96
118
-167
134
133
-50
-759
469
454
-745
523
-160
268
-952
733
318
-581
42
389
-418
27
255
-7
-393
594
-623
277
101
-84
308
-669
687
-39
-718
1179
-1232
702
-242
178
18
-295
757
-1239
822
19
-661
669
-298
312
-560
539
21
-861
1434
-1534
1033
-200
-497
830
-937
1026
-926
464
386
-1200
1216
-464
-58
63
89
21
-412
957
-879
-10
690
-884
445
317
-645
246
-95
527
-828
623
147
-667
712
-326
56
55
-409
433
-471
714
-885
620
-69
-153
148
-470
986
-1136
772
62
-319
45
59
-447
450
231
-291
-732
1260
-395
-558
945
-532
-176
110
458
-725
178
790
-1343
526
508
-456
282
-228
501
-858
666
81
-449
426
-93
-362
-132
902
-861
-269
559
-172
-133
334
-205
165
-338
726
-552
500
-441
159
364
-743
902
-907
753
-607
47
546
-887
645
-566
227
330
-412
364
-368
343
0
-436
563
-86
-541
812
-354
-79
115
-181
190
-180
165
-202
230
-514
620
-215
-328
596
-269
-285
542
-569
498
-642
801
-380
-333
1023
-861
163
138
-264
-111
661
-571
8
386
-207
114
160
-910
1189
-634
18
-326
273
481
-1520
1827
-806
-13
389
82
-11
-895
1313
-1109
190
450
-515
601
-981
1162
-398
-500
1034
-1056
572
537
-574
-329
-888
582
-42
314
43
-142
628
774
-692
427
-320
-329
-371
1219
-1037
13
347
-875
233
-479
730
-724
187
740
-412
32
680
-295
-180
691
-659
-116
1062
-1807
1535
-623
-33
-52
1
805
-1344
1041
-482
-187
164
393
-870
360
198
-186
113
-29
322
-810
612
332
-1078
649
597
-1298
1046
-93
-732
353
525
-574
-81
1022
-1091
475
49
-399
329
-145
-154
373
-221
616
-807
447
191
-833
442
-8
-119
-259
258
152
-174
397
-99
-353
540
-603
186
113
-354
61
634
-213
-431
435
-38
-563
641
-765
391
252
-226
37
395
-370
244
-142
231
-345
325
-520
417
266
-558
218
354
-571
288
474
-992
244
340
-578
-23
554
-838
671
-111
-109
861
-796
-50
-286
1187
-845
-503
1397
-1083
731
-269
61
299
-1417
1920
-1790
1312
-479
-491
1202
-1615
1536
-1144
850
-370
-180
969
-1846
2491
-2243
643
-265
750
-527
-840
2680
-2424
829
198
-188
557
-1467
1646
-1123
643
-271
-436
983
-1461
1352
-214
-923
907
170
-518
-323
909
-685
42
373
228
-928
567
283
-515
-154
295
570
-1146
1210
-179
-1160
1984
-2290
1124
320
-1325
1545
-482
-283
-369
989
-547
-851
1619
-640
-940
2189
-1629
951
-1090
1059
-1145
240
1075
-1601
542
1044
-2244
2228
-572
-715
769
178
-372
-615
1931
-2157
1064
67
-21
-468
680
-1218
586
536
-379
-1146
2277
-2132
688
1214
-1342
114
553
-148
-314
213
506
-1282
1266
-1030
437
578
-1223
1981
-1972
1480
-445
-350
547
-687
336
-950
939
-440
-448
792
-98
126
-401
1520
-1718
1216
-363
-245
-380
462
0
-809
881
-567
450
-584
375
1019
-2211
2053
-733
-370
510
162
-753
583
256
-1004
1012
-471
486
-986
1134
-645
-287
1176
-1177
123
337
-270
-197
12
945
-1588
1397
-110
-904
1191
-581
285
-714
875
89
-1075
1256
-853
-811
1398
-1297
866
141
-663
738
382
-442
-518
830
-1059
472
517
-638
277
-21
113
-291
88
138
-496
179
1019
-809
-213
943
-1271
551
-169
202
-428
543
-283
-361
1504
-1498
433
424
-339
75
-108
394
-163
-404
138
-275
702
-881
278
897
-889
466
-765
1031
-619
-669
1574
-1746
1350
-486
729
-920
-296
1093
-539
70
-85
61
227
-701
598
195
-938
1115
-941
843
-678
45
516
-1146
1419
-1174
914
-204
-348
888
-977
689
-716
944
-1127
451
741
-1271
776
423
-1519
1279
-531
-154
-147
1072
-145
-1394
2321
-2231
1113
-243
-609
1062
-991
254
731
-159
-1015
1423
-501
-860
1695
-1196
165
234
-563
383
-186
420
-1182
1524
-859
-186
902
-647
149
-190
519
-287
86
-189
196
-554
558
-301
525
37
-907
886
-560
-277
263
-82
266
-74
-202
628
22
-354
-239
328
-387
44
1085
-1529
1282
-52
-1070
1580
-1626
1164
-731
-110
355
-708
984
-718
10
271
-153
45
-99
1015
-1221
902
-557
126
379
-790
707
-1051
1057
-464
448
42
-332
588
-641
292
-603
449
-87
-637
1016
-873
501
204
-381
847
-1206
781
-148
-910
1148
-827
902
-593
334
-21
-182
455
-617
469
-568
453
87
-362
-268
761
-766
461
-420
666
-574
259
251
-606
1332
-1707
1012
487
-1674
1303
76
-1255
755
324
-346
-185
830
-565
99
162
-570
310
-68
-202
25
-300
1055
-570
117
183
-245
355
-585
-45
822
-1051
765
-934
602
603
-1201
1049
-884
995
-1050
1142
-750
156
-112
66
-22
-220
459
-439
107
1039
-1298
226
1010
-1076
593
-423
-123
113
-72
130
-398
625
136
-738
796
-436
-97
253
-9
-8
-11
-52
170
-61
186
-641
602
-544
-365
598
-389
233
-211
157
554
-282
427
-823
825
-603
620
-408
213
-279
-460
829
-94
-676
640
-675
322
188
390
-555
299
193
-784
1026
-881
-20
-542
605
-48
-152
563
-3
-398
709
-609
515
-409
366
-1194
1211
-590
-114
681
-593
198
242
-486
836
-283
-379
-352
1158
-910
17
101
-192
528
-633
858
-422
442
-104
-724
652
-175
-179
-97
118
392
-414
326
-919
1037
-997
-349
1396
-716
-69
887
-814
300
-13
246
-796
1000
22
-688
310
151
-432
389
-479
340
-566
574
-9
-521
1171
-1167
1336
-836
209
-117
-445
555
-992
863
-426
453
71
-849
1074
-1152
650
-393
503
12
-151
542
-821
320
5
-87
148
-334
572
-284
-3
291
-168
398
-834
750
-280
-162
-273
281
-186
-14
29
466
-212
243
-351
24
-148
-103
564
-476
-38
326
200
-485
206
-10
-55
-76
-32
616
-663
439
-526
236
28
-254
162
-206
330
-87
351
-540
252
169
-351
530
-378
-80
227
87
-29
-190
83
-434
391
-313
206
-63
306
-122
6
546
-657
84
58
-207
-219
213
320
-586
417
40
55
-68
-205
269
-198
-12
225
-32
-216
270
-275
158
-176
105
-228
453
-553
560
-127
-495
926
-483
107
85
-198
217
-345
192
-521
326
42
83
94
-317
770
-567
166
-87
-309
310
-533
283
141
-240
166
242
499
-775
375
30
8
-456
313
-108
-349
157
207
-337
596
-705
-1
657
-860
836
-86
180
-322
234
306
-835
542
-236
25
-71
-413
648
-685
387
239
107
53
-203
467
-674
128
-10
-245
26
-171
204
-37
304
-371
416
-23
37
-251
297
335
-320
-39
48
-229
158
72
-64
-235
-241
-94
-93
433
-540
475
-55
-179
441
166
346
-359
-83
222
-243
124
-257
-401
629
-497
-22
389
24
-479
573
-53
-44
170
-155
224
-501
-25
275
-345
393
-256
27
311
-172
-325
476
-228
-233
808
-830
266
88
-297
-180
-12
158
233
-59
398
166
-207
98
-14
-103
-140
-497
-254
902
-839
193
831
-232
114
-158
-207
145
37
19
-137
-16
-32
-25
44
26
-137
-657
886
-155
-120
315
-82
-207
116
-36
549
-440
-264
402
-109
-471
685
-465
-121
327
-4
-97
412
-295
148
541
-717
199
-202
-221
-71
21
73
-255
220
562
-389
234
30
290
-520
-25
288
-541
215
-299
234
223
-420
416
10
-133
-77
76
131
260
101
-195
23
-25
-405
-4
49
-157
-123
129
127
58
195
29
129
28
231
-567
84
-270
-188
175
240
-192
317
-267
161
158
-381
360
243
-208
-268
369
-389
-429
547
-373
157
398
26
-223
-105
403
-402
-129
610
-357
-256
418
-331
270
-245
223
64
-373
207
46
-172
295
-133
-51
16
289
-473
269
-103
-354
477
-412
261
115
-27
-5
-13
5
-71
55
-110
81
-255
116
200
-220
349
-198
5
118
242
-322
285
-275
-154
286
-28
-44
-23
-108
152
-112
-373
674
-484
-132
299
-47
-87
364
-441
291
23
-246
191
-127
-118
120
-217
129
-233
207
256
-179
352
62
249
-347
537
-592
16
164
-375
-212
222
-430
451
-256
359
-12
48
67
-76
172
-152
-131
221
-473
190
-320
186
47
-414
611
-428
536
-160
-13
265
-239
487
-327
-89
81
-84
82
-226
155
-153
-115
158
-201
285
37
13
205
-72
160
-281
69
-356
-151
183
-86
-53
60
109
-90
278
191
-276
226
-80
-25
-68
-176
274
-406
150
-45
-67
235
-59
354
-219
-1
34
-113
114
-294
353
-163
-144
261
-404
330
29
-227
228
-16
6
-169
129
77
-286
214
-18
-130
71
-72
105
-186
154
-133
-27
360
-232
139
178
-277
162
-161
-99
-10
66
17
-96
272
-155
168
-31
-48
98
-82
145
-167
81
-86
-14
110
-282
24
-55
-56
-104
50
339
-157
297
-96
59
8
-96
-70
-30
81
-246
209
-253
302
-155
-249
341
-8
107
10
184
216
-53
79
-36
163
-393
-91
-261
-296
-216
-191
-120
-26
-102
95
369
74
494
101
358
263
-74
-24
103
-206
-217
-38
-158
-13
138
-269
295
-30
-168
74
-110
-165
-186
-280
-259
-21
-104
-149
176
57
298
143
214
430
-6
286
-15
-44
60
-153
-146
35
-153
-56
166
-52
75
96
18
67
16
-89
-135
-48
-378
-47
-85
-209
167
-80
150
80
69
110
16
107
-29
13
-81
7
-95
-2
31
13
74
54
115
129
40
-108
89
73
-110
-126
63
-11
-182
-17
-33
-65
-8
-22
28
94
30
-55
66
-89
-133
91
-22
-61
-14
142
13
-19
66
26
84
-12
21
23
-19
-50
-70
85
-17
59
33
76
-22
-70
-23
-61
-28
-28
5
-53
0
-52
-57
-47
16
33
65
52
35
1
28
-27
-25
37
39
4
-18
31
-20
-24
-15
22
36
-7
-22
-17
2
6
-16
49
48
26
-4
5
-16
-81
-42
-4
-34
35
24
7
-15
-22
-22
-49
11
13
12
38
16
-16
-42
-40
-26
4
9
32
35
-5
19
19
33
24
14
-7
-39
-6
-27
-11
-11
-12
-11
22
24
17
39
19
-3
-3
-12
-14
-1
-29
-20
-13
7
-21
-1
14
18
9
21
32
24
-11
-23
-24
-43
-32
-10
13
28
17
0
-1
-2
-3
-7
1
18
18
-29
6
15
-7
9
14
9
8
-5
0
7
5
-11
-4
-22
-33
-6
-12
-2
19
19
5
30
7
-2
4
-9
-12
-8
-9
-8
-21
-24
-1
0
3
8
23
8
12
11
5
9
-2
-5
-5
-7
-14
2
-1
18
18
7
0
-2
-5
1
6
-2
-8
-14
-4
-7
-9
-7
-4
-10
-6
8
0
0
9
2
13
11
1
-5
-11
-6
0
6
5
5
4
-1
4
7
3
3
1
0
2
10
-4
-1
0
-9
2
-11
-12
-3
-11
-4
6
-2
-3
4
-6
-9
1
-3
-1
3
2
7
6
6
6
4
5
5
2
0
-1
-5
0
4
3
2
-1
-1
-3
-9
-5
-4
-9
-3
-4
-1
0
-3
0
7
8
3
2
-2
0
6
1
0
0
1
3
4
3
0
0
0
-1
-2
-1
0
-1
0
-1
1
4
0
-2
-7
-2
1
1
4
1
-1
-1
-1
1
1
0
-3
-4
-4
1
3
-3
-3
-5
-3
0
4
1
-4
-3
0
3
2
1
2
2
2
2
0
-2
1
1
0
0
0
0
2
1
-1
0
0
-1
0
-1
2
1
-1
1
-1
-2
2
3
0
-1
-1
-2
0
0
0
-1
-3
0
0
-3
0
0
-1
1
3
0
0
1
-1
0
0
0
-2
-2
0
1
-2
-2
2
1
0
2
0
0
1
2
-1
-2
2
2
-1
1
2
0
0
1
-1
-1
2
0
-2
0
0
-2
-1
0
0
0
1
2
0
-1
0
0
-2
-1
-1
-1
-1
0
0
0
1
0
1
0
0
0
-2
2
1
0
1
0
-1
0
2
0
0
1
0
1
1
0
0
0
-1
-1
0
0
0
0
-2
-1
-1
0
1
0
0
0
1
0
0
0
-1
-2
-1
0
0
0
0
1
0
-1
0
1
0
0
0
1
0
0
0
1
1
0
0
0
0
1
0
0
0
0
-1
0
0
0
0
0
-1
0
0
0
0
0
0
-1
-1
0
0
1
2
0
0
1
-1
0
1
0
1
0
-1
0
0
-1
0
1
1
1
0
0
0
0
0
-1
-1
0
0
0
1
0
-2
-1
0
1
1
0
0
0
0
1
1
-1
0
0
-1
-1
0
-1
-1
2
1
0
0
0
1
-1
0
0
-2
0
0
0
0
0
1
0
0
0
-1
0
1
0
0
0
0
0
0
1
0
1
-1
0
0
0
1
0
0
0
1
0
-1
0
-2
0
0
-1
0
-1
-1
0
1
0
0
0
0
1
3
0
0
0
0
1
1
0
0
0
0
0
0
0
0
-1
0
1
0
-2
0
0
0
0
1
0
1
0
0
-1
0
2
2
0
0
0
0
0
1
-2
0
0
0
0
0
0
-1
0
0
0
-1
0
0
0
0
0
-1
0
0
-1
0
0
0
-1
0
1
0
-1
1
1
0
1
0
1
1
0
0
0
0
1
0
0
0
0
-1
0
0
0
-1
0
0
0
0
0
0
1
0
-1
0
0
0
-1
0
1
0
0
0
0
-1
0
1
0
-2
1
0
0
0
0
0
0
0
1
0
0
0
-1
1
0
0
0
0
0
0
1
0
2
0
0
0
-1
-1
-1
0
-1
-1
0
-1
-2
1
0
0
1
0
1
0
0
0
0
0
-1
0
0
0
-1
0
0
0
0
0
0
0
0
0
1
0
0
1
0
0
1
1
0
1
0
-2
-3
2
0
-3
0
2
-4
-2
4
0
-2
-1
6
-2
-6
0
8
6
-5
0
4
-9
0
23
0
-19
-13
11
23
-5
-13
3
0
-1
5
2
-7
-7
12
-5
-9
2
2
16
-24
-7
17
5
-7
-13
22
-16
6
42
-10
-100
-12
219
-8
-248
-26
228
65
-164
-73
91
17
-6
-31
144
-141
-150
266
-38
-68
-62
207
-177
-96
232
-22
-85
-45
44
20
45
-16
-123
111
-1
5
4
-77
49
20
12
-40
0
0
43
-55
34
-8
-60
82
9
-71
-2
63
-14
-27
-5
9
17
-7
-3
8
-29
16
18
-7
23
-39
-11
8
42
3
-41
4
-8
52
-49
10
33
-43
23
2
-7
-26
50
-22
-7
13
-30
28
-25
16
-18
28
-21
-20
26
-4
-8
-6
27
-37
28
-4
-13
27
-29
18
5
5
-2
2
8
-11
15
14
0
-18
-7
4
3
6
-14
-16
19
-2
-4
4
-5
4
-13
2
-4
-8
8
-2
-5
-4
15
3
-4
19
-3
-10
3
6
6
-9
1
-8
1
0
2
4
2
-25
21
-9
-27
30
18
-16
-48
17
44
10
-53
2
43
3
-12
-12
22
-4
-31
19
19
-16
-26
1
47
7
-56
-110
238
99
-334
-96
216
177
-131
-176
70
112
-46
-98
157
272
-506
-147
444
180
-292
-200
248
-102
52
86
-76
-53
-51
43
101
65
-144
-108
105
82
43
-142
-27
57
44
-6
-44
-29
25
43
-41
10
-11
-14
49
9
-77
50
80
-101
-56
133
39
-141
-35
128
46
-78
-79
63
52
10
-69
-32
90
-26
-46
14
36
-47
-26
47
7
-34
-22
27
41
-14
-16
-4
-17
50
16
-69
-4
49
-13
-27
41
6
-61
12
75
-2
-69
0
43
-13
-10
7
-10
-11
24
5
-14
7
-4
2
3
0
-5
-5
19
0
-19
9
9
-15
0
1
-34
19
32
-26
-26
5
35
0
-13
0
10
12
-19
8
21
-22
-8
16
12
-9
-17
9
15
-3
-8
-10
5
3
-3
8
-5
-7
-8
7
6
-10
-6
-5
3
4
-19
0
14
-13
1
1
2
0
4
4
-2
13
-2
-10
5
8
6
-12
-6
13
-1
0
5
7
-2
-4
5
8
6
-8
-11
-1
6
0
-6
-6
-5
0
3
0
-4
-3
-2
3
3
0
-6
-4
0
4
4
-2
-8
-2
10
0
-5
-2
5
8
-1
0
0
4
9
0
-1
5
3
-1
1
3
2
-3
-3
6
5
-6
-4
3
4
0
-8
-2
4
0
-6
-5
-2
-3
-6
0
0
-2
-5
-4
2
2
0
-3
-4
0
4
5
1
0
0
1
4
3
3
0
0
-1
1
4
2
0
-1
0
2
2
0
0
1
-2
1
3
0
0
-1
-4
-3
0
-2
-6
-8
-1
2
-2
-2
-2
0
0
1
2
-1
-3
0
2
3
1
-1
0
1
2
2
1
0
-1
0
0
0
1
0
0
2
1
-1
0
0
0
0
1
0
-1
0
0
0
-1
0
0
1
0
0
0
0
-1
0
0
0
2
0
-1
-2
0
2
0
0
2
3
2
0
0
0
0
-1
-2
-1
0
-2
-2
-1
-3
-2
-1
-1
0
0
0
-1
0
1
0
1
1
0
2
1
1
0
0
3
2
1
0
-1
0
-2
-2
0
-1
0
0
1
0
0
0
-1
0
0
0
0
-1
0
0
-1
-1
0
0
0
0
0
0
0
0
0
0
0
0
0
0
0
0
1
0
1
0
1
0
0
0
-1
1
0
0
0
0
0
0
0
0
1
0
0
1
0
0
0
0
0
0
0
0
-2
0
-1
-2
-1
-1
-1
0
0
-1
0
-1
0
0
2
1
0
0
0
0
1
0
1
0
1
1
0
1
0
0
0
-1
0
1
0
0
0
-3
0
1
0
-1
0
-1
-1
1
-1
-2
-1
-2
0
0
-1
0
0
0
1
1
1
2
0
0
1
0
1
1
0
1
1
0
1
1
0
0
0
0
0
-1
-1
-1
0
2
-1
-1
-2
-2
-2
-1
0
-1
-2
0
0
3
0
0
1
0
-1
2
3
1
0
1
1
0
1
0
0
0
0
0
-1
0
-1
1
2
1
1
0
1
1
0
0
1
0
1
0
0
-1
-1
-1
-1
1
0
-2
-1
0
-2
-2
-1
-1
-1
-2
-2
0
-2
0
-1
0
2
0
2
1
0
-1
0
0
0
1
1
1
2
2
1
1
0
0
0
0
0
0
0
0
0
0
0
0
1
0
-1
-2
0
-1
0
0
0
2
0
0
0
0
-1
-2
-1
-3
-2
0
0
-1
0
1
0
0
-1
0
0
0
0
0
1
0
0
1
1
1
0
0
0
0
1
0
-1
0
1
2
0
0
2
0
-1
-1
-2
-1
0
0
0
0
0
0
0
0
0
0
0
-1
-1
1
0
0
0
0
-1
0
2
1
0
0
0
1
1
1
0
0
0
-1
0
0
0
0
0
-2
0
1
0
-2
0
-1
-1
1
0
0
1
1
2
0
0
0
0
0
1
1
0
0
0
0
0
0
0
0
-1
-1
-1
0
0
0
0
0
0
0
0
0
0
0
0
1
1
0
1
1
1
2
0
0
0
0
0
-1
0
0
-1
-3
-1
1
0
-1
-1
-1
-1
0
0
-1
0
1
1
0
0
0
0
0
0
0
0
0
0
1
0
0
0
0
0
1
0
1
0
0
1
1
0
0
0
-1
-1
2
1
0
1
0
0
-1
-3
0
0
0
0
1
0
0
0
0
0
0
0
0
0
0
1
1
1
0
-2
0
0
0
0
0
0
0
0
-2
1
0
-1
0
0
0
0
0
-1
0
0
0
0
0
0
1
1
2
1
0
1
0
0
0
-1
0
0
-2
0
0
1
0
0
0
0
0
0
0
-1
0
-1
0
0
-1
0
0
0
1
1
0
0
-1
-1
0
0
0
0
0
0
0
1
0
0
0
0
-1
0
0
1
1
0
0
1
2
1
2
1
0
-1
-2
0
-1
-1
0
-1
0
1
0
-1
0
0
0
0
0
0
0
0
-2
-1
0
0
1
1
0
0
0
0
1
-2
-2
0
0
-1
-1
-1
0
0
0
1
0
0
2
0
0
0
-1
0
0
0
0
0
0
0
2
-1
0
1
0
2
1
-1
0
0
1
1
-2
-2
0
0
0
0
0
0
0
-1
0
0
0
1
-1
0
0
0
0
0
0
0
0
0
1
0
-1
0
0
0
0
0
1
0
0
0
-1
0
1
-1
0
1
1
0
-1
0
1
0
0
0
0
2
0
0
0
-1
0
0
0
0
0
0
0
0
-1
-2
0
1
0
0
0
0
0
0
0
0
0
0
1
0
1
1
0
0
-1
0
0
-1
0
0
-1
-1
2
0
0
0
-1
-2
0
1
0
2
2
0
0
0
0
0
-2
-1
0
0
-1
0
0
0
-1
1
2
1
0
0
1
0
-2
0
0
0
0
1
0
0
1
1
0
-1
0
0
2
0
-1
0
0
0
0
0
1
0
-1
0
0
-2
-2
0
-1
0
0
0
0
0
1
1
0
1
1
0
0
-1
1
1
0
1
1
0
0
-2
-1
0
0
0
1
0
0
0
0
-1
0
0
1
0
0
1
0
0
-1
-1
1
0
-1
-1
0
0
0
1
1
0
0
-1
-1
0
0
1
2
1
0
0
-1
0
0
1
0
0
-2
-1
0
0
0
0
0
0
2
1
0
1
0
-1
0
-1
0
0
0
0
0
1
0
0
0
0
0
0
0
0
0
0
-1
0
0
0
-1
0
0
1
0
-1
0
1
0
0
0
0
0
0
0
-1
-1
0
0
0
0
0
0
1
1
0
0
0
0
0
1
0
0
2
0
2
0
-3
-2
-1
-1
-1
-3
-2
-1
-2
-1
-1
-1
0
-1
-2
-1
-1
-1
-1
1
1
0
2
3
1
1
3
2
3
2
1
2
1
1
3
1
0
2
2
1
0
-1
0
0
-1
0
0
-2
-3
-1
-1
-3
-4
-3
-3
-2
0
-2
-2
-1
-1
0
0
0
0
0
1
1
0
0
1
0
0
2
3
0
0
2
3
1
0
2
2
2
0
0
0
0
-1
0
0
-2
0
0
-1
-1
-2
-2
0
1
0
0
0
0
0
-1
-1
-1
0
0
-1
0
0
0
0
0
0
0
0
-1
0
1
2
0
0
1
-1
0
1
1
0
-1
0
0
0
0
-1
0
0
0
4
5
4
5
0
2
-1
1
0
1
7
-4
-3
-10
-5
1
-3
-8
-20
-28
-14
-1
4
13
-36
-2
-23
28
61
14
8
-33
7
52
77
77
25
-35
-15
-16
70
6
12
-81
-74
-53
-33
13
-74
-61
-118
-36
-7
23
8
-36
-14
14
68
110
79
63
17
52
49
85
64
59
24
-3
-2
-33
-6
-34
-18
-39
-57
-64
-71
-56
-46
-48
-44
-51
-31
-21
-12
-17
-16
-9
10
35
37
23
10
5
23
27
40
29
10
6
0
15
10
10
6
0
0
0
-2
0
0
2
2
-1
-2
-7
-4
0
2
1
-4
-2
-2
1
1
-2
1
-3
-4
1
-3
1
-2
0
3
-5
-2
-9
-1
3
0
6
-2
-3
1
0
7
-2
-8
4
-2
0
-1
-1
5
0
1
-5
-4
-1
2
6
2
-1
-2
3
9
4
4
2
0
2
-1
4
4
4
0
-11
-11
-11
-3
-2
-12
-19
-18
-3
20
8
6
-31
1
6
55
47
25
2
-20
25
22
49
-5
-17
-47
-17
-19
-6
-39
-52
-43
-21
8
8
-2
-12
-5
14
44
43
45
19
18
8
19
14
14
0
-10
-14
-15
-13
-11
-9
-14
-13
-9
0
7
8
6
0
3
7
12
16
12
6
1
1
0
-1
0
-4
-10
-11
-9
-11
-7
-6
-5
-6
-4
0
2
5
4
5
3
6
5
5
6
4
2
1
0
-1
-2
0
0
-3
-2
0
0
0
3
0
-1
0
1
3
1
1
0
0
0
0
1
1
0
0
0
-1
-1
0
0
-1
-3
-2
0
-2
-1
0
2
3
2
1
1
0
0
1
3
1
0
0
0
0
-2
-3
0
-3
-4
0
-2
-1
0
0
0
0
0
0
0
0
0
1
2
1
-1
0
0
0
0
0
0
0
-1
0
0
1
0
1
0
0
1
1
2
2
1
1
0
0
-1
2
0
-1
-1
0
0
-1
-2
0
-2
0
-2
-2
-1
0
1
0
0
0
0
1
1
1
1
0
1
0
0
1
0
1
0
0
2
0
0
-1
-1
0
0
0
-1
0
0
0
0
-1
-1
1
0
0
0
0
0
0
0
0
0
0
0
0
-1
-1
0
-1
-2
0
1
0
1
1
-1
1
0
-2
0
0
1
2
0
0
3
0
0
-3
-1
1
0
0
-1
2
2
0
-3
-2
-1
0
-1
1
2
0
0
-1
0
1
0
-2
1
2
0
0
0
-1
0
1
0
-3
0
0
0
2
-1
0
1
0
0
-2
-1
0
1
2
0
0
0
0
-1
0
0
0
0
0
0
0
0
0
1
0
-1
-2
-2
0
0
1
0
-1
0
0
0
1
1
1
0
0
0
0
1
1
1
2
0
0
1
0
0
0
-1
0
0
-1
-3
-1
0
-1
0
-1
1
0
0
0
1
2
1
1
0
-1
1
1
1
1
0
0
0
1
0
0
1
0
0
0
0
-2
-1
0
-1
-2
0
0
-1
1
1
1
0
0
0
0
0
1
1
0
0
0
1
1
0
-1
-1
0
-1
0
0
-1
-1
-1
0
-1
0
1
0
0
0
0
1
0
-1
1
0
1
0
1
0
0
0
0
0
0
0
0
0
-1
-1
1
0
-1
0
0
-1
-1
0
0
0
0
0
0
0
1
1
0
-1
0
0
-1
0
0
-1
-2
0
0
0
0
-1
0
2
0
0
0
0
0
0
0
0
0
0
0
0
0
0
-1
0
0
0
0
0
2
-1
-1
0
0
1
0
0
0
1
0
0
0
0
0
-1
2
-1
0
1
0
0
0
0
0
0
0
0
0
0
1
1
1
0
0
0
0
0
-1
-1
-2
0
0
0
0
0
-1
0
0
0
-1
-1
0
0
0
0
0
0
0
0
0
1
0
0
0
0
0
0
-1
0
0
0
0
-1
1
0
0
1
0
-1
0
0
1
0
0
0
0
-1
0
0
-1
0
0
1
2
1
0
-2
-1
-1
0
1
-1
0
0
0
0
0
0
0
-1
0
0
1
0
2
0
-1
0
0
0
0
0
0
-1
0
1
0
0
0
0
0
0
0
0
0
0
1
0
-1
0
0
0
0
0
0
0
0
-1
-2
0
-1
0
0
0
0
0
0
0
-1
0
0
-1
-1
0
0
0
0
-1
0
0
1
0
0
1
1
0
-1
0
0
0
-1
-1
0
0
0
0
0
1
1
0
0
0
0
-2
-1
-1
0
0
0
-1
0
0
0
0
0
0
0
0
1
0
0
1
1
0
0
0
0
0
0
-1
-2
-1
0
-1
-1
-2
-1
0
-1
0
-1
-1
0
0
0
1
0
0
0
1
0
0
0
0
0
0
1
0
0
0
1
0
0
0
0
1
0
0
0
0
0
0
0
2
0
0
-2
0
2
0
0
0
-1
1
0
0
0
-2
-1
0
-1
0
0
-1
0
1
0
0
0
0
0
0
0
1
1
0
0
0
1
1
0
0
2
0
0
0
0
0
0
-1
-1
0
0
-1
0
-2
0
0
-1
0
0
0
0
0
0
1
1
1
0
-1
0
1
0
0
0
0
0
-1
0
0
0
0
1
-1
1
2
-1
0
2
0
1
-1
-1
-1
-1
0
1
0
0
0
0
0
0
0
-1
0
-1
0
1
0
0
0
0
0
0
0
2
2
0
0
0
0
0
0
-1
0
-2
-1
0
0
-1
0
0
0
0
0
0
0
0
0
1
1
0
0
1
0
0
0
0
0
0
0
0
1
0
0
-1
-1
0
0
0
-1
0
1
0
1
1
0
0
0
0
0
-1
0
0
0
1
0
0
0
0
0
0
0
1
3
0
1
0
-3
1
0
-1
1
1
-2
0
-1
0
0
-2
-1
0
0
0
0
0
0
1
0
0
1
0
0
0
2
0
-1
0
2
1
0
0
-1
-1
-2
0
0
0
0
2
1
0
1
0
-2
-2
-2
0
0
0
1
0
0
0
0
0
0
0
0
-2
0
0
0
0
0
0
1
1
1
0
0
-1
-2
0
0
0
0
0
0
1
0
0
0
0
0
-1
0
-1
0
-1
-1
0
0
0
1
0
-1
0
0
0
0
0
1
0
0
1
1
1
0
0
-1
0
0
0
0
0
0
0
0
0
0
0
0
-1
-1
-1
0
1
0
0
0
0
0
-1
0
0
0
1
0
0
0
-1
0
0
0
0
0
1
1
0
2
0
-1
0
0
-1
-1
0
0
1
1
0
0
0
0
0
-2
-2
0
0
0
0
0
0
0
0
0
0
0
0
0
0
1
0
0
0
-1
0
0
0
0
0
1
1
1
-1
0
-2
-3
1
2
1
2
0
-1
-1
-1
-1
0
0
1
1
0
-1
0
0
0
0
0
0
0
0
0
-1
0
2
0
0
0
0
0
0
0
0
0
0
0
0
0
0
0
0
0
-1
-1
0
0
0
0
0
1
1
0
-1
0
0
0
-1
0
0
0
0
-1
-1
1
1
0
0
0
0
0
0
0
0
0
0
0
0
0
0
0
0
0
0
0
0
0
1
1
0
0
0
0
0
0
-1
0
-1
0
0
-1
0
0
0
0
0
0
0
1
2
1
0
0
0
0
0
-1
0
0
0
1
0
0
0
0
0
0
-2
-1
-1
0
-1
-2
-2
0
0
1
0
0
1
1
1
0
0
-1
0
1
2
0
0
0
0
0
1
1
1
2
1
-1
-1
0
0
0
2
0
0
0
0
0
-1
0
-1
-1
0
-1
-1
-1
0
0
0
0
-1
0
0
0
0
1
0
0
0
0
0
0
1
0
0
1
0
0
0
0
0
0
-1
-1
0
2
1
0
0
0
-1
0
0
0
1
0
0
0
0
0
0
1
0
-1
0
0
0
0
0
0
-1
0
-1
0
0
0
0
-1
0
1
0
1
0
1
-1
0
0
0
0
2
0
0
0
0
0
-1
0
0
1
0
0
0
0
1
0
0
0
0
2
0
0
0
1
1
-1
-1
0
0
0
0
1
-1
1
0
0
-2
-3
0
0
0
0
0
2
0
-1
-2
0
-2
0
1
-1
0
0
1
0
0
0
0
0
-1
0
1
1
2
0
1
0
-1
0
0
-1
1
0
0
1
0
0
0
0
0
1
0
-1
0
0
-1
0
0
1
1
0
0
0
0
0
0
0
-1
0
1
0
0
0
0
-1
-2
-2
-2
-2
0
0
0
0
0
0
0
0
0
0
0
1
1
1
0
1
0
-1
0
1
1
0
0
0
0
0
-2
1
0
-1
-1
-1
0
-1
0
-1
-1
-1
0
0
-1
0
0
1
0
0
0
0
1
0
0
0
0
1
0
0
0
0
-1
0
0
0
0
1
0
0
0
-1
-1
0
0
-2
0
1
0
0
0
0
0
0
0
2
0
-2
0
0
0
0
0
0
3
0
0
0
0
0
-1
1
2
2
0
0
0
-2
0
1
1
0
0
0
0
0
0
-2
0
-1
-1
0
0
0
0
0
0
0
0
0
-3
-1
0
0
0
-1
-2
1
0
0
0
1
1
0
0
0
1
0
1
0
0
2
0
0
2
0
0
0
1
0
0
-1
1
1
0
-2
0
1
0
0
0
0
0
-2
-1
1
0
-1
0
0
0
0
0
0
0
-1
-1
0
0
0
1
0
0
1
0
0
0
-1
1
0
0
-1
0
0
0
1
1
0
-2
0
1
0
2
1
-1
-1
0
0
1
0
0
0
0
0
0
0
-1
0
-1
0
0
-1
0
0
-1
0
0
0
0
1
0
0
0
0
-1
0
0
0
1
1
0
0
0
0
0
0
0
0
1
1
0
0
0
-1
-2
-1
0
0
0
0
0
0
0
0
0
0
0
0
0
0
1
2
1
1
1
0
0
0
0
0
0
0
0
0
0
0
0
0
0
0
0
0
0
0
0
0
-1
-1
0
0
0
1
0
-1
0
1
3
0
-1
0
0
0
-1
0
0
0
0
0
0
0
0
1
1
-1
-2
0
0
0
0
0
-1
0
1
0
1
1
-1
0
0
0
0
0
0
-2
-1
0
0
0
0
0
0
1
0
0
0
0
0
0
0
0
0
0
-1
0
0
0
0
0
0
0
0
0
-1
0
0
0
0
2
0
0
0
-1
0
0
0
0
0
0
0
-1
0
0
0
0
0
0
0
0
-1
0
0
1
0
0
-1
0
0
1
2
1
0
0
-2
-1
0
0
0
0
0
-1
-1
0
0
0
0
0
-1
0
0
-2
-1
0
0
0
2
1
0
0
0
0
0
1
0
0
0
1
0
0
0
0
-1
-1
0
0
0
1
0
0
0
0
1
0
0
0
-1
0
0
-2
-1
-1
0
-1
0
1
0
-2
0
0
0
0
0
1
0
0
0
1
1
0
0
0
0
0
0
1
0
0
-1
-1
-1
-1
-2
-1
0
-1
-1
0
0
0
0
0
0
0
0
0
0
0
2
1
0
1
1
0
0
0
1
0
1
0
0
0
1
1
1
1
0
1
0
-2
0
0
-1
0
0
1
0
-1
-1
-3
0
-1
-2
-1
-2
0
0
-1
0
0
-1
-1
-1
0
0
0
0
0
0
0
0
1
2
2
1
0
0
0
0
0
1
0
1
0
0
0
0
0
-1
0
0
-1
1
0
-2
0
0
0
0
0
0
0
-2
-3
0
0
0
1
0
0
0
-1
0
1
0
0
0
0
0
0
0
0
0
0
1
0
1
1
0
-1
0
0
0
0
-1
-1
0
0
0
0
0
-1
0
-1
0
1
0
0
1
0
1
0
0
0
0
0
0
1
0
0
-1
1
1
0
-1
0
0
0
0
0
0
-1
0
2
0
0
0
0
0
-1
0
0
1
1
0
-2
0
1
0
0
-1
0
1
0
0
0
0
0
0
1
0
0
0
0
1
0
0
0
-1
0
1
-1
0
0
0
-1
0
0
0
1
-1
-1
0
0
0
0
0
0
-1
0
0
0
1
-1
-1
1
-1
1
2
1
1
1
0
0
-1
-1
0
0
0
0
0
0
0
-1
1
1
0
0
0
0
0
0
-1
0
0
-3
-1
0
-1
0
-1
1
0
-1
2
2
0
0
1
2
2
0
0
0
0
0
0
0
-2
1
0
-1
0
0
0
0
1
0
0
-1
0
1
0
0
-1
-1
0
0
-1
0
0
0
0
1
0
0
-1
1
1
0
0
0
-1
0
0
-2
1
0
0
0
1
0
0
0
0
1
0
1
1
0
0
0
-1
0
0
0
-1
1
0
0
0
-1
0
0
1
0
0
0
0
1
0
-1
0
1
0
0
0
0
-2
-1
1
-1
0
1
0
0
0
0
0
0
1
0
0
0
1
0
0
1
1
0
0
0
0
0
0
0
0
0
0
0
-1
0
0
0
-1
0
0
-1
-1
-1
0
0
0
1
0
0
-1
0
1
1
0
0
0
0
0
1
0
0
0
-1
0
-1
-1
1
0
0
2
0
0
1
-1
-2
1
0
0
0
1
0
-1
0
0
-2
-1
0
-1
-1
0
-1
0
-1
0
0
0
2
0
0
1
0
1
4
0
-1
1
0
0
0
1
-2
0
0
-1
0
0
-1
0
2
0
0
2
3
0
-1
0
-1
0
1
-1
-1
0
0
0
1
1
-1
0
0
0
0
-1
0
0
0
1
-2
0
2
0
2
0
0
0
0
1
-2
-1
0
0
1
-1
0
0
0
1
-1
-1
0
0
0
0
0
1
-2
-1
1
1
1
0
0
1
-1
0
0
0
1
0
0
0
0
0
0
0
0
-1
0
0
0
1
0
-1
0
0
-1
0
0
1
0
0
0
0
1
0
0
0
-1
0
0
0
0
0
0
2
0
0
0
0
0
0
-1
1
0
0
0
-1
2
1
0
0
0
0
0
1
0
0
0
0
0
-1
-1
0
-1
0
0
0
0
0
0
0
1
0
0
0
0
0
0
-1
0
0
-1
-1
2
1
0
0
0
0
0
0
2
1
0
1
0
0
0
0
0
0
-1
0
0
0
0
-1
0
0
0
-1
-1
0
0
-1
1
1
0
0
0
1
0
-1
0
0
0
0
0
0
-2
0
0
0
1
-1
0
1
-1
1
0
-2
0
0
1
2
0
1
1
0
0
-1
0
1
-1
0
0
-1
0
0
0
-1
1
0
-2
0
-1
0
0
-1
0
-1
0
0
0
0
1
0
-1
0
1
0
0
2
1
0
0
0
1
-1
-1
0
0
0
0
0
0
-1
-1
-1
0
0
-1
0
0
0
0
0
0
-1
0
0
0
0
0
0
0
0
1
0
0
1
0
-1
0
1
0
0
0
0
1
-1
-1
0
-1
0
0
0
0
0
2
0
0
0
0
0
0
0
0
0
0
0
0
0
-1
0
-1
0
1
0
0
0
0
0
1
0
-1
1
0
0
-1
-1
0
0
0
1
0
-1
0
0
0
-1
0
0
-1
0
0
0
0
1
0
0
0
0
0
0
1
0
0
0
0
0
0
0
0
2
1
0
0
0
1
1
0
-1
0
1
0
0
0
-1
-1
-1
0
0
0
0
0
0
-1
-2
-1
0
0
-1
-1
0
-2
0
0
0
1
1
0
0
0
1
0
0
1
0
0
0
0
1
1
0
1
0
1
1
-1
0
1
1
-2
0
0
-1
0
-2
-1
0
0
0
0
-1
-1
0
0
0
0
0
0
1
1
0
-1
1
1
0
0
-1
0
1
0
0
0
1
0
0
0
-1
-1
1
1
0
0
1
-1
-1
0
-1
0
0
0
0
-1
0
0
0
0
0
0
1
0
0
-1
1
1
0
-1
0
-1
0
1
0
0
-1
0
1
0
0
0
0
0
1
0
0
1
0
0
0
0
0
0
0
-1
-1
0
1
-1
0
-1
0
0
0
0
0
0
1
0
0
1
0
0
0
0
0
0
0
0
0
0
0
0
0
0
0
-1
0
0
-1
0
0
-1
0
1
0
0
-1
0
0
0
1
-2
0
1
0
0
-1
0
0
0
0
0
0
0
0
1
-1
0
0
0
0
0
0
1
0
1
0
0
1
-1
-1
1
0
-1
0
0
0
0
0
-1
0
0
-1
0
0
0
0
0
0
-1
0
0
0
0
0
0
0
0
0
0
-1
1
0
0
0
0
0
1
0
0
0
0
1
0
0
0
0
0
-1
0
2
0
0
0
-1
1
0
-1
1
-1
0
0
-2
0
0
-1
2
0
0
1
0
1
0
0
0
0
0
0
0
0
0
1
0
0
0
0
0
0
0
0
0
0
-1
0
0
-1
0
-1
-1
0
-2
-2
-2
-1
-3
-1
0
0
0
-1
-1
0
0
2
0
0
1
2
2
2
0
3
3
1
3
2
0
0
0
1
1
1
0
0
-2
-1
-1
0
-1
0
1
-1
-2
-1
-2
-1
-2
-1
-1
-1
0
-2
0
0
0
0
-1
0
1
1
0
0
1
1
1
0
0
0
0
1
2
0
0
0
1
0
0
0
0
1
0
0
0
-1
0
0
-1
0
1
-1
-2
-2
-1
0
0
0
-2
0
0
0
0
0
1
0
0
2
0
0
1
0
0
0
1
2
0
0
1
0
0
2
0
0
0
-1
0
-1
0
0
-2
0
-1
-1
1
0
0
0
1
2
0
0
0
0
0
0
0
1
0
1
1
-1
0
0
0
1
0
0
0
0
0
0
0
0
0
-2
0
0
0
1
0
-1
-1
0
0
0
0
0
0
0
0
-1
0
0
0
0
0
2
0
0
0
0
0
0
0
0
0
0
0
0
0
0
0
-1
0
0
1
0
0
0
0
0
0
0
1
0
-2
-1
-1
0
0
0
0
0
0
0
0
0
-1
-1
0
1
0
0
1
0
0
0
0
0
0
1
0
-1
1
0
0
0
-1
-1
-1
-1
0
0
0
-1
0
0
0
0
-1
0
0
0
1
0
-1
-1
0
0
2
0
0
0
0
0
-1
-2
0
0
0
0
1
2
0
0
0
0
0
0
0
0
0
0
0
-1
0
-1
0
0
0
1
0
0
0
0
0
0
0
0
0
0
0
0
0
-1
0
0
0
1
0
0
0
-1
0
0
0
0
0
0
0
0
2
-1
0
0
-1
0
0
0
0
1
1
0
0
-1
0
0
-1
0
-1
0
0
0
0
0
1
0
0
0
1
0
0
0
0
1
0
0
0
0
0
-2
0
0
-1
-1
0
0
1
0
-1
2
0
0
0
-1
1
0
0
0
0
-2
0
0
2
0
-1
0
0
1
0
0
0
0
2
-1
-1
0
0
0
0
0
1
1
0
0
0
-1
0
1
0
0
0
0
0
1
0
0
0
-2
-1
-1
0
-1
0
-1
-4
-1
0
-1
0
0
-2
0
0
0
-2
0
0
0
1
0
1
2
3
1
0
1
1
3
3
2
1
2
2
0
2
2
0
-2
1
3
1
0
0
0
0
0
1
0
0
0
0
0
-1
-1
0
-3
-3
-2
-1
-2
-3
-3
-2
-2
-2
-2
-3
-4
-2
-1
-1
-2
-1
0
0
1
0
1
2
1
3
2
2
3
4
3
3
2
1
0
0
1
1
0
0
0
0
-1
-2
-3
0
0
0
-1
0
1
0
0
0
0
0
0
-1
-1
0
0
0
0
0
-1
0
-1
-2
0
0
-2
0
1
1
2
0
3
3
0
0
0
1
0
0
0
0
-1
0
0
-2
-1
0
-2
0
0
-1
-1
0
0
1
0
0
0
1
0
1
0
-1
0
-1
0
0
0
0
0
0
0
0
1
0
0
0
0
0
0
0
-1
0
0
0
2
0
0
0
0
0
-1
0
0
-1
-1
-1
0
-1
0
1
0
-1
1
2
1
0
0
0
1
1
0
0
0
0
1
0
0
-1
0
-2
0
0
0
0
0
1
1
-1
-1
0
1
1
0
0
1
0
0
0
0
0
0
0
-1
1
0
0
-1
0
0
-1
-1
0
0
0
0
0
0
0
1
1
0
0
0
0
1
-1
1
0
0
1
0
0
0
0
0
0
0
-1
0
0
-1
0
1
0
0
0
0
0
1
0
0
0
0
2
0
0
0
0
1
0
-1
0
0
-1
0
0
-2
0
1
0
0
0
0
1
1
-2
0
1
-1
0
0
0
0
0
0
0
0
0
0
-1
-1
1
0
0
1
0
0
1
0
0
0
0
-1
0
1
0
0
-1
0
-2
-1
0
0
0
0
0
0
-1
0
1
0
-1
0
0
0
1
1
1
0
0
0
0
0
0
0
0
0
0
0
1
0
1
0
0
0
0
0
0
0
0
0
-1
0
-1
0
0
0
1
0
0
0
1
1
-1
0
1
0
-1
-1
0
0
0
0
0
0
0
0
0
0
0
0
0
-1
0
-1
0
1
0
1
0
0
0
0
1
1
0
0
1
1
1
-1
-1
0
0
2
0
0
1
1
0
0
0
0
0
-1
-1
0
-1
0
1
0
0
-2
0
0
-1
-1
-1
-1
0
0
0
0
0
0
0
1
1
-1
1
1
1
2
1
0
1
1
0
1
0
0
0
0
0
0
0
-1
0
0
0
0
-1
-1
0
-1
0
-1
-1
0
0
0
2
0
0
0
0
0
0
0
2
0
-1
-1
1
1
0
0
0
1
0
0
-1
0
-1
-2
0
0
0
2
1
0
0
1
0
0
0
0
0
0
0
1
0
-2
0
0
0
-1
0
0
0
0
0
0
0
-1
0
1
0
0
1
0
1
1
0
0
-1
1
0
-1
-2
0
2
0
1
0
0
0
-1
-1
-2
0
2
1
-1
0
0
0
0
-1
0
0
1
0
0
1
0
0
0
1
0
0
1
0
0
1
0
0
0
-1
0
0
0
0
-1
-1
-1
0
0
0
0
-1
0
0
0
0
0
0
0
0
1
0
0
1
-1
-1
0
0
0
0
0
0
0
1
1
0
0
0
0
0
0
0
0
0
0
0
0
0
-1
-1
0
-1
-1
0
1
0
-1
0
0
-1
0
0
0
0
0
1
2
0
0
0
0
0
0
1
0
0
0
0
0
0
0
0
0
0
0
-1
-1
0
0
0
0
0
0
0
0
1
0
0
0
0
0
0
0
0
0
0
0
-1
0
0
0
0
0
0
0
1
0
0
0
0
0
0
0
1
0
0
1
0
-2
0
0
0
0
0
0
1
0
0
0
-1
0
1
0
0
0
0
1
2
0
0
0
0
0
0
0
0
-1
-1
0
-1
0
0
0
0
0
0
0
-1
1
1
-1
0
0
0
0
0
0
0
0
0
1
0
0
0
0
0
0
0
0
1
-1
0
1
0
0
0
0
0
1
0
0
0
0
-1
0
0
0
0
0
0
0
0
1
0
0
-1
-1
-1
-1
-1
0
0
0
0
0
0
0
0
2
1
0
0
0
0
1
1
-1
0
0
1
3
0
-1
1
0
0
0
0
0
0
0
0
0
-2
0
0
0
-1
-1
-1
0
0
0
0
-1
0
1
1
-1
0
3
1
-1
0
-1
0
1
1
0
0
0
0
1
0
0
1
0
1
0
0
0
0
0
0
0
0
0
1
0
1
0
0
1
0
-1
0
-1
-1
0
-1
0
0
0
0
0
0
1
1
1
0
1
1
0
0
-1
0
0
0
0
-1
-1
0
0
-1
0
0
0
1
1
0
1
2
0
0
0
-1
0
0
0
0
0
0
0
0
1
2
0
0
2
0
-1
0
0
-2
-1
-1
-1
0
0
0
0
0
0
0
0
-1
0
0
2
0
0
1
0
0
-1
0
-2
-1
0
0
-1
-1
1
1
0
0
0
2
1
0
-1
0
0
0
-1
-2
0
0
0
0
0
0
0
0
1
1
-1
-2
-1
1
1
0
0
0
0
0
0
0
0
0
0
0
0
-1
0
0
0
0
0
0
0
0
0
0
-1
0
0
0
0
0
0
0
1
2
1
0
0
0
0
0
0
0
0
0
0
0
-1
0
0
0
0
-1
1
0
1
-1
0
0
-2
0
-2
-1
2
-2
0
0
-1
1
1
-1
0
1
0
0
0
0
0
1
0
0
0
0
1
1
0
1
0
-1
0
0
0
0
0
1
0
-3
-1
0
0
1
-1
-2
0
2
1
0
-1
0
2
0
0
0
-1
1
0
-1
0
0
0
0
1
2
1
0
0
0
0
0
0
1
0
0
0
0
1
0
0
0
0
0
-2
-1
0
-1
-1
-1
0
0
-1
0
0
0
-1
1
1
0
0
0
0
-1
-1
-2
0
0
0
0
0
0
0
0
0
2
1
0
3
2
3
3
2
3
0
0
0
-1
-1
-2
-4
-5
-3
-3
-6
-3
-3
-4
-2
-1
-1
1
2
5
5
4
9
8
6
5
4
6
3
3
1
0
-1
-2
-4
-5
-6
-8
-6
-6
-6
-6
-5
-2
-4
-4
0
-1
-1
0
1
1
5
4
3
6
4
4
4
3
3
2
2
0
-1
-2
-2
-1
-1
-2
-1
-2
-2
-2
0
0
0
0
0
0
0
0
0
0
0
0
0
-3
-1
-1
-1
-1
-1
0
0
0
0
1
1
1
1
0
1
4
1
0
0
1
0
0
1
1
0
-1
-1
-1
0
-1
0
0
-1
-1
-1
0
0
2
0
-2
0
0
0
-1
-1
1
1
1
0
0
0
-1
0
0
0
0
0
-2
0
-1
1
0
0
1
0
0
0
0
1
4
0
0
-1
0
0
0
0
0
0
-1
-1
0
0
0
0
-1
1
-1
0
0
0
0
1
0
0
0
0
0
0
1
0
0
1
0
0
0
0
1
0
0
-1
0
-1
0
0
-1
0
0
-1
0
0
-1
0
1
0
0
-2
0
0
1
0
0
1
0
2
1
-1
0
0
1
1
0
-3
-1
0
2
1
-2
-1
0
0
0
-2
-2
0
0
-1
-1
-2
-2
0
0
0
-2
-1
0
1
0
0
1
4
3
3
3
1
2
5
3
2
1
2
1
3
3
0
0
0
0
1
-3
-3
-2
-3
-2
-4
-5
-2
-3
-6
-4
-3
-4
-4
-5
-5
0
0
-1
-1
-2
1
1
1
1
-1
0
3
5
4
0
-4
6
18
3
-14
-4
17
13
-7
-2
6
-6
-10
15
38
-21
-31
-3
22
13
0
-1
-28
-13
0
27
17
-9
-34
-17
24
23
3
-9
-21
-6
5
23
10
-11
-21
-10
16
21
4
-16
-10
-1
13
11
3
-7
-11
1
13
4
-15
-7
8
9
-3
-4
7
-4
-11
6
16
-2
-20
-7
9
4
-8
-2
8
-8
-8
2
12
3
-8
-2
0
2
1
3
0
2
-1
0
3
0
0
2
3
-2
-4
1
10
5
-1
0
0
-1
0
3
0
-5
-6
2
1
1
-2
-6
-2
0
0
-4
-7
-2
0
-1
-4
-3
0
-3
0
2
3
-3
-3
4
7
2
0
3
5
4
1
6
4
3
3
0
1
2
2
1
0
0
0
-2
0
1
0
0
-7
-5
0
0
0
-4
-4
-2
-3
0
1
-1
-6
-6
-2
2
0
-1
-3
-5
0
2
3
3
-1
0
2
4
1
1
2
0
1
1
2
4
1
0
3
1
-1
1
1
-1
-2
0
0
-1
-1
-2
-2
-1
-2
0
-1
-4
0
1
0
1
0
0
0
0
2
2
0
0
0
0
2
3
1
0
-1
0
1
2
2
-2
0
1
0
0
0
-1
-1
1
0
0
1
-1
0
0
-1
0
0
0
-1
-1
0
0
0
0
0
1
1
0
2
0
0
1
1
0
-1
0
0
-1
0
0
0
-2
-1
0
0
-1
0
0
0
0
0
0
0
0
0
0
0
0
0
-1
0
1
0
1
0
-2
0
1
0
-1
0
0
0
1
0
0
0
0
0
-1
-1
0
1
0
0
0
0
2
0
0
2
1
0
-1
0
-1
0
0
0
0
1
0
0
1
0
-2
0
0
0
0
1
2
0
0
0
0
-1
-2
0
-1
0
-1
-1
-1
0
0
0
-1
0
0
0
0
0
2
0
0
2
1
1
0
0
2
1
1
-1
0
-1
-1
0
-1
0
-1
-1
0
0
-1
0
0
0
1
0
0
-1
-1
-1
0
1
0
1
0
0
1
1
0
-1
0
0
-1
1
0
-1
0
1
1
0
2
0
-3
-1
0
1
0
0
0
0
2
3
0
0
0
-2
-1
0
0
0
-1
-1
-1
0
0
-1
-1
0
0
0
-1
0
0
0
0
2
2
0
1
0
0
2
2
1
0
0
0
0
0
1
0
0
-2
0
0
0
0
0
-1
0
0
0
0
0
0
0
0
1
0
0
0
0
0
-1
-3
-1
0
0
0
1
0
1
0
0
0
0
0
0
0
-1
0
0
0
0
0
1
2
1
0
0
-1
0
1
0
1
0
-1
0
0
0
0
-1
0
0
1
1
-1
0
2
2
0
0
-1
-1
1
0
0
-1
-2
-1
0
0
-2
-1
0
0
-1
0
0
0
1
1
0
0
1
1
1
1
1
0
0
2
0
-1
0
1
1
0
0
1
-1
-1
0
-1
-1
0
0
0
0
1
0
0
-1
-1
-1
-3
-1
0
0
0
1
0
-1
0
1
0
0
-1
0
0
0
0
2
0
0
0
1
0
0
1
1
0
-1
0
0
-1
0
0
-1
0
1
0
0
0
-1
-1
0
0
0
0
0
1
0
0
0
0
0
0
1
0
1
1
0
0
-1
0
0
0
0
1
0
0
0
0
-2
0
0
0
0
0
0
0
0
-1
0
0
0
0
0
0
0
0
0
0
0
0
0
0
0
0
-1
0
0
0
0
0
2
1
0
0
0
0
0
0
0
0
0
0
0
0
0
0
1
0
0
0
0
0
1
0
0
0
0
0
1
-1
0
1
0
0
0
0
0
-1
0
0
-1
-1
-1
0
0
0
0
0
0
0
1
0
0
1
0
0
0
0
1
0
0
1
0
0
-1
-2
1
0
-2
0
0
0
0
0
1
1
0
-1
0
0
0
-1
0
1
0
0
0
3
0
0
0
0
2
0
-3
-2
0
0
0
0
1
1
-2
0
1
0
0
1
0
0
0
-1
-1
0
0
0
-1
0
0
0
0
0
1
0
-1
0
0
-1
-2
-1
0
0
0
1
1
0
0
2
0
0
1
1
0
0
0
0
1
0
0
0
-2
-1
-1
-1
-1
-2
-1
0
0
0
0
0
0
1
1
2
2
2
1
0
-1
-2
0
0
0
0
2
2
0
1
0
-1
-1
0
0
-1
-2
0
0
0
0
-1
0
0
0
0
0
0
0
0
0
0
0
0
0
0
0
1
0
0
1
0
1
2
-1
0
0
-1
-1
0
0
0
1
0
0
0
0
1
0
0
-1
1
0
0
0
0
0
0
-1
-2
1
0
-2
0
0
0
0
-1
0
1
0
0
1
0
1
0
-1
0
0
0
0
0
1
1
0
1
2
0
0
0
0
-1
0
0
0
1
0
0
0
0
0
-1
-1
0
0
0
0
0
0
0
0
0
0
1
0
0
0
0
0
1
0
0
0
0
0
0
2
2
0
0
-1
2
0
-3
-3
0
1
-1
-2
2
0
-3
0
0
0
-2
0
-2
0
3
0
0
1
1
0
0
0
0
2
0
0
0
1
2
0
0
-1
0
-1
0
0
1
1
0
0
-1
0
0
-1
-2
-3
0
0
-1
-1
-1
-1
0
-1
-2
0
0
2
0
1
3
0
1
3
0
0
2
0
0
0
-1
0
0
0
0
-1
0
0
0
0
1
-2
-1
0
0
-1
-1
-2
-1
-1
-2
-2
-2
0
-1
-2
-1
0
-1
0
1
1
1
1
1
2
1
2
3
1
2
3
1
1
1
0
2
1
0
0
1
1
-1
-2
-1
-1
-2
-1
-2
-3
-2
-1
-1
0
-1
0
0
-1
0
-1
1
1
-1
-1
-1
-1
0
0
-1
-1
-1
0
-1
1
1
0
1
0
0
2
2
3
2
1
0
0
2
1
0
0
-1
0
0
-1
0
0
-1
-1
0
0
0
1
0
0
0
0
0
0
0
0
0
-1
-2
0
0
-1
-1
0
0
0
0
0
1
0
0
0
1
0
-1
0
1
1
1
-1
0
0
0
-1
-1
0
0
0
-1
0
0
-1
0
-2
0
1
0
-2
0
0
0
0
0
3
2
1
0
0
3
2
2
2
0
0
-1
0
-1
0
0
-3
-3
-2
-3
-1
-2
-1
0
-1
-1
0
-1
0
2
0
1
2
1
1
1
-2
-1
0
0
0
0
0
0
0
0
2
3
1
0
0
0
1
0
0
0
-1
-1
-2
-3
0
-1
-1
0
0
1
0
-1
0
2
1
0
0
0
1
0
0
0
-2
0
0
0
0
0
0
0
0
0
0
-1
0
0
0
1
0
0
0
1
3
2
1
1
0
0
0
0
0
1
-1
-1
-3
-2
0
0
0
-1
-2
1
2
-1
0
0
0
0
0
0
0
0
0
0
1
0
0
0
0
0
0
0
0
0
1
0
0
1
1
-1
1
0
0
0
0
0
0
0
-1
0
0
0
1
0
-1
-3
-1
0
1
0
0
0
-1
0
1
2
0
-1
0
0
-2
0
0
1
1
0
1
-1
-2
0
0
0
0
0
0
0
0
0
-1
0
-1
0
0
0
1
0
-1
1
0
-2
-1
0
0
0
-1
0
0
0
1
0
0
1
1
0
0
-1
0
1
0
0
0
2
1
0
1
0
0
0
-1
0
1
-1
0
0
-2
-1
0
-3
-2
-1
-2
0
-1
-2
0
0
1
0
1
2
1
1
0
-1
0
0
0
0
2
2
0
0
0
0
0
0
-1
0
0
0
0
1
0
0
1
0
0
1
1
-2
0
1
0
0
1
0
0
-1
-4
-2
0
-1
1
0
0
1
0
0
0
1
2
0
0
2
0
0
1
0
0
0
0
1
0
0
0
0
-1
-1
0
-1
-1
-2
-3
-1
0
0
0
0
0
0
0
0
0
0
0
0
2
2
1
0
1
1
-1
0
0
0
1
0
0
0
1
0
0
0
-1
0
0
-1
0
0
0
1
0
-2
0
1
0
0
0
-2
-1
0
1
0
-1
0
0
0
0
1
1
-1
-1
-1
0
1
2
0
0
-1
0
0
-1
0
0
1
0
0
3
1
0
0
0
0
0
-1
0
0
0
2
0
0
-1
-1
-1
-2
-1
0
1
0
0
0
-1
-2
0
0
0
0
2
1
0
2
1
0
-1
0
0
0
0
1
1
0
1
2
-1
-1
-1
-1
0
0
-1
0
-1
-2
-1
0
0
0
1
1
0
0
0
0
-2
0
0
1
2
2
1
0
0
-1
-1
-1
0
0
0
0
0
0
1
0
0
0
0
1
-1
0
0
0
0
0
0
0
0
0
0
0
0
0
0
0
1
0
0
0
0
0
0
0
1
0
0
1
0
-1
0
0
-1
-1
0
-1
0
2
0
0
0
0
-2
-1
-1
-1
0
0
1
2
0
0
0
0
1
2
1
-1
-2
0
0
1
0
0
-1
-1
0
0
0
2
0
0
1
0
0
0
0
0
0
0
-1
-1
-2
0
0
0
2
0
0
2
1
2
-1
-1
0
-1
-1
0
0
0
0
-1
0
0
0
1
1
0
0
0
0
0
2
0
-1
0
0
-1
2
0
-1
0
0
1
0
-1
0
0
0
-1
0
1
0
-2
0
1
1
0
0
0
0
0
0
0
0
-1
-2
-1
1
0
-2
-3
0
0
0
1
0
0
1
0
-1
0
0
0
1
1
0
1
0
0
0
0
0
0
0
-1
0
0
0
-1
-2
1
0
0
1
0
1
1
-1
-1
1
0
0
0
0
1
1
0
0
0
0
-2
-1
1
0
1
0
0
0
-2
-1
0
0
-2
0
0
0
1
0
0
1
1
0
0
0
0
0
0
0
0
1
1
0
0
0
-2
0
-1
0
0
0
0
2
0
0
1
0
0
1
1
0
0
0
0
-1
-1
-1
0
0
-2
0
0
0
1
3
2
1
0
1
0
-1
-2
0
-1
-2
-1
0
-1
0
0
0
0
0
3
2
1
3
1
1
-1
0
-1
-1
-1
-2
0
0
1
1
0
0
0
-2
-3
0
0
0
-1
0
1
1
1
0
0
1
2
0
2
1
1
-1
0
1
-1
-2
-1
0
0
0
2
1
0
0
0
0
0
-1
0
-2
-1
1
0
0
1
0
0
-1
0
-1
-1
0
0
0
-1
0
0
1
0
0
0
0
0
0
0
0
1
2
1
0
-2
-1
0
1
0
-2
0
0
0
0
0
0
0
-1
0
0
0
0
0
0
0
1
2
1
0
-1
0
0
0
0
0
-1
-1
0
0
1
0
-1
0
0
0
0
0
-1
0
0
0
2
0
0
0
0
0
0
3
0
-2
0
-2
-1
0
-2
-2
-2
0
0
2
2
-2
0
2
3
3
1
2
1
0
3
0
0
0
0
1
0
-3
-2
-1
0
0
-1
-1
-1
2
3
0
-1
-1
0
1
0
0
-1
0
-3
-3
-1
0
0
0
0
0
2
0
0
1
0
0
0
-1
0
1
1
0
0
0
0
0
0
-1
0
1
2
0
0
0
1
0
-1
0
-2
0
0
-1
-2
0
0
0
0
0
0
-2
-1
0
0
0
0
-1
0
0
0
0
0
1
1
2
0
2
3
0
-1
0
0
0
0
0
1
1
0
0
3
0
0
1
0
0
0
0
0
-1
-1
-1
-1
-1
0
0
0
-1
0
-3
-2
-1
-2
-1
1
0
0
0
0
1
1
0
1
0
0
3
3
1
0
1
2
0
-1
1
0
0
0
-1
0
-1
0
0
-1
0
-1
0
0
0
0
0
0
0
1
0
0
2
2
1
0
0
1
0
0
0
1
0
0
2
0
-1
0
0
-1
-2
-2
-2
-2
0
0
0
1
0
-1
0
1
-1
0
3
0
0
5
2
-2
1
1
0
0
2
1
-1
0
0
0
1
0
-3
-1
-1
0
0
-1
0
1
0
0
0
0
0
-1
-2
0
1
-4
-1
0
-1
0
1
0
0
0
0
0
2
0
-3
0
2
0
1
5
3
0
0
0
0
0
0
0
-2
0
0
0
1
-1
0
2
0
0
-2
-1
0
0
1
-1
0
2
1
2
0
1
0
-1
0
0
1
0
-1
0
0
-2
-2
0
0
-2
0
0
0
0
1
1
0
1
0
1
1
0
0
0
1
0
-1
0
0
0
0
-1
-1
2
0
0
0
1
0
0
0
1
1
-1
0
0
0
1
0
-1
-1
0
0
0
-2
-1
-2
-3
-1
0
0
0
0
2
3
1
1
0
3
2
1
3
0
0
2
0
0
-2
-2
-2
-3
-3
-4
-2
0
0
-1
-1
0
1
0
0
2
3
1
0
5
4
2
4
2
2
2
0
-2
0
-1
-2
-1
-2
-3
-3
-3
-2
-2
-2
-1
-1
0
1
1
0
1
0
1
3
0
1
2
1
0
0
-1
0
1
0
0
0
0
0
0
1
0
0
0
0
0
0
0
0
0
2
0
0
1
0
-1
-2
-1
0
-1
0
0
-2
0
0
0
1
0
0
0
0
0
1
1
0
0
0
0
0
0
0
-1
0
-1
0
0
0
0
-2
-2
0
0
0
0
-1
0
0
0
0
-1
0
2
2
1
0
0
0
0
0
-1
2
2
1
0
0
0
0
0
0
0
0
0
1
1
0
-1
0
0
0
-1
0
0
-2
-1
0
0
0
0
1
0
0
0
0
0
0
-2
0
3
1
0
1
0
3
1
2
0
-2
0
-2
0
-1
-1
-1
0
2
0
-1
0
-3
-3
-2
-3
-1
0
0
0
0
2
1
0
0
1
0
1
1
0
2
3
3
6
4
4
4
3
2
0
0
0
0
0
0
0
-1
-1
-2
-5
-2
-3
-3
-2
-4
-2
-4
-5
-2
-1
-1
-2
-3
-1
-2
-3
0
0
-1
-1
0
1
2
0
1
4
2
2
2
3
2
4
5
4
1
0
1
1
2
1
0
0
-1
0
-1
-1
-1
-2
-2
-2
-1
0
-2
-2
0
0
0
1
0
-1
0
1
2
0
-1
0
0
1
0
0
1
1
2
1
1
-2
-1
1
0
1
0
0
1
2
1
0
-1
0
0
0
-2
-1
-1
-1
0
0
0
0
1
0
0
-1
0
-1
-2
1
1
1
0
-1
0
1
2
0
-1
-1
-1
-2
0
0
0
0
1
2
0
-1
1
0
-1
0
0
0
0
0
-1
-1
0
0
-1
-1
-1
-1
0
-1
-1
0
1
2
0
0
1
0
3
3
2
2
2
1
3
0
0
0
-4
-3
-4
-3
-3
-5
-4
-3
-3
-3
-1
-1
0
1
1
2
3
5
3
4
4
1
3
3
0
2
4
1
0
0
-2
0
-1
-2
-1
-3
-3
-4
-4
-2
0
0
0
0
0
0
1
1
1
0
2
1
2
1
0
0
0
-1
0
-1
-2
0
-1
-1
0
0
0
0
0
0
0
-1
0
1
0
0
0
0
-1
0
-1
2
-1
-2
1
-1
0
0
0
1
0
0
0
1
1
3
0
1
1
1
2
1
0
3
1
-1
0
-2
0
0
-2
-1
0
-2
0
0
-1
0
-2
-2
-1
0
1
1
0
0
1
2
0
1
1
1
-2
0
0
0
1
0
0
-1
0
1
1
0
-1
0
0
1
0
0
0
0
0
0
0
0
-2
-1
0
-2
0
3
0
-1
0
-2
-2
1
1
0
1
0
0
0
0
0
-1
0
2
0
0
0
0
0
0
1
1
-1
0
-1
-1
0
1
0
0
0
-1
-1
0
0
1
0
0
0
0
0
0
1
-1
-2
0
0
0
0
0
0
0
0
1
1
-1
-1
1
1
1
0
0
-2
-2
0
1
1
0
-1
1
1
1
1
0
0
-1
0
0
0
0
-1
0
1
0
0
0
0
0
1
0
-1
0
-1
0
0
0
0
-3
-1
0
0
0
0
-1
0
0
0
0
0
0
0
0
0
0
0
0
0
1
0
0
0
0
0
1
0
1
1
0
1
-1
0
0
-1
0
0
-2
-1
0
-1
-2
0
0
0
1
0
0
1
1
0
0
0
0
1
0
0
0
0
0
-2
-1
-3
-1
0
-1
-1
0
0
-1
-1
0
-1
0
0
1
0
1
1
2
2
1
1
4
1
1
1
1
0
0
1
0
0
-1
0
-1
-2
-2
-1
0
-1
-2
-2
-1
-1
-1
0
0
0
-2
-1
0
-3
-1
0
0
0
0
1
1
0
0
0
0
0
0
1
1
1
2
2
3
4
4
5
4
3
4
5
5
2
2
2
1
1
0
-3
-3
-3
-3
-4
-5
-4
-5
-3
-4
-3
-2
-1
-2
-1
-1
0
0
-1
0
0
0
0
1
0
1
1
0
2
2
1
1
0
0
1
2
3
0
0
2
0
0
0
1
1
0
0
0
0
-2
-1
0
0
-1
-3
-2
-1
0
0
-3
-1
0
0
1
0
0
0
0
2
1
2
0
0
2
4
0
-1
0
0
-1
-1
2
0
-1
0
0
0
0
0
0
1
-1
0
0
-1
0
0
0
0
0
1
0
-1
-1
-2
0
0
0
0
0
-2
0
0
1
0
1
0
0
1
0
0
0
0
0
0
-1
-1
-1
0
0
-1
0
0
0
0
0
0
0
0
1
0
-1
-1
-1
0
0
0
-2
-2
-1
-1
0
0
-1
-1
0
0
1
0
0
0
2
3
3
4
2
4
5
4
4
3
0
2
2
0
0
0
-1
-2
-2
0
-1
-4
-1
0
-1
-2
-2
0
0
0
0
0
0
0
-2
-1
0
0
0
0
0
0
0
0
2
1
0
0
0
2
2
0
2
2
3
3
2
3
3
2
3
3
2
1
0
0
0
0
-1
-3
-1
-2
-3
-2
-3
-3
-2
-1
-1
-1
-2
0
0
0
0
0
0
0
0
0
0
0
1
0
0
0
0
0
0
0
2
2
-1
-1
0
0
-1
0
0
-1
0
0
0
0
0
-1
0
0
0
1
3
1
0
0
0
0
0
0
0
2
1
-1
0
0
0
0
0
-2
-2
0
1
0
-2
-1
0
0
0
1
0
0
1
-2
-1
0
0
0
0
0
0
0
0
1
0
0
0
0
2
1
0
1
0
0
0
0
-1
0
0
0
0
0
0
1
2
-1
-2
0
0
-2
0
1
0
-1
0
-2
-1
0
-1
0
0
0
0
-1
1
0
0
0
0
0
1
1
1
0
0
0
0
1
0
1
0
0
1
0
-1
0
0
-1
0
0
0
0
-1
-1
-2
0
0
-1
0
0
-1
0
0
-1
0
0
-1
-2
1
1
0
1
0
0
1
0
0
0
0
1
1
1
0
0
0
0
0
0
0
0
0
0
0
0
1
0
0
0
-1
0
0
0
0
0
0
-1
0
0
0
0
-1
1
0
-1
0
0
1
0
-2
0
-1
0
0
0
0
0
0
1
1
0
0
0
0
1
1
0
0
0
0
2
0
0
0
0
0
1
1
0
-1
-2
-1
-2
0
0
0
0
-1
-1
0
0
0
1
0
0
0
0
2
0
0
0
0
0
-1
1
3
0
0
0
0
0
-1
-1
0
0
0
1
0
0
0
1
0
0
0
0
1
0
0
0
0
0
-2
0
0
-1
0
-1
-1
-1
0
0
0
2
1
1
2
1
1
0
1
1
0
0
0
0
-2
0
0
0
0
0
0
1
0
0
-1
0
1
0
0
0
0
-1
-1
0
-2
-2
-1
0
0
-1
0
1
0
0
2
1
0
0
0
-1
0
0
0
0
2
2
1
2
0
-1
-1
0
0
-1
-1
-1
0
0
-1
0
0
1
1
-2
-1
1
-1
-1
0
0
1
1
0
0
-2
-1
0
0
-1
0
0
0
2
1
0
0
0
0
-1
0
0
0
0
0
0
0
0
0
0
0
0
0
1
1
-1
1
0
-1
2
0
-3
0
0
-1
-1
0
1
0
0
0
-1
0
0
-1
1
1
0
0
0
0
0
0
0
0
-1
-3
-1
0
0
0
0
2
1
1
-1
0
0
0
0
0
2
1
-1
0
0
0
0
-1
0
0
0
-1
0
1
0
0
-1
1
1
-1
0
0
1
0
0
1
0
-1
-1
0
0
0
0
0
0
0
0
0
0
-2
-1
0
0
0
0
0
0
0
0
0
0
1
0
0
0
0
0
0
0
0
0
0
0
1
-1
-1
1
0
0
0
0
0
0
0
-1
1
0
0
0
0
1
0
-1
0
1
0
1
0
-2
0
1
0
1
0
0
0
-2
-2
0
0
0
0
-2
0
0
0
0
0
0
0
0
-1
0
1
0
0
0
0
0
0
0
2
0
0
1
0
1
0
0
0
0
0
0
-2
-1
0
0
0
0
0
0
0
0
0
0
0
0
0
0
1
0
1
0
0
-1
0
0
-1
0
0
0
-1
-2
-2
0
0
0
1
0
0
0
0
-1
0
0
0
1
1
0
1
0
-2
0
0
-1
0
1
1
0
-1
-1
0
0
0
-1
0
-1
0
0
0
1
2
1
1
1
1
0
0
0
2
0
0
0
0
0
0
-1
-2
0
0
0
-1
-1
0
0
-1
0
0
0
0
0
0
0
0
0
0
1
1
0
0
0
0
-1
-1
-1
1
1
0
1
0
0
1
1
1
1
2
0
0
-1
-1
1
0
-1
-1
0
0
-1
0
0
-1
0
0
0
0
0
0
-1
0
1
0
0
0
0
0
0
0
1
0
0
1
-1
0
0
0
0
2
0
0
2
0
-1
0
0
0
-1
0
0
0
-1
0
0
1
1
0
0
2
0
0
0
0
0
0
1
-1
-2
-1
0
0
0
0
0
0
-2
-1
0
0
0
0
0
0
0
0
0
0
1
1
1
1
0
0
0
0
0
1
0
0
-1
1
1
-2
0
-2
0
0
-1
-1
-1
-2
-1
-1
0
0
-1
1
0
0
0
1
1
0
1
2
1
1
0
0
0
0
0
-1
0
1
0
0
0
-1
-2
0
0
0
-1
0
0
0
0
-1
0
0
0
2
0
0
0
0
0
0
-1
0
-1
-1
0
1
0
0
0
0
0
0
0
0
1
2
0
0
0
0
0
1
-1
0
0
0
0
0
0
0
-1
-1
0
0
0
0
0
-1
0
1
0
0
0
0
2
0
1
0
0
0
-1
0
0
0
0
0
0
0
0
0
0
-2
0
-1
-1
3
1
-1
0
0
1
1
0
0
0
1
2
0
0
0
1
0
0
-2
-1
0
-2
0
-2
-2
0
0
0
0
-1
1
2
0
0
0
1
-1
1
0
0
0
0
0
1
0
0
0
0
0
0
-1
-1
0
0
-1
0
0
0
0
0
0
1
2
0
0
1
0
3
0
1
0
0
0
-1
0
0
0
0
0
-2
0
-2
-1
0
0
0
-1
0
2
0
0
2
0
-1
0
0
1
0
-1
0
0
0
0
0
2
0
0
-1
0
-1
0
2
0
0
-1
0
1
0
1
0
1
-1
0
0
-1
0
0
0
1
0
0
0
0
0
0
-1
-1
0
1
0
0
1
0
-1
-2
-1
0
0
0
2
-1
-1
0
1
1
0
-1
0
1
0
1
1
0
0
0
0
0
0
-1
0
-1
0
1
0
0
-1
0
0
0
0
0
0
-2
0
0
0
0
0
0
0
0
0
0
0
0
1
0
-2
0
0
1
0
0
0
0
1
0
1
2
0
0
0
0
0
0
0
1
-1
-1
-1
-2
-1
0
0
0
0
0
1
0
-1
1
0
0
0
0
0
-1
1
0
0
0
0
1
2
-1
0
-1
0
2
0
0
0
1
0
1
1
-1
-1
1
-1
0
0
-1
0
1
0
0
1
-2
-1
0
0
0
-3
-2
1
0
0
0
-1
0
0
0
0
0
0
0
-1
1
2
1
0
0
0
0
1
0
0
0
0
0
0
1
0
-1
-1
0
2
0
-1
0
-2
-1
1
0
-1
0
0
1
-2
-1
0
0
0
-2
0
0
-1
0
0
0
1
1
2
1
0
-1
-1
1
0
1
0
0
0
0
0
0
-1
-1
0
0
0
-1
0
1
0
-2
-1
0
0
0
0
0
0
-1
0
1
-1
1
3
1
-1
0
0
-1
0
0
2
1
-1
1
0
0
1
0
-1
-1
0
-1
0
0
0
0
-1
1
-1
-1
0
0
-1
0
0
1
0
-1
0
1
1
1
0
-1
0
0
0
0
1
0
0
0
0
0
-1
-1
-1
-1
-1
0
0
0
0
0
-2
-2
0
0
1
0
1
3
0
1
0
0
0
-1
1
1
1
1
0
1
0
-3
-1
0
-1
-1
0
1
1
-2
0
2
-2
-2
0
1
0
0
1
2
0
-1
0
0
0
0
0
0
0
1
0
0
0
0
0
0
0
0
2
0
0
1
0
0
0
0
1
0
0
0
0
0
0
0
0
0
0
0
0
0
-1
-2
0
-2
0
1
-1
1
0
0
1
0
0
-1
0
0
0
2
2
0
0
0
0
0
0
0
0
0
0
0
0
-1
-1
0
0
-1
0
0
0
0
0
0
0
0
0
-1
0
0
1
1
0
2
0
0
1
0
0
0
0
0
0
-2
-2
1
0
0
0
0
0
1
0
0
1
1
0
0
0
-1
0
0
0
-1
0
0
-1
0
0
-1
1
0
0
0
0
-1
-1
0
1
1
0
0
0
0
1
0
0
0
1
0
-1
0
0
0
0
1
0
0
0
-1
0
0
-1
0
-1
0
0
0
0
0
0
0
0
0
0
1
0
0
0
0
0
0
0
0
0
0
0
0
-2
-1
0
0
1
0
0
0
0
-1
1
1
0
1
0
0
0
-1
0
