0
0
0
0
0
0
0
0
0
0
0
0
0
0
0
0
0
0
0
0
0
0
0
0
0
0
0
0
0
0
0
0
0
0
0
0
0
0
0
0
0
0
0
0
0
0
0
0
0
0
0
0
0
0
0
0
0
0
0
0
0
0
0
0
0
0
0
0
0
0
0
0
0
0
0
0
0
0
0
0
0
0
0
0
0
0
0
0
0
0
0
0
0
0
0
0
0
0
0
0
0
0
0
0
0
0
0
0
0
0
0
0
0
0
0
0
0
0
0
0
0
0
0
0
0
0
0
0
0
0
0
0
0
0
0
0
0
0
0
0
0
0
0
0
0
0
0
0
0
0
0
0
0
0
0
0
0
0
0
0
0
0
0
0
0
0
0
0
0
0
0
0
0
0
0
0
0
0
0
0
0
0
0
0
0
0
0
0
0
0
0
0
0
0
0
0
0
0
0
0
0
0
0
0
0
0
0
0
0
0
0
0
0
0
0
0
0
0
0
0
0
0
0
0
0
0
0
0
0
0
0
0
0
0
0
0
0
0
0
0
0
0
0
0
0
0
0
0
0
0
0
0
0
0
0
0
0
0
0
0
0
0
0
0
0
0
0
0
0
0
0
0
0
0
0
0
0
0
0
0
0
0
0
0
0
0
0
0
0
0
0
0
0
0
0
0
0
0
0
0
0
0
0
0
0
0
0
0
0
0
0
0
0
0
0
0
0
0
0
0
0
0
0
0
0
0
0
0
0
0
0
0
0
0
0
0
0
0
0
0
1
1
2
3
4
4
1
0
-2
-6
-10
-15
-16
-13
-9
-3
0
4
10
11
12
11
9
6
6
7
5
13
20
23
20
19
18
15
6
0
-7
-16
-21
-33
-39
-40
-42
-38
-34
-27
-20
-16
-8
0
3
12
15
17
18
19
19
19
19
17
17
19
19
14
12
12
9
6
2
1
0
-1
-3
-8
-7
-5
-6
-4
0
0
2
7
11
12
12
15
15
14
14
14
14
17
19
18
18
18
18
16
15
12
3
-3
-9
-14
-19
-24
-26
-27
-27
-25
-24
-21
-18
-15
-10
-11
-13
-9
-5
-6
-8
-7
-9
-12
-11
-17
-25
-26
-28
-32
-35
-35
-34
-27
-20
-19
-12
-1
5
13
25
32
36
44
49
57
48
5
-2
2
-3
3
-5
18
53
45
41
34
25
22
17
12
8
9
7
5
1
-2
-5
-11
-16
-23
-27
-30
-31
-32
-32
-31
-31
-30
-29
-27
-23
-19
-16
-11
-7
-5
0
7
16
20
21
20
20
22
21
17
12
12
11
14
16
17
19
21
24
28
27
21
18
13
8
6
1
-7
-11
-14
-10
-10
-12
-12
-10
-5
0
3
0
-2
-6
-3
0
-5
-10
-12
-12
-9
-6
-10
-16
-15
-10
-9
-14
-19
-23
-20
-15
-13
-14
-18
-12
-1
3
0
-1
1
8
10
9
3
1
4
4
0
-4
-6
-3
-1
-1
-7
-14
-9
0
1
-4
-7
-4
3
8
10
12
9
16
20
19
14
9
10
9
7
1
-2
-4
-5
-3
-6
-6
-2
-2
0
0
2
9
11
12
11
13
16
15
13
5
1
0
1
0
-9
-16
-19
-22
-21
-21
-25
-27
-25
-21
-20
-19
-14
-4
2
8
17
26
38
48
52
50
50
51
51
46
35
26
19
13
6
-5
-18
-24
-26
-29
-38
-45
-50
-52
-49
-47
-46
-44
-38
-31
-21
-14
-9
-3
3
11
14
15
15
15
16
16
17
13
12
15
13
11
13
14
16
14
13
14
14
14
14
12
14
13
15
16
17
18
18
16
15
11
6
1
-4
-9
-14
-19
-22
-24
-26
-29
-32
-33
-31
-31
-31
-34
-32
-29
-27
-24
-20
-15
-9
-2
1
5
8
8
12
12
11
10
5
5
5
6
5
3
1
0
2
2
0
-3
-4
-8
-7
-10
-8
-4
-2
2
10
21
30
39
48
54
59
60
61
61
58
53
46
37
31
22
13
4
-7
-18
-31
-42
-50
-60
-68
-75
-75
-74
-74
-71
-62
-54
-43
-29
-22
-13
-8
-1
4
8
11
10
8
10
13
16
19
19
17
17
22
25
23
18
14
9
9
14
13
6
0
0
0
4
0
-5
-10
-10
-10
-9
-11
-14
-14
-11
-8
-6
-3
-2
-2
0
3
3
2
5
7
12
18
17
18
19
18
18
19
15
10
5
2
2
-1
-3
-8
-13
-11
-7
-6
-7
-8
-9
-12
-10
-10
-13
-12
-12
-11
-4
-1
2
6
11
15
19
25
24
25
25
22
23
20
21
22
19
18
18
16
14
13
6
2
0
-7
-13
-17
-24
-29
-30
-32
-34
-35
-34
-32
-29
-25
-20
-17
-12
-9
-3
2
3
9
12
13
14
15
14
12
8
4
0
-3
-6
-9
-12
-12
-13
-13
-12
-10
-8
-5
-2
-1
5
9
11
14
18
23
24
24
27
30
27
24
22
16
12
4
-5
-8
-13
-19
-24
-26
-26
-25
-27
-24
-21
-20
-18
-14
-10
-7
-5
-1
1
4
9
9
10
11
15
19
19
18
17
17
16
15
15
13
12
10
9
7
7
3
2
-1
-2
-2
-4
-7
-9
-10
-13
-14
-14
-12
-13
-12
-9
-9
-8
-7
-3
0
0
1
4
4
6
7
8
7
4
4
1
-2
-7
-9
-10
-11
-13
-14
-15
-14
-13
-10
-6
-4
1
3
6
9
13
16
18
18
19
17
15
16
11
9
4
-1
-2
-5
-9
-10
-11
-10
-11
-13
-11
-9
-11
-9
-6
-9
-8
-6
-5
-8
-5
-5
-5
-4
-5
-5
-8
-11
-14
-15
-15
-17
-17
-15
-13
-10
-2
2
5
12
17
22
25
29
31
31
31
32
32
29
26
24
20
15
8
3
-2
-7
-9
-12
-14
-13
-11
-9
-9
-9
-8
-8
-7
-7
-3
0
2
5
9
12
11
11
8
4
2
0
-5
-4
-4
-3
-1
-2
-4
-3
-5
-8
-10
-9
-8
-5
-4
-1
4
7
7
8
5
4
1
-1
-4
-8
-9
-7
-9
-8
-9
-8
-8
-7
-6
-5
-4
-1
-2
0
2
4
6
8
9
8
8
9
6
4
7
5
4
3
3
3
2
1
0
-2
-2
-3
-4
-5
-4
-3
-1
0
0
0
-4
-7
-7
-9
-11
-12
-11
-11
-9
-9
-6
-1
1
2
2
5
7
9
11
11
11
14
18
18
18
21
19
17
12
10
8
3
0
-2
-2
-3
-4
-6
-6
-8
-9
-8
-7
-8
-9
-6
-3
-1
1
4
3
5
5
3
1
-2
-2
-4
-6
-5
-5
-5
-3
0
0
2
2
0
0
-2
-5
-4
-5
-3
-2
0
4
5
7
7
5
4
4
0
1
2
1
0
1
1
0
0
0
-2
-2
-2
1
2
2
3
2
1
0
-2
-1
-3
-5
-5
-7
-9
-13
-17
-20
-21
-20
-18
-12
-7
0
5
10
16
15
14
13
10
9
10
10
10
10
13
15
16
16
11
9
4
-1
-4
-9
-9
-11
-11
-8
-6
-6
-4
-3
-1
-1
-2
0
0
-1
0
0
0
0
0
-3
-4
-5
-5
-6
-7
-6
-4
-4
-6
-5
-5
-5
-4
0
1
2
5
7
12
14
13
14
13
11
9
9
9
8
6
6
7
6
5
4
0
0
-2
-3
-3
-4
-3
-2
-3
-1
-2
-2
-2
-2
-2
-2
-1
-2
0
-1
-2
-2
-2
-5
-6
-6
-9
-9
-11
-9
-9
-11
-12
-14
-16
-17
-20
-20
-19
-17
-16
-12
-9
-8
-4
-3
1
7
7
12
16
18
23
27
28
28
29
25
22
20
17
14
10
7
7
4
0
-1
-4
-9
-13
-16
-15
-16
-19
-19
-17
-13
-11
-8
-5
-4
-1
3
3
6
7
8
9
7
8
9
8
7
5
5
6
5
5
6
5
5
4
2
1
2
3
5
5
7
7
6
5
4
3
1
-3
-4
-7
-9
-9
-8
-8
-7
-9
-7
-9
-12
-11
-15
-17
-17
-16
-14
-11
-6
-5
-3
2
3
2
2
2
3
4
6
8
10
13
13
14
12
11
10
6
4
3
3
3
0
0
-1
-4
-5
-4
-6
-8
-8
-8
-7
-9
-8
-8
-6
-4
-2
-4
-2
0
-1
0
1
2
4
6
4
6
7
6
6
4
4
6
4
1
2
1
-1
-3
-4
-4
-4
-4
-4
-4
-2
0
0
0
2
2
2
2
2
2
2
5
6
6
6
4
2
1
0
0
-2
-3
-3
-5
-6
-5
-5
-4
-3
-3
-3
0
0
0
1
3
8
6
7
9
6
6
6
5
6
3
1
0
-2
-4
-6
-7
-8
-11
-13
-12
-11
-10
-8
-5
-1
0
1
3
5
6
6
7
7
7
9
7
7
7
4
3
0
0
-2
-2
-5
-7
-7
-8
-8
-8
-8
-5
-5
-5
-3
-2
-2
-2
2
1
0
0
2
2
0
0
0
1
1
0
3
4
2
2
4
3
3
1
3
2
2
1
2
2
0
-1
-1
-1
0
0
0
0
-1
0
0
0
0
0
-1
-1
0
1
1
1
2
1
2
3
2
2
2
0
0
0
-1
-3
-3
-5
-6
-5
-6
-4
-1
-1
-2
3
5
4
7
9
8
7
6
7
6
2
1
2
1
0
0
-2
-1
0
0
-1
-1
-3
0
0
0
-1
-1
-5
-6
-3
-3
-5
-8
-8
-9
-9
-11
-10
-10
-14
-16
-16
-14
-15
-14
-11
-9
-9
-4
-2
-2
2
3
6
9
14
17
16
18
20
18
15
16
15
10
7
6
3
1
0
-2
-3
-3
-6
-3
-2
-2
-1
-2
0
0
0
0
0
0
1
0
1
0
-1
-1
-1
-1
-3
-5
-4
-6
-4
-8
-10
-8
-8
-9
-8
-8
-7
-4
-3
-3
-1
0
0
1
3
5
4
5
6
3
4
4
5
5
3
4
3
5
5
3
3
4
5
6
3
5
5
2
3
3
1
2
0
-1
1
-1
0
-1
-1
-1
0
0
1
2
1
2
2
1
1
-1
-3
-2
-5
-6
-6
-8
-6
-7
-9
-7
-8
-9
-8
-9
-8
-5
-6
-3
-2
-2
1
3
2
2
4
6
7
8
8
7
6
5
4
3
2
2
2
1
-3
-2
-2
-4
-4
-4
-5
-4
-5
-3
-2
-4
-3
0
0
1
4
3
3
7
7
8
8
7
8
8
9
6
7
5
3
3
3
1
-1
-3
-2
-4
-7
-6
-7
-8
-7
-7
-5
-4
-2
-4
-3
0
0
1
3
5
6
4
5
7
6
6
5
7
5
4
3
1
-1
-3
-6
-7
-8
-8
-10
-9
-9
-10
-8
-7
-8
-6
-3
-3
-1
0
-1
1
2
3
1
2
2
2
2
4
3
0
3
3
2
2
1
2
4
4
5
4
6
4
3
4
4
5
5
3
5
1
0
2
0
0
-1
-3
-4
-5
-6
-7
-7
-7
-7
-8
-7
-8
-7
-5
-7
-3
-1
0
0
1
2
2
4
5
5
6
6
7
7
5
5
5
4
4
4
3
1
0
-1
-1
0
-2
-3
-4
-5
-3
-3
-4
-2
-3
-2
-1
0
0
1
1
3
6
6
6
8
7
7
7
7
8
5
2
0
0
-3
-6
-8
-11
-12
-16
-18
-19
-17
-17
-17
-13
-10
-6
-2
0
4
7
8
12
15
16
17
17
16
16
14
12
10
5
2
1
-3
-8
-11
-12
-14
-18
-18
-17
-15
-15
-15
-10
-8
-8
-4
-2
-1
2
3
5
7
7
6
8
8
4
5
4
2
1
1
0
2
0
1
1
0
2
0
1
2
2
3
2
2
3
2
1
3
2
1
0
0
0
0
0
0
0
-1
1
2
2
4
6
6
8
8
8
7
5
5
4
3
1
0
-1
-3
-5
-6
-9
-9
-9
-12
-9
-10
-11
-10
-9
-7
-5
-5
-3
0
0
1
1
2
2
3
2
1
2
1
1
0
0
0
-1
0
0
-1
0
-2
-1
0
0
0
1
0
0
0
0
0
0
0
0
0
0
1
0
-1
0
1
1
0
3
3
4
4
5
4
3
3
4
2
3
3
2
1
0
0
-1
0
0
-1
-1
0
0
0
0
0
0
0
0
0
0
-1
-1
-2
0
-1
-3
-2
-3
-2
-1
0
1
0
1
1
1
2
3
2
2
3
2
3
4
2
1
2
1
1
0
0
0
0
0
-2
-3
-4
-5
-6
-7
-7
-5
-5
-4
-4
-1
-2
-2
0
1
2
4
4
5
3
4
6
5
4
3
3
0
0
0
0
-1
-2
-3
-2
-1
-3
-3
-1
-3
-1
-1
0
-1
-1
0
1
0
-1
0
-1
-1
-1
-1
-2
-1
-1
0
0
0
0
0
1
0
0
0
2
1
1
1
1
2
4
4
5
5
4
2
3
3
3
0
0
0
0
0
-1
-1
-2
-2
-2
-4
-3
-1
-3
-1
-1
-2
-2
-1
0
-1
-1
0
0
-2
0
1
0
-1
0
0
1
0
0
0
0
0
0
-1
0
0
0
1
0
0
2
2
1
1
0
0
1
1
1
1
1
2
0
0
0
0
1
2
0
-1
0
0
0
0
0
-1
0
0
0
-1
-1
-1
0
-1
-1
0
-1
-1
0
0
0
0
-2
-2
-3
-3
-1
-3
-2
-1
-1
-2
-2
-4
-3
-3
-2
-2
-2
0
0
3
4
2
3
4
5
5
4
5
5
4
4
4
4
3
2
1
1
1
1
0
-1
-1
-2
-2
-1
0
-2
-1
0
-1
-1
-3
-1
-1
-2
-2
-1
-1
0
0
-1
-1
-1
0
0
0
0
0
1
0
0
0
0
0
0
0
0
-2
0
0
0
-1
-2
0
0
-1
0
0
0
0
0
0
-1
0
0
0
0
1
1
1
1
2
3
2
2
1
2
0
2
0
0
1
0
0
1
1
1
0
0
0
0
0
0
-1
0
0
-2
0
0
-1
-1
0
-1
-2
-1
-2
-1
-2
-1
0
-1
-1
-1
0
1
0
0
0
0
1
1
0
0
0
0
1
-1
-1
-1
-1
-2
-1
0
-1
-1
0
0
0
0
2
2
1
3
3
3
3
2
1
3
1
0
1
1
0
0
-1
1
0
0
0
0
0
-2
-1
-1
-1
1
0
0
0
0
0
1
2
1
-1
0
-1
-3
-1
-2
-1
-1
-1
-1
-1
-1
0
0
0
-2
-1
0
0
1
1
1
2
2
2
2
3
4
2
2
1
1
1
1
2
1
0
-1
-2
0
-2
-1
-2
-3
-3
-1
-2
-2
-4
-4
-3
-4
-2
-1
-2
-3
-3
-3
-2
0
-1
0
0
0
0
1
1
0
0
2
4
4
4
4
4
3
5
5
4
4
3
2
2
2
2
2
0
0
0
-3
-2
-1
-3
-2
-2
-2
-3
-4
-3
-3
-2
-2
-3
-3
-3
-3
-1
-2
-1
0
0
0
1
0
1
1
2
3
2
2
2
1
0
0
3
0
0
1
1
0
0
-1
1
1
0
-1
0
-1
0
0
0
0
-1
0
0
-1
0
-1
-1
-1
0
-1
-2
-2
0
-1
-1
-1
0
1
0
1
2
0
0
0
0
0
0
0
0
1
0
0
0
0
0
1
1
1
0
0
0
1
0
0
0
0
0
0
-2
-2
-2
-2
-1
0
0
0
1
1
1
0
0
0
0
0
1
1
0
0
0
0
2
0
0
0
0
1
0
1
0
-1
0
-1
0
0
0
-1
0
0
0
0
0
0
0
0
0
0
-1
0
0
-1
0
0
0
0
0
0
0
-1
0
0
0
0
0
0
0
0
0
0
-1
0
1
1
0
1
3
1
0
1
1
3
2
1
1
0
0
0
0
-1
-3
-2
-2
-1
-1
-1
-1
-1
-1
-2
-1
-2
-1
0
0
-1
0
0
0
0
1
1
0
0
0
1
1
2
4
2
2
1
2
1
0
1
0
1
0
0
-1
-1
0
-2
-2
0
-1
-1
-1
-4
-3
-3
-3
-2
-2
-2
-2
-1
-2
-1
0
0
0
0
1
1
1
1
3
2
3
2
3
4
3
4
4
2
0
2
1
1
2
0
1
1
0
0
0
1
1
0
0
-1
-1
-1
-1
-2
-2
-1
-1
-3
-2
-3
-3
-2
-2
-3
-2
-2
-2
-2
-1
-1
0
0
0
0
1
1
1
1
4
3
5
5
4
4
5
6
3
1
3
3
2
1
0
-1
0
0
-2
-2
-3
-2
-4
-4
-3
-3
-3
-3
-2
0
-1
-1
0
-1
0
0
0
0
0
0
2
0
0
0
0
1
0
1
-1
-1
1
0
1
2
2
0
2
4
3
3
2
2
4
3
0
1
0
0
0
0
-1
-2
-3
-2
-1
-3
-4
-4
-3
-1
-2
-1
-3
-2
-2
-3
-2
-2
0
0
-1
-1
0
1
0
0
0
0
2
2
1
0
0
3
2
2
2
4
5
3
4
5
4
5
6
6
4
3
5
2
2
1
1
2
1
1
0
0
-2
-1
-2
-5
-3
-3
-3
-4
-5
-6
-6
-6
-7
-6
-7
-6
-6
-3
-3
-4
-3
-1
0
0
0
1
1
1
0
2
2
2
2
4
5
4
3
5
6
5
2
2
2
5
2
3
3
2
3
0
0
0
0
-1
-1
0
0
-1
-1
0
-1
-1
-2
-1
-2
-2
-2
-3
-1
0
-1
0
1
1
1
0
-1
0
-1
0
0
1
0
0
0
0
2
2
0
0
1
1
0
2
0
0
1
0
0
0
0
-1
-3
-1
-3
0
0
-2
-2
-1
-2
0
0
-1
0
0
0
0
0
2
2
1
0
1
1
1
0
0
1
0
1
0
0
0
0
-1
-1
0
0
-1
0
0
0
0
0
0
0
0
0
0
0
0
0
0
0
0
-1
-1
0
-1
-1
0
0
0
0
0
0
0
0
0
0
1
0
0
1
0
0
2
1
2
0
0
0
0
0
0
0
-1
-2
-1
-1
-1
-2
-3
0
0
0
0
0
-1
0
1
0
0
0
0
2
1
0
0
0
0
0
0
0
0
0
0
0
0
0
0
0
1
1
0
1
0
-1
1
1
0
1
1
1
0
1
2
0
1
1
0
0
0
-1
0
0
0
-1
-1
-1
-1
-2
-4
-3
-1
-3
-2
-2
-3
-3
-2
0
0
-1
0
0
0
0
0
0
-1
0
1
1
2
1
1
1
1
0
1
1
2
3
2
2
0
2
1
1
1
1
1
0
0
0
-1
-1
-1
0
0
-1
-2
-2
-2
0
0
0
0
0
0
0
-1
0
0
0
1
0
0
0
0
0
1
2
1
0
2
1
0
1
0
1
1
1
0
-1
1
0
-1
-2
-1
-1
-2
0
0
-2
0
0
-1
-1
-1
0
0
0
0
0
-1
0
0
0
1
0
1
1
2
1
-1
0
1
1
0
0
0
1
0
0
0
0
0
0
0
0
0
0
0
0
-1
0
-1
-1
0
0
0
0
0
0
-1
0
0
0
0
0
0
1
2
0
0
0
0
0
-1
0
0
0
0
1
2
0
0
0
0
0
-1
-1
-1
0
1
0
0
0
0
0
0
-1
0
-1
0
0
0
0
0
0
0
0
-1
0
0
0
0
0
0
0
2
1
0
0
1
1
0
-1
0
0
1
0
0
0
-1
-1
0
0
0
0
0
0
1
1
0
0
0
1
0
0
1
0
0
0
-1
0
0
-2
0
-1
-1
-1
-1
0
0
-1
-1
0
-1
0
0
0
1
0
0
1
0
0
0
0
0
0
0
0
0
0
0
1
0
1
0
0
0
0
1
0
-1
0
0
0
1
1
1
1
0
-1
-1
1
0
0
-1
0
1
0
-1
-1
0
0
-4
0
0
0
0
-1
0
1
1
0
0
0
0
0
0
1
1
0
0
2
2
3
1
0
0
0
-1
0
0
0
-1
-2
-2
0
-2
0
-2
-3
-1
-1
0
0
0
0
1
1
0
0
1
1
0
-1
0
2
1
0
-1
0
0
0
0
0
0
0
0
1
0
-1
0
2
0
0
0
0
0
0
0
-1
1
0
-2
1
-1
-1
0
0
0
0
0
0
0
0
1
0
0
0
1
1
1
1
0
0
1
0
0
1
0
0
1
1
0
1
0
0
0
0
0
-1
0
0
-1
0
-1
-2
0
-2
-2
-1
-1
-2
-1
-1
0
-1
-1
0
-1
0
0
1
2
2
2
1
0
3
2
1
1
1
0
2
4
0
-2
-1
1
0
0
0
0
0
0
-2
1
1
0
0
-1
0
2
0
0
-1
0
-1
-3
0
-1
-1
-3
-3
-1
0
0
0
0
0
0
0
1
1
0
2
1
1
1
0
0
0
0
1
-1
0
-1
-1
0
0
0
0
0
0
0
0
0
0
0
0
0
0
0
-1
-1
-1
-1
1
0
0
0
-1
0
0
1
0
0
0
0
0
1
0
1
0
0
1
0
-1
0
0
-1
0
1
0
0
0
0
0
0
0
1
1
0
0
0
-1
-1
0
0
0
0
1
0
0
1
0
-1
-1
-1
-1
0
-1
0
1
0
0
0
-1
0
0
-1
0
0
0
0
1
0
0
0
1
2
0
0
0
-1
0
0
0
0
0
0
-1
0
0
0
0
-1
-2
0
0
0
1
0
0
1
0
0
0
0
0
0
2
1
0
0
0
0
0
0
1
1
0
0
0
1
2
0
0
0
0
-1
-2
0
0
-1
-1
0
-1
0
-1
-1
-1
0
-1
-1
0
0
-1
1
1
0
1
1
0
0
0
0
0
1
1
1
1
0
0
0
0
0
1
0
0
0
0
-1
0
0
-1
0
0
-1
-1
-1
0
-2
-2
-1
0
0
0
-1
-1
-1
-2
-1
-2
0
0
0
0
0
0
2
1
2
1
3
3
0
1
2
3
2
3
3
2
1
1
3
2
2
1
0
0
0
0
-2
0
0
-1
0
-1
-3
-4
-2
-3
-4
-4
-6
-5
-4
-4
-3
-3
-4
-3
-2
-3
-3
-1
-1
0
-1
0
0
1
3
1
1
2
5
3
3
3
3
2
3
3
3
3
4
1
2
2
2
0
2
1
0
0
0
-1
0
-2
0
-2
-3
0
-3
-2
-1
-2
-2
-1
-1
-1
-1
-1
-1
-1
0
-1
0
1
0
0
0
0
2
1
0
0
0
1
0
1
3
1
0
0
1
0
-1
0
0
0
0
0
0
1
0
0
0
-2
-1
1
-1
-1
-1
0
0
-1
0
0
-1
0
0
0
1
0
0
-1
0
0
0
0
0
0
0
0
0
0
0
0
0
0
0
1
0
0
1
0
0
0
1
0
0
0
0
-1
0
0
0
0
0
0
-1
-1
0
-1
0
0
-1
0
0
0
1
1
0
1
1
0
1
0
0
0
0
2
0
1
0
0
1
0
0
0
0
-1
0
0
-1
-1
-1
0
-1
-1
0
0
0
0
0
0
0
0
0
0
0
-1
0
0
0
0
-1
0
1
1
0
2
0
1
2
0
0
0
1
-1
0
0
0
0
-2
0
0
0
0
0
0
-1
0
0
0
0
0
0
0
0
0
0
0
-1
-1
-1
0
0
0
0
0
0
0
0
0
0
-1
0
0
0
0
0
1
0
0
1
0
0
0
0
0
0
-1
-1
0
-1
0
0
0
-1
-1
0
0
1
0
0
0
0
0
0
0
1
1
0
0
0
2
2
1
0
2
0
-1
0
1
0
1
0
-1
0
-1
0
0
0
0
-1
0
0
0
0
0
0
-1
-1
0
0
0
0
0
-1
-1
-1
0
-1
0
0
0
0
0
0
-1
1
1
1
2
0
1
0
0
-1
0
0
0
0
0
2
0
-1
-1
0
0
0
0
0
0
0
0
0
-1
-1
0
1
0
0
0
0
0
0
0
0
0
1
0
0
0
0
0
0
-1
0
0
0
0
0
0
0
0
0
-1
0
0
0
-1
-2
0
0
1
0
1
1
1
1
0
0
0
0
0
0
0
0
0
1
0
0
0
0
-1
0
0
-1
0
0
0
0
-1
-2
-1
1
0
0
0
-1
0
0
0
0
0
0
0
0
0
2
1
1
1
0
0
0
0
-1
0
0
0
0
0
0
0
1
0
0
-1
0
0
0
0
0
0
0
0
0
1
0
0
0
0
-2
0
0
-1
1
0
-1
0
0
0
0
-1
-1
0
0
0
0
0
1
1
1
0
0
0
0
0
-1
0
0
1
0
1
0
0
0
0
0
-2
0
0
0
1
0
0
1
2
0
0
0
0
1
1
0
0
0
-1
0
0
-1
0
0
0
0
0
-1
-1
0
0
0
-1
0
0
0
0
0
0
0
1
0
0
1
0
0
0
0
0
0
0
1
0
0
0
0
1
0
0
1
0
1
1
-1
0
0
1
1
-2
0
2
0
0
0
-1
0
0
0
0
-1
-1
0
0
0
0
0
-1
0
1
1
0
0
0
0
0
0
0
0
0
0
0
0
0
0
0
-1
0
0
0
0
0
-1
0
-1
0
0
0
0
0
0
-1
0
-1
0
0
0
0
1
0
0
1
0
0
0
0
2
1
0
2
1
0
1
-1
0
-1
-1
-1
-1
-1
0
0
-1
0
0
1
0
0
0
-1
-1
1
0
-2
-2
-1
-1
-1
0
0
0
0
0
0
1
1
0
1
0
0
1
0
0
2
0
0
0
-1
0
0
0
0
0
0
0
1
1
0
0
0
0
0
0
0
-1
-2
0
0
0
0
0
0
0
0
0
0
0
0
0
0
0
0
0
-1
0
2
0
1
1
0
0
1
0
0
0
0
0
-1
0
0
0
0
0
-2
0
0
-1
0
0
0
0
1
1
1
1
0
0
0
0
0
0
0
0
0
0
0
0
0
0
0
0
0
0
0
0
0
0
0
0
0
-1
0
2
0
0
1
0
0
0
0
0
-1
0
-1
-2
-1
-1
-1
0
0
1
-1
1
0
1
1
1
1
1
1
0
1
0
0
0
0
0
0
1
1
0
0
0
0
1
1
0
-1
-1
-3
-1
-1
-1
-1
0
0
0
-1
0
0
-1
-1
-2
-1
-1
-2
0
0
1
0
1
2
1
2
3
2
1
2
1
1
1
0
0
0
-2
-2
-1
0
0
0
-1
0
0
0
0
0
0
-1
-1
0
-2
0
0
1
2
1
0
2
1
0
0
0
0
-1
-2
-2
0
0
1
0
2
2
1
1
-1
-2
-5
-5
-4
-4
-6
-5
-1
0
1
0
3
4
1
0
0
-1
-1
-3
-3
0
8
11
9
3
1
1
8
18
24
19
6
-6
-20
-28
-28
-25
-19
-11
2
12
18
21
21
21
24
22
9
-19
-50
-72
-73
-47
-6
28
40
39
36
45
70
96
89
40
-44
-130
-173
-153
-84
-8
39
42
18
-5
1
47
111
155
156
110
27
-59
-124
-151
-143
-105
-51
-10
11
0
-34
-53
-17
78
200
279
263
147
-24
-170
-235
-210
-136
-78
-62
-94
-143
-159
-117
-10
134
271
352
348
256
104
-41
-131
-158
-122
-81
-79
-117
-181
-212
-185
-83
66
232
345
382
326
182
-1
-165
-244
-256
-207
-161
-132
-139
-140
-111
-47
70
204
354
463
507
414
218
-69
-345
-486
-488
-329
-148
-25
-18
-76
-150
-142
-61
29
113
140
174
198
256
286
257
162
20
-95
-195
-235
-276
-271
-253
-164
-7
171
314
327
244
77
-65
-143
-178
-158
-79
8
114
231
308
334
154
-199
-515
-658
-510
-153
153
289
213
-8
-141
-205
-55
186
418
487
461
350
271
80
-311
-535
-656
-426
-43
263
414
309
33
-207
-175
-64
120
30
-252
-508
-598
-307
154
614
655
524
139
37
22
-21
-25
-94
-31
118
208
93
-4
-302
-325
-236
-193
-33
-45
10
-41
-56
-155
-180
-253
-421
-439
-397
-43
462
942
1047
1147
870
703
295
-652
-1247
-1714
-1463
-637
189
796
1109
847
594
309
-149
-299
-450
-563
-575
-680
-431
4
493
693
587
88
-270
-313
-198
269
345
367
79
98
253
690
872
537
-158
-1044
-1550
-1468
-787
-104
520
443
246
73
43
536
896
809
442
-76
-374
61
-215
-410
-723
-1232
-952
-478
321
1050
1169
670
247
-228
-248
-39
138
63
-447
-756
-932
-606
-5
663
993
793
380
13
299
271
513
343
401
125
-398
-655
-1041
-728
-455
-60
173
565
529
625
326
-146
-462
-716
-753
-941
-1307
-1292
-695
98
1183
1778
2135
1956
1068
642
-25
42
-283
-1205
-1520
-1861
-1120
-228
752
1543
1638
917
236
-267
-531
-615
-977
-994
-1212
-1253
-824
-694
171
531
937
982
1341
1311
1330
1162
502
161
-61
-785
-1039
-999
-1467
-740
-372
291
891
1001
969
668
288
-363
-780
-984
-1286
-1309
-1236
-1314
-705
3
957
1768
2141
2394
1451
925
17
-286
-193
-873
-1156
-1481
-1642
-936
86
1030
2004
1604
1296
531
-159
-704
-1069
-1272
-1563
-2024
-1675
-1416
-769
-44
988
1581
1922
2430
1982
1745
791
105
-257
-41
-1023
-697
-1845
-1707
-1460
-994
487
1155
1749
1705
1089
458
-26
-763
-877
-1589
-1913
-2246
-2519
-1760
-676
1240
2293
3503
3677
2598
1723
323
-118
-63
-1102
-1497
-2063
-2771
-1836
-1209
751
1995
2200
2374
1452
480
-407
-1217
-1463
-1681
-2317
-2232
-2825
-1950
-850
1115
2565
3819
4064
2940
1960
300
0
-260
-747
-1424
-2111
-3093
-2487
-1798
300
1956
2634
2954
1794
980
-322
-1120
-1366
-1715
-2102
-2332
-3065
-2321
-1451
971
2552
3992
4642
3161
2229
154
-164
-317
-837
-1036
-1701
-2759
-2579
-2142
-353
1424
2423
2825
2056
1035
-333
-1034
-1589
-1369
-1908
-2197
-2919
-2781
-1793
418
2140
4298
4828
3819
2701
364
186
-673
-928
-1287
-1782
-2692
-2710
-2306
-604
1019
2351
2937
2577
1320
-190
-1161
-1714
-1446
-2110
-2231
-2922
-2571
-1606
746
2501
4973
4912
4098
2353
383
83
-1059
-1173
-1759
-2122
-3008
-2675
-2004
-102
1185
2641
2896
2671
919
-447
-1628
-2021
-1935
-2254
-2541
-2912
-2403
-1183
1194
3295
5575
4931
4578
1996
1150
-495
-1362
-1826
-2363
-2825
-3334
-2810
-1622
177
1681
3208
3352
2841
755
-557
-2055
-2405
-2852
-2761
-2954
-2349
-1858
77
1872
4506
5146
5248
3868
2161
988
-1057
-1673
-2720
-2994
-3614
-3381
-2684
-1050
294
2150
2949
3525
2501
1289
-99
-1204
-2094
-2691
-3308
-3251
-2960
-1555
126
2748
4508
5044
5012
3237
2702
410
-627
-2083
-2949
-3555
-3768
-3150
-1913
-606
1051
2213
3000
2736
1753
622
-599
-1483
-2435
-2983
-3515
-3045
-2196
-442
1862
3896
4771
5271
3937
3780
1526
72
-1638
-3057
-3720
-4622
-4049
-2882
-1381
451
2011
2988
3130
2116
1322
176
-566
-1854
-2512
-3468
-3325
-2683
-787
1336
3446
4128
4888
3988
3924
2007
421
-1453
-3029
-4051
-4646
-4258
-3135
-1513
439
2193
3266
3278
2368
1502
347
-624
-1830
-2722
-3243
-3188
-2212
-256
1566
3474
3801
4489
3870
3524
1748
538
-1483
-2634
-4091
-4535
-4321
-3314
-1736
125
1889
2923
2881
2518
1770
628
-680
-1967
-3192
-3646
-3580
-1932
-60
2042
3589
4324
4773
4647
3550
1993
87
-1904
-3101
-4677
-4722
-4442
-2977
-1147
722
2349
2965
3065
2537
1177
-281
-1902
-3003
-3734
-3366
-2021
96
1658
3409
3908
4620
4667
3670
2096
238
-1900
-3413
-4747
-5072
-4310
-2863
-1181
476
1827
2507
2829
2114
1484
47
-1067
-2277
-2658
-2516
-1087
291
1692
2744
3088
3821
3648
2810
1469
-151
-1791
-2999
-3972
-3899
-3409
-2104
-963
421
1169
1534
1740
1274
788
-190
-1075
-1565
-1674
-1105
270
1217
2239
2623
2617
3005
2324
1644
687
-555
-1689
-2944
-3752
-3695
-3151
-1875
-691
593
1358
1792
2027
1762
947
70
-1091
-1771
-2008
-1372
-128
916
2129
2640
3398
3533
2997
1938
674
-862
-2059
-3440
-3961
-4020
-3230
-1886
-623
909
1469
2074
1719
1137
113
-607
-1564
-1560
-1315
-168
827
1673
2569
2715
3271
2723
2031
989
-271
-1381
-2376
-3282
-3386
-3244
-2434
-1483
-485
345
912
1190
1178
734
131
-481
-978
-709
-238
811
1259
1850
1972
2250
2517
2105
1611
647
-447
-1515
-2548
-3128
-3125
-2774
-1854
-1006
-102
533
1167
1392
1468
913
321
-534
-915
-780
-57
651
1199
1762
1938
2502
2356
1935
1101
0
-1120
-2146
-3056
-3283
-3185
-2453
-1483
-509
392
940
1151
1157
820
359
-150
-508
-431
0
676
1146
1602
1804
2104
2274
2051
1529
796
-149
-1123
-2170
-2860
-3090
-2860
-2350
-1668
-901
-176
553
848
1107
771
390
-202
-443
-207
460
1259
1659
1946
1839
1903
1777
1435
1003
287
-460
-1271
-1986
-2352
-2406
-2041
-1546
-1014
-559
-165
-31
216
172
203
35
-72
41
247
669
927
1112
1068
1216
1296
1534
1463
1208
833
262
-274
-990
-1516
-1896
-1982
-1905
-1611
-1236
-825
-385
-38
201
345
346
355
338
339
379
429
453
514
595
928
1111
1308
1185
1112
837
573
108
-387
-794
-1133
-1441
-1610
-1611
-1493
-1249
-857
-514
-122
145
367
413
350
301
190
152
270
437
683
897
1028
1167
1139
1117
971
792
458
111
-338
-829
-1263
-1499
-1603
-1551
-1374
-985
-602
-234
31
198
229
160
56
50
82
235
428
663
925
1112
1247
1175
1091
933
705
389
40
-275
-644
-934
-1144
-1239
-1239
-1156
-928
-745
-553
-409
-275
-147
-31
107
272
453
596
759
929
998
1003
980
847
718
490
198
-97
-340
-554
-684
-753
-814
-809
-774
-714
-599
-501
-407
-292
-184
-58
60
198
358
510
648
740
770
787
723
618
488
326
139
-37
-197
-335
-440
-502
-527
-513
-495
-454
-391
-348
-266
-167
-64
17
95
176
235
294
332
358
365
357
338
292
227
156
53
-31
-125
-193
-233
-256
-246
-216
-166
-131
-101
-74
-41
-5
22
46
63
67
65
59
67
79
90
91
85
72
48
11
-24
-48
-64
-81
-97
-104
-101
-90
-67
-42
-15
8
27
43
58
70
72
65
55
50
35
19
1
-7
-16
-18
-13
-5
-9
-20
-33
-46
-51
-49
-37
-20
-4
9
18
28
32
37
37
35
29
18
12
3
-2
-11
-21
-28
-34
-38
-36
-27
-22
-19
-14
-12
-7
1
8
19
30
37
40
48
53
50
42
29
22
12
0
-6
-13
-24
-34
-46
-55
-59
-60
-56
-48
-34
-20
-8
6
17
22
23
26
22
23
25
28
33
36
36
37
32
29
24
15
3
-9
-21
-31
-33
-34
-28
-24
-19
-15
-10
-8
-8
-9
-11
-13
-9
-4
-3
1
6
9
13
18
20
22
23
23
21
15
9
2
-5
-11
-16
-20
-23
-22
-19
-15
-8
-4
2
5
7
11
12
11
10
10
12
14
17
20
20
19
14
6
3
0
-7
-9
-13
-18
-19
-20
-22
-21
-21
-20
-18
-15
-12
-7
-2
2
7
13
19
20
20
19
17
12
9
4
0
0
-2
-4
-5
-5
-6
-6
-5
-6
-6
-4
-7
-6
-2
-2
-1
1
5
4
10
12
11
11
8
6
2
0
-4
-10
-12
-14
-14
-12
-8
-6
0
0
0
0
-1
-1
0
0
0
-1
-2
-1
2
7
10
9
5
1
0
0
0
0
1
1
0
1
2
4
8
10
8
5
3
0
-3
-2
-3
-5
-9
-13
-11
-10
-8
-6
-7
-3
-1
1
5
9
13
15
17
15
12
9
8
7
2
0
-2
-6
-7
-9
-15
-17
-22
-22
-22
-25
-22
-20
-14
-6
0
8
12
16
21
21
19
19
17
14
9
5
1
0
0
-5
-7
-7
-9
-5
-3
-4
-2
0
2
5
4
3
1
0
0
-2
-4
-2
0
3
5
7
5
4
7
8
5
0
-6
-7
-9
-7
-5
-7
-6
-6
-7
-6
-5
-3
-7
-6
-4
-2
3
7
9
9
8
5
-1
-7
-7
-4
6
16
21
17
4
-7
-20
-25
-17
-10
-3
6
15
20
23
22
19
9
-5
-7
2
2
-5
-11
-19
-60
-121
-124
-39
58
100
106
109
100
80
72
61
0
-81
-121
-117
-112
-115
-86
-42
-25
4
72
117
98
43
5
18
48
42
0
-5
20
7
-53
-89
-63
-44
-46
-4
100
153
85
29
53
69
10
-79
-114
-95
-76
-74
-66
-53
-40
-2
53
94
90
57
34
19
-3
-31
-58
-69
-63
-49
-18
13
46
61
70
108
130
95
18
-35
-54
-80
-119
-108
-51
-18
0
30
54
43
26
41
37
-25
-72
-53
-11
-4
-19
-13
15
51
52
14
-14
-10
15
25
-4
-20
-26
-21
14
28
9
-3
9
36
17
-32
-28
14
15
3
1
-15
-33
-23
17
0
-56
-12
78
64
-32
-71
-13
32
25
25
17
-53
-102
-63
20
74
60
34
48
38
-31
-64
-22
7
-10
-1
22
17
0
-37
-56
-5
92
104
30
-45
-66
-39
40
85
31
-61
-90
-17
33
-82
-158
-44
90
88
22
-48
-21
66
120
82
0
-49
-36
31
60
-10
-119
-67
24
35
-30
-63
3
117
54
-83
-88
40
131
102
-75
-177
-104
66
126
28
-103
-102
77
179
71
-97
-84
24
134
51
-145
-203
-65
141
142
-81
-169
0
154
160
-64
-187
-11
152
152
15
-224
-177
82
206
110
-109
-148
56
131
34
-133
-174
-7
157
162
19
-210
-175
72
148
69
-67
-28
108
142
-49
-177
-177
45
169
94
-150
-171
0
107
9
-49
-69
87
277
195
-43
-241
-253
-85
66
58
151
57
-52
-2
125
36
-79
-129
63
120
-77
-206
-148
-9
181
157
-47
-121
-15
184
117
-190
-174
128
234
45
-196
-198
10
98
31
-167
-293
-24
385
360
-33
-234
-141
214
396
133
-414
-391
19
300
23
-262
-128
255
428
176
-201
-424
-201
73
86
-214
-336
-82
190
299
47
-98
-70
170
294
263
63
-258
-211
65
313
17
-65
-161
42
200
30
-406
-445
-185
153
119
-286
-334
35
226
227
31
38
292
488
347
-10
-229
-56
202
143
65
-119
-88
25
190
-14
-326
-437
-88
55
-46
-436
-676
-430
62
99
-82
-77
438
871
750
126
-226
-13
421
311
50
-83
-1
271
269
-117
-386
-274
-137
-36
-249
-423
-536
-438
-380
-315
-444
-340
-95
232
513
615
248
82
205
539
667
497
216
363
532
370
174
-11
-39
-160
-385
-652
-644
-602
-489
-578
-660
-543
-351
-250
-143
-145
133
575
821
425
132
62
543
866
592
413
490
597
585
288
-383
-480
-154
-96
-277
-882
-1057
-567
-440
-760
-767
-764
-147
203
-18
88
681
717
475
131
35
663
753
688
577
635
411
258
-52
-232
-390
-439
-272
-471
-569
-470
-498
-574
-551
-533
-564
-358
-392
271
1127
874
-38
-237
103
807
1144
566
278
557
526
245
38
-491
-500
-405
-248
-391
-413
-372
-442
-485
-499
-478
-386
-104
-122
149
867
613
-89
-188
358
1024
965
490
365
833
579
-133
-603
-622
-479
-332
-223
-332
-299
-281
-324
-412
-735
-736
-534
-297
-340
294
899
664
235
285
572
936
983
941
727
436
-336
-977
-775
-282
-89
-391
-112
182
78
-437
-868
-818
-753
-655
-420
-203
-90
685
1297
875
281
152
626
1176
1204
707
547
209
-667
-949
-765
-268
-152
-241
-280
-271
-243
-564
-968
-959
-755
-616
-604
-352
123
1138
1512
1189
743
839
1049
1086
772
286
40
-234
-743
-1026
-874
-528
-194
96
104
-271
-403
-509
-783
-1276
-822
-464
-175
-162
56
686
1278
1289
740
728
944
1061
756
417
14
-503
-962
-908
-525
-122
-92
-140
268
297
-167
-591
-981
-1217
-1230
-839
-353
-245
-178
396
1288
1761
1307
819
906
925
629
268
114
-542
-1223
-940
-291
0
19
21
285
781
-30
-855
-993
-892
-788
-1200
-940
-374
64
269
660
1172
1537
1208
650
672
345
445
593
107
-1377
-1500
-585
336
369
-190
71
895
891
-119
-1147
-1029
-852
-664
-828
-1312
-925
260
499
602
760
1471
1541
938
593
345
278
495
148
-1456
-1442
-641
463
397
-358
-84
968
674
-211
-719
-821
-657
-706
-952
-1169
-1207
-25
640
406
591
1284
1214
1371
860
288
537
29
366
-306
-1423
-820
146
167
-19
-154
459
789
-18
-378
-413
-1017
-1222
-1203
-779
-804
-863
-297
314
693
1107
815
919
1675
930
655
225
96
1039
-126
-1548
-678
106
302
147
-93
245
369
159
-126
-712
-889
-840
-984
-931
-1421
-918
-124
-10
470
1035
742
1044
1696
1226
300
-124
216
1311
782
-1168
-917
-48
333
199
-343
-497
350
352
15
-752
-1305
-611
132
-599
-1708
-1353
-362
0
343
-274
350
1069
1840
1347
570
38
257
431
1231
1150
-730
-1033
-398
316
113
-438
-1154
73
615
136
-754
-1150
-676
302
17
-1312
-1857
-756
27
661
-471
-558
660
2069
1725
556
294
47
487
1179
1993
53
-1241
-211
299
264
-566
-1337
-524
1092
204
-607
-925
-1210
-126
-60
-860
-1324
-1156
-294
-121
-503
-300
553
797
1936
1287
472
448
228
608
1751
1888
238
-774
-399
287
209
-944
-1466
-493
1033
282
-1327
-1372
-801
66
-555
-1228
-1434
-409
-147
-657
-620
27
972
791
840
821
1305
813
64
474
1758
2513
845
-1200
-913
780
690
-975
-1907
-658
1263
552
-1583
-1830
-687
319
-388
-1430
-1509
-68
567
-635
-743
313
1206
642
370
406
1580
1574
318
33
1430
2892
1707
-1045
-1269
342
893
-670
-2035
-1322
772
733
-1358
-2269
-1128
270
128
-1330
-1830
-540
1137
-237
-1211
-548
1077
1327
448
-466
758
1794
894
77
713
2291
2722
313
-1482
-598
874
57
-1602
-1668
99
1111
-555
-1725
-1323
-204
249
-567
-1437
-1134
454
505
-668
-878
405
1257
531
-294
-157
1169
1261
281
94
1329
2856
2286
-850
-1740
-80
896
-1007
-2243
-1636
594
656
-961
-1728
-730
134
479
-574
-1582
-783
886
292
-757
-621
510
874
549
-237
389
1367
1026
329
440
1723
2985
2246
-964
-1541
42
599
-1090
-2264
-1764
322
393
-1212
-1824
-558
298
227
-946
-1354
-362
986
323
-646
-426
598
539
470
49
293
1282
1020
50
427
1739
2590
2255
-470
-1565
-82
295
-1389
-2038
-1611
-271
183
-1098
-1786
-347
632
472
-607
-1306
-454
1130
542
-650
-689
237
611
318
-456
-79
1270
1139
0
-195
2132
3156
2557
-204
-1725
-75
734
-1143
-2462
-1815
-508
-35
-1396
-2080
-464
821
405
-393
-743
-279
851
768
-449
-582
-43
520
275
-135
-259
689
897
395
-8
878
2472
2729
1790
-619
-804
278
-286
-1910
-1906
-966
-48
-510
-2112
-1575
445
712
-220
-571
-580
179
1240
445
-1079
-416
632
580
-24
-81
161
1261
624
-162
111
1850
2409
2291
781
-1102
-430
482
-944
-2220
-1595
-807
-176
-880
-1872
-1120
311
319
-17
-464
-261
435
866
-206
-580
207
661
202
26
-147
476
1125
625
95
594
2013
2469
2134
327
-642
-56
-74
-1447
-2090
-1518
-1034
-1062
-1607
-1529
-351
388
124
-326
-453
179
855
660
-474
-465
177
225
-264
-348
1
729
1009
520
398
1311
2141
2187
1774
332
-433
-185
-566
-1705
-1697
-1163
-897
-1148
-1464
-1054
54
433
170
-30
-116
255
567
368
-74
107
227
-45
-264
-86
174
551
535
193
435
1362
1909
2053
1630
217
-465
-283
-699
-1503
-1452
-1261
-1014
-998
-1288
-1035
-145
-34
-150
100
-26
-77
273
226
-150
-119
-139
-271
-90
288
303
507
616
626
888
1345
1578
1792
1855
695
-399
-528
-727
-1206
-1296
-1515
-1407
-1000
-942
-835
-316
-10
215
469
254
138
151
260
463
312
-508
-421
-15
263
145
-52
119
674
862
993
1330
1578
2103
1490
-325
-940
-672
-872
-1241
-1577
-1715
-1190
-684
-645
-605
-245
207
360
226
144
0
152
380
516
140
-414
-403
-72
-8
-92
-50
50
546
1032
1286
1308
1624
2026
1223
-451
-1004
-763
-680
-943
-1494
-1674
-1099
-700
-822
-732
-237
147
238
304
246
118
534
773
484
66
-330
-409
-73
-156
-353
-166
11
519
1238
1345
1274
1593
1870
1525
64
-1162
-931
-487
-1045
-1724
-1889
-1202
-292
-589
-1094
-518
143
320
539
367
63
694
964
507
51
-103
-256
-102
-198
-596
-392
-191
114
695
1115
1045
1090
1249
1616
1306
-347
-1201
-579
-349
-946
-1730
-1929
-908
-79
-583
-787
-358
201
1001
882
-51
-27
883
1031
463
-415
-564
48
240
-443
-709
-172
227
360
601
953
1263
1270
1017
1260
1313
-178
-1392
-1015
-429
-739
-1627
-2264
-1468
-244
-304
-765
-486
242
1014
1190
378
-163
636
1299
627
-461
-702
-117
351
-195
-957
-571
117
213
159
563
1050
1213
969
1015
1411
875
-696
-1147
-197
-102
-1156
-1849
-1657
-747
-255
-780
-780
-13
499
928
911
162
211
868
745
2
-677
-602
169
312
-404
-785
-319
365
538
367
598
975
1014
907
851
992
514
-464
-789
-370
-552
-1195
-1604
-1524
-888
-583
-766
-656
-125
471
978
839
197
302
854
810
202
-370
-355
161
354
-128
-441
-299
93
362
223
221
602
819
681
481
525
824
502
-543
-803
-471
-648
-1118
-1402
-1356
-789
-441
-570
-284
361
688
856
829
574
490
651
494
97
-194
-266
-131
24
-185
-477
-304
56
84
63
307
621
744
595
552
886
928
-31
-725
-388
-208
-857
-1384
-1360
-976
-628
-666
-632
-179
292
742
964
654
368
605
700
419
1
-268
-193
50
-51
-453
-538
-224
3
-102
-116
164
614
736
557
578
748
648
579
291
-443
-703
-521
-790
-1078
-1167
-1166
-679
-258
-311
25
478
565
785
830
457
285
279
174
64
-240
-414
-227
-77
-145
-232
-233
-64
-20
114
566
799
538
421
667
1036
801
-287
-841
-344
-96
-693
-1313
-1397
-852
-406
-539
-548
-182
245
719
872
480
274
529
618
452
-6
-301
-166
53
-97
-259
-265
-102
119
144
171
301
379
282
236
297
297
15
-236
-158
-77
-266
-550
-577
-354
-218
-241
-182
-139
-57
226
302
97
55
111
46
-17
-150
-266
-163
-20
57
127
242
430
534
527
659
590
81
-134
91
79
-304
-667
-799
-627
-462
-518
-529
-381
-150
176
381
263
130
301
524
446
119
-31
70
176
89
-142
-355
-267
23
83
-53
-5
210
307
333
333
177
-68
-39
188
121
-242
-392
-204
-47
-160
-363
-314
-89
-16
-88
-115
-129
-108
-39
-97
-295
-335
-186
-33
-9
-3
172
497
669
530
390
599
922
596
-126
-300
98
93
-465
-897
-788
-439
-311
-371
-347
-217
47
362
452
150
-67
94
383
247
-199
-365
-194
-16
-25
-186
-316
-101
210
322
320
322
334
381
423
420
205
-93
-116
43
-100
-459
-562
-335
-154
-265
-404
-342
-153
18
105
53
-12
129
334
256
-4
-68
77
155
32
-93
-47
54
115
144
72
-42
-33
71
120
16
-105
-96
-13
60
122
122
34
-8
116
325
260
-92
-323
-201
-2
-91
-400
-530
-315
-104
-126
-240
-201
42
318
409
296
146
134
277
313
63
-174
-133
14
25
-105
-192
-125
-45
-10
48
104
158
236
226
162
221
358
403
184
-115
-159
-32
-139
-471
-730
-721
-529
-424
-439
-356
-132
199
468
494
308
230
329
437
303
0
-133
-61
21
12
-72
-181
-121
64
199
207
135
116
217
293
217
25
-110
-55
40
-111
-383
-472
-379
-289
-315
-396
-363
-150
77
143
60
34
193
339
297
183
122
113
108
78
16
-25
-55
-55
-5
50
52
22
45
163
317
388
254
35
-24
66
11
-263
-512
-559
-479
-447
-484
-457
-271
-33
131
219
240
251
350
433
341
170
82
65
68
33
-74
-172
-140
-29
29
22
32
80
166
237
233
190
163
177
202
99
-140
-280
-255
-268
-403
-523
-514
-440
-353
-257
-198
-149
4
188
253
232
215
276
364
328
180
93
129
223
206
-1
-161
-47
123
83
-48
-36
120
241
232
199
238
268
182
13
-156
-297
-399
-456
-545
-684
-717
-565
-378
-240
-109
30
195
372
459
464
471
445
340
225
149
85
13
-25
2
21
-26
-46
57
177
186
133
132
152
108
22
-65
-151
-195
-218
-277
-331
-339
-313
-249
-182
-148
-116
-59
35
127
115
63
117
222
237
131
31
72
129
65
17
46
70
105
174
281
368
286
167
227
258
39
-283
-466
-460
-483
-623
-635
-479
-303
-108
59
139
200
257
334
384
254
87
109
153
112
35
-64
-34
102
82
18
60
99
145
174
134
134
85
-3
62
55
-150
-223
-175
-199
-228
-265
-268
-196
-175
-138
-46
-74
-74
49
76
51
86
92
129
179
140
133
157
129
131
121
50
25
27
11
-1
-41
-65
-46
-78
-109
-74
-67
-89
-74
-55
-49
-26
-12
-43
-91
-89
-26
1
-83
-131
-20
77
50
4
60
188
223
155
138
183
255
288
145
-4
19
29
-75
-221
-375
-410
-309
-281
-336
-316
-198
-26
106
123
82
100
186
226
149
64
65
86
109
125
74
21
43
106
155
130
57
69
127
110
31
-56
-77
-11
10
-71
-148
-141
-71
-66
-166
-205
-159
-126
-98
-106
-163
-118
-6
7
-17
-15
5
67
116
98
104
165
221
254
244
209
195
191
156
89
12
-53
-88
-116
-175
-238
-250
-227
-223
-243
-256
-243
-203
-148
-112
-90
-10
116
192
233
300
371
409
384
293
214
155
54
-79
-191
-253
-267
-281
-289
-248
-172
-82
4
64
95
108
118
105
46
-19
-63
-98
-121
-131
-126
-99
-46
21
88
137
172
200
218
224
205
162
125
104
66
-5
-69
-83
-74
-79
-102
-118
-102
-83
-115
-175
-188
-134
-91
-127
-181
-143
-52
-36
-87
-82
28
135
166
216
343
461
479
416
330
226
77
-98
-249
-375
-463
-473
-421
-360
-273
-146
-11
94
141
180
240
227
140
78
39
-3
-40
-83
-84
-45
-45
-23
44
92
141
185
173
165
162
114
83
58
17
-4
-48
-110
-117
-113
-135
-132
-111
-90
-70
-72
-61
-41
-49
-59
-34
-1
11
32
75
124
141
127
128
128
88
36
6
-3
-6
-21
-29
-7
-9
-31
-25
-21
-27
-18
-22
-32
-19
-25
-36
-30
-42
-53
-54
-56
-48
-44
-43
-22
0
10
24
36
43
50
43
38
39
34
30
21
19
32
32
26
29
23
10
-6
-21
-19
-14
-23
-25
-13
-6
-15
-25
-19
-8
-22
-29
-14
-2
4
12
20
27
31
21
15
14
8
5
6
-1
1
7
7
8
12
12
14
12
5
0
-9
-18
-24
-35
-37
-36
-35
-30
-24
-22
-15
-9
-3
4
7
14
25
30
30
28
27
24
17
4
0
0
-1
-6
-9
-9
-12
-21
-30
-31
-18
-6
0
4
8
17
21
17
18
23
14
11
18
25
20
10
17
21
-19
-61
-39
14
20
-48
-104
-55
14
-35
-140
-140
-29
51
45
44
108
194
228
179
106
68
27
-2
-21
-107
-169
-98
-42
-61
-78
-84
-42
31
10
-43
-22
-5
-10
0
-7
-25
-25
-20
18
46
-3
-36
5
55
55
9
0
60
92
61
43
35
33
49
26
-29
-57
-33
4
-5
-68
-83
-31
-10
-41
-81
-82
-47
-26
-31
-30
-16
22
62
46
22
40
61
64
45
23
28
39
27
16
4
-4
3
6
3
-4
-20
-16
-5
-23
-54
-59
-41
-24
-31
-53
-45
-3
11
0
-2
4
18
27
25
19
15
8
6
13
5
3
10
16
23
14
5
14
14
0
-9
-19
-18
-16
-27
-28
-18
-21
-33
-30
-13
-4
-11
-5
28
60
62
53
61
81
86
61
27
4
-9
-19
-54
-107
-139
-133
-123
-140
-148
-115
-60
-16
9
42
95
156
187
183
182
196
188
139
78
32
-8
-60
-119
-162
-180
-180
-184
-186
-164
-119
-74
-37
-1
38
82
119
135
135
136
144
139
114
77
45
22
-5
-39
-74
-99
-110
-121
-123
-112
-94
-76
-47
-6
27
44
57
76
96
98
84
74
68
56
34
8
-13
-28
-45
-62
-71
-79
-84
-77
-65
-54
-44
-33
-11
8
19
27
45
66
78
82
89
94
86
72
56
33
0
-28
-41
-55
-78
-95
-89
-71
-65
-65
-52
-29
-16
-5
10
24
38
41
52
68
71
61
49
44
39
21
-9
-30
-38
-38
-41
-52
-54
-42
-23
-13
-19
-28
-21
-2
1
-6
-11
11
40
49
47
51
61
65
53
37
23
7
-9
-23
-30
-34
-46
-55
-47
-39
-40
-33
-32
-31
-17
2
6
0
6
27
45
47
31
22
37
42
20
0
-4
-3
-3
-6
-23
-31
-19
-9
-10
-14
-18
-10
3
1
-13
-14
0
3
-1
-1
0
8
17
21
21
12
12
24
23
6
-5
3
13
5
-10
-22
-16
0
-6
-33
-37
-16
-4
-6
-16
-16
7
24
12
-1
9
22
13
8
3
-2
2
9
-1
-12
-6
0
0
-4
-9
-5
2
0
-6
-4
1
-1
-5
-3
2
4
4
0
2
14
7
-2
-1
4
5
0
-4
-4
-1
-1
-6
-6
-1
2
1
0
5
9
8
3
0
3
4
-2
-6
-5
-2
0
-4
-8
-5
-5
-7
-5
-4
-1
0
4
7
7
4
2
6
4
-1
0
4
4
2
0
0
1
1
0
-6
-5
-1
0
0
0
-2
0
1
0
-2
-2
1
6
1
-1
2
4
2
2
1
0
-2
0
-1
-3
-3
-4
-1
-1
-5
-4
-1
2
-2
-3
0
1
-1
0
4
2
2
2
2
3
2
1
-2
-1
2
2
0
-2
-3
1
2
-3
-5
-3
1
4
0
-4
-3
1
6
1
-4
-3
4
2
0
-1
-3
1
2
0
-1
-3
1
3
1
-2
-2
1
1
0
0
-4
1
5
2
-1
-2
3
5
2
-2
0
1
1
0
-2
-3
0
3
0
-3
-3
0
1
1
-1
-3
0
2
2
-4
-7
-2
4
5
-2
-5
0
7
5
-2
-5
1
9
5
-4
-4
1
7
2
-5
-4
3
6
0
-6
-1
4
3
-3
-6
0
4
1
-4
-5
0
3
0
-3
-4
0
2
0
-1
-2
2
2
1
-3
-1
0
2
1
-3
-2
0
4
2
-2
-1
2
4
2
1
0
3
3
0
0
0
0
1
-2
0
2
0
-3
-2
0
0
0
-3
-5
0
2
0
-5
-4
0
0
-2
-3
-1
0
1
0
0
1
2
1
3
1
1
5
2
0
4
4
6
2
-1
2
1
1
0
-1
0
0
0
-2
-1
0
0
-2
-4
-4
0
-2
-3
-4
-4
-2
-1
-3
-1
-2
-1
0
0
2
3
1
2
1
2
3
5
1
1
2
2
1
1
0
3
2
0
1
2
3
2
0
0
1
1
0
-3
-2
0
-1
-5
-7
-4
-1
-2
-5
-8
-5
-2
-2
0
-5
-6
-1
4
4
0
0
4
7
6
3
1
2
8
11
8
0
-1
2
5
5
0
-6
-5
0
0
-1
-6
-9
-7
-3
0
-3
-7
-5
-4
-2
-2
-2
-3
0
0
1
2
4
5
2
1
1
2
6
4
0
0
0
2
6
7
3
-1
0
4
3
0
-4
-3
2
5
1
-7
-5
0
0
-4
-9
-8
-2
0
-2
-4
-2
0
1
-2
-5
-1
1
3
0
-2
-1
1
3
4
0
-4
0
6
7
2
-3
-1
2
5
6
0
-3
-1
3
5
0
-5
-2
1
2
0
-4
-2
-2
1
0
-1
-3
-2
0
0
-1
-3
-1
0
0
-1
-2
0
3
3
2
1
0
3
6
4
1
0
0
2
3
2
0
-1
-2
-3
-3
-3
-2
-4
-6
-4
-2
1
0
-3
-3
-3
0
2
4
4
1
1
4
5
4
4
1
2
1
1
1
1
2
0
-2
-4
-4
-1
0
-4
-5
-6
-3
0
0
0
-2
-1
1
1
2
1
0
1
1
1
1
0
1
1
0
-2
-3
0
0
-1
-1
-2
1
3
1
1
1
2
4
1
0
0
2
1
0
-1
-3
-2
-3
-3
-3
-2
-2
-2
-1
0
0
-2
0
-1
1
2
-2
-1
0
2
4
4
2
1
0
4
5
2
0
0
-1
1
1
-1
-1
-1
-1
0
0
-2
0
0
2
2
-1
-5
-1
0
0
-4
-5
-4
-1
-1
-1
0
2
-1
0
2
3
2
3
4
2
1
2
2
1
0
-1
0
1
0
-1
-1
-2
-2
0
0
0
-2
0
0
0
-3
-1
0
1
0
-2
-1
0
1
3
2
0
-1
0
1
1
-3
-1
1
0
0
-1
-2
0
3
3
0
0
1
0
2
0
-1
-1
0
0
0
-1
-2
0
0
-1
0
0
0
-2
-1
1
0
0
0
0
0
2
0
0
0
1
2
0
0
0
0
1
-2
0
0
0
0
0
-1
0
2
0
0
-1
-1
2
1
0
0
-1
0
1
1
0
0
0
0
0
0
-2
0
0
0
0
-1
0
0
0
0
0
2
1
-1
-1
0
0
0
-1
0
1
1
1
-1
0
1
-2
-1
-2
-2
1
1
0
-1
0
0
0
1
1
0
0
0
0
0
0
1
0
0
1
1
-1
0
0
0
0
-1
-1
0
0
0
-1
0
0
0
0
0
0
0
0
0
0
0
0
0
2
0
0
0
-1
0
0
0
0
0
-1
-1
1
0
0
1
0
0
0
0
0
0
1
0
-1
0
0
0
0
0
0
1
0
-1
-1
0
1
0
0
0
0
0
0
0
0
0
1
0
-1
-1
2
1
0
-1
-1
-1
0
-1
0
1
0
0
0
0
-1
-2
-1
0
1
1
1
1
0
0
0
0
0
0
-2
0
0
-1
0
0
0
2
1
0
-1
0
0
0
1
0
-2
0
1
0
-1
-2
0
1
0
0
-2
0
0
0
0
-1
0
1
0
0
0
0
1
0
0
1
0
0
0
0
0
0
1
1
0
0
0
1
0
-2
-2
0
0
0
-2
0
0
0
0
0
0
0
0
1
0
0
0
0
0
1
0
0
0
1
0
-1
-1
0
1
0
-1
0
0
0
0
-1
-2
-1
2
4
0
-2
-1
0
1
2
-1
-2
0
5
3
-1
-3
-2
1
3
0
-2
-2
0
5
2
-1
-3
0
4
1
-1
-3
-2
2
2
0
-2
-3
1
2
0
-1
-4
0
2
1
-2
-2
-2
0
1
0
0
0
0
1
1
0
0
0
1
0
1
0
1
1
1
0
-1
0
0
0
0
1
1
0
-1
0
0
1
1
-2
-1
0
0
1
-1
-3
-2
2
1
0
0
-3
0
3
1
0
-3
0
2
2
1
-1
0
0
2
0
0
0
0
0
-1
0
-1
0
0
0
0
0
0
1
0
-2
0
0
0
1
0
0
1
0
0
-1
0
0
-1
0
-1
0
1
-1
-1
-1
-1
0
1
1
-1
-1
0
1
1
0
-1
0
1
1
1
0
0
0
0
1
2
-1
-1
-1
0
1
0
0
0
-1
0
0
1
0
-1
-1
0
2
1
-1
-1
-2
-1
2
0
-1
-1
0
1
0
-1
0
0
0
1
0
0
0
0
0
0
1
0
0
1
1
1
0
-2
-1
1
0
0
0
-1
-1
0
0
1
0
1
0
0
0
1
0
0
0
-1
0
0
0
3
4
0
-3
-5
-4
0
3
5
2
0
-2
-2
0
1
3
2
0
0
-1
-1
0
-1
-1
0
0
-1
0
1
1
0
-1
-2
0
0
3
2
0
-1
-1
-2
0
-1
2
2
1
0
-2
-2
0
0
0
0
0
0
0
0
0
0
1
-1
0
0
-1
0
1
0
0
0
0
0
0
1
0
-1
0
0
0
0
0
0
-1
0
0
0
0
0
0
0
1
0
0
-1
-2
0
0
1
1
0
-2
-2
0
0
1
0
1
0
-1
-2
-1
0
1
1
0
0
-1
0
0
0
0
-1
0
1
1
1
0
0
1
1
0
-1
-1
0
1
0
0
-2
0
0
0
0
0
0
0
-1
-1
-1
-2
-2
0
0
0
1
0
0
0
0
0
0
0
0
0
0
0
1
0
0
0
0
1
1
0
0
2
4
0
0
-1
0
0
0
0
-1
0
0
0
-1
-2
0
-1
0
1
0
0
-2
-1
1
0
-1
1
1
0
0
-1
0
0
0
0
0
-1
-1
0
1
0
-1
0
0
0
0
0
1
1
-1
-1
1
1
1
0
-2
0
3
1
0
0
0
0
-1
-1
0
0
0
0
-1
-2
-2
0
1
0
0
-1
0
0
1
1
1
1
0
0
1
0
1
1
0
0
0
1
1
0
-1
-1
0
0
-1
0
0
0
-2
-1
0
-1
0
1
0
-1
0
-1
1
0
0
1
0
1
0
2
0
0
2
0
1
0
-1
1
0
0
-1
0
0
-1
0
0
0
-1
-1
0
0
0
-1
-1
0
0
-1
-1
0
0
1
1
0
0
0
0
0
0
0
0
0
1
1
0
0
0
0
1
-1
0
0
0
0
0
0
0
0
0
0
0
0
-1
0
0
0
-1
0
0
0
0
0
0
0
0
0
-1
0
0
0
0
0
0
-1
0
0
-1
1
0
-1
0
0
0
0
1
0
-1
0
0
0
0
0
1
0
0
0
0
0
0
0
1
0
-1
0
0
0
0
0
0
0
0
0
1
0
-1
0
0
0
0
0
0
0
1
-1
0
0
-1
0
1
1
0
0
0
1
0
0
0
-1
0
0
1
0
-1
-1
0
0
0
0
0
0
0
0
1
-2
-1
1
0
1
0
0
0
0
0
0
0
0
0
0
0
0
0
0
1
1
0
0
0
1
0
0
0
0
-1
-2
-1
0
0
0
0
0
0
0
0
0
0
0
-1
0
0
1
2
0
0
0
0
0
0
1
0
1
-2
-2
0
0
0
1
1
-1
-1
1
0
1
1
0
-1
0
-2
1
0
1
0
0
1
0
0
1
1
2
0
-2
0
0
1
0
0
-1
0
2
0
0
-1
-1
-1
-1
-1
-1
0
0
0
0
0
0
0
0
0
0
0
0
1
1
2
1
0
0
-1
1
1
0
0
0
0
1
-2
0
0
0
0
0
0
0
0
0
0
0
0
0
-1
-1
0
0
0
-1
0
0
0
0
0
0
0
0
0
0
0
0
0
1
1
0
0
0
1
0
0
0
0
0
0
0
0
0
0
0
0
0
0
0
0
0
0
-1
-1
-1
0
0
-1
0
1
0
0
0
0
1
0
0
0
1
0
-1
0
0
0
0
0
0
0
1
0
0
0
0
0
-1
0
0
0
0
0
0
0
0
0
0
-1
0
0
0
0
0
0
0
0
0
-1
-1
1
0
0
0
0
1
0
0
0
0
0
1
0
-1
0
0
-1
-1
0
0
0
0
0
0
-1
0
0
0
0
0
1
0
0
0
0
0
0
0
0
0
0
1
0
0
0
0
0
0
0
0
0
0
0
0
0
0
0
0
0
0
0
1
0
0
0
0
0
-1
-1
-1
0
0
0
0
0
1
1
1
0
-1
0
1
0
0
0
0
0
0
-1
1
0
-1
0
0
0
-1
-1
1
0
0
0
1
0
0
0
-1
0
-2
-1
0
0
1
-2
0
0
0
1
1
1
-1
0
1
0
1
-1
-1
0
0
0
1
0
-1
0
1
0
0
-1
0
1
0
-2
-1
0
-1
-1
0
0
-2
-1
0
-1
0
0
0
0
-1
0
0
0
1
0
0
0
1
1
0
0
0
0
1
1
0
0
0
0
0
0
0
0
-1
0
0
0
0
0
0
0
0
0
-1
0
0
0
0
0
0
-1
-1
1
0
0
0
0
0
0
0
0
0
0
1
0
1
0
0
0
0
0
0
0
0
0
0
0
0
1
0
0
0
-1
-1
0
0
0
0
0
0
0
0
0
0
0
0
0
-1
0
0
0
0
0
0
0
0
0
0
1
0
0
0
-1
1
1
0
1
1
0
0
0
0
0
0
0
-1
0
0
0
0
-1
0
0
-1
0
0
-1
0
0
0
0
0
0
2
0
0
2
0
0
0
0
1
1
0
-1
-2
-1
-1
-1
0
0
0
1
2
0
0
0
0
0
0
0
0
0
0
0
0
-1
0
0
0
0
0
0
0
0
0
-1
-1
1
0
0
0
0
0
1
0
0
0
0
0
0
0
1
1
0
0
0
0
0
-1
0
0
0
0
-1
-1
0
0
0
0
-1
0
1
0
0
-1
0
1
0
0
0
0
0
0
1
0
0
0
0
0
0
1
-2
-1
0
0
0
0
1
0
0
0
0
1
0
0
0
0
0
0
1
1
-1
-1
0
1
0
0
0
0
-1
0
-1
0
0
0
0
0
0
0
0
0
0
0
0
0
1
0
0
0
0
0
0
0
-1
0
0
0
0
0
-1
0
1
0
-1
1
1
0
0
-1
0
0
-1
0
0
0
0
1
0
0
1
0
0
1
0
0
0
0
-1
0
-1
0
1
0
-1
0
0
-2
0
0
0
1
0
0
1
0
1
0
0
0
0
-1
0
0
1
0
0
0
0
-1
0
0
1
1
0
2
0
0
0
0
-1
-2
0
0
0
0
0
0
1
0
0
0
0
0
0
0
0
0
0
1
0
0
0
0
0
0
0
0
0
0
0
-1
0
0
0
0
0
0
0
1
0
0
0
-1
-1
0
0
1
1
0
0
0
0
1
0
0
0
1
2
0
0
0
0
0
-1
0
0
1
-1
0
-1
-1
0
0
-1
0
1
0
0
0
0
0
0
-2
0
1
1
0
0
0
0
0
-1
0
1
0
0
0
0
0
0
-1
0
0
1
0
0
0
-1
0
0
0
0
0
0
0
0
0
0
0
0
0
1
0
-1
0
0
-2
0
0
0
1
0
0
1
0
1
1
0
0
0
0
0
-1
-1
0
0
1
1
-1
0
0
0
-1
0
1
0
0
-1
0
2
0
0
-1
0
0
0
0
0
-1
0
0
0
0
0
0
0
0
0
0
0
1
1
0
0
0
-1
-1
0
0
0
0
0
0
-1
0
1
0
0
0
0
0
-1
0
0
0
0
0
0
0
0
0
-1
0
0
0
0
0
0
-1
0
2
0
0
0
0
0
1
1
0
0
0
0
2
0
0
0
0
0
0
1
0
0
0
0
0
0
-1
1
0
0
0
0
0
-1
0
0
0
-2
0
0
0
0
0
0
0
0
0
0
0
0
0
0
0
0
0
0
0
0
1
0
0
0
0
1
0
1
0
0
0
0
0
1
1
0
3
0
0
-1
0
0
0
0
0
-2
0
1
0
0
0
0
0
0
-1
0
-1
0
0
0
1
0
-1
-1
0
0
0
1
0
0
1
0
1
0
0
1
0
0
1
0
0
0
0
0
0
0
-1
-1
0
0
0
-1
-1
0
0
-1
-1
-2
-1
0
0
1
2
0
0
0
0
1
-1
0
0
0
0
0
1
0
0
0
0
1
1
1
0
-1
-1
0
1
0
0
0
0
-1
0
0
0
0
0
0
0
0
1
-1
-1
0
0
0
-1
0
0
0
0
0
2
0
0
-1
0
2
0
0
0
0
0
0
-1
-1
0
1
0
0
0
0
0
0
-1
0
-1
0
1
0
0
0
0
0
0
0
0
0
1
0
0
0
-1
1
0
0
1
0
0
-1
0
1
0
0
0
0
0
0
0
0
0
0
1
0
0
0
-1
0
0
0
-1
-1
-2
0
0
0
0
-1
-1
0
0
0
0
0
1
0
-1
0
0
0
0
0
0
1
0
0
0
0
0
0
0
0
0
0
0
0
-1
0
0
0
0
1
0
0
0
0
-1
0
0
0
-1
0
0
0
0
-1
-2
0
0
-2
-1
0
2
1
1
0
0
1
0
0
0
0
0
1
1
-1
0
1
0
0
0
0
0
0
0
0
0
0
0
0
0
0
0
0
0
0
0
0
0
-1
0
1
-1
0
0
0
0
0
-1
0
0
0
0
0
0
-1
0
1
1
1
1
0
0
0
-1
0
1
0
0
1
0
-1
1
1
1
1
0
0
0
-1
-2
-1
0
1
0
0
-1
0
0
0
0
1
0
0
0
0
0
1
1
1
1
-1
-1
1
0
0
-1
0
0
0
1
-1
0
0
0
0
0
-1
0
0
1
0
0
0
0
0
1
0
0
0
0
0
1
0
0
1
0
0
0
0
0
0
0
0
0
-1
1
0
0
0
0
0
0
0
0
0
0
0
0
0
0
-1
-1
-1
0
0
0
-1
0
1
0
0
-1
-1
0
0
0
0
0
-1
0
0
0
0
0
0
-1
0
0
0
0
0
0
0
0
0
0
1
1
0
0
0
0
0
0
1
0
1
0
0
-1
0
1
0
0
0
-1
0
0
-1
0
0
0
-1
0
0
-1
0
0
-2
-1
0
0
0
0
1
0
0
1
0
0
1
0
1
1
1
1
0
0
0
0
0
0
0
-1
0
0
0
0
0
-1
0
0
-1
0
0
0
0
0
1
0
0
0
-1
0
0
-1
0
-1
1
1
1
0
0
0
0
0
0
1
1
-1
-1
0
0
0
-1
1
1
-1
-1
0
1
0
-1
0
1
0
-1
-1
0
1
2
0
0
1
1
0
0
-1
0
0
0
0
0
-2
0
1
0
0
0
0
2
1
0
0
0
0
1
0
0
0
0
0
0
0
-1
0
0
0
0
0
0
0
0
0
0
0
0
0
0
0
0
0
0
0
0
0
0
1
0
0
0
0
0
0
1
0
1
0
0
0
0
1
0
0
0
-1
0
0
0
-1
0
0
-1
0
1
-2
0
-1
0
0
0
1
0
0
0
0
0
0
1
0
0
0
0
1
-1
0
0
0
1
0
-1
0
0
0
0
0
0
-1
0
0
-1
0
1
0
-2
-1
0
0
-1
0
1
0
0
0
0
0
0
0
0
0
1
0
0
0
0
0
0
0
0
1
0
0
0
0
0
0
0
0
0
0
0
0
-1
0
0
0
-1
0
0
0
0
0
0
-1
0
0
1
0
0
0
0
0
-1
0
0
-1
0
0
0
-1
0
0
1
0
0
1
0
0
0
0
0
0
0
0
0
0
1
0
0
-1
1
2
-1
0
0
0
0
0
-1
0
0
-1
-1
0
0
-1
0
0
-1
-1
0
0
0
0
1
0
0
0
0
0
0
0
0
0
0
0
0
0
0
0
0
0
0
-2
0
0
0
0
0
0
0
0
-1
-1
0
0
1
0
0
2
0
0
-1
0
0
0
0
0
1
0
0
0
0
2
0
0
-1
-1
0
0
0
0
0
0
0
-1
-1
0
0
0
2
0
0
0
0
0
0
0
0
0
0
0
0
1
0
0
0
0
1
0
0
0
0
0
-1
0
1
0
0
0
0
0
0
0
-1
0
0
0
0
0
0
1
0
0
-1
-1
0
0
-1
0
0
0
0
0
0
0
1
1
0
0
0
-1
0
1
0
0
0
0
0
0
0
0
0
0
0
0
0
0
-1
-1
0
-1
-1
0
1
0
0
0
0
1
0
0
1
0
0
0
1
0
1
1
0
0
0
1
0
-1
0
0
0
-1
0
0
0
0
0
0
0
0
0
0
-1
0
0
0
0
1
0
0
0
-1
0
0
-1
0
0
-1
0
0
0
0
0
0
0
0
0
0
0
0
0
0
2
0
0
0
0
0
0
0
2
0
0
0
-2
-1
0
1
1
0
0
-1
-1
0
1
0
0
0
0
0
0
0
0
1
0
0
0
0
0
-1
0
0
0
-2
0
0
0
0
0
0
-1
-1
0
0
0
0
0
0
0
1
1
0
-1
0
0
0
0
0
0
0
0
-1
0
0
0
0
1
0
0
-1
0
0
0
-1
-1
0
0
0
0
0
-1
0
0
0
-2
0
0
0
0
-1
-1
0
1
0
1
0
0
1
1
0
0
0
0
0
0
0
0
0
0
0
0
0
0
1
1
0
0
0
0
0
1
0
0
0
-1
0
0
0
-1
0
0
0
0
0
0
0
0
0
0
0
-1
-1
0
0
0
0
0
0
0
1
0
0
0
0
0
2
0
0
0
0
0
0
0
0
0
0
0
0
0
0
0
0
0
0
-1
0
1
0
0
0
0
0
0
-1
0
0
0
0
-1
1
0
2
1
-2
0
0
0
-1
1
0
-1
0
0
0
0
0
0
-1
-1
0
1
0
-1
0
2
1
0
0
1
0
1
-1
-1
0
0
0
0
0
0
0
0
0
0
0
0
0
0
0
0
0
1
0
-1
0
0
0
0
0
0
0
0
0
0
1
0
0
0
0
0
0
0
-2
0
0
-1
0
1
0
0
1
0
0
0
0
0
0
0
0
1
0
0
0
1
0
0
0
-1
-1
0
0
-1
0
0
0
0
0
0
0
0
0
0
0
0
0
0
0
0
1
1
1
0
0
0
0
0
0
0
1
1
1
0
0
0
0
-2
-2
0
0
0
0
-1
0
0
0
0
0
0
0
-1
0
0
0
0
0
0
0
1
1
0
0
0
1
1
0
0
0
0
0
1
0
0
0
0
0
0
1
0
-1
0
1
0
0
0
0
0
1
0
0
-1
-1
-2
0
1
0
-1
0
0
0
0
0
0
0
1
0
-2
0
0
0
0
0
1
0
0
1
0
-1
-2
0
0
-1
-1
0
0
-1
0
0
0
-1
1
0
1
0
0
0
1
1
0
0
1
0
0
0
0
0
-1
0
0
0
0
-1
1
1
0
0
-1
1
0
0
0
0
0
-2
0
0
0
0
-2
0
0
0
0
-1
0
1
0
0
1
0
0
0
0
0
0
1
1
0
-2
-1
0
0
0
0
-1
0
1
0
2
0
-1
0
0
0
-1
-1
0
0
0
1
1
-1
0
2
1
0
-1
0
0
-2
0
2
0
-1
0
0
0
1
0
-1
0
0
-2
0
1
-2
0
0
0
0
0
0
0
2
1
2
1
-2
-1
0
0
-1
-1
-1
2
1
1
0
0
0
-1
0
0
-2
-2
-1
-1
-1
0
2
0
0
1
2
0
-1
-1
-1
0
1
1
0
0
0
-1
0
0
0
-1
0
-1
0
1
0
0
2
0
0
0
0
0
0
0
0
0
-1
0
0
0
0
1
0
0
0
0
0
0
0
0
0
0
-1
0
-1
0
3
1
0
0
0
0
0
-1
0
0
0
0
-1
0
0
0
0
0
0
0
-1
0
0
0
0
0
0
0
0
0
0
0
0
0
0
1
0
0
0
-1
-1
1
0
-1
0
0
0
0
0
0
2
2
0
0
0
0
1
0
-1
0
1
0
-1
-1
1
0
1
0
-1
0
0
0
0
0
0
0
0
1
0
0
0
0
-1
0
1
0
-1
1
0
-1
0
0
0
0
0
0
0
1
1
0
0
0
0
0
0
-4
-2
-1
0
0
0
0
0
1
1
1
-1
0
1
0
-1
0
0
2
-1
-2
0
0
1
3
0
0
-1
-1
0
0
0
-1
-1
0
0
0
0
-1
0
-2
-1
0
0
0
1
0
2
1
0
2
0
1
0
1
0
-1
-1
-1
0
0
0
0
0
-1
-1
0
0
-1
-1
0
0
0
0
0
-2
-1
1
1
2
1
1
2
1
0
-1
-1
-2
-1
0
0
0
0
0
0
0
-2
-1
0
0
0
0
1
1
1
2
0
0
3
1
0
0
-2
0
0
0
2
0
0
1
0
-2
-2
-2
-1
0
0
0
0
2
2
0
1
1
0
0
0
-1
-1
0
-1
-1
0
2
0
2
1
-1
-2
0
0
0
0
0
0
0
1
1
0
0
0
0
0
-1
1
0
-1
0
-2
-1
0
0
0
1
0
-4
-2
0
-1
-1
0
0
1
5
3
0
-1
0
2
2
1
-1
-1
0
0
0
0
-1
0
1
0
0
-1
-1
-1
0
1
0
0
0
1
1
0
0
0
1
0
0
2
0
0
0
0
0
-1
0
-3
-3
0
-1
-1
1
0
0
1
1
0
0
0
-1
0
0
0
1
1
1
3
1
-1
-1
0
0
0
0
2
1
0
-1
0
0
-1
-1
0
0
1
0
0
-1
0
0
-2
0
0
0
1
0
0
2
0
0
-1
0
0
-1
1
2
0
0
0
0
0
0
0
0
1
1
0
0
0
-2
-1
0
0
1
1
0
1
1
1
-1
-1
-1
0
1
0
-1
0
0
1
1
0
1
0
-1
0
-1
-1
-1
0
0
0
0
1
0
-1
-1
0
2
2
1
0
0
0
0
0
0
0
1
1
0
0
-1
-1
0
1
1
0
0
-1
0
-1
0
-2
1
1
2
3
1
2
0
-1
0
-1
-1
0
-2
0
-2
0
0
2
1
-1
0
-3
0
1
-2
-3
-1
0
4
5
-1
2
0
-2
4
-2
-2
2
-4
2
0
1
4
0
-1
0
2
-2
0
-1
-3
1
-1
0
0
-1
-1
-1
-1
0
3
-1
2
5
1
2
2
0
1
0
-2
-1
-3
-3
-2
1
3
1
0
4
0
0
0
-1
-2
0
-2
-6
-3
-2
1
0
4
2
1
5
0
-1
0
-1
-2
-1
0
-1
0
2
0
0
0
0
-1
0
0
-4
2
0
1
4
4
2
0
2
-1
-1
-1
-1
1
0
-1
0
1
0
1
0
1
0
-1
0
-1
-1
1
0
0
0
-2
-1
-2
-2
-1
0
1
0
0
0
-2
0
0
0
0
0
0
0
1
1
3
2
0
2
0
0
1
0
1
0
0
-3
0
-1
0
1
-3
-1
-1
-2
-2
0
0
0
0
1
1
2
2
0
-2
0
0
0
0
-1
-1
-1
0
1
1
1
1
0
1
2
0
-1
-1
-2
0
0
-1
0
0
-1
1
0
-1
1
1
0
0
3
1
0
0
0
0
0
0
0
-2
-1
-1
-1
0
0
2
1
1
2
0
-1
0
0
-1
-1
0
0
0
0
1
0
0
0
0
1
0
0
-3
0
0
-1
0
0
1
-1
-1
0
0
0
0
0
0
0
-1
0
-1
0
0
-1
0
-1
-1
0
1
0
-1
0
0
2
1
-1
0
0
-1
0
1
2
1
0
1
0
0
0
0
1
0
0
1
0
0
0
0
0
-2
-2
0
-1
-2
-3
0
1
0
0
1
2
0
0
0
0
-1
0
0
0
0
0
-2
0
0
1
0
1
0
1
0
2
1
0
1
0
-1
0
0
-1
0
1
0
-1
0
0
0
0
0
0
0
1
0
0
-1
-1
-1
-1
-1
0
0
-1
0
0
0
1
0
0
1
0
0
2
1
1
0
0
0
0
0
-1
-1
-1
-1
-1
1
0
0
1
0
1
2
0
2
2
0
-3
0
0
-1
0
-1
-2
1
0
-1
-1
0
3
0
-1
0
0
0
0
0
0
1
1
0
0
0
1
0
-1
0
-2
-1
1
0
0
0
0
2
1
0
1
1
0
0
0
0
-1
0
1
3
1
0
0
2
2
0
-1
-2
0
0
-1
0
1
1
2
0
-2
-1
-3
-3
-1
-1
-2
-1
0
-1
1
2
0
0
0
0
2
1
0
0
0
0
0
0
0
1
0
-2
-1
0
0
0
0
1
0
1
0
0
2
1
0
0
0
1
1
0
0
-1
-1
0
-1
0
-2
-1
-2
-2
-1
-2
1
0
-2
-1
0
0
0
0
0
1
0
0
1
1
0
0
0
0
1
4
0
0
1
1
-1
-1
0
0
-1
0
0
2
2
1
0
0
0
-1
0
0
-1
-1
0
-1
0
1
0
0
-1
-3
-2
-1
-2
-4
-5
-3
-2
-1
0
0
0
-1
0
4
5
6
6
5
5
7
7
6
5
5
3
2
1
1
0
0
-2
-2
-3
-4
-5
-5
-6
-9
-9
-5
-5
-3
-3
-4
-2
-3
-3
2
2
1
2
3
2
2
1
2
1
0
0
0
0
0
0
-1
-1
0
0
0
1
1
2
2
0
1
1
2
2
0
0
0
-1
-2
-1
-4
-2
-3
-2
-2
-3
-3
-3
-2
-2
-2
0
1
0
2
2
3
2
4
4
4
3
4
3
3
4
2
2
2
2
1
-1
-1
-3
-2
-3
-4
-4
-3
-4
-4
-4
-4
-2
-2
-1
0
0
0
2
2
2
4
5
4
4
3
4
5
3
3
3
3
1
0
-1
-3
-4
-3
-3
-4
-5
-3
-3
-4
-3
-3
-4
-3
-2
-2
-1
-1
-1
0
2
1
1
0
0
2
2
0
1
3
3
0
0
0
0
1
1
0
1
0
0
0
0
0
1
1
1
2
2
1
0
1
3
3
1
1
0
-1
-1
0
0
0
-2
-3
-1
-1
-1
-1
-1
-2
-1
-1
-2
-1
-3
-1
-1
0
0
0
-1
0
0
0
0
2
1
1
2
1
1
2
1
0
1
1
0
0
0
1
-1
0
0
0
0
-1
0
0
0
0
0
-1
0
-1
0
1
0
0
0
0
0
1
1
0
0
-1
0
0
0
0
-1
-1
-1
-3
0
0
-2
-1
-1
-1
0
0
0
0
1
2
2
0
0
1
0
1
1
1
0
0
0
0
0
0
0
-1
-1
0
-1
0
1
0
1
0
0
0
1
1
0
1
0
0
0
0
-1
0
0
0
0
-1
-1
-2
-1
0
-1
0
0
-1
-1
1
0
0
0
-1
0
-1
-2
-1
0
0
-1
-2
-1
0
0
-1
0
0
0
1
3
3
3
4
4
6
7
4
3
3
2
1
0
0
0
0
-2
-3
-4
-2
-3
-4
-4
-5
-3
-3
-3
-2
-3
-2
-1
0
0
0
0
0
0
1
0
0
1
0
0
0
0
0
0
2
1
1
0
0
0
0
0
1
1
3
1
2
0
0
3
1
0
1
0
1
0
-1
0
0
0
-2
-1
-1
-3
-1
-3
-2
0
-1
0
0
0
2
0
0
1
1
0
1
1
0
0
0
0
1
0
-1
0
-1
0
1
-1
0
0
0
0
0
0
1
1
0
0
0
0
0
0
-1
0
0
0
0
-1
-1
0
0
0
0
0
0
0
0
2
1
-1
0
1
0
1
0
1
0
0
0
0
0
-2
-3
0
-1
0
0
-2
-2
0
0
-1
0
0
0
0
0
2
2
0
-1
-1
1
1
0
1
0
0
0
0
0
-1
0
0
0
-1
0
0
0
0
0
1
0
0
0
0
0
0
-2
0
0
0
0
0
0
0
0
0
0
0
0
-1
0
0
2
0
0
1
0
1
0
0
0
0
0
0
0
0
0
-1
0
0
0
0
0
0
0
0
0
-1
0
0
-1
0
0
0
0
-1
0
0
0
0
-1
0
1
0
0
0
0
0
0
1
2
0
0
0
0
0
-1
0
0
0
0
1
1
0
0
0
1
0
0
1
0
0
0
0
0
-1
0
0
-1
0
-1
0
-1
-1
-1
0
0
0
1
0
0
1
0
-1
0
-1
0
0
0
0
0
1
0
1
1
0
-1
0
0
1
0
0
0
-1
0
1
1
0
0
0
-1
0
0
0
0
1
-1
-1
-1
0
0
0
-1
0
0
0
-1
0
0
0
1
0
0
2
0
1
1
0
0
2
1
0
0
0
-1
0
0
0
0
0
-1
-1
0
0
1
0
-1
0
0
1
0
0
0
-1
0
0
0
1
-1
-1
0
0
0
0
0
-1
-1
-1
0
0
0
0
0
0
0
0
0
0
0
0
0
0
0
1
0
0
2
1
0
0
1
0
-1
0
0
0
0
0
0
0
0
0
0
-1
-1
-1
0
0
0
0
0
0
0
0
0
0
0
1
1
0
0
0
0
0
0
0
0
0
1
0
0
-1
0
0
0
0
-1
0
0
-1
0
-1
0
0
1
1
0
1
0
0
0
0
0
-1
0
0
1
0
0
1
0
0
0
0
0
-1
0
-1
0
0
0
0
0
0
0
0
0
0
0
-1
1
1
1
1
0
0
0
0
0
0
0
0
0
0
0
1
0
0
0
-1
-1
0
0
0
0
0
0
0
-1
-1
0
0
0
-1
0
-1
-1
0
0
0
0
0
0
1
0
0
0
0
0
0
0
0
0
1
2
1
1
0
0
0
0
0
0
1
0
0
-1
-1
0
-1
0
0
0
-1
0
0
-1
0
0
-1
-1
0
0
1
0
0
0
0
0
0
0
0
0
0
0
0
0
0
0
0
0
0
0
0
-1
0
0
-1
0
0
-1
0
1
0
0
0
0
0
0
0
1
1
0
0
0
1
1
0
0
0
0
0
0
0
0
0
0
0
0
0
0
0
0
0
0
0
0
0
0
0
0
0
0
0
0
0
0
0
0
0
0
-1
0
-1
0
1
0
0
0
0
0
1
0
0
-1
0
0
0
1
0
0
0
1
2
0
0
0
-1
0
0
0
0
0
0
0
0
0
0
0
0
0
-1
-1
0
0
0
0
0
1
0
0
0
0
-1
-1
0
-1
0
0
1
1
2
0
0
0
-2
0
1
0
0
-1
0
0
0
-1
0
-1
0
1
0
0
-1
1
2
0
0
0
0
0
0
-1
-1
-1
-1
0
-1
-1
0
0
0
0
0
0
0
0
0
0
-1
0
0
0
0
0
0
2
0
0
1
0
1
0
0
1
1
0
0
0
0
0
0
0
-1
-2
0
0
0
-1
-1
0
0
0
0
0
-1
0
0
0
0
0
0
0
0
0
0
0
0
0
1
1
0
2
0
-1
1
1
0
0
-1
-1
0
0
0
0
0
-1
0
1
0
-2
-1
0
0
0
0
-1
0
0
1
0
-1
0
0
0
-1
-1
0
1
0
1
0
0
0
2
1
0
0
0
-1
-1
2
1
-1
0
0
0
0
0
0
0
-1
-1
0
0
1
0
-1
0
0
-1
-1
0
0
0
0
0
0
0
1
1
0
-1
0
0
0
0
0
0
-1
0
0
0
0
1
0
0
-1
0
1
0
0
1
0
0
0
0
-1
-1
0
0
0
-1
0
0
0
0
0
0
0
0
0
0
0
0
0
0
0
1
0
0
1
0
0
1
1
0
0
0
0
0
0
0
0
0
-1
0
0
0
0
0
0
0
0
-1
0
0
0
-1
0
0
0
0
0
1
0
0
0
-1
0
0
0
0
2
3
1
0
0
-1
0
0
0
0
0
0
0
0
-1
0
0
-1
0
0
0
-1
-1
1
0
0
0
0
0
0
0
0
0
-2
0
0
1
1
0
0
0
1
0
0
0
0
0
-1
0
0
0
0
2
2
1
0
0
-2
0
0
-1
1
0
0
1
-1
0
0
0
0
0
0
0
-1
0
0
0
0
2
0
0
0
0
-2
-1
1
0
1
1
2
1
-1
0
0
0
0
0
0
0
0
0
0
-2
-1
0
0
0
-1
0
0
0
0
0
1
0
0
0
0
-3
-2
-1
0
0
0
0
0
0
0
0
0
0
0
0
-1
0
1
0
0
1
3
3
0
0
0
0
0
0
-1
0
2
0
0
1
0
0
0
1
0
0
0
0
0
-1
0
0
0
-1
0
0
0
0
1
0
-1
-1
-1
0
0
0
0
1
1
0
0
0
0
0
0
0
1
0
1
1
0
0
0
-1
-1
0
0
0
0
0
0
-1
0
0
-2
0
0
-2
-1
0
0
0
-1
0
2
0
0
0
-1
0
0
0
0
1
-1
0
0
0
0
0
0
0
1
0
0
-1
0
1
0
0
0
0
0
0
0
0
0
0
0
0
0
0
0
-1
-2
0
-1
0
0
0
0
0
0
0
1
1
0
1
1
0
-1
-1
0
0
0
0
1
0
0
0
0
0
-1
0
0
0
0
0
1
0
0
0
0
0
0
0
1
0
0
1
0
-1
-1
0
0
0
-1
-1
0
0
0
-1
-2
-1
1
0
0
0
1
0
0
0
0
0
1
0
2
1
0
0
0
0
-1
0
0
1
0
0
1
0
0
0
-1
-1
0
-1
-1
0
-1
0
0
0
1
2
0
1
1
0
0
1
0
0
0
1
0
0
0
1
0
-2
-2
0
0
-1
0
-1
0
1
0
0
-1
0
0
0
0
0
0
0
1
2
1
0
-1
0
1
0
0
0
0
0
0
0
-1
-1
0
-1
-1
0
-1
0
0
0
0
2
1
-1
0
0
0
0
0
0
0
1
1
0
1
0
0
1
0
0
0
0
0
0
0
1
0
0
0
-1
0
-1
-1
0
0
0
-1
0
1
0
0
2
0
0
0
0
1
0
0
0
0
1
1
0
0
-1
0
0
0
0
0
0
-1
0
-1
0
0
0
0
-1
0
0
0
0
0
0
0
-1
0
0
0
0
0
2
0
0
0
0
1
-1
-2
0
0
1
0
0
1
0
-1
0
1
0
1
1
0
0
0
0
0
1
1
0
-1
-1
0
0
-1
0
0
0
0
-1
-1
0
0
0
0
0
1
0
0
0
0
-1
-1
1
1
0
0
0
1
-1
-1
0
1
0
0
0
0
0
-1
0
0
0
0
0
0
0
0
0
1
0
0
0
-1
0
0
-1
0
1
0
-1
0
0
0
-1
1
0
0
0
0
0
0
-2
0
0
0
1
0
0
0
1
0
0
0
0
-1
1
0
-1
0
0
0
0
0
0
1
0
0
1
0
0
-1
-1
0
0
0
0
0
0
0
0
0
1
2
1
0
-2
-1
-1
-1
0
0
-1
0
0
0
-1
-1
0
0
0
0
0
0
0
1
0
0
0
0
1
0
0
0
-1
0
0
1
0
0
0
0
0
-1
0
-1
0
0
0
-1
0
1
1
1
0
1
0
0
0
0
0
0
0
0
0
0
0
-1
0
0
0
0
0
0
0
0
-2
0
1
1
1
0
0
1
0
0
1
0
0
0
0
0
0
-1
0
0
-1
1
0
0
0
0
-1
0
0
0
0
0
0
1
1
-1
0
0
0
0
-1
0
0
1
0
0
0
0
0
0
-1
-1
0
1
0
0
1
0
1
0
0
0
0
0
0
1
0
0
0
0
-1
0
1
0
0
0
0
0
0
0
-1
0
1
0
0
0
0
0
0
0
0
0
0
1
0
0
-1
0
0
0
0
0
0
0
0
1
0
0
0
-1
1
0
-1
0
0
1
0
0
0
0
0
0
0
0
0
-1
-1
0
0
0
0
0
0
0
1
0
0
0
0
0
0
0
0
0
0
0
0
0
0
0
0
0
1
0
1
0
0
0
0
0
0
0
0
0
0
0
0
0
0
1
1
0
-1
-3
0
0
0
1
0
0
0
0
0
0
0
1
1
0
-1
-1
0
0
0
0
0
0
0
0
0
0
0
1
0
0
0
0
0
0
0
1
0
-1
-1
0
0
0
-2
0
1
0
0
-1
-1
0
0
0
0
0
0
0
0
0
0
0
0
0
0
0
0
0
0
0
0
0
0
-1
0
0
-1
0
-1
0
0
0
0
0
1
-1
0
0
0
1
0
1
0
-1
0
0
0
0
0
-1
0
0
-1
0
1
2
0
0
2
1
0
-1
1
-1
-1
0
0
0
-1
0
0
1
0
0
-1
0
0
0
0
0
0
0
0
-2
0
2
0
1
0
0
0
0
0
0
0
0
0
1
0
0
0
0
0
-1
0
0
0
0
0
0
0
0
0
-2
-1
0
0
1
3
1
0
0
0
0
1
0
0
0
0
0
-1
0
2
0
0
0
0
0
1
1
1
-1
-1
0
0
0
0
0
0
0
-1
-1
0
1
2
0
0
0
0
0
-1
0
0
0
0
0
0
0
0
0
-1
-1
0
0
1
1
0
1
0
0
0
0
0
0
0
0
0
0
-1
0
0
-1
-1
0
0
1
0
0
1
0
-1
0
-3
0
0
-1
0
1
0
0
0
0
0
1
0
-1
-1
0
0
-1
0
1
1
1
1
1
0
0
0
-1
-1
0
-1
0
0
0
0
0
-1
0
0
0
0
-1
-1
0
0
0
0
0
0
0
1
0
-1
-1
0
0
0
0
-1
0
0
1
0
0
2
1
0
0
0
0
0
0
-1
-1
0
0
-1
-1
0
1
-1
-1
0
0
0
-1
-1
-2
0
0
-1
0
-1
1
1
1
1
2
3
-1
0
0
0
-1
0
0
0
0
0
1
0
0
0
0
0
-1
0
0
-1
0
0
-1
-1
0
0
0
0
0
0
0
1
0
-1
0
0
0
0
0
0
0
0
0
1
0
0
2
0
-1
1
1
0
0
0
0
0
0
0
0
1
0
0
0
0
0
0
0
0
0
0
1
0
0
0
-1
0
0
0
0
1
0
0
0
0
0
0
0
0
0
0
0
0
-1
0
0
0
0
0
0
0
0
-1
0
-1
0
0
-1
-1
0
1
0
0
1
0
0
0
0
1
1
1
1
0
0
0
0
0
0
0
0
1
0
-1
0
-1
-1
0
0
0
-1
0
0
0
-1
-1
0
0
0
0
0
0
0
1
0
0
0
0
0
0
0
0
0
0
0
0
0
0
0
0
0
-1
0
0
0
0
0
0
0
-1
0
0
0
0
0
0
0
0
0
-1
0
0
0
0
0
0
0
0
0
1
1
0
0
0
0
0
0
0
1
0
0
0
0
0
0
0
0
0
0
0
0
0
0
0
-1
-1
-1
0
-1
0
-1
-1
0
0
0
-1
0
0
0
0
0
0
0
1
0
1
1
1
0
0
1
1
0
0
1
0
0
0
0
0
0
0
0
0
0
-1
-1
0
0
0
0
0
0
0
-1
-1
-1
-1
-2
0
0
0
-1
-1
0
0
1
1
0
0
0
1
1
0
2
0
0
0
0
0
0
0
0
0
-1
0
0
0
0
-1
0
0
-1
0
0
-1
0
1
0
0
0
0
0
0
0
0
1
0
0
1
0
0
0
0
0
-1
0
0
0
-1
0
-1
-1
0
0
0
0
0
1
-1
-1
0
0
0
1
0
0
0
0
0
2
0
0
0
0
1
1
0
0
0
-1
0
0
0
0
0
1
0
0
0
0
0
1
0
0
0
0
0
0
0
0
0
0
-1
-1
0
1
0
-2
-1
1
2
0
0
0
0
0
1
0
-1
-2
0
1
0
0
1
0
0
0
0
0
0
0
1
0
0
-1
-2
0
0
0
1
0
-1
0
-1
-1
0
0
0
0
0
0
0
1
3
0
0
1
0
-1
0
1
0
0
0
1
0
0
0
-1
0
0
0
-1
-2
0
0
0
0
0
0
1
0
0
0
-2
0
0
-1
1
0
0
0
0
0
0
0
0
0
-1
0
1
1
0
0
0
0
0
0
0
-2
-2
0
-1
0
0
0
0
-1
0
0
0
0
0
0
0
0
0
0
0
0
0
1
0
0
0
1
-1
-1
0
1
-1
0
0
-1
0
0
0
-1
0
1
0
0
-1
0
1
1
0
-1
0
1
0
0
1
0
0
0
0
0
0
-2
0
0
1
0
0
1
1
-1
-2
0
1
0
0
0
0
0
-1
0
0
-1
1
1
0
1
0
1
1
0
0
0
0
-2
2
0
-1
0
0
0
0
0
0
-1
-1
0
0
-1
-1
-1
1
0
0
1
-1
0
0
-1
0
0
0
0
0
0
1
3
1
0
0
0
0
0
1
0
0
0
0
-1
-1
0
-1
0
2
1
0
1
0
0
0
0
0
0
0
0
0
0
-1
-1
1
1
0
-1
-2
-1
0
0
1
0
0
0
0
0
-1
0
0
0
1
0
-1
0
0
0
0
0
0
1
1
0
0
0
0
1
0
0
-1
-1
0
0
0
0
0
0
1
0
0
0
0
1
1
1
0
0
0
0
0
0
-1
0
0
0
0
0
-1
0
0
0
0
-1
0
0
0
2
0
0
1
0
0
0
1
0
1
0
0
0
0
1
1
0
0
0
-1
0
0
0
0
0
0
0
-1
0
-1
0
-1
0
0
0
0
1
0
0
0
0
0
0
0
-1
0
0
0
1
0
1
1
0
0
0
0
0
0
0
0
0
0
0
0
0
0
-1
-1
-1
0
0
0
0
-1
0
0
1
1
0
0
-1
0
0
0
1
0
1
0
0
0
0
0
-1
0
0
0
-1
0
0
0
-1
0
2
0
0
0
0
0
0
1
0
0
0
0
0
0
0
0
0
0
0
0
0
-1
0
0
-1
-1
0
0
0
0
0
2
0
0
0
0
0
0
0
0
1
0
-1
0
0
0
0
0
0
0
0
0
0
0
0
1
1
0
1
0
0
0
0
0
0
0
0
0
0
-1
0
0
0
0
0
0
-1
0
-2
-1
0
0
0
1
0
0
0
0
0
0
-1
0
0
1
1
-2
0
1
0
1
1
0
2
1
0
0
1
0
1
0
0
0
0
0
0
-1
-1
0
0
0
0
-1
-1
0
-2
-2
-3
-3
-1
-2
-1
0
0
1
0
-1
0
0
0
0
0
0
2
2
2
1
1
2
2
1
1
1
1
0
1
1
0
0
2
1
1
1
0
1
-1
-1
0
0
-1
0
-3
-1
-2
-2
-2
-3
-1
-2
-2
-3
0
0
-1
0
0
0
0
0
0
1
2
2
1
1
2
1
0
0
2
1
0
1
0
0
0
0
0
0
-1
-1
-1
-1
0
0
-1
0
0
0
0
0
0
0
-1
0
0
0
0
1
0
0
0
0
0
1
1
0
0
0
1
0
0
0
0
1
0
0
1
0
0
1
0
0
0
-2
-1
0
0
0
-1
0
-1
0
-1
-1
0
0
0
0
1
-1
0
0
0
0
1
1
0
0
0
0
0
0
0
0
-1
0
1
1
1
-1
-1
0
1
0
0
0
0
0
0
0
-1
-1
0
0
0
0
0
-1
0
0
-1
-1
1
0
0
0
0
0
1
-1
0
0
1
1
0
1
1
0
0
0
1
0
-1
1
1
1
0
-1
0
0
0
-1
-1
0
0
-1
-1
0
0
0
0
0
0
0
0
0
0
1
1
0
0
0
0
1
0
0
1
-1
0
0
0
1
0
-2
0
0
0
0
0
0
0
0
0
0
0
0
-1
0
0
0
1
0
1
0
-1
0
0
0
0
0
0
0
-1
0
0
-1
0
0
0
1
0
0
0
1
0
0
0
0
-1
0
0
-1
0
0
0
0
0
0
0
1
0
0
0
0
0
0
0
0
-2
-1
0
2
0
0
0
0
0
0
0
0
0
0
1
1
1
0
0
0
0
0
0
0
0
-2
0
0
0
-1
-1
0
0
0
0
0
-1
-1
0
0
0
1
0
0
0
0
1
1
0
0
0
1
1
0
0
0
0
0
0
0
0
0
0
-1
0
1
0
-1
0
0
0
0
0
-1
0
1
0
0
0
0
0
-1
0
0
0
0
0
0
0
0
0
0
0
0
0
0
1
1
0
0
0
0
0
0
0
0
0
0
0
0
0
0
0
-1
0
0
0
0
0
0
-1
0
0
0
0
-1
0
0
0
0
-1
0
1
1
1
0
0
0
0
0
0
0
0
0
0
0
2
0
-2
0
0
0
-1
1
0
-1
0
0
0
-1
0
-1
0
0
0
0
0
0
0
0
1
0
1
-1
0
1
0
1
0
0
1
0
-1
-1
0
0
1
0
-2
-1
0
0
0
0
1
0
0
0
1
0
0
-1
0
0
0
0
-1
-1
0
0
0
0
-1
0
0
1
0
0
0
1
0
0
0
0
0
0
0
0
0
0
0
0
0
1
0
0
0
1
0
0
0
0
-1
0
1
0
0
0
0
0
0
0
-1
0
1
0
0
0
0
-1
0
-1
0
-1
-1
0
0
1
1
-1
0
0
0
0
0
0
0
1
0
-1
-1
-1
-1
0
0
0
0
0
1
0
0
1
1
1
0
0
0
0
0
0
1
-1
0
0
0
0
0
0
-1
0
1
0
0
0
1
0
0
0
1
0
-1
0
0
-1
-3
0
0
0
0
0
1
1
0
2
2
0
0
0
0
-1
-1
0
0
0
0
0
1
-1
0
0
0
1
0
0
1
-1
0
0
-1
0
0
-1
0
0
0
0
0
0
0
0
0
0
0
1
0
0
0
0
0
-1
-1
-1
0
0
-1
0
0
1
0
0
0
-1
1
0
0
2
0
0
0
0
0
-1
0
1
0
0
0
0
1
-1
-1
0
0
0
0
-1
0
-1
0
0
0
0
0
0
0
0
0
1
0
0
1
-1
0
0
0
0
0
0
0
0
0
0
0
1
0
-1
0
0
0
0
0
0
0
2
-1
-2
0
0
0
0
0
0
0
0
-1
-1
0
1
1
0
0
0
1
0
-1
0
0
0
0
0
0
-1
0
0
0
0
1
0
0
0
0
0
0
-1
0
0
-1
1
2
2
0
1
0
0
0
0
0
0
0
0
0
0
0
-1
0
0
0
0
0
0
0
0
-1
0
0
0
1
0
0
0
-1
0
0
0
0
0
0
-2
0
0
-1
0
0
0
0
1
0
0
0
0
0
0
0
1
0
0
0
0
1
0
0
0
0
-1
0
0
0
0
0
0
-1
-1
0
-1
0
-1
0
0
0
0
0
0
0
1
0
0
1
1
0
0
0
0
0
0
1
0
-1
0
0
-1
0
0
0
-1
0
0
0
0
0
0
0
0
0
1
1
0
0
0
1
0
0
0
0
0
0
0
0
0
-1
0
1
0
0
-1
0
0
0
0
0
0
0
-1
0
0
0
2
-1
0
0
-1
0
0
1
0
0
0
0
-1
-1
0
0
0
0
0
-1
0
0
0
2
0
0
0
0
0
0
0
-1
0
0
1
0
-1
0
0
0
1
0
1
0
0
-1
0
0
0
-2
0
1
0
0
-1
-1
0
1
1
0
0
0
0
-1
0
0
0
0
-1
0
0
0
0
0
0
1
0
0
1
0
0
0
0
0
1
0
0
0
0
0
0
0
0
0
0
0
0
0
0
0
0
0
0
0
0
-1
0
1
0
0
0
0
-1
0
0
0
0
0
0
0
0
0
0
0
0
1
0
0
0
0
0
0
1
-1
0
-1
0
0
-2
-1
0
0
0
0
0
-1
0
0
0
0
0
0
0
0
1
0
0
0
1
1
0
0
0
0
0
1
0
0
0
-1
0
-1
0
0
-1
0
0
0
-1
0
2
2
0
0
0
0
-1
0
1
0
0
1
0
0
1
0
-1
1
0
0
0
-2
-2
0
0
0
1
0
0
1
0
0
0
0
0
0
0
0
0
0
1
0
0
0
0
0
-1
0
0
-1
-1
-1
0
2
0
0
0
-1
0
1
1
0
0
1
0
-1
0
0
2
1
0
0
-1
0
0
-1
0
0
-1
0
0
0
0
1
0
0
0
0
0
0
0
0
0
-1
0
0
0
0
2
0
0
1
1
0
0
0
-1
-2
0
0
0
0
-1
0
0
0
0
0
0
0
0
0
0
0
0
1
0
0
-1
0
0
0
0
0
0
0
-1
0
0
0
-1
0
0
0
0
0
0
-1
0
1
0
0
1
0
0
0
0
0
0
0
0
0
0
0
-1
0
0
0
0
-1
0
0
0
1
0
1
1
0
1
1
0
0
0
0
0
0
-1
0
0
0
-1
-1
0
-3
-1
0
0
0
0
1
0
0
0
0
0
0
1
1
0
1
0
0
0
-1
0
0
1
0
0
0
-1
0
0
0
0
0
-1
0
0
0
-1
-1
1
0
1
0
0
0
0
0
1
0
0
1
1
0
-1
-1
-1
-1
-1
0
0
0
0
2
1
0
0
-1
0
1
0
1
0
0
1
0
-1
0
0
0
0
0
0
0
0
0
0
0
-1
2
1
0
-1
1
0
-1
0
-1
-2
-1
0
1
0
0
0
0
0
0
0
0
0
0
0
0
0
0
0
0
0
1
0
0
0
0
-1
0
0
0
0
0
0
0
0
0
0
0
1
0
1
0
0
0
0
0
0
-1
0
0
1
0
0
0
0
1
0
-1
0
0
0
0
-1
-1
0
0
1
0
0
0
0
1
0
1
1
0
0
1
0
-1
0
0
0
0
0
0
0
0
0
0
0
1
0
-1
0
0
0
0
0
0
0
0
-1
0
0
0
-1
0
0
-1
0
0
0
0
0
0
0
0
1
0
0
0
0
0
0
0
1
0
0
1
2
0
-1
0
0
0
0
0
0
0
2
0
-1
-1
-2
-2
0
-1
0
0
0
0
0
1
0
0
0
0
1
0
0
0
1
0
0
0
0
0
0
0
1
1
0
0
0
0
0
0
0
0
0
-1
0
1
0
-1
-2
-1
1
0
-1
-1
0
0
-1
0
-1
1
1
-1
1
0
0
0
1
3
0
1
0
0
0
0
-1
0
0
0
0
0
0
0
0
-1
0
-1
0
0
0
0
-1
0
0
0
0
0
2
0
0
0
0
0
0
0
-1
0
0
0
0
-2
-1
0
0
0
0
-1
0
0
0
0
1
-1
0
2
2
1
0
-1
0
1
0
0
0
0
-1
0
0
0
0
0
1
-1
0
0
0
-1
0
1
0
0
0
0
1
0
-1
0
0
0
0
0
1
0
0
0
0
-1
0
0
1
1
0
0
0
-1
0
0
0
-1
-1
2
0
-1
0
0
0
0
0
0
0
0
-1
0
1
0
0
0
-2
0
1
1
0
0
-1
0
0
0
1
0
-1
0
0
0
0
0
0
1
0
-1
-1
0
0
0
0
-1
0
0
0
0
0
0
0
0
1
0
0
0
0
0
0
0
1
0
0
0
0
0
0
-1
-1
0
0
0
0
1
0
0
0
0
0
0
1
0
0
0
-1
0
0
0
0
0
0
0
0
0
0
1
0
-1
2
-1
0
0
0
0
0
0
0
0
0
0
0
0
0
0
0
0
0
-1
-1
1
0
0
0
-1
1
1
0
0
0
0
1
0
-1
0
0
0
0
0
-2
0
0
0
0
0
0
0
2
0
0
0
0
0
0
0
0
0
0
0
0
0
1
0
-1
0
0
0
0
0
0
-1
0
0
0
0
0
0
0
0
1
-1
-1
0
0
1
-1
0
0
0
0
0
-1
-1
0
-1
0
0
0
0
0
0
0
0
0
0
0
0
0
0
0
0
0
-1
0
0
1
1
1
0
0
0
0
0
-1
0
-1
-1
0
0
0
1
-1
-2
0
0
0
0
0
0
0
-1
0
0
1
0
1
0
0
1
0
0
0
0
0
0
1
0
-1
0
0
0
0
-1
0
-1
-1
0
0
0
0
0
1
1
0
1
1
0
1
0
0
0
0
0
0
-1
-1
-1
0
1
0
-1
-2
-2
0
0
0
-1
-1
0
0
0
0
0
0
1
1
0
0
0
0
0
1
1
0
-1
0
0
1
0
0
-1
-1
0
-1
0
0
-1
0
0
0
0
0
-1
-1
0
0
0
0
0
0
0
0
1
0
0
0
0
0
0
0
1
0
0
0
1
1
1
0
-1
0
0
0
0
0
0
0
0
0
-1
-3
0
0
0
1
0
-1
1
1
0
0
0
0
0
0
0
-1
1
2
1
-2
-1
1
0
0
-1
-1
0
0
1
0
0
1
0
1
0
1
0
0
0
-1
0
0
0
0
0
0
0
-1
0
-1
0
-2
-1
0
0
0
-1
0
0
1
0
0
0
0
2
0
0
0
0
0
0
-1
0
0
0
0
0
0
0
0
0
-1
-1
0
0
0
0
0
0
2
1
1
0
0
0
0
-1
0
0
0
0
0
0
0
0
1
1
1
-1
-3
-1
0
-1
-1
-1
1
1
0
-1
0
1
0
0
1
0
-2
0
0
0
0
0
0
1
1
1
0
0
1
0
-1
-2
-2
-2
0
0
0
0
1
1
0
0
0
0
0
0
-2
-1
-1
0
0
0
0
0
1
1
0
0
0
0
0
0
0
0
0
0
0
0
0
0
0
-1
-2
-1
0
0
-1
-1
-1
0
2
0
0
1
1
0
2
1
1
1
2
0
0
0
-2
0
0
0
0
0
-1
-1
0
0
0
0
1
0
0
-1
1
0
0
0
0
1
1
0
0
1
0
0
0
0
-1
-1
-1
0
0
1
0
0
0
0
0
1
0
0
1
0
-1
-1
0
-1
0
-1
0
0
0
0
0
1
0
0
2
1
0
0
0
0
-1
-1
0
0
0
-1
0
0
0
-1
0
2
0
0
0
0
0
1
0
0
2
2
0
1
0
-1
-1
0
0
0
-1
-1
-1
0
0
0
1
0
1
0
0
0
0
-1
-2
-1
0
-1
-1
-1
0
0
1
0
0
0
0
1
0
1
0
0
1
0
1
1
0
0
0
-1
-1
-1
0
1
0
0
0
0
0
1
0
0
1
0
0
-1
0
0
0
0
-1
-1
0
0
0
0
0
0
0
0
0
-1
0
1
0
0
0
0
1
1
0
0
0
0
0
0
-1
-1
0
0
1
0
-1
0
1
2
-1
-1
0
0
1
0
0
0
0
0
0
0
-2
0
0
1
0
0
-1
0
0
-1
1
0
0
1
0
0
1
0
1
0
0
-1
-1
0
0
0
0
0
0
-1
0
0
0
0
0
0
1
0
0
1
-1
-1
0
-1
0
0
0
1
-1
0
0
0
0
1
0
0
0
0
0
0
0
0
0
-1
0
0
0
0
0
0
0
1
0
1
1
-1
1
0
0
0
0
0
0
1
0
-1
-1
0
1
0
0
-1
-1
0
0
-2
-1
-1
0
0
0
0
0
0
0
0
0
1
1
2
1
1
0
0
1
-2
-1
0
0
-1
1
0
0
0
-1
0
0
-1
-1
0
0
0
0
0
0
0
0
0
0
0
0
0
0
0
0
1
0
0
2
0
0
0
0
1
0
0
0
-1
1
1
0
0
0
0
0
0
-1
0
-1
-1
0
0
0
0
0
1
0
-1
1
0
1
0
0
0
-1
0
0
0
-1
0
0
0
0
1
0
0
0
0
0
2
0
0
0
0
0
1
0
0
0
-1
0
0
0
0
1
0
0
1
0
-1
-1
0
0
-1
0
1
0
0
0
-1
0
0
0
0
-1
-1
-1
0
0
0
1
1
2
1
0
0
0
0
0
0
0
0
0
2
0
0
0
0
0
-1
0
0
0
0
-2
-2
-1
0
0
0
0
1
0
1
2
0
0
0
0
0
0
0
-2
0
0
-1
-1
0
0
0
-1
0
0
1
3
1
0
1
1
0
0
0
0
-1
0
-1
0
0
-2
-1
-1
0
0
-1
1
1
1
0
-2
0
1
-1
0
0
1
0
-1
-1
0
0
0
-1
0
2
0
0
0
0
1
0
0
0
0
0
0
1
0
0
1
0
1
0
-1
0
-1
-1
0
0
-1
0
-1
0
1
1
-1
0
0
1
1
-1
0
-2
0
0
0
1
0
-1
-1
0
0
0
2
1
0
0
0
0
0
1
1
0
-1
-1
0
0
0
0
0
0
0
1
0
0
0
0
-1
0
2
-1
-1
-1
-1
0
0
2
1
0
-1
0
1
1
0
-2
0
1
0
0
1
-1
-1
-1
0
1
1
0
0
1
0
0
0
0
1
0
0
0
1
0
0
0
-1
0
1
1
0
-1
0
0
0
1
0
-2
0
0
-1
-1
-1
-1
0
0
0
0
0
1
2
0
1
0
0
1
0
0
-1
0
0
1
0
0
0
0
0
0
0
0
-1
0
0
-1
0
0
1
0
1
2
1
0
0
0
0
-1
-1
-2
0
-1
-1
0
2
0
0
1
0
0
0
-1
0
0
0
0
0
0
0
0
0
0
0
0
0
0
0
0
0
0
1
-1
-1
0
0
0
0
0
0
0
0
0
0
0
0
0
0
0
1
0
0
-1
0
1
-1
0
0
0
0
-2
-1
0
0
-1
0
0
0
1
1
0
0
-1
0
2
2
0
0
-1
1
2
3
2
1
0
0
-1
-1
0
-1
-2
-1
0
-2
0
-1
1
1
0
0
0
1
1
0
-1
0
0
0
0
0
-1
0
0
1
0
0
-1
0
0
0
0
0
0
0
0
2
1
0
0
0
0
1
0
1
0
0
0
0
1
0
-1
0
1
0
0
-1
-2
-1
0
-1
-1
-1
0
1
0
0
0
0
0
0
0
-1
0
0
0
0
0
1
1
1
0
0
0
0
1
0
-1
0
0
1
1
0
0
0
1
0
0
0
-1
-1
0
1
0
0
1
0
-1
-1
0
0
0
0
0
0
0
1
0
0
0
1
-1
0
0
-1
0
0
0
0
1
0
0
0
-1
0
0
0
-1
0
0
-1
1
1
0
0
0
2
0
0
0
0
0
0
-1
-1
0
0
0
0
0
0
2
2
0
0
0
0
0
-1
-1
-1
0
0
0
1
1
0
0
0
0
-1
0
0
0
1
0
0
0
0
0
-1
0
0
0
0
0
0
0
-1
0
0
-1
0
1
0
0
-1
1
0
0
-1
-3
0
0
-1
0
0
0
0
1
0
0
1
0
0
0
0
0
2
2
0
0
0
0
0
-2
0
0
0
1
0
0
1
0
0
0
0
0
-1
0
0
0
-1
0
0
0
0
0
0
0
0
1
0
0
-1
-1
-1
0
0
0
0
0
0
-1
0
1
0
0
0
0
0
1
0
0
0
0
0
0
1
1
0
0
1
0
0
0
0
1
0
0
-1
-1
0
0
-1
-1
0
0
-1
0
-1
0
0
0
0
0
1
1
0
1
0
-1
-1
1
0
0
0
-1
1
1
1
0
0
1
0
-1
0
0
0
0
0
0
-1
0
0
0
0
0
0
-1
0
0
0
0
0
0
1
1
0
1
0
0
0
-1
-1
0
0
0
0
-1
1
1
0
-1
0
0
-1
0
0
1
0
0
0
0
0
0
1
-1
0
0
0
0
-1
0
0
-1
0
0
0
0
0
0
0
0
1
0
0
0
0
0
0
0
0
1
0
0
0
0
0
0
0
0
0
1
0
0
0
0
0
0
0
0
1
0
1
0
0
0
0
-1
-1
-2
-1
0
0
-1
0
0
-1
-1
0
0
0
0
1
1
0
-1
0
0
1
2
2
1
0
2
1
0
0
0
0
-1
0
0
0
0
0
0
-1
0
0
0
0
0
0
0
0
-1
0
0
0
0
0
0
0
0
0
0
0
0
0
0
-1
0
0
0
-1
-1
0
0
0
0
1
2
1
0
0
0
0
0
0
0
0
-1
-1
-1
-1
0
0
0
0
0
0
0
0
0
0
0
-2
-2
0
0
0
1
0
1
1
2
2
1
3
5
2
1
0
0
1
0
0
0
0
-1
-3
-1
-2
-3
-2
-3
-3
-2
-2
-1
-2
-2
0
0
-1
0
0
0
0
0
3
2
1
1
2
3
2
2
2
0
0
1
0
0
0
0
2
0
1
1
0
0
0
1
1
0
0
0
-1
0
-1
-3
-2
-2
-1
-1
-1
-1
-1
1
1
-1
-1
-1
0
-2
-1
0
0
0
0
0
0
1
1
0
0
1
1
1
1
2
0
0
1
0
0
0
1
-1
0
0
0
0
-2
0
0
-1
0
-1
0
-1
-1
0
0
-1
-1
0
0
1
-1
0
0
0
1
0
0
0
0
1
1
0
1
0
0
1
0
0
0
0
0
0
0
0
-1
0
0
-1
0
0
0
0
-1
-1
0
0
0
0
0
-1
0
0
0
1
0
0
0
1
0
0
0
0
0
1
0
0
0
0
1
0
-1
0
-1
0
1
1
0
0
0
0
0
1
0
1
0
0
-1
1
-1
-2
0
0
0
0
0
0
-2
-1
0
0
0
-1
0
0
0
0
1
1
-1
1
2
1
2
1
1
0
0
0
0
-1
-1
-1
0
0
-1
-2
-1
1
-1
-1
0
0
-1
0
0
0
1
1
0
1
0
0
1
1
0
-1
0
0
0
0
0
0
1
0
0
0
-1
-1
0
0
0
0
0
0
0
0
0
0
0
-1
0
0
0
-1
0
0
-1
0
-1
0
1
0
0
0
1
1
0
0
0
0
0
0
0
0
0
0
1
0
0
0
0
0
-1
0
0
0
0
0
0
0
0
0
-1
0
0
0
0
0
0
0
0
0
-1
0
0
0
0
0
0
0
0
0
0
0
0
0
0
-1
0
1
1
1
0
0
0
0
0
-1
0
0
0
0
0
1
1
0
0
0
1
0
0
-1
-1
1
0
0
0
0
0
-2
-2
0
1
2
1
0
0
0
0
0
0
-1
1
0
0
0
-1
0
0
0
0
0
-1
1
-1
-1
-1
0
0
0
0
0
-1
-1
0
0
0
0
0
0
0
0
0
0
0
1
0
0
0
0
0
1
0
0
0
0
0
0
2
2
1
2
2
1
2
0
0
0
1
-1
-2
-2
-2
-1
-2
-3
-2
-1
0
0
-2
-1
0
-1
-1
-1
0
0
-2
0
0
-2
-3
-2
0
0
0
0
1
1
0
3
2
1
2
2
2
3
1
2
2
1
2
2
0
0
-1
0
0
0
-1
0
0
-2
0
0
-3
-1
-1
0
0
0
0
0
0
-3
-2
-1
0
0
-2
1
1
1
1
0
0
0
0
0
1
0
0
3
0
-1
1
0
0
0
0
-2
0
0
-1
0
0
0
1
0
-2
-1
0
-2
-1
0
-1
0
0
0
0
0
0
1
1
0
0
1
0
0
0
-1
0
0
0
0
0
0
0
0
0
1
0
0
0
-2
-1
-1
0
0
-1
0
0
0
0
0
0
3
1
0
0
0
0
0
0
0
0
-1
0
0
-1
-1
0
0
0
0
0
0
1
0
0
0
0
0
-1
-2
0
0
-1
-2
0
1
0
0
1
0
2
0
0
0
0
0
0
0
-1
0
0
0
0
0
0
-1
0
2
1
0
0
0
0
0
0
0
0
0
-1
0
-2
0
0
0
0
0
0
1
1
0
0
0
1
2
0
0
0
-1
0
2
0
0
-1
0
0
0
0
0
1
0
0
0
-1
0
1
0
0
0
0
0
0
-1
-1
-2
0
0
0
0
0
0
-1
0
1
0
1
0
0
0
0
0
0
0
0
0
0
0
0
0
0
0
1
0
0
-1
0
0
0
0
0
0
0
0
-1
0
0
0
0
0
0
0
0
-1
-1
-2
-2
0
0
0
0
0
-1
1
1
2
0
0
0
0
2
0
0
0
0
0
0
0
0
0
-2
0
0
0
1
-2
0
1
0
-1
0
1
0
0
0
0
0
0
0
0
0
0
0
0
0
1
2
0
0
1
1
0
0
-1
-1
-1
-1
-1
0
0
0
0
0
0
-2
0
0
0
0
0
2
0
0
1
1
0
0
0
1
1
1
0
1
0
-1
-1
0
0
-1
-1
0
-1
-2
0
0
0
0
0
0
0
0
1
2
0
0
0
0
0
0
0
0
0
0
0
0
0
0
0
0
0
-1
0
0
0
0
-1
0
0
1
0
0
0
0
0
0
-1
0
0
-1
-2
0
0
0
1
0
0
0
0
0
0
0
0
0
1
1
0
0
0
0
0
0
0
0
0
0
-1
0
0
0
-1
1
1
0
1
0
0
0
0
1
0
0
0
0
0
0
-1
0
1
1
0
0
0
0
0
0
0
0
1
0
-1
0
0
-1
0
-1
-1
-1
-1
0
0
0
0
1
0
0
0
0
0
0
1
0
0
1
0
0
0
0
0
0
0
0
0
-1
-2
-1
1
0
0
1
0
0
0
0
1
0
1
0
0
0
1
0
0
0
0
0
0
-1
0
0
0
-1
0
0
0
-1
-2
-1
0
0
0
0
2
0
0
1
0
0
1
1
0
0
0
1
-1
-1
0
0
1
0
0
0
0
0
0
0
0
0
0
0
0
0
-1
0
-1
-1
0
-1
0
0
0
0
1
-1
0
0
0
0
0
2
0
0
-1
0
2
0
1
0
1
1
0
1
0
-1
-2
0
0
0
1
-1
-1
0
-1
0
0
0
0
-1
-1
0
0
0
0
0
0
0
1
0
0
0
-1
-1
0
0
0
0
0
1
2
1
1
0
0
1
0
0
0
0
-1
0
0
0
0
0
0
0
0
0
0
0
0
0
0
0
-1
0
0
0
0
0
0
0
0
0
0
1
0
0
0
0
1
0
0
0
0
0
0
0
0
1
1
2
1
1
0
0
0
0
0
0
-1
-1
-1
0
0
0
0
0
0
-1
-1
0
0
0
0
0
0
0
0
0
-1
0
0
0
2
0
0
1
1
1
0
0
0
0
0
0
1
0
0
0
0
0
0
1
0
-2
0
0
-2
0
-2
0
