0
0
0
0
0
0
0
0
0
0
0
0
0
0
0
0
0
0
0
0
0
0
0
0
0
0
0
0
0
0
0
0
0
0
0
0
0
0
0
0
0
0
0
0
0
0
0
0
0
0
0
0
0
0
0
0
0
0
0
0
0
0
0
0
0
0
0
0
0
0
0
0
0
0
0
0
0
0
0
0
0
0
0
0
0
0
0
0
0
0
0
0
0
0
0
0
0
0
0
0
0
0
0
0
0
0
0
0
0
0
0
0
0
0
0
0
0
0
0
0
0
0
0
0
0
0
0
0
0
0
0
0
0
0
0
0
0
0
0
0
0
0
0
0
0
0
0
0
0
0
0
0
0
0
0
0
0
0
0
0
0
0
0
0
0
0
0
0
0
0
0
0
0
0
0
0
0
0
0
0
0
0
0
0
0
0
0
0
0
0
0
0
0
0
0
0
0
0
0
0
0
0
0
0
0
0
0
0
0
0
0
0
0
0
0
0
0
0
0
0
0
0
0
0
0
0
0
0
0
0
0
0
0
0
0
0
0
0
0
0
0
0
0
0
0
0
0
0
0
0
0
0
0
0
0
0
0
0
0
0
0
0
0
0
0
0
0
0
0
0
0
0
0
0
0
0
0
0
0
0
0
0
0
0
0
0
0
0
0
0
0
0
0
0
0
0
0
0
0
0
0
0
0
0
0
0
0
0
0
0
0
0
0
0
0
0
0
0
0
0
0
0
0
0
0
0
0
0
0
0
0
0
0
0
0
0
0
0
0
0
0
0
0
0
0
0
0
0
0
0
0
0
0
0
0
0
0
0
0
0
0
0
0
0
0
0
0
0
0
0
0
0
0
0
0
0
0
0
0
0
0
0
0
0
0
0
0
0
0
0
0
0
0
0
0
0
0
0
0
0
0
0
0
0
0
0
0
0
0
0
0
0
0
0
0
0
0
0
0
0
0
0
0
0
0
0
0
0
0
0
0
0
0
0
0
0
0
0
0
0
0
0
0
0
0
0
0
0
0
0
0
0
0
0
0
0
0
-1
0
-1
0
0
0
0
0
0
0
0
0
1
-3
0
-2
-1
1
0
1
-1
-1
0
0
1
0
0
0
0
1
2
-1
0
0
0
0
-3
0
0
0
1
0
-2
-2
2
0
1
0
-1
0
0
0
-3
-2
-1
0
0
1
0
-1
3
2
1
0
-1
-1
0
1
0
0
-3
2
2
0
2
0
0
2
0
-1
0
-2
0
-1
-2
-1
1
3
0
1
1
-2
0
0
-2
0
-3
-2
0
-1
-1
3
-1
1
1
-1
1
0
0
-2
1
0
-3
-3
-2
0
0
2
0
0
1
0
0
3
1
-1
1
-1
0
0
0
1
-1
0
0
2
0
2
3
1
0
-1
-2
-1
-1
-1
0
2
0
-1
0
-1
-1
0
0
-2
0
-1
0
-1
-2
-2
0
1
1
1
-1
-2
0
1
1
0
0
0
4
3
2
2
0
0
0
-2
-1
0
0
0
-2
1
1
0
-1
0
0
-1
0
-1
0
0
0
-2
0
0
1
-2
-1
0
-3
1
1
2
0
0
0
0
-1
0
0
-2
0
0
4
3
2
0
0
3
0
0
0
1
0
0
0
0
0
0
0
0
2
0
1
1
-2
0
-1
-3
-2
-2
-1
-1
-2
-1
-1
-1
1
0
3
0
0
1
1
0
0
0
-1
0
-1
0
0
1
1
0
3
0
0
0
1
1
1
-1
-1
0
0
0
-1
-1
-2
-1
0
0
-1
-1
-2
-1
0
0
1
-2
-1
0
0
2
0
0
-1
5
4
1
0
-1
1
0
-1
1
2
0
0
-2
-2
-2
-2
-1
0
-2
0
0
0
-1
0
2
0
0
0
0
1
1
2
1
2
0
1
0
-1
0
0
0
-1
0
0
0
-2
0
0
1
0
-2
0
-1
-1
-1
0
0
0
0
-1
0
0
0
1
1
0
0
-1
0
0
1
0
0
0
0
1
0
0
0
1
1
-1
0
2
0
1
1
-1
1
0
-1
-2
0
3
1
-1
-3
0
0
-2
-1
-2
0
0
-2
0
-2
0
1
0
2
0
1
0
0
1
0
0
0
0
0
-2
-1
1
0
1
0
0
4
-1
-1
-3
0
0
0
0
0
0
0
0
0
1
1
0
-2
-2
2
0
-2
0
0
0
0
1
0
0
0
-1
0
1
0
0
0
0
2
2
1
0
0
2
0
1
0
-2
-3
-2
-1
0
0
1
0
0
0
-1
2
1
0
-1
-2
-1
-2
0
0
0
1
3
1
0
1
0
0
0
-2
-1
0
0
0
-1
0
0
0
0
0
-2
0
3
1
1
0
-1
0
0
0
2
0
-3
-1
0
0
0
0
-1
0
0
-2
0
1
0
0
1
0
0
1
0
1
-1
-3
-2
0
0
1
1
0
0
0
0
-2
-1
2
-1
0
0
0
0
4
1
0
0
-1
-2
0
0
0
0
-1
-3
-2
0
0
2
1
0
0
-2
0
1
0
0
-1
1
1
-2
-1
-1
0
0
0
0
0
0
1
-1
0
4
0
1
1
-1
0
1
2
0
0
1
-1
0
0
-1
-1
0
0
-2
-1
0
0
0
0
0
-1
-3
0
0
-1
0
1
1
3
0
0
0
1
1
-2
0
2
1
2
-2
0
0
0
-4
2
2
-5
3
-1
4
-2
-4
0
-1
-3
-3
1
-1
4
-15
6
-5
4
19
-6
8
-8
1
-9
8
4
-1
1
-13
-4
-8
14
-14
17
21
-13
-7
-28
30
11
-6
-13
10
9
-23
12
-9
28
-37
-11
61
-54
66
-73
3
28
-16
94
-64
37
-26
4
-29
-15
28
-25
8
-63
42
-24
1
-19
-50
43
-52
25
-5
-3
18
-16
26
12
-9
21
9
18
39
11
37
9
30
31
1
-7
14
-15
-5
-20
-9
-6
-37
-3
-35
-14
-24
-25
-18
-9
-25
-11
-8
-15
14
-14
12
6
-4
23
0
22
17
10
31
2
16
17
-3
17
4
-10
7
-22
2
-21
-22
-7
-32
7
-34
-17
-13
-20
3
-14
-2
16
12
42
33
40
40
35
35
21
29
12
28
1
7
-4
-21
-10
-42
-24
-28
-41
-24
-34
-37
-18
-34
-5
-8
-3
19
8
29
20
31
41
33
33
31
26
17
16
5
5
-5
-5
-8
-16
-29
-18
-30
-34
-27
-43
-15
-36
-18
-14
-18
6
-5
11
14
12
27
22
19
23
19
30
19
19
24
4
19
-1
-1
2
-13
0
-18
-11
-14
-19
-12
-12
-8
-4
1
-6
3
5
4
17
5
14
10
8
11
4
3
3
-4
-5
-2
-11
-2
-7
-13
-4
-7
-1
0
1
12
8
8
10
9
13
13
11
7
3
-1
-7
-9
-12
-12
-15
-22
-19
-16
-16
-12
-14
-7
-8
-7
-1
0
8
7
8
9
9
14
12
13
13
8
4
3
0
-1
1
-1
-4
-3
-6
-3
0
-2
-2
-4
-2
1
0
1
2
3
5
4
3
2
0
0
-4
-4
-1
-4
-3
-4
-5
-3
-1
-3
-2
-2
-1
0
1
2
1
3
5
6
6
5
5
3
2
2
1
1
-1
-1
0
-2
-3
-4
-3
-1
-3
-3
-2
-3
-2
-1
-3
-2
-1
-3
0
0
-2
-1
0
0
0
0
2
4
3
3
1
3
4
3
2
0
2
1
1
0
0
1
-2
-2
-3
-4
-4
-2
-2
-2
-2
-2
0
0
1
0
2
3
4
5
4
4
3
5
3
4
4
2
1
0
0
-2
-4
-5
-6
-6
-6
-5
-5
-6
-5
-3
-2
-1
2
2
2
3
3
3
6
5
1
0
0
-1
0
0
0
0
0
0
0
0
0
0
0
0
0
0
-2
-3
-3
-4
-4
-4
-7
-4
-7
-6
-4
-2
-1
0
0
0
2
5
9
8
11
9
7
8
7
8
6
5
3
0
1
0
-2
-5
-7
-5
-6
-7
-7
-6
-7
-5
-1
-1
-1
2
4
4
6
8
8
8
5
6
5
2
1
0
-1
-5
-6
-6
-8
-9
-12
-10
-6
-5
-7
-6
-2
1
0
0
5
5
4
5
7
6
6
5
5
5
1
1
0
1
0
-2
-1
-1
-4
-4
-3
-6
-4
-1
-5
-5
-2
0
1
-1
0
2
2
2
2
1
2
1
1
4
3
1
3
5
3
2
2
-1
1
1
-1
0
0
-1
0
0
0
0
0
0
0
0
0
0
0
-2
0
0
0
0
0
1
0
0
0
0
-1
0
1
0
-2
-2
-1
-1
-2
-2
-1
-1
0
0
1
0
0
0
-1
0
-1
-1
1
1
0
1
2
0
0
0
2
0
0
-1
0
-1
-3
0
0
1
1
1
1
0
0
0
0
0
-1
-1
-2
0
2
1
0
1
2
1
2
1
2
-1
0
0
0
1
0
-1
-2
0
0
0
0
0
0
0
-1
-1
-2
-3
-1
-1
-1
0
-3
-1
0
0
1
1
3
0
0
3
1
0
0
-1
0
0
2
0
1
1
0
-1
-1
0
0
0
-1
-1
1
0
2
2
-1
-1
-1
-1
-1
0
0
0
2
0
0
1
0
1
-1
0
0
-2
0
0
-2
0
-1
-1
-1
-2
-1
0
1
-1
0
1
1
1
2
1
0
0
1
2
1
2
-1
0
0
1
0
-1
-2
-2
-2
-1
-1
0
0
0
0
0
1
3
2
4
0
1
4
2
2
2
1
0
0
0
-1
0
-1
0
0
-1
-3
-1
-2
-3
-5
-3
0
-2
-2
-1
-1
0
-1
0
0
0
0
-1
0
1
0
0
0
-2
0
2
0
3
0
0
1
2
2
2
1
1
2
1
0
1
1
0
1
0
0
-1
0
0
-1
-1
-1
0
-2
-2
0
-1
-2
0
1
-2
-1
-1
-2
1
1
0
0
0
1
2
1
1
1
-1
0
0
0
-1
0
0
0
0
0
-1
0
0
0
0
0
-1
0
0
0
0
0
1
0
-2
0
0
0
0
0
-1
0
0
0
0
-1
0
1
-1
-1
0
0
0
0
0
0
0
1
0
0
1
0
3
1
1
1
1
3
0
2
0
0
1
-1
0
0
-2
0
-1
0
-2
-2
-1
-1
-4
-2
0
-3
-1
0
-3
-2
0
0
0
0
0
2
3
0
1
1
2
2
0
1
2
3
0
0
0
0
1
1
0
0
0
0
0
0
0
0
0
0
0
0
0
0
0
-1
-1
-1
-1
-1
1
0
-1
0
-1
-1
0
0
0
1
0
-1
1
0
0
0
0
0
0
1
1
0
0
0
0
1
0
1
2
0
0
2
2
0
-1
0
0
-2
0
0
0
0
-1
0
0
0
0
0
-1
0
1
-1
1
-1
0
0
0
0
-1
-1
0
0
0
-1
-1
0
-1
0
1
1
0
0
0
0
-1
0
0
0
2
0
2
1
1
1
0
1
0
0
0
0
0
0
-1
-1
0
0
0
0
0
0
-1
-1
0
0
0
0
-1
0
-1
1
0
0
1
-2
-2
0
0
0
-1
0
0
0
-1
0
0
0
0
1
0
0
2
1
2
0
0
0
0
0
1
0
0
0
0
0
-1
0
0
0
-1
-1
-1
-1
0
-2
0
1
0
0
0
-1
-2
-1
1
2
-1
0
0
0
0
-1
0
2
0
0
-1
-1
0
0
1
2
0
0
0
0
0
0
0
-1
-1
0
0
0
0
0
0
0
0
0
0
-1
-1
-1
0
0
0
0
0
0
0
0
0
0
0
0
-1
0
0
0
0
0
0
0
0
2
0
1
1
0
-1
-1
0
0
0
0
0
0
0
0
0
-1
-1
1
-1
0
0
1
0
0
0
0
0
-1
0
0
1
0
0
0
0
-1
0
0
0
2
0
0
1
0
-1
0
0
-1
0
0
0
0
0
-1
0
0
-1
0
0
0
1
0
0
0
0
1
1
0
0
0
0
0
0
0
1
0
0
0
0
0
-1
0
0
0
0
0
0
-1
0
1
0
0
-1
0
0
0
0
0
0
1
0
0
0
0
0
0
0
0
0
0
0
0
0
1
1
0
0
0
0
0
0
-2
0
0
0
0
-1
0
-1
0
1
0
0
0
-1
0
0
0
0
-1
0
0
1
0
-1
0
0
-1
0
1
0
-1
0
0
-1
0
0
0
0
0
0
0
0
0
0
1
0
0
0
0
0
0
0
0
0
0
-1
0
0
1
0
-2
-1
0
0
0
0
0
0
0
0
1
1
0
-1
0
0
2
0
0
2
1
0
-1
0
0
0
1
1
0
0
-1
-1
0
-1
0
0
0
0
0
0
-1
-1
0
-2
0
0
0
0
0
0
-1
1
1
2
1
1
1
1
0
0
1
0
0
0
0
0
-2
0
-1
-1
1
0
0
0
0
0
0
0
-1
-2
0
1
0
0
0
-1
-2
0
0
1
0
0
0
0
1
0
0
-1
0
1
0
0
1
0
0
1
0
0
0
0
0
0
0
0
0
0
0
0
0
0
-1
0
-2
0
0
1
0
-1
0
-3
-2
-1
1
0
0
0
-1
0
0
0
0
0
0
0
0
0
0
2
1
0
1
0
0
0
0
0
0
-1
0
2
1
0
0
1
2
0
0
0
-1
-1
-2
0
0
0
0
-1
0
0
0
0
0
0
0
0
0
0
0
0
0
0
0
1
0
0
1
0
0
0
0
1
0
0
0
-1
0
0
0
0
0
2
0
-3
-1
0
0
0
0
0
0
0
0
0
-1
0
2
-1
0
0
0
2
1
0
0
1
0
-2
0
-1
0
0
0
0
0
1
0
0
1
1
-1
0
-1
-1
1
0
0
0
-1
0
0
-1
0
0
0
0
-1
0
1
0
0
1
1
0
0
0
-1
0
0
0
0
0
0
-1
1
0
0
0
0
-1
-1
0
0
0
0
0
0
0
0
0
0
1
0
-1
0
0
-2
0
0
-2
-1
0
0
1
0
0
0
1
0
0
0
0
0
1
0
0
0
0
0
0
1
1
0
-2
0
0
-1
0
0
0
-1
-1
-1
0
0
-1
0
2
0
-1
0
-1
-1
0
-1
0
0
0
1
1
0
0
0
0
0
-2
-1
-1
0
1
0
-1
-3
-1
1
0
0
0
0
2
4
0
1
2
2
4
3
1
0
-3
-1
0
0
-2
-6
-3
-2
-2
-4
-4
-3
-3
-1
-2
0
0
0
2
5
4
5
3
4
6
7
6
5
5
2
1
0
0
-1
-2
-4
-8
-7
-9
-10
-10
-11
-9
-7
-6
-3
-1
0
2
5
9
11
10
12
13
12
10
9
10
5
5
1
-2
-2
-6
-9
-9
-12
-12
-13
-10
-11
-10
-8
-5
-3
0
1
2
7
9
11
11
11
11
11
9
8
7
4
1
0
-4
-5
-6
-9
-10
-9
-10
-9
-8
-7
-8
-7
-3
1
2
0
3
5
6
7
6
7
8
10
9
6
2
2
0
-1
1
0
-2
-4
-2
-5
-6
-3
-5
-4
-2
-1
-1
-1
0
0
0
1
1
0
1
2
1
0
-1
-1
0
0
0
0
0
0
-2
-1
0
1
0
0
3
2
2
1
0
0
0
1
0
0
-1
0
0
-2
-3
-1
-1
-2
-2
-3
0
0
-1
1
0
1
3
0
0
2
-1
-1
1
1
0
0
-1
0
-1
1
0
-1
0
-1
0
0
-1
0
0
0
0
3
2
1
0
1
0
0
-1
-1
0
-3
-2
-2
-2
-2
-3
0
0
-1
-1
0
0
0
1
2
3
3
3
4
4
5
4
5
4
1
2
0
0
-1
-6
-3
-4
-7
-8
-10
-10
-7
-6
-4
-2
-2
0
1
2
5
5
7
9
9
9
10
7
6
7
3
4
1
0
0
-3
-3
-5
-6
-5
-5
-5
-5
-4
-3
-4
-3
-2
-1
-1
0
0
-1
1
2
3
2
1
1
3
3
2
0
0
1
0
0
0
-2
0
-2
0
0
0
0
0
2
-1
0
1
-1
0
0
-1
-1
0
0
-3
-1
0
-1
0
0
0
0
0
1
1
1
1
3
3
2
2
0
2
2
0
0
1
-1
1
1
-1
-3
-2
-2
-2
0
0
-2
0
-1
-1
1
0
0
2
0
0
0
0
0
0
0
0
0
1
-2
-2
0
0
0
0
0
1
0
0
1
0
1
2
0
1
1
2
0
0
0
-1
-1
-1
0
-1
-1
0
0
0
-1
0
0
-1
0
0
-2
-2
0
0
1
0
0
1
0
1
0
0
0
0
1
0
0
0
0
1
1
-1
-1
0
0
0
0
0
0
0
0
0
0
-1
-1
-1
-1
0
-3
-1
0
0
0
0
0
0
0
0
2
0
0
1
1
0
0
0
1
0
0
1
-1
0
-2
-1
1
0
0
0
-1
-1
-1
-2
-2
-2
0
-1
-1
1
0
1
1
0
-1
-1
1
2
1
3
3
3
2
0
0
0
0
0
0
0
0
0
-1
-1
-3
-2
-1
0
0
0
0
1
-1
-1
0
1
1
0
1
2
0
-1
0
0
0
1
0
-2
0
0
0
0
-1
0
1
0
0
0
-1
-1
0
0
0
0
1
0
-1
0
-1
0
0
0
0
0
-1
0
0
0
1
0
0
0
0
0
0
1
2
2
2
-1
-1
-1
-2
0
0
-1
-1
0
0
-1
-2
-1
0
1
1
0
0
0
0
1
1
0
1
0
1
1
0
-1
0
0
0
-1
-2
0
1
-2
0
0
-1
0
-1
0
1
0
0
0
0
0
0
0
0
0
2
0
0
0
0
0
-1
-1
-2
-1
0
0
0
0
0
0
0
0
-2
-1
0
0
1
1
0
0
-1
0
0
0
0
0
0
1
2
1
1
0
0
0
0
1
-1
0
0
-2
-1
0
-1
-2
-1
0
0
0
0
1
0
0
1
0
0
0
0
0
2
1
-1
-1
0
0
0
-1
2
0
-1
1
0
1
0
-1
0
0
2
0
0
-1
0
0
-2
-1
0
-1
1
2
0
1
0
-1
0
1
0
1
0
-1
0
0
0
0
0
0
0
-1
0
0
0
0
-1
0
0
0
0
0
0
0
0
-2
0
0
0
0
0
0
0
0
0
-1
0
0
0
1
0
-1
-1
0
0
0
0
0
0
0
1
-1
0
0
0
-1
-1
-1
0
0
1
1
0
0
0
0
1
0
0
0
0
0
-1
0
0
0
0
0
0
0
-2
0
0
0
1
0
-1
0
0
0
0
0
0
-1
1
0
0
0
0
0
0
1
1
1
0
0
0
-1
0
-1
0
0
0
1
0
1
1
-1
-1
0
-1
0
0
0
0
0
2
0
-2
0
-2
-2
0
0
2
2
1
0
-2
0
0
0
0
0
2
0
0
0
-1
-1
0
0
0
2
0
-2
0
0
0
0
0
0
0
0
1
-2
-1
0
0
1
2
0
-2
-1
1
0
0
0
0
0
1
1
0
0
-1
0
-1
0
0
-1
1
0
0
1
0
0
0
0
0
1
0
0
1
1
0
0
0
0
0
0
0
0
0
0
0
0
-2
0
-1
-1
0
-1
-1
-1
0
0
0
1
1
0
0
1
1
-1
0
1
0
0
0
0
0
0
0
0
0
0
0
-1
0
0
1
-1
0
0
0
-1
-1
-1
0
0
0
-1
1
1
1
0
0
0
0
0
0
0
-1
0
0
0
-1
0
0
1
0
0
1
1
0
0
0
0
0
0
-1
0
1
0
0
0
0
1
0
-1
0
0
0
1
0
-1
0
1
0
0
0
0
0
0
0
0
0
0
1
0
0
0
-1
-1
0
1
-2
-1
0
0
0
0
0
0
1
-1
0
0
0
0
0
0
0
0
1
-1
0
1
0
-1
0
0
0
1
1
0
0
0
0
-1
0
0
-1
0
0
-2
0
0
0
1
0
1
1
-1
0
-1
0
0
0
0
0
0
0
0
-1
0
0
-1
0
1
0
-1
1
1
0
0
0
0
2
1
0
1
1
0
0
-1
0
0
0
-1
0
0
0
-1
-1
0
0
1
-1
0
0
-2
2
0
-1
0
0
0
0
0
0
1
0
0
0
0
0
0
1
0
0
1
0
0
0
0
-1
0
0
0
-2
0
0
0
1
0
0
0
-1
0
0
0
0
0
0
0
0
0
0
0
0
0
0
0
0
0
0
0
0
0
0
0
1
0
0
0
0
1
-1
-1
0
0
0
0
0
0
0
0
-1
0
1
0
0
0
0
0
-2
0
0
0
0
-1
0
1
-2
1
1
0
0
0
-1
1
0
0
0
-1
0
0
0
0
0
0
0
0
0
0
0
-1
0
0
-1
0
0
0
-1
0
0
0
0
0
0
1
0
0
0
0
0
0
0
0
0
2
0
0
0
0
0
0
0
0
0
1
0
-1
0
1
0
1
0
0
0
-1
0
0
0
0
-1
0
0
0
-1
0
0
-1
-1
-1
-1
0
1
1
0
0
0
0
1
0
0
1
1
0
0
0
0
0
0
0
0
0
-1
1
1
0
-1
-1
0
0
0
0
-1
0
0
0
0
0
0
-1
0
0
0
1
0
-1
-2
1
0
0
-1
-1
0
-1
0
1
0
-1
0
0
0
0
0
-1
0
0
0
2
0
-1
-1
0
0
0
2
-1
0
1
0
1
0
1
2
1
0
0
0
-1
0
1
0
0
0
0
-1
-2
-1
0
0
0
-1
-2
-2
-2
0
0
-1
-1
-1
0
0
0
-1
-1
0
0
2
1
0
0
0
2
0
0
1
0
0
2
2
1
1
1
0
0
1
1
0
0
0
0
0
0
0
0
-1
-1
-1
0
-1
0
0
0
0
0
0
0
0
-1
0
0
-1
0
0
0
-1
0
-1
0
1
0
0
1
0
-1
1
0
0
0
1
0
0
0
0
0
1
0
0
0
0
0
0
0
-1
-2
0
1
0
0
0
0
-1
0
0
0
0
0
0
-1
-1
0
0
0
0
0
0
0
-1
-1
0
0
-1
0
0
1
0
0
0
0
0
0
-1
0
0
-1
0
0
0
1
0
2
2
0
0
0
-1
-1
1
0
0
0
0
1
0
1
0
-1
0
-2
0
1
0
0
0
0
0
1
0
0
-1
-1
0
0
-1
0
0
0
1
0
0
0
0
0
0
0
0
1
0
0
1
1
0
-1
0
0
0
0
0
0
-1
0
0
-1
0
0
1
-1
0
2
1
0
0
-1
-1
0
1
0
-1
0
1
0
0
0
0
0
-1
-1
0
0
0
0
0
0
1
0
0
0
0
0
0
0
0
0
0
0
0
0
0
0
0
-1
0
0
-1
-2
0
0
0
0
0
1
0
0
0
0
0
0
0
0
0
0
0
0
1
1
1
0
0
0
0
0
-1
-1
0
0
0
-1
-2
0
0
0
0
0
-1
0
0
0
0
-1
0
0
0
0
-1
0
0
0
0
1
0
-1
0
1
0
1
0
0
0
1
0
1
0
0
0
0
0
0
0
0
0
0
0
0
-1
0
-1
0
0
0
0
-1
0
0
0
0
0
0
0
-1
0
0
0
1
0
0
0
0
0
0
-1
0
0
0
0
-1
0
0
1
0
0
0
0
0
0
-1
0
0
0
0
0
0
1
0
0
0
-1
0
0
0
0
0
0
0
0
0
0
1
0
0
0
0
0
1
0
0
0
0
0
0
0
0
0
0
0
0
0
0
1
2
0
0
0
-1
0
0
0
0
0
0
0
0
0
-1
0
1
0
-1
0
0
0
0
-1
0
0
0
0
0
0
0
0
0
0
0
0
0
1
0
1
1
1
-1
0
0
0
0
-1
0
0
0
0
1
-1
0
0
0
-1
0
0
0
-1
0
1
1
0
-2
0
0
0
0
-1
0
0
0
-1
-1
0
0
0
0
0
1
0
1
1
0
1
1
0
1
0
1
1
-1
-1
0
0
0
-1
-1
0
-1
-1
0
0
-1
-2
-1
-1
-1
0
0
0
0
0
0
0
-1
1
2
0
1
4
0
1
3
1
2
2
0
2
1
0
1
0
0
0
0
0
1
0
0
0
-1
-2
0
0
-1
-2
0
0
0
1
0
0
-1
-2
-4
-2
-1
-3
-1
-1
0
0
0
-2
-1
0
1
0
0
2
2
0
1
1
3
3
0
3
3
1
2
0
0
0
1
0
-1
-1
0
0
-2
-2
-1
-2
-3
-3
-2
-2
0
-1
-1
-1
-1
0
0
2
1
2
0
0
2
2
2
1
1
1
1
0
-1
0
0
-2
0
0
0
0
0
0
0
0
0
1
0
1
-1
-2
2
1
0
0
1
1
0
-3
0
0
0
-1
-2
0
-2
0
0
-1
0
-1
0
3
-1
0
0
0
0
0
0
0
-2
-2
0
0
0
0
1
1
1
4
2
0
1
0
1
1
0
2
0
0
0
0
0
0
-1
2
0
0
0
0
0
-1
-1
-2
-1
-2
-2
-4
0
-3
-2
0
-3
-2
-3
-5
0
-2
-5
0
-2
0
2
1
3
4
8
3
7
7
6
5
4
2
4
5
-2
0
-1
-1
0
-4
-2
-5
-8
-7
-7
-8
-8
-8
-4
-5
-2
0
1
4
5
5
6
8
5
6
6
6
6
3
4
0
3
1
0
0
-3
0
-3
-1
-6
-3
-7
-8
-7
-8
-7
-6
-3
-4
0
0
2
4
6
5
6
6
8
9
8
6
4
7
0
3
-2
-1
-3
0
-7
-3
-5
-5
-1
-7
0
-6
0
-4
2
-3
2
0
0
2
-5
6
-9
8
-7
5
-5
1
-3
0
3
-5
8
-7
11
-7
8
-4
5
2
4
1
2
4
0
8
-7
9
-5
7
-4
5
-1
-1
0
-8
6
-15
7
-12
1
-2
-5
3
-10
7
-10
11
-11
9
-6
7
2
-3
10
-10
10
-8
9
-2
4
-1
5
-1
2
4
-3
7
-3
3
2
-2
5
-1
1
0
0
-1
-2
0
-3
0
-5
-1
-5
-1
-4
0
-1
-6
2
-5
1
0
-1
1
1
0
1
2
-4
11
-6
12
-3
3
3
1
8
-4
7
-5
3
-1
0
2
0
-2
0
-5
0
-2
1
0
-3
3
-6
11
-11
8
-3
3
6
-9
12
-9
10
-9
8
-9
-4
-8
-9
-4
-5
-1
-1
2
0
4
1
10
3
18
-1
17
-5
3
-4
-9
9
-18
22
-23
13
-16
2
-4
-8
2
-9
7
-10
-2
-12
-6
-6
-3
0
1
10
2
14
9
17
21
8
26
-11
21
-23
11
-12
8
1
-2
-4
-18
-7
-31
-8
-45
-8
-54
-14
-45
-38
-22
-58
65
-64
139
-88
133
-10
88
137
43
208
17
156
-12
82
-35
54
-32
16
-23
-130
-27
-301
-60
-368
-127
-326
-222
-220
-213
-31
-90
254
113
574
369
698
555
485
558
218
389
-9
-97
-437
-686
-814
-815
-691
-400
-231
-12
-18
16
-104
-135
-55
-97
141
-69
40
-105
-58
156
492
852
1434
1286
1506
975
518
452
-353
-104
-572
-806
-936
-1392
-1319
-1140
-919
-333
-18
6
163
-654
-383
-599
-476
409
-268
396
-192
-47
389
835
2031
2473
2441
1874
864
-136
-162
-940
-217
-687
-1041
-1220
-2244
-1988
-1811
-1042
-29
684
612
443
-504
-736
-575
-284
753
940
898
464
-216
-268
415
1379
2840
2818
2349
909
-944
-912
-1712
-753
-648
-974
-1571
-2347
-2741
-1935
-787
1026
2458
2597
2418
602
-605
-1778
-2080
-1579
-1011
-901
-920
-1459
-868
281
2870
5349
7278
6881
5042
1950
-1060
-2646
-4117
-4033
-4516
-5005
-5226
-5420
-4035
-1323
2070
5716
7660
7777
6038
2618
-452
-3185
-4662
-4961
-5071
-5306
-5305
-4816
-2907
738
5052
9571
11853
11338
8817
4163
523
-3141
-5512
-6668
-8323
-8672
-9340
-8500
-5725
-1637
3799
8546
10963
11115
7985
3807
-557
-4256
-5936
-6900
-7102
-7521
-7410
-6054
-3296
2086
7368
12682
14658
13264
9595
3752
-619
-4690
-6821
-7751
-8553
-8813
-8816
-7912
-4808
-511
4710
9163
11076
10567
7088
2846
-1467
-4470
-5852
-6157
-6192
-6790
-6740
-6159
-3450
1601
6613
12232
13689
12861
9216
3569
-369
-4646
-6375
-7407
-8143
-8051
-7766
-6676
-3791
-465
3951
7648
9530
9565
6689
3048
-1286
-4751
-6491
-6869
-6746
-6318
-5465
-4282
-1522
2763
7022
11795
12823
12406
8947
4001
9
-4616
-6824
-8566
-9334
-9506
-9167
-7936
-4949
-1229
3524
7668
10081
10322
7876
4191
112
-3629
-5525
-6434
-6983
-6778
-6625
-5168
-2386
1908
6753
11047
12544
12299
8921
5072
869
-2979
-5213
-7370
-8398
-9562
-9708
-8722
-5722
-1429
3490
7776
10063
10162
7506
4214
66
-3106
-4915
-6371
-6775
-7207
-6545
-4968
-1427
3033
8212
11349
12533
11430
7657
4212
-462
-3640
-6415
-8621
-10005
-10857
-10567
-8385
-4926
-157
4767
8492
10818
10515
8260
4801
481
-3009
-6083
-8459
-10225
-10703
-9413
-5772
-112
6266
12465
15424
16852
14125
10673
5344
-456
-5188
-10095
-12630
-14561
-14300
-12363
-8412
-3387
2466
7549
11117
12578
11129
8554
4081
58
-3797
-7122
-9512
-11039
-10648
-8445
-3529
2106
8581
12656
15275
14855
12039
8061
1859
-3101
-8158
-11499
-13246
-13868
-12629
-9837
-5828
-301
4935
9287
11918
11860
10373
7142
3395
-119
-4349
-7437
-10388
-11289
-10293
-6897
-1783
4042
8798
12545
13439
12316
9525
4041
-101
-5646
-8845
-11291
-12295
-11376
-9325
-5720
-1209
3269
7039
9783
9874
9526
6580
3809
642
-3389
-5820
-9025
-9800
-9594
-6912
-2881
2043
6194
9874
10974
10953
9128
5229
2126
-2757
-5800
-8696
-10209
-10044
-8446
-5738
-1744
1793
5179
7447
7708
7774
5265
3047
-188
-3737
-6329
-8590
-9205
-8019
-4864
-584
4418
8025
11589
12061
12169
9110
5008
337
-5235
-8969
-12019
-12801
-12034
-9248
-5786
-985
3065
6876
9151
9917
9421
6904
4144
-112
-3882
-7397
-9373
-9985
-7960
-4504
-22
4969
8882
11840
12700
11813
8482
4406
-1218
-5789
-10057
-12265
-12926
-11876
-8940
-5347
-848
3108
6575
8662
9913
9049
7639
4430
733
-3356
-7100
-9453
-10221
-8026
-4716
350
5144
9564
12074
12979
10739
7378
2187
-3282
-7837
-11706
-12897
-12929
-10441
-7137
-2931
1081
4690
6984
8529
8608
7769
6275
3540
929
-2760
-5287
-7533
-7604
-6278
-3373
476
4594
8052
10578
10855
9083
5775
758
-3740
-8517
-11203
-12600
-11641
-8984
-5168
-964
3017
6063
8019
8897
8109
6955
4245
1662
-1760
-4583
-7103
-8088
-7553
-5822
-2576
1079
5083
8116
10069
9641
8063
4341
423
-3939
-7388
-9625
-10349
-9211
-6984
-3641
-362
2891
5153
6767
6793
6392
4855
2952
807
-1736
-3802
-5683
-6015
-5481
-3542
-1008
2261
5061
7718
8440
8029
5902
2535
-840
-4823
-7409
-9236
-9285
-7970
-5462
-2649
344
2522
4192
4874
4750
4437
3209
2360
723
-779
-2396
-3591
-3953
-3457
-2165
76
2694
5067
7354
7344
6985
4391
1313
-2306
-5919
-8191
-9435
-8939
-7094
-4294
-1273
1815
3687
5193
5215
4764
3860
2453
1412
-65
-1259
-2526
-3200
-3319
-2547
-1460
601
2519
4624
6138
6235
5954
3862
1557
-1493
-4359
-6559
-7697
-7576
-5968
-3721
-1022
1530
3148
4230
3974
3463
2355
1256
349
-696
-1505
-2272
-2674
-2490
-1779
-888
593
1844
3296
4517
4758
4717
3451
1735
-501
-2830
-4737
-5752
-5949
-4898
-3251
-1294
653
1839
2646
2602
2118
1515
827
265
-209
-769
-1193
-1577
-1706
-1230
-483
450
1557
2406
3275
3775
3789
3305
2274
888
-720
-2375
-3530
-4184
-4132
-3309
-2260
-877
130
918
1278
1233
600
-48
0
41
497
256
-64
-137
-452
-709
-1078
-1111
-997
-445
241
881
1485
2052
2375
2767
2677
2348
1903
982
173
-964
-1774
-2294
-2406
-2098
-1540
-1054
-570
-311
-152
-83
-245
-260
-377
-447
-509
-601
-657
-639
-623
-475
-270
50
479
668
921
1038
1199
1481
1648
1762
1678
1329
894
328
-175
-512
-863
-1014
-1204
-1309
-1267
-1231
-1019
-803
-720
-568
-506
-459
-259
-271
-140
-174
-135
-94
-109
-44
-36
42
220
448
760
1151
1410
1802
1941
2027
1970
1669
1325
741
109
-564
-1186
-1644
-1860
-1965
-1854
-1716
-1470
-1201
-949
-685
-488
-329
-278
-237
-300
-339
-438
-457
-460
-305
-38
320
760
1190
1655
1997
2284
2315
2216
1923
1488
953
330
-232
-753
-1129
-1434
-1559
-1591
-1525
-1450
-1346
-1231
-1126
-981
-913
-830
-786
-715
-664
-602
-527
-372
-72
335
828
1285
1709
1988
2143
2105
1912
1624
1314
1012
731
474
248
47
-167
-388
-640
-870
-1083
-1259
-1402
-1518
-1593
-1603
-1614
-1572
-1498
-1342
-1081
-739
-287
212
749
1243
1647
1920
2064
2073
1980
1786
1538
1244
953
668
378
120
-132
-369
-595
-806
-984
-1110
-1202
-1244
-1238
-1188
-1107
-1028
-946
-846
-704
-509
-277
-7
280
559
824
1036
1164
1231
1192
1095
963
763
572
350
141
-38
-207
-350
-479
-577
-644
-670
-668
-630
-573
-492
-409
-314
-209
-117
-25
62
123
175
214
237
273
289
304
298
277
251
216
172
121
78
40
6
-28
-62
-96
-108
-123
-134
-130
-114
-91
-58
-26
-2
24
35
37
24
5
-11
-30
-42
-48
-60
-62
-71
-67
-59
-57
-44
-30
-16
2
16
33
43
49
57
56
52
49
41
46
51
51
54
53
46
31
9
-13
-28
-37
-37
-32
-26
-17
-7
-4
-3
-7
-15
-21
-22
-27
-28
-16
-7
0
2
7
9
9
12
10
7
6
4
1
-2
-6
-6
0
4
11
21
33
43
46
46
41
25
10
-8
-25
-36
-46
-48
-47
-42
-36
-29
-26
-21
-21
-16
-7
4
17
28
37
47
52
54
46
32
17
2
-5
-9
-15
-21
-26
-31
-32
-34
-33
-32
-30
-21
-17
-11
-2
5
12
19
21
24
24
20
23
21
21
23
23
23
18
11
9
6
-3
-5
-12
-17
-17
-21
-20
-26
-27
-31
-30
-23
-21
-14
-9
-1
5
11
13
14
17
16
19
21
22
25
26
26
23
17
12
7
2
-4
-14
-17
-20
-24
-26
-29
-28
-24
-24
-21
-15
-13
-9
-8
-6
-2
-2
-1
2
8
14
22
22
30
30
26
26
22
14
9
2
-4
-14
-17
-18
-19
-17
-11
-7
-1
2
5
5
-1
2
-3
-14
-14
-11
-17
-13
-5
-3
3
8
9
10
14
17
6
7
4
0
-4
-7
-12
-6
-6
-4
2
8
13
14
16
15
9
11
8
-1
-3
-9
-5
-5
-10
-15
-7
-5
5
1
0
-5
-9
-9
-10
-8
-13
-17
-13
-14
0
8
0
5
16
14
19
8
10
-15
-4
-14
-14
-18
-27
5
64
96
61
83
64
69
52
-3
-33
-86
-118
-130
-93
-68
-25
-14
29
18
32
50
37
16
-37
-41
-25
7
5
20
17
22
26
42
53
38
37
10
31
4
-24
-42
-32
-28
-38
-24
-15
-20
17
-7
-10
-40
3
3
-1
-16
-10
11
23
22
-20
-44
-40
6
36
74
31
0
57
98
114
48
-55
-123
-127
-47
-55
-26
-11
-6
36
68
54
79
65
1
-54
-51
-51
-24
-70
-103
-63
42
120
72
59
68
62
20
-125
-189
-107
93
165
140
-75
-131
-23
93
118
-41
-175
-226
-52
110
124
38
50
119
243
211
3
-270
-309
-245
14
31
8
-14
121
195
95
-28
-105
-11
27
36
-59
-66
-115
-106
2
20
79
112
91
-18
-48
4
83
34
-75
-72
73
203
103
-140
-270
-213
14
173
113
53
31
6
-38
-67
-71
8
70
53
-49
-146
-60
95
159
53
-79
-90
-8
54
53
-8
-68
-84
-84
-4
57
24
3
51
135
161
118
-19
-51
-97
-61
-76
-32
-50
-58
-113
-161
-124
-1
176
210
253
106
56
-18
57
-62
-122
-182
-22
71
135
33
-70
-122
-148
6
61
154
-3
-38
-116
-81
-14
50
122
87
98
7
-63
-143
-157
-105
-75
38
169
250
179
37
-24
-5
44
-8
-140
-261
-150
28
128
-64
-157
-85
213
333
142
-180
-376
-100
192
336
0
-135
-73
262
257
-40
-290
-286
-75
28
-114
-183
-16
329
387
106
-160
-93
102
97
-158
-264
-140
123
156
99
-82
-157
-15
45
148
138
128
-2
-36
-155
-226
-185
-30
106
63
-35
-20
17
65
31
22
-7
57
200
223
85
-65
-131
8
-59
-241
-280
-60
125
76
-60
-125
117
349
252
-16
-143
-34
54
-64
-242
-380
-178
64
118
-29
-10
144
441
400
83
-171
-146
25
10
-188
-342
-222
14
207
126
22
32
179
218
105
-8
-106
-67
-136
-314
-403
-185
58
205
49
-5
160
371
352
97
23
50
-17
-205
-352
-426
-292
50
229
204
113
154
254
111
-50
-209
-89
-47
-66
-67
-127
-113
130
235
138
121
82
169
-67
-82
-423
-421
-256
130
273
67
-67
-46
117
231
102
-43
-21
222
325
-3
-344
-321
25
268
48
-82
-35
82
15
-143
-300
-344
-42
95
169
69
47
-43
-128
-14
127
289
284
179
208
170
15
-103
-263
-310
-170
-149
-69
-223
-162
-62
57
94
13
-108
-60
60
116
-32
-149
0
374
574
560
256
154
320
195
-22
-646
-572
-369
7
76
-50
-131
53
162
-83
-454
-623
-441
-288
-237
-347
-201
343
784
1010
796
543
630
493
466
0
-288
-277
-156
-113
-312
-393
-403
-123
-264
-471
-718
-711
-380
-497
-447
-570
-342
-137
101
472
789
1308
1022
797
632
610
650
366
145
97
507
271
39
-517
-697
-750
-921
-1089
-1359
-1220
-940
-719
-612
-408
-202
233
646
952
1136
1281
991
572
594
578
741
774
633
665
599
61
-665
-1246
-1361
-1333
-1394
-1359
-1276
-908
-560
-383
-445
-78
-5
276
522
442
799
813
1206
779
609
1124
1457
1726
1380
663
236
-359
-1182
-1636
-1952
-1873
-1099
-983
-690
-615
-217
146
-142
-390
-337
-299
24
107
134
696
1134
1786
1518
1535
1959
2130
1934
888
-537
-1444
-2034
-2316
-2267
-2208
-1593
-581
-6
166
257
588
721
260
-223
-557
-992
-890
-1065
-1023
-44
1087
2348
2748
2715
3000
2764
1683
594
-254
-1402
-3277
-3468
-2882
-2253
-1162
-651
0
1343
1626
1483
1164
90
-746
-654
-1865
-2459
-1590
-1120
-49
715
1194
2879
3244
2888
2950
1649
1603
1019
-535
-2687
-3898
-3200
-1994
-1912
-2052
-756
700
2389
2149
1132
1509
1086
689
-837
-2553
-2982
-2284
-1293
-1091
-716
593
2446
4062
4057
2667
1905
1669
1294
141
-1269
-4284
-4210
-2275
-1894
-1765
-1095
-570
1705
2877
1985
1590
846
638
681
-445
-2475
-3677
-2214
-1201
-836
-859
364
2012
4297
4510
2454
1582
775
1722
312
-240
-3935
-4995
-1897
-1782
-1705
-957
-1058
1768
4507
2162
610
827
533
1002
-338
-2694
-3366
-2660
-1714
-956
-1229
-501
1749
2685
3446
2682
2529
1610
1328
1243
311
30
-3271
-4004
-2049
-1975
-1568
-1647
-1192
1971
3224
1948
1324
641
1051
912
-1392
-2588
-3128
-2087
-345
-1623
-2285
802
2300
2681
2410
525
1617
2368
433
-506
677
220
1617
-1856
-3444
-442
-326
-1279
-604
-945
793
2364
238
-428
191
-296
188
-534
-2387
-2299
-40
-14
-328
257
261
1492
2280
595
328
971
790
1172
-484
654
1638
1236
413
-3144
-2200
390
-1444
-1429
-546
-656
1537
1707
-232
125
809
-218
-133
-1378
-2117
-1540
66
638
235
253
693
1024
1243
-229
-597
229
246
370
-413
1237
2348
1846
1238
-1836
-1967
-122
-1501
-2258
-1345
-630
899
983
-140
585
563
170
-190
-1337
-1427
-1005
638
792
751
774
1348
1112
89
-1075
-1237
-696
-1169
-685
2
2378
2465
2118
2002
1526
1364
-1858
-3783
-2126
-1712
-1371
-1119
-1285
839
2214
1295
667
384
-798
201
141
-1694
-2104
44
909
966
172
-51
925
2008
92
-2291
-1586
-637
340
558
537
1599
2317
2352
1855
1372
375
-3270
-2696
-1296
-1913
-1921
-1189
-348
1824
1532
447
619
70
276
524
-1050
-1799
-1224
433
719
91
-492
1102
1338
976
-297
-1224
-1125
-54
-103
-191
768
1394
2419
1330
1156
1566
1055
-625
-2802
-2084
-752
-1373
-2011
-1416
267
1333
1107
153
566
641
532
-255
-949
-1130
-552
164
-81
107
-117
813
1377
849
-395
-757
-551
-358
-685
-333
498
1040
1599
715
684
1998
1140
334
-1339
-2203
-1001
-1071
-1819
-1352
-544
555
1660
446
39
943
922
169
-456
-1050
-1116
-268
-271
21
67
488
1314
942
422
-128
-23
-781
-1023
-1158
-195
659
1034
1054
1409
1506
1604
814
-105
-888
-2225
-2153
-1577
-1813
-883
-41
560
1542
1205
410
1111
550
-623
-524
-976
-1318
-733
-222
159
590
547
989
1116
620
248
-479
-1188
-541
-712
-593
463
823
1317
1275
929
1463
1033
-492
-1766
-1715
-1105
-1321
-1704
-952
173
1097
973
553
613
823
442
-429
-812
-898
-802
-343
-324
-422
395
974
1184
985
248
139
92
-577
-955
-709
2
837
728
395
694
1104
946
329
84
-253
-1003
-1678
-1818
-1218
-440
-205
-39
535
663
845
710
143
-142
-24
-139
-565
-792
-514
119
474
395
274
351
379
343
-37
-497
-341
-55
549
752
434
1180
1123
1384
269
-2142
-1201
-355
-1024
-1181
-1437
-1019
829
670
-217
412
439
353
750
-147
-1016
-312
482
301
172
-289
486
865
722
-304
-390
-139
319
103
-244
-3
394
381
125
-117
75
20
-487
-405
62
-102
-340
-387
-481
104
-88
-446
-38
202
647
753
119
88
536
245
-140
-476
-634
36
157
89
74
175
697
915
65
-404
-266
-361
-482
-682
-1013
-578
-181
-289
-224
-24
54
224
324
336
782
768
427
991
1049
1030
-149
-1782
-462
303
-649
-880
-852
-289
815
80
-563
33
254
318
430
-350
-714
-70
239
146
76
-462
146
633
211
-431
-248
-214
302
191
10
563
652
383
270
125
288
-11
-593
-361
-354
-546
-324
-400
-111
135
-158
43
292
-181
78
471
-151
-158
-142
-149
-85
-255
-240
233
393
306
221
227
416
405
-294
-215
48
-56
-48
-28
-312
239
359
1
-33
5
-125
167
-96
-382
-158
-254
24
92
-514
-278
25
-169
-121
-221
-239
76
234
125
531
676
637
660
494
574
614
-454
-908
-357
-376
-484
-536
-678
-85
370
-196
-89
181
60
378
295
-305
-250
-45
3
102
-124
-63
438
384
99
-62
-106
85
99
-171
8
324
416
371
21
52
214
-179
-600
-177
-73
-444
-498
-320
-45
124
-69
-71
5
286
448
94
-83
54
92
-29
-191
-352
-131
52
80
111
77
274
522
446
34
-43
-85
58
-66
-247
-443
-489
-256
29
-124
-288
-264
-255
191
167
34
264
518
628
527
311
290
365
384
-230
-471
-578
-262
-266
-371
-616
-139
-77
-102
-127
46
19
274
88
-158
-238
92
23
-44
-449
-509
115
235
-160
1
453
947
750
444
775
1077
921
-437
-727
-141
-185
-625
-971
-1035
-191
-146
-486
-396
-211
-10
439
76
-336
-181
434
518
170
-311
68
516
401
-285
-527
-156
255
56
-265
176
607
773
388
41
244
373
-35
-346
-367
-450
-478
-532
-734
-484
-137
-158
-78
16
208
595
433
169
247
243
94
-79
-271
-266
-15
148
108
56
168
421
334
-17
-158
-52
28
-47
-224
-185
-33
-31
-67
-193
-176
-93
-63
-159
-121
-109
73
207
159
68
88
181
203
117
-19
-19
75
92
-17
-57
-34
78
32
-35
69
147
62
83
-42
-71
-212
-402
-169
-250
-231
4
-39
26
170
119
154
298
-219
-341
417
479
83
-27
56
311
483
-83
10
341
-145
-349
-220
-394
-394
-343
-376
-40
-63
-270
97
245
61
-58
33
136
111
-68
95
208
26
-72
-397
40
397
34
174
519
334
625
591
438
393
-432
-423
178
-257
-750
-622
-618
-311
-315
-771
-346
27
-9
211
79
-130
327
474
248
245
-24
157
333
14
-267
-165
-233
138
253
-67
166
436
356
340
102
27
225
-96
-191
-124
-458
-508
-434
-523
-237
-281
-247
42
113
272
468
243
270
366
132
15
-193
-206
-21
-74
-126
16
86
132
199
46
43
90
48
11
-34
-119
21
38
-143
-154
-140
-150
-71
-138
-207
-50
0
46
93
74
107
198
173
139
154
71
20
19
-22
-65
-25
-20
-56
-23
-45
13
75
6
-26
-21
-42
-29
-65
-126
-43
-26
-50
-36
-45
-38
4
27
29
6
-45
61
110
39
108
34
145
157
32
58
-12
-41
-37
-42
-99
-112
-75
-110
-51
-55
-66
-69
-61
-22
-7
-3
45
38
54
56
86
74
50
54
45
5
37
2
4
12
-17
-4
5
-26
-10
21
-22
-28
-30
-10
-35
-21
-26
-62
-27
-32
-23
-34
-14
-27
-23
20
-27
5
43
36
30
10
21
37
44
26
23
25
6
11
1
-3
3
-8
-11
4
-1
-13
4
-6
-2
3
-12
-13
10
-6
-7
0
-19
-4
6
-6
0
11
-10
0
-5
-17
0
-9
-9
0
-16
-9
2
1
12
8
9
14
21
23
23
5
-2
8
1
-5
-9
-17
-10
-8
-18
-17
-11
1
0
-9
-4
9
10
9
10
3
4
4
-6
-2
0
-8
4
1
0
4
3
0
0
0
0
1
0
-9
1
2
-5
-4
-8
-8
0
-2
0
5
1
4
5
5
12
9
3
6
0
2
3
0
-5
-6
-5
-2
-4
-4
-4
-2
1
3
-2
0
3
1
1
-3
-4
-1
-1
-3
-2
-4
-2
3
2
4
4
3
6
7
0
1
1
0
0
0
-1
-2
1
0
-1
-1
-2
0
0
-4
-1
2
1
-3
-6
0
3
0
0
-2
0
2
4
9
1
-9
-5
10
18
4
-15
-10
8
14
2
-17
-10
4
7
-2
-10
-5
-3
3
0
6
12
0
-9
0
14
22
11
-4
-8
-12
-3
8
9
8
-1
5
17
15
15
7
-34
-14
28
26
-41
-198
-119
76
39
-58
-75
0
172
138
-15
49
127
163
150
-23
-97
-48
0
15
-65
-160
-66
59
51
-85
-158
-38
44
8
-40
-21
51
82
0
-49
-18
-11
-57
-39
5
-4
-44
-45
32
113
70
24
67
90
87
75
14
-23
8
15
-58
-104
-60
-5
11
-7
-47
-27
13
-20
-45
-65
-75
-19
-11
-50
-21
1
44
73
20
1
18
49
84
34
-15
16
54
75
23
-40
-7
40
23
-37
-63
-21
4
-10
-31
-49
-24
9
-11
-43
-29
11
25
-11
-37
-4
27
20
-3
-9
22
38
0
-21
-11
3
0
-20
-7
20
7
12
23
11
12
8
0
3
-16
-15
-2
-11
-14
-7
0
23
12
3
15
28
43
18
-8
0
5
3
-10
-48
-47
-13
-10
-27
-41
-19
15
22
1
-12
4
21
23
9
0
1
5
0
-3
-6
-11
-1
9
8
-10
-5
21
30
17
5
6
22
25
4
-16
-16
0
11
-13
-31
-28
-4
4
-6
-13
-12
3
11
9
-1
0
12
25
16
-1
-15
-11
0
8
-12
-29
-26
-6
11
9
-12
-15
7
31
23
-2
-12
10
21
18
-7
-22
-4
13
11
-13
-25
-10
9
9
-3
-12
-9
10
17
2
-8
-14
2
5
0
-13
-9
2
7
-3
-7
-1
7
5
3
4
8
7
2
-3
-5
4
5
5
-4
-6
0
8
7
-2
-10
-5
3
10
3
1
-5
-6
0
0
-5
-9
-7
2
11
-4
-6
-6
-1
6
2
-3
-3
0
12
10
-3
-4
0
4
10
-7
-7
2
10
13
-2
-9
-4
11
10
-3
-13
-7
8
9
-2
-14
-3
5
5
-6
-15
-3
8
8
-4
-11
-1
16
8
-5
-13
-8
14
6
-11
-17
-6
10
17
-4
-11
-1
9
17
0
-8
-6
2
12
4
-6
-11
-8
7
9
2
-2
-6
9
10
4
-8
-11
1
10
8
-7
-17
-5
13
10
-4
-16
-7
12
12
-3
-13
-10
11
14
3
-12
-15
4
13
0
-7
-7
4
9
1
-9
-3
8
9
0
-12
-2
5
9
-1
-10
0
9
5
-6
-11
2
12
8
-8
-14
0
16
11
-6
-15
-1
14
9
-8
-16
-6
11
9
-4
-13
-3
13
7
-3
-13
0
10
10
0
-9
-5
9
7
-1
-12
-4
6
9
5
-4
-10
-5
4
3
-2
-8
1
14
11
-6
-21
-10
13
17
1
-15
-9
12
14
-4
-25
-8
24
25
-2
-18
-7
16
12
-10
-20
-2
19
15
-9
-22
-7
8
12
-5
-16
5
16
7
-14
-17
3
12
3
-11
-6
10
13
-11
-17
-1
16
17
-7
-16
-3
15
13
-8
-17
1
19
17
-3
-21
-6
4
14
-3
-7
-7
0
5
0
2
-10
-5
-4
15
13
-4
-18
-8
14
12
-8
-20
0
16
6
2
0
7
-4
-4
10
14
-11
-30
-12
28
19
-18
-33
2
38
14
-30
-23
11
27
6
-24
-16
1
13
13
-2
-16
-5
13
24
0
-30
-14
24
18
-20
-20
15
18
-13
-7
9
10
-15
-15
20
15
-12
-25
4
36
6
-43
-9
43
23
-31
-39
25
37
-4
-33
-27
28
51
-15
-45
-9
26
19
-17
-16
5
2
6
5
-15
-2
2
5
11
0
-5
-19
-9
27
15
-12
-12
-11
14
27
0
-28
-30
22
50
1
-33
-38
0
55
23
-42
-43
18
61
-1
-57
-20
25
45
15
-37
-28
7
24
0
-30
2
26
1
-4
-11
-13
8
12
-6
-22
17
50
-24
-63
1
62
25
-48
-39
35
58
-13
-59
-15
56
22
-37
-18
14
12
-15
-1
10
0
-8
-3
5
6
-1
-8
-5
4
18
0
-22
-10
14
22
-1
-14
-1
5
15
0
-29
-8
27
9
-25
-11
24
10
-30
-11
21
13
-12
-34
0
44
14
-30
-31
16
40
3
-20
-21
-2
46
33
-39
-53
25
80
-8
-84
-14
68
25
-61
-44
36
32
-27
-35
10
26
-8
-30
10
39
5
-42
-13
49
40
-34
-57
10
69
36
-52
-76
17
99
32
-101
-83
66
101
-22
-92
-28
51
51
-13
-51
-30
35
41
-9
-26
-5
15
10
3
-10
-5
15
4
-27
-6
41
17
-51
-41
36
64
0
-68
-44
43
79
5
-81
-52
50
89
10
-84
-71
35
95
18
-84
-68
45
90
8
-82
-58
43
76
1
-55
-29
30
37
0
-32
-21
23
25
-15
-24
14
21
-21
-27
19
42
2
-46
-35
28
56
-3
-61
-25
51
44
-24
-49
-2
48
33
-20
-42
0
43
13
-42
-31
32
56
8
-39
-14
42
51
-13
-61
-14
61
39
-83
-164
-89
45
63
-63
-142
-41
88
67
-26
-3
126
195
160
76
15
20
78
92
31
-26
-25
-21
-67
-109
-114
-92
-81
-77
-58
-14
7
-37
-87
-51
28
23
-47
-52
28
65
8
-43
-14
51
82
74
83
131
169
149
91
56
62
50
-3
-56
-69
-56
-69
-112
-138
-109
-50
-37
-69
-67
-10
32
-11
-76
-62
12
55
18
-25
2
67
85
43
19
52
92
80
34
7
15
25
4
-34
-43
-26
-23
-45
-54
-39
-19
-22
-38
-39
-14
11
9
5
18
35
39
28
16
20
35
39
20
0
-9
-16
-17
-13
-7
-3
0
1
7
18
16
-2
-18
-10
-2
-15
-37
-51
-46
-32
-25
-24
-20
-5
11
19
21
20
23
36
47
43
32
29
23
10
6
10
13
-2
-18
-19
-10
-15
-28
-30
-16
-4
-8
-19
-16
2
17
15
5
1
9
16
17
1
-14
-15
-6
4
9
3
-4
-10
-7
-1
6
11
4
-10
-12
-2
-2
-15
-12
2
14
14
0
-8
-7
3
13
12
1
-6
0
13
16
3
-7
-3
10
10
-4
-13
-9
-2
-5
-14
-12
0
6
2
-3
-4
-7
-7
0
8
4
-9
-15
-1
18
16
0
-5
4
13
4
-5
-1
9
6
-6
-9
-4
-1
-1
6
12
13
1
-7
0
4
3
-1
-4
-1
5
6
-2
-8
-9
-5
-2
-3
-4
-3
0
5
4
-1
-3
0
5
5
3
0
0
2
2
-1
-8
-11
-9
-4
0
3
6
4
5
1
2
0
-4
-5
-5
1
4
0
0
5
7
4
0
1
5
3
1
-2
-5
-6
-7
-7
-2
6
6
1
0
-1
-5
-5
0
3
3
2
0
-1
-1
-2
0
3
1
0
0
0
-1
-3
0
1
3
2
0
1
1
-2
-4
0
3
0
0
0
0
1
-2
-4
-2
0
0
0
3
1
1
2
1
-2
-6
-6
-4
0
1
0
1
4
3
0
-4
0
3
4
3
0
0
0
-2
-2
-1
1
3
0
-3
-2
1
2
-2
-3
-1
5
8
1
-7
-5
0
2
4
3
1
1
-1
-2
-2
-3
2
1
0
1
0
-3
-7
-2
3
2
2
0
0
2
1
-3
-3
0
5
5
0
-2
-3
-1
0
-1
0
3
2
0
-1
1
3
1
0
-3
-1
-2
-1
0
0
2
4
1
-3
-5
0
2
0
-3
-2
4
6
0
-4
-2
1
2
0
-3
0
3
3
0
-3
-1
1
2
3
0
-4
-3
2
1
-1
-3
-1
3
3
0
0
-1
-1
0
0
-2
0
0
-1
1
1
0
0
1
1
0
-1
0
-1
1
1
1
1
0
0
-2
-1
0
0
2
2
0
0
0
0
-1
-3
0
1
2
0
-1
-3
-4
0
3
2
0
1
0
1
2
-3
-6
-3
1
3
1
0
-2
-2
2
1
0
0
0
2
2
0
-4
-6
-2
0
4
5
3
-1
-2
-1
0
0
0
0
1
0
0
-3
-4
-4
0
4
3
1
-1
-3
-3
-3
-1
1
4
2
0
-1
-2
-2
-1
3
4
4
-1
-6
-3
-1
2
4
2
-1
0
0
0
0
-1
2
4
2
-2
-6
-3
1
3
3
1
-1
-1
0
0
0
-1
-1
1
4
1
-4
-8
-2
4
5
3
-1
-1
0
1
-3
-5
0
2
1
-2
-5
-3
2
6
3
0
0
2
3
-3
-3
-1
1
3
-1
-2
-1
0
1
2
0
-1
-3
-1
2
2
0
-3
-3
0
2
3
0
-4
0
1
3
0
-1
0
2
2
1
-1
-2
-1
-2
0
0
0
2
-1
-1
0
0
0
0
-1
0
1
0
0
0
-1
0
2
0
0
0
0
1
0
-1
0
1
2
2
1
0
0
0
1
0
-3
-1
1
1
0
-3
-1
1
2
3
0
-4
-2
0
1
0
-4
-3
0
1
1
0
-3
-1
2
3
1
0
0
-1
2
0
-1
-1
1
1
0
0
-2
-1
0
0
1
0
0
0
0
0
0
0
-1
-1
0
1
0
0
0
0
0
0
0
1
-1
0
0
-1
-1
-2
-1
3
2
-1
-2
0
0
0
0
0
0
2
2
0
-1
-1
1
0
0
0
0
1
0
0
0
0
-1
0
-1
0
0
0
0
0
0
0
0
-1
-1
0
0
3
1
-1
0
0
0
0
1
0
-1
0
0
0
1
0
-2
0
0
-1
-2
0
0
0
0
1
0
0
0
1
1
0
0
0
0
0
2
1
0
0
-1
0
0
1
0
0
0
0
0
-1
-3
0
0
0
1
1
-1
-1
0
0
1
0
0
0
0
0
0
0
-1
0
1
0
0
0
-1
0
0
0
-1
0
0
1
2
0
0
0
0
0
0
-1
0
0
0
1
0
0
0
0
0
0
0
0
1
0
0
0
-1
-1
0
0
0
-1
-1
0
0
0
0
-1
0
2
2
1
0
0
1
0
-1
-1
0
1
1
0
0
0
0
0
-2
-2
-1
-2
0
0
0
0
1
1
0
-1
0
-1
-1
1
0
1
0
2
2
1
1
0
0
1
1
0
0
0
-1
-1
-1
-1
0
0
0
0
0
-1
0
0
0
0
1
0
0
0
1
0
0
0
2
0
2
0
0
0
-2
-1
0
0
0
-1
-1
0
1
0
0
0
0
0
1
1
1
0
0
0
1
0
-2
-1
-1
-2
0
0
-1
0
2
3
2
0
1
0
0
0
-1
-2
0
0
0
0
0
0
0
0
0
-1
0
1
0
0
0
1
1
1
-1
-2
-2
-2
-2
0
2
2
4
4
3
2
0
0
-1
-2
-4
-4
-1
0
1
1
2
2
2
0
0
0
-1
-2
-1
-2
-2
0
0
2
2
2
0
1
0
-1
-2
-1
-1
-1
-1
-1
0
0
0
0
0
0
0
0
1
0
0
0
0
0
0
0
0
0
0
0
0
-1
-2
-2
-1
-1
0
1
1
2
2
3
2
1
1
0
0
-1
-1
-1
0
-1
0
0
0
1
0
-1
1
0
-2
-2
-2
0
-1
0
0
2
3
1
1
1
0
0
0
0
0
-1
0
0
0
-1
-1
1
0
-1
1
1
0
0
1
0
0
0
0
0
0
-1
1
0
0
0
-2
-2
0
0
0
0
0
0
0
2
0
0
0
0
0
0
-1
0
-1
0
0
-1
0
0
2
0
0
1
0
0
0
0
1
0
0
0
0
0
-1
-1
1
0
0
0
0
0
-1
-1
-1
-2
-2
0
0
0
0
0
0
0
0
0
0
0
1
0
0
1
1
2
1
0
1
1
-1
0
0
0
-1
0
1
0
0
0
-1
-1
0
0
0
0
0
0
0
1
0
0
1
0
0
0
0
0
0
0
-1
0
0
0
-2
-1
0
-1
-1
-1
-1
0
-1
-1
0
0
0
0
0
1
1
1
0
0
0
1
0
0
0
0
1
2
0
-1
1
2
0
0
0
-1
-1
0
0
0
0
1
0
0
-2
0
0
0
0
0
0
-1
0
0
0
-1
0
2
0
0
0
0
0
0
0
0
-1
0
0
0
-1
-1
0
0
0
0
-1
0
1
0
0
0
0
0
0
1
0
1
0
0
0
0
0
0
0
0
-1
-1
0
0
0
0
0
1
0
0
1
0
0
0
0
0
0
0
0
0
0
0
0
0
0
-1
0
0
0
0
0
1
-1
0
1
0
1
-1
-2
0
0
0
0
0
0
0
1
0
0
0
0
0
-1
-2
0
0
0
0
0
0
0
0
0
0
0
1
0
-1
0
0
0
0
0
0
0
0
0
0
0
0
-1
0
0
-1
0
0
0
0
0
1
1
0
0
0
1
0
0
1
-1
0
1
0
0
0
0
0
0
0
0
0
-1
0
0
-2
0
0
0
-1
0
0
0
1
0
-1
0
0
0
0
0
-1
0
0
0
0
-1
0
0
0
1
0
0
0
1
0
0
0
0
0
0
0
0
1
1
1
0
-1
-1
0
0
-2
0
-1
0
0
1
0
-2
0
0
0
1
0
-1
0
0
0
0
0
0
0
0
0
0
0
0
0
0
0
0
0
0
1
0
0
2
0
0
0
0
1
0
-1
0
0
0
0
0
0
-1
0
0
-1
0
0
0
1
0
0
0
0
0
0
0
0
0
0
0
0
0
0
1
0
2
0
0
0
0
1
0
-2
0
0
0
0
0
0
0
0
0
0
-1
0
2
0
0
0
0
0
0
0
1
0
0
0
0
0
0
0
0
0
0
0
0
0
0
0
0
0
0
0
1
1
0
0
0
0
-1
0
-1
0
0
-1
0
0
0
0
0
0
1
-1
0
0
-1
0
0
0
0
0
0
0
0
0
1
0
1
0
0
0
0
0
-1
0
0
0
-1
-1
0
0
0
0
0
0
0
0
0
0
0
0
-1
-1
0
0
0
0
0
1
0
0
0
0
0
0
0
-1
0
0
0
0
1
0
0
-1
-1
0
0
0
0
0
0
0
0
0
0
0
0
0
0
0
0
0
0
0
0
0
0
0
0
0
0
0
0
-1
0
0
2
0
0
0
0
1
-1
0
0
-1
0
0
-1
0
0
0
0
0
0
0
0
0
-1
0
0
0
0
-1
-1
1
0
0
0
0
0
1
0
0
0
1
0
0
0
0
0
0
0
0
0
0
-1
0
0
0
0
0
1
0
-1
0
0
0
0
0
0
0
0
0
0
0
0
0
0
0
-1
0
0
0
0
0
1
0
0
0
0
1
1
0
0
0
1
0
0
0
0
-1
0
0
0
-1
0
0
-1
0
0
0
0
0
0
-1
0
0
1
0
-1
0
1
0
0
0
0
0
0
0
0
-1
0
0
1
0
0
0
0
0
0
1
1
-1
0
0
0
0
-2
-1
0
0
-1
0
0
1
0
0
0
0
0
0
0
0
-1
0
0
0
0
0
1
1
0
1
0
0
0
-2
0
-1
0
0
-1
0
0
1
0
0
0
0
0
-2
1
0
-1
1
0
0
0
0
0
0
-1
0
0
0
1
0
0
0
0
0
0
1
0
0
0
0
0
0
0
0
0
0
0
0
0
1
0
0
0
0
0
0
0
0
0
0
0
0
0
0
0
0
0
0
-1
0
-3
-1
0
0
0
0
1
0
0
0
0
0
0
0
0
0
0
1
0
0
0
0
1
0
0
0
-1
0
1
1
0
0
-1
0
0
0
0
1
-1
0
0
-1
0
1
1
0
0
-1
-1
0
0
0
0
0
0
1
0
0
0
0
0
0
0
0
0
1
0
0
0
0
0
0
0
0
-1
0
1
0
0
0
0
0
0
0
0
0
0
0
0
0
1
1
0
0
-1
0
-1
0
0
0
0
0
0
0
0
0
0
0
0
0
0
0
0
0
0
0
1
0
0
0
-1
0
0
0
-1
0
1
-1
-1
0
0
0
1
0
0
0
0
0
0
0
0
0
-1
0
0
0
-1
0
1
0
0
0
0
0
0
0
0
0
0
0
0
0
0
0
0
0
0
0
0
0
0
0
0
1
0
0
0
1
1
0
0
0
0
0
1
0
0
1
0
0
-1
-1
0
0
0
0
0
0
0
-1
0
0
0
0
0
-1
0
0
0
0
1
0
0
0
0
0
0
0
0
0
0
0
0
0
0
0
0
0
0
0
1
0
0
1
0
0
0
0
0
0
0
0
0
0
0
0
0
0
0
0
1
0
0
0
-1
0
0
0
1
0
0
1
0
0
0
0
0
0
0
-1
0
0
1
1
1
1
0
0
0
0
0
0
-1
0
0
-1
0
1
0
0
0
0
2
0
-1
0
0
-1
-1
0
0
0
0
0
1
1
-1
0
1
0
0
0
0
0
0
0
-1
0
0
0
0
0
0
-1
1
0
-1
0
0
0
0
1
0
0
0
0
0
0
-1
0
0
0
0
0
0
0
0
-1
0
1
0
0
0
0
0
0
-1
0
0
0
0
0
0
0
0
0
0
-1
0
1
0
0
0
-1
1
0
0
0
0
2
1
0
0
1
1
1
1
1
0
0
1
0
1
0
0
0
0
0
-1
-1
-1
-2
0
0
-2
0
-1
-2
-1
-2
-2
0
-1
0
0
0
0
0
0
0
0
1
1
0
1
0
0
1
1
1
1
1
2
1
1
1
0
1
0
0
1
1
0
0
0
0
0
0
-1
0
0
0
0
-1
0
0
-1
-2
0
0
0
0
-1
0
1
0
0
0
0
1
0
0
1
1
0
0
0
1
1
0
0
0
0
-1
0
0
0
0
0
0
-1
0
0
0
-1
0
1
0
0
1
0
0
0
0
0
0
0
0
0
0
1
0
0
0
0
0
0
1
0
0
1
1
0
0
0
0
0
0
0
0
-1
0
0
0
0
-1
0
0
0
0
0
0
0
0
0
0
0
0
0
0
0
0
0
0
0
1
0
0
0
0
0
0
0
0
0
0
0
0
0
-1
0
0
0
0
-1
0
1
1
0
-1
0
0
0
-1
-1
0
0
0
1
0
-1
0
0
0
1
0
0
0
1
0
1
1
0
0
0
0
0
0
-1
-1
0
0
0
0
0
-1
0
0
0
-1
0
-1
0
0
-1
0
2
1
-1
1
0
0
0
0
0
0
0
0
0
0
1
0
0
1
0
0
1
0
0
-1
0
0
0
-1
0
0
0
-2
0
0
0
1
-1
0
0
0
0
0
-1
0
0
-1
-1
0
0
-1
0
0
1
0
0
0
1
0
0
0
0
0
0
0
0
0
0
1
0
0
0
0
0
0
0
0
0
-1
0
0
-1
0
0
0
0
0
-1
0
0
0
0
0
0
0
-1
0
0
0
0
0
0
0
0
0
0
0
0
0
1
0
0
0
0
0
0
0
0
0
0
0
0
0
-1
-2
0
0
0
0
0
1
0
-1
0
0
0
0
0
0
-1
1
0
0
0
0
0
0
1
0
1
0
0
0
0
0
0
0
0
0
0
-1
-1
0
0
-1
0
0
0
0
0
0
0
0
0
1
0
0
0
0
0
0
1
0
0
0
0
1
0
0
1
0
-2
0
1
0
0
1
0
0
0
0
-1
0
0
0
0
1
0
0
-2
0
0
0
-1
0
0
0
0
0
0
0
1
0
-1
1
0
0
0
0
0
0
0
1
2
0
0
0
0
-1
0
1
0
-1
0
0
0
-1
0
0
0
-1
0
0
0
0
1
0
0
0
0
0
0
0
0
-1
-1
0
0
1
0
0
0
0
0
0
1
0
1
0
0
0
0
0
0
0
0
0
0
0
0
0
-1
0
0
0
0
0
0
0
0
0
0
0
0
-1
0
1
0
0
0
0
0
0
0
0
0
0
0
0
0
0
0
0
0
0
0
0
0
0
0
0
0
0
1
0
0
0
0
0
0
-1
1
2
0
0
1
0
0
0
0
0
0
1
0
0
0
0
-2
-1
0
0
-1
-2
-3
-2
-1
0
-1
-2
0
-2
-1
0
0
0
0
2
0
1
3
2
1
2
2
2
1
1
2
2
1
0
1
0
0
1
0
-1
-1
0
0
-2
0
0
0
-2
0
0
-1
0
0
0
-3
-1
-1
-1
0
0
0
-1
0
0
0
0
0
0
0
0
0
1
0
0
2
2
2
1
0
0
0
0
-1
0
0
0
0
0
-1
-1
-1
0
-1
0
0
0
2
0
0
0
0
0
0
0
0
0
0
0
0
0
0
0
0
1
0
0
0
0
0
0
1
0
1
0
0
0
0
0
0
0
0
0
0
0
0
0
-1
-1
-1
0
0
0
0
0
0
0
0
0
-1
0
0
0
0
0
1
0
0
0
0
0
0
0
0
0
0
0
0
0
0
0
0
0
0
0
0
1
-1
0
0
0
0
0
0
0
0
0
0
0
0
0
0
1
0
0
1
0
-1
0
0
0
0
0
-1
0
0
0
1
0
0
0
0
-1
0
0
1
0
0
0
1
0
0
0
0
-2
0
-1
0
0
0
1
2
0
0
0
0
0
0
0
0
0
0
0
0
0
1
1
0
0
2
0
0
0
-1
-1
0
-1
-1
-1
0
-1
0
1
0
0
0
-1
0
0
0
0
0
0
0
0
0
1
1
0
0
1
0
0
0
0
0
0
0
0
0
-1
0
0
0
0
-1
0
0
0
0
0
0
0
0
-1
0
0
0
0
0
0
0
0
0
0
0
0
0
0
0
0
0
0
0
0
1
-1
0
0
-1
0
0
0
0
1
0
0
0
0
0
0
0
0
0
0
-1
0
0
0
0
0
1
0
0
0
0
0
0
0
0
0
0
-1
0
0
0
0
0
0
0
0
0
1
1
0
-1
0
0
0
-1
0
0
-1
0
0
0
0
0
0
1
1
-1
0
0
0
0
-1
0
0
0
1
1
0
0
0
0
0
0
0
0
1
0
0
0
-1
0
0
0
0
0
0
-1
-1
0
0
0
0
2
1
0
0
0
0
-1
0
-1
0
0
0
0
0
0
0
0
1
0
0
-1
0
1
0
1
0
-1
0
0
0
0
0
0
0
0
2
1
0
0
0
0
-1
0
0
0
0
-1
1
0
-1
0
3
0
0
0
0
1
0
0
1
0
-1
-1
0
0
0
0
0
0
0
0
0
0
0
0
1
0
0
0
0
0
0
0
0
1
0
0
0
0
0
-1
0
0
0
0
0
0
0
0
0
-1
0
1
0
0
1
1
0
0
0
0
-1
1
0
0
0
-1
-1
0
0
0
0
0
0
0
0
0
0
0
0
0
0
0
0
0
0
0
1
0
2
1
0
0
0
-1
-1
0
0
0
0
0
0
0
-1
0
0
0
0
0
0
0
0
0
0
0
1
0
0
0
0
0
0
0
0
0
0
0
0
0
0
0
0
0
0
0
0
0
0
0
1
0
-1
0
0
0
1
0
0
0
0
0
0
1
0
0
1
0
0
0
0
0
0
0
1
0
0
0
-1
0
0
0
0
-1
-1
0
0
0
0
-1
0
0
0
0
0
1
0
0
0
-1
0
0
-1
0
0
-1
0
0
0
0
-1
0
1
0
0
0
0
0
0
0
0
0
0
0
0
0
0
0
0
0
-1
0
1
-1
0
0
-2
0
0
0
1
0
0
1
0
0
1
1
0
0
1
0
-1
-2
0
0
0
1
0
0
0
0
0
0
1
-1
-3
0
-1
0
0
0
0
0
0
0
1
0
0
1
0
0
0
0
1
1
0
0
1
0
-1
1
0
-1
0
0
-1
0
0
0
0
0
0
0
0
0
0
0
0
1
0
0
0
0
0
0
0
0
1
1
0
-1
0
0
0
0
0
0
0
0
0
1
0
-1
0
0
-1
0
0
0
-1
0
0
0
0
0
1
0
-1
0
1
0
0
1
0
-1
0
0
0
1
0
-1
1
1
0
0
0
0
-1
0
0
0
1
0
0
1
0
0
0
0
1
-1
0
1
1
0
0
-1
0
0
0
0
0
0
-1
0
0
0
0
0
0
0
0
0
0
0
0
0
0
0
0
0
0
0
0
0
0
1
1
0
1
0
-1
0
0
1
0
0
0
0
0
-1
0
0
0
0
0
0
0
0
0
0
0
0
0
-2
0
0
0
0
0
0
0
0
1
0
0
1
2
0
0
0
1
0
0
1
0
0
0
0
1
0
0
-1
-1
0
0
0
0
0
0
0
0
-1
0
0
0
0
0
0
0
2
0
0
0
0
0
0
0
0
0
0
0
0
0
0
0
0
0
0
0
0
0
0
0
0
0
0
1
0
0
-1
-1
0
0
0
0
0
0
-1
-1
0
0
0
0
0
0
1
0
0
1
0
0
1
0
0
0
0
0
1
0
0
0
0
0
0
-1
0
0
0
-1
0
0
0
0
0
0
1
0
0
-1
0
-1
0
-1
0
1
1
0
0
0
1
0
1
0
0
1
0
0
0
0
0
1
0
-1
0
0
0
0
0
0
0
-1
-1
0
0
0
0
0
0
0
0
1
-1
-1
0
1
1
0
0
0
0
0
0
0
1
0
0
0
0
0
0
0
0
0
0
1
0
0
0
0
1
0
0
0
0
0
0
0
0
-2
-1
0
-2
0
0
0
0
-1
0
0
0
-1
0
-1
0
0
1
0
0
0
0
0
0
1
0
0
0
0
2
1
0
0
0
0
0
0
0
0
0
0
0
0
0
-1
-1
0
0
0
0
0
1
1
0
0
0
0
0
0
1
0
0
1
0
0
0
0
0
0
0
0
1
0
0
0
0
1
1
0
-1
0
0
0
0
0
0
0
0
-1
0
0
0
0
-1
0
0
0
0
0
0
0
0
0
0
0
0
0
0
1
1
0
0
0
0
0
0
0
-1
0
1
0
0
-1
1
0
0
0
0
0
-1
0
0
0
0
0
0
0
0
0
0
1
-1
0
0
0
0
0
0
0
0
1
0
0
0
0
0
0
0
0
0
0
0
0
-1
-1
0
0
0
0
0
0
0
-1
-1
0
0
-1
0
-1
0
1
0
0
0
-1
0
0
0
0
0
0
0
0
0
1
1
1
0
0
0
0
0
-2
0
0
0
1
0
-1
-1
0
-1
0
1
0
-1
0
-1
0
0
0
0
0
0
0
0
0
0
0
1
1
0
0
0
0
0
1
0
0
0
0
0
0
0
0
0
0
1
1
0
0
0
0
0
0
0
0
0
-1
0
0
-1
0
0
-1
1
1
0
0
0
0
0
0
0
0
0
0
0
0
1
1
1
1
1
1
0
0
1
2
0
0
0
-2
-2
0
0
0
0
0
0
-2
-2
0
-1
0
-1
0
0
-1
0
0
0
0
0
1
2
1
1
0
0
0
0
0
0
1
0
1
1
0
1
0
1
0
1
0
0
0
0
0
-1
0
0
0
0
0
0
0
-1
0
-1
-1
-1
0
-2
-1
0
0
0
0
-1
0
0
0
1
0
0
0
0
1
1
1
1
0
1
1
0
0
0
0
0
0
0
0
-2
0
0
0
-2
0
0
0
0
0
0
-1
0
0
0
0
0
0
0
0
1
0
1
2
1
0
0
0
0
0
0
1
0
0
0
0
0
-1
0
-1
0
0
0
0
0
0
-1
-1
0
0
-1
0
0
0
0
0
0
0
1
0
0
1
0
0
1
1
0
0
0
0
0
0
0
0
0
0
0
0
0
0
1
0
-1
-1
0
0
0
0
0
0
0
0
0
0
0
0
0
-1
0
0
1
0
0
1
0
0
0
0
0
0
0
0
0
0
0
0
0
0
0
0
0
0
0
0
0
0
0
-1
-1
0
0
0
1
0
0
0
0
0
0
0
0
0
0
0
0
0
0
0
0
1
0
0
-1
0
0
0
0
1
0
0
0
0
0
0
0
0
0
0
0
0
0
0
0
1
0
0
0
0
0
0
0
0
-1
0
0
0
-1
0
0
0
0
0
1
0
0
0
0
0
0
0
0
0
0
0
0
0
1
0
0
0
0
1
0
0
0
0
-1
0
0
0
-1
0
0
0
0
1
0
-1
1
0
0
0
0
0
0
0
0
0
0
0
0
-1
-1
0
0
0
0
0
0
0
1
1
0
0
0
0
0
0
1
1
-2
0
0
0
0
0
0
0
0
0
0
0
0
0
0
0
0
0
0
0
0
0
-1
0
0
0
-1
0
0
-1
0
1
1
-1
0
0
0
0
0
0
0
1
1
0
1
0
0
0
0
0
0
0
0
0
0
0
0
1
0
0
0
0
0
0
0
0
-1
-1
0
0
0
0
0
0
0
0
1
0
0
0
0
0
-1
0
0
0
0
0
0
0
0
0
0
0
1
0
0
0
0
0
0
0
-1
0
0
0
0
0
-1
-1
1
0
0
0
-1
0
0
0
0
0
0
-1
0
0
0
1
1
0
0
0
1
1
0
0
0
0
1
0
0
0
0
0
0
0
0
0
1
0
-1
0
-1
-1
0
0
0
0
0
0
0
-1
-2
0
0
0
1
0
0
0
0
0
1
1
0
0
0
1
1
0
0
0
0
0
0
-2
0
0
0
0
0
0
0
0
0
0
0
0
0
0
0
0
-1
0
1
0
-1
0
0
0
0
1
0
0
1
0
0
0
0
0
1
0
1
0
0
1
0
0
0
0
0
-1
0
0
0
0
0
0
-1
-2
-1
0
-1
-1
-1
-1
-3
-1
1
0
0
-1
-1
0
0
1
1
1
2
2
1
1
3
1
1
2
1
1
2
1
1
1
1
1
0
0
0
0
0
-1
-2
0
-1
0
-1
-2
-2
-1
-2
-2
-2
-2
-3
-1
-1
-1
-1
-2
0
0
0
0
0
1
2
1
1
1
2
2
3
2
2
1
3
2
0
3
2
0
1
1
0
0
0
0
0
-2
-3
-3
-3
-2
-2
-3
-2
-2
-2
-1
-2
-2
-1
0
0
0
0
1
0
1
2
1
1
1
2
2
1
1
1
1
0
1
0
0
1
0
1
0
0
0
0
0
0
0
0
0
0
0
0
0
0
0
-1
-1
0
0
-1
-1
0
0
0
0
0
-1
0
0
0
0
0
1
0
0
2
0
0
1
0
0
0
1
0
0
0
0
0
0
-2
0
0
0
0
1
-1
0
0
-1
0
0
-1
-2
0
1
1
0
0
0
0
0
0
0
0
0
2
1
0
0
0
-1
1
1
0
0
1
0
1
2
0
-1
0
0
0
0
0
0
0
0
0
-1
0
-1
0
0
-1
-1
0
0
0
0
0
0
0
0
0
0
0
0
0
0
1
0
0
0
0
0
0
0
0
0
0
0
-1
0
1
0
0
-1
0
-1
0
0
0
-1
-1
0
0
2
0
0
1
0
-1
0
0
0
0
0
0
0
1
2
1
0
0
0
0
1
0
0
-1
0
0
0
0
0
0
0
-1
0
0
0
0
0
0
1
0
-1
0
0
-1
-2
-1
0
1
0
0
0
2
0
0
-1
0
0
0
0
0
0
0
0
0
1
0
0
0
1
1
0
-1
0
0
0
0
0
0
1
0
0
0
0
0
1
0
-1
0
0
-1
0
0
-1
0
0
0
0
0
0
-1
0
0
-1
0
1
0
1
1
0
-1
1
2
1
0
0
0
0
-1
0
0
0
0
0
0
0
0
0
0
1
1
0
0
1
2
0
0
-2
0
1
1
1
-1
0
-1
0
0
0
0
0
0
0
0
0
0
0
0
0
-1
0
0
0
0
0
-1
0
0
0
0
0
-1
0
0
0
0
0
0
-1
0
1
0
0
0
0
0
0
1
0
0
0
0
0
0
0
0
0
0
0
0
1
0
0
0
-1
-1
0
-1
0
0
0
0
0
0
0
0
0
0
0
0
0
0
1
0
0
0
0
0
0
0
0
0
0
0
0
0
0
0
-1
-1
0
0
0
0
0
0
0
0
0
0
0
0
0
0
0
1
0
0
0
0
0
0
-1
0
0
0
0
0
0
0
0
0
0
0
0
1
0
0
-1
0
0
0
0
0
0
0
0
0
0
0
0
0
-1
0
0
1
0
-1
0
0
0
0
-1
0
0
1
1
0
0
0
1
0
0
0
0
0
-1
0
-1
0
0
0
0
0
0
-1
0
-1
-1
1
0
0
0
0
0
0
0
0
0
0
0
0
0
1
0
0
0
0
0
0
0
1
0
0
0
0
0
1
0
0
0
0
0
0
0
0
0
0
-1
0
0
0
1
0
0
0
0
0
-1
0
0
0
-1
0
-1
0
1
0
0
0
0
0
0
0
0
0
0
0
0
0
0
0
0
-1
0
0
-1
1
0
-1
0
-1
-1
0
0
1
0
0
0
1
0
0
0
0
0
0
0
0
-1
0
0
0
0
0
0
0
0
0
0
0
0
0
0
0
0
-1
0
0
0
0
0
0
0
0
0
2
0
0
0
-1
0
0
0
0
0
0
0
0
-1
0
0
0
0
0
1
0
0
0
1
0
0
0
0
0
0
0
1
0
0
0
-1
0
1
0
0
1
0
0
0
0
0
0
0
0
-1
0
0
0
1
0
0
0
0
0
0
0
1
0
0
0
0
0
2
-1
-1
0
0
0
1
0
0
-1
0
1
0
0
0
0
0
0
0
0
0
0
0
0
0
0
0
0
0
0
0
0
0
0
0
0
0
0
0
1
-1
0
0
0
0
0
0
0
0
0
0
0
0
0
-1
0
0
0
0
0
0
1
-1
0
0
0
0
0
0
0
0
0
0
0
0
-1
0
0
0
0
0
0
0
1
0
0
0
0
0
0
0
0
0
0
0
0
-1
0
0
0
0
0
0
0
1
0
0
0
-1
0
0
0
0
0
0
0
0
0
1
1
0
0
0
0
0
0
0
-1
0
-1
0
0
0
0
0
0
0
0
0
2
2
0
0
0
0
0
0
0
-1
0
0
0
0
0
0
0
0
0
0
0
0
0
0
-1
-2
0
0
0
0
0
0
0
0
0
0
0
0
0
1
0
1
0
1
1
0
0
0
0
0
0
1
0
0
0
0
0
-2
-1
0
0
-1
0
0
0
0
-1
0
-1
-1
0
0
-1
0
0
0
0
0
-2
-1
1
0
0
1
0
0
0
2
2
0
0
0
1
0
0
0
-2
-1
0
0
1
0
0
0
-1
0
0
0
1
1
0
0
0
0
0
0
0
0
0
1
0
0
-1
0
1
0
0
0
0
0
1
0
0
0
-1
0
0
0
0
0
0
1
0
0
0
-1
1
0
0
0
-2
0
1
0
0
1
1
1
0
0
-1
-1
1
0
0
0
0
0
0
-1
0
0
0
-1
0
0
0
0
-1
0
0
1
0
0
-1
0
0
0
0
0
0
0
0
0
0
0
0
0
0
0
0
0
0
0
0
0
0
-1
-1
0
1
0
-1
0
0
0
1
0
0
-1
-1
1
1
-1
-1
0
0
0
0
0
0
0
0
0
-1
0
0
0
0
0
0
0
-1
0
1
1
0
0
0
0
0
0
0
0
0
0
0
-1
0
0
-1
0
0
0
0
-1
0
1
0
-1
0
0
2
1
3
1
0
-1
-1
1
1
0
-1
-2
0
0
0
0
0
0
0
1
0
0
1
1
1
0
0
0
0
-1
0
0
0
0
0
0
-2
0
-1
-1
0
0
0
0
1
1
0
0
0
0
-1
0
0
0
0
0
0
0
0
0
0
0
0
0
0
0
0
0
0
0
0
0
0
0
0
0
0
0
0
1
0
-1
0
0
0
-1
0
1
-1
-2
0
0
-1
-1
0
1
0
0
0
1
2
0
0
0
0
-1
0
1
0
-1
0
0
0
0
-1
0
0
-1
-1
0
0
0
1
0
0
0
0
-1
0
0
0
0
0
0
0
0
0
0
0
0
0
1
0
0
2
1
0
0
0
0
0
0
-1
-1
0
0
-1
0
0
0
0
0
0
0
1
1
0
0
0
1
0
0
-2
-1
0
0
-1
0
0
-1
-1
0
0
0
0
0
0
0
0
0
0
1
0
0
2
1
0
0
1
1
0
1
2
2
1
1
0
0
1
0
0
0
0
0
0
0
-2
-2
-2
0
-2
-2
0
-2
-2
-1
-1
-1
-1
-1
0
-1
0
0
0
0
0
0
1
1
2
1
2
1
2
0
1
1
2
1
1
0
0
1
0
0
0
0
0
-1
0
0
0
-1
0
0
0
0
0
0
0
-1
0
-1
0
0
0
0
-1
0
0
0
1
0
0
0
0
-1
1
1
1
0
0
1
0
0
1
0
1
0
0
0
-1
0
0
-1
0
0
-1
0
0
0
0
0
-1
0
0
0
0
0
0
0
0
0
0
0
0
0
0
0
0
0
0
0
0
0
0
0
0
0
0
-1
0
0
0
0
0
0
0
0
0
-1
0
0
0
0
0
0
0
0
0
-1
0
0
0
0
0
0
0
0
0
1
0
0
0
0
0
0
0
0
0
0
1
0
0
0
-1
0
0
1
0
0
0
0
0
-1
0
1
-1
0
-1
0
0
0
0
1
0
-1
0
1
0
0
0
1
0
0
0
-1
1
0
0
0
0
-1
0
0
0
0
0
0
-1
0
0
0
0
-1
0
0
0
0
0
0
-1
0
-1
0
0
0
0
0
0
0
0
0
1
1
0
0
1
1
0
-1
0
0
2
0
0
0
0
1
0
0
1
0
0
0
1
0
-1
0
1
1
0
-1
0
0
-1
0
1
0
-1
-1
0
0
0
0
0
0
-1
0
0
0
-1
0
1
0
1
0
0
0
0
0
0
0
0
-1
0
0
2
0
0
0
1
0
0
0
-1
0
1
0
0
2
1
0
0
0
-1
0
0
0
0
-1
0
-1
0
-1
-1
0
0
0
0
1
0
0
1
0
0
0
0
0
1
1
0
0
0
0
-1
-1
1
1
0
0
0
1
1
0
0
0
0
0
0
0
0
0
-1
0
0
0
0
-1
-1
0
0
-1
0
0
0
1
0
1
0
0
0
0
0
1
0
0
1
0
0
0
0
0
0
0
0
-1
0
0
0
0
-1
-1
0
0
0
0
0
0
0
0
0
0
0
-1
0
0
0
1
0
-1
0
0
0
0
0
0
1
0
0
0
0
0
0
0
0
0
0
0
0
-1
0
0
0
0
0
0
0
0
0
-1
0
0
0
0
0
0
-1
0
-1
0
1
0
-1
0
1
1
1
0
0
-1
0
0
0
0
0
0
0
0
0
1
-1
0
1
0
0
0
0
0
0
1
-1
-1
0
0
0
0
-1
0
0
0
0
-1
0
1
0
0
0
-1
0
0
0
0
0
1
0
1
0
0
1
0
0
1
-1
0
0
0
0
0
0
0
-1
0
0
0
0
0
0
0
0
0
0
0
0
0
1
0
0
0
1
0
0
0
0
0
0
0
0
0
-1
0
0
0
0
0
0
-1
-1
0
0
0
1
1
0
0
0
0
-1
0
0
0
0
0
0
0
0
0
0
0
0
-1
0
-1
-2
0
0
0
0
0
0
-1
0
1
1
0
0
0
0
0
0
0
0
0
0
1
0
0
0
0
1
0
-1
0
0
0
0
0
0
-1
0
0
-1
-1
0
1
0
0
0
1
1
1
1
2
0
0
0
-1
0
0
0
0
0
0
-1
1
2
1
1
1
0
0
0
0
-1
-2
-1
-2
-1
-1
0
0
0
0
-1
0
0
-1
0
1
0
0
0
0
1
2
0
0
1
0
0
0
0
-1
0
0
0
0
0
0
0
1
0
0
0
-1
0
0
0
0
0
0
0
0
0
0
1
0
0
0
0
0
0
0
0
1
0
0
0
0
0
0
0
1
1
0
0
-1
0
1
0
0
0
0
0
0
0
0
0
0
0
0
0
0
0
0
0
1
-1
-1
0
1
1
0
0
-1
0
0
0
0
0
0
0
0
1
0
0
0
0
0
0
0
0
0
1
1
0
-1
0
0
0
0
0
0
0
0
0
0
-1
0
0
0
0
0
0
0
0
0
0
0
0
0
0
1
0
0
0
-1
0
0
0
0
0
-1
-1
0
0
0
0
0
0
1
0
0
0
0
1
0
0
0
0
0
0
0
0
0
0
0
0
0
0
-1
-1
0
0
0
0
0
0
0
1
0
-1
0
0
0
0
0
-1
0
0
0
-1
0
0
0
0
0
0
0
0
0
0
0
0
0
0
1
1
1
0
-1
0
1
0
-1
0
0
0
-1
-1
0
1
0
0
0
0
0
0
0
0
-1
-1
1
0
0
1
1
1
0
0
0
0
-1
0
-1
0
0
0
0
0
0
-1
0
0
0
0
0
0
0
0
0
0
0
0
1
0
0
0
0
-1
0
0
-1
0
0
0
0
0
0
0
0
0
0
0
0
0
0
0
0
0
0
0
-1
-1
0
0
0
-1
0
0
-1
0
0
0
0
0
0
0
0
0
2
0
0
-1
1
1
0
1
1
1
0
-1
0
0
0
0
0
0
0
1
1
0
-1
-2
-1
0
0
1
0
0
0
0
0
0
-1
0
1
0
0
0
0
1
0
-2
-1
0
0
0
0
0
1
0
-1
0
-1
0
0
0
0
0
0
2
1
-1
0
0
0
0
1
0
0
0
0
0
0
0
-1
0
1
0
0
0
-1
1
0
0
0
1
1
0
0
-1
0
0
0
0
1
1
0
0
0
0
0
0
0
0
0
0
2
1
0
-1
-1
0
0
0
0
0
0
0
0
0
1
2
0
0
-1
0
1
0
0
0
0
0
0
-1
0
0
1
0
0
0
0
0
-1
0
1
-1
-1
0
0
0
1
2
1
1
0
0
0
0
0
0
0
0
0
0
0
0
0
-1
0
0
0
-1
-1
0
0
0
0
0
1
1
0
-1
-1
1
0
0
0
0
0
0
0
0
0
0
-1
0
0
0
0
0
0
0
1
0
0
0
0
0
0
0
2
0
0
0
0
0
0
0
0
0
0
0
-1
0
0
0
0
0
0
0
0
0
0
1
0
1
0
0
1
0
1
-1
-1
1
0
0
-2
-1
0
-2
-1
0
0
0
0
0
0
1
1
0
0
2
1
1
2
0
0
0
1
2
-1
0
0
0
-1
-2
0
-1
-1
-1
0
0
-1
0
0
-2
0
0
0
1
0
1
1
0
2
0
0
1
0
1
1
0
0
1
0
0
0
-2
0
0
0
0
0
-1
0
0
0
0
0
0
0
0
-1
0
0
0
0
0
0
0
-1
0
0
0
1
0
0
0
1
1
0
0
0
0
0
0
0
-1
-1
0
0
-1
-1
0
0
-1
0
0
0
-1
-1
0
1
0
1
1
0
1
1
1
0
0
0
0
0
0
0
0
0
-1
-1
0
0
0
0
0
-1
0
0
0
0
0
1
1
0
0
0
1
0
0
0
0
0
0
0
0
0
0
1
0
-1
0
0
1
0
0
0
0
0
0
0
0
-1
0
0
0
0
-1
0
0
0
0
0
0
0
0
0
1
0
0
0
0
0
-1
0
1
0
1
1
0
0
0
1
0
1
0
0
1
2
0
0
1
0
-1
-1
0
-1
0
0
0
0
0
-1
-2
0
-1
-2
-1
0
0
0
0
0
0
1
0
0
0
0
0
0
0
0
0
0
1
0
0
0
0
0
1
0
0
0
0
0
0
0
0
1
1
0
0
0
0
0
-2
0
0
-2
0
0
0
0
-1
0
0
0
0
-1
0
0
0
0
0
1
2
0
0
1
0
0
0
0
0
0
0
0
0
0
0
-2
0
0
-1
0
0
0
0
0
0
0
1
1
0
0
0
0
-1
0
0
-1
0
0
0
0
1
0
0
-1
0
0
1
0
0
0
0
0
0
0
0
0
0
0
0
0
0
-1
0
0
0
0
0
0
0
1
1
0
0
0
0
0
0
0
0
1
0
0
0
-1
0
0
0
0
0
0
0
0
0
0
0
0
0
0
0
0
0
0
1
0
0
-1
0
1
0
0
0
0
0
-1
0
1
0
0
0
-1
0
0
0
1
0
0
0
1
2
0
0
1
0
0
0
0
1
0
-1
-2
-2
-1
-1
-1
-1
0
-1
0
-1
0
0
0
2
2
1
1
3
3
1
0
2
0
0
-1
0
-1
-1
-1
-1
0
-2
-1
0
-2
-1
0
0
0
0
0
-1
0
0
-1
0
1
0
0
-1
0
0
0
0
0
1
0
0
0
1
2
1
1
1
1
0
0
0
1
1
1
0
0
1
2
1
1
1
2
0
0
0
0
0
-1
-2
0
-1
-2
-3
-4
-2
-2
-2
-2
-2
-1
-2
-1
0
0
1
1
1
2
0
1
1
0
1
0
0
0
2
0
0
0
-1
0
0
1
1
0
1
1
0
1
1
2
0
0
1
0
1
0
1
0
-2
0
-1
-2
-2
-1
-2
-2
-1
0
0
0
0
0
-1
0
0
0
0
0
0
0
0
-1
0
0
0
0
0
0
0
0
1
0
1
1
1
2
2
2
1
1
1
1
1
0
0
0
0
0
1
0
-1
-1
-1
0
-1
-1
-1
-1
-1
-1
0
0
0
-1
0
0
0
0
0
-1
0
-2
-2
0
0
-1
0
0
2
1
1
2
2
0
3
2
2
1
1
1
0
0
0
0
0
0
-2
-1
-2
-1
-1
-2
-1
-1
0
0
0
0
-1
0
0
1
1
0
1
0
0
0
0
0
0
0
0
0
0
-1
0
1
-1
1
2
0
0
0
0
0
1
0
0
0
0
0
0
1
0
-1
0
0
0
0
0
0
-2
0
0
-1
0
0
-1
0
0
0
1
0
0
0
0
0
0
0
0
0
0
0
0
0
0
0
-1
0
0
0
1
1
0
0
0
0
0
1
0
0
0
0
0
0
0
0
0
0
0
0
0
-1
0
-1
-1
0
0
0
0
0
0
0
1
1
1
0
0
0
0
0
1
0
-1
0
0
0
1
0
0
-1
-1
0
0
0
0
-1
0
0
-1
0
0
0
0
1
1
1
0
0
2
0
0
0
0
0
0
-1
-1
-1
0
0
0
0
0
1
0
-1
1
0
0
2
0
0
0
0
-1
-1
-1
-1
-1
0
0
0
0
1
1
0
0
0
1
0
1
-1
1
0
0
1
0
-1
0
0
0
0
-1
-1
0
0
0
0
0
-1
0
0
0
0
1
1
1
0
0
1
0
0
0
0
-1
0
0
-2
-2
-1
-2
-2
-1
-2
-2
0
0
0
0
1
0
0
1
2
2
1
1
1
2
2
1
0
0
1
1
0
0
0
0
0
0
0
0
-2
0
-1
-1
0
0
0
0
-1
-1
0
-1
-1
-2
-2
0
-1
-1
0
0
0
-1
-1
0
0
0
0
1
1
1
1
1
2
2
1
1
1
1
1
0
0
0
0
0
0
0
-1
0
-1
-1
0
-2
0
1
-1
0
0
0
0
0
2
0
0
2
2
0
0
0
1
0
-1
0
0
0
0
0
0
0
0
0
0
0
0
1
1
0
0
0
-1
0
0
0
0
-1
0
0
0
0
0
0
-1
0
0
-1
0
0
1
0
0
0
0
0
0
2
0
0
0
0
0
0
0
0
0
0
0
0
0
0
0
0
0
0
0
0
0
0
0
0
0
-1
-1
0
-1
0
0
0
0
0
0
-2
0
-1
0
2
0
0
0
0
0
1
0
0
0
1
1
0
1
0
0
1
0
1
0
-2
0
-1
0
0
-1
-2
0
0
0
0
0
0
0
0
0
0
0
1
0
0
0
0
1
0
0
0
-2
0
-1
0
1
0
0
0
-1
0
0
0
0
0
0
0
-1
0
1
0
0
0
0
0
1
0
0
0
-1
1
0
0
0
0
0
0
-1
0
0
0
0
0
0
0
0
0
-1
0
0
0
0
0
0
1
1
0
0
0
0
0
-1
0
1
0
0
0
0
0
-1
-1
0
0
0
1
0
0
1
-1
0
0
0
0
1
0
0
0
0
0
-1
0
0
0
0
0
0
0
0
0
0
2
0
1
0
0
-1
0
0
-1
0
0
0
0
0
1
0
-1
0
0
0
0
0
0
0
-1
0
0
-1
0
-1
0
0
0
0
0
2
0
0
-1
0
0
-1
0
0
0
1
0
1
0
0
0
0
0
0
0
0
0
1
0
0
0
0
-1
-1
-1
0
-1
-1
0
-1
0
0
0
0
0
0
0
0
0
0
0
1
0
0
2
0
1
0
0
0
0
0
0
0
0
-1
0
0
-1
0
0
0
0
0
0
0
0
1
1
0
0
0
0
0
0
0
0
0
-1
-1
-1
-1
0
0
1
1
0
0
-2
0
0
1
0
0
1
0
0
0
0
0
0
1
1
0
0
0
-2
-1
-1
-3
0
0
0
0
0
0
0
0
0
0
0
1
1
0
-1
0
0
0
0
0
0
0
0
0
0
0
0
0
0
-1
0
0
-1
0
0
0
0
0
1
0
0
0
0
0
0
0
-1
-1
0
0
0
0
0
-1
0
0
0
0
0
1
0
1
0
-1
0
0
0
0
0
1
0
-2
-1
0
1
0
-1
0
0
-1
0
0
1
0
0
0
1
0
0
0
0
0
0
0
0
0
0
0
0
0
0
0
0
0
0
0
0
0
0
-1
-1
-1
0
0
0
0
0
0
0
0
0
1
0
0
1
0
0
0
-1
0
0
0
0
0
0
0
0
0
0
0
0
0
-1
0
0
0
0
0
0
-1
0
0
0
0
0
-1
0
1
0
0
0
0
0
0
1
0
0
0
0
0
1
0
0
0
0
0
0
0
0
0
0
0
-1
0
0
0
0
0
0
0
0
0
-1
0
0
0
0
0
0
0
1
0
-1
0
0
0
0
0
0
1
0
0
-1
-1
0
0
0
0
0
1
0
0
0
0
0
0
-1
1
0
0
-1
0
0
0
0
0
0
0
0
0
0
1
0
0
0
0
0
1
0
0
0
1
0
0
0
0
0
-1
0
0
0
0
0
0
1
0
0
0
0
0
0
0
0
0
-1
-1
0
1
0
0
0
0
-1
0
0
1
0
0
0
0
0
0
-1
0
0
1
0
0
0
0
0
0
0
0
0
-1
0
0
1
0
0
0
0
0
0
0
0
0
0
-1
0
1
0
0
0
0
0
0
0
0
0
-1
0
0
0
0
-1
-1
0
-1
0
0
1
0
-1
-1
0
1
0
-1
-1
0
0
1
1
1
-1
1
1
0
2
0
1
0
1
0
0
0
0
0
1
0
0
0
0
0
-1
-1
-1
0
-1
0
0
-2
-2
0
-1
-1
0
0
0
0
1
-1
0
0
0
0
0
0
2
0
2
2
1
0
1
1
1
0
-1
0
1
0
0
0
-1
0
1
0
0
0
0
0
0
0
0
0
0
1
0
0
0
-2
0
0
0
0
0
0
0
-1
0
1
0
-1
0
0
-1
0
1
0
0
0
1
0
0
0
0
0
0
0
1
0
0
-1
0
0
0
-1
-2
-1
0
0
0
0
0
0
0
0
2
0
0
0
0
0
-1
0
0
0
0
1
0
0
0
-1
-2
-1
0
0
0
0
0
0
0
0
0
0
0
0
0
-1
0
2
0
1
1
0
0
0
1
0
0
0
0
-1
0
0
0
1
0
0
-1
-1
-1
0
0
0
0
-1
-1
1
0
1
1
0
0
0
0
0
0
0
-1
0
0
-1
-1
1
1
0
0
0
0
0
0
0
0
0
0
0
0
1
1
0
0
-1
0
0
-1
0
0
0
0
0
0
0
0
1
0
0
-1
0
0
1
0
0
0
0
1
0
0
0
0
0
0
0
0
0
0
0
0
0
-1
0
0
0
0
-1
0
0
0
-1
0
0
0
-1
1
1
0
1
0
0
0
0
0
0
0
-1
0
0
0
-1
0
0
1
1
0
0
0
0
0
0
0
0
1
0
0
1
1
-1
0
-1
0
0
1
-1
-2
0
0
2
0
0
0
1
0
0
0
0
1
0
0
-1
-2
0
1
0
1
0
-1
-1
-1
0
0
-1
-1
0
0
0
0
0
0
0
0
0
0
0
0
0
0
0
1
0
0
0
0
0
0
0
0
0
0
1
0
0
0
0
0
0
0
0
0
0
0
0
0
0
0
0
0
0
0
0
0
0
0
0
0
0
0
2
0
0
0
-2
-1
1
0
0
0
1
2
1
0
0
2
0
0
0
-1
0
0
-1
0
0
0
0
0
0
0
-1
0
0
0
-1
0
0
0
0
0
0
2
0
1
0
0
0
0
1
0
0
0
0
-1
0
0
0
0
0
0
0
0
1
0
0
0
-1
-1
0
0
-1
0
0
0
-1
-1
-1
0
0
0
0
-2
0
1
1
0
0
0
0
0
1
0
0
0
1
0
-1
0
0
0
0
0
0
-1
-1
0
0
0
0
0
-1
0
0
1
0
0
1
0
0
0
0
-1
0
0
0
-1
0
0
-1
0
0
0
0
0
0
0
0
2
0
0
1
0
0
0
0
0
-1
0
0
0
0
0
-1
0
1
0
0
0
0
-1
0
0
0
0
0
0
0
0
0
-1
0
0
0
0
0
0
0
0
0
-1
0
0
0
0
0
1
0
0
0
0
0
0
0
0
0
0
0
0
0
0
0
0
0
0
0
-1
0
0
0
0
0
0
-1
0
0
0
1
1
0
0
0
0
0
0
0
0
0
0
0
0
-1
0
0
0
0
0
0
0
0
0
0
0
-1
-1
-2
0
0
0
0
0
0
1
0
0
0
1
0
0
-1
0
-1
-1
0
0
-1
0
1
0
0
0
0
0
0
0
0
0
0
1
1
1
1
0
0
0
0
0
0
0
0
0
1
0
0
0
0
0
0
0
1
0
-1
0
0
-1
0
0
-1
0
0
-1
0
0
0
0
0
1
0
1
1
0
0
0
0
0
0
0
0
1
0
0
0
0
-1
-2
1
0
-1
0
0
0
1
0
-1
-1
0
-1
0
0
0
0
1
0
0
0
0
0
0
0
0
0
0
0
0
-1
-1
0
0
0
1
0
0
0
0
0
1
0
0
0
0
0
0
0
0
0
0
0
0
0
-1
0
0
0
0
0
0
0
0
0
0
1
0
-1
-1
0
1
1
0
0
0
-1
0
2
0
1
0
0
0
0
0
1
1
0
-1
-1
0
0
0
0
0
1
0
0
0
0
1
0
0
0
0
0
0
-2
0
0
0
0
0
-1
0
1
0
0
0
0
1
1
1
1
0
1
0
0
0
0
0
0
0
0
0
0
0
0
0
0
0
0
0
0
0
-1
0
0
0
-1
-1
-1
0
0
1
0
0
0
0
0
0
0
0
0
-1
0
1
0
0
-1
0
2
0
0
0
1
-1
-1
0
0
1
1
0
0
0
0
1
0
0
0
0
0
0
0
0
0
0
0
0
0
0
0
0
-1
-2
0
0
0
1
0
0
-2
-1
1
0
-1
0
0
1
0
0
0
0
0
0
1
0
1
1
0
0
0
0
0
0
0
0
0
0
0
1
1
0
0
-1
0
0
-2
0
0
0
2
1
0
0
0
0
0
0
0
0
0
-1
0
0
0
2
0
0
0
-1
0
0
-1
0
0
0
1
0
0
0
0
-1
0
0
0
0
0
0
0
0
0
0
0
0
0
0
1
0
0
0
1
0
0
0
0
0
0
1
0
0
0
0
1
1
0
0
0
0
-1
0
0
0
0
0
0
0
0
0
-1
-1
0
-1
0
0
0
-1
0
1
0
0
0
1
0
0
1
0
0
0
0
-1
0
0
0
0
0
0
0
0
0
0
0
1
1
0
-1
0
0
1
1
-1
0
-1
-1
0
-1
-1
0
0
0
0
0
0
0
0
0
0
0
0
0
0
0
0
0
0
0
0
0
0
0
0
0
1
1
1
1
0
0
0
0
0
0
0
0
0
0
0
0
0
0
-1
-1
0
0
0
0
0
0
0
0
-1
0
0
0
0
0
0
1
0
-1
0
0
0
0
0
0
0
1
1
-1
0
1
-1
0
0
-1
0
0
0
-1
-1
0
0
0
0
0
0
0
0
0
0
1
1
0
0
0
0
1
0
0
0
0
0
1
0
0
0
-1
0
0
-1
0
0
0
0
-1
0
0
0
0
0
0
0
0
0
0
0
0
0
0
-1
0
0
1
0
1
0
1
0
0
0
0
0
1
0
0
1
0
0
0
0
-1
0
-1
0
0
-1
0
0
0
1
0
0
0
-1
0
1
0
0
0
0
0
0
1
0
0
0
0
0
0
-1
-1
-1
0
0
0
0
0
1
0
0
0
1
0
0
0
0
0
0
0
0
0
0
0
0
0
0
0
0
0
-1
0
0
0
0
0
-1
0
0
0
1
0
0
2
0
0
0
0
0
0
0
0
0
-1
-2
0
0
0
0
0
0
0
1
1
0
0
0
0
0
1
0
0
0
-1
0
0
0
0
0
0
0
0
0
0
0
0
0
0
0
1
0
0
0
0
0
0
0
0
-1
0
0
-1
0
0
0
0
0
-1
0
0
0
0
0
0
0
0
1
0
-1
0
0
0
0
0
0
0
-1
0
0
0
1
1
0
0
0
1
0
0
0
-1
-2
0
0
-1
0
1
0
-1
0
0
0
1
0
-1
0
0
0
0
0
0
0
1
0
0
0
0
0
0
-1
0
-1
-1
0
-1
0
0
0
0
0
2
1
1
1
0
0
0
0
0
0
-1
0
0
0
0
1
0
0
0
0
0
0
0
0
0
0
0
0
0
-1
0
0
-1
0
1
0
0
0
0
1
1
0
0
-1
-2
-1
-2
-1
0
0
0
0
0
1
1
1
1
0
0
0
0
-1
0
0
1
0
0
-1
0
0
1
1
0
1
0
0
0
0
0
-1
0
0
0
0
-1
1
0
0
0
0
0
0
1
0
0
1
0
0
2
0
0
0
0
0
0
0
-1
0
0
0
0
0
0
0
0
0
0
0
0
1
0
0
1
0
0
0
0
1
1
1
1
0
0
-1
-1
0
-1
0
0
0
-2
0
0
0
0
0
0
0
0
0
0
0
0
0
0
0
0
0
0
0
0
0
0
1
1
0
0
0
0
0
0
0
0
1
0
0
-1
0
0
0
0
0
0
0
0
0
0
0
0
1
0
0
0
0
0
0
0
0
0
0
0
0
0
0
-1
0
0
0
1
0
0
0
0
0
0
0
0
0
2
-1
0
0
0
0
0
0
0
0
0
0
0
0
0
0
0
0
0
0
0
0
0
1
0
-1
1
0
0
0
0
0
0
2
0
0
1
0
0
0
0
1
1
0
-1
-1
0
-2
0
0
-2
-1
-1
-2
-2
-1
0
0
0
-1
0
1
0
0
0
0
0
0
0
1
1
0
1
1
1
1
1
0
0
1
1
0
0
1
0
0
1
-1
-1
0
0
0
0
0
0
0
0
0
0
-1
0
-1
0
0
0
0
0
0
0
0
0
0
0
0
0
0
0
1
1
0
1
0
0
0
0
1
0
1
0
0
0
0
0
-1
-1
0
0
0
0
-1
-2
-1
0
0
1
0
0
1
0
0
0
1
1
0
0
0
0
0
0
0
-1
-1
0
0
0
0
0
-1
0
0
0
0
0
0
0
0
0
0
0
0
-1
0
0
0
0
0
0
0
1
0
0
1
1
0
0
0
0
0
0
0
-1
0
0
0
-1
-1
0
0
0
0
-1
0
1
-1
0
0
0
2
0
-1
0
0
-1
0
0
1
0
0
0
0
0
0
0
0
0
0
0
0
0
0
0
-1
0
0
0
0
-1
0
0
0
0
0
0
1
0
0
0
-1
0
0
0
1
1
1
0
0
1
0
0
0
0
0
1
0
0
0
0
0
0
0
0
0
0
0
-1
0
0
-1
0
0
-1
-1
0
0
0
0
0
0
0
0
0
0
0
0
0
-1
0
1
0
-1
0
1
0
0
0
0
0
0
0
0
0
-1
0
2
0
0
1
0
0
0
0
-1
-2
0
0
0
0
0
0
0
0
0
0
0
-1
0
0
0
0
-1
0
0
0
0
0
0
-1
1
0
-1
0
0
0
0
0
0
0
0
0
0
1
1
0
0
0
0
0
-1
0
0
0
0
1
0
0
0
0
0
0
0
0
0
0
-1
0
0
0
1
0
0
0
0
0
-1
0
0
0
0
0
0
0
0
0
0
0
0
-1
0
0
0
0
-1
0
0
0
0
0
1
1
0
1
0
0
0
0
0
0
2
0
0
1
0
0
0
-1
0
0
0
0
0
0
1
0
0
0
0
0
0
-1
0
-1
0
0
-1
0
2
0
1
0
0
-1
0
0
0
0
0
0
1
1
0
1
0
0
0
-1
-1
-1
0
0
0
0
0
1
1
0
0
0
0
-1
-1
0
0
0
1
0
-1
0
1
0
0
0
-1
0
0
0
1
1
0
0
1
0
0
-1
0
0
0
0
0
0
-1
0
0
0
-1
-1
0
0
0
0
0
0
0
-1
0
0
0
0
1
0
0
0
0
1
0
0
1
0
1
0
0
-1
0
0
0
-1
0
1
0
0
0
0
1
0
0
0
0
0
0
0
0
0
0
0
0
0
0
0
0
0
0
-1
0
0
0
0
0
0
0
0
0
0
0
0
0
1
0
0
0
0
0
0
-1
0
0
0
0
0
0
-1
1
1
0
1
0
0
0
0
0
0
0
0
0
-1
-1
0
1
0
0
0
0
1
0
-1
0
0
0
-1
0
-1
-1
1
0
0
0
0
0
0
0
0
1
0
0
0
1
0
0
0
0
0
1
0
0
0
0
0
0
-1
-1
0
0
1
-1
0
0
0
0
0
0
0
1
0
0
0
0
0
-1
0
0
0
0
0
0
0
-1
0
0
0
0
0
0
0
0
1
0
0
0
0
0
0
0
0
0
0
0
1
0
0
0
-1
0
0
0
0
-1
-1
0
-1
0
0
-1
0
0
1
0
0
0
0
0
1
0
1
0
0
0
0
0
0
-1
0
0
0
0
-1
-1
0
-1
0
1
0
-1
0
0
0
0
1
0
0
0
-1
0
1
0
0
0
0
0
0
0
0
1
0
0
0
0
0
0
0
0
-1
0
0
-1
0
0
0
1
0
0
1
0
0
-1
-1
-1
0
0
0
0
0
0
0
0
0
-1
0
0
0
0
0
0
-1
-1
1
1
1
0
0
0
-1
1
1
0
1
-1
0
0
0
1
0
0
0
0
0
0
0
-1
0
0
1
0
-1
0
0
2
0
0
0
0
0
0
0
0
0
-1
0
0
0
0
0
0
0
1
0
0
-1
0
0
-1
0
1
0
0
0
-1
0
0
0
0
0
0
0
0
0
0
0
0
0
0
0
0
0
1
0
-1
0
0
0
0
0
0
0
0
0
0
0
0
0
0
0
0
-1
0
0
0
0
0
-1
0
0
0
0
0
1
0
0
0
0
0
0
0
1
0
0
0
0
0
0
0
0
0
0
0
0
0
0
0
1
0
0
-1
0
0
0
0
0
-2
0
0
0
0
0
0
0
-1
-1
0
0
1
0
-1
0
0
0
0
0
1
1
0
0
0
0
0
0
1
0
-1
1
0
0
0
0
0
-1
-1
0
-1
0
0
0
-1
0
0
0
0
0
0
0
0
0
0
-1
0
0
0
0
0
0
1
0
0
0
1
0
0
0
0
1
0
0
1
0
0
0
0
0
1
1
0
0
0
0
0
0
1
0
0
-1
0
-1
-1
0
0
0
0
0
0
0
0
-1
0
0
-2
0
2
0
1
0
0
1
0
0
0
-1
0
0
0
0
1
0
0
0
0
0
0
0
0
0
-1
-1
0
0
-1
0
0
-1
0
0
0
-1
-1
0
0
1
0
0
1
0
0
2
1
0
0
0
0
0
0
0
0
0
1
1
1
-1
0
1
1
0
0
0
0
0
0
-1
-1
-1
0
0
0
-1
0
0
0
0
0
0
0
0
1
0
0
-1
0
0
0
0
0
1
0
0
0
0
0
0
0
0
0
0
0
0
0
0
0
0
0
0
1
-1
0
0
0
0
-1
0
0
-1
0
0
0
-1
0
0
0
0
0
1
1
0
0
-1
0
1
0
0
0
-1
0
0
1
0
0
0
0
0
0
0
0
-1
0
-1
0
0
0
1
2
0
1
0
-2
1
0
0
0
-1
0
1
-2
0
-1
-3
0
1
0
0
0
0
0
0
0
0
0
-1
0
0
1
1
0
0
0
0
0
1
0
0
2
0
0
-2
0
1
0
0
0
0
0
0
-1
-2
0
0
0
1
0
0
0
0
0
0
0
0
-2
0
1
0
0
-1
-1
0
0
0
0
0
0
-2
-1
0
0
0
-1
-1
0
0
1
1
1
1
1
0
0
1
2
3
1
1
0
0
0
0
0
0
-1
0
-1
0
0
-2
-1
-2
-2
-2
-2
-1
0
0
-1
-2
-1
0
0
0
0
0
0
0
1
0
0
2
1
1
2
2
1
1
2
1
1
2
2
1
2
1
1
2
0
0
0
-1
0
0
-1
-2
-1
-2
-1
-1
-1
-3
-3
-2
-1
-2
-3
-2
-3
-1
0
1
0
0
0
1
1
0
0
0
0
0
1
1
1
0
0
0
0
1
0
1
1
0
0
0
0
0
0
0
-1
0
0
0
0
0
0
0
0
-2
-1
0
-1
0
0
-1
0
0
0
0
0
0
0
1
2
1
1
2
1
0
0
0
0
0
1
0
-1
-1
0
0
-1
0
0
0
1
0
0
0
0
0
0
0
0
0
1
0
0
0
0
-1
0
0
0
0
0
0
0
0
0
1
0
0
0
0
0
2
0
0
0
-1
-1
0
0
0
0
1
0
0
0
0
0
1
0
0
0
0
0
0
0
-2
0
0
-1
0
0
1
0
0
0
0
1
0
0
0
0
1
1
0
0
0
0
1
0
-1
0
1
0
0
0
0
0
0
0
0
0
0
0
-2
-1
0
0
0
0
-1
0
2
0
-1
0
0
-1
0
1
0
0
0
0
1
1
1
0
0
0
0
0
0
0
0
-1
0
0
0
0
0
-1
0
0
0
0
0
0
0
0
0
0
0
0
0
0
1
0
0
0
0
0
0
0
0
1
0
0
0
0
0
-1
-1
0
0
0
0
0
0
0
0
0
0
0
0
0
1
0
0
0
0
-1
0
0
0
0
0
0
0
0
0
-1
0
0
0
0
0
0
0
0
0
0
0
0
0
1
0
0
-1
-1
-1
0
0
0
0
0
0
1
0
0
0
-1
-1
0
0
0
1
1
1
2
1
0
0
0
0
0
0
0
0
0
0
-1
0
0
-1
0
0
0
0
0
0
0
1
-1
0
1
0
0
0
0
0
0
0
0
0
0
0
0
1
0
0
0
0
1
0
0
-1
0
0
-1
-1
0
-1
-1
0
0
0
0
1
0
0
0
-1
0
1
1
1
0
0
2
2
2
1
0
0
0
1
0
0
0
-1
0
0
0
-1
0
-1
-1
-1
0
-1
-1
0
-2
0
0
-1
0
-1
0
0
-1
0
-1
0
0
0
0
-1
0
0
0
0
0
0
0
1
0
-1
1
1
2
2
1
1
2
2
1
2
2
1
1
0
0
0
0
0
0
-1
-1
-1
-2
0
-1
-2
-1
-1
-1
-1
-1
-1
0
0
0
0
-1
0
0
0
0
0
0
0
0
0
1
0
1
2
0
0
0
0
1
1
1
0
0
0
0
0
0
1
0
0
0
-1
0
-1
0
-1
0
-1
-1
1
0
-2
0
0
0
0
0
1
0
0
0
0
0
0
1
0
1
1
0
0
0
0
0
0
0
0
0
2
0
0
1
0
0
1
0
0
0
0
-1
0
0
-2
-1
0
0
-1
1
1
1
0
0
0
0
0
0
-2
0
0
0
0
0
-1
0
-1
0
-1
0
0
0
1
0
0
0
0
1
0
0
0
0
1
0
0
0
0
0
2
0
-1
0
0
-2
0
0
-1
0
-1
0
0
0
-1
-1
0
0
0
1
0
0
0
0
0
0
0
0
1
1
0
0
0
0
0
-1
0
0
0
0
1
0
0
0
0
0
0
0
0
-1
0
0
-1
0
0
0
0
0
0
1
1
0
0
0
0
0
1
0
0
0
0
1
0
0
0
-1
0
0
1
1
0
-1
0
0
0
0
-1
0
-1
0
0
-1
1
0
0
0
0
0
0
0
1
0
0
0
0
0
0
0
0
0
0
1
0
0
0
-1
0
-1
0
0
0
0
0
-1
0
0
-1
0
1
0
0
0
0
0
0
-1
0
0
0
0
0
0
0
0
-1
1
0
0
1
0
0
0
0
-1
1
0
0
0
0
0
-2
0
1
0
0
0
0
0
0
1
0
-1
0
0
0
0
0
-1
-1
-1
0
1
0
0
0
0
0
0
0
0
-1
0
1
0
0
0
0
0
0
1
0
0
2
0
-1
0
0
0
0
0
1
-1
1
0
0
0
0
0
0
0
1
0
0
-1
-1
0
0
0
0
-1
0
0
0
0
0
0
0
0
0
0
0
0
0
1
1
0
0
0
0
0
0
0
-1
-1
-2
-2
0
-1
0
1
0
0
0
1
1
0
0
0
0
0
1
0
0
0
0
0
0
0
0
0
0
0
-1
0
0
0
0
0
0
0
0
0
0
1
0
0
0
-2
0
-1
-1
0
0
-1
0
0
0
0
-1
-1
0
0
0
0
0
0
1
0
1
1
1
1
1
1
0
0
-1
-1
0
1
0
-1
0
0
0
0
1
0
0
0
0
0
1
0
0
-2
-1
0
1
-1
0
0
-2
0
0
-1
1
1
-1
0
-1
0
0
0
-1
1
1
0
1
0
0
1
0
0
0
0
0
0
-1
-1
-1
0
0
0
0
0
-1
0
0
0
0
0
0
0
0
0
0
0
1
1
0
0
1
0
0
0
0
0
-1
-2
-1
0
0
-1
-1
0
1
0
0
0
0
1
2
1
1
0
1
2
0
1
0
0
0
0
0
-1
0
-1
-2
-1
-1
-1
0
-1
0
0
0
0
0
0
1
2
0
1
1
1
1
1
1
0
0
0
0
0
0
0
0
0
0
0
-1
-1
-1
0
0
0
0
0
0
0
0
0
0
0
0
0
0
1
0
-1
0
0
0
0
0
0
0
0
0
1
0
0
0
0
1
0
0
0
-1
0
0
0
0
0
0
0
0
0
0
0
0
0
0
0
0
0
-1
0
0
0
0
0
0
0
0
1
0
0
0
0
0
-1
0
0
0
0
0
1
0
0
0
0
0
0
-1
0
0
0
0
0
0
-1
0
0
0
0
0
0
1
0
0
0
0
0
0
0
0
0
0
0
1
0
0
0
0
0
0
0
0
-1
-1
0
0
0
1
-1
0
1
0
0
0
0
0
0
1
-1
-1
-1
0
0
0
-1
-1
0
0
0
-1
0
0
0
0
1
0
1
1
2
1
0
0
0
0
0
0
0
0
0
0
-1
-2
0
0
0
1
0
0
1
0
0
1
1
0
0
0
-1
-1
0
0
0
0
0
0
1
0
0
0
-1
-1
-1
0
0
0
0
-1
0
-1
0
0
0
0
0
0
0
1
0
0
1
1
0
0
1
0
2
0
0
0
0
0
-1
0
-1
0
-1
-1
-1
-1
-1
0
0
0
0
0
0
0
0
0
0
0
0
0
1
0
0
0
0
0
0
0
1
0
1
0
-1
0
0
0
0
0
0
0
0
-1
0
0
-1
0
1
0
0
0
0
0
1
0
0
0
0
0
0
-1
0
0
0
1
0
0
0
0
0
0
-1
0
0
0
0
-1
0
0
0
0
0
0
0
0
0
0
0
-2
0
0
0
0
-1
-1
-1
0
-1
2
0
-1
1
2
1
2
0
0
1
0
0
0
0
0
0
-1
0
0
-1
-1
0
0
0
0
-1
-1
0
0
0
0
0
0
-1
0
0
0
0
0
-1
1
1
0
1
0
0
0
0
0
1
0
0
0
1
0
0
0
0
-1
0
0
0
0
0
0
0
1
0
0
-1
-1
0
0
0
-1
1
1
0
0
-1
0
0
1
0
1
0
0
0
0
0
-1
0
0
-1
0
0
0
0
0
1
0
1
1
1
0
0
1
0
0
1
0
0
0
0
0
0
-1
-2
0
0
-1
0
0
0
0
0
0
0
0
0
0
0
0
1
0
0
0
0
0
0
-1
0
0
-1
0
0
0
0
0
0
1
1
0
0
1
0
0
0
0
-1
0
0
0
0
-1
0
0
0
1
0
0
0
1
0
0
0
-1
0
-1
-1
0
0
0
-1
-1
0
0
-1
-1
0
0
0
0
0
1
0
1
0
1
1
0
1
0
1
0
-1
0
-1
0
0
-1
0
0
-1
-1
0
0
0
-2
-1
0
-1
0
1
0
1
1
1
1
0
0
0
0
0
1
0
0
-1
0
0
0
0
0
0
0
-1
-1
-1
-2
0
0
0
0
-1
0
0
1
1
0
0
0
0
0
0
0
0
1
0
0
0
1
1
1
1
0
-1
-1
0
0
0
0
0
0
1
0
-1
-1
0
0
0
-1
-1
-1
0
1
0
0
0
0
0
0
0
0
1
0
0
0
-1
1
2
0
0
0
0
0
0
0
0
1
0
1
0
0
0
0
0
0
0
-1
-2
-1
0
0
0
0
0
0
1
0
1
0
0
0
0
0
0
0
0
0
0
-1
0
0
0
0
-1
-1
0
-1
0
0
0
0
0
