0
0
0
0
0
0
0
0
0
0
0
0
0
0
0
0
0
0
0
0
0
0
0
0
0
0
0
0
0
0
0
0
0
0
0
0
0
0
0
0
0
0
0
0
0
0
0
0
0
0
0
0
0
0
0
0
0
0
0
0
0
0
0
0
0
0
0
0
0
0
0
0
0
0
0
0
0
0
0
0
0
0
0
0
0
0
0
0
0
0
0
0
0
0
0
0
0
0
0
0
0
0
0
0
0
0
0
0
0
0
0
0
0
0
0
0
0
0
0
0
0
0
0
0
0
0
0
0
0
0
0
0
0
0
0
0
0
0
0
0
0
0
0
0
0
0
0
0
0
0
0
0
0
0
0
0
0
0
0
0
0
0
0
0
0
0
0
0
0
0
0
0
0
0
0
0
0
0
0
0
0
0
0
0
0
0
0
0
0
0
0
0
0
0
0
0
0
0
0
0
0
0
0
0
0
0
0
0
0
0
0
0
0
0
0
0
0
0
0
0
0
0
0
0
0
0
0
0
0
0
0
0
0
0
0
0
0
0
0
0
0
0
0
0
0
0
0
0
0
0
0
0
0
0
0
0
0
0
0
0
0
0
0
0
0
0
0
0
0
0
0
0
0
0
0
0
0
0
0
0
0
0
0
0
0
0
0
0
0
0
0
0
0
0
0
0
0
0
0
0
0
0
0
0
0
0
0
0
0
0
0
0
0
0
0
0
0
0
0
0
0
0
0
0
0
0
0
0
0
0
0
0
0
0
0
0
0
0
0
0
0
0
0
0
0
0
0
0
0
0
0
0
0
0
0
0
0
0
0
0
0
0
0
0
0
0
0
0
0
0
0
0
0
0
0
0
0
0
0
0
0
0
0
0
0
0
0
0
0
0
0
0
0
0
-1
0
0
0
-1
0
0
1
1
0
0
1
1
2
2
1
0
-2
-2
-2
-2
-5
-6
-2
3
6
6
3
2
1
0
0
-4
-7
-6
-4
0
4
5
3
0
0
0
0
2
3
3
0
0
-2
-6
-8
-8
-5
0
7
10
12
10
5
-1
-8
-13
-14
-12
-6
0
7
13
14
12
8
1
-6
-10
-12
-11
-5
0
6
10
10
8
5
0
-5
-2
0
0
-2
-8
-7
-5
-1
0
2
3
3
2
0
0
0
0
1
1
0
0
-1
-4
-4
-6
-3
0
2
6
8
8
6
2
-1
-4
-6
-8
-5
-2
0
2
4
4
4
2
1
0
-2
-1
-2
-3
-3
-4
-3
-1
1
4
7
7
7
4
0
-3
-7
-9
-9
-6
-2
2
7
10
10
9
4
0
-4
-7
-9
-8
-6
-2
0
3
5
6
6
4
2
0
-1
-3
-5
-5
-6
-4
-3
-1
1
4
8
11
11
8
5
-1
-8
-13
-16
-14
-11
-2
7
15
18
18
14
5
-4
-13
-19
-19
-15
-8
0
7
14
15
14
9
4
-1
-4
-8
-8
-9
-8
-7
-5
-1
3
9
13
17
16
11
2
-9
-18
-24
-24
-18
-7
7
20
28
29
21
9
-6
-19
-26
-28
-20
-9
3
13
20
20
16
8
0
-6
-10
-10
-10
-6
-4
0
0
1
3
7
8
9
9
4
0
-5
-9
-14
-13
-9
-4
3
11
13
12
11
3
0
-5
-10
-9
-10
-5
-2
-1
2
5
6
6
7
7
4
1
-3
-7
-11
-11
-9
-5
0
6
11
12
12
8
1
-4
-8
-11
-11
-8
-1
1
4
7
6
4
1
0
0
-1
-1
-1
-1
-2
-1
-2
-1
0
3
3
3
6
5
2
0
-3
-5
-9
-6
0
1
2
3
4
2
0
0
0
0
0
0
1
0
-1
-3
-5
-4
-2
0
4
8
7
8
4
-1
-6
-9
-11
-10
-6
0
5
11
13
12
8
1
-5
-10
-13
-10
-7
-2
2
6
9
9
7
4
1
-1
-5
-6
-8
-8
-7
-4
0
4
9
11
12
9
4
-3
-11
-14
-15
-12
-5
5
13
16
17
13
4
-5
-13
-17
-17
-11
-3
4
13
15
15
8
1
-5
-11
-13
-10
-4
0
5
8
6
5
2
0
-1
-1
0
-1
-2
-3
-5
-4
-3
0
3
8
10
10
7
0
-6
-11
-15
-12
-8
0
7
13
15
11
6
-2
-9
-12
-12
-8
-1
3
7
8
7
3
0
-3
-3
-3
-2
0
0
0
0
0
0
0
1
2
2
2
0
-2
-5
-6
-4
0
3
7
8
6
1
-2
-8
-11
-9
-4
1
6
11
12
8
2
-4
-9
-12
-11
-5
0
8
12
12
7
1
-5
-10
-12
-7
-3
2
8
9
7
5
-1
-6
-8
-7
-4
0
6
6
6
4
-1
-4
-8
-7
-4
1
5
9
9
5
0
-3
-8
-9
-8
-3
2
5
8
8
5
1
-2
-6
-6
-5
-3
0
2
3
3
3
1
0
0
0
0
0
0
0
-2
-2
-2
-1
-1
0
2
3
3
3
1
0
-1
-2
-3
-3
-1
0
0
1
3
2
1
0
0
0
-1
-2
-2
-2
-1
0
1
2
2
2
2
0
0
-1
-1
-2
-1
0
0
0
1
1
0
0
0
-1
0
0
0
0
0
0
0
-1
-2
0
0
0
1
1
2
1
0
0
-1
-2
-1
-1
0
0
1
2
1
2
0
0
0
-2
-2
-2
-2
-1
0
0
1
2
2
2
0
0
-1
-3
-2
-1
0
1
2
2
2
0
0
-1
-1
-2
-1
0
1
2
2
0
0
-2
-1
-1
-1
0
2
2
2
1
0
-3
-3
-3
-1
0
2
4
3
2
0
-1
-3
-4
-3
-1
0
3
4
3
3
0
-2
-3
-3
-2
-1
0
1
1
2
0
0
0
-1
0
-1
-1
0
0
0
0
1
2
2
2
1
0
-2
-4
-5
-3
-1
2
5
7
6
4
0
-5
-9
-9
-7
-3
3
9
10
10
6
0
-5
-11
-12
-9
-4
3
8
11
10
5
0
-4
-9
-9
-6
0
3
8
8
6
2
-3
-7
-7
-7
-3
1
6
9
6
4
0
-5
-8
-9
-7
-2
2
6
8
8
3
0
-2
-7
-7
-5
-2
1
4
6
5
4
3
-1
-4
-3
-3
-2
-1
3
3
0
2
0
0
-1
-2
-4
-5
0
1
1
3
3
3
0
0
-1
0
0
-2
-3
1
0
-2
1
-1
-2
5
6
3
0
1
-4
-9
-4
0
2
2
3
5
2
2
-1
-7
-4
-1
-3
-1
0
8
6
4
7
3
0
-4
-4
-8
-7
0
0
0
6
4
-5
-7
-4
-4
-4
0
2
4
3
-1
2
0
-1
1
0
1
2
3
3
1
2
1
-1
-2
0
1
0
-4
-2
-3
0
1
1
-1
-1
0
-2
0
-2
-6
-4
-2
2
8
10
6
7
4
0
0
-4
-5
-1
1
4
9
6
3
-2
-8
-9
-12
-5
1
4
7
4
1
-7
-14
-15
-5
1
8
12
10
3
-1
-10
-13
-3
-3
6
9
10
11
-5
-8
-5
-4
0
7
8
6
2
-4
-6
-9
-9
-6
4
15
16
12
0
-5
-11
-14
-8
-2
5
13
13
8
5
-8
-17
-18
-12
2
9
8
10
13
2
-13
-11
-6
-16
-16
13
30
22
3
-4
-1
-8
-16
-16
0
12
11
14
21
2
-21
-17
5
4
-13
-12
7
19
2
-11
-3
0
2
7
1
-9
-10
-1
7
2
-9
-8
4
19
15
0
-9
-10
-2
0
-2
-9
-4
16
21
6
-6
-7
-3
-6
-2
2
0
-3
3
7
5
2
3
0
-7
-3
-4
-9
-4
6
14
0
-9
2
5
-8
-17
-1
15
13
-3
-9
1
-2
-11
-3
7
6
-2
2
16
2
-14
-7
5
4
-6
0
5
-2
-5
2
5
4
0
3
2
-5
-4
5
2
-2
-8
-2
9
5
0
0
-5
-4
3
9
2
-16
-11
9
12
1
-11
-3
9
8
4
-5
-9
-5
0
7
7
-1
-9
-5
5
4
-7
-11
-2
6
5
4
3
-5
-9
0
7
6
0
-1
-4
0
7
8
-2
-12
-2
9
10
4
-7
-9
-1
6
8
0
-7
-5
2
8
1
-7
-4
0
2
6
-1
-9
-3
6
8
0
-7
0
2
-2
-1
0
1
2
2
-1
-1
-3
-2
4
1
-4
-1
3
4
0
-1
0
-2
1
3
0
-3
0
4
0
-1
-1
-1
0
4
1
-2
-4
0
2
5
0
-2
1
0
0
-1
0
-1
0
0
-2
-3
-1
3
1
0
0
0
3
1
-2
-2
0
1
-1
-1
3
1
1
0
-1
0
-1
1
2
-3
-3
0
0
0
1
2
0
0
3
2
-1
0
0
0
0
0
-1
-2
1
1
-3
0
0
0
0
0
2
-3
0
3
-1
0
2
0
-2
-2
0
-2
-1
0
-3
-1
0
0
0
0
0
0
3
2
-2
0
3
2
0
0
1
1
0
0
2
0
-2
1
-1
0
1
0
0
0
-1
-3
0
-1
0
2
1
-1
-1
0
-2
0
2
4
1
-2
-2
1
0
0
0
1
3
-1
-2
2
-1
0
0
0
2
1
1
-1
-1
0
-1
-1
2
0
1
0
0
-1
-3
0
1
-2
-1
0
2
1
2
-1
-3
0
1
3
1
0
2
0
0
-1
-2
0
2
7
5
-3
-9
-6
4
7
1
-3
-1
3
0
-6
-7
-3
8
9
0
-4
-5
-2
1
3
0
-1
2
3
1
-9
-7
5
7
7
0
-5
-5
-3
0
3
3
2
1
-1
-5
-5
-2
2
4
4
1
-1
-2
-5
-2
6
4
2
0
-2
-4
0
4
-1
0
2
1
0
0
-1
-2
3
0
0
1
-4
-7
0
9
4
-4
-6
-3
8
9
-3
-11
-4
11
12
-6
-13
-1
11
11
-4
-11
-9
1
9
-2
-10
-5
5
7
2
0
-1
-4
-1
0
6
4
-4
-8
-3
10
8
-5
-10
4
12
4
-6
-12
-2
8
4
-8
-13
0
18
19
-6
-25
-16
12
31
13
-13
-20
-5
11
5
-10
-8
10
14
-1
-18
-17
1
17
12
-2
-8
3
5
-2
-8
-7
4
13
8
-1
-9
-12
-3
8
9
2
-3
-2
-3
-4
-2
0
5
4
2
-1
-5
-1
4
7
5
-6
-11
0
9
1
-4
0
1
0
0
-2
-2
3
4
0
-7
-4
2
3
-1
-2
0
0
3
1
-4
0
6
4
0
-1
-1
1
-1
0
0
2
3
-1
-3
-2
-2
0
2
0
0
0
-2
0
1
0
2
5
2
0
-6
-4
0
5
8
0
-7
-12
-3
11
12
0
-10
-9
0
6
9
1
-5
-4
-1
1
2
0
0
0
0
0
0
0
-3
-2
2
3
0
-2
-1
-1
0
0
0
2
0
-3
1
1
-1
-1
0
1
2
0
-1
1
-1
0
2
1
0
0
-1
0
0
0
1
-1
-1
0
0
2
0
-1
-1
-3
0
2
1
-1
0
0
0
-1
1
1
0
1
0
-1
-1
0
1
0
0
-2
0
2
-1
-1
2
1
0
0
0
-1
1
1
-1
0
0
-1
0
0
-2
0
1
0
1
0
-3
-1
2
1
0
0
0
0
0
-1
-1
1
0
-1
1
1
0
-2
0
3
0
0
0
-1
1
2
-1
-2
0
0
1
0
0
0
0
-1
-2
0
0
0
2
1
1
-2
-1
0
0
-1
0
0
0
0
-1
0
-1
2
2
1
2
0
-1
0
0
0
0
0
0
0
2
1
0
-2
-2
0
-1
0
0
0
0
-1
0
-1
0
0
2
0
2
1
-1
-1
0
-1
0
1
1
2
0
1
1
-2
0
2
1
-2
-1
0
-1
0
1
0
0
0
0
0
0
0
-2
0
-1
-1
1
-4
0
3
1
1
0
1
0
1
0
-2
0
1
0
0
0
-1
0
0
-2
-1
0
3
4
-2
0
4
1
0
-3
-2
-2
0
0
0
-1
0
1
2
0
-2
0
3
0
-1
0
0
0
0
-1
-2
3
2
0
0
0
1
-1
0
0
-1
0
1
0
0
-1
0
1
1
-2
-1
0
2
-1
0
1
0
0
0
0
0
0
0
-1
1
0
-2
-1
0
1
1
1
0
-2
0
1
0
0
0
1
1
-1
0
0
0
0
0
0
0
0
0
-1
0
-1
-2
0
3
2
-2
-3
-1
2
0
-2
-1
3
-1
-1
0
1
-1
0
0
0
0
0
0
0
2
0
0
0
0
0
0
1
2
0
-1
0
0
1
0
-1
0
0
0
0
1
0
-2
0
1
2
0
-1
0
0
0
0
0
0
-2
0
0
1
0
-2
-1
0
0
-2
1
1
1
1
0
1
0
1
0
2
2
-1
0
-1
0
2
0
-1
-1
0
0
1
0
0
0
0
0
-2
0
1
0
-1
-1
0
0
1
0
0
-1
0
0
0
0
0
1
1
0
-1
0
0
1
0
0
0
1
0
0
-1
0
1
0
0
-3
3
1
-2
-1
0
3
0
-2
-1
-1
2
1
0
0
-1
0
1
2
0
0
-1
0
-1
0
0
0
0
-1
0
1
0
0
0
-1
0
1
1
0
-2
-2
1
3
0
-2
0
0
0
1
-1
-1
0
0
0
0
0
1
1
-1
2
2
0
0
0
-1
-1
1
0
-1
-2
-1
3
1
-1
0
0
-2
0
0
0
2
0
0
-2
-2
-3
0
2
-1
-1
2
2
-1
0
0
0
0
1
1
0
0
-1
1
0
-1
1
0
0
0
-1
0
0
0
-2
0
0
0
0
0
0
-2
0
0
0
1
0
0
0
0
0
0
0
0
0
0
0
2
0
-1
0
0
0
0
0
0
-1
0
0
-1
0
2
-1
-2
0
-1
0
1
-1
-1
1
0
0
0
-1
0
1
0
0
-1
0
1
1
1
1
0
-1
0
-1
0
1
0
0
1
3
0
-3
0
1
0
0
1
0
-2
-1
2
0
0
0
1
0
-1
1
-1
-2
0
0
1
1
0
-1
0
0
0
0
-1
0
1
0
-1
-1
0
0
0
0
1
1
0
0
1
0
0
0
-1
0
0
-2
0
2
1
0
1
0
-2
0
0
0
0
0
0
0
0
-1
0
1
1
0
-1
-1
-1
0
1
0
-2
0
1
2
-2
-1
0
1
1
-1
-1
0
1
1
0
1
0
0
0
1
1
1
0
-1
0
0
0
2
0
0
0
1
0
-1
0
0
0
-1
0
0
0
-2
1
2
0
-2
0
2
0
-1
-2
0
1
0
0
0
0
0
-1
0
3
1
1
0
1
2
0
0
-1
0
3
-2
-1
-1
0
-1
0
0
0
0
0
-2
-1
1
0
0
0
0
0
0
0
0
0
-1
0
0
1
0
0
0
0
1
1
1
-1
-1
1
0
1
0
-2
1
0
-1
2
1
2
-1
-4
-1
3
0
-3
-1
0
-1
-1
0
2
1
-1
-1
0
2
0
1
0
0
-2
0
2
1
-1
-2
-2
0
1
1
0
0
0
0
0
0
0
0
0
0
2
1
0
-1
0
0
0
-1
0
1
1
-1
-2
0
1
-1
0
0
0
-1
-1
1
2
0
-3
-3
0
1
0
1
0
-1
0
1
1
0
0
-1
-2
2
1
0
-1
0
2
1
0
0
0
0
1
0
0
0
-3
-3
-1
-1
-2
-2
0
-1
-4
1
3
0
0
0
-3
0
7
5
0
-3
-4
3
7
7
2
1
-4
-12
8
12
3
6
-8
-9
-3
2
0
-3
-1
-5
-5
-4
0
4
3
-6
-8
0
3
5
-1
-13
4
21
7
3
-11
-33
19
46
8
-19
-24
-2
19
25
2
-29
-23
10
21
-4
-21
-8
2
6
7
-2
-13
-7
10
6
4
3
-8
-6
2
5
1
7
-2
-15
3
9
0
5
1
-10
-4
1
5
7
1
-5
-9
0
9
6
2
-11
-6
8
8
4
-8
-13
0
8
2
-2
-1
-1
-8
-4
4
2
2
2
-4
-7
3
9
3
-2
-4
-2
4
1
-1
1
0
2
0
-2
3
1
-3
0
4
2
0
0
0
-2
2
4
0
-2
-1
-4
-2
5
2
-3
-2
0
0
-1
-5
-1
0
1
0
-2
0
0
0
0
0
5
3
0
-3
0
5
3
0
-1
-1
0
2
1
0
-1
0
0
-1
1
1
-1
0
1
0
0
0
0
-1
-1
0
0
0
0
0
-1
-2
-2
0
0
0
-1
1
3
0
-2
0
1
0
0
0
0
0
3
2
0
-1
0
-1
1
1
0
1
2
0
-1
-1
0
0
0
0
-2
0
1
0
0
0
0
0
-2
-2
0
-1
-2
-1
0
1
1
0
0
0
0
1
0
2
-1
-1
1
0
0
0
2
1
0
0
0
0
0
1
1
1
0
-1
0
1
1
-1
-1
0
0
-1
0
-3
-1
-1
0
0
1
1
-2
-2
1
2
0
-1
1
0
0
-1
-2
0
1
-1
0
3
2
0
-1
-1
0
2
1
1
0
0
0
0
1
0
-2
0
0
-2
1
1
-1
1
2
-2
-2
1
0
-2
-2
0
0
1
0
-1
-2
-1
-1
-3
2
3
-2
0
1
0
0
2
0
-3
0
3
3
2
1
-2
0
1
0
0
0
0
0
0
0
0
2
0
0
-1
-1
0
-2
0
0
0
0
-1
-1
-1
0
0
-1
-1
0
2
2
0
0
0
-1
-1
1
2
0
0
0
-1
1
2
0
-1
-1
-2
0
2
4
1
-3
-3
2
2
1
2
-2
-3
-1
4
1
-3
-1
0
2
1
-1
-2
0
2
2
0
-2
0
0
1
0
-2
0
2
2
2
-2
-2
1
-2
0
1
1
0
0
-1
-3
1
0
0
1
2
-1
-2
1
0
-1
0
2
0
0
1
0
1
0
-1
0
1
1
0
-3
0
0
-2
0
0
0
0
1
0
-2
1
0
0
1
0
-1
0
-2
1
3
-2
-1
1
3
0
-2
0
1
0
0
0
1
0
0
0
-3
3
3
-4
0
0
-1
1
1
0
0
1
-1
-1
1
0
0
0
-1
0
0
0
0
0
0
0
-1
0
2
-1
0
3
1
-1
0
0
-1
0
-1
-2
-2
0
0
0
0
0
1
0
1
2
-1
0
-1
0
0
-2
0
3
1
-1
1
1
0
0
0
3
0
0
1
0
1
-1
0
2
-1
0
0
0
-1
0
0
-1
0
0
-1
1
1
-1
0
-2
-2
-1
0
2
1
2
1
-1
-1
0
1
0
-1
0
1
0
-2
1
0
0
0
0
0
0
0
0
0
0
1
2
1
0
0
2
-1
0
0
1
-1
-1
1
0
-1
-2
-1
0
-1
0
0
-2
-1
-2
-2
0
1
2
1
1
0
0
2
0
2
1
0
0
-3
-2
1
1
0
0
1
1
-1
1
0
0
0
0
0
1
0
-2
-2
0
1
-1
-2
1
0
0
0
-2
0
0
-1
0
-1
0
0
0
0
-1
-1
1
1
1
2
0
0
2
0
0
0
1
1
0
-1
-1
0
-2
-1
0
0
0
0
-1
0
1
0
0
0
0
0
-1
0
0
0
0
0
0
-1
0
0
2
0
0
0
1
0
0
0
0
0
0
0
0
1
0
0
0
0
0
-1
-2
-1
-1
0
0
-1
0
1
0
-2
-1
0
0
1
0
0
0
0
0
0
0
2
1
0
0
0
0
0
0
0
0
1
0
-1
0
0
-2
-1
1
1
0
0
1
1
1
-1
0
1
0
-1
1
0
0
0
0
0
0
0
0
0
0
-1
-1
0
0
1
1
-1
0
0
0
0
0
1
1
-2
0
-1
0
0
0
0
-2
-1
2
3
0
-1
-1
2
0
0
1
0
0
1
1
-1
0
1
1
0
0
1
0
0
0
-1
-2
0
0
0
0
0
0
0
0
0
0
-1
0
0
0
0
-1
0
0
0
0
-1
-1
0
1
0
2
0
0
1
0
0
0
0
0
0
0
0
0
0
0
0
0
1
0
0
0
0
2
0
-1
0
0
0
-1
-1
0
0
0
-2
0
-1
-1
0
0
0
0
0
1
1
0
1
2
0
2
0
0
0
-1
0
-1
1
0
-1
0
0
0
-2
0
0
0
0
0
0
0
0
0
1
1
1
0
0
0
1
1
0
2
0
-2
0
0
-1
0
0
-1
0
-2
-3
0
0
0
0
0
0
0
0
0
1
2
0
2
0
0
0
0
0
-2
0
-1
0
1
0
1
1
0
0
0
0
0
0
1
0
0
0
-1
0
0
0
0
1
0
0
1
0
1
0
0
0
0
0
0
0
0
0
0
0
0
0
-1
-1
0
-1
0
1
0
0
0
1
0
0
1
0
1
1
0
0
1
0
0
1
0
0
0
0
-2
0
0
-2
-2
0
0
0
-1
0
-1
0
0
0
0
0
-1
0
0
-1
-1
0
1
1
-1
-1
1
0
0
-1
0
1
0
1
1
0
1
0
0
0
1
1
-1
0
0
0
0
0
0
0
-1
1
0
-1
1
1
0
0
0
0
0
1
0
-1
-2
0
-1
0
0
0
0
0
0
0
0
0
0
0
0
0
0
0
0
0
0
0
-1
0
-1
0
0
0
0
0
0
0
1
0
0
0
0
0
0
0
0
0
0
0
0
-1
-1
0
0
1
0
0
0
0
1
-1
-1
-1
0
0
0
0
0
0
0
2
1
0
0
-2
0
0
0
1
0
0
0
0
1
0
0
0
0
1
0
0
0
0
0
0
0
0
0
0
0
0
0
0
0
0
0
0
0
0
0
2
0
0
-1
-3
1
0
0
1
0
0
0
0
0
1
0
0
0
0
0
0
-2
0
0
-1
0
0
0
0
1
1
0
0
0
0
-1
0
1
1
1
-1
-2
2
0
0
0
0
0
0
0
0
0
-1
-1
1
0
0
2
0
0
0
-1
0
0
0
0
0
0
-1
0
0
-1
0
0
0
-1
0
0
0
0
1
1
0
0
0
0
0
0
0
0
0
0
0
0
2
0
0
0
0
0
0
0
-1
-1
0
2
0
0
0
0
0
-2
0
1
0
1
0
0
0
0
0
-1
0
0
-2
1
1
-1
0
0
5
0
-4
-2
0
2
-1
0
2
0
0
0
-1
0
0
0
0
0
0
-1
0
2
1
0
1
1
-1
0
0
0
1
0
-2
-1
1
-1
-1
-3
-2
1
0
1
0
0
0
0
1
-1
-3
-1
0
2
0
0
2
0
0
0
0
0
0
0
-1
4
0
-2
1
0
-1
0
0
-1
1
0
0
0
0
-1
0
1
0
-2
0
0
0
-1
-1
1
0
1
1
0
0
0
1
1
0
0
0
1
0
0
0
0
0
0
0
0
0
0
0
1
0
0
-1
1
0
0
0
0
0
0
0
-1
0
2
1
1
0
0
0
-1
0
1
0
0
0
0
0
1
0
0
0
0
0
0
0
0
0
0
0
0
0
-2
0
-1
-1
0
-1
-2
0
3
4
5
4
1
-2
-3
-5
-5
-2
1
3
2
3
5
2
1
-3
-9
-12
-14
-10
0
9
18
23
19
13
5
-2
-9
-15
-22
-25
-22
-13
0
16
25
28
24
9
-6
-19
-28
-21
-8
4
15
22
19
9
6
7
-3
-13
-18
-17
-8
9
19
9
-18
-55
-65
-32
33
106
142
107
-4
-131
-207
-165
-19
158
272
236
52
-186
-341
-314
-106
171
382
398
198
-114
-368
-431
-293
-26
244
389
338
155
-57
-240
-319
-284
-127
80
256
361
314
92
-176
-392
-427
-252
53
373
501
388
94
-286
-533
-522
-254
153
471
589
409
-1
-387
-563
-438
-104
247
479
414
142
-159
-352
-320
-144
86
249
217
77
-79
-172
-101
-3
86
103
17
-30
-71
-21
94
88
59
-50
-134
-123
-123
-8
133
207
239
89
-155
-298
-341
-129
136
277
316
112
-98
-194
-199
-73
20
139
173
179
-15
-173
-323
-232
118
325
450
133
-161
-445
-376
-110
264
421
365
104
-273
-433
-480
-111
218
487
456
121
-241
-460
-350
-58
184
303
183
63
-110
-142
-89
-14
89
82
61
-38
-43
-74
24
19
15
-18
-80
-39
-6
79
129
105
17
-86
-178
-165
-45
83
200
194
60
-25
-179
-172
-131
-39
96
175
218
152
19
-218
-334
-359
-89
265
389
421
129
-165
-320
-437
-216
107
267
443
286
-69
-202
-481
-276
74
142
428
75
-93
-102
-189
157
149
57
-127
-499
-177
237
344
674
102
-198
-491
-754
-143
123
636
806
211
-273
-825
-940
-99
302
972
904
83
-244
-896
-595
-222
205
530
607
253
-46
-383
-582
-161
-125
407
213
254
153
-141
-265
-411
-378
162
441
457
497
-252
-241
-555
-432
128
176
540
402
-1
-222
-606
-422
-37
231
612
503
204
-315
-542
-450
-254
208
321
519
313
57
-117
-702
-673
-36
185
835
585
4
-113
-879
-403
-147
101
700
505
133
0
-788
-448
-153
-79
885
409
360
-224
-820
-500
-290
378
735
697
132
-104
-1184
-712
117
306
1320
343
-33
-551
-1148
-362
74
472
1159
401
-47
-484
-1417
-396
-50
687
1445
432
158
-1016
-1157
-543
-21
1089
904
702
-429
-722
-942
-348
446
518
548
395
-324
-324
-412
-329
608
-78
424
-35
-322
147
-258
28
133
-360
144
-196
-286
476
-117
612
204
-297
-95
-646
-135
-4
350
510
591
-594
-325
-236
-19
767
131
587
-225
-500
-578
-515
-47
705
527
302
-213
-988
-435
-481
378
998
367
625
-483
-738
-692
-638
698
582
1023
505
76
-873
-1262
-215
284
820
961
186
-44
-814
-922
-213
-278
730
725
237
74
-1077
-1007
-144
-136
1288
672
535
257
-1082
-460
-808
143
532
758
519
341
-448
-1286
-324
79
734
1009
633
138
-280
-1179
-636
-502
-136
1023
336
595
-366
-1287
-403
-883
198
1084
897
1257
-303
-832
-1146
-1009
72
1088
1492
1196
173
-1731
-1036
-1184
255
1379
1408
1375
-65
-1303
-1827
-1505
-483
1128
1228
1571
218
-1095
-1524
-1689
-155
1029
1681
1679
184
-724
-1688
-1433
-292
1002
1841
1012
349
-672
-898
-596
52
713
1072
332
-238
-1192
-1141
-329
4
877
640
-235
-461
-1391
-932
510
877
2072
964
-62
-1145
-2156
-1029
116
1735
2354
1141
-622
-1312
-2087
-626
447
1601
2295
783
-284
-2199
-2336
-1309
252
1669
2105
1036
-406
-1800
-2632
-823
485
2438
2400
1000
-498
-2691
-2320
-1275
1036
2769
2773
1007
-907
-2114
-2346
-778
530
2574
2349
1069
-1080
-2769
-2655
-1363
718
2197
2559
991
-697
-2558
-2844
-803
809
2949
2505
1259
-682
-2646
-2260
-1441
1258
2293
2707
800
-721
-2043
-2223
-824
611
2567
2402
1263
-945
-2393
-2912
-1403
140
2040
2248
934
-406
-2412
-2299
-983
571
2576
2219
1541
-354
-2044
-2107
-1493
649
1850
2393
855
-122
-1479
-1613
-961
385
1821
1779
1011
-732
-1735
-2146
-1010
44
1206
1407
700
-285
-1646
-1525
-771
479
1828
1523
1208
-459
-1250
-1485
-894
626
1284
1763
445
-64
-1067
-1138
-572
251
1433
1426
709
-481
-1500
-1800
-985
-81
986
1054
482
-300
-1395
-1055
-495
600
1597
1264
973
-527
-1106
-1240
-536
637
1213
1218
396
-111
-897
-716
-605
611
1157
1170
385
-798
-1377
-1484
-744
144
940
813
528
-558
-1169
-899
-537
779
1143
1213
777
-665
-806
-1106
-173
569
879
922
294
-196
-509
-677
-264
577
769
1080
44
-341
-1124
-1153
-563
-38
663
383
175
-588
-874
-713
-377
496
783
904
448
-318
-398
-522
46
478
692
575
283
-134
-160
-386
-6
460
461
578
-159
-261
-730
-530
-377
-15
93
-15
-194
-618
-510
-429
24
493
557
495
35
-310
-204
-79
350
366
425
248
122
-142
-162
-215
163
364
383
301
-105
-200
-395
-277
-135
31
-7
-39
-371
-504
-413
-349
-45
111
152
154
-161
-209
-173
29
325
322
328
178
106
111
98
241
412
457
455
181
115
-138
-189
-80
-96
4
-205
-303
-461
-580
-427
-371
-147
-5
-112
-47
-199
-192
-139
-99
78
135
254
327
332
306
299
246
378
342
419
396
306
158
13
-16
41
94
70
-5
-226
-363
-479
-584
-598
-599
-579
-472
-465
-354
-327
-258
-183
-156
-53
22
202
371
465
519
566
586
666
681
685
635
525
398
334
231
118
13
-144
-249
-391
-482
-545
-601
-664
-728
-765
-719
-678
-591
-502
-390
-283
-198
-53
76
215
377
536
659
691
738
780
792
810
754
737
665
597
449
301
180
7
-144
-305
-445
-572
-694
-834
-920
-977
-963
-931
-872
-801
-742
-618
-489
-342
-152
38
247
447
626
782
919
1014
1091
1116
1104
1056
947
863
709
563
375
162
-44
-255
-460
-654
-831
-966
-1076
-1196
-1278
-1335
-1319
-1230
-1033
-755
-408
-27
321
648
919
1112
1261
1336
1377
1366
1288
1185
1019
813
584
336
101
-113
-319
-490
-635
-755
-885
-990
-1116
-1244
-1354
-1454
-1471
-1418
-1225
-923
-535
-109
294
703
1026
1278
1464
1545
1577
1497
1342
1127
876
681
471
264
34
-205
-392
-581
-755
-904
-1036
-1115
-1166
-1171
-1144
-1064
-953
-823
-676
-520
-338
-134
88
321
563
774
959
1082
1132
1135
1077
973
826
641
467
304
158
19
-117
-240
-353
-439
-502
-522
-509
-480
-438
-404
-381
-357
-326
-285
-236
-182
-116
-54
8
68
115
152
176
196
210
220
230
229
223
219
209
187
144
97
58
31
11
0
-8
-17
-30
-56
-96
-129
-143
-145
-141
-138
-132
-126
-119
-112
-92
-61
-36
-24
-24
-31
-28
-20
-15
-6
13
27
38
50
65
99
126
129
116
93
71
50
26
11
6
2
0
-2
-6
-4
2
8
4
-12
-29
-37
-38
-43
-60
-86
-101
-103
-88
-69
-49
-22
0
15
26
27
27
27
32
43
52
59
61
58
51
40
33
25
23
23
19
15
12
7
0
-8
-15
-20
-24
-29
-31
-29
-26
-21
-17
-14
-8
1
11
20
23
23
23
16
9
5
2
0
-1
-5
-5
-3
-2
-1
-2
-5
-10
-16
-18
-13
-9
-9
-8
-10
-11
-8
-2
3
11
21
29
34
29
19
13
8
5
3
-1
-3
-6
-9
-11
-15
-14
-12
-9
-11
-17
-19
-22
-21
-17
-15
-11
-9
-7
-2
5
11
19
23
23
21
19
15
11
8
9
9
7
8
5
5
7
3
0
-3
-6
-13
-16
-19
-22
-22
-21
-19
-14
-9
-6
-3
0
2
5
6
5
7
9
11
14
14
14
14
14
12
10
8
1
-3
-3
-8
-11
-15
-16
-15
-11
-7
-4
1
3
6
8
3
6
9
0
-4
-2
-1
-7
-10
-1
-4
-9
-9
-12
-8
-4
-11
-14
-10
0
7
11
15
11
11
13
0
-8
-9
-5
7
7
-6
-6
17
46
12
-6
26
26
2
-4
-1
-17
-10
2
-10
-36
-44
21
-16
-111
-139
-112
11
12
4
58
90
186
150
77
147
69
-31
19
96
75
-124
-31
-102
-481
-242
39
-14
-150
-155
159
183
144
123
-53
156
300
205
188
100
-106
-459
-342
58
106
-119
-339
101
344
-133
-317
-85
313
266
60
105
-54
-59
51
-272
-275
88
235
214
-126
-70
117
114
76
-172
40
166
188
-38
-387
-252
-280
-297
-262
-62
84
200
495
283
270
485
257
-156
13
329
-220
-602
-242
126
-30
-474
-397
-53
99
148
26
-34
93
235
41
-449
-151
393
134
-145
140
328
90
-72
16
151
150
33
-182
-96
94
-67
-88
-205
-213
-7
-29
-136
-226
-13
115
79
228
223
193
142
28
6
-168
-266
-128
-95
-45
52
178
152
-56
64
117
-38
-56
-110
-35
121
76
-122
-149
70
123
-47
-73
77
89
-65
-181
-21
228
24
-157
-11
4
145
194
-195
-281
-6
100
81
-30
-179
-21
101
50
59
-101
-130
-15
71
232
143
-76
-78
1
130
97
-90
-129
-60
139
149
-34
-151
-118
75
82
67
87
-86
-123
-57
-16
-18
-142
-144
-85
51
285
251
-6
-185
-79
211
166
-195
-266
-107
154
280
-126
-268
87
320
314
-41
-163
44
85
-43
-241
-217
68
149
-86
-145
-8
205
248
-26
-217
-217
-6
147
-78
-223
-104
120
287
138
-116
-36
131
38
-73
-133
-66
11
-64
15
222
248
19
-216
28
200
17
-184
-300
-91
234
191
-80
-242
-76
244
184
-121
-129
-5
44
-2
-289
-260
14
244
255
54
-42
188
213
-84
-377
-425
165
460
252
-91
-372
33
309
-2
-150
-225
76
452
38
-236
-401
-319
133
127
178
94
-48
-110
-239
105
340
4
-410
-278
409
767
16
-743
-358
568
805
-184
-950
-431
599
796
-249
-917
-120
696
567
-408
-918
-85
472
311
-160
-311
428
563
-55
-440
-382
378
465
-390
-377
100
614
403
-738
-596
86
493
217
-522
-242
439
477
-45
-782
-457
585
542
17
-404
-132
397
117
-435
-362
34
486
537
-251
-606
-177
486
440
-560
-640
310
666
420
-440
-523
414
514
-17
-809
-586
702
636
-84
-555
-339
580
345
-462
-521
-46
708
11
-726
-208
198
641
56
-541
-115
276
362
-177
-589
86
477
670
467
-377
-385
-106
320
269
-703
-647
124
621
426
-549
-729
-27
377
300
-322
-737
-113
372
303
-92
-179
395
581
80
-75
202
529
377
-529
-454
299
389
-124
-733
-105
753
162
-823
-1300
-410
544
67
-496
-474
40
332
-416
-514
363
1238
1195
-94
-194
781
884
-164
-1118
-131
1429
1171
-310
-1203
-521
406
-85
-951
-1118
-397
434
51
-811
-1055
-481
2
-314
-290
649
1363
1104
323
70
814
930
8
-435
276
1434
1181
-181
-785
-363
230
-195
-1518
-1619
-355
239
-324
-1288
-1057
-207
-87
-596
-963
-139
1406
1622
621
121
500
1069
677
-37
214
1034
1722
1326
257
-338
-575
-724
-879
-1339
-1290
-751
-432
-460
-757
-952
-893
-735
-558
-523
-85
971
1515
1063
609
784
1209
960
196
-55
725
1501
1380
397
-261
-159
-151
-766
-1767
-1878
-907
-263
-489
-986
-1004
-533
-446
-891
-981
-177
1308
1682
905
543
854
1368
823
41
308
1133
1620
912
-234
-617
-634
-748
-1243
-1716
-1219
-411
-109
-439
-1060
-1016
-796
-629
-810
-364
1238
2074
1695
1024
870
1441
1305
451
345
637
1300
656
-791
-1330
-1307
-1066
-1065
-1295
-899
0
-112
-823
-1295
-1043
-890
-996
-871
-308
752
1628
2054
1703
1627
1705
1361
731
104
512
741
0
-917
-1289
-936
-890
-1154
-891
-286
100
-113
-844
-1219
-1333
-1200
-749
-669
-358
413
1194
1915
1976
1555
1491
1556
1276
652
598
468
-251
-1052
-1446
-1465
-1261
-1222
-891
66
778
578
-231
-994
-1109
-1249
-1286
-1366
-1025
186
695
1030
1761
1965
1687
1252
913
728
367
631
785
-436
-1046
-963
-893
-1114
-1677
-1167
-47
633
436
-449
-445
-255
-1075
-1438
-1651
-1431
-214
232
464
1039
2148
2521
1531
1464
1728
815
463
1126
468
-982
-1601
-886
-940
-1656
-1453
-306
986
1115
219
-638
-656
-484
-1029
-2060
-2315
-1004
161
-25
45
801
1635
1993
1699
1178
1154
1051
896
1611
1076
-159
-657
-1292
-1399
-2148
-2317
-679
590
1358
1096
-120
-164
-81
-922
-1229
-1498
-1254
-564
-948
-461
512
372
673
1587
2097
2414
1207
189
1061
1947
2014
-218
-1758
-981
-667
-1541
-2231
-1665
394
1879
981
-581
-777
-530
-983
-1667
-1920
-789
485
82
-468
-837
-335
-40
-327
834
2003
2723
2318
1285
1488
2541
2089
-307
-2772
-2285
-260
-612
-2169
-1930
774
2637
1454
-1109
-2146
-856
-663
-1758
-1965
-779
1739
1440
-759
-1313
-834
53
-677
-1615
53
3009
3664
2491
1593
1772
2740
2021
-1010
-2830
-1906
-211
-710
-2577
-1645
830
2069
1147
-1057
-1555
-833
-1215
-1501
-1145
-536
1328
1216
160
31
-508
-859
-1439
-1611
-356
1516
2077
2567
2894
2754
2901
2966
660
-2080
-2387
-1980
-1515
-2038
-1729
406
2103
2491
189
-1826
-1827
-2050
-1652
-1528
-1714
484
1513
1289
1220
-279
-564
-704
-1093
-824
-385
1036
2651
2912
2653
2275
2765
3067
339
-2576
-2690
-1259
-1529
-3007
-2223
777
2684
1559
-939
-1914
-853
-500
-1537
-2118
-1018
1415
1697
754
618
625
434
-979
-1917
-1372
-155
655
1330
1981
2778
2981
2732
2398
745
-1068
-1710
-1906
-2266
-2350
-1950
-631
307
413
-355
-1221
-804
-514
-631
-307
-175
629
1317
471
280
623
-137
-1117
-1233
-971
21
807
1039
2109
2133
1718
1797
2146
1226
-1143
-2087
-1415
-1060
-1370
-1951
-1124
436
943
-98
-1270
-860
-456
-1079
-952
-519
440
1256
801
755
911
905
83
-1408
-1786
-995
157
501
854
1802
2556
2620
1713
1173
1344
-41
-1536
-1992
-1709
-942
-1368
-1442
-136
729
740
-564
-1669
-812
-231
-373
-458
-349
976
1594
927
494
-30
-101
-465
-1537
-1344
-107
329
689
852
1537
2658
2286
1024
1114
818
-573
-1749
-2382
-1434
-1101
-1612
-1042
-121
795
445
-1193
-979
-64
-214
-47
-586
74
1599
906
442
202
-105
243
-469
-1183
-500
-208
169
475
324
1559
2436
1765
934
1231
1723
244
-1800
-2144
-1116
-730
-1698
-2077
-562
917
524
-786
-961
-131
385
-4
-682
-385
895
1090
232
-42
345
437
-451
-806
-358
-70
-414
-455
37
945
1553
1478
1311
1461
1411
1460
665
-1234
-1560
-1135
-1262
-1805
-2028
-889
66
203
-301
-600
53
300
-86
77
-180
316
1138
497
-89
280
452
-34
-353
-428
20
72
-397
29
581
855
920
952
926
870
665
1070
291
-1069
-1122
-930
-971
-1391
-1863
-876
72
19
-67
-300
303
736
198
172
-124
276
821
-40
-318
152
247
83
-115
-213
141
-68
-346
-38
161
515
900
831
894
861
735
1207
228
-944
-1020
-1212
-1058
-1440
-1833
-793
-82
132
237
-127
287
676
220
-49
-322
187
650
-19
-196
185
306
250
-19
-241
330
422
87
-25
-224
238
630
97
-16
343
632
860
248
237
409
-506
-992
-1124
-1203
-1008
-1230
-831
181
547
525
219
110
294
-113
-387
-373
-270
340
502
373
607
682
458
117
-528
-604
-190
-127
89
395
882
1311
990
638
949
398
-665
-1157
-1180
-754
-1052
-1505
-911
-157
325
4
-543
40
464
329
257
-141
356
804
322
24
-56
54
31
-342
-467
89
333
386
232
179
671
817
315
-199
-133
149
277
-203
-513
-201
-106
-186
-694
-928
-534
-587
-668
-580
-318
244
372
301
516
705
878
735
325
211
301
706
791
-218
-660
-303
-162
-493
-1159
-815
191
535
108
-354
-131
346
85
-415
-481
-328
272
291
-233
-7
412
381
164
-119
-92
252
129
57
64
92
454
443
7
-46
67
137
0
-378
-197
18
-138
-193
-326
-263
-68
-241
-260
-105
-19
97
89
45
95
32
-1
-41
-131
-37
14
108
33
-250
-114
141
20
-17
147
386
656
519
219
418
839
711
-171
-765
-574
-338
-788
-1240
-824
-16
318
-133
-375
51
331
187
-20
-223
117
640
374
-4
75
358
349
-21
-329
-99
189
94
-16
-26
165
524
365
-45
-69
88
169
-169
-464
-151
9
-238
-362
-368
-160
-181
-294
-72
50
130
289
177
140
267
174
-11
-158
-212
-87
-61
-86
98
208
182
185
252
261
167
38
70
99
-19
-92
-134
-134
-112
-130
-252
-349
-219
-2
-94
-203
-61
95
140
71
19
41
-203
-394
-204
-74
-56
93
423
714
658
620
697
400
-169
-478
-407
-385
-651
-704
-388
-5
76
-187
-245
-26
26
-12
-83
-45
301
422
165
80
198
229
12
-231
-116
101
44
-68
-17
143
298
211
-39
-46
146
208
48
-185
-109
87
-34
-326
-445
-278
-127
-227
-252
-98
114
317
290
128
147
218
138
-69
-230
-161
-49
-108
-138
-68
52
142
64
56
162
168
117
45
16
63
46
-27
-101
-101
-70
-121
-168
-160
-132
-87
-33
10
10
45
100
94
58
32
57
77
38
2
2
48
64
10
-20
-12
0
24
24
-3
-3
18
14
-26
-83
-92
-64
-74
-82
-71
-49
9
39
38
44
32
47
63
36
34
20
-3
15
26
23
-12
-62
-38
-26
-55
-39
-24
-1
26
28
39
26
3
28
28
10
13
2
-21
-29
-14
-7
-30
-26
8
18
-1
3
22
13
0
-1
-20
-36
-23
-3
-12
-33
-21
21
43
21
-5
8
22
12
-4
-11
-4
4
5
2
-11
-11
6
3
-10
-16
-10
-7
-15
-12
-3
5
8
13
42
54
51
43
58
94
54
8
12
-6
6
17
2
-8
12
80
65
30
73
52
-52
-127
-84
-13
-56
-83
-24
-1
-21
187
-58
-703
-665
-61
310
-225
-557
409
1068
790
134
25
877
883
-55
-535
-493
36
-42
-887
-921
-302
189
-104
-682
-403
117
318
159
-68
74
404
512
279
-116
-135
148
154
-200
-389
-206
162
153
-129
-91
186
372
375
194
79
181
405
277
-123
-253
-109
-114
-337
-524
-481
-211
-65
-120
-65
41
181
352
279
48
-15
82
81
-126
-260
-139
36
34
14
26
26
236
336
96
15
117
174
73
-129
-106
21
-62
-191
-184
-107
-79
-69
-73
-74
-46
-11
2
-14
21
118
111
47
40
96
97
6
-27
-15
-25
-23
-38
-61
-31
23
41
15
2
17
53
56
-24
-75
-30
-16
-27
-28
-45
-3
25
-33
-65
-26
15
22
13
22
49
83
68
39
37
33
-2
-42
-49
-45
-51
-70
-73
-41
-23
-16
-1
-4
7
21
34
26
4
23
36
10
-11
-15
7
26
27
21
18
40
55
39
17
13
6
-12
-31
-44
-56
-46
-35
-43
-52
-46
-28
-8
-11
-10
-2
0
14
21
22
32
45
51
30
10
17
16
4
-7
-4
-1
4
4
-1
11
16
6
-1
-7
-4
-5
-26
-36
-20
-13
-21
-22
-12
5
10
2
6
20
24
15
11
12
10
8
1
-7
-2
-1
-11
-22
-21
-6
0
-6
-8
0
14
13
9
12
12
11
10
1
0
5
3
0
-2
-4
-4
-3
-1
-1
-2
-1
-2
-4
-6
-6
-1
-2
-5
-4
-6
-8
-3
2
-2
-7
-4
5
4
1
5
9
12
8
-1
0
9
12
3
-4
0
2
1
-1
-2
1
0
-3
0
5
4
2
1
4
3
-5
-8
-3
-5
-8
-9
-8
-5
-3
-5
-5
-4
-1
-1
0
2
2
3
7
12
7
7
7
4
5
1
-5
-4
0
-3
-4
-1
0
4
4
3
2
3
5
1
-3
-6
-6
-4
-5
-8
-8
-6
-1
2
2
3
2
3
7
0
0
2
-5
-3
-4
-6
-4
-3
1
2
2
3
7
6
4
4
2
1
1
0
0
0
0
0
0
0
-2
-3
-4
-5
-5
-6
-6
-4
-3
0
0
0
1
5
8
4
3
1
3
2
0
1
1
1
-1
0
0
0
2
0
1
1
1
-1
0
0
-1
-1
-2
-3
-1
-2
-4
-3
-1
0
0
0
-3
0
-1
-3
-1
0
0
2
3
2
1
3
2
0
0
1
0
0
0
3
2
2
2
1
0
-1
0
-3
-2
0
-1
0
-1
-1
0
-1
0
0
0
0
0
1
0
0
0
-1
0
-1
-1
1
-1
0
0
1
0
0
-1
0
0
0
2
0
0
1
1
0
1
1
0
2
1
0
0
0
-1
0
0
0
0
0
0
-1
-1
-3
-1
-2
0
-1
-1
0
0
0
2
0
0
1
0
0
1
1
0
0
-1
0
1
1
0
-1
0
1
0
0
-1
0
1
0
0
0
0
0
1
0
0
1
0
0
0
0
0
0
0
0
0
0
0
0
0
0
1
0
0
0
0
0
0
0
-1
0
2
0
-1
0
0
0
0
-1
-1
1
1
0
-2
-1
2
0
0
-1
-1
0
1
3
1
0
-3
0
6
2
-3
-6
2
9
3
-1
1
4
4
-3
-9
-5
1
1
-4
-1
3
0
0
4
4
-7
-23
-18
0
15
8
-10
-8
14
31
13
-24
-27
8
25
-5
-37
-27
13
30
5
-9
12
34
16
-20
-20
12
21
-24
-55
-3
63
39
-48
-36
106
108
-134
-296
-105
153
38
-236
-158
182
301
53
-146
2
242
270
69
-104
-18
136
88
-128
-238
-101
22
-24
-131
-169
-77
27
44
-8
-39
59
134
59
-40
-56
0
0
-71
-91
-60
-16
8
7
23
53
99
132
106
73
82
112
95
27
-5
-16
-66
-115
-113
-92
-93
-73
-14
-10
-57
-43
27
63
33
0
-2
-10
-4
-1
-13
-14
-3
13
27
49
65
39
20
42
53
22
-18
-12
28
38
14
-19
-23
-3
-8
-42
-71
-65
-41
-35
-43
-35
0
29
17
-8
-6
15
18
-2
-17
-10
9
24
13
-1
4
33
49
34
17
15
32
41
28
0
-20
-7
11
-8
-42
-44
-21
-16
-35
-29
-8
-3
-10
-6
10
14
4
0
1
12
15
2
-5
5
34
32
0
-8
9
23
3
-22
-14
4
12
-8
-33
-23
2
11
-11
-30
-7
15
11
-3
-10
3
12
13
5
-9
0
23
27
6
-12
4
19
7
-10
-18
-3
5
0
-3
-5
4
13
0
-1
0
-7
-20
-31
-7
4
-22
-33
-19
12
15
-13
-2
25
29
11
-12
0
26
18
-14
-24
12
35
7
-19
-10
28
40
0
-27
-8
12
13
-8
-30
-16
12
12
-10
-22
-7
11
6
-13
-16
-2
10
8
-2
2
13
12
9
5
0
6
-6
-17
-12
-12
-14
-17
-6
2
-8
-6
10
18
17
7
6
18
21
19
14
5
8
12
9
0
-8
-15
-9
-4
-12
-35
-36
-10
5
-3
-27
-24
8
25
8
-15
-10
20
38
17
-16
-15
21
40
3
-36
-18
22
20
-21
-33
0
23
10
-24
-22
12
20
-3
-19
-5
8
0
-15
-10
2
12
15
7
11
17
25
23
4
-6
2
19
4
-30
-31
0
8
-21
-38
-16
5
-1
-22
-17
1
-5
-18
-1
12
-5
-20
15
50
7
-34
10
56
31
-18
-3
32
12
-14
-10
-14
-20
-14
-13
-32
-29
11
5
-34
-7
61
39
-38
-11
80
65
-35
-29
72
76
-23
-52
20
47
-4
-42
-21
4
4
-4
-37
-47
-11
16
-8
-58
-35
12
14
-6
-30
-22
1
28
24
-30
-32
32
62
0
-42
15
60
17
-35
1
38
1
-21
-1
18
-11
-23
19
12
-16
-12
20
22
-19
-7
26
23
-5
-15
10
26
19
-10
-36
-11
39
28
-43
-78
-12
69
18
-78
-90
17
96
1
-103
-71
72
109
-27
-109
-19
116
89
-57
-90
26
127
59
-84
-74
50
112
12
-103
-41
60
69
-28
-88
-11
47
25
-37
-60
2
35
4
-40
-47
3
30
2
-42
-38
13
42
-2
-53
-17
50
48
-29
-60
25
84
22
-68
-51
79
112
-8
-99
-31
124
106
-66
-125
7
151
52
-131
-105
72
145
-16
-143
-40
109
93
-73
-126
9
112
30
-118
-99
63
99
-45
-136
-20
111
44
-88
-71
60
94
1
-72
-26
60
65
-1
-65
-24
48
33
-7
-34
-18
11
1
21
0
-43
-15
28
48
0
-44
-15
18
24
-2
-42
-35
16
36
-2
-39
3
47
15
-11
12
46
-2
-43
16
55
0
-81
-55
63
74
-25
-88
-30
109
108
-28
-116
-28
148
110
-95
-172
-6
171
62
-158
-152
84
205
19
-158
-49
186
198
-40
-157
-11
170
113
-126
-215
-71
93
19
-228
-282
-76
133
70
-145
-136
85
241
149
-26
19
201
304
215
43
6
80
126
42
-112
-130
-12
49
-59
-211
-189
-57
-43
-139
-164
-59
32
-25
-104
-88
-22
12
-32
-63
-18
48
92
54
15
69
140
144
67
31
102
140
86
6
3
41
12
-43
-61
-37
-34
-68
-89
-88
-85
-89
-86
-70
-41
-17
-21
-30
-25
0
10
0
5
41
75
82
74
73
76
78
80
75
52
23
9
10
3
-19
-42
-47
-30
-27
-44
-58
-50
-33
-37
-51
-49
-41
-36
-36
-26
-18
-14
-8
5
15
21
33
42
41
34
26
37
45
33
10
-5
6
22
11
-18
-28
-1
22
4
-24
-31
-9
12
0
-24
-34
-13
15
14
-9
-19
-9
16
26
10
-8
-8
9
22
17
-2
-17
-7
15
22
0
-26
-25
5
22
-11
-46
-38
0
12
-20
-39
-17
14
20
0
-4
12
29
29
14
10
13
14
11
6
5
2
-3
2
12
1
-12
-10
3
5
-7
-21
-8
6
2
-6
-12
-3
7
0
-6
-4
1
1
2
7
8
6
6
16
21
7
-3
-1
1
-1
-13
-24
-20
-12
-12
-19
-24
-15
-2
0
0
-2
1
6
6
2
-5
-7
-4
-1
1
2
-3
-5
3
18
19
0
-6
14
33
20
-8
-10
19
28
-1
-23
-4
27
17
-21
-21
13
28
-6
-32
-8
27
18
-21
-25
11
29
3
-27
-17
14
15
-12
-26
-9
12
5
-11
-11
3
12
2
-2
4
11
6
-9
-7
4
5
-4
-10
-1
6
2
-2
-5
-2
4
7
5
-8
-10
6
11
-6
-22
-9
14
10
-15
-23
5
21
0
-25
-16
17
22
-3
-17
-2
13
7
-7
-10
-1
11
12
5
-5
-8
0
3
1
0
1
5
8
1
-3
-3
-1
-3
-2
6
8
-1
-18
-18
3
14
0
-15
-10
12
20
7
-13
-15
0
12
13
2
-4
-3
1
3
0
-5
-5
-1
10
13
6
-4
-7
0
6
10
5
-2
-8
-5
-1
-11
-18
-9
6
15
8
-4
-8
-7
-6
-7
-3
7
20
18
-5
-24
-17
2
16
10
-3
2
27
23
-14
-42
-18
32
29
-25
-43
0
33
5
-45
-40
22
43
3
-32
-16
35
40
-10
-35
-2
34
25
-10
-18
12
24
-1
-20
-12
4
5
-10
-10
8
7
-4
-16
-8
6
1
-9
-5
13
11
-12
-17
5
20
0
-20
-8
21
17
-12
-15
10
28
2
-34
-21
14
10
-20
-21
23
42
4
-25
2
41
16
-33
-31
13
29
-18
-58
-17
48
41
-16
-34
21
70
25
-51
-51
6
30
-3
-44
-25
30
39
8
-15
-12
3
7
-2
0
0
-11
-13
3
13
-2
-15
-8
11
12
-15
-21
-4
2
11
12
13
13
0
-4
6
8
-9
-26
-14
10
18
2
-11
4
16
8
-3
-4
0
-4
-7
-2
0
-7
-15
1
21
12
-10
-18
0
13
-3
-17
0
25
24
3
-14
-6
6
-6
-13
-1
6
11
3
-11
-10
-9
-16
-7
2
0
8
1
-13
-8
-5
-2
6
5
9
21
11
-8
-12
-6
8
17
7
10
25
11
-13
-21
-3
19
13
-1
7
21
-3
-36
-35
-6
21
15
-2
1
15
5
-18
-29
-17
4
5
-13
-16
-4
3
7
-4
-17
-6
11
9
-4
-8
6
26
12
-13
-7
9
22
23
4
-7
5
11
-3
-21
-21
0
24
22
-3
-17
-12
-4
0
-9
-19
-16
0
6
0
-10
-20
-5
13
18
8
-8
-8
16
32
16
-4
-7
8
21
10
-1
5
11
0
-12
-7
-2
-13
-21
-9
9
6
-25
-43
-16
22
17
-19
-28
5
31
7
-23
-13
19
33
13
-14
-10
14
19
5
0
7
11
2
-11
-7
1
2
2
2
0
-1
-3
-7
-6
-1
0
3
0
-9
-10
-5
0
9
1
-8
-6
1
7
1
-7
-8
4
13
6
-8
-13
3
19
13
-9
-17
1
19
19
-3
-19
-6
14
18
-4
-26
-15
18
26
0
-27
-24
8
25
3
-19
-12
12
19
-5
-28
-10
15
19
-2
-16
0
14
4
-15
-9
15
19
-2
-21
-9
15
12
-9
-15
0
15
7
-11
-9
5
14
10
0
0
3
5
6
6
2
0
-3
-2
3
-5
-20
-22
-8
3
-6
-22
-25
-10
8
10
-4
-13
3
23
24
8
0
8
18
21
9
-4
-3
10
14
1
-10
-7
2
2
-4
-11
-8
0
-1
-11
-11
1
5
-7
-12
-4
9
7
-5
-8
0
15
14
-3
-13
-1
13
16
-2
-18
-9
6
11
-3
-15
-4
15
12
-4
-11
-6
11
11
0
-3
4
11
5
-4
-7
-1
2
0
-5
-4
-4
-1
-1
-6
-5
-3
-3
-4
-3
-5
-5
-3
-3
-2
-1
0
0
-2
0
7
8
5
5
10
10
10
9
10
7
6
5
4
3
1
0
-4
-8
-9
-9
-10
-11
-12
-7
-5
-3
-11
-14
-9
-2
2
-1
-2
5
11
11
9
8
9
12
11
12
13
8
3
3
0
-2
-2
-3
-1
-3
-5
-11
-14
-13
-11
-7
-7
-7
-3
0
0
-3
-2
2
7
12
11
6
6
3
1
0
-1
0
6
9
5
0
-8
-5
1
-4
-8
-1
9
14
3
-10
-5
2
0
-7
-3
11
16
2
-14
-10
-1
-6
-9
-5
8
12
-1
-15
-11
0
0
-5
-1
12
20
5
-13
-13
3
13
4
-6
3
21
15
-8
-22
-13
10
14
-1
-9
0
6
1
-9
-15
-1
8
8
7
2
-5
-5
1
3
1
-4
-4
2
3
-3
-9
-5
-1
3
1
-2
2
7
4
0
-3
1
4
0
0
6
6
1
-6
-7
0
4
3
0
-4
-2
0
-3
-5
-4
0
3
2
-1
-3
-2
0
2
0
-4
-1
4
4
1
-4
0
5
6
4
1
1
2
0
-2
-3
-1
-1
0
1
-3
-6
-2
2
3
-6
-8
2
10
3
-7
-8
3
10
4
-7
-3
8
9
1
-7
-5
2
5
0
-5
-4
-1
4
1
-8
-4
2
6
0
-3
0
3
6
-1
-3
0
2
-2
-2
0
4
1
-1
-1
0
0
-2
-2
0
0
1
0
-1
-1
1
2
0
0
0
1
6
0
-5
-2
3
1
0
-1
-2
0
2
0
-1
-1
0
0
1
4
0
-4
-4
2
1
-1
-2
-2
0
4
1
0
-2
-1
1
1
-2
-3
0
3
5
1
0
1
2
0
-3
-4
-1
1
0
1
1
2
4
4
0
-1
-1
-3
-2
-4
-4
-2
0
1
3
4
0
0
0
1
-4
-7
-3
-2
0
2
0
3
3
3
2
0
-1
0
-1
-3
-2
0
4
3
3
2
-2
1
1
-1
-1
0
1
0
-2
-2
-1
1
1
0
1
2
2
1
-3
-4
0
-2
0
0
-1
3
2
0
-1
-1
1
1
0
0
0
0
3
-2
-3
-1
0
0
-1
0
1
0
2
0
-1
0
0
0
1
0
-1
1
1
2
4
0
-3
-2
-3
-1
-1
-1
0
0
0
0
0
0
0
1
0
-1
1
0
0
1
0
0
0
2
1
0
1
0
2
3
0
-2
-1
-2
0
0
-1
0
0
0
1
0
-1
-1
-2
0
0
0
0
2
1
1
0
0
0
0
0
0
0
1
1
-1
-2
0
1
0
0
0
0
0
-1
0
1
-1
-1
0
-3
1
0
-1
0
0
0
-1
-1
0
1
1
0
0
0
0
1
0
0
3
1
0
1
0
0
0
-1
0
0
1
-1
0
0
-2
0
0
0
0
0
-1
-1
0
-1
0
0
0
2
0
0
0
0
1
0
2
1
0
0
1
0
0
-1
-1
0
0
0
-2
-2
0
0
-1
1
0
0
2
0
0
-1
0
1
0
-1
-2
0
1
1
0
-2
0
1
1
0
0
0
0
0
0
-1
0
0
-1
-1
-1
0
1
0
0
0
2
4
1
0
-1
0
1
0
0
-1
0
-1
-2
0
0
0
-1
0
0
-1
0
0
0
0
-1
-1
0
-1
1
1
0
0
0
-1
2
0
0
0
0
0
2
1
0
0
0
2
2
0
0
2
0
0
1
1
-1
0
0
0
0
0
0
1
0
1
0
0
-1
-1
-1
-1
-3
-3
-1
-1
0
-1
-1
1
1
0
-1
-3
-1
0
-3
-4
-4
-1
0
0
0
2
4
6
6
4
4
4
1
-1
-2
-2
-2
-2
-1
-1
0
3
3
2
2
2
0
0
0
-2
-2
-1
-2
-2
0
1
0
0
0
0
0
-2
-1
-1
0
0
0
0
1
1
0
0
1
1
2
0
0
0
0
0
-1
0
0
0
0
-1
0
0
0
1
-1
-2
0
-1
-1
-1
0
1
1
0
1
0
1
0
0
0
0
-1
-1
0
0
0
0
2
2
1
0
0
0
0
-1
-1
0
0
0
0
0
0
0
0
0
0
0
0
0
0
0
1
0
-1
1
0
0
0
-1
1
0
0
0
0
0
0
0
1
1
1
0
1
1
0
0
-1
0
0
0
0
-1
0
0
0
0
0
0
0
0
-1
0
0
-2
0
0
0
-1
-1
0
0
1
1
-1
0
0
0
0
0
0
0
1
0
0
1
1
1
0
-2
0
0
-1
-1
0
0
0
0
0
0
0
1
0
0
0
-1
0
0
0
0
-1
0
0
0
0
0
0
0
0
0
0
0
0
1
0
0
0
1
0
0
-1
0
0
-2
-1
0
0
1
2
1
1
0
1
0
-3
-1
-2
-1
0
0
0
0
3
0
0
0
0
1
0
-1
-1
0
1
0
0
0
0
0
0
0
1
0
0
0
-1
0
0
0
0
0
0
-1
0
0
0
-1
-2
0
0
0
0
-1
0
0
1
0
0
1
0
0
0
0
-2
-2
1
0
-1
-1
1
0
0
2
0
0
1
0
1
-1
-1
0
0
1
0
-2
-1
0
0
0
-1
-2
0
0
0
0
-2
0
-2
-1
0
-1
2
2
2
3
0
1
3
2
0
0
0
-1
-3
-2
0
0
1
2
2
0
0
0
-1
-1
-2
-3
-2
1
0
-1
-1
-1
-1
-2
0
2
3
2
-1
0
0
1
1
0
1
-2
-3
0
2
1
0
1
1
4
1
-1
-1
0
0
0
2
0
-1
0
0
2
2
-1
0
0
-2
-2
1
0
-3
0
-1
-3
-4
-1
1
-1
0
2
2
0
0
2
0
1
2
1
1
0
-1
0
0
1
1
0
0
0
-1
1
-1
0
0
-1
-1
0
1
0
0
2
2
0
-2
-2
0
0
0
1
0
1
-1
0
0
-2
0
0
0
2
-1
0
0
-1
0
0
1
4
2
3
0
0
2
0
0
0
-2
-1
-2
-2
0
-4
-1
3
-6
-2
-2
-2
4
5
4
0
-2
-1
0
0
1
0
-1
4
2
-1
0
2
5
4
1
1
-1
-3
-2
-3
1
1
1
2
1
0
0
-2
-2
0
0
0
1
1
0
0
-2
-3
-3
-2
-2
-3
0
0
0
-1
-1
1
-1
-2
0
0
0
1
1
-1
0
0
-1
0
-1
3
4
1
1
0
1
2
0
2
5
6
4
1
1
2
0
0
0
-1
-2
-1
1
0
0
-2
1
0
-7
-1
0
0
1
0
-1
-2
-2
-3
0
0
-3
-1
0
1
1
1
-1
2
2
0
2
0
-4
-1
-3
2
3
4
2
0
0
-3
-1
0
-1
0
0
-1
0
0
0
0
2
0
-1
0
-1
-1
-2
0
-1
-2
1
1
4
2
4
2
0
2
0
0
1
1
-1
0
0
0
0
-1
0
3
0
-1
0
-1
-1
-1
0
0
-3
-4
-2
-1
0
-2
-1
0
-2
0
0
0
0
-1
-1
1
-1
0
0
0
3
3
0
0
1
0
0
3
1
1
3
2
5
3
3
3
1
1
1
1
0
2
0
0
0
-2
-4
-4
-6
-7
-2
-3
-3
-1
-4
-5
-3
-4
-3
-1
0
-1
-1
-2
0
2
2
2
0
1
1
1
1
2
2
4
2
1
3
1
-2
-3
1
1
1
3
1
3
2
0
0
3
1
2
1
0
0
1
0
2
1
0
-1
0
0
-4
-3
-2
-5
-4
-5
-5
-2
-1
0
-2
-5
-6
-4
0
0
-1
0
0
1
-1
0
2
2
1
1
3
4
4
5
4
4
2
4
1
0
2
0
0
3
1
0
0
1
0
2
0
-4
-2
-4
-4
-1
-3
-4
-5
-4
-3
-2
-1
-2
-1
0
0
0
0
1
2
2
0
0
2
1
-1
0
0
2
1
0
-1
0
0
0
-1
0
0
2
2
1
1
3
3
2
2
2
3
3
3
1
-1
0
0
1
1
0
1
2
0
-2
-5
-3
-2
-3
-3
-5
-4
-3
-3
-4
-5
-6
-2
-1
-1
0
-2
-3
-2
-3
0
0
0
0
0
0
2
3
1
1
4
4
5
5
3
2
2
2
2
1
3
4
2
2
1
2
3
2
3
0
-2
0
-2
-1
0
-2
-1
-1
-1
-1
-3
-5
-4
-2
-3
-4
-3
-2
-1
-3
-2
0
0
0
-2
-1
1
0
0
-1
0
1
0
-1
-1
2
3
2
0
0
2
1
1
1
1
2
3
3
2
1
2
2
0
0
0
0
1
0
0
0
0
-1
0
0
-1
-2
0
0
-1
-3
-2
-1
0
-1
-1
0
0
0
0
0
0
0
-2
0
0
0
-1
-2
-1
0
0
2
1
0
0
0
0
0
2
2
0
0
1
2
2
1
2
3
1
1
0
0
0
0
0
0
-3
-4
-2
0
-1
-2
-1
-1
0
0
-3
-2
-1
-1
-1
-1
0
0
0
1
0
2
1
0
0
0
0
0
0
0
0
1
2
2
2
1
1
0
0
-1
0
0
0
0
0
1
1
1
0
0
0
0
1
1
-2
-2
0
0
-1
-1
0
0
0
-1
-2
0
-1
0
0
0
3
2
0
0
0
0
0
0
0
0
1
1
0
1
0
0
0
-1
0
0
0
-1
0
0
0
1
0
0
0
0
0
1
1
0
0
-2
-1
1
0
-3
-1
1
1
3
-2
0
0
0
0
-1
0
0
2
1
0
0
0
1
0
0
0
0
0
0
0
0
-1
0
0
0
0
0
0
1
1
1
0
0
0
0
0
0
0
1
0
0
0
-1
0
0
-1
0
0
1
1
0
-2
0
0
0
0
0
0
1
0
0
-1
-1
1
0
0
0
0
0
1
-1
-1
0
0
0
0
-1
0
2
1
-2
-2
0
2
2
0
1
1
-1
0
0
-1
0
-2
-1
-1
-1
2
1
0
0
-1
2
1
0
0
-1
-1
-2
-1
-1
-1
0
1
1
2
1
0
0
1
0
0
-2
0
0
0
0
-4
-1
0
1
2
0
0
0
1
0
-1
-1
-1
-1
0
0
0
-1
-1
0
1
0
0
2
1
2
1
0
0
0
-1
0
0
0
0
1
-1
-1
0
0
0
0
0
1
0
0
-3
-1
0
0
0
0
-1
-1
0
0
0
0
0
1
0
0
0
-2
0
2
1
-2
-1
0
1
1
-2
-1
1
3
1
0
0
3
4
1
0
-2
0
2
-1
-3
-4
0
1
0
-1
-3
0
2
1
1
-4
-1
1
2
1
-2
-2
0
2
0
-2
-1
0
3
2
-1
0
0
1
1
0
0
-1
1
2
0
-3
-2
1
2
1
0
-1
-1
0
1
1
1
-1
-2
0
0
-2
-1
0
0
0
0
-3
-2
0
1
2
0
-1
0
3
3
4
3
1
2
0
0
-1
-2
0
-1
-1
0
-2
-1
0
0
0
0
0
1
0
0
0
0
-2
-2
0
-1
0
1
-1
-1
0
0
0
0
0
0
0
0
-1
1
2
4
0
-2
2
3
2
-1
-6
-5
0
6
4
0
-1
0
3
0
-2
-5
0
2
0
-2
-5
-2
2
2
-1
-1
0
1
3
0
-4
0
0
3
5
0
1
0
0
-6
-13
0
4
7
6
0
-3
0
4
2
2
1
1
2
2
2
0
0
-2
0
3
-1
-3
-3
-2
-1
-1
0
-3
-4
-1
0
-1
-3
-3
0
2
0
0
1
-1
-2
2
2
1
1
3
4
5
4
0
0
1
3
3
0
0
0
2
2
1
-1
-3
-1
0
-1
0
-1
0
1
0
0
-4
-4
-3
0
0
-2
-3
-1
0
1
0
-3
-3
-1
3
2
0
1
0
2
3
2
2
0
1
1
0
0
0
1
0
0
0
0
0
0
0
-1
-1
-2
-1
-1
0
0
0
0
-2
-2
0
0
-2
-5
-2
2
3
0
-3
-4
0
6
4
-4
-5
0
7
5
1
-2
-2
1
7
6
-4
-8
0
8
6
-2
-9
-5
3
7
0
-7
-5
2
5
1
-4
-5
0
2
2
0
-4
-1
1
2
0
-3
0
2
4
2
-2
-2
0
5
1
-4
-6
2
5
4
-1
-6
0
6
4
-3
-7
-2
5
5
0
-7
-2
4
2
-4
-6
0
5
3
-3
-4
2
6
0
-5
-4
3
6
1
-8
-7
1
11
5
-9
-8
4
13
5
-8
-10
2
13
6
-9
-12
0
14
6
-8
-13
0
9
6
-7
-12
0
8
5
-4
-9
0
9
8
0
-8
-2
6
7
-2
-10
-6
3
10
1
-7
-7
0
10
9
-2
-10
-6
5
10
1
-10
-8
3
12
7
-7
-12
0
12
10
-3
-13
-7
5
7
0
-7
-7
2
8
3
-1
-3
0
4
4
0
-3
-4
-1
2
1
-2
-5
-3
2
4
0
-1
-2
1
3
4
0
0
1
0
0
0
-1
0
-1
-1
1
0
0
-2
-1
1
3
1
-2
-3
0
4
3
-1
-4
-3
2
4
0
-4
-2
4
4
0
0
-2
0
1
1
0
-2
-1
0
0
0
-2
0
0
0
1
0
-1
0
0
2
4
0
0
-1
1
2
0
0
-1
0
0
0
0
-3
-2
0
0
0
0
0
-2
0
2
1
-1
-2
0
2
3
0
-1
0
1
1
1
0
-1
2
3
0
-1
0
0
-1
-2
-1
0
0
-1
-1
0
2
0
0
1
2
2
1
0
1
1
1
0
-1
-1
0
0
-1
-4
-3
-2
0
-2
-2
0
1
2
1
0
0
2
2
0
0
0
2
2
0
-2
0
1
0
0
0
-2
-1
0
-1
0
0
1
3
1
0
1
0
0
0
-3
0
0
1
1
0
1
1
0
-2
-1
0
0
0
0
-1
0
2
1
0
0
1
0
-2
-1
0
0
1
0
0
0
0
0
0
-1
-1
0
0
-1
-2
0
2
1
0
0
0
0
-3
-3
0
1
2
-1
-1
2
6
4
0
-2
-1
4
1
-4
-6
-3
2
5
1
-1
0
4
3
-1
-4
-5
-5
-1
-3
-2
0
1
5
10
6
2
0
0
0
-4
-2
-4
-5
-5
-1
0
-1
0
1
0
2
1
2
0
0
4
1
0
0
1
1
0
0
-2
0
0
0
-2
-2
0
0
0
1
1
-1
0
1
2
0
-1
-1
-3
-2
-2
0
0
-1
-1
-1
0
0
1
1
3
3
0
0
0
0
0
0
-1
0
0
-1
0
2
5
7
2
0
0
1
0
-2
-1
0
0
0
-1
-2
-1
-1
-2
-3
-1
0
0
-1
-2
-2
0
2
0
-1
-3
-1
-2
-3
-1
0
0
2
2
1
4
3
1
0
0
0
-1
0
0
3
3
3
2
3
3
0
-1
-3
-2
0
3
5
2
1
0
-6
-9
-10
-9
-4
-1
2
4
6
5
5
4
2
2
0
-5
-5
-8
-8
-4
0
4
7
8
10
10
8
3
0
-5
-10
-14
-13
-7
-4
0
7
13
14
10
7
2
-1
-5
-8
-9
-7
-4
-2
-2
-3
-3
-2
0
1
4
5
5
4
1
1
0
0
-1
-1
-5
-5
-1
1
8
9
6
2
2
2
0
1
-1
-7
-13
-14
-10
-3
0
1
0
-1
-1
1
3
6
7
4
1
3
5
9
10
7
3
-2
-8
-8
-3
0
1
0
-3
-4
-2
-2
-3
-2
-2
-3
-3
-8
-7
0
5
5
0
-3
-1
5
7
5
3
2
2
2
2
0
1
3
1
0
-3
-4
-1
3
1
0
0
0
0
-4
-8
-5
-3
1
3
1
0
-2
-2
0
4
5
2
-2
-6
-7
-4
2
6
5
0
-2
-2
0
7
11
9
3
-2
-7
-6
-4
-3
-1
0
-2
-3
-2
0
2
4
5
3
-1
-5
-5
-1
0
0
-1
-1
1
2
3
3
1
1
2
2
3
1
-4
-5
-4
-2
-1
0
1
0
-1
0
-1
0
-1
0
2
1
1
1
-1
-2
-3
-4
-1
5
5
7
5
0
-4
-11
-11
-6
2
3
8
8
3
4
0
0
0
-2
0
-1
-5
-5
-4
-5
-1
3
4
4
3
4
0
-3
-2
0
1
1
1
-1
-3
-3
-4
-2
0
0
1
4
2
0
0
2
0
-1
-2
-1
1
1
2
0
0
0
-2
0
0
1
2
0
-1
-3
-2
0
0
0
1
2
0
-2
-1
0
2
1
0
-1
-1
-1
1
1
2
1
0
0
-3
-3
-2
0
1
2
-1
-1
2
1
1
-1
0
1
1
2
1
-2
-2
-1
-1
-1
0
1
3
3
0
-1
-3
-4
-3
-1
0
0
2
5
4
5
2
0
0
-2
-5
-4
-5
-4
0
1
2
4
5
5
5
0
-2
-3
-3
-4
-1
-1
0
2
2
1
0
0
-1
-1
-3
-4
-3
-1
-1
0
0
3
6
5
3
1
0
0
-1
-2
-2
-3
-1
0
0
1
0
2
3
-1
-2
-2
-1
0
0
-1
0
1
0
1
-2
-2
0
0
2
0
2
0
0
-1
-1
1
0
2
1
0
0
-3
0
4
2
0
0
-3
-1
1
0
-1
-3
-2
0
3
1
-1
0
-1
0
1
0
-3
-2
1
3
1
0
1
0
-2
0
0
0
-1
0
0
2
2
1
1
3
4
0
-1
0
-1
0
0
-5
-3
4
0
0
1
1
0
-1
0
-2
-2
-1
-1
0
0
0
1
2
1
1
2
0
-1
-2
-2
-1
-1
0
0
3
1
0
0
-1
0
0
0
0
1
0
0
0
0
0
0
0
-2
0
-1
0
1
0
0
1
0
-1
-2
-1
0
0
0
1
1
0
0
0
0
-2
-4
-2
-1
0
1
1
3
6
5
4
5
1
1
0
-2
0
0
-1
0
0
-1
0
-1
0
0
0
0
0
0
0
0
-2
-1
-3
-3
-2
-4
-2
-3
-3
-3
-3
-1
0
1
1
2
2
1
3
1
-1
1
1
2
3
2
1
3
4
2
2
1
1
0
-1
0
1
2
0
-1
-1
-2
-2
-2
-4
-4
-1
-2
0
0
0
0
0
-1
-2
0
0
0
0
0
0
1
0
0
2
4
4
2
1
0
0
-1
1
3
2
2
1
0
0
0
-2
-2
-2
-3
-1
-1
0
0
0
0
-1
0
1
1
-1
0
0
0
0
-2
-2
0
0
1
1
1
0
0
0
-1
0
0
0
1
0
0
0
1
2
3
3
1
1
0
-1
-1
0
0
0
0
-1
-1
-3
0
1
0
-1
-2
0
-1
-2
-2
-1
0
2
3
2
2
1
0
-1
-1
-2
0
2
2
0
0
1
0
-2
-2
-3
0
0
0
-2
0
-1
-1
0
1
0
0
0
-1
0
0
0
1
2
1
0
0
-1
-1
0
0
0
0
0
0
0
0
1
3
2
0
0
0
0
0
0
0
0
-2
0
-1
-3
-2
0
0
2
0
0
0
0
0
1
0
1
1
0
0
0
-2
0
0
0
2
2
0
0
0
0
0
-1
-2
0
0
0
0
0
-1
0
1
1
0
0
0
-2
0
2
0
0
2
1
0
1
0
-1
-3
0
0
1
1
0
-1
0
-2
-2
1
0
0
0
0
1
0
-2
-1
-1
-1
1
1
0
0
2
0
-2
0
0
0
0
0
0
-1
-1
1
-1
0
1
3
4
3
2
0
0
0
-1
-2
0
0
0
0
-2
-2
0
0
0
-1
0
-2
-2
0
0
1
3
0
0
1
-1
-1
-1
0
0
0
0
0
0
0
0
-1
-1
-1
-1
0
1
-2
0
1
1
1
0
1
2
1
0
0
-1
0
1
1
0
0
0
-1
0
0
0
0
0
0
0
0
0
0
0
-1
0
0
-1
-2
-1
-3
0
0
2
2
0
2
2
0
1
0
-1
-1
-2
0
0
0
0
1
2
2
2
1
0
1
0
1
0
0
-1
-2
0
0
0
0
0
0
-1
-1
0
-1
1
0
0
2
0
0
0
0
-1
-1
0
1
0
0
0
-2
-3
-1
-3
0
0
0
3
2
2
1
0
1
0
0
0
-2
0
0
0
0
0
-1
0
1
-1
-1
-1
0
0
0
0
-1
0
-1
0
0
3
4
1
-6
-4
0
1
2
2
0
-2
0
1
-1
1
2
0
-1
0
-2
0
0
-1
1
3
-1
-1
-3
-3
1
1
0
0
2
0
0
0
0
0
0
0
0
0
0
0
1
0
0
1
0
-1
1
0
0
0
0
1
-1
-2
-1
2
0
0
0
-2
-2
-1
0
0
0
0
0
0
1
2
1
1
3
1
-1
-2
0
1
0
-1
-3
-1
0
0
0
1
-1
-2
0
-1
-1
-1
0
2
3
1
-1
0
2
1
0
-1
0
1
3
1
0
-1
-2
0
-1
-1
-1
0
0
0
1
0
0
0
0
0
-1
-1
0
0
0
0
0
-2
0
0
0
0
0
1
0
1
2
0
-1
0
-1
-2
-2
-2
-1
0
0
0
2
3
1
1
1
1
0
0
0
0
0
0
-1
-1
0
0
1
1
0
-1
0
0
0
0
0
0
0
0
-1
0
1
-1
2
2
1
0
0
0
0
-1
-3
0
0
1
0
0
-2
-2
0
-1
0
0
0
0
1
0
0
0
1
1
0
-2
0
2
0
0
-1
0
-1
0
0
1
0
0
1
0
0
0
1
2
0
-1
-1
-2
0
0
-1
0
-1
0
0
1
1
1
1
0
0
0
0
0
0
0
0
0
-1
0
0
-1
0
1
0
0
0
0
0
2
0
0
0
0
1
0
-2
-1
0
0
0
0
0
1
1
1
2
2
0
-1
-3
-3
-2
0
0
0
0
1
1
1
0
0
0
0
0
0
2
0
0
-1
0
0
1
1
0
0
0
-2
0
0
0
0
1
0
0
0
0
0
-2
-3
-1
-2
0
2
1
1
0
0
-2
-1
0
1
-1
-1
0
0
-1
0
2
3
3
2
1
0
-1
-2
0
0
0
0
0
0
0
0
-1
1
1
-1
0
0
0
0
-1
0
0
0
1
-1
-1
0
1
0
-1
-1
0
-1
0
0
0
0
1
1
0
1
-1
-1
0
0
0
0
0
0
0
0
0
1
0
0
0
1
1
0
0
2
0
-2
-1
0
0
1
0
0
0
0
-1
0
1
0
0
0
0
-1
0
0
0
1
1
0
0
-1
0
2
0
0
0
0
0
2
0
0
0
0
-1
0
0
0
1
1
1
1
0
-1
0
0
1
1
2
0
0
0
0
1
0
0
1
0
0
0
-1
-2
-2
0
0
0
0
0
0
-1
0
-1
-1
0
0
0
0
0
0
0
0
0
0
0
1
0
0
0
0
1
1
0
0
0
0
0
1
0
0
-2
-1
0
0
1
0
-1
-1
-1
-1
-1
0
0
0
0
2
2
0
0
-1
-3
-2
2
0
1
0
0
0
0
1
2
1
0
-1
0
0
0
1
0
-1
-2
0
0
-1
0
0
-3
0
1
0
0
-1
1
0
-1
0
0
0
0
3
2
1
1
1
2
1
0
0
1
0
0
0
0
0
1
0
0
2
-1
-1
0
-1
-1
-1
0
-1
-1
-1
-1
-4
-2
-2
-1
-2
-3
-1
0
-2
-1
0
-1
0
1
0
2
1
0
0
1
0
1
3
3
2
2
3
3
0
0
2
1
1
2
2
0
0
0
-2
-2
0
-1
0
0
-1
-1
-1
-1
-2
-2
-1
0
-2
-1
-1
1
0
0
0
0
0
0
0
0
0
0
2
2
1
0
0
0
0
1
-1
1
1
1
0
0
1
1
0
0
-2
-1
0
-2
-2
-1
-1
0
-1
0
1
0
1
0
0
0
0
1
1
-3
-2
-1
2
2
0
-2
-1
2
1
2
2
0
-1
0
0
0
0
0
-3
0
0
1
0
1
2
-1
0
0
0
1
2
-2
1
0
0
-2
-3
-1
0
0
0
0
0
0
0
0
0
-1
1
1
0
0
-1
0
0
1
0
-1
1
0
0
1
0
0
-1
-2
2
3
0
0
-3
0
0
0
0
0
1
0
-1
0
1
1
0
0
0
-2
0
0
-1
0
-1
-1
0
1
3
0
0
1
-1
0
0
0
0
-2
0
0
0
-1
0
0
-1
0
0
2
0
-1
1
1
0
0
0
1
-1
0
0
0
0
0
0
-1
-1
0
1
0
0
0
0
1
2
0
-1
0
0
1
0
-1
1
1
-1
-1
0
2
0
-2
0
0
0
0
-1
-1
0
-2
0
0
0
0
0
0
0
-1
0
1
0
1
2
0
1
0
0
0
0
0
0
-1
-1
0
0
0
0
0
-1
0
1
1
1
0
-1
0
0
0
0
-2
0
2
0
0
-2
0
0
0
1
0
0
1
-1
0
0
-1
0
-1
0
2
0
0
-1
-1
0
0
0
2
-2
0
2
-1
0
1
0
0
0
1
0
-1
0
0
-1
1
-1
-1
0
-1
1
0
0
0
-2
1
0
0
0
-1
1
2
0
0
1
-1
0
0
0
1
0
0
0
0
0
0
0
-1
0
0
-1
-1
1
0
1
0
-1
0
-1
-1
0
2
0
0
1
-1
0
0
0
0
-1
0
0
-1
0
2
0
1
0
-1
0
0
2
0
0
2
0
0
0
-1
0
1
2
0
0
0
0
-1
0
0
0
-1
0
-2
-1
0
-1
-1
0
-1
-1
0
0
0
1
0
1
0
1
2
1
0
1
0
-1
0
-1
1
1
0
1
0
0
0
0
1
0
0
0
-2
-1
0
1
0
0
-1
0
1
0
0
0
-1
0
-1
-1
0
1
0
0
0
0
0
0
0
0
0
0
0
0
0
1
2
0
1
0
0
0
0
0
0
0
0
-1
0
-1
-2
0
0
0
-1
0
0
0
0
0
-1
0
0
0
0
0
0
1
0
0
1
0
0
0
1
3
-1
-1
0
0
1
0
0
2
0
-2
-1
-1
0
1
0
-1
1
0
-1
0
0
0
1
0
1
0
0
0
0
0
0
-1
-1
1
1
-1
-3
-2
1
3
-1
-1
-3
-1
6
4
-1
1
1
3
0
-3
0
3
4
1
-1
1
-1
-3
-4
-3
-1
-3
-1
0
-1
-2
-1
-1
-1
-1
-1
-2
0
0
0
0
1
2
1
1
2
0
0
0
4
3
0
0
0
3
2
2
1
0
2
0
-2
-4
-2
3
4
0
-3
-2
0
1
1
-3
-1
2
2
-1
0
0
-2
0
-2
-3
0
0
2
0
-2
0
0
0
0
0
0
0
0
0
-1
0
1
0
1
0
0
2
0
-2
-1
0
-1
1
1
0
0
0
0
1
2
-1
-2
1
-1
1
3
0
0
-1
0
1
0
0
0
0
0
0
-1
0
-1
-1
0
-1
0
0
0
0
0
0
0
0
0
1
1
0
1
0
0
0
0
0
-1
0
1
1
0
-2
0
-1
-1
0
0
1
0
0
0
0
0
0
1
0
-1
0
0
0
0
0
0
0
0
-1
1
-1
0
0
0
0
-1
0
-1
0
1
-2
0
1
0
0
0
0
1
1
-2
-1
2
1
0
-2
0
0
-1
1
0
0
0
-1
0
1
0
1
0
0
0
0
1
0
0
0
-2
0
1
0
0
1
-3
-1
0
0
0
0
0
0
0
0
0
-1
0
0
0
0
1
0
0
1
0
0
1
1
0
0
1
1
0
-1
0
-1
0
0
0
0
0
0
0
1
1
-1
0
0
-2
-1
-1
0
1
0
0
1
-1
0
1
0
0
0
0
0
0
1
0
0
-1
1
0
0
-1
1
0
-2
1
1
0
0
0
0
1
-1
-1
0
-1
0
0
0
1
-1
0
0
0
1
0
0
0
0
0
0
0
0
1
1
1
0
0
-1
-1
0
1
0
0
1
0
1
0
0
0
-1
0
-1
0
0
0
-1
0
0
0
1
0
0
0
0
0
0
0
1
1
0
0
0
-1
-1
0
0
0
2
1
0
0
2
0
-2
0
-1
0
0
-2
0
0
1
0
-1
0
0
0
1
2
-1
0
0
0
-1
-1
0
1
0
-1
0
1
0
1
0
0
0
-1
0
0
0
0
-1
0
0
0
1
0
0
1
0
-1
0
0
1
1
2
1
0
1
0
-1
0
3
2
0
0
-5
-3
-1
0
-1
-1
2
0
1
1
4
3
0
-2
-1
-2
3
2
-5
1
0
0
0
0
-1
-4
-2
2
2
0
-2
-1
2
2
0
-2
0
0
0
1
-1
-2
-1
-1
-1
-1
2
0
-2
0
0
0
0
2
0
0
0
0
2
2
1
1
1
1
0
0
-1
0
0
0
-1
-1
-3
-1
0
0
1
-1
0
0
1
0
0
0
0
0
0
-2
0
0
0
3
0
0
0
-1
0
0
-1
1
0
1
1
0
0
1
1
1
0
0
-1
1
0
0
0
-3
-3
-1
0
0
0
-2
-1
0
-2
1
2
0
-1
0
2
-1
0
0
0
1
0
1
1
1
3
2
0
0
1
1
-1
1
4
0
-1
0
-1
0
0
0
0
0
1
-3
-1
-1
-2
-1
0
1
-1
0
-2
-4
-2
-1
-3
0
0
0
2
0
-1
0
0
2
0
-2
3
7
2
2
0
-1
0
0
0
0
2
3
2
0
0
0
0
0
0
0
-3
-1
-3
-2
0
-1
1
0
-2
-1
0
0
0
0
0
2
0
0
0
0
-1
0
0
0
0
1
0
0
0
-1
0
0
0
1
1
1
1
2
0
0
0
-1
0
0
0
0
-1
-1
0
0
0
-1
0
-1
-1
0
1
0
1
0
-2
0
0
0
0
0
0
0
1
1
0
0
1
0
1
1
0
0
-1
0
0
0
0
0
0
-1
1
0
0
-1
0
0
-1
0
0
0
0
0
0
0
0
0
1
-1
0
1
1
0
0
2
0
0
1
0
0
0
0
0
0
0
0
0
-3
0
1
-1
0
-1
0
0
0
0
0
1
0
-2
0
1
3
1
-1
-4
-2
3
4
-1
-4
2
1
-1
1
1
0
1
0
0
0
0
0
-1
0
1
0
-2
0
1
0
-1
0
-1
0
0
-2
1
1
-1
0
-2
0
1
1
0
0
0
0
2
3
0
0
-1
-2
-1
0
1
0
0
1
3
2
0
0
-1
0
0
0
0
0
-1
1
0
0
1
0
-2
0
0
0
0
0
0
0
0
0
0
-1
-1
0
0
-1
3
0
-1
0
-2
0
0
0
0
0
0
0
2
1
1
1
0
0
0
-2
-1
0
-1
0
0
0
0
0
0
0
1
0
0
0
0
0
0
0
-1
0
0
-1
0
-1
0
0
0
1
0
0
1
2
0
0
2
0
0
0
0
2
0
0
0
-1
-1
0
0
0
0
-1
0
0
-1
1
-2
0
0
1
2
1
0
-1
0
0
0
0
-2
-1
0
0
0
1
0
0
0
3
0
0
0
-1
1
0
0
0
0
0
0
0
0
0
0
2
0
0
-1
0
0
0
0
-1
-2
0
0
0
0
-1
-1
0
0
0
0
0
0
0
1
0
0
2
2
0
1
1
1
1
0
0
0
0
0
0
-1
0
0
0
0
0
0
0
0
-1
0
-1
0
0
0
0
0
0
0
0
0
0
0
0
0
0
0
1
0
0
0
0
0
0
0
0
0
0
0
0
0
0
0
0
0
0
0
0
0
0
0
0
0
0
0
0
0
0
0
0
0
0
0
0
0
0
0
0
1
0
1
0
0
0
0
0
0
0
1
0
1
0
1
0
-1
0
0
-1
0
0
0
0
0
0
0
0
0
-1
0
0
0
0
0
0
0
1
0
0
0
0
0
0
0
0
0
0
1
0
0
0
0
0
0
0
0
0
0
0
0
-1
0
0
0
0
0
0
0
0
0
0
0
0
0
0
0
0
0
0
0
-1
0
0
0
0
0
0
0
0
0
0
-1
0
0
0
0
0
0
0
0
0
0
-1
0
0
0
0
0
0
1
0
0
0
0
-1
0
-1
0
0
0
0
0
0
0
0
-1
0
0
0
0
0
0
0
1
0
0
0
0
0
0
0
0
0
0
-1
0
0
0
0
0
0
0
0
-1
0
0
0
0
0
0
0
0
0
0
0
0
0
0
0
0
0
-1
1
0
0
1
0
0
0
-1
-1
0
-1
0
0
0
0
0
0
0
0
0
0
0
0
0
0
-1
0
0
0
0
1
1
0
0
0
0
-1
-1
0
0
0
1
1
1
1
0
0
-1
-1
-1
0
0
1
1
0
0
0
0
0
-1
0
0
0
1
0
0
0
-1
-1
0
0
0
1
1
1
1
0
0
0
0
0
0
0
0
1
0
0
0
0
0
0
-1
0
0
0
0
0
0
0
1
0
1
1
0
0
0
-1
-1
-1
-1
0
0
1
0
0
2
0
0
0
0
0
-1
0
0
0
0
0
0
0
0
0
0
0
0
-1
0
0
1
1
1
0
0
0
0
0
-1
0
0
0
0
0
0
0
1
1
1
-1
0
0
-2
1
1
0
-1
0
0
0
0
-2
-2
2
0
0
-1
-1
0
-2
0
0
1
0
0
1
2
0
0
0
1
0
0
0
0
0
0
1
2
0
-1
0
-1
0
1
-1
-1
-1
-2
1
0
0
0
1
2
0
1
0
0
1
0
0
-1
-2
0
-1
0
0
-2
0
0
-2
1
0
0
1
2
0
0
0
0
2
0
0
0
2
1
0
1
0
1
2
0
0
-1
1
1
0
-1
-1
-1
0
-2
-1
0
0
0
-1
0
1
0
-1
0
-1
0
0
0
0
0
0
1
-1
0
0
0
2
1
0
0
1
1
0
1
-1
0
1
1
0
0
0
0
-1
1
1
-1
0
1
-1
-1
0
0
-2
0
0
0
0
0
3
0
-1
0
-2
3
0
0
1
0
0
-1
0
0
-1
0
0
0
0
0
0
0
0
0
1
1
0
1
0
0
0
0
1
-1
0
-1
0
2
0
-2
0
1
0
0
0
0
0
0
0
0
0
0
1
1
0
0
0
0
1
-2
0
0
0
0
1
0
0
0
0
2
0
-1
0
1
0
-3
-1
0
-1
-1
0
0
-1
0
2
0
-2
0
0
0
0
0
0
0
1
1
0
0
0
1
0
0
-1
1
0
0
0
-2
0
1
0
-1
0
0
-1
0
2
0
-1
-2
0
0
0
0
0
0
0
1
0
-1
0
0
-1
-2
0
1
1
0
0
0
0
0
0
0
-1
-1
0
0
0
0
0
0
1
0
-1
0
0
0
0
0
0
0
1
0
-2
0
1
-1
0
2
0
0
1
1
0
-1
0
0
-1
1
1
0
1
1
0
0
0
-1
0
1
0
-2
0
0
-1
-1
0
0
0
0
-2
0
1
0
0
0
0
1
1
2
0
1
0
1
0
0
1
0
-2
0
0
-1
-1
0
-1
-2
-1
0
-2
-1
0
0
0
1
0
1
1
0
0
0
0
0
0
2
1
0
0
0
0
-1
-1
0
0
0
0
0
0
0
0
0
1
0
-1
-1
0
0
0
0
1
1
-1
-1
0
-1
-2
0
0
0
0
0
0
0
0
1
1
0
-1
1
0
1
1
0
3
2
0
1
2
2
-1
-2
0
-1
-1
-2
-1
0
0
0
-2
-1
0
-3
-1
0
0
0
0
1
1
0
0
1
0
1
0
-1
1
0
0
0
0
0
-1
0
0
0
0
0
0
-1
-1
0
0
1
0
-1
1
0
0
0
0
0
0
-1
2
0
-1
1
0
0
0
0
0
0
-2
-1
0
0
1
0
0
0
2
0
0
1
0
0
0
1
0
0
0
0
0
0
0
0
0
0
0
0
0
0
0
0
0
-1
0
-1
-1
0
-3
-2
0
1
0
0
1
1
0
-1
0
-1
-3
0
3
0
0
2
2
0
0
0
0
0
-1
0
0
1
0
0
0
0
2
1
0
0
0
0
0
-1
-2
0
0
1
0
-1
1
0
-1
0
0
0
-1
-1
0
2
2
0
0
0
0
1
1
1
-1
-1
0
-2
0
0
-1
0
0
0
-1
0
0
0
2
0
-1
0
0
0
0
1
1
-1
1
1
0
0
0
1
0
-1
0
0
0
0
0
-1
0
3
0
-1
0
0
0
0
0
0
0
0
-2
-2
-1
-1
0
0
0
0
0
3
-1
-1
0
-1
0
0
0
-1
0
1
0
0
-1
0
3
-1
-1
0
-3
0
1
0
2
0
0
0
0
0
0
0
-1
0
2
0
0
-2
-1
0
3
2
0
0
-1
-1
2
0
-1
-1
0
0
-1
0
0
0
0
0
1
1
1
1
1
0
0
-1
2
0
0
1
0
0
-2
-1
0
0
0
0
0
-1
1
1
1
0
-1
0
-1
0
0
0
0
0
0
1
1
0
3
3
0
1
1
0
0
1
1
1
2
0
0
1
-1
-1
-1
-2
-1
-3
-5
-2
-2
-3
-3
-4
-3
-2
-4
-2
-1
0
1
0
1
0
0
2
1
1
2
2
3
4
5
6
4
3
3
1
5
4
0
2
0
1
0
1
1
0
2
0
-2
-2
-2
-3
-4
-3
-1
-1
-3
-2
0
-2
-5
-4
-2
-2
-3
-2
0
0
-1
0
1
1
1
1
0
2
1
2
3
2
1
3
1
0
1
0
1
0
0
2
1
0
-1
0
0
-1
-1
0
-1
-1
0
0
-1
-3
-1
0
1
-1
-1
0
0
-3
-2
0
2
2
1
1
0
1
0
0
1
2
2
1
2
2
0
-1
-1
0
0
0
-1
0
0
-2
0
-1
0
-1
0
0
-3
0
1
-1
0
1
0
0
0
0
0
0
0
0
0
1
1
1
0
0
0
-1
0
0
0
0
-1
1
0
-1
-2
0
0
0
0
0
0
0
-2
0
0
-1
0
0
1
0
-1
-1
0
0
0
0
1
-1
2
2
0
0
-1
-1
2
1
0
0
0
0
-1
0
0
-1
-1
0
1
0
0
1
1
0
0
0
0
1
0
-1
0
1
-1
-1
0
-1
0
0
-1
0
0
0
-1
0
0
0
0
-1
0
0
0
1
0
1
1
1
1
0
2
0
0
2
-2
0
1
0
1
0
0
0
-1
0
-1
-2
0
1
-1
0
0
0
0
0
0
0
0
0
1
0
1
0
-1
0
-1
0
2
1
0
0
1
0
0
0
0
0
0
0
0
0
0
0
0
0
0
0
0
-1
-1
0
1
0
0
0
0
1
0
0
0
0
-1
-1
0
0
-3
0
0
2
2
-1
0
1
0
0
0
0
0
1
0
0
0
-1
-1
0
1
0
-1
-1
0
2
0
-1
0
0
0
1
0
0
0
0
0
-1
0
1
0
0
-1
-1
0
0
0
0
1
0
0
-1
0
1
0
0
0
0
0
0
0
0
-1
-1
0
0
0
0
2
0
0
-1
0
0
0
0
0
0
0
0
0
0
0
0
0
0
2
1
0
-1
0
-1
0
0
-1
2
0
0
1
1
1
-1
-2
0
1
0
-1
0
0
0
-2
0
1
1
0
0
0
0
-1
-1
0
0
-1
0
0
1
1
0
0
-1
0
0
0
2
0
0
0
0
3
1
0
0
-1
0
0
0
0
0
1
0
0
0
-1
-2
-1
0
0
-1
0
-1
1
1
0
-3
-2
0
-1
0
0
0
3
2
1
0
0
3
1
0
1
0
0
0
0
0
0
-1
-2
0
-2
-2
0
1
0
0
0
-1
0
0
0
1
0
0
0
0
0
2
0
1
1
0
0
0
0
0
0
-2
-1
0
-1
0
-1
0
-2
1
0
0
2
0
1
0
-1
0
0
0
2
1
0
2
1
0
-1
0
-2
-1
0
0
-1
0
1
0
2
0
0
-1
-1
-1
-1
0
-1
-2
0
0
1
2
0
0
1
0
0
0
0
0
0
0
0
0
1
0
0
0
1
0
0
2
-2
0
0
-2
0
-2
0
0
0
0
0
0
0
0
0
1
1
0
1
0
0
0
0
0
0
0
-1
0
-1
0
0
0
0
0
0
0
0
0
1
0
0
0
0
0
0
0
0
0
-1
-1
-1
0
0
0
-1
0
1
1
0
1
1
0
0
0
0
0
0
0
0
0
0
1
0
-1
-1
-1
-1
0
1
0
0
0
0
0
0
0
0
0
0
0
0
0
0
0
0
0
-1
0
-1
-1
1
0
-1
0
0
0
0
-2
0
0
2
1
0
3
0
0
0
-1
1
0
1
0
0
2
1
0
-1
0
0
-1
-1
-2
0
0
0
-1
-1
0
0
1
0
1
0
0
1
-2
0
2
0
1
-2
0
2
0
0
1
-1
0
0
-1
1
1
0
0
0
-1
0
0
0
0
0
1
0
0
0
-1
-1
0
-1
0
0
0
0
-1
0
0
0
0
0
0
0
0
0
0
0
1
0
0
1
0
2
0
-2
0
0
0
0
-1
-1
-1
0
1
0
0
0
-1
0
1
0
0
0
-2
0
1
0
-1
0
1
-1
0
2
2
0
-2
-1
1
2
0
0
1
0
0
0
0
0
-1
-2
-2
2
1
1
0
-2
0
1
0
1
0
-1
-2
0
0
0
-1
0
1
1
0
1
-1
0
0
-1
0
0
-1
0
2
-1
1
2
1
-1
-1
0
-1
0
-1
0
1
0
1
0
0
2
1
-1
0
0
0
0
0
0
0
-1
1
0
-1
0
0
0
1
1
0
0
-1
-1
-1
1
1
-2
-2
0
0
0
0
0
0
0
0
0
0
-1
-1
1
0
0
0
1
1
1
0
1
0
0
0
0
1
0
0
0
0
1
0
0
-2
0
0
0
0
-1
0
0
1
0
-2
0
0
-1
0
0
0
0
0
0
0
0
0
0
-1
0
2
3
2
0
-2
0
0
1
1
0
0
1
0
0
0
-2
-1
0
1
0
-1
-1
0
0
-2
0
1
2
0
-2
0
0
0
-1
0
0
0
0
1
0
-1
0
1
2
1
0
0
2
1
1
-1
-2
-2
0
0
0
2
1
0
0
2
1
0
1
-3
-3
-2
0
0
0
0
0
-1
0
0
0
0
0
0
0
1
0
0
2
1
0
-1
0
0
0
0
0
0
1
0
2
0
0
0
-1
0
1
0
-1
0
0
0
0
0
0
-1
-1
0
-1
1
1
-1
0
0
1
0
-1
-2
-2
0
1
2
-1
-1
2
1
1
2
1
-1
-1
0
0
2
2
0
-2
1
2
0
0
0
0
-1
0
1
0
-2
-1
-2
0
1
0
-1
-2
0
0
0
0
1
1
1
0
0
0
1
0
0
0
1
0
-1
-1
0
1
0
0
0
2
0
-1
0
0
0
2
0
0
1
-2
-1
0
0
0
-1
1
0
0
1
1
0
-1
0
0
0
0
0
0
-1
-1
0
0
1
-2
-1
0
0
1
0
0
2
2
-1
0
1
0
1
0
1
0
0
-1
-1
1
1
-2
-2
-1
1
0
-1
0
0
-1
0
0
0
0
0
-2
0
2
0
-1
1
1
0
0
0
1
0
0
0
-1
0
0
-2
0
0
0
1
1
1
0
0
-1
0
0
0
0
0
0
0
-1
0
0
0
0
0
1
0
-1
0
0
1
0
0
-1
0
0
-1
0
0
0
0
0
0
2
0
-3
-2
0
2
2
3
1
1
0
-1
0
0
0
0
1
0
0
-1
-2
0
0
-2
-1
0
0
1
0
0
0
0
0
0
0
-1
0
1
1
2
0
-2
-1
-1
0
0
-1
2
0
0
1
1
1
0
0
1
0
-1
0
0
1
0
0
0
-1
0
0
-1
0
1
0
-1
-1
0
0
1
1
-1
0
-1
-1
2
1
1
0
0
1
0
0
0
0
0
-3
-2
0
0
1
-1
0
1
0
0
0
0
0
0
1
0
0
0
-1
-1
0
0
0
-2
-2
0
0
1
-1
0
1
0
1
0
1
0
0
0
0
0
0
-1
-1
-1
-2
0
0
0
2
1
0
2
0
-1
0
0
0
0
0
-2
-1
2
2
0
0
1
0
0
0
0
0
-1
0
0
0
1
0
0
0
0
-1
0
0
0
0
0
0
0
0
0
0
0
-2
-1
0
0
0
-1
-1
0
1
0
0
0
2
2
0
0
0
-1
-1
0
0
0
0
0
-1
1
1
0
0
-1
0
2
0
0
0
0
1
1
1
0
0
1
0
0
-1
0
-1
-3
-2
-1
1
1
0
0
0
0
0
-1
0
0
-1
-1
0
1
0
0
0
0
-1
0
-1
1
0
1
1
0
0
0
0
0
0
0
0
0
0
-1
0
0
0
0
0
1
-1
0
0
-1
-1
0
-1
0
1
-1
0
0
0
0
1
0
0
1
1
1
0
1
1
0
0
-1
0
0
-1
0
-2
-2
1
0
0
0
0
0
2
2
-1
0
1
0
0
0
0
0
-1
0
0
0
-1
-1
0
0
0
0
0
1
0
1
1
0
1
2
0
0
0
0
-1
-1
0
0
0
0
0
0
-2
-1
0
0
0
0
0
1
1
-2
0
0
0
0
0
1
0
0
0
-1
-1
0
0
-1
-1
0
1
2
0
0
-1
0
1
0
-1
0
0
0
0
1
0
0
2
0
0
0
0
1
0
-1
0
0
-1
-3
-2
0
0
-2
-1
-1
0
0
0
0
0
0
0
0
1
0
0
0
0
2
0
0
0
-1
0
0
0
0
0
0
0
1
1
0
-1
0
0
0
0
-1
0
0
1
0
0
1
1
0
0
-1
0
0
-1
0
-1
-1
-1
0
0
1
1
1
1
0
0
0
0
-2
-1
0
0
0
0
0
1
1
1
0
0
1
-1
-1
0
-1
0
0
0
-1
0
0
0
0
0
0
0
0
0
0
0
0
0
0
0
0
0
0
0
0
0
0
0
0
0
1
0
0
0
0
0
1
1
0
0
0
2
0
-1
0
0
1
0
0
0
0
0
0
-1
-1
0
0
1
1
0
1
1
0
1
1
0
-1
1
0
-1
0
0
-1
-1
1
-1
-2
2
0
0
0
0
0
0
0
0
0
0
0
1
-1
0
0
-1
-2
0
0
-2
-1
0
0
1
0
1
0
1
4
1
0
1
1
1
0
0
-1
-1
-1
0
0
-1
0
0
-1
-2
0
-2
0
0
0
2
2
0
0
1
0
0
0
1
0
1
0
-2
0
0
-1
0
0
1
2
1
0
0
0
0
1
0
-1
0
0
0
0
-2
-1
0
0
0
0
0
0
0
0
1
1
1
0
0
0
1
-1
-1
0
0
0
0
-1
0
0
1
0
0
0
1
0
0
0
0
0
1
0
1
0
0
0
0
0
0
1
0
-1
-1
0
0
0
0
-2
-2
0
0
0
0
-1
2
1
0
0
0
-1
0
0
0
1
1
0
2
2
0
1
-1
-2
2
0
0
0
-2
0
0
0
1
0
0
1
0
0
-1
0
0
1
0
0
0
-2
0
1
0
0
1
-1
0
0
0
-1
1
1
0
0
0
0
0
1
1
0
-1
0
-1
-1
0
1
0
0
1
0
0
0
0
0
1
0
0
0
0
0
0
0
-2
0
-1
0
1
0
1
-1
0
0
-1
-1
0
1
0
0
0
0
0
0
1
0
0
0
0
0
-1
0
0
0
0
0
0
0
0
0
0
0
0
0
0
1
0
0
-2
-1
0
0
0
0
0
0
0
0
0
1
0
0
0
0
0
0
0
0
0
0
0
0
0
0
0
0
0
0
1
1
1
1
1
-1
-1
1
0
-1
0
2
0
-1
-2
0
1
-1
0
0
-1
0
1
0
-1
-1
-1
1
1
0
0
-1
0
0
1
0
-1
0
0
0
0
0
0
0
0
0
0
0
1
0
1
0
0
0
0
1
0
-1
0
1
1
0
0
-1
-1
-2
0
0
-3
0
0
0
-2
0
0
0
0
0
0
0
0
0
0
0
-1
0
0
0
2
1
1
0
0
1
0
-3
-2
-1
0
1
1
1
0
0
0
0
0
0
0
0
0
1
0
-2
-2
0
0
0
1
0
0
0
1
0
0
-2
-2
-1
0
0
0
1
0
0
0
0
0
0
0
0
-1
-1
0
-1
1
0
0
0
0
0
0
-1
0
1
0
0
0
0
1
0
0
-1
0
0
0
0
0
0
0
-1
1
0
0
1
-1
0
0
-1
0
0
0
-1
0
0
0
-1
-1
0
0
0
0
0
2
1
0
0
0
0
0
0
0
0
0
0
0
0
0
-1
-1
2
0
0
0
0
0
0
0
0
-1
-1
0
0
0
-1
0
-1
-1
0
0
0
0
0
1
2
0
-1
0
0
0
1
0
-1
1
0
-1
-1
0
0
0
1
0
1
0
0
0
0
-1
0
0
0
0
0
0
0
0
-1
0
0
0
0
0
0
-1
0
-1
0
-1
0
0
0
0
1
0
0
1
1
2
1
0
1
0
0
1
1
0
0
0
-1
-1
-1
-2
-2
-1
0
0
0
-1
0
-1
0
1
0
0
1
0
1
1
0
0
0
0
0
0
-1
0
0
1
0
0
0
0
-2
0
1
0
-1
1
1
2
2
-1
0
-2
-1
1
1
0
-1
-1
0
-1
0
0
0
-1
0
2
1
2
1
1
2
4
2
0
-2
-1
0
0
0
0
0
0
-1
0
-1
-1
0
0
1
0
0
0
0
0
0
-1
-1
-1
0
0
0
1
2
0
0
0
0
0
-2
-2
0
1
1
1
1
0
1
1
-1
-1
-2
-2
0
0
0
0
1
0
-1
0
-1
0
0
0
1
2
2
1
1
4
4
3
2
2
4
3
2
0
-1
-2
-2
-3
-3
-6
-7
-7
-8
-9
-8
-6
-5
-4
-4
-3
-1
-1
3
3
5
9
8
7
8
8
7
8
5
6
5
2
1
1
0
-2
-3
-3
-2
-1
-1
-1
0
0
-1
-1
0
0
0
0
0
0
-3
-2
-6
-7
-8
-12
-10
-10
-11
-9
-6
-4
-3
-1
1
4
7
9
11
13
11
10
13
14
14
15
12
10
8
8
5
1
0
-5
-10
-13
-15
-18
-14
-14
-15
-15
-13
-11
-8
-6
-3
-2
0
3
4
7
8
8
10
9
10
10
9
8
4
3
1
-2
-3
-4
-4
-6
-7
-5
-4
-2
-1
0
1
4
5
6
9
10
10
11
12
11
12
14
11
10
9
5
0
-1
-8
-11
-14
-21
-23
-28
-29
-27
-28
-24
-19
-16
-12
-5
1
6
12
19
24
28
32
32
34
33
31
27
20
18
13
8
2
-4
-12
-19
-23
-26
-29
-31
-30
-29
-31
-26
-21
-17
-13
-4
2
5
11
15
18
23
26
25
25
24
21
17
14
9
3
0
-4
-9
-14
-18
-20
-21
-21
-19
-16
-15
-12
-6
-5
0
1
6
10
11
15
15
17
15
16
16
12
11
6
3
1
-2
-2
-6
-10
-10
-13
-13
-11
-13
-14
-10
-9
-7
-6
-3
0
1
4
5
6
6
6
5
4
6
5
5
2
3
2
1
2
1
0
-2
-1
-1
-3
-3
-1
0
-3
-2
-3
-2
-2
-3
-1
-2
-4
-4
-1
-2
-1
0
0
1
1
4
3
3
4
2
2
4
5
3
1
-2
-1
0
0
0
-2
-2
-2
-2
-4
-2
-1
0
0
0
3
6
6
9
8
8
9
8
7
5
3
1
-1
-4
-5
-7
-7
-8
-10
-11
-10
-10
-8
-6
-7
-7
-3
-1
-1
0
1
0
2
4
4
6
5
5
7
9
8
6
6
7
5
3
1
0
-1
-2
-3
-3
-2
-2
-4
-5
-1
-3
-2
-1
0
-1
0
1
2
3
4
4
2
3
3
0
0
0
-1
-2
-3
-3
-7
-5
-5
-6
-4
-5
-5
-3
-5
-2
-2
-2
1
0
3
4
4
6
6
9
10
8
9
8
6
5
5
3
0
-1
-3
-5
-6
-7
-8
-7
-7
-7
-7
-7
-5
-5
-3
0
0
0
0
0
2
4
2
2
2
3
3
3
5
5
5
6
4
3
3
0
-1
-4
-5
-6
-6
-6
-7
-6
-6
-6
-2
-1
0
2
3
3
7
5
3
6
5
4
4
3
1
0
2
1
0
0
0
0
-1
-1
-3
-2
-5
-6
-2
-3
-3
-1
-2
0
0
2
2
3
5
6
7
6
6
7
3
2
1
0
-1
-5
-4
-6
-8
-7
-8
-7
-8
-8
-7
-4
-4
-6
-1
-1
1
1
1
4
7
7
8
9
9
9
9
6
6
6
2
0
1
1
0
-3
-2
-4
-3
-4
-6
-4
-5
-8
-6
-4
-1
0
0
2
1
1
2
0
0
3
2
3
2
0
0
0
1
1
0
-1
0
-1
0
0
0
0
0
-1
0
0
0
0
0
0
0
0
1
0
2
3
0
0
0
0
0
2
2
0
0
0
0
-1
0
0
-2
-1
-1
0
-1
-2
0
-2
-2
0
-1
0
0
0
-2
0
2
1
0
2
2
1
1
2
1
1
0
0
1
1
0
0
0
-1
1
0
-1
0
0
-1
0
0
-1
0
0
0
0
0
0
0
0
0
0
0
0
0
-1
0
0
0
1
1
0
0
0
0
1
2
0
0
0
0
0
0
1
2
-1
-1
0
0
0
-1
-1
-2
0
0
0
1
0
-1
0
0
0
0
0
0
-1
1
0
0
0
0
2
-1
-1
0
-1
0
0
0
0
0
0
0
1
-1
0
1
0
0
0
0
0
1
0
0
0
0
0
-1
0
0
0
0
-1
0
0
0
-1
0
-2
0
1
-1
0
0
0
2
0
0
0
1
0
0
1
0
0
0
0
0
0
0
-1
0
-1
0
0
0
0
0
0
0
0
-1
0
0
0
0
0
0
0
0
1
0
0
0
-1
0
0
-1
0
0
0
0
0
0
1
0
0
0
1
0
-1
1
0
-1
1
1
0
1
0
-1
-1
0
0
0
0
0
0
0
0
0
1
-2
0
0
-2
0
1
0
1
0
0
0
0
0
1
1
0
0
0
0
0
0
1
0
0
0
-1
-1
0
0
-2
0
0
0
-2
0
0
1
0
0
0
-1
0
0
2
0
0
0
0
0
1
0
0
0
-1
0
1
0
-1
0
0
0
0
0
1
1
0
0
0
0
0
0
0
0
0
0
0
0
0
0
1
0
0
0
1
0
0
1
1
0
0
0
0
-1
0
0
0
-1
1
0
-1
-1
-1
0
0
0
0
0
0
0
0
1
-1
0
0
0
1
0
0
-1
1
1
0
0
0
1
0
0
0
0
0
0
0
0
1
0
0
0
-1
0
0
0
0
0
0
0
2
0
0
0
0
0
0
0
0
-1
0
0
-1
0
0
-1
0
-1
0
0
0
0
-1
0
0
0
-1
0
1
0
0
1
0
0
0
0
0
0
0
0
0
0
0
2
0
0
0
-1
0
0
0
0
0
0
0
0
-1
0
0
0
2
0
0
0
0
0
0
-1
0
0
0
0
0
0
-1
0
0
0
-1
-2
-1
1
0
1
1
-1
0
0
-2
0
1
0
1
2
0
0
1
0
0
1
0
0
-1
0
0
0
0
0
-3
0
0
0
0
0
0
0
0
0
-1
1
0
0
1
0
-1
0
0
0
1
0
0
0
-1
0
1
0
0
2
0
0
0
0
0
0
0
0
-1
0
0
-2
1
0
-1
0
-1
0
0
0
0
0
1
0
0
-1
-1
0
1
1
1
0
-1
0
1
1
0
0
-1
-1
0
0
-1
-1
0
1
0
0
-1
0
0
0
1
0
0
-1
0
2
0
0
1
-1
0
0
0
0
-1
0
0
-1
0
0
0
0
0
0
1
0
3
1
0
1
2
1
0
-1
1
1
1
-1
0
0
-2
-2
0
-1
-1
-2
0
0
0
-2
0
-1
-2
2
0
0
1
1
0
1
0
0
0
0
0
1
0
0
3
0
0
0
0
0
0
0
1
0
-2
0
0
0
0
-1
0
1
0
-1
0
0
-1
0
0
0
0
0
0
-1
-1
0
0
-1
-1
0
0
-2
-1
0
0
0
1
2
0
1
1
1
0
1
-1
1
0
-2
-1
0
1
-1
0
1
0
0
0
0
0
1
0
-1
-1
-1
0
-1
0
0
1
0
2
3
0
1
0
0
0
-2
-1
-2
-2
0
0
0
0
0
0
0
0
0
-1
-1
-1
0
1
1
0
0
0
0
0
1
0
1
2
2
2
0
1
0
0
0
0
0
-1
-2
-3
-1
0
0
-1
0
-1
0
1
0
1
0
1
3
0
-1
1
0
0
-1
0
2
1
0
0
0
-1
-1
0
-1
-2
0
0
-2
0
0
-1
1
0
-1
0
0
0
0
0
2
2
0
1
0
1
-2
-1
0
0
1
0
0
0
0
0
-1
-1
0
0
0
0
-2
-1
0
0
0
-1
0
0
0
0
0
0
0
2
0
0
0
0
0
0
0
0
1
0
0
0
1
0
0
1
0
0
0
-1
-2
-1
-1
0
0
0
-1
0
0
0
0
0
-1
0
-1
0
2
0
0
3
0
0
2
0
0
0
-1
0
0
0
0
1
0
0
0
0
-1
0
1
-2
0
0
-1
0
0
0
-1
-1
0
-1
1
1
0
0
-2
-1
1
-1
0
1
0
1
0
-2
1
0
0
1
1
1
0
-1
0
0
-1
0
0
0
2
0
0
2
0
0
0
0
0
1
-1
-1
0
0
1
-2
0
0
-1
0
0
-1
0
0
-1
0
0
-2
0
0
-1
0
1
2
0
0
1
0
0
1
1
1
0
0
0
-1
0
0
-1
0
0
0
0
-1
0
0
-2
0
0
-1
-3
-2
0
0
0
0
1
1
0
0
1
0
0
0
0
0
-1
0
0
0
1
0
1
1
0
0
0
1
0
0
0
0
1
0
0
0
-1
-1
0
0
0
0
0
0
1
1
0
0
0
0
-1
-2
0
0
0
1
-2
-2
0
0
0
0
0
1
0
0
0
1
0
0
0
0
0
0
1
0
1
0
0
0
-1
0
-1
0
0
0
0
0
0
1
-2
0
0
-1
1
0
-1
0
1
0
-2
-1
0
2
0
0
0
0
0
-1
0
-1
1
0
0
0
0
1
0
0
0
1
0
-2
0
0
0
-1
0
-1
0
1
0
0
1
1
2
0
0
0
0
0
-1
-1
0
-1
0
0
-1
0
0
-2
0
0
-1
0
1
1
1
1
0
1
0
-1
0
0
0
0
0
0
0
0
0
1
0
-1
0
0
0
0
0
0
0
0
0
0
0
0
0
0
-2
-1
0
0
0
0
-1
0
0
-1
0
0
-1
0
0
0
0
1
0
1
0
1
1
0
0
0
-1
0
0
-1
0
-1
-1
-1
-1
0
0
0
0
0
0
0
0
0
0
0
1
0
0
0
-2
0
0
0
1
0
0
0
-1
0
0
1
0
0
0
0
0
1
0
0
0
0
0
-1
-2
0
0
0
0
0
-1
-1
0
0
0
0
0
0
0
-1
0
1
0
0
0
0
0
2
1
0
0
0
1
1
0
0
1
0
0
0
0
0
0
0
-1
-2
0
0
-1
0
-1
0
1
0
0
0
0
0
0
0
0
2
1
0
0
2
0
0
0
0
0
-1
0
0
0
0
-1
0
0
0
1
0
-2
0
1
1
1
0
0
-1
-1
0
0
-1
-1
1
0
-1
0
0
0
0
0
-1
0
0
1
1
0
0
-1
0
0
0
0
0
0
0
1
1
0
1
0
0
0
0
0
0
-1
1
0
-1
1
0
-1
0
0
0
0
0
2
0
-1
0
0
-1
0
0
0
0
0
0
0
0
0
-1
0
0
0
0
0
0
0
2
-1
0
0
0
0
-1
0
0
0
0
-1
0
0
1
0
0
1
0
0
0
0
0
0
0
0
-1
0
0
0
0
0
-1
1
1
0
0
0
0
0
0
-1
0
0
0
0
0
0
0
0
0
0
0
-1
0
0
0
0
0
0
0
0
0
0
0
0
0
0
0
1
0
0
0
1
0
-1
0
0
1
0
0
1
1
0
1
0
0
0
0
0
0
0
0
0
0
0
-2
0
0
0
0
-1
0
0
0
0
0
0
0
0
0
0
0
0
0
0
0
0
0
0
0
1
0
-1
0
0
0
0
0
0
1
1
0
-1
0
0
0
1
0
-1
0
0
0
1
0
0
0
0
0
0
0
0
0
0
-1
0
0
0
0
0
0
0
0
0
0
0
0
0
0
0
0
0
-1
0
0
0
0
0
0
0
0
0
0
0
0
1
0
1
0
0
1
0
0
0
0
-1
0
1
0
0
0
0
0
0
2
0
0
-1
0
0
-1
-1
0
0
0
0
0
0
0
0
-1
-1
0
0
0
0
0
0
0
1
0
0
0
0
1
0
-1
0
0
0
1
2
0
0
0
0
0
0
0
0
1
1
0
0
0
-2
-1
0
-1
-1
0
1
0
0
0
1
0
-1
0
0
-1
0
0
-1
0
0
0
0
0
0
0
0
0
0
0
0
1
0
2
1
0
0
0
0
-1
1
0
0
0
-1
0
-1
0
2
0
-2
0
1
0
0
0
0
1
1
0
0
0
0
1
1
0
0
0
0
0
-2
0
0
0
0
0
1
1
1
1
0
0
0
0
0
0
-1
0
0
0
0
0
1
0
0
0
0
0
-1
0
0
0
0
0
0
0
0
0
0
0
0
0
0
0
1
0
0
0
0
0
0
-1
0
2
0
-1
0
0
-1
0
0
0
1
0
0
0
0
0
0
1
2
-1
0
0
0
1
0
0
0
0
0
0
0
0
0
0
-2
-1
1
0
0
0
-1
0
0
0
0
1
0
0
0
0
-1
0
0
0
0
0
0
0
0
1
-1
0
2
2
0
-1
0
0
1
0
1
0
0
0
0
0
0
0
0
0
0
0
0
0
0
0
0
0
0
0
0
0
1
-1
0
1
-1
0
0
0
0
0
0
1
0
-1
0
-1
-1
1
0
0
1
1
0
1
0
0
1
0
-1
0
0
0
0
0
0
0
0
0
0
0
0
0
0
-1
0
0
0
2
0
0
0
0
0
-1
0
0
-1
0
-1
0
0
1
0
0
0
0
0
1
1
1
0
0
0
0
0
0
-2
0
0
0
1
0
0
0
-1
0
0
0
0
0
0
-1
0
0
0
-1
0
2
2
0
0
0
-1
-1
1
0
0
0
-1
1
0
0
1
0
0
1
0
-1
0
-1
-1
0
1
0
0
0
1
0
0
0
-1
0
0
0
1
0
0
0
0
0
0
0
0
0
0
0
0
0
0
0
0
0
0
0
-1
0
1
0
-1
0
0
0
0
0
0
0
0
1
0
0
0
0
-1
0
0
0
0
0
0
0
0
1
0
-1
1
0
-1
0
0
0
0
0
0
0
0
0
-1
-1
0
0
0
0
0
0
0
0
0
0
0
-1
0
0
0
1
1
1
0
0
0
1
0
0
1
1
1
0
0
0
0
0
-2
-1
0
0
-1
0
-1
-1
-1
-1
0
0
1
0
0
1
0
1
0
0
1
1
0
0
0
0
0
-1
0
0
0
0
1
0
0
0
0
1
0
0
0
0
0
-1
0
-1
0
0
0
0
0
0
1
0
0
1
0
0
0
-1
-1
0
0
0
0
0
-1
0
0
0
-1
0
0
0
0
0
0
0
0
0
1
-2
0
0
0
0
0
0
1
0
0
0
0
0
0
0
0
1
0
0
0
0
-1
0
0
0
0
0
-1
0
1
0
0
-2
0
0
0
0
-1
0
0
0
-1
0
2
0
0
0
0
0
1
2
0
0
0
1
1
0
0
0
0
0
0
0
0
-1
-1
0
-1
0
0
0
0
0
0
0
1
0
0
0
0
0
0
0
0
0
0
0
0
0
0
0
0
0
0
0
0
1
0
-1
0
0
0
0
0
1
0
0
0
0
0
0
0
0
0
0
0
0
0
0
-2
0
1
0
0
0
0
-1
0
1
1
0
0
0
0
0
0
0
0
0
0
0
0
0
0
0
1
0
-1
0
0
0
0
-1
0
0
0
0
0
0
0
0
0
0
0
-1
0
-1
0
1
0
-1
0
0
0
0
0
1
0
0
1
0
0
0
1
-1
-1
1
0
0
0
0
0
0
1
-1
-1
0
0
0
0
0
0
-1
0
0
0
0
0
-1
0
0
0
1
0
0
0
0
1
0
0
1
0
0
0
1
0
0
0
0
0
1
0
0
0
-1
-1
0
0
0
0
1
0
0
0
0
0
0
0
0
0
-2
-1
0
-1
0
0
-1
1
0
0
0
0
-1
1
0
0
0
0
0
0
-1
-1
0
0
0
1
1
1
1
0
1
1
0
1
0
0
0
1
0
-1
0
-1
-1
0
0
0
1
0
0
0
0
0
0
0
0
0
0
-1
0
-1
0
-1
-1
0
0
0
0
-1
0
0
0
0
0
0
1
0
0
0
0
0
0
1
1
0
0
0
0
1
0
0
1
0
-1
0
1
0
0
0
-1
0
0
1
0
-1
-1
0
0
0
-1
0
0
0
0
0
0
0
0
0
0
1
1
0
0
2
3
0
0
0
-1
0
0
0
-1
0
0
0
0
-1
-2
0
0
1
1
0
0
0
0
0
0
1
0
0
0
0
-1
-1
0
0
1
0
0
0
0
0
1
0
0
0
0
0
0
0
0
-2
0
1
0
0
1
0
0
0
-1
0
0
0
0
0
0
0
0
0
0
0
0
0
1
0
0
0
0
0
0
0
0
0
0
0
0
0
0
-1
0
-1
0
0
0
0
0
0
0
0
1
0
0
0
0
-1
-1
0
0
0
1
0
-1
0
0
0
1
1
1
0
1
0
0
0
1
-1
0
0
0
-1
0
0
-1
0
0
0
-1
1
0
0
1
0
0
1
0
0
0
0
0
0
-1
0
0
0
0
0
0
0
0
0
1
1
0
0
-1
0
0
1
0
0
0
0
0
0
0
0
0
0
0
0
0
0
0
0
0
0
0
-1
-1
0
-1
0
2
0
0
0
0
1
1
0
0
0
-1
0
0
0
0
0
1
-1
0
0
0
-1
0
0
0
1
0
-1
0
0
0
0
0
0
1
0
1
1
0
0
0
0
-1
0
0
0
0
0
0
-1
-1
0
0
0
0
0
1
1
0
1
0
0
0
1
0
0
0
-1
0
1
0
0
0
0
1
0
0
-1
0
1
0
0
0
1
0
0
1
-1
-2
0
0
0
0
0
1
0
0
0
0
1
1
0
0
0
0
0
0
-1
0
0
0
0
0
0
0
1
0
0
0
0
0
0
0
0
0
0
-1
0
0
0
0
0
-1
0
0
-1
0
0
0
1
-1
-2
0
0
0
0
0
1
0
0
0
0
0
0
0
0
0
0
1
1
0
0
0
0
1
0
0
1
0
-2
-1
0
0
0
-1
-1
-2
0
0
0
0
0
0
0
0
-1
0
0
0
0
0
0
2
0
0
0
0
1
0
0
1
0
-1
0
0
0
0
0
-1
0
0
0
0
0
0
0
0
0
0
-1
0
0
0
0
0
0
0
0
0
0
0
0
0
0
0
0
0
0
0
0
0
0
0
0
0
0
0
0
0
0
0
0
0
-1
0
0
0
0
0
1
0
0
0
1
1
0
0
0
0
0
0
0
0
0
1
0
0
0
0
0
0
0
0
0
1
0
0
0
0
-1
-1
0
-1
0
0
0
0
0
-1
0
0
0
1
0
0
2
0
1
0
0
0
0
0
1
1
0
0
0
0
-2
0
0
-1
0
-1
-2
-3
-1
-2
0
0
-2
-2
0
0
0
-1
0
-1
-1
0
-1
0
0
1
2
1
1
1
4
2
1
3
1
1
0
0
1
0
1
0
0
2
-1
0
0
-1
-3
-1
-2
-5
-4
-3
-2
-3
-2
-2
-2
-3
-4
-1
0
-1
0
0
0
0
0
0
0
0
1
2
2
3
2
2
2
2
3
3
2
2
1
2
2
1
3
1
0
0
0
0
0
0
-1
-2
0
-2
-1
0
-2
-2
-2
-1
-1
-1
0
0
0
0
0
0
0
0
0
2
1
1
1
1
1
1
1
1
1
0
0
0
0
0
0
0
0
1
-1
-1
0
-2
-1
-1
-2
-1
-1
0
-1
-2
-1
-1
0
0
0
0
0
0
2
2
0
1
1
0
0
0
0
1
1
1
0
0
-1
0
0
0
0
0
0
1
0
-1
0
-1
-1
0
0
-2
0
0
0
0
0
-1
0
0
0
0
0
0
0
1
0
0
0
1
1
0
0
0
0
-1
-1
0
0
0
0
1
0
0
1
-1
0
0
0
0
