0
0
0
0
0
0
0
0
0
0
0
0
0
0
0
0
0
0
0
0
0
0
0
0
0
0
0
0
0
0
0
0
0
0
0
0
0
0
0
0
0
0
0
0
0
0
0
0
0
0
0
0
0
0
0
0
0
0
0
0
0
0
0
0
0
0
0
0
0
0
0
0
0
0
0
0
0
0
0
0
0
0
0
0
0
0
0
0
0
0
0
0
0
0
0
0
0
0
0
0
0
0
0
0
0
0
0
0
0
0
0
0
0
0
0
0
0
0
0
0
0
0
0
0
0
0
0
0
0
0
0
0
0
0
0
0
0
0
0
0
0
0
0
0
0
0
0
0
0
0
0
0
0
0
0
0
0
0
0
0
0
0
0
0
0
0
0
0
0
0
0
0
0
0
0
0
0
0
0
0
0
0
0
0
0
0
0
0
0
0
0
0
0
0
0
0
0
0
0
0
0
0
0
0
0
0
0
0
0
0
0
0
0
0
0
0
0
0
0
0
0
0
0
0
0
0
0
0
0
0
0
0
0
0
0
0
0
0
0
0
0
0
0
0
0
0
0
0
0
0
0
0
0
0
0
0
0
0
0
0
0
0
0
0
0
0
0
0
0
0
0
0
0
0
0
0
0
0
0
0
0
0
0
0
0
0
0
0
0
0
0
0
0
0
0
0
0
0
0
0
0
0
0
0
0
0
0
0
0
0
0
0
0
0
0
0
0
0
0
0
0
0
0
0
0
0
0
0
0
0
0
0
0
0
0
0
0
0
0
0
0
0
0
0
0
0
0
0
0
0
0
0
0
0
0
0
0
0
0
0
0
0
0
0
0
0
0
0
0
0
0
0
0
0
0
0
0
0
0
0
0
0
0
0
0
0
0
0
0
0
0
0
0
0
0
0
0
0
0
0
0
0
0
0
0
0
0
0
0
0
0
0
0
0
0
0
0
0
2
5
-1
-4
0
12
5
-14
-11
2
6
-20
-6
25
27
-9
-25
9
4
-22
-37
20
42
6
-25
-6
57
40
-35
-90
-9
66
34
-52
-24
43
-2
-66
-7
82
50
-53
-68
49
61
0
-81
-21
75
22
-74
-53
51
53
-41
-53
49
78
-3
-61
-28
52
41
-50
-34
41
50
-41
-67
35
35
-37
-56
1
53
39
-15
-20
10
-27
-37
37
50
6
-45
7
57
-8
-89
-66
37
31
-42
-14
105
63
-34
-58
11
85
30
-85
-52
74
31
-89
-39
40
2
-22
-12
-21
19
26
41
56
-48
-47
36
65
-44
-117
-19
76
34
-64
-77
43
121
28
-77
-14
77
34
-50
-28
66
-11
-74
-26
64
44
-80
-70
30
97
3
-89
-47
0
3
-6
32
75
4
-40
11
49
31
-23
-58
-5
48
14
-60
-19
61
9
-63
-29
38
21
-42
-33
12
19
12
12
-5
5
48
20
-52
-66
7
63
29
-18
-19
23
53
-12
-81
-42
43
47
-31
-30
33
27
-54
-56
51
103
5
-101
-29
79
49
-64
-63
52
52
-29
-53
-7
31
-6
-15
-4
-14
6
22
51
22
-12
1
9
-20
-65
-16
39
27
-58
-41
61
52
-16
-70
27
67
7
-10
8
35
-67
-108
-16
95
83
-49
-45
65
69
-87
-113
13
98
46
-82
-29
58
18
-86
-28
79
17
-4
3
15
-1
-24
-21
-4
27
-27
-24
36
47
0
-5
32
-9
-33
-31
10
6
-49
-9
26
6
-25
29
67
24
-24
-53
7
-10
-33
-19
-8
19
10
28
18
-1
-2
5
24
12
-29
-41
40
23
-54
-35
49
50
-29
-39
12
30
-24
-7
6
-5
3
-6
18
1
8
-16
-18
17
-10
-12
-10
28
18
-1
-6
-23
0
2
27
-24
-17
28
4
-1
-23
19
13
-40
-16
15
19
15
7
4
9
-12
3
6
-20
-11
-19
11
20
-11
-22
-10
4
0
3
26
40
3
-19
-4
-17
-11
-12
12
12
-7
29
10
-1
-27
-8
15
-8
0
-4
11
0
-8
-24
-31
30
42
40
-21
-42
-3
-2
25
-22
-47
0
41
44
-20
-27
11
2
-14
16
34
-11
-35
-7
21
-10
-33
11
24
10
12
3
11
-7
-15
-18
-33
22
42
10
-33
-37
33
51
-14
-51
-36
0
22
20
46
32
-14
-39
-36
0
-12
7
50
5
-40
-9
29
22
-15
-53
23
50
-6
9
-13
-18
-4
-17
-12
5
-12
0
33
16
18
-12
-24
4
30
27
-11
-32
-39
-38
6
31
3
-17
-16
48
74
-32
-43
-26
39
54
-24
-37
-27
9
30
-23
-42
36
17
0
-1
-19
21
36
2
-16
-1
9
-7
22
-19
-23
-30
-15
21
-10
-9
9
33
8
-9
2
-3
25
25
6
-13
-25
-28
-34
-10
1
20
-6
-13
28
18
8
11
25
19
-11
-34
-19
38
0
-8
-25
-45
-1
-7
24
-6
19
53
31
-3
-39
-11
-20
11
-6
-18
-5
-9
52
0
-12
-13
22
5
-31
-30
-27
79
37
-3
-23
-6
18
-19
1
-47
-33
6
12
8
1
43
45
31
-49
-44
26
43
-25
-59
-12
17
29
-23
-50
24
61
15
-40
-15
35
27
-22
-10
46
0
-67
-26
7
4
-8
1
57
35
4
-49
-34
21
7
-14
-20
10
13
-15
8
38
-2
3
0
-32
-9
-16
2
6
-3
-11
7
47
2
-35
-7
42
32
-25
-47
-23
31
24
-14
-38
-16
51
42
-29
-31
44
63
-8
-60
-67
-2
27
0
-20
-5
61
26
-27
-29
10
9
-13
1
2
-2
3
-5
-18
7
33
1
-19
1
-3
30
25
-13
-29
-7
45
13
-16
-32
-12
8
-9
-32
-8
44
39
-24
-33
34
14
-3
9
3
-8
-35
-23
-1
11
18
16
9
-3
-8
-30
-4
8
8
1
-8
14
3
-3
16
13
-13
-13
-5
-14
8
22
1
-5
14
-2
-26
-2
25
13
-14
-26
2
17
-10
-1
-3
-7
12
13
-15
-19
15
30
5
-24
-7
9
-18
-4
27
17
-16
-24
1
15
-1
-31
-4
40
15
-36
-1
47
12
-42
-18
42
8
-47
-1
51
-2
-48
-27
25
43
-18
-58
8
59
2
-23
-7
1
20
23
-12
-47
-8
31
23
-27
-52
8
54
11
-28
20
21
-6
-8
-15
17
24
-33
-43
5
0
1
22
-14
2
23
-3
2
5
-12
3
15
-5
17
10
-30
-5
4
-19
-26
3
28
21
-25
-20
38
1
-33
-7
20
10
-14
-10
24
33
-14
-14
-6
-21
3
8
-9
5
12
-12
-1
24
16
3
2
5
-4
-14
-2
8
-19
-24
1
14
7
-6
18
27
-15
-30
14
21
-31
-19
20
2
-27
-6
25
0
-12
10
20
-1
-23
-10
23
36
-21
-37
14
20
-1
-19
-29
17
61
-1
-51
-14
24
16
-16
-14
29
9
-27
-6
10
4
-2
-5
8
27
-9
-34
-5
19
12
-16
-15
5
19
3
-12
6
18
4
-14
-12
1
7
-13
-22
18
29
-9
-21
0
13
0
-5
7
12
3
-4
-8
-7
-8
-6
10
21
-2
-11
-9
-2
11
-4
-9
11
15
-6
-7
-4
0
2
-4
4
4
7
11
-3
-10
-8
-11
-3
11
0
-5
3
2
3
9
4
6
12
-10
-20
-7
-6
-4
1
-3
-1
16
15
20
10
-22
-20
-8
6
-1
7
8
0
-1
-12
-1
0
4
-9
-2
14
16
9
-17
-16
-5
21
10
-20
-20
0
30
10
-20
-27
12
27
-1
-25
-18
18
20
8
-16
-7
7
12
3
-18
-8
-7
10
13
-9
-17
5
11
10
8
-31
1
23
0
0
-3
-3
8
-1
-28
5
14
-4
-1
-6
5
9
0
-12
6
6
-8
4
-2
6
1
-9
-4
0
6
1
-2
-2
2
-4
-3
1
-2
2
8
4
-1
-5
-7
7
1
-2
-1
1
6
1
-2
-2
0
4
4
-3
0
-4
-1
8
-4
-1
1
0
-1
-7
2
3
-1
-1
3
6
6
-2
-6
4
5
0
-8
-8
6
8
-3
-10
2
5
-9
-8
5
7
-1
-8
-1
9
6
-4
-8
3
9
3
-7
-5
7
6
-5
-9
-1
2
1
2
0
-2
1
2
-1
-4
-2
1
2
2
1
-1
1
1
-1
2
3
-3
-7
-1
7
7
-4
-9
2
8
3
-2
-5
1
2
-5
0
3
0
-2
-5
0
3
-1
-5
2
7
3
-4
-7
-4
3
4
6
6
-4
0
0
-2
-1
1
4
5
0
-5
-6
-1
3
1
0
4
4
-9
-10
1
7
0
-3
0
-6
-7
3
7
-1
-8
2
8
-3
-5
3
7
4
0
2
5
5
1
-2
6
11
-1
-8
0
9
-3
-19
-6
7
0
-15
-11
5
2
-10
-9
0
8
-1
-5
5
6
-2
-6
7
14
1
-1
7
10
6
4
4
-8
-10
7
12
-4
-14
-6
2
-2
0
0
-8
-13
-3
8
2
-7
-4
-2
1
7
8
0
-11
-7
10
15
6
-6
-11
5
16
12
2
-13
-18
-2
15
9
-7
-10
3
5
0
0
-5
-10
0
8
6
0
-3
-6
-6
7
10
1
-5
-8
-5
0
4
3
-6
-3
8
3
-5
0
-2
-8
-7
4
15
3
-6
-15
-15
0
10
9
14
3
-9
-4
-3
-15
8
42
31
4
9
23
-5
-61
-101
-108
-27
115
173
120
20
-75
-95
-46
-22
-39
-38
-32
-28
3
35
46
40
19
2
-14
-3
34
44
20
-15
-27
-9
-8
-4
10
-6
-16
10
41
46
24
0
-29
-37
-19
-22
-18
-8
-41
-51
9
36
36
62
50
-1
-28
-24
-10
-16
-27
-5
10
-12
-9
12
1
-8
20
32
-7
-30
10
25
0
0
-1
-4
17
11
-25
-24
13
12
-20
-19
0
8
25
16
-17
-5
23
25
9
-2
-5
-9
-7
-12
-28
-26
-4
20
19
6
16
18
-10
-25
-10
-8
-14
11
14
-16
4
24
-5
-9
6
0
0
4
-8
-14
0
8
8
19
17
2
4
-2
-11
8
5
-9
0
1
-12
-9
-7
-8
-5
-4
-2
5
21
21
9
0
-10
-18
-9
-4
-14
-17
-5
11
8
10
23
11
1
12
1
-17
-15
-3
-2
-6
-4
5
7
13
18
-5
-5
12
-4
-8
2
-12
-18
0
8
4
16
26
0
-32
-21
-3
-1
0
9
3
-12
-6
14
18
8
0
-11
-12
1
0
-5
-1
5
2
4
7
-8
-6
11
9
2
-4
-9
-4
7
13
2
-4
-4
-5
-7
3
2
-9
-6
5
8
0
0
0
-1
2
-4
-7
-2
1
-1
0
5
-5
-8
3
3
0
1
5
0
-2
2
7
-1
-2
3
0
5
3
-7
-4
-5
-7
4
8
-1
-2
7
1
-4
11
9
-13
-2
12
0
-10
-5
1
-3
-5
4
1
-1
6
5
2
6
4
0
-2
-6
-9
-4
-5
-9
0
5
0
-3
0
6
4
5
6
-7
-12
-2
4
0
-3
-4
-8
-4
3
4
9
9
4
6
4
2
5
2
-7
-9
-5
0
-1
-1
-3
-5
2
11
5
-1
5
7
-1
0
-5
-10
-1
-4
-8
-2
3
11
2
-3
1
0
1
0
-4
-1
-1
-1
0
8
5
-8
-6
2
5
4
4
-1
-8
-2
5
4
-1
0
1
-4
-3
2
-1
-4
2
6
-2
-5
-3
-6
1
9
1
-11
-4
11
13
7
6
-5
-19
0
14
1
-6
-8
-10
-3
15
16
-3
-12
-1
2
-2
6
3
-13
-15
2
8
6
5
0
-11
-7
11
14
-2
-13
-9
0
9
10
1
-7
-7
4
6
1
-3
-2
3
1
2
1
0
0
0
0
0
0
-1
0
0
2
-1
-3
3
1
-5
-2
0
3
4
1
-5
-11
2
18
2
-16
-11
-1
9
9
0
-10
-7
9
12
-2
-8
-1
4
4
-3
-6
-1
9
4
-6
-7
0
13
7
-6
-8
0
9
4
-7
-7
1
7
3
-3
-3
1
1
0
1
0
0
-2
-6
-4
4
4
-5
-8
0
8
4
0
-3
-3
2
8
1
0
3
-3
-1
3
4
0
-3
-3
-3
1
3
-3
-5
0
4
-1
-5
-3
-1
1
2
0
-2
-1
0
0
1
2
0
0
2
0
0
1
0
1
1
0
0
-1
-2
2
5
-2
-7
-4
-5
1
12
5
-12
-11
-1
7
15
5
-9
-12
-7
8
14
4
-7
-9
-4
7
11
0
-6
-8
-6
10
13
-4
-9
-2
-2
7
10
-4
-5
-1
3
5
-1
-4
4
0
-1
0
-6
-6
5
5
2
0
-6
-8
0
4
4
0
-10
-6
3
6
8
0
-10
-3
4
3
6
2
-5
-1
2
3
3
0
-2
-2
0
0
1
-2
0
2
-1
-3
-3
-3
2
1
-3
0
1
0
2
1
-2
2
1
-3
1
1
-1
3
1
-3
-4
-3
0
4
2
0
2
-1
-6
-2
4
5
3
-3
-4
1
5
4
0
-4
-4
-2
3
3
1
0
-3
-2
0
1
0
0
-2
-2
-1
0
0
2
0
0
-2
-2
1
4
2
0
0
1
1
1
0
-1
0
-1
1
0
1
2
-3
-4
0
1
2
0
0
2
0
-3
-4
-3
0
0
1
2
0
1
0
0
0
-4
-1
1
2
1
0
1
0
-2
0
-1
5
5
0
0
0
0
-3
-2
3
1
0
1
1
1
-2
-4
-2
1
2
0
0
1
4
0
-2
-1
0
0
-1
0
-1
-1
1
-1
1
2
-4
-2
4
1
-2
0
0
2
0
0
0
0
1
3
0
-1
0
-1
0
2
0
0
0
0
0
0
0
1
0
0
1
0
-2
0
0
0
0
1
1
0
-2
-2
1
0
1
0
-2
0
0
0
0
1
0
-2
-1
-1
0
0
-1
0
-1
-2
0
2
4
1
0
0
-1
0
0
0
1
1
2
0
-2
0
0
0
0
-3
0
0
0
1
0
0
-3
0
0
-1
1
3
1
-2
-2
-1
0
3
4
0
0
2
-2
-1
0
-1
0
0
-3
-4
-2
-1
1
1
0
0
2
3
0
0
-2
0
3
1
2
2
-2
-3
0
-2
-2
4
6
0
-5
-3
-13
-3
7
1
5
8
1
-8
-3
5
1
0
3
-7
-15
-4
5
7
11
7
-2
-10
-8
0
4
8
8
1
-3
-8
-11
-4
5
2
7
9
2
0
-1
-3
-6
-1
1
3
2
1
-1
-5
-2
-3
0
4
5
5
1
-6
-2
-3
-1
5
2
-1
0
0
-2
0
-1
-2
0
-1
0
0
0
-1
-2
-2
1
7
9
5
-2
-11
-11
-5
5
11
11
4
-2
-8
-10
-7
-2
9
15
7
-1
-6
-5
0
3
2
-3
-8
-11
-5
3
9
12
11
2
-8
-11
-10
-11
-2
8
7
6
6
3
1
-5
-9
-9
-1
5
14
12
2
-6
-12
-9
-5
6
11
6
0
-7
-8
-4
8
4
5
2
-7
-7
-3
-4
2
10
7
2
-2
-6
-3
0
2
1
0
-1
-1
-2
2
3
2
3
0
-4
-3
-3
-2
0
4
2
0
0
0
0
0
-1
-4
0
1
3
2
0
0
0
-1
0
0
0
-2
0
6
6
2
-3
-3
-1
0
0
-2
-2
-1
2
5
4
3
-3
-5
0
2
0
-4
-7
-1
2
5
4
0
-2
0
2
0
1
-1
-7
-4
0
2
1
-1
0
3
5
3
0
-4
-6
-5
-3
0
0
3
2
5
4
0
0
-2
-1
0
0
2
0
0
0
0
1
0
-1
-1
-1
-1
-1
-3
-2
1
0
0
2
0
3
1
-2
-5
-2
6
8
6
0
-8
-10
-3
6
7
3
-1
-7
-4
1
6
8
0
-8
-10
-6
2
9
10
2
-2
-6
-4
2
4
5
2
-3
-5
-4
1
2
1
-1
-5
-2
0
1
3
1
0
-3
0
2
0
0
0
0
1
1
0
0
-1
-2
1
4
1
-1
-1
0
1
2
1
-1
-2
-1
0
0
1
0
-1
0
0
0
-1
-1
0
2
2
-1
-2
-3
-2
0
2
3
1
0
0
-1
0
0
1
0
-1
0
0
0
0
0
0
1
0
1
0
0
0
1
0
0
0
-2
-2
-2
0
4
0
-1
0
0
0
0
0
0
3
1
-2
0
0
0
-1
-1
1
0
0
-1
0
0
0
0
0
0
0
-1
0
2
2
1
0
-2
-1
0
2
2
0
-1
-3
0
1
0
1
1
0
0
-1
0
0
-1
0
1
1
-1
0
0
0
0
0
0
0
-2
-1
0
1
0
0
0
-1
-1
0
1
0
-1
-1
-1
0
1
0
0
0
0
0
2
0
-2
0
0
3
2
1
0
-2
0
0
1
0
-1
-4
-4
0
0
2
2
-1
-2
-2
2
2
4
2
-2
-3
-2
0
1
2
-1
-3
-1
0
2
2
1
-1
-1
0
-1
0
1
1
0
0
0
-1
0
1
0
-1
0
0
0
1
0
-2
-1
1
0
0
0
0
0
1
0
0
-1
-1
3
0
-2
-3
-2
0
2
0
-1
0
0
1
-1
0
3
0
0
0
0
0
0
1
0
0
0
-2
0
1
0
-1
0
0
0
-2
-1
1
-2
0
-1
0
3
0
-2
0
0
0
0
0
1
3
0
-1
-1
0
1
0
1
0
-2
0
0
0
0
0
-1
1
5
2
0
-1
-2
-1
0
0
-2
0
4
3
0
0
-2
-1
0
-4
-2
1
1
1
2
0
0
-1
-4
-4
0
0
1
4
3
0
1
0
-1
-1
-1
0
0
1
3
2
1
1
-2
-4
-3
-4
-2
-1
2
4
2
3
0
-2
-2
-1
-1
0
2
2
1
2
1
0
-1
-3
0
-2
0
3
0
0
0
-1
-1
-1
-2
-1
-1
0
2
0
0
0
0
1
-2
-1
0
1
-1
-1
2
0
0
0
0
2
2
1
2
0
0
-1
-4
0
1
3
0
0
-2
-1
3
0
-4
-2
-3
-2
-1
1
5
4
1
-1
-3
-1
0
0
1
2
0
0
1
-1
-1
0
-2
0
0
0
0
-1
0
0
1
-1
-1
0
0
0
0
1
1
1
0
-6
-1
2
0
1
1
0
2
1
0
-1
0
1
1
-1
-2
0
0
0
2
1
-3
-2
2
1
-6
-6
1
1
-1
3
2
-3
-1
3
0
-1
1
0
1
4
2
-3
-2
1
1
0
0
0
0
1
1
-2
-5
0
2
1
1
1
-2
-3
2
1
-5
-5
4
3
-2
1
0
-2
-1
0
3
4
-1
-2
-2
4
4
-8
-2
3
-2
-2
1
-1
-1
1
3
3
-3
-1
2
-3
-4
2
4
0
2
8
3
-8
-1
6
-7
-14
0
9
0
2
11
4
-8
-7
-2
-4
0
5
2
-2
0
7
0
-5
-5
-2
-3
-1
5
5
0
-2
0
8
2
-9
-10
0
5
6
4
0
-4
0
7
2
-10
-13
-4
7
7
1
0
-3
0
4
1
-1
-7
-5
0
3
4
2
2
0
-1
0
3
6
0
-5
-1
1
0
1
2
-1
0
2
2
-4
-8
-4
0
2
4
1
-4
-3
1
5
2
-5
-4
-2
1
7
4
0
-2
-3
-1
4
0
-1
0
0
1
-3
-3
3
4
0
-1
0
0
0
-2
-4
0
0
-3
0
4
6
2
-3
-5
0
1
0
0
0
2
2
1
2
3
-1
-3
-1
-2
-1
-3
0
2
3
1
-2
-4
-3
-1
0
0
-2
-1
0
6
9
0
-2
-2
-1
1
1
6
6
0
-2
-4
-1
1
1
0
-3
-3
-6
-6
4
10
2
-6
-5
-1
1
0
0
4
5
2
-4
-5
0
10
5
0
-1
-5
-5
-1
2
3
0
-1
-1
-1
0
0
0
0
1
-1
-3
2
0
1
2
0
0
0
2
-1
-1
-2
1
2
-1
0
0
-1
-1
-1
0
-1
0
0
2
2
0
-1
4
2
-2
-2
-3
1
6
0
-1
1
0
-1
-1
-2
0
0
0
-2
-4
0
2
2
2
0
2
0
-1
0
1
1
-1
-2
0
0
0
1
0
1
-2
0
1
1
2
0
-1
3
1
-2
-1
0
0
-2
-2
1
-1
0
2
0
-1
0
1
1
0
0
0
0
-1
-3
0
1
0
0
2
-1
0
-1
2
4
-2
0
0
0
3
0
0
2
2
-1
-2
-1
0
0
-1
1
0
0
1
0
-2
0
2
-1
0
1
1
0
-2
1
1
0
0
-1
1
-1
-1
0
2
1
-2
-2
0
-2
0
0
0
0
0
-1
1
1
0
-1
3
2
-4
0
2
-1
-1
0
2
0
-1
-1
3
5
1
-2
-4
-5
0
2
1
2
3
-4
-9
-1
4
2
4
2
-1
-5
-3
0
0
-1
2
7
1
-9
-3
7
6
1
3
5
-3
-9
-1
5
3
-1
-4
-1
-1
2
5
0
-6
-7
0
1
-1
1
5
1
-7
-9
0
8
5
2
0
0
3
1
-2
0
5
0
-3
-2
0
3
0
-5
-3
1
4
-1
-3
0
3
-1
-5
1
2
-4
-5
0
4
5
-2
-5
1
2
2
-4
-1
7
9
0
-15
-3
12
9
-6
-8
2
5
3
-6
-6
8
8
-1
-8
-5
6
10
-2
-13
-2
11
3
-10
-5
5
8
-1
-7
-1
2
2
1
-4
-2
0
0
0
-1
1
1
0
0
0
-1
1
4
0
-2
-1
0
0
-2
2
3
-1
-5
0
0
2
6
0
-5
0
4
1
-1
0
-1
-3
-3
-2
1
7
5
0
-7
-1
6
3
-1
-1
0
-1
-2
-3
-2
6
2
-5
-7
2
10
5
-4
-7
0
6
6
4
-1
-2
-1
-6
-9
-2
8
8
0
-10
-5
6
3
-4
-5
0
3
3
3
8
6
-3
-6
-2
0
-1
0
0
-3
-3
-2
0
8
5
-3
-9
-7
9
7
0
-2
-1
0
0
0
0
-1
0
4
2
-2
1
4
-2
-12
-1
10
-6
-5
9
-4
-13
2
9
-3
2
17
3
-16
-2
18
-2
-14
2
2
-3
12
13
-15
-8
10
-8
-15
4
8
0
5
-3
-19
-2
19
4
-10
-3
3
7
15
0
-19
0
15
4
3
-2
-20
0
16
-5
-8
6
-2
-17
0
18
-7
-13
8
3
-11
5
17
0
-4
14
8
-15
-2
5
-22
-14
17
10
-7
6
5
-15
-6
6
0
1
7
-3
-8
3
15
4
-5
8
4
-7
-1
-8
-13
-2
3
-1
1
6
4
11
-2
-12
5
-2
-13
10
6
-5
16
8
-3
6
-2
-17
-10
9
-11
-24
25
25
-8
4
0
-13
2
-5
-19
-3
7
11
15
12
2
-6
-5
-10
-12
-6
-5
11
15
3
6
0
-11
-12
-3
0
-3
6
14
5
5
6
-10
-10
0
-3
-4
1
6
2
6
9
-6
-7
6
-7
-15
2
4
-2
3
1
-2
4
2
-5
-1
3
2
2
-4
-3
2
0
0
0
-1
6
5
-2
0
-4
-8
-2
-3
-4
8
8
-1
2
1
-4
-3
-4
-3
2
2
1
7
6
2
-1
-8
2
13
-3
-8
0
1
5
-3
-15
-2
5
3
3
-4
-3
4
5
1
-8
-7
0
4
0
-4
4
0
-2
7
-2
-4
3
1
2
0
-3
3
4
-2
0
-4
-2
4
3
8
0
-7
-2
-11
-17
8
-10
-19
46
53
39
12
-10
22
-1
-40
-14
6
-9
2
-36
-35
16
-17
-23
-8
-37
-13
43
55
10
0
58
25
58
-25
-98
-20
-5
-9
-3
-17
-39
63
59
-25
3
-19
-31
58
-35
35
49
11
71
-64
1
55
-81
-117
-77
-25
76
64
35
42
211
33
205
198
-90
182
-1316
-1618
-78
142
-236
-169
288
1366
1232
965
481
90
1241
415
-650
-884
-832
-655
-1173
-1068
-526
-220
123
152
520
520
609
337
82
305
49
125
-47
-315
-204
-43
-298
-204
-107
95
643
219
-139
89
195
495
-405
-676
-87
-85
-28
-177
-361
126
674
438
-120
13
342
256
-271
-370
-162
-122
-168
-216
-372
-141
122
-78
-133
-89
115
169
110
203
119
-73
-12
46
-28
-33
6
165
362
383
240
259
461
477
289
95
-25
-108
-273
-527
-645
-630
-642
-631
-703
-695
-510
-342
-377
-276
84
159
140
301
537
1046
887
426
777
1289
1206
1157
1419
2081
1846
-478
-1868
-1136
-1605
-3668
-4045
-2484
-1290
-1071
-513
832
2373
2844
1536
1116
1597
425
-1386
-2302
-1783
-1332
-1928
-1466
335
1674
2277
2560
2942
3525
2946
1636
876
1861
1236
-3177
-4253
-2022
-3152
-5853
-4532
-1070
-97
-345
1433
3347
3931
3086
1565
1243
392
-1075
-2073
-2900
-2506
-1464
-1714
-1324
774
2053
1620
1866
2474
2527
1752
732
865
532
-211
-403
1202
641
-2072
-1849
-291
-1559
-3635
-2947
-1184
-675
-785
-106
1487
2184
1153
1069
1472
127
-219
-512
-1501
-685
-530
-1271
-695
-88
689
979
370
632
1847
974
440
1663
1635
385
353
2943
2136
-2228
-1966
57
-2367
-4968
-3674
-1905
-1703
-1763
448
2294
1965
2279
2577
1920
-39
-36
-160
-2159
-2239
-927
-787
-1117
-108
1454
1514
812
972
1598
746
-20
962
1124
513
420
1038
2888
1863
-1937
-603
844
-3530
-5256
-2780
-1831
-2628
-2084
1312
1986
1873
3133
2543
1642
188
213
-730
-2773
-1906
-988
-1232
-1047
-85
2093
2104
646
1206
2337
825
-769
1144
1267
-263
-106
313
3573
2532
-3160
-349
2112
-4048
-5658
-1706
-2893
-3723
-1177
1033
1212
2253
3901
2417
2351
1312
-226
-305
-3076
-2534
-981
-2745
-1446
952
1024
1543
1789
1100
2235
704
-1256
1064
-85
-664
794
339
293
2844
2503
-995
510
640
-3590
-4077
-2531
-3594
-3451
-934
825
226
2105
4989
2119
1491
1066
525
655
-3907
-2917
598
-2248
-2345
822
2054
1378
812
2122
1972
-627
-960
679
-630
-1291
80
1363
953
-53
3210
4685
-342
-813
1538
-3162
-5629
-2086
-3449
-4494
-1540
1080
1144
2002
3739
3051
2230
395
577
-186
-4175
-2113
-226
-3052
-1119
1533
1144
1812
3045
2270
1200
1019
-950
-1184
-1458
-2464
-2031
-333
-155
890
1781
1990
6384
4467
-697
1300
-505
-4708
-5526
-5461
-4687
-3639
-2223
1892
1936
3084
6382
3257
2266
1132
1360
-722
-5619
-2316
-1036
-4859
-1964
1968
1988
2219
3717
4706
2296
85
500
-738
-4153
-3837
-2874
-2867
-1560
845
1020
2435
4800
6330
3760
-485
1229
-24
-6090
-6101
-4382
-4861
-4141
-528
2211
2058
5038
5392
3580
3033
-200
168
-2832
-6020
-2207
-3136
-4566
245
1841
2719
3844
4417
5248
2717
-792
215
-1578
-4501
-3348
-3778
-2583
-511
-482
1224
4622
2926
4263
7700
1059
-905
1705
-4216
-6724
-5010
-6512
-4882
-2953
-1664
3352
3123
5128
6388
3819
3256
1186
-253
-2782
-4674
-3089
-3282
-3676
-1433
998
2631
2459
3908
4250
1483
45
1019
-2209
-4522
-2349
-3158
-3138
-1128
457
2052
3382
4952
4380
6935
4187
-1148
900
-2421
-7868
-6392
-6083
-6966
-4750
-1613
2119
1809
5525
7548
4517
4379
3094
1054
-1817
-4616
-3554
-3832
-5251
-2320
-273
2068
3378
4136
5590
4048
2887
1515
-843
-3195
-3998
-4834
-4992
-3799
-2468
-1874
1175
3198
2718
4718
4211
5380
5345
-693
855
-265
-5558
-5043
-4650
-5976
-4406
-1705
377
1176
2673
6044
4279
2588
3227
1493
-834
-3297
-2640
-2806
-3932
-2135
-846
1194
2797
2627
4272
3619
2092
1190
282
-1938
-3148
-3414
-4027
-3158
-2121
-1729
1213
3077
1963
4817
6288
2481
2221
1606
-1142
-3866
-4878
-4203
-5562
-5007
-2216
-821
-160
3271
4490
3704
4599
3833
2617
411
-1525
-1556
-3082
-4638
-2955
-2291
-1530
663
1857
2658
3901
3477
2596
1911
348
-1263
-2102
-3194
-3665
-3179
-2715
-921
138
1724
2839
3816
5604
3174
2232
2235
-1377
-2614
-3366
-5366
-4964
-4021
-3265
-1501
-269
2297
3570
3532
4250
4394
3199
719
21
-1055
-3281
-3625
-3857
-3223
-1557
-1028
710
2409
3017
3581
3508
3342
2125
-214
-983
-2079
-4235
-4207
-3923
-2922
-1821
-430
1892
2318
4056
4603
3173
4808
2698
-136
303
-2541
-4048
-3973
-5391
-4359
-3269
-2408
452
960
2774
4986
3314
4187
3495
1735
721
-2028
-1751
-2754
-4583
-2407
-2185
-1304
793
990
2561
2989
2225
2722
1809
-111
6
-1262
-2632
-2121
-2472
-2492
-1029
-247
349
1980
3605
2800
2850
2993
1230
-104
-1247
-2474
-3472
-4153
-3338
-2790
-2402
-190
935
1444
3019
2769
3217
2709
874
1155
-244
-2052
-1770
-1914
-2122
-1548
-322
256
763
1880
2192
1849
2150
1402
-106
-253
-1306
-2544
-2578
-2513
-2304
-1691
-835
644
1161
2353
2872
2876
3981
2524
1743
1489
-607
-1024
-2563
-3381
-3211
-3927
-2991
-2130
-1658
151
1149
1318
2703
2611
2485
2200
1075
929
11
-1001
-1035
-1306
-1223
-1225
-638
-245
-38
693
628
1224
1229
628
701
245
-492
-637
-1243
-1232
-1183
-1445
-568
-542
-74
1034
824
1693
2268
1713
1723
1402
501
105
-964
-1625
-1957
-2502
-2249
-2087
-1831
-445
-265
410
1521
1274
2043
1640
1246
1590
584
110
160
-571
-613
-676
-913
-714
-391
-548
26
322
5
483
352
-13
257
-367
-409
-184
-657
-250
-126
146
553
583
1298
1645
991
1178
914
260
-528
-981
-1354
-2149
-2171
-1990
-1812
-1641
-374
-27
309
1308
1375
1845
1292
1592
1731
346
615
538
-547
-512
-634
-895
-950
-804
-584
-166
-52
236
501
583
498
398
8
-266
-192
-695
-797
-578
-683
-204
-162
76
864
771
1025
1502
1514
1011
813
686
36
-753
-918
-1489
-2037
-1796
-1798
-1808
-1191
-398
-299
360
893
1271
1450
1195
1722
1371
732
788
378
-13
-286
-444
-604
-681
-675
-587
-223
-398
-121
189
-29
52
159
-240
-170
-60
-401
-270
-219
-129
70
47
759
672
651
1346
1338
1000
975
855
307
-328
-690
-1182
-1731
-1903
-1961
-1777
-1716
-982
-459
-175
486
868
1317
1074
1512
1608
883
1184
830
317
349
-239
-257
-508
-789
-628
-810
-705
-638
-777
-528
-397
-471
-250
-24
219
536
874
955
1396
2056
1062
1386
1420
124
140
-881
-1445
-1816
-2614
-2055
-2414
-2204
-833
-1015
0
605
1150
1681
1310
2278
1761
1303
1535
870
609
178
-183
-265
-790
-854
-692
-966
-871
-556
-727
-419
-336
-236
-85
56
310
380
395
624
435
565
420
297
338
-131
-56
-203
-581
-366
-498
-442
-140
-270
177
596
331
672
854
353
506
95
-292
-390
-821
-897
-965
-1002
-609
-640
-310
75
53
536
409
618
779
495
595
466
356
216
75
99
-128
59
-179
-145
74
-456
-145
-263
-603
-271
-495
-377
39
-205
471
768
322
1118
810
421
539
-152
-260
-795
-1135
-1018
-1513
-1176
-708
-922
-222
73
215
609
588
927
865
623
942
648
407
534
192
172
92
-115
-40
-305
-263
-214
-431
-158
-250
-301
-87
-148
-15
-85
-37
63
-53
186
-3
140
72
12
96
-109
-83
-144
-272
-275
-240
-171
-139
9
221
71
316
439
237
375
325
192
124
-93
-178
-324
-597
-473
-500
-629
-326
-234
-153
16
125
326
206
372
428
243
412
348
322
294
228
249
135
53
11
-128
-201
-185
-365
-344
-344
-403
-286
-216
-94
102
257
394
421
601
569
448
471
249
148
-63
-258
-383
-622
-680
-758
-828
-676
-610
-466
-275
-93
92
186
378
456
452
546
484
434
440
318
258
259
114
65
18
-67
-106
-174
-203
-233
-183
66
14
145
431
231
221
124
-99
-221
-473
-482
-518
-657
-449
-382
-339
-195
-75
61
-25
107
204
26
126
249
201
272
311
368
354
304
370
301
157
222
122
3
47
-48
-107
-58
-149
-194
-215
-231
-291
-259
-260
-271
-201
-174
-107
-95
-2
98
93
122
193
151
156
154
136
105
50
35
-7
-35
-23
-20
-26
-14
-10
5
5
33
24
2
-26
-58
-67
-74
-60
-48
-2
2
18
43
21
11
6
-23
-31
-35
-29
-7
-2
39
46
44
56
33
8
-9
-20
-49
-29
-41
-46
5
-5
10
53
69
74
70
78
68
19
-8
-21
-56
-70
-69
-51
-30
-44
-18
-12
-22
-13
-13
2
-16
-23
-4
-10
9
21
26
45
35
29
34
18
4
0
2
6
1
3
-5
-1
3
-14
-3
-10
-4
2
-11
-9
0
-5
-9
9
4
-8
-17
1
4
-16
1
18
14
14
11
-1
15
1
-12
-16
-18
6
-13
-48
-5
14
-20
-12
-2
-1
-19
-5
24
13
10
12
10
9
-14
-9
-10
-6
11
0
13
21
-12
-22
-8
-7
-19
2
22
0
-11
24
36
10
4
24
18
1
17
29
0
-1
24
14
-13
-7
-9
-48
-54
-19
-24
-35
-13
2
3
0
9
10
1
10
10
8
16
23
12
10
23
19
12
12
11
0
-7
-12
-30
-34
-28
-28
-15
-10
-8
2
0
15
15
6
16
0
-2
19
16
1
-3
-5
-8
-8
1
6
-2
-3
2
4
0
0
0
2
5
-1
-1
0
0
4
2
-8
-15
0
9
-6
-16
-6
-4
-3
4
6
0
0
6
7
10
9
6
2
4
8
8
2
-8
-6
7
11
0
-7
-9
-6
-4
-4
-10
-21
-7
5
1
-10
-16
-9
6
11
1
1
11
14
9
7
5
0
0
1
-2
-7
-4
-3
-7
-6
1
0
0
2
-3
1
16
11
0
0
9
1
0
12
1
-17
-2
12
-4
-11
-2
-14
-12
8
5
-12
-9
-3
-6
7
9
-7
-6
1
1
7
8
2
2
4
7
5
-1
0
4
0
-5
1
1
-10
-7
1
0
-5
-1
2
0
-3
-1
8
4
-2
2
4
1
0
3
0
-4
0
1
-5
-7
-3
-1
1
1
0
0
2
5
7
5
0
2
4
1
-3
0
4
0
-2
-7
-8
-2
0
3
6
4
0
-3
-5
-7
-7
-2
0
1
1
-1
-2
2
2
0
4
6
5
0
0
-2
-2
-4
-4
-1
-1
-1
0
2
3
4
3
0
0
0
0
0
0
-3
0
1
-1
1
1
1
0
0
2
0
0
0
0
-2
0
1
-3
-2
0
-2
0
1
-2
-2
0
-1
1
0
0
1
0
2
1
0
0
1
0
0
-2
-1
-1
-1
-2
0
1
-2
3
6
2
0
-1
0
0
0
0
-3
-5
-4
3
3
-2
1
3
0
0
0
0
3
1
-2
-4
0
-1
0
5
5
0
0
-1
-1
1
2
1
-1
-2
-4
-1
1
2
0
0
0
-1
0
3
3
0
-1
0
-3
-3
0
1
0
1
0
-2
-1
-1
1
5
2
-3
-4
-1
3
3
-1
-3
0
5
1
-6
-3
6
6
-2
-7
-3
5
5
-1
-4
-3
3
1
-1
-2
-1
4
2
-3
-1
1
0
-3
-5
-5
0
2
-1
1
5
5
3
0
-2
-2
-1
-4
-1
0
2
5
6
4
2
0
1
0
-2
-2
-2
-6
0
1
1
0
0
2
-1
-2
0
-2
0
-1
1
4
0
-3
0
4
0
-1
0
-1
0
0
-3
0
1
2
1
0
-1
3
2
-1
-2
-3
0
0
0
3
2
0
2
-2
-2
0
-1
0
3
2
1
0
1
0
-3
0
-2
0
1
0
-1
-1
0
-2
-1
-1
-3
2
4
2
2
0
-3
-1
2
1
-3
-2
7
1
-10
-1
9
5
-1
-6
-1
9
0
-10
0
2
-6
0
-4
-7
5
12
9
2
3
14
-8
-28
4
13
-20
-7
10
-7
16
40
-7
-5
29
-23
-59
-10
6
-2
13
1
0
28
9
-13
-14
-15
-8
-54
-181
-7
383
268
-77
-63
-33
-94
-50
-120
-278
-72
255
94
-54
142
146
-20
-67
-55
-56
15
49
-38
-17
70
18
-30
-14
-5
27
25
-23
-69
-75
-12
31
14
12
57
47
7
0
-27
-38
2
-8
-44
25
54
0
1
-8
-35
-15
-8
12
53
6
-30
8
-11
-64
-42
-6
30
96
64
-3
12
20
-11
-23
-30
-40
-29
-32
-27
16
26
4
-4
9
13
3
19
23
3
3
-5
-4
13
-2
0
67
62
-2
20
36
-44
-84
-50
-55
-64
-31
-21
-12
25
24
0
24
30
-25
-34
9
5
-14
2
4
10
44
32
3
25
23
-17
-25
-17
-20
0
10
0
21
45
19
-5
-11
-25
-34
-26
-8
11
11
11
37
46
22
10
13
-2
-22
-26
-18
-3
-1
0
8
8
1
-4
-11
-16
-19
-18
-6
0
-14
-10
14
8
-5
4
-2
-11
5
9
-3
9
22
6
4
14
-3
-12
-3
-3
-12
-6
0
-5
-1
-7
-19
-2
4
-11
-16
-5
1
-2
4
18
11
13
11
-9
1
11
-2
-1
-7
-13
13
19
0
8
9
9
21
-8
-22
-1
-16
-31
-1
9
0
-7
5
20
-3
-14
-3
-10
-5
6
-7
-1
33
42
9
-17
1
6
-23
-20
-22
1
19
4
1
-16
-9
148
24
-231
-109
13
44
0
-28
72
103
71
98
12
17
43
-71
-112
-33
-27
-81
-36
38
-7
-92
-48
21
10
-68
-13
29
-7
-4
59
78
38
-6
-18
38
50
2
0
35
63
44
-6
1
4
-46
-30
-12
-57
-48
-33
-105
-69
-4
-12
2
-41
9
58
-12
45
73
13
60
24
-2
103
-3
15
31
12
3
-74
-15
82
64
-34
-104
-46
-34
-91
-64
67
84
-70
-78
112
35
-45
-7
-22
130
18
146
162
-35
312
71
-561
-583
-401
203
126
-81
317
245
265
318
112
34
234
-159
-381
-20
-273
-368
-91
-24
-39
46
-62
16
132
-52
21
-139
-136
236
34
101
172
7
65
140
0
20
81
-45
116
0
-163
127
-116
59
141
-365
32
91
-346
-138
-1
-190
37
82
-78
2
315
-187
118
239
-153
23
196
195
-219
240
-119
-6
110
-216
-20
87
-97
84
-118
-64
113
-164
3
77
-37
50
42
-120
3
80
137
39
-146
40
91
-238
29
96
-43
-48
-29
34
42
62
-43
-76
169
-60
-208
-103
-4
42
-338
215
300
-173
342
188
-228
332
51
-297
26
21
-25
-3
138
-203
225
-119
-144
123
-145
-13
-25
-296
134
-242
2
341
-195
264
21
-262
-2
368
48
-238
16
-105
98
151
125
-341
-194
286
72
94
-392
301
410
-479
184
-36
80
302
-667
261
65
-399
210
-8
-207
-74
393
-279
-65
119
-3
634
-731
-104
827
-888
-54
562
-735
331
305
-565
497
128
-20
338
-219
84
358
-499
-172
282
-469
-229
103
-476
1
29
-571
566
171
-139
597
323
134
285
317
50
95
-192
52
237
-424
-250
271
-151
-189
-146
-329
276
-179
-581
-2
81
-325
82
106
-300
251
-50
-87
327
-90
-93
377
-93
151
518
-264
183
186
-206
329
210
-308
56
47
-282
348
-63
-311
139
-31
-40
86
-386
-352
199
-194
-45
-76
-281
164
103
-449
-3
149
-267
171
104
-194
205
161
153
306
65
364
323
74
338
82
-89
463
-174
-246
276
-321
-198
208
-403
-158
24
-617
4
-76
-523
108
-453
-241
195
-625
-68
-67
-636
39
579
-41
414
361
225
1555
773
209
727
221
515
698
-87
173
-21
-567
-1
-356
-1388
-946
-1147
-1638
-1147
-1488
-1805
-1222
-915
-492
42
268
784
913
1169
1846
1837
1830
2166
1949
1904
1647
1115
774
392
-150
-699
-1318
-1861
-2362
-2880
-2669
-2436
-2295
-1491
-1125
-780
327
618
640
1052
1044
802
889
637
485
510
142
58
561
1029
1092
1371
2194
2501
1776
1570
1715
849
-209
-644
-1384
-2364
-2856
-3240
-3282
-2997
-2543
-1849
-1321
-493
401
684
1230
1788
1491
1328
1249
766
345
-92
-376
-513
-613
-411
350
866
1088
1743
2697
2446
1927
2102
1559
543
-181
-1095
-1977
-2811
-3456
-3473
-3684
-3335
-2352
-1945
-1179
189
638
1203
2215
2216
1947
2071
1621
1131
843
184
-86
-150
81
676
708
1064
2600
2723
2146
2669
2088
874
137
-1064
-2194
-3204
-3998
-4122
-4390
-3956
-2801
-2343
-1507
101
785
1150
2266
2654
2092
1882
1770
1157
333
98
-74
-518
-101
445
807
1678
3018
3212
2759
3012
2596
1106
-209
-1157
-2432
-3882
-4607
-4661
-4992
-4435
-3102
-2387
-1576
134
1042
1328
2266
2451
2094
1637
1197
724
-71
-399
-412
-660
-199
730
1027
1877
3644
3417
3003
3770
2842
1298
277
-933
-2327
-3858
-4504
-4538
-5002
-4300
-2775
-2303
-1340
573
1364
1844
2575
3007
2520
1723
1547
870
-64
-248
-549
-403
-11
511
1474
2576
3359
3080
3371
2968
1521
487
-1144
-2569
-3678
-5253
-5153
-5057
-5026
-3205
-1914
-1468
544
1609
1814
2649
2661
2572
1605
996
880
-217
-602
-589
-770
-42
341
855
2205
3457
2597
3006
3450
1633
635
-676
-2382
-3188
-4665
-5013
-4697
-4777
-3181
-1810
-1444
340
2043
1716
2427
2867
2213
1416
983
341
-406
-721
-865
-773
120
86
925
2848
3310
3026
3339
3487
1768
379
-815
-2634
-3651
-5183
-5417
-4820
-5187
-3273
-1595
-987
769
2656
2422
2963
3195
2020
1451
385
-426
-864
-1815
-1065
-647
-331
1197
2214
3036
4641
5055
3657
4119
2930
56
-463
-2488
-4335
-4845
-5813
-5106
-4870
-3851
-1491
-409
38
2306
2923
1900
3085
1575
323
-1
-1730
-1963
-2197
-2236
-1193
-256
1135
2192
3365
5146
5447
3920
4370
3562
161
-419
-1825
-4365
-4484
-5162
-5233
-4512
-3369
-1586
-473
449
1789
2879
1853
2171
2069
136
-416
-865
-2103
-1946
-1661
-1280
-298
1064
1848
2929
4519
5308
4231
4129
4067
1266
5
-1172
-3228
-3871
-4792
-4962
-4426
-3976
-1999
-1122
-762
1009
1672
996
1507
998
-4
-682
-1117
-1557
-1741
-1240
-506
59
1567
2680
3098
4770
6155
4635
4298
4849
1401
-126
-646
-3420
-4466
-4943
-5148
-5010
-4441
-2209
-1156
-639
833
1994
1332
1260
1568
175
-728
-493
-1363
-1735
-565
-44
311
2206
2953
3087
4866
5520
3941
3605
3414
536
-1090
-2022
-3882
-4968
-5313
-4971
-4723
-3882
-1660
-753
-85
1281
1912
1382
1264
1069
-175
-1308
-1059
-1557
-2053
-928
-67
484
2386
3055
3630
5261
5481
4793
4193
3614
1137
-326
-1591
-3374
-4267
-5149
-4758
-4630
-4488
-2255
-1190
-947
667
1717
1091
1335
1245
119
-690
-906
-1339
-1523
-970
-147
500
1858
2802
3374
4558
5376
4427
3645
3882
1313
-620
-957
-2970
-4577
-4509
-4716
-4942
-4028
-2248
-1445
-875
614
1442
785
993
965
-300
-1097
-1077
-1717
-1935
-1040
-342
506
1934
3055
3675
4651
5678
4745
3866
3739
1327
-437
-1283
-2959
-4205
-4892
-4558
-4737
-4469
-2291
-1761
-970
325
1087
1054
799
1175
104
-870
-480
-1416
-1456
-643
-437
488
1830
2416
3101
4133
4740
4187
3597
3210
1275
-149
-1296
-2643
-3629
-4553
-4085
-4219
-3985
-1965
-1556
-989
140
995
558
267
1037
-161
-1114
-163
-789
-1038
221
786
1153
2462
3257
3302
4176
5190
3906
3493
3335
830
-383
-1252
-2904
-3969
-4435
-4277
-4722
-4029
-2215
-1884
-1345
-153
613
90
-54
798
-586
-1256
90
-1210
-1106
606
289
1121
2534
3016
3160
4216
5160
3711
3847
3402
886
235
-1216
-2251
-3669
-4654
-3583
-4791
-4152
-1987
-2037
-1474
-138
808
-113
345
1018
-725
-757
-113
-1149
-857
364
520
1496
2934
3238
3640
4407
4915
3850
3472
3071
576
-417
-1384
-2704
-3796
-4546
-3822
-4320
-4022
-1877
-1747
-1246
-27
531
194
-29
644
-438
-1133
-12
-869
-552
667
844
2081
2958
3545
3775
4240
4827
3565
3647
2751
420
-169
-1605
-2755
-3892
-4406
-3874
-4595
-3620
-1836
-1699
-1072
311
843
149
790
894
-564
-416
-101
-1236
-708
210
20
1204
2369
2620
3206
4148
4650
3715
3902
3165
776
188
-956
-2596
-3752
-4074
-4159
-4704
-3326
-2096
-1815
-828
186
820
269
703
1003
-600
-407
0
-1078
-664
103
187
922
2069
2344
2574
3812
3817
3228
3550
2360
815
144
-970
-2162
-3489
-3592
-3662
-4251
-2916
-1871
-1899
-1028
156
265
-247
546
201
-1204
-319
-434
-1304
-309
373
387
1674
2576
2731
2973
4125
3929
3306
3711
2071
855
111
-1056
-2345
-3646
-3567
-3902
-4394
-2929
-2166
-2220
-1244
-117
-374
-526
449
-220
-1132
-30
-319
-872
394
850
852
2274
3043
2851
3350
4362
3781
3333
3529
1756
455
-245
-1514
-2775
-3841
-3917
-4197
-4356
-3000
-2118
-1924
-1041
105
9
-209
542
-9
-1074
-160
-242
-1017
169
867
877
2086
3029
3069
3135
4393
3912
3344
3528
1757
561
-375
-1480
-2706
-3943
-3827
-4207
-4239
-2928
-2158
-1606
-936
449
231
-126
983
-206
-966
-29
-804
-1366
-312
-1
120
1547
2298
2346
2846
3972
3616
3543
3538
1904
824
141
-1009
-2340
-3425
-3481
-3929
-3941
-2571
-2064
-1709
-648
337
381
282
991
58
-726
123
-626
-1098
-162
-21
236
1467
1893
2133
2601
3650
3314
3383
3156
1645
888
-33
-975
-2327
-3450
-3401
-4002
-3972
-2704
-2369
-1894
-945
-84
-112
-140
502
-56
-647
74
-96
-603
327
921
1048
2142
2820
2770
3129
4108
3664
3571
3575
1900
1011
356
-1058
-2011
-3102
-3496
-3765
-4009
-2893
-2511
-2044
-1244
-513
-322
-536
257
-358
-971
7
-397
-709
71
553
947
1813
2692
2871
3105
3952
3906
3735
3370
2235
972
171
-1022
-2367
-3509
-3827
-3959
-4200
-3060
-2460
-2052
-1133
-111
46
-91
697
-21
-726
144
-229
-879
-21
506
683
1661
2409
2485
2650
3765
3462
3246
3268
1927
790
268
-747
-2318
-3205
-3483
-3888
-3985
-3045
-2495
-2277
-1451
-376
-402
-421
422
-304
-970
-34
-434
-982
-93
428
680
1621
2365
2257
2484
3492
2859
2897
2710
1353
811
119
-752
-1778
-2681
-2846
-3123
-3065
-2200
-1798
-1420
-839
-57
33
-216
300
-143
-794
120
-228
-633
296
576
870
1815
2257
2422
2589
3309
3169
2958
3051
1756
1127
563
-509
-1356
-2525
-2961
-2904
-3246
-2640
-2065
-1763
-1289
-475
-207
-527
-30
-288
-1060
-391
-378
-1034
-203
472
627
1649
2255
2587
2756
3449
3607
3336
3264
2301
1266
624
-306
-1732
-2655
-3140
-3536
-3694
-3041
-2506
-2301
-1631
-751
-517
-444
-16
-402
-847
-117
-273
-688
184
586
947
1961
2327
2694
2805
3149
3253
3098
2866
1898
937
190
-593
-1912
-2885
-3235
-3614
-3803
-3127
-2596
-2210
-1348
-788
-268
-88
-8
58
-752
-156
-77
-784
-67
344
573
1597
2016
2431
2801
3057
3471
3275
3127
2271
1226
658
-256
-1276
-2425
-3197
-3257
-3758
-3295
-2592
-2519
-1671
-992
-664
-177
-156
-16
-649
-552
159
-729
-423
466
226
1257
2043
2000
2489
2732
2998
3060
2886
2399
1411
772
232
-786
-1808
-2697
-2839
-3115
-3156
-2425
-2315
-1814
-945
-701
-272
-112
-6
-370
-571
39
-408
-657
301
428
903
1898
2003
2452
2714
2917
3189
2988
2711
1941
1055
706
-102
-1387
-2211
-2533
-3048
-3197
-2596
-2430
-2175
-1219
-834
-569
-41
62
-319
-479
11
-286
-716
-122
120
308
1254
1654
1760
2154
2573
2669
2741
2720
1945
1090
821
203
-854
-1802
-2199
-2587
-2917
-2481
-2252
-2199
-1567
-1168
-1018
-585
-430
-641
-812
-501
-415
-728
-513
66
422
964
1673
2026
2276
2782
2964
3090
3229
2641
1805
1341
768
-108
-1195
-1967
-2368
-2777
-2825
-2585
-2390
-2076
-1596
-1247
-921
-562
-510
-690
-549
-233
-328
-349
100
598
1070
1681
2111
2411
2726
2890
3096
3151
2842
2130
1307
802
186
-857
-1815
-2410
-2835
-3098
-3113
-2893
-2621
-2214
-1636
-1269
-912
-504
-556
-689
-331
-224
-448
-216
247
691
1315
1865
2230
2631
2969
3158
3265
3124
2658
1943
1275
771
-2
-1050
-1793
-2270
-2632
-2691
-2574
-2357
-1968
-1468
-989
-643
-327
-124
-260
-322
-163
-341
-528
-227
147
539
1153
1623
1914
2334
2700
2822
2836
2770
2330
1542
932
368
-597
-1543
-2189
-2787
-3132
-3114
-2988
-2773
-2367
-1840
-1400
-1071
-699
-492
-542
-377
-126
-137
-24
407
838
1298
1861
2273
2526
2772
2964
2989
2896
2562
1931
1257
720
122
-755
-1629
-2176
-2547
-2836
-2746
-2550
-2500
-2133
-1614
-1378
-1092
-802
-941
-961
-576
-475
-526
-205
171
630
1251
1699
2074
2447
2786
2975
2927
2890
2606
1862
1191
638
-186
-1134
-1889
-2463
-2874
-2935
-2782
-2565
-2165
-1660
-1207
-865
-524
-254
-323
-324
-112
-177
-218
36
272
657
1194
1561
1908
2311
2581
2744
2826
2737
2346
1640
1007
483
-315
-1165
-1770
-2254
-2519
-2549
-2502
-2321
-1956
-1494
-1130
-913
-633
-503
-637
-542
-358
-487
-469
-148
181
615
1107
1451
1781
2205
2514
2570
2609
2584
2137
1466
954
328
-594
-1381
-1981
-2572
-2830
-2793
-2711
-2369
-1909
-1505
-1061
-693
-321
-174
-351
-194
-17
-225
-94
209
382
879
1330
1562
1995
2410
2614
2736
2801
2744
2291
1564
1053
504
-477
-1362
-1934
-2526
-2842
-2798
-2741
-2463
-2001
-1600
-1206
-843
-470
-321
-426
-204
-14
-142
70
380
644
1224
1614
1829
2311
2637
2738
2858
2875
2732
2233
1491
1003
431
-525
-1306
-1906
-2529
-2806
-2864
-2856
-2544
-2114
-1675
-1208
-830
-404
-223
-357
-212
-119
-293
-176
26
272
786
1172
1510
1998
2386
2677
2815
2833
2782
2312
1593
1042
338
-585
-1350
-1980
-2484
-2703
-2747
-2650
-2372
-2001
-1609
-1312
-1039
-658
-555
-658
-433
-287
-411
-257
15
268
717
1079
1380
1841
2201
2400
2456
2411
2374
1937
1206
760
193
-669
-1254
-1744
-2242
-2368
-2333
-2230
-1939
-1632
-1265
-892
-622
-315
-258
-399
-192
-39
-232
-191
22
205
572
887
1112
1497
1833
2053
2148
2115
2121
1762
1044
684
268
-574
-1166
-1584
-2019
-2135
-2165
-2120
-1809
-1493
-1136
-827
-655
-310
-201
-423
-283
-147
-295
-194
-3
204
621
927
1174
1523
1794
1990
2019
1938
1947
1616
979
632
219
-503
-1044
-1451
-1829
-1977
-2013
-1923
-1681
-1441
-1108
-819
-638
-311
-204
-342
-127
34
-119
-16
200
367
721
984
1141
1444
1743
1965
2010
1903
1930
1744
1206
851
428
-281
-787
-1220
-1714
-1953
-2094
-2119
-1855
-1569
-1287
-974
-705
-331
-121
-178
-40
114
81
178
292
407
698
914
1089
1315
1454
1642
1734
1655
1722
1558
1045
757
423
-214
-722
-1166
-1636
-1866
-1997
-2085
-1997
-1799
-1483
-1189
-991
-676
-507
-494
-235
-91
-168
4
226
399
692
932
1142
1379
1581
1749
1729
1656
1703
1537
1168
869
452
-66
-463
-882
-1324
-1645
-1873
-1928
-1858
-1724
-1469
-1260
-1026
-709
-610
-492
-263
-299
-217
53
168
402
727
976
1241
1427
1612
1769
1716
1710
1717
1427
1093
771
229
-289
-727
-1225
-1639
-1905
-2025
-1996
-1835
-1569
-1257
-936
-712
-528
-292
-133
-29
106
252
438
677
899
1122
1370
1560
1679
1704
1691
1703
1550
1242
958
603
152
-282
-748
-1215
-1512
-1705
-1870
-1861
-1723
-1551
-1321
-1104
-884
-677
-502
-295
-131
47
303
530
774
1033
1256
1466
1542
1516
1523
1511
1389
1132
823
497
159
-177
-607
-1033
-1269
-1359
-1413
-1446
-1434
-1311
-1127
-989
-871
-769
-622
-352
-113
30
252
510
773
1065
1223
1281
1309
1349
1401
1309
1094
904
716
469
189
-204
-629
-869
-1031
-1206
-1282
-1309
-1281
-1140
-1037
-933
-817
-719
-491
-201
64
286
507
827
1147
1285
1270
1285
1357
1327
1128
922
756
544
272
-62
-428
-724
-920
-1100
-1179
-1174
-1171
-1082
-991
-894
-753
-675
-543
-284
-24
188
415
663
923
1105
1143
1115
1124
1121
984
858
739
545
359
104
-225
-508
-776
-1011
-1131
-1244
-1325
-1268
-1173
-1051
-898
-788
-597
-266
-36
163
528
845
1048
1206
1221
1209
1236
1096
890
765
583
370
130
-165
-399
-637
-870
-960
-1027
-1115
-1065
-950
-834
-696
-634
-523
-267
-29
122
328
585
842
1041
1045
1029
1030
930
817
701
493
314
144
-105
-292
-505
-741
-840
-887
-960
-982
-927
-821
-674
-552
-465
-292
-61
122
305
531
729
878
984
1021
984
885
782
655
478
291
89
-117
-297
-465
-661
-796
-829
-839
-839
-797
-720
-606
-505
-404
-272
-127
43
244
423
585
742
814
863
888
816
733
621
501
377
192
34
-123
-298
-449
-614
-763
-833
-873
-882
-812
-732
-656
-530
-362
-199
-49
125
343
516
631
757
796
791
796
720
617
526
401
296
180
-33
-204
-286
-416
-578
-706
-781
-750
-713
-710
-634
-521
-355
-184
-79
58
246
423
573
657
692
734
722
660
609
503
338
237
146
-10
-151
-286
-391
-463
-540
-605
-652
-646
-585
-508
-459
-420
-342
-181
-29
11
75
297
490
534
583
608
586
588
574
438
271
246
217
98
-34
-154
-273
-356
-418
-535
-600
-584
-550
-491
-431
-380
-276
-116
-2
86
174
276
402
475
474
456
466
463
407
299
205
152
78
0
-81
-168
-216
-256
-323
-388
-413
-383
-350
-354
-318
-207
-118
-62
-16
20
120
258
304
292
309
342
371
364
265
157
155
153
65
-8
-77
-170
-193
-201
-263
-325
-350
-301
-226
-220
-246
-184
-107
-54
21
36
71
167
243
265
250
264
291
277
250
232
137
22
32
22
-86
-171
-228
-229
-176
-207
-286
-267
-206
-161
-98
-59
-47
13
84
129
157
140
121
178
209
143
92
102
99
57
21
-4
-35
-51
-55
-81
-136
-145
-118
-118
-116
-93
-67
-27
7
19
40
70
82
95
90
72
93
91
30
15
37
16
-8
-15
-36
-47
-27
-42
-78
-71
-50
-60
-62
-30
-21
-34
-21
18
35
31
45
59
49
60
83
47
4
22
34
3
-27
-33
-33
-27
-19
-33
-48
-32
-12
-15
-27
-41
-21
19
0
-21
15
20
4
30
23
11
42
30
8
47
29
-7
28
23
-25
-8
9
-16
-16
-17
-29
-11
-3
-23
-22
-2
1
7
13
3
-4
9
17
-2
-17
-7
-4
-15
-11
-6
-20
-15
8
3
2
20
18
11
30
30
-1
1
18
2
-17
-14
-2
-8
-5
0
-2
3
15
10
-3
0
4
-7
-12
-8
-13
-26
-24
-15
-16
-18
-21
-24
0
25
5
-14
14
56
48
14
14
33
41
29
0
-22
-17
0
-7
-29
-37
-27
-10
-7
-8
-19
-17
12
30
12
-4
12
18
20
13
-2
0
4
0
-13
-16
-2
-2
-13
-11
0
4
-2
-2
-4
0
15
4
-21
-6
8
-1
0
0
-6
-3
15
18
-1
4
26
20
12
15
8
-6
2
2
-14
-18
-15
-23
-28
-3
-3
-28
-26
-1
9
1
-3
-3
4
26
33
6
-9
17
33
16
4
2
7
17
10
-12
-19
0
3
-14
-22
-16
-12
-6
-14
-24
-18
-2
1
0
-6
-10
11
24
11
-1
3
10
26
41
3
-26
7
27
5
0
-17
-36
10
29
-25
-39
-10
2
7
7
-17
-18
11
28
15
-5
-4
16
21
5
0
-4
-11
3
9
-18
-29
-2
-7
-31
-14
0
-21
-14
6
-12
-13
17
15
0
16
38
31
25
30
35
29
35
38
14
-4
-2
4
-7
-25
-32
-32
-36
-32
-24
-37
-48
-36
-24
-23
-27
-32
-31
-12
0
-3
-4
-2
14
32
34
19
20
41
37
24
30
31
21
27
34
13
9
16
-2
0
11
-14
-27
-14
-6
-9
-23
-26
-19
-21
-23
-17
-19
-34
-24
-5
-13
-14
-3
-8
-8
6
15
7
0
19
26
12
23
30
18
20
28
17
8
4
10
11
-13
-16
0
-13
-21
-12
-32
-27
-2
-16
-30
-20
-10
0
0
-11
-5
3
4
14
15
10
17
21
23
30
33
18
17
26
12
14
19
-7
1
14
-26
-11
5
-35
-24
-7
-33
-25
-24
-26
-10
-25
-14
-1
-32
5
29
-24
-5
34
13
15
23
16
22
30
37
19
-2
27
35
-9
-5
24
-4
-21
-4
-11
-6
-5
-31
-24
-8
-9
-19
-39
-10
16
-18
-24
-3
2
18
-6
-32
6
31
6
-23
-11
23
14
-4
-8
-7
21
25
-6
-4
20
31
8
-11
18
33
6
4
9
8
11
5
-2
-8
-15
-1
1
-26
-40
-15
2
-19
-36
-26
-13
7
8
-15
-15
19
36
12
-2
6
23
32
20
-2
-7
20
36
2
-30
-2
9
-5
-11
-25
-20
-3
3
-20
-31
-1
8
-10
-13
0
5
6
4
3
5
16
19
3
1
19
17
0
0
3
0
0
-11
-12
3
-7
-18
-9
13
10
-11
-7
14
23
10
-6
-5
11
23
-5
-25
-8
7
-3
-24
-20
-1
-3
-2
0
-2
7
12
9
11
6
2
3
2
8
1
-19
-17
3
8
-19
-32
8
24
-7
-22
8
26
4
-10
0
15
11
-5
-15
3
12
-3
-9
4
12
-1
2
18
13
0
0
-1
0
3
-6
-26
-19
1
-5
-26
-16
-2
-11
-12
8
9
-8
4
26
11
-8
9
24
7
-2
13
14
0
1
6
2
-3
-7
-9
1
12
-3
-22
-1
21
4
-25
-16
5
4
-6
-10
-8
0
3
0
-6
-7
4
12
2
0
9
4
-5
-1
8
2
-6
0
-1
0
4
-1
-2
9
6
1
4
0
0
5
4
-9
-7
7
2
-6
-12
-8
7
-4
-21
0
9
0
0
-2
1
12
7
2
-2
1
12
6
-10
-4
0
0
4
-5
-9
3
5
-3
-8
-6
7
7
-13
-9
8
2
0
-11
-10
18
2
-18
-2
6
6
0
-8
5
14
3
-4
-2
5
4
1
0
-5
2
7
2
-2
-7
0
12
7
-12
-12
2
8
5
-16
-16
10
10
-4
-10
-8
4
7
-6
-7
2
9
4
-4
2
6
-3
-2
5
-2
-3
0
2
6
1
-6
-3
4
5
-4
-7
4
6
-1
-3
0
0
1
-3
-1
0
-1
0
0
5
0
-9
1
6
7
0
-8
-2
8
12
-3
-26
1
25
4
-19
-16
8
20
-3
-22
-4
10
7
3
-3
-11
7
10
-8
-7
0
3
-1
1
8
-1
-5
4
0
-5
4
0
-10
0
10
1
-9
-1
5
-1
-5
0
4
-2
3
4
-7
0
9
0
-9
5
12
-5
-8
2
6
-1
0
-4
-5
6
7
-8
-11
8
9
-8
-5
6
5
-5
-4
2
6
4
-4
-5
2
9
-1
-7
-4
2
7
0
-8
-7
3
5
-5
-4
-1
-1
3
3
-8
-2
8
2
-3
-1
6
4
1
-1
0
2
5
0
-3
0
1
2
0
0
-1
-2
0
4
0
-4
-4
2
7
-3
-12
-5
12
9
-4
-7
-5
1
6
2
-3
-3
1
2
0
1
0
0
1
1
-1
0
3
1
-1
-1
0
3
4
0
-6
-4
1
4
4
-3
-8
-1
2
0
-2
-2
-4
2
2
-4
-2
-2
0
6
5
0
1
-1
0
6
3
-2
-4
-2
1
2
0
-1
0
-1
1
1
0
0
0
0
-2
3
2
0
1
2
0
-1
1
-1
0
-4
-3
2
0
-2
0
-4
-5
-1
-2
-2
-2
-3
3
4
-1
-3
-1
1
4
3
0
0
1
4
0
-3
0
4
2
1
0
2
2
1
-1
-2
0
1
0
2
1
-6
-4
0
4
1
-9
-10
6
11
0
-10
-7
6
11
0
-14
-6
12
12
-2
-11
0
11
6
-8
-7
1
5
3
-1
-4
0
5
-1
-5
0
2
2
-3
-6
5
6
-1
-3
-1
0
2
1
-2
0
1
4
0
-3
-2
0
0
-2
0
0
-3
0
1
-3
-2
0
1
1
-2
-2
1
0
0
0
0
2
-1
-1
1
4
3
0
-3
0
3
0
-4
0
2
-1
0
-1
-1
3
1
1
-3
0
2
-3
-2
-2
1
0
-2
2
2
-1
4
0
0
-2
-6
1
1
-3
4
5
-1
0
0
-5
-2
0
1
5
4
6
2
-4
-3
-5
-7
-5
-1
3
6
5
3
3
2
-1
-5
-5
-4
-1
4
1
1
3
2
0
-3
-1
0
0
0
-1
0
0
1
0
-2
-1
-1
-3
0
2
2
4
2
3
0
-5
-4
0
3
3
1
0
-3
0
0
-1
0
-3
0
3
0
0
0
0
-1
-1
-1
0
4
4
1
-4
-4
-1
3
2
-1
-5
-6
5
7
5
0
-7
-4
0
1
0
0
2
0
1
0
-3
-3
2
3
-1
0
0
0
7
3
-5
-2
1
3
2
0
-6
-5
0
4
0
-4
-1
-1
0
2
-1
0
1
0
0
0
1
2
0
0
0
0
0
0
-1
0
1
-1
0
0
-3
-2
4
4
-2
-4
0
2
2
1
0
-3
0
3
0
-1
0
-2
0
2
0
0
0
1
1
-1
-1
-2
-1
0
4
0
-4
1
2
0
0
1
-2
1
4
0
-2
-3
-1
1
1
0
-1
-4
0
3
0
5
-2
-7
5
3
-4
0
3
-1
0
4
0
-1
-2
-1
2
1
-1
-1
-6
-1
4
-1
-1
0
0
0
0
2
-2
1
4
3
-2
-5
2
1
-4
1
3
-1
1
0
-2
1
1
-1
-6
2
4
-2
-1
0
1
-2
0
0
-4
-1
3
2
0
0
-4
0
4
6
-3
-4
0
-1
2
1
-6
-1
4
2
0
-1
0
2
5
4
-2
-4
0
-1
2
4
-3
-3
3
3
3
0
-3
2
-1
-3
0
-1
-6
-1
6
-2
-3
2
-3
0
2
-1
1
1
-3
1
5
-3
-1
3
0
1
-1
-4
1
4
-2
-1
0
-2
1
2
0
-1
-1
1
-1
0
2
-1
0
4
-1
-3
2
-1
3
3
-7
0
5
0
-1
0
-1
3
3
-4
-1
3
1
-1
-2
-3
0
3
-3
-1
2
-2
-1
2
0
0
0
0
2
0
-1
2
0
0
1
-1
0
0
0
1
0
0
0
0
-2
-1
0
2
-1
0
0
-1
1
2
1
-2
0
0
0
0
0
0
0
0
-1
-4
0
3
0
0
0
-3
-1
1
0
0
2
0
-3
1
2
0
2
1
-2
-2
-1
0
2
0
0
0
-2
0
0
1
1
2
0
-1
-1
0
0
-1
0
0
-1
0
0
0
-2
-1
5
0
1
-1
-1
-1
-2
-2
0
1
2
0
-3
0
0
0
0
2
2
-1
1
-3
0
1
1
0
-1
0
0
0
1
1
1
1
-1
-1
1
1
0
-3
1
2
-4
-3
5
0
0
3
-2
-6
2
5
-1
-2
0
3
-1
-1
0
-1
-1
7
0
-10
0
7
0
-5
-2
3
2
0
-1
-2
3
0
0
0
-3
3
5
-4
-1
7
0
-7
-5
5
-3
-6
6
2
-3
4
1
-5
-1
3
0
-2
3
4
-5
-3
9
1
-6
3
6
-4
-3
8
0
-11
0
5
-1
-6
3
8
-4
-4
0
2
-1
-3
0
4
0
-4
1
4
1
-3
-1
2
3
0
-5
-1
5
-2
-6
2
4
3
-5
-4
4
5
-4
-5
6
5
-6
-3
6
2
-5
-3
2
1
0
1
-1
-3
2
1
-5
5
4
-8
-6
6
2
-7
5
7
-8
-3
11
0
-10
6
10
-11
-13
13
5
-12
0
13
-5
-13
9
7
-9
-1
10
-3
-11
7
7
-9
-4
11
1
-10
1
8
-1
-2
7
-1
-9
0
9
-1
-6
3
0
-4
3
5
-8
-9
8
13
-4
-11
4
7
-7
-1
9
-4
-11
9
8
-11
-2
8
0
-9
2
5
-2
-6
1
7
-4
-4
10
6
-10
-6
6
3
-3
-3
6
10
-7
-10
7
2
-11
3
14
-8
-9
9
0
-3
4
-5
-15
7
16
-6
-8
10
5
-13
0
11
0
-9
0
11
-4
-7
8
-1
-10
2
10
0
-4
-1
-2
-1
0
3
7
-5
-8
6
1
-7
1
4
-3
0
0
0
2
0
-5
-3
11
4
-9
0
10
-2
-11
5
6
-4
-1
-5
-1
7
-5
-7
7
8
-2
-7
-1
7
7
0
-7
4
-4
-11
22
13
-22
-11
11
1
-7
-1
8
2
-5
-4
-4
4
6
1
-2
-4
5
0
-8
5
1
-7
5
-2
-8
6
4
-1
0
0
4
-3
-12
8
15
-17
-12
22
-1
-21
11
10
-10
6
-4
-4
18
-9
-13
20
2
-18
7
9
-9
-2
10
-1
-10
3
1
1
-3
-14
17
19
-23
-7
17
0
-12
-1
1
4
7
-7
-8
8
4
-4
-4
0
5
5
-6
-3
13
2
-11
-5
5
4
-6
-1
0
10
6
-14
0
15
-5
-9
5
-3
-5
15
5
-10
1
2
-7
-4
-2
0
7
0
0
7
-6
-13
9
2
-15
3
6
2
10
-2
-12
6
6
-11
-3
9
1
6
12
-9
-14
6
2
-7
2
0
0
4
-10
-10
11
1
-6
6
-1
3
11
-7
-9
10
2
-14
10
19
-17
-12
15
-5
-15
18
11
-21
3
16
-11
-7
12
-5
-10
9
3
-6
5
3
-7
6
0
-14
1
4
-5
4
1
-5
6
4
-14
-2
13
0
0
-1
-4
7
6
-14
-8
20
8
-15
-3
10
2
-13
-3
11
2
-12
0
12
-5
-10
5
5
0
0
2
0
-8
0
17
-1
-16
5
10
-2
-7
-2
13
-1
-13
5
3
-14
7
12
-15
-3
14
-1
-8
6
0
-7
5
7
-10
-6
5
-5
4
10
-9
-6
14
8
-11
-8
3
0
3
6
-7
-7
8
6
-3
1
-5
-7
10
3
-8
0
8
1
-2
-1
-8
-2
8
0
-7
3
8
-3
-3
0
-3
1
0
1
-2
-1
4
4
7
1
-22
-9
24
5
-13
0
-5
-5
10
8
-9
-14
8
16
0
-2
-7
-13
8
18
-1
-3
5
-6
-3
2
-4
3
17
-4
-27
-6
15
7
3
0
-21
-10
18
15
-8
-12
0
6
2
4
5
-2
-8
-4
5
1
0
0
2
-4
-6
8
10
-1
-11
-5
3
6
5
-6
-10
13
18
-12
-23
5
26
1
-19
-3
7
-1
2
13
-1
-19
-5
10
-1
-13
5
12
-3
-10
-4
-2
7
11
-1
-12
-15
11
28
0
-21
-8
14
9
-7
7
2
-15
3
6
-2
8
2
-16
0
15
-5
-7
3
1
3
-1
-11
0
15
10
-14
-17
6
15
-4
-15
0
5
10
3
-22
0
16
-16
-6
14
2
4
1
-15
4
22
-5
-12
10
4
-4
4
2
-1
-1
0
2
-1
-3
2
3
-1
-3
-4
1
4
-3
-5
0
-1
-3
7
0
-11
6
2
-15
17
13
-29
4
27
-24
-12
35
-3
-25
4
9
7
-3
-16
16
14
-22
-5
11
4
10
-5
-17
13
8
-11
-6
-1
8
1
-21
-1
11
-1
-2
-6
-2
6
0
0
-2
-6
14
6
-14
-3
17
6
-13
0
10
-2
-2
-4
-2
15
0
-14
7
6
-4
5
4
-3
-3
-3
8
6
-14
-9
16
1
-23
-3
12
-1
-11
-3
7
3
-8
-5
7
8
-1
-3
4
5
0
5
2
0
3
2
6
1
-4
4
6
-5
0
0
-1
-1
-4
-3
1
-1
-4
-1
-2
-2
-5
-4
0
-2
-2
-2
-3
0
-1
-1
0
-1
-3
0
1
0
0
0
-1
2
3
5
5
1
0
2
1
0
7
3
-2
0
-2
3
4
0
-2
0
0
-4
0
2
0
-4
-3
0
-1
-2
-2
-1
0
0
-2
0
0
0
0
-4
5
2
-2
-1
-1
8
4
-2
-4
-1
0
-1
3
8
3
-9
-9
0
11
8
-4
-8
0
2
-3
0
5
4
-3
-9
0
4
2
-3
-2
4
-1
-7
1
2
1
0
-1
0
2
-1
-6
3
6
-1
-4
-2
0
1
3
0
-2
0
-1
0
7
0
-10
-1
4
1
3
1
-5
-1
7
0
-2
0
0
4
5
3
-13
-4
15
1
-8
-1
-5
0
17
-3
-22
1
8
-3
9
1
-22
4
27
-3
-19
2
1
0
15
-5
-22
6
19
-2
-9
0
-6
11
13
-18
-7
8
-3
4
5
-15
1
14
-6
-5
7
1
-3
4
-1
-8
7
8
-11
0
13
-3
-6
2
-3
-3
9
4
-11
-3
6
-1
-3
4
-5
-5
10
-1
-4
4
-1
-3
4
2
0
3
-5
-2
4
1
0
-2
-1
3
3
-2
-5
3
3
1
1
-6
-2
0
0
2
0
1
0
0
-3
-1
2
-1
1
0
-1
0
1
0
-5
-1
3
-1
-2
2
2
-2
-1
1
0
0
2
0
-2
2
2
0
-1
0
0
0
0
0
1
-2
1
0
-3
4
2
-2
0
1
1
0
-1
-1
0
0
2
0
-7
-1
4
2
1
0
0
-1
0
1
-1
0
-2
-1
0
-1
1
-1
0
3
0
0
0
0
3
1
2
0
-1
0
0
-1
0
1
0
-3
0
2
1
0
2
-1
-4
-1
-2
-1
2
1
-3
-1
3
3
0
0
0
-1
-1
2
2
1
3
0
-1
-1
-2
0
0
-1
2
0
-1
1
0
-1
-1
0
0
-4
1
2
2
3
0
1
0
1
2
-1
-2
-2
-1
0
0
0
0
0
-1
2
0
-1
0
-1
0
0
-2
1
2
0
0
0
1
0
-2
0
0
-1
0
0
0
2
0
0
0
-1
0
-1
0
2
-1
-1
0
0
1
2
1
2
0
0
-1
-1
-1
0
0
-1
0
0
1
0
0
1
0
0
0
-2
-2
1
0
0
3
-1
0
2
-1
0
0
0
0
0
1
0
0
0
1
0
-1
2
-2
-1
1
-1
-1
3
0
1
4
-1
0
0
-3
-1
-1
-1
-2
2
2
0
2
0
-2
-2
0
0
-2
0
1
-2
1
2
0
1
1
3
-1
0
0
-2
-1
0
1
1
0
1
0
1
0
-1
0
-1
-1
0
0
0
0
0
0
-1
-1
2
0
0
0
0
0
0
0
-1
0
0
0
0
0
0
-1
0
0
0
0
1
0
1
0
0
1
0
-1
-1
0
0
-2
-1
0
2
0
0
0
0
-1
-1
2
0
-1
0
-1
0
0
0
1
-1
2
0
-1
0
2
0
0
2
1
1
-1
0
0
0
0
0
-1
-1
2
0
-1
-1
-3
-2
0
0
0
-1
0
1
1
1
0
0
0
1
2
0
1
1
-1
0
0
1
0
-1
1
0
-1
0
0
0
0
0
0
0
1
0
-1
1
0
0
1
-1
1
3
0
1
0
-1
0
0
-1
0
1
-2
-2
0
0
0
0
-2
0
0
0
1
0
0
0
-1
0
1
0
0
-1
0
0
0
0
1
2
0
2
1
0
0
1
-1
1
0
-2
-1
0
-1
0
0
-1
-1
0
0
0
0
1
1
0
1
0
2
0
1
3
0
0
-1
1
1
0
0
-1
0
-1
0
0
-1
-2
-1
-1
-1
0
1
1
0
0
0
0
0
1
0
0
0
-1
3
1
0
2
0
1
0
0
0
-2
-3
-1
1
1
0
-1
0
0
1
0
-1
0
1
1
0
1
-1
0
0
0
0
0
0
0
2
0
0
0
-3
-1
-1
0
1
1
3
-2
-2
1
1
0
0
2
0
1
0
-1
0
-1
-1
-2
-1
0
0
0
0
0
1
0
0
1
1
-1
0
1
1
1
0
-1
-1
0
0
1
3
-2
0
-1
-3
1
0
-1
0
-2
0
1
-1
3
1
-1
0
0
1
2
0
0
0
-2
1
-1
-2
1
-1
-1
1
1
1
0
-1
1
-1
-1
0
0
0
2
0
0
0
-2
-2
-1
1
2
1
0
0
2
0
0
-4
-1
0
0
4
0
0
0
-2
0
1
0
0
0
0
1
3
0
0
-1
0
0
-1
0
0
0
0
-3
-1
0
0
1
0
0
0
0
-1
0
0
2
2
1
1
0
1
0
0
-1
-2
-1
0
0
-1
0
1
-1
0
0
0
0
-2
0
2
2
0
-1
0
0
1
0
1
0
1
2
-1
1
0
-3
0
0
0
0
-2
1
2
0
1
0
0
0
0
0
0
1
0
0
-1
0
0
0
-1
-1
-1
0
2
2
0
1
-1
-2
0
0
0
-1
0
1
0
0
0
0
0
0
0
2
0
-1
0
-2
-1
1
-1
0
0
0
1
-1
0
0
0
0
0
0
1
0
0
1
0
-1
0
0
0
0
0
0
0
0
0
-2
0
0
2
0
-1
2
-2
0
2
0
0
0
0
0
2
-1
0
0
-3
-1
-1
0
0
0
0
0
0
0
0
0
2
0
0
2
0
-1
0
0
1
0
0
1
1
1
-2
-2
0
-1
-1
0
0
0
0
-1
-1
0
2
0
-3
-3
2
0
0
0
3
1
0
0
-1
-1
2
0
-1
0
0
0
1
0
0
1
0
-1
0
-2
-1
0
0
-1
1
2
1
3
0
-1
0
-2
-2
-1
-1
0
0
1
0
0
0
0
0
0
3
0
3
2
-1
1
-1
-1
1
1
-1
-2
-1
1
0
0
0
0
-1
0
0
0
0
0
-3
-2
2
2
1
-1
0
1
-1
2
0
0
0
1
0
-1
1
0
-2
0
4
1
0
1
-1
0
0
1
-1
-1
0
-1
0
-2
0
-1
0
0
0
1
-1
-1
1
0
1
1
-1
0
0
0
1
0
0
3
-3
0
0
1
1
-1
0
-1
1
-2
-4
0
0
1
0
0
1
1
2
0
0
0
0
0
0
2
2
2
-1
2
2
0
2
1
0
-1
-2
-4
-1
-2
-4
-3
-4
-2
-3
-6
-5
-4
-2
-7
-3
0
2
5
7
7
11
9
10
10
10
13
9
11
11
7
7
1
-2
-7
-13
-15
-17
-18
-18
-19
-19
-16
-15
-16
-13
-13
-6
0
3
7
16
25
27
30
25
26
28
23
20
15
10
8
-1
-5
-9
-19
-21
-27
-32
-27
-29
-33
-28
-27
-21
-15
-11
-3
5
11
21
23
30
38
34
37
35
31
31
24
19
13
6
2
-6
-14
-19
-27
-28
-31
-37
-36
-34
-31
-29
-25
-20
-11
-6
2
12
14
27
31
29
31
32
34
27
22
20
12
8
0
-7
-9
-12
-18
-20
-23
-19
-16
-21
-17
-13
-8
-3
-2
0
5
9
8
10
13
13
11
7
4
2
1
-2
-9
-6
-5
-4
-4
-4
-5
-3
0
1
5
8
11
10
9
14
16
15
14
11
9
5
-1
-5
-6
-9
-11
-14
-15
-15
-19
-17
-19
-18
-13
-12
-7
-2
-2
2
6
9
11
13
16
19
14
13
13
14
13
9
9
4
2
0
-3
-4
-10
-12
-9
-11
-14
-15
-13
-14
-14
-10
-7
-2
0
1
5
10
9
9
12
11
11
10
8
6
6
3
0
-2
-1
-3
-4
-4
-6
-6
-6
-7
-5
-6
-3
-2
-6
-2
1
0
1
3
4
1
0
4
5
0
1
1
1
2
0
0
3
0
0
1
0
0
0
0
0
0
0
0
0
1
1
3
0
0
0
-1
0
0
-4
-7
-8
-4
-3
0
0
-1
0
0
1
2
0
0
2
5
3
6
6
2
1
0
-2
-3
-2
-3
0
1
0
-1
-3
-1
0
0
0
-2
-2
0
1
0
1
1
2
2
-3
-4
-3
-1
0
0
1
-1
-3
0
3
1
0
0
1
2
2
1
2
5
1
0
5
3
3
4
0
-1
0
-1
-3
-5
-5
-4
-3
-2
-4
-6
0
0
0
-1
-1
2
1
1
1
1
2
0
0
0
0
3
2
-5
1
4
0
1
0
0
1
0
-2
0
0
-2
0
-1
0
2
1
0
-1
-2
-1
0
0
-3
-5
-2
0
0
0
0
0
0
0
2
1
0
0
2
3
3
3
5
5
3
1
0
-2
0
-1
-5
-2
-3
-6
-3
-2
-3
-3
-1
0
0
-1
-1
-1
0
0
-2
1
3
4
2
3
5
1
3
4
0
1
1
-2
0
0
0
-1
-3
0
1
-1
-2
-3
-3
-2
0
0
0
0
1
0
-1
0
0
2
0
0
0
0
0
-1
0
0
1
2
0
0
2
-1
-2
0
1
-1
0
0
0
1
1
0
-2
0
0
0
0
0
0
-1
0
-1
-2
0
-1
0
3
0
0
-2
1
2
0
1
0
0
1
1
1
0
1
2
-1
0
0
-1
-1
-2
1
3
0
-2
-1
-1
0
0
0
0
1
0
0
0
1
0
-1
0
0
0
0
0
0
-1
0
0
0
0
0
0
-1
-1
0
0
-1
-1
0
0
-1
1
0
0
0
0
0
0
0
0
0
0
0
0
0
1
1
0
0
1
2
0
0
1
0
-1
2
1
0
0
0
-2
0
0
0
-1
-1
-2
0
0
0
1
-1
-1
0
0
-4
-2
0
0
0
0
-1
0
0
0
0
-2
-2
2
2
0
0
0
2
2
1
2
0
0
-2
0
0
1
2
1
2
0
-1
0
-1
0
0
-2
-1
0
0
0
0
0
1
0
-1
0
-2
-1
-1
1
0
-1
0
0
1
0
-1
1
1
0
0
1
-1
-1
1
1
1
1
0
0
0
0
0
1
2
0
0
-2
0
0
-1
-1
-1
-2
-2
-3
-3
-1
0
0
-1
0
1
1
0
0
2
3
0
-1
0
0
0
0
1
0
0
2
1
0
0
3
0
-1
1
2
-2
-5
1
0
-5
-1
-1
0
0
0
1
0
0
2
2
0
0
2
0
0
2
-1
0
0
0
0
0
0
0
-2
0
0
-1
-1
-1
0
0
0
0
-1
0
2
1
0
0
2
1
1
-2
0
0
-1
0
0
0
0
0
0
0
0
-1
0
1
0
0
-2
0
0
0
0
0
0
0
0
0
0
-3
0
0
-1
-1
-1
0
3
0
0
1
0
0
0
1
1
-1
0
1
0
1
2
1
0
-1
-1
0
2
2
0
-2
0
-1
0
0
0
0
0
0
-2
-3
0
0
-1
0
1
0
0
1
1
0
-1
0
0
0
4
0
-1
0
-1
-1
0
0
0
1
0
-1
0
0
0
0
0
0
1
0
0
1
0
1
0
0
-1
-1
-1
-2
0
0
0
0
0
-1
2
2
0
0
-1
0
0
0
1
0
2
2
1
5
2
0
0
-2
-3
-1
-1
0
-3
-1
0
-1
0
0
0
0
0
1
1
0
0
0
-1
0
1
0
0
2
-3
-1
1
-1
1
1
0
1
0
2
2
0
1
0
0
0
0
0
0
0
-2
-3
-1
0
0
-1
-2
-3
-1
2
2
1
0
0
1
3
3
0
0
1
0
0
0
0
0
-1
0
-1
0
-2
-5
1
4
0
-1
0
0
0
1
0
0
0
1
-1
-2
0
2
-1
-2
0
0
0
0
0
0
1
1
1
0
1
0
0
2
0
0
0
0
0
0
0
0
0
-1
-1
-2
-1
0
0
0
-2
-1
1
0
0
0
0
0
1
2
0
0
-1
0
3
0
0
0
0
0
0
0
-1
0
-1
1
1
1
0
0
2
0
1
0
0
1
0
0
0
-1
-1
0
0
0
0
-1
-1
-1
0
-2
0
-1
-1
-1
0
1
-1
0
1
-1
-1
0
1
1
-1
0
3
0
0
0
0
-1
0
2
1
0
-1
2
1
-1
0
0
1
0
-1
0
0
0
0
0
0
0
1
0
-1
0
0
0
-1
-2
0
0
-1
0
-1
-2
0
0
0
0
-1
1
0
-2
0
0
0
1
3
1
0
-1
1
0
1
2
2
0
0
1
0
-1
1
1
0
1
-1
-2
0
0
0
0
1
-1
-4
-1
0
0
1
0
-3
0
2
-1
0
-2
-3
-1
1
2
0
-2
0
0
0
0
1
0
0
2
2
0
0
0
1
1
1
0
-1
0
0
1
1
-2
1
1
-2
-2
0
0
-1
0
0
0
-1
0
0
-1
0
0
0
1
0
1
0
-1
0
0
0
0
1
0
0
1
0
0
0
0
-1
-1
0
-2
-1
0
0
1
0
1
1
0
0
1
0
0
0
0
-1
0
0
-1
-1
-3
-1
0
0
0
0
0
0
0
1
2
0
0
0
0
0
-1
0
0
0
0
-1
0
0
0
-1
-2
0
1
0
1
0
1
0
1
1
0
1
0
0
1
1
0
0
-1
0
-2
0
-1
0
0
-2
-1
0
2
0
0
-1
-3
0
1
0
1
0
0
-1
0
-1
0
1
0
1
1
-1
0
2
1
0
-1
-1
0
0
0
0
2
1
0
0
-1
0
0
0
-3
-2
0
0
0
0
0
0
0
-1
1
0
-2
0
0
2
1
-3
2
0
0
0
0
2
1
1
0
0
0
0
0
0
0
0
0
-1
-1
0
-1
-1
0
0
-2
-1
0
0
0
0
-1
1
0
0
0
0
0
0
1
1
1
0
-1
1
4
1
0
0
-1
0
0
1
1
0
-2
-3
0
1
0
0
-1
-1
0
0
0
0
0
0
0
0
0
0
1
0
0
0
1
1
-2
0
0
0
0
0
0
0
-1
-1
0
3
1
0
0
-1
-1
2
0
0
0
0
0
2
0
-1
0
0
0
2
0
-1
-2
0
0
-2
2
1
-1
-1
0
0
0
0
1
1
0
-1
0
0
-1
0
0
0
0
0
1
1
0
-1
-2
-1
0
2
0
0
0
0
0
0
-2
0
1
-1
1
0
0
0
0
0
0
0
0
-2
0
0
1
0
2
1
0
0
0
0
0
0
0
0
0
0
-2
-1
0
0
1
0
-1
0
0
0
0
0
-1
-1
1
0
0
-1
0
2
0
-1
0
0
1
0
-1
0
0
0
-1
0
0
1
1
-1
-1
1
2
0
1
0
1
0
-1
0
0
0
0
0
0
-1
0
2
1
-2
-1
1
1
0
-1
-2
0
3
0
-2
1
1
-1
0
-1
-1
2
0
-5
1
1
-1
1
0
0
2
1
0
-1
-1
0
0
1
0
0
3
0
-1
0
1
1
0
0
0
0
0
0
0
0
0
-2
-1
2
0
0
0
-1
-2
-1
0
0
0
-1
-1
0
0
-2
-1
1
0
1
0
0
1
0
0
0
2
0
0
0
0
0
0
3
0
1
0
-2
-2
-1
0
-1
1
2
1
0
0
-1
0
0
-1
-1
0
1
1
1
-1
0
0
-1
0
0
0
-1
0
0
0
0
0
0
0
0
-3
1
3
0
-1
0
0
1
0
-2
-2
0
0
-1
0
1
0
0
1
0
-2
0
2
0
-2
-1
1
0
0
1
0
1
0
0
0
0
-1
-1
0
0
-1
1
0
0
1
0
0
0
0
0
1
0
1
0
-1
1
0
1
0
-1
0
0
0
-1
-2
0
0
-2
0
-1
-3
-1
0
1
1
4
2
4
2
0
2
1
-2
0
0
-2
-2
-1
0
1
4
5
3
1
-1
-2
-4
-4
-6
-4
0
3
8
11
13
13
10
6
3
-1
-7
-14
-17
-17
-14
-10
-4
-1
2
0
-5
-12
-22
-30
-29
-20
-8
10
32
46
51
51
40
25
11
-1
-3
-4
2
14
23
28
23
12
-2
-17
-27
-33
-33
-27
-20
-13
-10
-11
-13
-18
-24
-25
-24
-20
-12
-8
-5
0
0
3
10
19
32
43
53
56
56
49
36
21
9
-2
-8
-7
-6
-4
-7
-14
-26
-44
-58
-69
-76
-70
-60
-44
-29
-16
-4
3
9
11
14
21
32
43
54
61
64
68
69
67
65
57
46
33
16
0
-20
-40
-63
-80
-93
-100
-102
-100
-96
-82
-68
-50
-29
-4
25
50
71
90
101
106
101
92
87
75
63
52
38
23
2
-19
-36
-53
-70
-81
-86
-86
-79
-73
-68
-52
-40
-24
-7
6
21
33
48
55
61
63
62
59
51
40
26
13
-4
-20
-31
-45
-54
-61
-67
-64
-56
-46
-37
-22
-7
6
22
34
45
58
64
68
69
62
55
46
32
16
0
-14
-27
-38
-47
-56
-60
-65
-69
-72
-71
-67
-59
-47
-31
-12
8
31
56
75
90
104
109
107
105
98
85
68
49
29
10
-6
-27
-43
-59
-70
-78
-84
-86
-87
-86
-82
-80
-74
-64
-54
-41
-26
-9
9
24
38
50
62
70
72
74
73
70
62
52
44
27
14
3
-10
-22
-32
-41
-50
-53
-56
-57
-52
-47
-39
-30
-17
-7
0
11
18
16
19
19
20
23
28
26
30
30
28
26
18
13
4
-2
-6
-12
-13
-14
-16
-15
-14
-12
-9
-10
-7
-5
-7
-6
-2
1
1
3
8
8
8
9
8
10
12
10
3
4
2
2
0
-4
-3
-6
-7
-7
-7
-2
0
2
2
2
6
1
1
-1
-5
1
-6
-9
-2
-3
0
0
-4
-3
0
-7
-9
-11
-13
-13
-12
-11
-8
-5
-1
3
3
3
6
11
11
11
14
13
14
14
12
16
11
10
6
3
1
-2
-4
-8
-12
-14
-14
-18
-19
-17
-17
-16
-13
-9
-9
-6
-1
0
3
5
7
12
14
15
17
19
17
16
16
13
11
5
3
0
-6
-7
-6
-9
-14
-12
-14
-13
-11
-9
-7
-8
-7
-5
-3
-1
-2
-1
1
1
4
6
7
8
6
5
3
4
5
4
3
5
4
3
0
-2
-2
-3
-4
-4
-1
0
-2
-3
-2
-3
-2
-2
-2
-2
-4
-4
-2
0
-1
-1
1
1
4
10
8
11
14
13
13
10
11
8
2
3
2
-3
-3
-5
-9
-9
-8
-9
-12
-8
-8
-10
-6
-2
-4
-3
0
0
0
5
4
4
5
4
4
6
5
3
0
2
1
2
2
0
-1
-3
-4
-5
-5
-1
-1
-4
-4
-3
-4
-4
-1
0
-1
-3
-1
0
-2
1
0
-1
1
1
0
3
3
1
6
6
1
5
5
3
5
4
5
4
2
4
1
0
0
-2
-2
-3
-3
-3
-6
-3
-3
-5
-3
-2
-4
-3
0
-1
-3
3
1
0
3
3
4
8
6
4
5
2
1
6
2
0
0
3
4
0
0
0
-3
-3
-1
0
-2
0
0
-2
-2
-1
-2
-4
-6
-7
-10
-6
-5
-6
-3
-3
-5
-7
-4
-2
-6
-5
-1
0
-1
2
5
2
7
4
0
4
5
3
6
7
4
7
7
2
3
4
3
4
3
1
4
4
2
1
1
0
0
0
0
-2
0
0
-2
-3
0
-1
-2
-3
-5
-5
-4
-4
-4
-3
-4
-5
-2
-2
1
2
0
4
3
1
7
3
4
8
5
5
6
6
3
1
1
-1
-3
-2
-2
-3
-2
-1
-3
-4
-4
-1
-1
-5
-7
-9
0
0
-4
-3
-1
0
-2
-2
1
0
-1
-1
0
3
3
-1
0
6
5
0
3
6
8
7
6
3
3
5
5
3
4
2
1
3
2
0
-1
-2
-6
-5
6
5
-17
-27
0
22
2
-33
-29
11
30
2
-31
-22
19
35
4
-30
-19
24
42
7
-34
-21
30
52
6
-45
-24
34
43
-7
-44
-16
28
29
-6
-33
-18
10
20
-4
-29
-21
8
20
-10
-32
-11
20
14
-21
-28
8
31
5
-28
-22
16
31
0
-27
-15
17
30
5
-19
-15
12
24
7
-12
-5
15
15
1
-6
-3
7
9
3
-1
-4
4
12
3
-8
-11
0
10
-1
-16
-14
3
8
-4
-12
-7
5
6
-3
-7
-1
9
5
-5
-5
3
8
2
-2
0
2
2
1
-1
-2
0
0
-1
0
1
0
-6
-2
4
2
-4
-7
-3
0
0
-5
-5
-1
0
-2
-3
-1
0
0
0
2
1
0
1
2
2
1
2
3
4
2
1
2
1
2
3
4
4
4
2
-1
-1
0
1
0
-2
0
0
0
-4
-3
-3
0
-1
-5
-1
-1
0
0
0
0
-1
-1
0
1
2
0
-1
-1
2
4
1
-2
0
2
1
2
1
0
0
-2
-2
0
0
0
0
0
2
0
-1
0
0
0
-1
0
1
0
-1
-1
-1
0
3
0
0
-1
-1
0
-1
-1
0
1
-1
-1
1
-1
-1
0
1
3
0
0
0
0
0
0
0
1
0
0
-1
1
2
2
0
0
0
0
0
1
-1
-2
0
0
-1
-1
1
1
0
-1
-1
-1
0
0
-1
-2
0
0
0
0
0
2
1
1
0
0
3
0
0
0
-1
2
-1
-3
-1
0
1
-1
0
0
-3
-1
1
2
0
-2
-1
0
2
2
0
1
0
0
-1
1
0
0
1
-2
0
1
-1
0
0
0
-1
0
0
-1
1
2
0
1
0
0
1
0
0
-1
0
0
0
1
0
-1
0
1
1
0
0
-2
0
0
-1
0
0
0
0
0
1
0
-1
1
0
0
1
0
0
1
1
1
0
-1
-2
-1
0
2
0
0
2
0
0
0
0
0
-1
-1
0
0
2
0
0
1
-2
-1
0
0
0
1
2
0
0
2
0
-1
0
0
1
0
-2
0
0
0
-1
0
0
-1
-1
-1
0
2
2
2
-4
-2
0
0
-1
0
2
1
0
0
-2
0
-1
0
0
1
1
-1
0
0
0
1
0
0
2
0
-1
0
0
2
0
0
0
0
0
0
2
0
-1
1
-1
-2
0
0
-1
0
-1
0
1
0
0
-1
-1
0
0
-2
1
0
-1
0
1
0
-1
0
0
0
0
0
0
0
0
0
0
-1
0
0
0
3
0
-2
0
0
0
0
0
1
0
-1
0
0
-1
0
-1
1
2
0
0
0
-1
0
0
0
1
1
0
0
-1
2
0
0
3
-1
1
2
1
0
0
0
-1
0
0
1
0
-1
-1
0
0
0
0
0
0
0
0
-3
0
0
0
0
0
-1
-2
-1
0
0
0
1
0
1
-1
-1
1
0
0
0
0
0
2
0
0
0
0
0
0
-1
0
2
0
0
0
-1
0
-1
0
-1
0
0
0
0
-1
-1
-2
-1
2
1
1
0
1
-1
-5
0
1
1
2
-2
-1
0
-1
2
0
0
0
1
0
1
4
0
-1
-2
-1
1
3
3
2
1
0
-2
-2
-3
0
0
-1
1
0
0
0
1
-1
0
0
-3
1
0
-2
-1
-2
-1
1
1
0
1
0
2
2
0
-1
-1
-1
0
0
0
1
1
1
1
0
1
-2
-2
-3
-1
2
-1
1
2
1
1
0
0
-1
-1
0
0
1
0
0
0
3
1
-1
-1
0
1
0
-2
-1
0
0
-1
-1
0
0
0
-1
0
0
0
1
-1
0
1
1
0
1
1
-1
-2
2
1
0
-1
-1
2
1
-2
-2
-1
0
-1
-1
1
1
2
1
0
0
1
0
-1
-2
-1
1
2
0
0
0
0
-1
1
2
-1
-1
0
0
0
-1
-1
0
1
0
-2
0
1
0
0
0
0
0
1
0
1
0
-1
0
0
0
-1
-1
0
0
0
0
1
0
-1
0
0
1
0
0
2
2
0
0
0
0
0
0
0
1
0
-2
-1
-1
0
0
0
1
0
0
0
0
0
-1
0
0
2
1
0
0
-1
0
0
0
0
0
0
1
1
0
0
-1
-1
-1
2
1
0
0
0
0
1
1
0
0
0
0
1
0
0
0
0
-1
0
3
0
-1
0
-1
0
0
-2
-1
0
-1
0
0
-1
0
0
0
0
0
0
1
1
-1
1
0
0
0
-1
0
1
0
-1
0
2
1
1
-1
0
0
0
0
0
2
1
1
0
0
0
-1
0
0
0
0
0
-1
0
-1
0
0
-1
0
-1
-1
1
0
-1
0
1
0
0
0
1
0
0
2
1
1
0
0
-1
0
0
0
0
0
0
0
0
-1
-2
0
0
-1
-1
2
1
0
-1
-1
1
1
0
0
-1
0
1
0
0
0
0
1
0
0
0
1
0
0
1
0
0
0
-1
1
0
-1
-1
0
0
-1
0
0
0
0
0
-1
0
0
-1
0
1
0
-1
0
0
1
1
1
0
0
0
2
1
-1
-1
0
0
-1
0
0
0
0
0
0
0
-1
-1
0
0
2
1
0
1
1
0
0
0
-1
-1
0
0
0
-1
0
0
-1
0
0
0
0
0
0
1
0
0
0
1
0
-1
0
0
0
-1
-1
1
0
0
0
0
0
0
0
0
0
-2
0
0
0
0
-1
0
0
0
0
0
1
0
-1
-1
0
1
0
-1
1
1
-1
-1
-1
2
1
-1
1
1
0
0
-2
0
-1
0
1
-2
0
0
1
1
0
2
1
1
1
1
0
0
0
2
1
1
2
0
0
0
1
0
-1
0
-2
-2
-3
0
-1
-4
-4
-3
-2
-1
-2
-1
-1
-1
0
0
2
1
-1
1
2
3
2
1
2
3
3
1
2
1
2
1
0
0
0
0
0
0
-1
0
0
-1
-1
-2
-1
0
0
-1
0
-1
-1
0
0
0
-1
0
2
1
-1
0
0
-1
0
1
0
-1
-1
0
0
1
0
0
0
0
1
1
0
0
1
0
0
-2
1
1
-1
0
-1
1
1
0
-1
0
-1
0
-1
0
-1
0
0
-1
1
0
0
0
2
1
0
-2
-1
0
0
0
0
2
-1
-1
0
1
0
1
0
0
0
-1
0
-2
1
1
1
0
0
-2
-1
0
1
1
-1
-1
-1
0
0
0
0
0
1
0
0
0
0
0
0
0
0
0
0
0
1
1
1
0
0
0
0
0
-1
0
-1
0
0
0
-2
0
0
0
-1
0
0
0
0
0
1
0
1
-1
0
0
0
0
0
2
0
0
-2
1
0
0
0
0
0
0
1
-1
-1
0
1
0
0
-2
-1
0
0
0
0
0
2
1
-1
0
-2
0
0
1
0
-1
0
0
0
-1
0
1
2
0
0
0
-1
-2
-1
-2
0
0
1
2
1
2
0
0
0
1
-1
0
0
0
0
0
-1
-3
1
0
0
0
0
0
0
-2
0
2
0
0
-1
2
-1
0
-1
0
-1
0
0
0
-1
1
0
0
0
0
1
0
2
0
1
0
0
-2
2
-2
0
0
-2
0
0
0
-1
1
0
0
0
3
-1
0
0
-1
0
1
0
0
0
0
0
0
0
0
0
0
1
1
0
0
0
1
0
0
0
0
0
-1
-1
0
0
2
0
0
1
-1
1
-1
0
0
0
0
-1
0
0
0
1
-1
-1
1
-2
0
0
0
0
1
0
0
1
0
1
1
0
0
0
-1
1
-1
2
0
0
0
0
2
0
1
-3
1
-2
-2
-4
0
-2
-3
-1
0
0
0
0
0
3
2
3
2
4
2
0
1
0
1
0
0
-2
0
-1
-2
-2
-1
-1
0
-1
0
1
-2
0
0
0
0
-1
1
0
1
1
-2
0
0
0
0
-1
0
-1
-1
0
0
2
2
1
1
0
0
0
0
0
0
0
0
1
0
0
0
0
1
1
1
0
0
0
0
-1
0
-2
-1
-1
0
-1
0
0
-2
0
0
0
0
-2
-2
0
-1
0
0
-1
0
0
2
1
2
0
2
2
0
0
3
0
0
0
-1
0
-1
0
2
1
-1
0
0
0
0
0
1
-1
-2
0
0
-3
-1
-1
-2
-3
-2
-1
-2
-1
-1
0
-2
0
0
1
1
2
3
3
4
2
3
3
2
5
2
0
1
0
0
-1
0
-1
-1
-2
-3
-3
-1
-3
-2
-1
0
-1
-2
0
0
1
2
2
2
2
0
1
1
1
0
0
0
0
0
-2
-1
-1
0
-3
-2
-1
-2
-2
-1
-1
0
0
0
1
4
4
3
1
2
3
0
1
0
0
0
0
0
-1
0
0
-2
0
1
-2
-3
-1
-1
-1
0
-1
0
0
2
0
0
3
0
0
2
1
1
-1
0
0
0
0
0
0
0
1
1
0
0
0
0
0
0
0
-2
-2
0
0
-1
-1
0
0
0
0
0
1
0
0
0
1
0
0
1
1
0
1
0
0
0
1
0
-1
0
0
0
2
0
0
2
0
-1
0
0
0
0
-1
-2
0
-1
-1
0
-1
-1
0
0
0
1
0
0
0
-1
1
0
0
0
0
1
0
0
0
-1
0
0
1
0
0
0
2
0
0
0
0
0
0
0
0
0
-1
1
0
-2
-1
0
0
0
0
1
0
0
0
2
0
0
0
0
0
-1
0
0
0
0
2
0
0
0
0
-1
-1
0
0
0
0
0
0
0
0
-1
0
-1
-1
0
0
0
1
0
1
0
0
0
0
0
0
1
-1
0
0
0
0
0
0
0
0
0
0
-1
0
-1
-1
0
-1
-1
0
1
2
1
1
0
0
0
0
-1
-1
0
0
0
0
0
1
0
-1
0
0
0
0
0
1
0
0
0
0
-1
0
0
-1
-1
-1
0
0
0
0
0
1
0
1
0
0
0
1
-1
-2
0
1
2
-1
0
2
0
0
0
-1
0
0
0
1
0
0
0
1
0
0
0
0
0
-1
0
-1
0
1
0
0
1
1
1
0
0
0
-2
-1
1
1
1
0
0
0
0
-1
-1
0
0
0
0
0
0
1
0
0
0
0
1
0
0
0
0
0
0
0
1
-1
0
0
-1
-1
-1
0
0
1
0
0
0
-1
0
2
0
-2
-2
0
0
2
1
0
1
0
0
-1
0
0
-1
0
0
0
0
0
0
0
0
-1
-1
0
0
0
1
0
-1
-1
-1
0
1
0
-1
1
2
0
0
0
0
0
-1
0
1
1
-1
1
1
1
0
-3
0
0
0
-1
0
0
-1
1
0
-1
1
0
-1
0
0
1
1
0
0
0
0
0
0
0
0
0
0
0
0
0
0
0
0
0
0
0
0
0
-1
-1
-2
0
0
0
-2
0
0
0
2
0
-1
0
0
1
1
0
0
-1
1
1
1
-1
-1
-1
0
1
0
1
0
0
-1
0
1
0
0
0
1
0
0
1
-1
0
0
0
0
-1
-1
0
0
0
-1
-2
0
0
-1
0
0
0
0
2
0
1
0
0
0
0
0
1
1
2
0
-1
0
-1
0
-1
0
0
0
0
1
1
-1
-1
-1
0
0
0
0
1
1
0
-1
0
0
0
0
0
0
0
0
-1
0
1
0
0
-1
0
0
0
0
-1
0
0
0
1
0
0
0
-1
0
0
-1
0
1
0
0
0
0
1
0
-1
-2
0
1
0
0
0
-1
0
1
-1
0
0
0
-1
0
0
1
0
1
0
-1
0
0
0
0
0
0
0
3
0
0
0
-1
0
1
2
-1
-2
0
-1
0
0
0
0
0
-1
0
2
0
-1
0
0
1
0
0
0
0
1
1
0
-2
-2
0
1
1
0
-1
-2
0
1
0
-1
0
0
-2
0
2
0
1
2
0
1
3
2
-1
-2
0
0
1
1
-1
-4
-1
0
-1
0
-1
-1
0
0
2
0
0
0
0
1
0
-1
0
1
2
1
-1
-1
0
-1
0
0
-1
-1
0
1
1
0
0
1
0
0
0
0
2
0
-1
0
0
0
0
0
2
1
-1
-1
-1
0
0
1
1
0
0
1
0
0
-1
0
0
1
0
0
0
0
0
0
0
1
-1
-2
-2
1
2
2
0
-2
0
0
0
0
1
1
0
0
0
-2
-1
0
1
1
-1
0
0
0
1
2
0
0
-1
-1
0
1
0
-1
-1
0
1
1
0
-1
0
1
0
0
-3
-1
0
0
0
0
0
1
1
1
0
-1
-3
-2
1
2
0
-1
-1
1
3
1
0
-3
-4
1
3
2
-2
-4
-2
1
4
2
0
-5
-2
0
2
3
0
-4
-2
3
6
2
-2
-3
0
2
3
0
-3
-3
0
1
0
-1
-2
0
2
1
1
-1
-2
0
1
0
-1
-5
-3
3
3
1
0
-3
0
2
4
2
-1
-3
0
5
1
-2
0
-1
0
0
1
1
-3
-3
0
3
2
0
-1
-2
0
1
-1
-3
-2
0
1
-1
-2
-2
0
3
3
0
1
1
0
0
-1
0
0
0
2
0
0
1
2
0
0
1
1
0
0
-2
0
0
1
0
0
0
1
1
0
-3
-2
0
1
-3
-3
1
2
0
-3
0
1
0
1
0
-1
0
-1
1
0
0
-1
0
0
-1
0
0
1
1
0
0
0
1
0
1
0
0
0
0
0
1
0
0
-1
0
0
-1
0
-1
-2
-1
1
1
1
0
-1
-1
0
2
1
-1
-2
0
0
2
3
0
-3
0
0
-1
0
0
0
-2
-1
2
2
-1
1
1
-1
-2
0
0
0
2
0
-2
2
3
0
0
-2
0
-1
0
0
-1
0
-1
0
0
0
0
0
-2
0
2
2
0
0
0
2
1
1
-1
-2
0
3
0
-1
0
0
2
1
0
-1
0
0
-1
0
0
-2
-2
-2
-2
1
0
0
-1
-2
0
1
0
-1
0
2
0
0
1
0
0
0
0
0
0
1
0
0
2
0
2
0
-3
0
1
0
0
0
0
-1
0
0
0
0
-1
-2
-2
1
1
-1
0
1
3
2
-1
0
1
0
1
1
0
-4
-1
3
1
0
-2
-1
0
0
2
1
-1
-2
0
0
2
2
-2
-4
-2
3
3
-3
0
1
1
1
0
0
-3
0
2
0
0
-1
0
-1
0
1
-1
-2
0
0
0
0
0
-2
0
2
0
0
0
0
0
0
2
0
0
0
0
2
0
-4
-2
0
0
2
0
-1
-2
-4
0
4
1
-1
-2
0
2
2
1
0
-1
0
0
0
1
0
0
1
1
0
-1
-2
-1
0
1
0
0
-1
-1
0
0
0
0
-2
-1
3
1
0
-2
-4
0
2
2
1
0
0
0
1
0
0
0
-1
-1
1
0
-1
-2
-1
0
1
2
-2
0
0
0
1
0
-2
0
4
3
0
1
0
0
2
0
-1
-2
-2
1
-1
-1
0
0
0
-1
0
-1
-1
-2
0
2
1
2
-1
-1
2
2
1
0
0
0
-1
0
-1
1
0
-2
0
0
0
0
0
0
-2
0
2
0
-1
0
0
0
1
1
1
0
0
2
1
-1
0
0
-3
0
1
0
-2
-1
0
0
-1
-1
-1
-1
0
0
0
0
-2
-1
-2
0
3
6
2
0
-1
0
0
2
0
-1
0
0
0
0
0
0
0
-1
-1
1
0
-1
0
0
-2
-1
0
0
0
0
0
0
0
0
0
-2
0
0
0
0
0
3
3
-1
-1
2
-1
-2
1
-1
-2
1
0
-1
0
1
0
-2
0
0
0
1
1
0
-1
-2
0
-1
1
1
-1
0
-2
0
3
0
0
1
-3
0
1
0
0
0
2
0
-1
2
0
-3
0
1
2
-1
-1
2
0
-3
0
3
-2
-2
4
2
0
0
0
0
-1
-1
1
0
-4
1
3
-11
0
16
-7
-10
6
5
-4
-2
5
3
-9
3
8
-3
-2
5
0
-5
2
7
-2
0
2
-2
-1
0
4
1
-5
-2
4
-3
-2
0
-1
0
0
-1
1
-2
1
3
-4
0
2
0
-2
-2
1
0
2
1
0
0
0
4
-1
-4
2
3
0
-3
3
2
-2
1
0
-6
-1
3
0
-3
2
1
-3
0
0
-1
0
0
2
0
0
-1
2
1
-3
0
1
0
1
0
1
-1
0
0
0
0
0
-1
-1
0
0
1
-1
-2
-1
0
1
0
0
0
0
0
1
1
0
-1
0
0
0
2
-1
-2
0
1
0
-1
-1
1
0
-2
0
1
0
0
-1
0
1
3
1
-2
-2
-1
1
0
0
-1
1
0
0
1
0
0
-1
0
0
0
0
-1
0
3
0
-1
-1
1
5
0
-1
0
0
0
0
2
0
-3
0
3
1
-2
-1
0
-1
0
1
1
0
0
0
0
0
-1
0
1
0
0
0
0
0
1
0
-1
0
0
0
-1
0
0
0
0
0
1
0
0
1
0
0
0
0
0
0
0
0
-1
0
0
0
-2
-2
1
0
-1
-1
2
1
-1
-1
0
0
1
1
0
0
1
1
0
0
0
-1
0
0
0
1
0
0
0
-2
0
0
-1
-1
0
0
-2
0
1
1
0
0
1
0
0
0
0
3
1
0
0
0
0
0
0
-1
0
0
0
0
0
0
-1
0
-2
-1
1
0
0
-1
0
0
0
0
0
1
1
-2
-1
0
1
-1
0
1
0
1
2
0
1
0
1
0
-1
0
-1
1
-1
0
0
-1
0
-1
0
1
0
0
1
0
1
0
0
-1
-2
-1
0
-1
0
1
1
2
0
0
0
1
0
-1
0
0
0
-1
-1
0
-1
1
-1
0
1
0
1
0
-1
0
1
1
0
0
-1
0
0
0
0
-1
0
-2
-1
0
-1
0
2
0
0
0
0
0
2
1
-1
-1
1
-1
0
0
-1
0
1
0
0
0
0
0
2
-2
-1
3
-1
0
2
0
0
1
0
0
-1
0
0
0
-1
0
0
0
0
0
0
0
0
0
0
0
0
-2
0
1
0
-1
0
0
1
0
1
1
1
0
0
-1
0
0
-1
0
0
0
0
0
0
0
0
0
0
2
0
0
0
0
0
0
1
0
-1
0
-1
0
0
-1
-2
0
-1
-1
-1
0
1
0
0
0
-1
1
0
-1
0
0
-1
0
2
0
0
0
1
2
1
0
0
1
0
0
0
0
-2
-1
-1
1
2
-1
-2
0
0
1
0
-2
-1
1
-1
-1
0
0
0
-1
0
1
1
0
1
0
0
2
2
0
0
0
1
2
1
1
0
0
-1
-1
0
-1
-3
-4
-1
-1
-3
0
2
0
0
0
0
0
0
0
0
0
1
0
0
1
0
0
1
0
0
0
0
0
-1
0
0
0
-1
0
0
0
1
1
0
1
-1
-1
0
0
0
0
0
0
-2
0
1
-1
0
2
0
-1
-1
0
0
0
1
0
-1
-2
0
2
2
0
0
0
0
1
2
-1
0
1
-2
0
3
1
-1
-1
0
0
0
0
2
-1
-1
0
-1
0
2
1
-1
0
0
0
0
-1
0
0
0
-1
0
1
-1
0
1
-3
-1
0
0
-1
1
2
-1
1
1
0
0
1
-1
0
0
0
2
0
1
0
1
1
-2
0
-3
-2
0
0
1
0
0
0
0
0
0
0
-1
0
1
0
0
0
0
0
2
2
0
-1
-1
0
0
0
0
-1
-1
0
0
0
0
-1
0
0
0
0
0
0
1
0
0
-1
0
1
-2
0
0
-1
1
2
0
0
-1
-1
0
1
0
0
0
0
0
3
3
0
0
-1
0
1
0
0
0
-1
-1
0
0
-1
0
0
0
0
1
-1
-1
-2
-1
0
0
-1
1
0
-1
2
3
0
0
0
0
0
0
0
-1
0
2
0
0
-1
0
0
0
2
0
0
0
1
0
0
-1
0
0
-1
0
1
0
0
-1
-1
0
0
0
-1
0
0
0
1
0
-1
0
0
2
0
0
0
-1
-2
0
1
0
1
1
0
1
0
-1
0
0
1
1
1
-1
0
0
0
-2
0
0
0
0
0
-2
-1
-1
0
-1
-2
2
-1
0
3
-1
0
1
-1
0
0
3
0
-1
2
-2
1
4
0
0
0
0
0
-2
1
1
0
0
0
0
-1
0
-1
1
0
-1
0
0
0
-1
-1
-1
-2
0
0
0
0
0
0
-1
-1
1
1
0
0
1
0
0
1
0
0
2
0
1
1
0
0
0
1
-1
0
0
0
2
0
1
0
0
0
0
0
0
0
-1
-2
-2
0
0
1
0
0
0
0
0
0
0
-1
0
0
0
0
0
2
0
0
0
-1
0
1
0
-1
0
2
0
-2
0
0
-1
0
0
0
-1
0
2
-1
-1
0
0
0
2
0
0
2
1
1
0
0
0
-2
0
0
-1
0
0
0
0
-1
0
0
-1
-1
0
0
0
1
0
0
1
0
0
0
0
0
0
-1
1
1
0
0
0
0
0
1
2
0
0
0
0
0
-1
0
0
1
0
0
0
0
-2
0
0
0
2
-1
-1
0
0
0
-1
1
2
0
-1
0
0
1
1
0
0
0
0
-1
0
-1
0
0
0
0
0
0
0
0
1
0
-2
0
1
0
0
2
0
0
1
0
0
0
0
-2
-2
1
1
0
0
0
0
-1
0
0
0
1
1
-1
0
0
0
0
0
0
0
2
0
0
0
0
1
0
0
0
0
-1
0
0
-1
3
0
-2
0
0
0
0
1
0
0
0
1
0
0
0
-1
0
2
0
-2
0
1
0
-1
0
0
-1
0
1
1
-1
0
1
0
0
1
-1
-3
0
3
0
-1
2
2
-1
0
2
0
-2
-1
0
0
0
0
0
0
-1
0
0
0
0
-1
0
0
0
0
0
0
1
0
0
0
0
0
0
-1
0
0
0
0
2
2
1
0
-1
-1
0
1
-1
-1
0
0
0
0
2
0
0
0
0
0
0
0
0
-1
0
1
0
-1
0
-1
0
1
0
3
3
1
1
-1
0
1
0
0
-1
1
0
0
0
0
-1
0
0
0
-2
0
0
-1
-1
0
1
0
-2
-1
0
0
3
1
0
0
-2
-1
0
3
3
2
0
0
0
0
-1
0
0
-1
0
0
-2
0
1
0
0
0
0
0
-1
-1
0
0
0
1
0
0
0
-1
0
0
0
2
0
0
0
-1
0
0
-2
1
3
0
-1
0
1
0
-3
0
1
0
-1
0
0
0
1
0
0
1
0
-1
0
-2
0
0
0
1
1
0
1
2
1
0
-2
0
2
0
-2
0
1
2
0
1
2
-2
-1
0
0
0
0
0
-1
1
-1
-1
-1
0
0
0
0
0
-1
0
2
-1
-1
-2
-1
0
0
-2
0
0
1
2
0
-2
0
1
0
1
0
1
2
1
1
0
0
2
1
1
0
0
2
0
0
0
0
-3
-2
0
-1
-1
0
0
-2
-1
-1
-3
0
1
1
2
-1
-1
0
1
3
0
0
0
0
1
1
0
0
0
0
0
1
0
0
0
-3
0
0
-2
0
0
-2
-1
0
0
0
0
0
0
0
0
1
2
1
2
0
0
1
-1
0
-1
0
0
0
-1
0
-1
0
-2
0
1
0
0
0
0
-1
0
2
1
0
-1
0
0
1
3
0
-1
0
0
1
-1
-1
-2
0
1
0
0
0
2
0
0
1
0
0
0
-1
-1
-1
0
0
0
-1
0
0
1
0
0
0
2
0
0
0
0
0
0
0
-1
0
2
0
-1
1
2
0
0
-2
-2
0
-2
0
0
0
0
0
0
0
0
0
0
-2
-1
1
-1
-1
2
2
0
0
4
3
1
0
0
0
0
0
-1
-1
1
-1
-1
0
0
0
-1
0
0
-1
0
0
1
0
-1
0
0
0
-1
0
0
0
1
0
0
1
3
1
0
0
-1
-1
-2
-2
0
0
-2
-2
3
1
2
3
-1
-1
0
0
1
-2
-1
0
0
-1
0
-1
-3
0
2
0
0
0
-2
0
0
0
0
0
2
0
1
1
0
0
0
1
0
0
0
-1
1
0
-1
0
0
-1
-1
1
2
0
0
0
-3
-3
0
0
0
2
2
2
2
3
3
1
1
0
-2
-2
-2
0
-1
-2
0
-2
-3
-1
-1
0
0
0
1
2
0
0
0
0
1
0
0
1
1
1
1
1
-1
-2
-1
0
0
1
0
0
0
-2
0
3
2
-1
-1
0
-2
0
1
-3
-1
1
1
0
0
0
0
0
0
0
1
0
0
0
-1
0
0
0
1
0
0
0
0
0
0
0
0
0
0
-1
0
1
1
-1
-2
0
0
-1
-1
0
0
0
0
-1
-1
2
3
0
1
0
0
0
1
0
0
-1
-1
-1
2
0
0
2
1
0
-2
0
-1
0
-2
-1
0
0
0
-1
-2
1
1
-1
-2
1
0
1
2
-1
-1
1
1
0
-1
0
3
2
-2
-1
0
0
0
-1
0
0
0
0
0
0
2
2
0
-2
1
0
-1
-1
0
0
-1
-2
0
0
0
2
0
0
1
-1
0
0
0
1
0
0
0
0
1
0
0
-1
0
1
0
1
2
3
-1
-1
0
-3
-1
0
0
1
0
-1
0
-1
0
-1
0
2
2
0
0
1
0
0
0
1
1
-1
0
0
0
0
0
1
0
-1
-1
0
0
1
0
-1
0
0
-1
0
0
0
0
0
1
-1
-2
0
0
0
-2
0
0
0
0
0
1
0
0
-1
0
0
1
2
0
0
0
0
0
-1
0
0
0
0
0
0
1
0
0
0
0
0
0
-2
0
0
-1
0
-1
0
1
0
0
0
-1
0
0
0
0
0
0
0
0
0
0
0
0
0
0
0
0
0
0
0
0
0
-1
0
0
-1
0
0
0
2
2
0
-1
0
0
1
0
0
0
0
0
0
0
0
0
0
1
1
0
0
0
0
-1
-2
0
0
0
0
0
0
0
0
0
0
0
0
0
-1
0
2
0
0
0
0
0
2
1
0
-1
-1
0
0
1
0
1
0
-1
0
1
0
1
0
-1
0
0
0
1
-1
-2
-1
-1
0
0
0
0
0
-1
0
0
0
0
0
0
1
0
0
2
0
0
0
0
0
1
0
0
0
0
3
0
-2
1
-1
-3
0
1
0
0
0
-1
0
2
0
2
1
-1
1
0
0
1
-1
-1
0
0
0
0
2
0
-1
0
-1
-2
0
0
0
-1
0
1
0
0
0
-1
1
0
1
2
0
1
0
0
0
0
-2
-1
0
0
1
1
0
0
0
-1
0
0
0
0
0
0
0
0
0
0
-1
0
1
0
-1
-1
-2
-2
0
0
0
0
0
0
-1
0
0
0
1
0
2
3
0
0
1
0
0
0
0
0
0
-2
-1
-1
0
0
-1
0
0
1
0
2
1
0
0
0
0
0
0
0
0
0
0
0
-2
0
0
0
-1
0
0
0
0
1
0
-1
0
0
0
0
0
1
1
-1
-1
2
2
-1
1
0
0
0
0
0
0
0
0
0
-1
-3
0
3
-1
-6
-1
6
2
-6
-3
5
5
-3
-3
1
2
2
-6
-1
7
0
-11
-3
24
0
-27
13
23
-32
-29
74
34
-96
-55
111
51
-150
28
151
-92
-118
128
85
-140
-16
86
-48
-44
83
24
-124
41
91
-80
-25
58
-6
-24
29
-13
-22
31
-7
8
-14
-39
68
40
-91
-36
105
0
-71
51
-16
-53
73
26
-94
-13
84
-12
-52
17
26
-19
-17
39
9
-43
9
50
-24
-49
35
41
-18
-20
-5
2
29
9
-41
-3
26
-5
-9
0
-5
-8
12
9
-19
-14
13
15
-13
1
13
-20
5
21
-15
-1
20
-13
-12
26
0
-21
4
13
-4
-9
1
0
1
5
-10
-2
12
-9
-7
17
1
-12
2
9
-2
-8
1
3
-1
0
0
-5
0
9
-5
-9
5
7
-7
0
12
-10
-9
14
6
-10
-6
6
4
-1
0
-1
0
5
0
-7
2
2
-8
3
5
-7
0
8
-5
-6
3
0
-1
3
1
-4
1
7
-3
-4
2
-1
-2
3
0
-3
3
2
-5
0
3
-2
-5
2
3
-1
-1
1
3
4
-1
-3
2
4
-2
-1
3
1
-2
1
2
-3
-3
1
0
-2
-3
-1
2
0
-1
-1
-2
0
1
0
3
-1
-1
2
0
0
1
0
-1
0
0
-2
0
3
1
0
1
3
0
-1
0
-1
0
1
0
1
2
0
-4
-1
1
-1
0
2
0
0
-1
-2
-1
0
-1
-3
1
3
0
0
0
-1
2
0
2
4
2
-2
0
2
-5
-7
3
2
-2
-1
11
0
-7
12
8
-6
-1
8
-9
-26
-9
0
-13
-57
51
38
-14
55
52
-20
-12
37
-33
-58
-38
3
-12
-62
29
27
-33
16
55
-13
22
69
-11
-4
6
-11
-21
-4
-31
-24
27
-13
11
14
9
0
31
9
-31
32
-7
-34
1
-7
-31
-18
2
-35
-2
-21
-2
16
-22
39
41
3
32
44
-9
-5
14
-8
-16
-13
9
8
-10
36
11
-8
20
-3
-24
-8
-20
-24
-14
-12
-18
-8
10
2
-16
19
23
-27
22
15
-20
3
18
-15
-9
10
-4
-3
3
3
4
-5
11
5
4
1
2
0
-3
10
0
3
6
6
0
4
5
-5
-4
0
-8
-17
-1
-4
-12
6
8
-9
8
19
-5
-6
7
-9
-10
1
0
-3
8
7
2
2
0
0
1
-3
-10
-6
0
-10
-11
6
-3
-5
9
2
-3
3
4
-1
0
0
2
1
-2
4
1
3
5
1
-1
3
1
-2
-4
1
0
-3
1
1
-1
-1
0
0
0
0
-3
1
-3
-1
1
1
1
0
0
0
2
4
2
1
0
-2
0
0
-3
-1
0
-1
-2
1
2
-1
0
0
0
-3
0
0
-2
2
2
0
1
2
0
1
0
1
0
0
0
0
0
0
1
1
0
1
0
0
-1
1
-2
-1
-1
-2
0
-1
0
0
0
1
0
2
1
0
0
2
-1
-2
-1
-1
0
1
-1
0
0
0
0
0
1
0
-1
0
0
1
0
0
0
0
-1
0
1
-1
0
0
1
1
0
0
0
0
0
0
0
0
1
0
0
1
0
-1
0
0
0
0
-2
0
0
1
1
0
0
1
0
0
0
0
0
-2
-2
0
-2
0
0
-1
1
3
1
0
0
0
0
0
0
0
-1
-1
0
0
0
0
0
0
0
1
1
0
-1
-1
-1
0
0
0
1
1
0
1
0
0
0
0
0
0
-2
-2
0
0
0
1
0
-1
0
-1
-1
1
3
2
0
1
-1
0
-1
0
0
-1
2
2
1
-2
-1
-2
-1
1
0
0
2
1
0
0
0
0
0
0
-1
0
0
0
-1
-2
0
0
0
-1
0
0
0
1
-1
-2
0
2
2
1
0
-1
-1
0
1
-1
0
2
1
1
0
-1
0
0
0
-2
-1
1
0
0
0
0
0
0
0
0
0
0
0
0
0
0
2
0
-1
1
0
0
0
-2
-2
0
0
0
-2
0
1
0
-3
-2
1
2
0
0
0
-1
1
1
0
0
0
1
0
0
0
-1
0
1
0
-1
0
0
0
-1
0
0
0
0
0
0
-1
0
0
0
1
3
0
-3
-2
0
0
-1
0
0
-2
-1
0
0
1
1
0
-1
0
0
0
0
1
0
0
1
2
0
0
1
0
0
1
1
0
1
0
0
0
0
0
0
-2
0
0
0
0
-1
-1
-1
0
0
0
0
0
-1
0
0
0
1
0
0
0
-1
0
0
0
1
0
-1
0
0
0
-1
0
0
0
0
0
0
0
0
-1
1
1
0
1
1
0
0
0
0
-1
-1
-1
-1
0
-1
0
0
0
-1
0
0
0
0
0
1
1
0
0
-1
1
0
0
3
0
1
1
0
0
1
0
0
0
-2
-1
0
0
0
0
0
-2
0
0
0
0
0
0
-1
-1
0
1
-1
0
2
0
0
-1
0
0
1
1
2
2
0
0
0
0
1
1
0
0
-1
0
0
0
0
0
0
-1
0
0
0
0
0
0
-2
-2
-1
0
-1
-1
1
0
1
1
0
0
1
0
1
1
0
1
0
-1
-1
-1
0
0
0
0
0
0
-1
0
0
-1
-1
0
-1
-1
0
0
0
0
0
0
2
1
2
1
0
1
0
0
1
0
0
-1
-1
0
-1
0
1
0
0
0
0
0
0
0
0
0
0
0
1
0
-1
-1
-1
1
0
-2
0
0
-1
0
0
1
1
0
0
1
1
1
0
-1
0
0
0
0
0
0
0
-1
0
0
0
0
0
0
0
0
0
0
0
-2
-1
0
0
-1
0
0
0
0
-1
-2
0
0
-1
-1
0
0
1
0
0
0
0
1
0
0
0
0
0
0
-1
-1
1
0
0
0
0
1
0
-1
0
0
0
1
0
-1
0
-1
0
-1
0
0
0
0
0
0
0
0
0
0
0
0
0
0
0
0
1
0
0
0
0
0
-1
-1
0
0
0
0
0
1
0
0
0
0
-1
0
0
0
0
0
0
-1
0
1
0
-1
0
-1
0
0
0
2
1
0
-1
0
0
2
1
1
1
0
0
0
0
0
0
0
0
0
1
0
-1
0
0
-1
0
0
0
0
0
0
1
1
-1
0
0
0
0
0
1
0
-1
0
-1
0
0
0
1
0
0
0
0
0
0
0
1
0
2
0
-1
1
2
1
-1
0
0
-1
-1
0
-1
0
0
-1
0
1
-1
0
0
-1
0
0
-1
0
0
0
1
1
1
0
-2
0
-1
0
0
0
0
-1
0
1
0
1
1
1
1
0
1
1
0
1
0
0
0
0
-2
-2
0
0
0
-1
0
-1
0
0
0
-1
-1
0
-1
2
0
0
0
1
0
-2
2
0
0
0
-1
0
0
1
0
0
2
1
0
0
1
0
1
0
1
0
0
0
-2
0
1
0
0
0
-1
-1
0
0
0
0
-1
0
0
0
0
0
-1
0
0
1
1
-1
0
0
0
1
0
0
0
-1
0
1
0
-1
0
0
0
1
1
1
0
-1
0
0
0
0
0
0
1
0
0
0
-1
2
0
-1
0
-1
0
0
-1
0
-1
0
0
0
0
0
0
0
0
0
0
1
1
0
0
0
1
1
0
0
0
0
1
0
0
0
0
0
0
0
-1
-2
0
0
0
-1
0
0
-1
-1
-1
0
0
0
2
0
-1
0
0
1
1
-1
0
0
0
2
1
1
0
0
3
0
-1
0
1
0
0
-1
-1
0
0
0
1
0
-2
0
0
0
0
0
0
-2
0
1
1
0
0
1
1
-1
-1
-3
0
2
1
0
-2
0
1
0
0
-2
0
0
0
0
0
-1
-1
0
1
2
0
0
0
0
0
0
0
0
0
-1
-1
0
0
0
-2
1
2
2
0
-1
0
0
0
-1
0
-2
-1
1
1
1
0
0
-1
-1
0
1
2
0
-1
1
1
0
-1
0
1
0
-1
0
0
0
0
-2
-1
0
1
0
0
0
0
-1
0
0
3
0
-1
0
0
0
0
0
-2
0
1
-1
2
2
2
-1
0
2
0
0
0
-1
0
0
0
0
0
0
0
-2
-1
-1
0
0
0
0
2
0
0
0
-2
0
1
0
0
0
0
0
0
-1
0
2
1
0
-1
0
1
0
-1
0
-1
-1
0
2
0
0
1
1
0
-1
-1
-1
0
0
-1
0
1
0
0
0
0
0
0
1
1
0
0
0
0
-1
-1
-1
-1
-1
1
1
1
2
0
0
0
-1
0
0
2
2
-1
0
-1
0
0
-1
0
0
-1
0
-2
-1
0
1
0
1
0
-1
0
0
2
2
0
-2
0
0
-1
0
1
2
2
1
1
0
-2
-1
0
-1
0
0
0
1
-3
-1
0
-2
0
0
0
0
0
0
0
1
0
0
0
-1
2
2
0
0
-2
0
0
-1
-2
0
0
0
1
0
0
0
0
0
3
0
1
2
0
1
-1
-3
2
1
1
0
-2
0
1
0
-1
0
-1
0
0
0
0
0
0
-1
-1
0
-1
-1
1
4
2
0
1
1
0
-1
-1
0
2
1
-1
-4
0
0
1
0
-1
0
0
0
0
0
0
-1
0
0
0
0
1
0
0
0
1
0
0
0
0
0
-2
0
0
0
0
-1
-2
0
-1
0
1
2
0
0
0
0
0
0
0
-2
0
1
0
0
0
1
0
0
1
0
0
0
-2
0
-1
1
1
0
0
-1
-1
1
3
0
-3
-1
0
0
0
1
1
1
0
0
-1
-1
0
1
1
-1
0
0
0
3
0
0
-1
1
1
-1
-2
0
1
1
0
2
-1
0
2
0
-1
-3
-3
0
1
1
1
-1
-3
-2
0
3
1
1
-2
-3
1
4
4
0
-3
-4
0
3
4
0
-2
-1
0
1
1
0
-1
-1
-1
1
0
0
0
0
1
2
2
0
-4
-2
0
1
0
0
2
0
-2
0
1
-1
-2
0
2
-1
-2
-1
0
1
0
-1
0
0
-2
1
2
-1
0
1
1
2
0
0
0
1
2
1
-1
-1
0
1
2
0
-1
-3
0
2
0
-2
-2
2
0
0
0
-2
-1
2
3
1
-2
-3
-1
0
-1
0
0
-1
0
1
0
1
1
0
0
0
-2
-1
0
1
0
0
0
0
0
2
0
0
0
-2
0
0
-2
-1
0
1
0
0
1
0
0
0
0
1
0
0
2
0
1
0
-2
-1
0
0
1
0
-3
-1
-3
-1
1
0
0
0
1
0
0
1
0
-1
0
1
1
0
-3
-1
-4
-3
1
2
3
2
-1
-2
-1
1
4
0
0
-1
0
1
0
0
0
0
0
-1
0
0
1
