0
0
0
0
0
0
0
0
0
0
0
0
0
0
0
0
0
0
0
0
0
0
0
0
0
0
0
0
0
0
0
0
0
0
0
0
0
0
0
0
0
0
0
0
0
0
0
0
0
0
0
0
0
0
0
0
0
0
0
0
0
0
0
0
0
0
0
0
0
0
0
0
0
0
0
0
0
0
0
0
0
0
0
0
0
0
0
0
0
0
0
0
0
0
0
0
0
0
0
0
0
0
0
0
0
0
0
0
0
0
0
0
0
0
0
0
0
0
0
0
0
0
0
0
0
0
0
0
0
0
0
0
0
0
0
0
0
0
0
0
0
0
0
0
0
0
0
0
0
0
0
0
0
0
0
0
0
0
0
0
0
0
0
0
0
0
0
0
0
0
0
0
0
0
0
0
0
0
0
0
0
0
0
0
0
0
0
0
0
0
0
0
0
0
0
0
0
0
0
0
0
0
0
0
0
0
0
0
0
0
0
0
0
0
0
0
0
0
0
0
0
0
0
0
0
0
0
0
0
0
0
0
0
0
0
0
0
0
0
0
0
0
0
0
0
0
0
0
0
0
0
0
0
0
0
0
0
0
0
0
0
0
0
0
0
0
0
0
0
0
0
0
0
0
0
0
0
0
0
0
0
0
0
0
0
0
0
0
0
0
0
0
0
0
0
0
0
0
0
0
0
0
0
0
0
0
0
0
0
0
0
0
0
0
0
0
0
0
0
0
0
0
0
0
0
0
0
0
0
0
0
0
0
0
0
0
0
0
0
0
0
0
0
0
0
0
0
0
0
0
0
0
0
0
0
0
0
0
0
0
0
0
0
0
0
0
0
0
0
0
0
0
0
0
0
0
0
0
0
0
0
0
0
0
0
0
0
0
0
0
0
0
0
0
0
0
0
0
0
0
0
0
0
0
0
0
0
0
0
0
0
0
0
0
0
0
0
0
0
0
0
0
0
0
0
0
0
0
0
0
0
0
0
0
0
0
0
0
0
0
0
1
2
0
-1
0
1
1
1
0
2
0
-2
0
0
0
-3
-2
-2
-1
0
0
1
-2
0
0
0
0
0
2
0
2
0
1
0
-1
1
2
2
-2
-2
-1
0
0
-5
0
1
2
0
-1
0
0
0
0
1
2
0
0
0
1
0
1
0
0
1
0
0
-2
0
-1
-1
1
-2
1
1
0
-1
-1
0
0
0
-2
1
1
0
0
0
2
0
1
0
2
1
-1
1
-1
-2
-1
-2
0
-2
-1
-1
-1
0
-2
0
0
0
0
1
3
3
3
0
0
1
0
-1
-4
0
0
0
1
1
0
-1
0
0
1
0
-1
-1
-2
0
3
3
-1
-2
0
0
-1
-1
1
1
-3
-4
0
1
0
0
0
2
1
-1
0
1
0
0
2
0
-1
2
0
1
1
-1
-1
0
0
-1
2
-3
-2
-3
-1
1
2
1
-3
0
1
2
0
0
0
-2
-2
-1
-1
0
-1
-2
1
2
1
1
0
0
2
5
3
2
2
0
1
0
0
0
0
3
1
0
-1
0
0
0
0
-2
0
-1
-1
0
-1
0
-2
-1
-2
0
-1
-1
-2
-2
1
-1
-1
-1
-2
-1
0
0
0
0
-1
0
0
1
0
1
4
2
2
1
0
2
3
3
2
0
1
3
0
0
1
0
-1
-2
-5
-2
1
-1
-3
-1
2
0
-1
-2
-1
0
2
0
-1
-1
-1
0
1
0
0
0
1
0
2
0
0
0
2
4
0
0
2
0
0
0
1
0
0
-1
-2
0
-1
0
0
0
0
0
-2
-1
0
-1
0
-1
-2
0
0
0
0
-1
0
2
0
0
0
2
4
2
-1
-2
1
5
1
-3
0
0
0
-2
0
0
1
0
-1
-2
0
0
-1
-2
0
0
0
-1
0
2
0
0
0
-2
-2
0
0
1
1
1
0
1
2
-1
0
-1
0
0
1
2
0
0
0
0
0
0
-2
0
0
-1
0
-1
-1
1
0
-2
-2
0
0
0
0
0
0
0
-1
-1
1
1
0
0
0
1
1
0
-1
1
1
1
0
-1
0
0
0
0
0
1
1
0
0
0
-1
0
1
-1
-1
0
0
-1
-2
1
1
-1
-1
-1
-1
0
0
0
0
2
1
0
0
0
-1
0
1
0
0
-1
0
0
0
2
1
0
0
0
0
-2
1
1
0
-1
-1
0
-1
0
1
1
0
0
3
0
0
-1
0
0
-1
0
2
0
-1
-2
-1
2
0
0
1
0
0
0
-2
-1
0
1
-1
-3
0
0
0
0
0
0
0
-1
1
0
1
0
1
2
1
-1
-2
1
0
0
0
-2
0
1
0
0
0
2
0
0
0
0
0
0
2
-1
-3
0
0
0
0
-1
-1
0
1
0
0
0
2
0
0
0
1
1
-1
0
0
0
2
1
0
1
0
0
1
0
0
1
-1
-3
-2
0
0
-1
-2
-1
-1
0
0
-1
0
4
0
0
0
0
2
0
-1
0
1
0
-1
1
1
0
0
0
-2
-1
-1
-2
-1
0
1
0
0
0
0
1
1
0
1
2
0
0
-2
0
1
-1
0
0
-1
0
0
-1
0
2
0
0
1
0
0
1
0
1
0
-2
-1
0
0
1
0
0
0
2
0
-1
0
0
-1
0
-1
0
-1
-2
0
1
0
1
0
-1
0
1
0
-1
-1
0
0
0
0
-1
-1
-1
0
2
1
0
1
0
0
-1
-1
0
0
1
-1
-2
0
1
1
0
1
0
-2
0
0
0
0
0
1
0
-1
0
0
1
3
1
0
0
-1
1
1
1
0
-2
0
0
0
0
-1
0
0
-1
0
1
0
-1
0
0
0
0
0
0
0
1
2
0
-1
2
1
-1
-1
1
1
0
0
0
1
0
0
0
-1
-1
1
0
-1
0
0
-2
0
0
0
0
1
0
-2
0
0
0
-1
0
1
2
0
0
-1
-1
0
1
1
-1
0
0
1
0
-1
0
1
0
0
0
0
0
0
0
0
1
0
0
0
2
0
-1
1
1
0
-1
0
-1
-2
0
0
0
-1
0
0
-1
0
0
1
2
1
1
0
0
3
0
-1
1
0
-1
-2
0
0
-2
0
-2
0
0
-2
0
1
0
1
0
-2
0
1
0
1
0
0
2
2
2
0
0
0
1
1
-1
0
0
0
0
-1
0
0
0
0
-2
-1
1
0
-1
0
0
0
0
1
0
1
1
-2
-1
0
0
0
0
-1
-1
1
2
0
0
-1
-1
0
0
0
0
0
0
0
0
0
0
0
0
-2
1
2
0
0
1
0
0
1
0
1
0
0
0
0
0
0
-1
0
0
0
-1
0
0
0
0
0
0
0
0
0
0
-1
0
2
0
0
0
0
0
1
0
0
1
0
-1
-1
0
0
0
1
-1
0
0
-2
0
1
0
0
-1
0
0
0
0
0
0
0
0
0
-1
0
0
0
-1
0
2
2
0
0
0
0
0
-1
0
1
1
0
-1
0
1
0
0
0
-2
0
-1
0
0
0
0
0
0
-2
1
1
0
0
0
0
0
0
2
0
0
0
1
0
0
0
-1
0
0
0
-1
-1
0
1
0
0
0
0
0
0
0
0
-1
0
0
0
0
0
0
0
0
0
0
0
0
0
1
0
-1
0
0
0
0
0
0
0
0
0
1
0
0
0
0
0
-1
-2
0
0
-2
0
1
1
0
-1
1
1
1
0
0
0
0
0
0
0
0
0
0
-1
0
1
0
0
0
-1
0
0
-1
0
2
0
-1
0
-1
0
0
0
0
0
0
0
-1
1
1
-1
0
0
-1
-2
0
0
0
0
-1
1
1
0
1
0
-1
0
0
0
0
0
-1
0
1
1
1
0
0
-1
0
-2
1
1
0
0
0
0
0
1
0
-1
0
0
0
0
0
0
0
0
0
0
0
1
0
0
0
0
0
0
0
0
0
1
1
1
0
-1
0
-1
0
0
0
0
0
0
0
0
0
0
0
0
-1
1
0
-1
0
0
0
0
0
0
0
0
0
1
-1
0
0
0
0
0
1
-2
-2
0
1
0
1
0
0
1
0
0
2
1
0
-1
-1
-2
0
0
0
0
1
0
-1
-1
0
0
0
0
0
0
0
0
0
-1
0
2
1
2
4
3
0
1
0
-1
-1
-2
-1
0
0
0
1
0
-4
-3
-3
-3
-2
-1
1
1
4
3
1
2
2
0
0
0
0
0
2
2
0
2
-1
-3
0
0
0
1
0
-1
-1
-1
-1
-1
-1
-2
-5
-3
-2
-3
-2
-2
-2
1
0
2
4
3
7
7
4
3
5
3
2
1
1
0
-1
-1
-2
-2
-5
-6
-6
-7
-6
-2
-4
-2
-2
0
1
0
-1
1
3
3
4
5
4
4
5
4
4
2
2
2
0
0
0
-4
-3
-4
-4
-6
-4
-5
-5
-5
-5
-4
-3
-1
-1
0
1
2
3
4
5
4
4
4
6
4
4
2
0
2
3
1
-1
0
-2
-3
-1
-1
-1
0
-1
0
0
-2
0
0
0
-1
0
0
-1
0
1
0
-1
-1
-1
0
0
0
0
-1
-1
0
-1
0
-2
0
0
0
0
3
3
2
4
6
5
6
5
6
4
5
3
3
2
-2
-3
-3
-6
-11
-14
-13
-15
-18
-21
-18
-15
-15
-14
-8
-6
-3
1
5
11
18
23
22
24
26
27
26
23
19
13
10
5
-1
-7
-13
-17
-23
-26
-28
-30
-29
-30
-27
-22
-18
-12
-6
-1
5
12
18
22
26
29
30
28
26
24
19
13
8
2
-1
-6
-12
-15
-21
-23
-22
-25
-24
-20
-20
-17
-13
-8
-3
2
6
7
13
16
17
21
22
21
19
20
17
15
12
7
6
2
-1
-4
-10
-8
-8
-8
-9
-11
-9
-6
-4
-4
-2
0
0
1
1
-1
0
1
-1
-4
-5
-4
-4
-7
-6
-8
-6
-4
-1
-3
-2
0
4
5
4
7
10
10
9
11
12
10
9
8
6
2
0
0
-4
-6
-7
-9
-10
-11
-12
-12
-12
-9
-7
-7
-7
-2
-1
0
3
4
7
9
8
8
9
8
8
8
7
4
4
3
0
0
-1
-4
-4
-4
-8
-5
-6
-4
-4
-2
0
-1
0
0
0
-1
-2
0
1
0
0
-1
0
1
0
0
0
0
0
-1
0
0
2
2
4
5
2
1
0
-1
1
0
0
3
2
1
0
1
0
-1
-1
-1
-2
-2
-2
-2
-1
-2
-2
0
0
0
0
-1
-1
0
1
1
1
1
0
1
1
0
0
0
-1
0
0
0
0
1
3
2
2
1
2
0
0
0
0
0
0
0
0
0
-1
-3
-3
-2
0
-1
-1
1
1
0
0
0
0
0
1
1
1
0
0
0
1
0
0
0
0
1
0
-1
-1
0
-1
-1
0
0
0
0
-1
0
-1
-1
0
0
1
1
1
2
0
1
2
0
0
0
1
0
-2
0
0
-2
-2
0
0
-1
-1
0
-2
-2
-2
0
-2
-2
-1
-2
-1
-1
0
0
1
0
0
2
2
4
2
1
1
1
0
2
2
0
0
2
1
2
2
1
1
0
0
1
0
0
0
-1
-1
0
0
-2
-2
-2
-2
-1
-2
-2
-2
-2
-1
-1
-2
-1
0
2
0
0
1
0
0
0
2
4
0
0
0
2
5
4
3
2
2
0
1
0
-1
-2
-4
-2
-3
-6
-3
-3
-3
-2
-2
-2
-4
-2
-2
-2
-1
-1
0
0
-1
0
2
2
2
2
3
3
2
1
3
1
1
0
0
2
1
3
2
1
0
1
2
2
1
2
2
2
1
0
0
-1
0
-1
-2
-3
-4
-3
-1
-3
-5
-4
-3
-3
-4
0
-1
-2
0
1
1
2
2
1
2
0
-1
1
1
2
2
1
0
1
1
1
1
0
-2
0
0
0
0
-1
-1
-1
0
1
0
2
1
-2
-1
0
-2
0
1
0
0
0
0
0
-2
-1
0
0
0
0
1
1
0
1
1
2
1
0
1
1
0
1
1
0
0
-1
-1
0
0
-1
0
0
0
-2
0
0
-2
0
-1
0
0
0
0
0
0
0
-1
-1
0
0
-2
-1
0
1
-1
0
0
0
0
0
1
2
2
0
0
0
0
0
0
1
0
0
0
1
0
-1
0
1
0
-2
-1
0
1
-1
0
-1
-1
0
0
0
0
-1
0
0
0
2
0
0
0
0
0
-2
1
2
0
0
0
0
0
-1
0
2
0
0
0
0
0
-1
-1
0
2
0
0
0
0
1
-1
0
0
0
0
0
0
0
-2
0
-1
0
0
0
1
-1
0
0
0
0
1
1
0
2
0
1
-1
-1
0
0
-1
0
0
-1
-1
0
-1
0
-1
-1
-1
0
-1
-1
0
0
2
1
0
1
1
1
0
0
1
1
0
0
0
-1
0
0
0
0
0
1
0
0
0
1
0
-1
0
0
1
0
0
0
0
0
0
-1
-3
0
0
-1
0
0
0
0
0
-1
0
0
1
1
0
0
0
0
0
1
0
0
1
2
0
1
0
0
0
-2
-1
1
2
0
-1
0
0
1
0
0
1
0
0
0
0
0
-1
0
-1
0
0
0
1
0
0
0
0
0
1
1
1
0
0
0
1
0
0
0
0
0
-1
0
0
0
1
0
-1
0
1
1
0
-2
-1
-1
0
1
1
0
-1
0
0
0
0
0
0
0
0
0
0
0
0
-1
-2
1
1
0
1
0
0
0
0
0
0
0
0
0
1
0
0
1
0
0
0
0
0
0
0
0
-1
0
1
0
-1
0
0
0
0
0
0
0
-1
-1
0
0
0
0
0
0
0
1
0
0
0
0
0
0
0
0
0
0
0
0
1
0
0
0
0
0
-1
0
1
-1
0
1
0
0
0
0
-1
0
0
-1
0
0
0
0
0
1
0
0
0
1
0
-1
1
-1
-1
0
1
0
0
0
0
0
0
1
1
0
1
1
0
0
0
-1
0
1
0
0
0
0
0
0
2
0
0
0
0
-1
0
1
0
0
0
-1
-1
0
1
0
-1
0
0
0
0
0
0
0
0
0
-1
0
1
0
0
0
0
-1
-1
0
0
0
0
0
0
0
0
0
-1
0
1
1
0
0
0
0
0
-1
0
1
0
0
0
0
0
1
0
0
-1
1
1
0
0
-1
-1
2
0
0
0
0
0
0
0
0
1
0
-1
0
0
2
1
0
-1
-1
0
0
0
1
-1
-1
-2
-1
0
-1
-2
-2
-1
0
1
1
1
0
2
0
0
0
0
0
1
0
0
1
0
0
0
0
0
0
0
0
0
0
0
0
-1
0
0
0
-1
0
0
0
-1
0
0
-1
0
0
0
0
0
0
0
0
0
0
0
0
-1
0
1
0
1
1
0
0
2
1
0
0
0
0
0
-1
-1
-1
0
0
-1
0
1
0
0
0
0
0
0
1
0
0
0
0
0
0
2
0
0
0
0
0
1
0
-2
0
0
-1
0
0
-2
0
1
0
0
0
1
0
0
0
0
1
1
0
0
0
2
0
0
0
0
0
0
0
0
0
1
0
-1
1
0
0
0
0
0
0
0
0
-1
-2
-2
0
-1
-2
-1
1
1
0
0
0
1
0
1
0
0
0
0
1
0
0
1
1
-1
0
1
1
0
-1
0
0
0
0
-1
-1
-2
0
1
0
0
0
0
-1
-1
1
0
2
1
1
0
1
0
0
0
0
-1
0
-1
0
0
0
0
0
-1
-1
0
0
0
0
-1
0
0
1
0
1
1
1
0
0
0
0
-1
1
1
-1
0
0
0
0
0
0
-2
-1
-1
0
0
1
0
0
-1
0
0
0
0
-1
-2
-2
0
2
1
0
0
-1
0
0
-1
0
1
1
1
2
0
-1
0
0
0
0
0
0
-1
1
0
0
0
1
-1
-1
1
-1
-1
0
0
1
0
-1
0
-1
-1
1
0
0
-1
-1
1
2
0
-1
0
0
0
0
0
-2
0
1
1
0
0
-1
0
2
0
2
0
-2
0
0
0
-1
-1
0
2
0
-1
0
1
0
0
-1
-1
0
1
0
0
-2
-1
0
0
0
0
0
0
0
1
1
0
0
0
0
0
-1
0
1
-1
0
0
1
0
1
0
-2
0
-1
-1
0
-1
0
0
0
-1
0
0
0
0
-1
0
0
0
-1
0
0
-1
0
2
0
0
-1
1
1
0
0
-1
1
0
0
0
0
0
0
0
0
1
0
0
-1
1
1
0
0
0
-1
-1
0
0
0
0
0
0
0
0
0
-1
0
0
0
0
-1
0
0
-1
0
1
-1
0
0
0
1
0
0
-2
0
0
-1
0
-1
0
1
0
0
-1
1
1
0
0
0
0
0
0
-1
0
0
1
0
0
0
-1
-1
0
1
1
-2
-1
1
0
0
0
0
0
0
0
-1
-1
-1
0
0
1
1
0
0
1
0
0
0
-1
0
0
0
0
1
0
0
0
0
0
-3
-2
-1
0
1
0
0
1
0
0
1
0
-1
0
1
0
0
-1
0
0
0
0
-1
-1
0
0
0
0
-1
-1
0
-1
0
0
0
0
0
1
0
0
1
3
3
1
1
0
0
0
0
-1
0
0
0
0
0
0
0
-1
-1
0
0
-1
-1
0
2
1
0
0
-1
-1
0
-1
0
0
0
1
1
0
0
0
0
0
0
0
1
1
0
-1
0
0
0
0
0
0
0
-2
0
1
0
2
0
-1
1
0
0
0
0
0
-1
0
0
0
0
0
0
0
0
0
0
0
-1
0
0
0
0
0
0
0
0
0
0
0
1
0
0
0
-1
-1
1
0
-2
0
-1
1
1
0
1
0
0
0
-1
0
0
-2
0
0
0
0
1
3
0
0
0
0
1
-2
-1
1
0
0
0
0
0
1
2
0
-1
-2
-1
-1
0
1
0
0
0
1
1
0
0
0
0
0
0
0
0
0
0
0
0
0
1
0
-2
-1
0
0
0
0
0
0
0
0
-1
-1
0
0
0
-1
0
-2
-1
1
2
2
1
0
0
0
0
2
2
0
1
0
0
0
0
0
0
0
0
0
-1
0
0
-2
0
-1
0
-1
-2
0
1
1
1
0
0
0
0
0
0
0
0
0
0
2
0
0
1
0
0
0
0
-1
-1
-1
0
2
0
0
0
0
0
0
0
-1
-1
0
0
1
1
0
0
0
0
0
0
-1
-1
0
0
0
0
0
0
-1
0
1
1
0
0
0
0
0
0
0
0
0
0
0
-1
0
0
0
0
0
0
0
0
0
0
0
0
0
1
1
1
1
0
0
1
0
1
0
0
0
0
-1
0
1
0
0
0
0
-1
-1
0
0
-1
0
0
0
0
0
-1
1
1
0
0
0
1
0
0
0
0
0
0
0
0
0
-2
-1
0
0
0
0
1
2
0
0
0
0
1
1
1
0
-1
0
0
0
0
0
0
0
0
0
-1
-1
-1
0
0
0
0
0
1
0
0
0
1
1
0
0
0
0
1
0
0
0
0
-1
-1
0
0
0
0
0
0
0
0
-1
0
0
0
0
0
0
0
0
1
1
1
0
0
0
0
0
0
0
0
0
0
1
0
-2
0
0
-1
0
0
0
1
1
0
-1
-2
0
0
0
-1
0
0
-1
0
0
-1
-1
0
0
0
0
0
1
1
0
1
0
0
0
0
0
0
0
2
0
0
1
0
0
-2
0
1
0
0
0
0
0
1
-1
0
3
1
-2
0
0
0
0
0
-1
-2
-1
0
-1
-1
-2
0
0
0
0
0
0
0
0
0
0
0
-1
1
1
1
0
0
0
0
0
-1
0
0
-1
0
0
0
-1
0
0
1
0
-1
0
0
0
-1
0
0
0
0
-2
0
3
0
-1
0
0
0
0
0
-1
0
0
-1
-1
0
0
1
0
0
1
1
0
-1
-1
-1
0
0
-1
1
-1
0
0
0
1
-1
0
1
1
0
-1
0
0
0
0
0
0
0
0
1
0
0
0
0
0
0
0
0
0
1
0
0
0
0
0
0
0
0
-2
-1
1
0
-1
0
0
0
0
0
1
2
-1
0
0
0
0
-1
0
0
0
0
0
1
0
-1
0
1
0
-1
0
0
0
2
0
0
1
0
0
0
0
0
2
0
0
0
0
-1
0
0
-1
0
0
0
-2
0
1
0
1
1
0
0
-1
1
2
0
1
1
0
-1
0
0
-1
0
0
0
0
-1
0
0
0
0
0
0
0
-2
0
0
0
0
0
0
1
2
-1
-1
0
0
0
0
1
0
0
-1
0
0
0
0
0
-1
-1
0
0
0
0
-2
1
0
0
0
0
1
1
0
-2
-2
-1
-1
0
0
0
1
0
0
1
0
-1
0
0
-1
1
2
2
0
-1
1
0
0
0
0
-1
0
0
0
-1
0
-1
-1
0
0
0
0
0
0
-1
1
1
0
0
0
2
0
0
1
0
0
1
0
0
0
0
0
2
1
0
0
0
0
0
0
0
0
-1
0
-1
0
0
-1
0
0
0
1
1
-1
-1
0
0
0
1
3
0
0
1
-1
0
1
0
-1
0
0
1
0
1
0
-1
1
0
-1
0
0
-2
-1
0
0
-1
0
0
0
-2
-1
0
0
-1
-1
1
0
1
0
0
0
0
0
1
0
2
2
0
-1
0
1
0
1
0
-2
0
0
2
0
-2
0
0
0
0
-1
-1
0
0
0
2
0
-1
0
0
1
-1
-1
0
-1
0
0
0
0
-1
0
-1
0
2
0
0
0
0
0
1
0
-1
0
0
0
0
0
0
0
0
0
2
0
0
0
0
-1
0
0
0
0
0
1
0
-1
0
0
-1
0
0
-1
-1
0
-2
-1
2
2
3
2
1
0
0
0
0
-2
-1
0
-1
-1
-2
-1
0
0
-1
0
1
1
1
0
0
0
0
0
0
0
1
0
0
1
1
0
0
1
0
0
0
0
0
0
0
0
0
1
0
-1
0
0
0
0
-2
-1
0
-2
0
0
0
0
0
1
0
0
0
0
0
0
0
0
-1
0
0
0
1
0
2
2
0
0
0
0
0
-2
-2
0
0
1
0
0
2
1
0
0
0
0
0
0
0
0
-1
0
-1
-3
-2
0
0
2
0
0
1
0
2
1
0
0
1
0
0
1
1
0
-1
0
0
0
0
-1
-1
-1
-1
0
0
0
0
-2
-1
0
0
0
-1
0
1
1
-1
1
0
0
1
0
0
0
0
0
0
0
0
0
-1
-1
-3
-2
-1
-1
-1
0
0
1
3
3
3
2
1
1
0
2
1
0
1
0
-1
0
2
0
0
0
1
0
-2
-1
0
0
-1
-2
-1
0
0
0
0
0
0
-1
-1
0
0
0
1
1
0
1
2
0
2
0
-1
0
0
0
0
0
1
0
0
0
0
1
0
0
0
-3
-1
-3
-1
0
-2
0
0
0
2
3
1
0
0
0
-1
0
0
-1
0
0
3
3
2
1
0
-2
-1
-1
-3
0
0
0
1
0
0
2
1
0
0
0
-1
-1
0
-2
-2
0
0
1
1
0
0
0
-1
-1
0
0
0
0
2
2
1
-1
0
0
-1
1
1
0
0
0
0
1
0
0
0
-1
0
0
1
0
0
0
-1
0
0
0
-2
-2
1
0
-1
-2
-2
0
2
1
-1
0
2
0
0
0
0
0
0
0
0
3
0
-1
1
1
1
0
-1
-2
-2
0
-1
-1
-1
2
1
1
1
0
0
0
0
-1
0
-3
-3
0
3
2
0
0
-1
-1
0
-1
0
0
1
2
1
1
0
0
0
0
-1
0
0
-2
0
0
0
0
-1
0
0
0
-1
0
0
-2
1
0
1
1
2
2
0
1
0
1
0
1
0
0
0
-1
-1
-2
0
0
0
0
0
0
-1
0
-1
1
0
-1
0
0
0
0
0
0
0
2
1
0
0
0
0
0
-1
0
0
-1
0
0
1
1
0
0
0
0
-1
-1
1
1
0
0
-1
0
0
2
2
1
-2
-3
-1
1
0
0
0
0
0
0
1
0
0
0
0
0
2
0
0
0
0
-1
0
-1
-1
2
0
1
1
0
-2
0
0
-1
2
1
-2
0
1
0
1
0
0
0
-1
0
0
0
0
0
0
0
-1
0
0
0
0
1
-1
0
0
1
0
0
1
1
0
0
0
0
-2
-1
2
0
0
2
0
-1
0
1
0
-2
0
1
0
-2
0
2
0
-2
0
3
2
0
1
2
2
2
4
1
0
-2
-2
-2
-3
-1
-4
-5
0
5
0
0
1
1
1
-3
-5
-2
-1
-1
2
3
2
3
1
3
5
-2
-2
-3
2
21
-7
-13
15
2
-9
-33
-62
10
37
-24
-5
43
84
75
-2
-5
46
27
-39
-86
-82
31
41
-106
3
91
-18
-4
-5
-35
22
0
-50
-26
-33
-10
146
237
-38
-135
156
156
89
-88
-255
155
319
-96
-143
72
67
107
52
-70
-132
-218
-172
-152
-311
-383
-88
-161
69
688
-672
-517
750
-104
-106
-670
-1719
539
1248
-807
-264
1170
2290
1908
-289
167
1239
513
-524
-1942
-1994
-46
-272
-2025
-1381
-84
667
940
-224
-423
1219
1521
76
-765
-873
-414
-204
-1101
-1254
-585
-283
431
457
298
1160
1922
2346
2160
1420
2108
2494
2354
2291
-379
-2582
-2207
-2410
-4751
-6708
-4605
-1223
-1765
-1186
1982
3401
4365
3732
2029
1310
-316
-2048
-2414
-3486
-3772
-2595
-446
2073
2393
3467
5973
5579
6045
7928
2217
-3829
-2317
-2945
-9785
-10854
-6997
-4438
-3401
-1092
4219
6829
7287
6671
3766
1480
1058
-1418
-5547
-4668
-4402
-6122
-3393
-187
64
406
3909
5625
4960
4969
4401
3360
961
853
2910
-624
-5715
-3669
-2080
-6719
-7020
-2392
-311
-885
312
3769
4244
2526
2650
1465
-1571
-1437
-281
-2637
-2517
-1710
-2138
-981
791
535
-654
2291
3253
2218
3518
3455
2583
1249
3471
3922
-2263
-4698
-1176
-3361
-8746
-5365
-1587
-1668
-1130
2758
5745
3796
4036
2888
-257
-1432
-2822
-3190
-3124
-2889
-3769
-1465
1341
-81
-180
3430
3310
1420
3506
3456
2117
2042
-342
3121
4613
-3198
-4295
124
-2965
-8700
-5788
-365
-1926
-2851
2217
5348
2984
3173
3334
695
-1367
-2548
-2004
-2851
-3463
-3194
-223
1384
88
746
2781
2103
1468
2811
2238
2425
1629
-299
4565
5290
-3421
-3713
1900
-4021
-9583
-3873
-1038
-3588
-2833
2829
4816
1758
3207
4444
-60
-2337
-1221
-2178
-3854
-2448
-2303
-166
1581
923
1128
3561
2124
100
3421
3270
987
1962
867
1817
5568
-104
-4932
503
-1553
-9157
-6420
-1589
-3159
-3595
727
5585
3916
1565
5222
2492
-3046
-1165
-815
-5737
-3287
-1244
-3022
723
2556
648
1874
3174
940
1792
3291
1069
1549
1668
421
2954
5188
-1897
-3516
1335
-3737
-8687
-4237
-2296
-4059
-1999
1976
4749
3064
2815
6046
577
-3435
145
-2167
-6041
-1682
-1092
-1926
2254
2186
1357
2210
1662
-353
898
1283
272
1285
1378
1871
4564
5128
-806
-1768
1099
-4865
-8630
-4209
-3619
-5088
-1594
2572
3772
3081
4417
5444
264
-1980
-16
-3966
-5475
-250
-3378
-3008
3965
1697
-22
3314
2373
-766
1310
690
110
1235
349
1770
2647
4799
1173
-2020
302
-1796
-6398
-4020
-1902
-4515
-1769
1432
1768
2163
2693
4709
968
-1193
1414
-1172
-3558
878
-292
-3041
1077
553
-1373
-375
-337
341
360
666
2077
2098
1587
2841
784
1892
4671
-1746
-3671
223
-2892
-6134
-2374
-1840
-3925
-687
620
935
1542
1981
2645
182
-391
572
-412
-2328
501
-266
-2057
1886
612
-1382
892
665
-1079
1585
1152
-930
1705
646
1008
1339
2960
5521
-704
-2221
2259
-3132
-7783
-2552
-3550
-6617
-1491
2686
1960
2053
5936
5481
19
304
1093
-3090
-5384
-314
-3189
-4644
2399
1531
678
2829
3363
1799
914
-82
-1094
-1007
-1319
-190
889
661
6093
5348
-1041
3161
1130
-6615
-4943
-4951
-8229
-5127
-2577
-37
2616
3819
8147
5074
2281
4210
1
-4819
-3594
-1863
-7301
-3429
3039
-314
712
5095
3790
667
1763
-174
-1145
-1098
-2446
744
-527
1015
7052
2194
-574
3682
-491
-6160
-3009
-4958
-6666
-3604
-1587
1800
1184
4288
7505
2413
1899
3046
-1490
-4204
-455
-2549
-6355
-87
766
-2118
931
4239
440
987
4077
-685
337
496
-766
346
-533
401
4563
2500
-1516
2278
275
-4973
-3412
-3084
-6020
-3456
-591
-1320
2401
3210
3437
5238
2671
1362
1369
-1872
-2035
-1355
-6299
-2212
971
-2739
542
3755
1569
1422
2879
1149
-2
521
-279
-455
198
-242
51
3963
914
-1693
2911
397
-4621
-2035
-2305
-4878
-2960
-2088
210
1429
1197
5146
4097
882
2928
1174
-2443
-159
-2327
-5510
-169
-1100
-3404
1641
2735
383
2228
3503
790
212
633
-1207
-1319
-521
-701
-752
1470
4794
752
192
4706
-1453
-4440
-1087
-4513
-6095
-2861
-1512
-908
386
4594
4836
1338
3944
3417
-964
-1463
5
-3676
-4968
147
-1861
-2986
1539
2277
678
2000
3748
1037
-266
893
140
-2172
-988
765
-1724
669
5406
790
-39
4835
-695
-3856
-924
-4567
-5393
-2639
-3308
-115
380
1034
5970
2318
1828
4690
1161
-1947
883
-146
-6737
-85
-373
-5536
768
2238
-993
1437
5456
924
675
3079
-772
-1855
-1395
-2087
-3314
-1397
473
-292
2151
7032
2056
1017
5699
-1445
-4184
-1234
-5163
-6168
-3936
-3019
-1169
-623
3283
4491
2034
5342
4487
590
772
1614
-3554
-4936
-110
-3981
-4422
1188
333
-205
3930
3431
1672
2946
1161
-509
-1304
-2743
-2444
-3129
-2527
215
-453
502
5776
4231
1250
4955
2520
-2188
-1568
-2780
-5261
-5389
-4249
-2595
-2386
-12
2910
3114
3281
4731
4043
1934
1254
1271
-3325
-2743
-1415
-5390
-2641
-810
-1180
749
2761
3374
3246
3335
2189
590
-1281
-1716
-3201
-4083
-2138
-1736
-895
1216
4131
3732
2611
4202
2237
-872
-1370
-2239
-5014
-4443
-3415
-3999
-1644
-336
1370
3016
2739
4260
4038
2553
2506
1408
-1829
-1937
-2248
-4731
-3271
-2252
-1962
-536
2144
2576
2841
4670
2839
2416
1679
-874
-2233
-2938
-3711
-4847
-3114
-1946
-1549
844
2599
3004
4173
6639
3984
2431
3143
-385
-3018
-3835
-5130
-6628
-5952
-4205
-3090
-1363
1699
4357
3737
4975
6612
3562
2486
2540
-507
-3843
-2132
-3730
-5910
-2721
-2033
-1752
699
3212
2496
3906
4988
2641
3089
1331
-897
-1466
-3306
-4151
-4595
-4572
-3273
-2598
-1229
1418
2113
3412
4761
4814
4337
3001
3205
1750
-1537
-1154
-2401
-4690
-3992
-3974
-4004
-2939
-1384
-226
791
2358
3093
3101
2969
2697
1589
482
-201
-1123
-2102
-2407
-1805
-1912
-1571
35
545
845
2121
2218
1711
2287
1207
351
573
-1469
-1744
-1613
-2874
-2532
-1770
-1508
-604
559
1433
2310
2700
3631
3502
1907
1959
868
-1197
-2140
-2811
-3923
-4493
-3178
-2867
-2177
-133
1205
2020
2643
3651
3288
2463
2322
1391
-310
-967
-1077
-2605
-2480
-1895
-1915
-1188
-225
441
867
1630
1803
1853
1688
1299
707
-172
-421
-1211
-1724
-1406
-1723
-1740
-1144
-700
-284
302
1009
1558
1525
2125
2074
1570
2090
1126
163
151
-921
-1859
-2097
-2579
-2698
-2700
-2052
-1313
-915
270
1420
1527
2032
2651
2170
1857
1813
856
-73
-259
-920
-1495
-1616
-1614
-1551
-1443
-706
-434
-76
737
976
1321
1592
1527
1278
1033
558
-49
-581
-829
-1148
-1856
-1385
-1396
-1494
-808
-346
49
561
1212
1559
1718
1982
2358
1846
1256
1135
118
-773
-1392
-2084
-2809
-2888
-2588
-2668
-1858
-793
-73
677
1770
2185
2433
2644
2423
2040
1050
889
-162
-1018
-1132
-1808
-1996
-1746
-1374
-1272
-436
124
519
1190
1388
1586
1350
1196
777
167
-243
-687
-1186
-1472
-1526
-1564
-1242
-872
-371
252
934
1382
1956
2561
2278
1853
1860
783
-226
-654
-1764
-2523
-2759
-2910
-2628
-2301
-1504
-574
-33
890
1654
1957
2139
2399
2165
1544
1436
838
-31
-358
-771
-1272
-1448
-1312
-1351
-1311
-679
-387
-258
311
669
651
890
995
750
721
502
265
-29
-178
-377
-579
-578
-549
-582
-577
-310
-255
-267
-13
130
49
215
191
99
105
68
9
53
230
336
269
863
1137
659
1070
1038
398
143
-324
-843
-1380
-1676
-1651
-1778
-1627
-993
-635
-398
285
814
918
1227
1645
1294
1103
1462
766
366
313
-162
-544
-634
-692
-1058
-808
-721
-703
-336
-245
76
140
398
480
458
638
581
416
313
228
2
-195
-244
-292
-518
-510
-296
-519
-380
-215
-251
-31
25
157
283
341
409
404
399
346
177
162
52
-132
-104
-174
-292
-212
-199
-224
-153
-116
-6
78
-8
160
242
-54
210
99
-133
13
-151
-173
-86
-159
-94
56
-52
30
184
1
128
122
115
84
200
200
95
369
163
216
209
83
64
-38
-132
-329
-376
-564
-615
-685
-648
-617
-677
-273
-457
-274
88
-43
235
506
703
997
797
1549
1797
644
1888
1224
317
533
-279
-845
-1495
-1661
-1896
-2224
-1943
-1446
-1257
-917
-16
157
630
1015
1486
1229
1207
1946
806
1006
989
384
69
66
-256
-748
-441
-850
-686
-857
-664
-548
-726
-144
-345
-194
249
177
215
450
429
435
373
381
454
89
183
244
-226
-76
-176
-384
-274
-421
-321
-365
-300
-192
-246
14
-5
-35
245
187
189
306
402
250
351
325
173
241
-21
89
-13
-185
-99
-158
-204
-296
-191
-284
-199
-267
-164
-40
-145
54
74
108
168
131
263
129
142
258
23
120
64
1
-2
-86
-61
-89
-133
-108
-78
-136
-78
-67
-72
-12
9
29
67
32
85
26
48
46
-28
89
12
22
59
1
57
22
7
24
-76
-43
-70
-134
-102
-76
-66
-81
12
14
-4
54
60
105
49
100
135
45
98
62
8
12
-40
-33
-67
-64
-39
-63
-58
-35
-40
-71
-11
-50
-41
0
-35
14
1
7
44
8
52
47
21
81
8
46
16
-5
25
-23
20
7
-9
28
-11
-18
-1
-37
-28
-43
-39
-15
-29
1
16
16
32
36
22
25
25
0
7
4
-16
-18
-12
-21
-23
-20
-8
-15
0
13
6
30
10
14
22
-14
2
-9
-23
-5
-26
-1
-2
-8
8
0
10
0
12
6
2
11
1
6
5
2
10
0
8
2
-3
5
-7
0
-3
-11
-3
-4
-4
3
9
6
-3
12
2
-6
0
-8
-6
-20
-7
-17
-23
-15
-16
-13
-6
1
11
20
19
35
26
9
30
17
-11
0
28
-32
-40
69
-66
-50
82
-64
-44
63
-30
-51
52
-9
-30
43
-5
3
31
0
0
35
-13
-26
58
-52
-21
48
-46
-7
29
-11
-18
37
-7
-5
32
-18
11
5
-15
3
-4
-12
-12
-3
-3
-16
0
14
-14
9
14
-10
11
0
-2
-3
-2
-8
-9
8
-9
2
17
-5
8
18
-3
11
10
-7
10
-3
-9
7
-2
-22
19
1
-26
18
-6
-20
5
0
-20
0
0
-20
8
-4
-3
6
-1
8
1
5
1
-2
0
2
0
2
5
3
5
6
2
1
1
-3
0
-3
-9
-2
-6
-3
5
0
6
16
8
15
14
6
13
3
-11
-7
-10
-29
-16
-11
-30
-13
-5
-15
-6
3
1
8
9
11
17
10
14
18
8
13
11
6
9
2
-3
0
-3
-6
-1
-7
-9
0
-8
-7
0
-12
-4
0
-7
-1
-4
-9
-6
-8
-11
-9
-10
-7
0
0
7
8
7
13
15
14
13
10
7
6
3
3
5
0
0
2
-1
0
0
-4
-5
-7
-11
-10
-11
-17
-14
-12
-13
-9
-6
0
4
5
7
11
8
9
14
15
13
13
10
8
5
-4
-5
-7
-9
-4
-4
0
3
3
3
0
-2
-6
-7
-10
-8
-8
-8
-5
-5
-2
-2
-1
1
3
4
6
9
8
9
6
3
2
1
-3
-5
-3
-2
0
0
-2
-3
-2
-1
-1
-5
-4
-1
0
3
7
7
9
7
5
4
1
0
-3
-7
-9
-11
-12
-11
-11
-6
0
6
8
8
7
5
6
5
0
-2
-1
0
0
0
0
0
1
1
0
0
2
3
3
1
0
0
-1
-1
-2
-1
0
-3
-4
-5
-3
-2
-1
-2
-1
0
-1
0
0
1
3
2
0
1
0
0
0
0
-1
-1
1
3
4
3
4
3
2
3
2
0
-1
-3
-2
-5
-6
-4
-6
-5
-4
-3
0
3
3
2
2
6
4
3
4
0
0
0
-3
-4
-5
-4
-6
-8
-7
-4
-2
1
4
7
9
11
10
11
12
6
2
-1
-5
-8
-12
-15
-13
-11
-8
-5
-3
0
2
5
8
12
11
12
11
6
4
1
-2
-2
-3
-2
-1
-4
-5
-6
-8
-9
-10
-9
-10
-7
0
6
10
15
18
20
18
15
11
5
-1
-8
-15
-17
-17
-16
-12
-8
-3
0
5
6
3
4
2
0
-1
-1
0
0
2
4
5
6
4
1
1
1
-4
-6
-7
-4
0
0
0
2
2
1
2
0
0
0
0
0
-1
0
2
3
3
2
1
-1
-3
-3
-7
-8
-8
-5
-2
0
2
2
3
6
8
8
5
2
0
0
0
-1
-2
-3
-2
-1
0
0
0
1
0
2
3
1
0
0
1
1
0
0
-1
-3
-3
-3
-5
-4
-3
-4
0
1
2
4
3
5
3
2
3
0
0
0
-1
-1
-2
-2
-1
-1
0
3
0
0
2
2
4
2
-3
-2
-1
0
1
2
-2
-3
-1
-3
-3
-2
0
0
1
2
0
0
0
0
3
3
1
0
0
-2
-1
-3
-2
0
3
6
5
4
1
0
-1
-4
-4
-3
0
-1
-1
0
0
1
0
-1
-1
0
0
2
2
2
1
0
0
-1
-1
-1
0
1
0
0
0
0
1
1
1
3
1
-1
0
-1
-1
-1
-1
-1
-4
-2
0
0
1
4
2
0
0
1
0
-3
-1
-1
-2
1
2
3
0
0
0
-2
-4
1
4
0
1
0
-3
-2
-1
1
2
3
3
2
0
0
-3
-7
-5
0
7
13
13
3
-2
-7
-8
-8
-3
0
-1
2
4
2
1
-3
-6
-5
-3
1
1
0
1
-1
-1
0
4
4
3
1
0
-2
-1
0
0
-2
0
2
4
4
1
-1
-3
-2
-1
0
0
-2
-1
-2
-2
0
0
2
4
4
5
4
4
3
2
1
-2
-7
-7
-9
-10
-8
-5
-3
0
2
3
8
9
9
7
6
5
3
0
-1
-2
-5
-6
-7
-7
-7
-7
-7
-4
-2
0
3
3
6
7
7
6
6
7
6
2
0
-1
-3
-5
-7
-8
-9
-5
-4
-3
-1
-2
1
4
5
6
8
7
7
2
0
-1
-1
-4
-6
-3
0
1
0
0
0
-1
-1
0
2
0
-2
-3
-2
0
-1
-1
-1
0
2
3
4
3
1
0
1
1
0
0
1
-2
-1
-2
-3
-1
-2
-2
0
-2
-1
0
0
3
2
2
3
4
0
-1
0
0
0
-1
2
0
-2
0
1
1
-2
-1
0
2
3
0
1
-1
0
6
4
2
0
0
-3
-5
2
-2
-5
-5
-7
-1
1
2
8
2
10
12
-11
-4
6
-2
-6
1
8
1
-2
7
3
-14
-23
-18
-1
-4
-8
21
9
1
4
-3
1
-5
15
45
23
20
17
-19
12
-20
3
122
-181
-267
-8
49
11
43
118
74
36
57
51
0
-26
8
-100
-96
-16
27
-24
-65
48
-86
-7
91
12
-19
32
36
3
74
-31
-43
19
28
29
-47
-1
-42
-3
61
32
29
-12
-24
-50
-41
-54
-37
14
9
28
11
1
42
40
21
-30
20
52
-11
-20
-20
-6
8
-17
-79
-46
-49
12
39
17
6
33
28
3
51
32
-36
-6
86
-5
-45
3
12
-30
-34
-19
-14
-23
-22
33
12
-37
22
39
9
-42
-68
47
39
-4
-22
31
-9
-34
88
21
-17
20
-33
-58
13
-11
-59
50
29
-10
24
-23
-11
26
34
31
-12
-36
8
-14
-11
21
-29
-32
-11
1
32
-13
-10
-28
14
48
-50
72
25
-71
91
24
-101
-12
81
-20
-81
29
-34
-46
59
14
-53
-57
24
100
4
-5
90
27
-17
22
-23
-12
2
-65
-24
43
-81
-34
100
-103
-45
116
-59
-26
69
2
0
6
-12
4
2
-11
16
75
29
48
-87
-66
72
-60
-46
86
67
-68
34
-6
-34
-10
-96
47
-60
-63
12
56
16
36
50
-161
-10
86
0
33
19
69
43
24
0
13
-48
28
-27
-118
-4
28
-9
-100
66
95
35
-16
-24
-15
-24
8
-73
-20
41
83
5
23
-33
-2
-95
-42
-59
-88
103
-17
-94
251
7
-5
67
-29
-81
113
80
-80
57
87
79
-8
-70
-108
-94
-24
-77
-75
177
-70
86
54
-244
229
-72
-207
294
104
-227
47
92
67
78
-274
10
52
-161
32
0
17
20
-63
14
-22
-25
124
63
28
68
-30
23
-34
-30
-31
-120
38
-20
56
11
66
3
-16
-19
46
-85
-80
173
-27
-39
-1
11
19
12
67
-142
168
-16
-240
146
-113
-97
-93
-66
123
112
-118
171
231
-189
69
27
47
74
-80
300
-148
-209
35
-139
-121
50
-83
-11
113
-107
28
-91
7
261
-270
121
294
-196
42
33
-115
237
-358
-96
515
-303
50
253
-258
113
90
-80
-11
-85
129
-285
-75
379
-380
-90
246
-91
218
-30
27
326
-316
-126
166
-562
3
-167
-255
77
-57
266
261
150
251
469
120
346
199
-48
500
147
-583
-164
360
-478
-638
-144
-35
-346
-374
26
-248
-176
137
-195
-116
197
-156
40
294
124
130
-9
473
228
27
391
-140
473
75
-336
309
-246
-9
127
-237
35
-19
-296
115
-171
-363
-37
-125
-187
1
-122
-128
142
-251
-4
2
-152
-44
-51
135
-178
253
449
-311
674
33
-177
711
-206
79
333
-143
163
64
-57
171
-395
-36
-224
-286
286
-725
-101
398
-545
18
-300
-190
453
-796
27
633
-438
539
229
208
821
-85
484
535
-245
438
196
65
518
-357
-269
174
-609
-316
-231
-331
-401
-557
-48
-143
-954
358
-211
-446
1003
-235
338
848
-201
1215
825
41
1598
110
241
1283
-408
716
564
-655
335
-561
-1046
-441
-1557
-1290
-1337
-1912
-819
-1316
-1065
-41
-639
563
1010
423
1520
1278
1076
2267
1432
1698
1943
898
1290
762
60
-69
-989
-1145
-1358
-2312
-1822
-2170
-2322
-1219
-1369
-887
-227
-42
856
1156
976
1141
675
588
528
-346
-79
-379
-611
-134
-72
515
939
826
1870
2345
1500
1941
1950
767
605
-118
-1332
-1634
-2345
-2907
-2529
-2634
-2312
-1334
-1207
-472
331
776
1339
1536
1417
1280
914
805
42
-574
-506
-931
-947
-593
-370
362
755
1489
2775
2131
2324
2920
1677
1105
393
-974
-1438
-2687
-3387
-3170
-3692
-3128
-2236
-1993
-953
-173
611
1304
1540
2179
1487
1519
1779
314
157
-216
-1355
-885
-908
-982
230
367
1045
2917
2630
2574
3244
2360
1615
667
-630
-1520
-2577
-3645
-3782
-3803
-3701
-2875
-2141
-1296
-463
522
1486
1714
2631
2119
1620
2262
1124
201
271
-897
-1110
-552
-697
3
576
1226
3096
2993
2846
3580
2558
1486
388
-837
-2041
-3466
-3986
-4261
-4454
-3805
-2917
-2065
-978
-22
1141
1879
2246
3053
1982
1707
2114
393
-192
-649
-1660
-1253
-1212
-703
418
557
2385
3792
2637
3710
3698
1830
1203
-317
-1768
-2875
-4099
-4314
-4697
-4353
-3299
-2776
-1472
-257
579
1830
2100
3249
2861
1698
2771
1173
-270
1
-1620
-1644
-942
-1282
-41
613
1997
3624
2669
3877
4063
1802
1486
26
-1912
-3093
-4427
-4694
-5227
-5219
-3603
-3093
-1901
-176
719
2268
2674
3550
3532
2093
2797
1542
-397
-220
-1514
-1876
-938
-1045
80
1147
2647
4280
3390
4615
4687
2160
1639
-72
-2288
-3544
-4986
-5413
-5664
-5529
-3954
-2947
-1760
-98
975
2327
2708
3643
3507
2109
2776
1887
-104
-163
-1219
-1816
-1091
-1358
-390
448
2086
3708
2661
4141
4373
1607
1504
-100
-2129
-3198
-4812
-4551
-5115
-5406
-2962
-2867
-2073
418
889
2331
2741
3876
3847
1859
2941
1534
-1303
-701
-2184
-3183
-1909
-1887
-690
380
2491
4481
3156
4584
5188
1884
1575
366
-2401
-3312
-4729
-4863
-4787
-5300
-2586
-2124
-1541
1607
1347
2511
3190
3054
2876
522
833
166
-3211
-2226
-2486
-3895
-978
-910
411
3103
2779
6420
5692
4121
6480
2731
678
334
-3545
-4577
-5570
-6975
-5729
-6046
-4290
-1374
-1469
1725
3045
2844
4617
3288
3548
1764
-483
419
-2317
-3458
-2112
-3408
-2076
329
468
2901
4044
4687
7671
4820
3840
5315
486
-1320
-1551
-4903
-5737
-5665
-5964
-5159
-4311
-1947
128
62
2124
3325
2768
2798
2042
2205
-500
-1639
-243
-3221
-3560
-1371
-2240
-823
1493
2121
3832
3920
5216
7115
3151
2999
3782
-1414
-2777
-2678
-5639
-6120
-5438
-5609
-4381
-3085
-939
892
1107
2704
3767
3011
2008
2104
1534
-1669
-1416
-930
-3522
-3017
-1360
-1826
-217
2193
2571
3786
4433
5367
5873
2565
2505
2096
-2128
-3362
-2967
-5288
-5844
-3782
-4328
-3607
-582
-345
338
1938
2089
1946
2720
1098
1066
1548
-1573
-863
-108
-2737
-1948
-334
-1021
218
2336
2852
3246
3772
5233
4850
1626
2214
1581
-2345
-3413
-2656
-4786
-5807
-3591
-3668
-3721
-874
449
351
1149
2267
2489
1741
597
1444
310
-2231
-838
-801
-3069
-2101
-222
-727
614
3099
3358
3238
4502
5828
4865
2395
2257
1311
-1554
-3318
-3281
-4315
-5346
-4014
-3486
-3325
-1178
713
293
889
2077
2118
2082
427
877
1227
-1714
-1966
-194
-1677
-2971
-916
12
214
2070
3383
2701
3397
6042
4711
1698
2457
1678
-1323
-2832
-2698
-3818
-4557
-3608
-3266
-3044
-1382
487
-222
96
1799
1908
1325
318
757
1320
-886
-1708
-380
-1318
-2178
-801
-494
208
2326
2985
2138
3081
5529
4679
1718
1251
963
-994
-2754
-3624
-3856
-3803
-3553
-3406
-2970
-1233
531
308
181
1321
2302
2001
707
793
1269
-209
-1443
-1042
-1414
-1795
-1225
-475
658
2615
3550
2919
3659
5640
5540
3034
1130
66
-883
-1966
-3641
-5064
-4505
-3620
-3437
-3030
-1725
-45
746
1000
1055
1269
1881
1274
73
138
-266
-1317
-1715
-1736
-1605
-1145
-227
1059
2298
3247
3576
3756
4492
5314
4154
1374
-474
-1000
-1805
-3407
-4840
-4588
-3936
-3448
-2540
-1773
-920
578
1514
1151
859
1640
1563
455
286
-151
-1281
-1641
-1443
-1605
-1714
-944
585
1877
3021
3277
2937
3730
5116
4778
2507
-272
-1341
-1101
-2079
-3812
-4371
-4270
-3517
-2042
-1106
-946
-673
380
1415
1605
1648
1203
229
319
602
-320
-1463
-1625
-1276
-1164
-549
700
1439
2416
3283
2834
2802
3942
4215
2843
203
-1783
-1824
-2009
-3173
-3736
-3930
-3757
-2346
-637
-16
89
650
1202
1387
1648
1322
236
-205
-40
-480
-1479
-2007
-1739
-1381
-845
320
1515
2544
3003
2534
2501
3526
4388
3742
958
-1670
-2101
-2055
-2367
-2416
-2981
-3616
-3215
-1928
-397
504
597
445
235
275
451
458
404
258
-310
-1372
-1873
-1344
-1225
-1188
-111
1036
2020
2709
2501
2473
3069
3734
3700
1642
-1087
-2120
-2412
-2695
-2530
-2615
-3048
-2873
-1836
-824
-248
317
697
648
450
322
83
110
623
500
-963
-1855
-1495
-1179
-350
971
1943
2812
3171
2815
2802
3128
3558
3565
1896
-186
-1343
-2480
-3391
-3226
-2944
-3019
-2652
-1984
-1486
-970
-265
432
940
1068
748
192
-52
280
284
-638
-1109
-925
-975
-749
-10
1134
2561
3300
3078
2740
2741
3016
3006
1689
-28
-965
-2134
-3313
-3636
-3475
-3029
-2076
-1109
-678
-543
-420
29
490
725
955
680
127
107
-378
-1438
-1656
-1500
-1464
-933
-113
943
2375
3316
3445
3076
2666
2913
3107
1865
441
-507
-1682
-2733
-3298
-3465
-3373
-2653
-1475
-581
-457
-456
51
204
378
873
663
143
-54
-683
-1635
-1814
-1621
-1434
-790
139
1381
2790
3547
3721
3620
3310
3245
2957
1627
212
-597
-1678
-2857
-3506
-4057
-4140
-3373
-2277
-1222
-456
14
415
527
373
495
378
52
188
-3
-875
-1319
-1252
-1223
-846
128
1394
2661
3607
4026
3808
3223
2843
2303
1055
-81
-654
-1319
-2116
-2657
-3130
-3345
-2858
-1920
-1212
-719
-184
180
227
176
314
26
-80
532
481
-111
-199
-178
-399
-415
31
739
1704
2606
3002
3121
3072
2990
2304
790
-229
-728
-1712
-2409
-2546
-2962
-3271
-2818
-1952
-1366
-982
-365
78
312
471
530
157
-6
415
60
-555
-529
-426
-361
-139
323
1289
2348
3037
3487
3578
3263
2981
2378
956
-199
-817
-1706
-2414
-2748
-3162
-3202
-2742
-2088
-1410
-905
-226
399
445
434
407
-55
-183
41
-302
-702
-571
-290
-130
154
662
1323
2337
3120
3262
3069
2825
2675
2002
722
-215
-876
-1529
-1940
-2470
-2997
-3055
-2639
-2033
-1651
-1343
-646
-15
76
138
139
-259
-260
12
-390
-731
-549
-298
-73
145
576
1279
2159
2935
3337
3245
3125
3303
2741
1504
550
-361
-1265
-1903
-2649
-3324
-3373
-3032
-2423
-1801
-1476
-822
-70
132
278
249
-100
-53
-3
-332
-544
-507
-350
-224
6
444
1146
2043
2592
2897
3032
3070
3135
2533
1396
541
-216
-1069
-1700
-2431
-3054
-3051
-2757
-2210
-1671
-1191
-453
159
394
490
409
109
124
23
-509
-774
-759
-605
-500
-269
317
1009
1861
2551
2900
2983
3117
3247
2493
1292
425
-475
-1406
-2128
-2839
-3408
-3373
-2832
-2201
-1744
-1187
-298
287
488
623
394
48
44
-133
-708
-1058
-929
-721
-648
-368
300
1097
1950
2648
3006
3125
3167
3118
2395
1181
299
-504
-1409
-2124
-2792
-3242
-3119
-2652
-2085
-1502
-905
-184
382
594
711
560
227
98
-129
-576
-895
-831
-598
-466
-110
554
1346
2236
2847
3121
3162
3211
3160
2329
1196
322
-610
-1519
-2281
-2911
-3252
-3233
-2817
-2200
-1657
-1084
-304
239
495
692
483
200
188
-35
-496
-710
-566
-389
-251
134
685
1350
2157
2704
2886
2874
2885
2754
1963
961
212
-686
-1519
-2138
-2795
-3184
-3193
-2851
-2284
-1815
-1273
-548
-77
155
344
282
138
199
111
-276
-429
-211
-50
82
469
1013
1696
2383
2827
2976
2897
2896
2736
1860
814
14
-940
-1836
-2572
-3328
-3740
-3696
-3293
-2659
-2068
-1295
-357
221
536
786
778
656
518
104
-483
-786
-791
-850
-860
-516
169
1049
1843
2442
2871
3075
3254
3116
2216
1185
308
-710
-1583
-2352
-3068
-3313
-3130
-2631
-2009
-1438
-587
230
567
736
798
670
495
266
-104
-553
-689
-557
-562
-377
143
772
1544
2193
2612
2864
2847
2810
2478
1620
816
33
-875
-1641
-2378
-2962
-3184
-3079
-2680
-2245
-1760
-1023
-401
-50
202
326
379
429
422
207
-60
13
178
133
181
509
1025
1625
2078
2354
2474
2602
2747
2418
1653
957
240
-590
-1334
-2093
-2748
-3028
-2943
-2618
-2189
-1673
-1020
-424
-23
288
492
530
513
370
37
-208
-268
-317
-297
-96
303
927
1645
2172
2493
2713
2923
2976
2504
1722
996
153
-691
-1414
-2233
-2817
-2993
-2916
-2595
-2167
-1590
-908
-497
-213
95
204
229
204
43
-126
-134
-16
77
222
560
1057
1677
2233
2538
2662
2642
2602
2367
1711
968
266
-481
-1098
-1721
-2338
-2635
-2664
-2483
-2181
-1829
-1340
-909
-669
-449
-266
-178
-133
-158
-241
-279
-150
78
283
546
959
1539
2134
2513
2710
2763
2675
2529
2101
1353
600
-174
-939
-1602
-2234
-2669
-2812
-2693
-2359
-1978
-1478
-867
-478
-235
29
216
275
194
70
-36
-149
-98
41
134
390
844
1409
1977
2305
2439
2494
2482
2371
1904
1153
437
-239
-914
-1596
-2220
-2599
-2688
-2510
-2202
-1842
-1317
-792
-496
-306
-151
-53
-74
-212
-321
-403
-417
-241
-87
58
434
945
1491
1968
2239
2320
2311
2337
2184
1592
882
244
-409
-1013
-1620
-2142
-2373
-2363
-2115
-1727
-1358
-921
-535
-339
-191
-77
-82
-173
-283
-415
-499
-380
-207
-81
205
597
1083
1663
2061
2283
2415
2397
2362
2162
1570
824
145
-448
-1034
-1667
-2151
-2391
-2437
-2259
-1955
-1552
-1102
-760
-517
-329
-150
-33
-149
-327
-343
-297
-260
-136
78
340
709
1172
1614
1958
2158
2249
2278
2249
2014
1476
816
217
-323
-938
-1581
-1991
-2180
-2213
-2064
-1789
-1383
-936
-615
-422
-249
-64
-18
-185
-360
-377
-334
-269
-111
108
405
850
1355
1813
2125
2256
2284
2234
2093
1748
1163
534
-31
-593
-1198
-1734
-2058
-2224
-2261
-2107
-1783
-1413
-1075
-793
-604
-424
-224
-162
-233
-281
-224
-128
9
196
387
683
1087
1471
1790
1992
2096
2105
2048
1951
1673
1195
649
163
-303
-832
-1320
-1651
-1839
-1928
-1887
-1716
-1482
-1235
-1067
-951
-743
-521
-440
-478
-416
-261
-151
33
272
495
829
1199
1568
1870
2054
2165
2150
2117
2036
1692
1202
662
109
-444
-1044
-1518
-1849
-2062
-2077
-1924
-1675
-1401
-1146
-959
-774
-490
-390
-502
-495
-401
-357
-250
-47
156
457
866
1232
1590
1864
2012
2085
2008
1906
1717
1242
689
210
-335
-921
-1364
-1647
-1904
-1982
-1832
-1638
-1349
-1080
-900
-739
-524
-283
-338
-435
-339
-277
-211
-98
92
336
660
1048
1379
1708
1949
2091
2094
1996
1949
1677
1176
699
189
-375
-901
-1309
-1653
-1888
-1910
-1807
-1561
-1328
-1147
-911
-742
-485
-343
-486
-477
-381
-332
-265
-134
100
348
667
1004
1323
1567
1742
1900
1837
1789
1778
1383
888
557
64
-529
-930
-1291
-1616
-1764
-1761
-1606
-1419
-1285
-1052
-836
-649
-453
-532
-611
-495
-435
-416
-380
-231
23
325
646
926
1263
1577
1727
1794
1763
1754
1634
1230
866
434
-125
-570
-920
-1245
-1551
-1671
-1578
-1398
-1279
-1140
-908
-723
-541
-473
-477
-455
-387
-252
-269
-159
28
288
631
745
1115
1461
1707
1727
1765
1833
1711
1509
1152
725
167
-290
-649
-1138
-1560
-1747
-1778
-1697
-1487
-1348
-1217
-941
-672
-602
-644
-582
-540
-445
-382
-314
-32
283
533
882
1196
1461
1708
1841
1845
1758
1629
1477
1142
701
236
-205
-592
-971
-1305
-1545
-1593
-1557
-1462
-1339
-1224
-1025
-918
-816
-700
-707
-635
-546
-407
-292
-151
164
451
749
1018
1268
1597
1768
1846
1821
1759
1704
1401
986
601
248
-218
-679
-1092
-1447
-1683
-1802
-1845
-1817
-1675
-1514
-1330
-1119
-865
-698
-611
-388
-143
-41
50
294
532
706
907
1105
1350
1548
1616
1603
1649
1699
1517
1154
862
569
154
-285
-678
-1000
-1295
-1462
-1484
-1466
-1393
-1287
-1137
-963
-794
-620
-563
-462
-266
-167
-115
56
284
449
591
813
1086
1278
1356
1443
1519
1572
1475
1173
901
614
288
-93
-487
-818
-1102
-1305
-1394
-1389
-1362
-1308
-1171
-1023
-904
-748
-576
-422
-228
-98
-11
205
492
682
827
1038
1282
1481
1524
1514
1523
1470
1307
996
674
363
33
-295
-646
-946
-1132
-1271
-1348
-1356
-1338
-1276
-1181
-1043
-869
-709
-519
-319
-137
25
185
407
626
795
927
1085
1273
1400
1437
1436
1445
1392
1186
933
717
453
127
-215
-523
-795
-1019
-1195
-1319
-1369
-1382
-1375
-1301
-1163
-1019
-857
-668
-471
-309
-156
49
297
504
631
780
963
1111
1213
1238
1228
1233
1179
1002
791
600
359
34
-301
-602
-845
-1020
-1130
-1208
-1250
-1211
-1103
-991
-905
-791
-613
-411
-271
-167
-6
253
511
684
827
1009
1189
1275
1271
1257
1269
1209
1036
833
662
417
54
-287
-527
-746
-978
-1141
-1222
-1254
-1279
-1279
-1220
-1066
-841
-657
-520
-289
35
286
438
634
924
1134
1208
1223
1198
1185
1138
1023
867
645
435
184
-121
-352
-575
-794
-941
-1006
-1067
-1159
-1178
-1092
-1005
-926
-812
-689
-529
-299
-36
148
295
584
874
1021
1115
1184
1218
1198
1128
994
763
550
426
266
21
-154
-246
-320
-388
-450
-547
-723
-892
-1024
-1140
-1241
-1283
-1235
-1058
-739
-342
-27
243
653
1059
1260
1326
1389
1433
1402
1299
1193
1019
752
512
305
49
-276
-577
-802
-929
-1031
-1145
-1243
-1219
-1089
-948
-803
-662
-494
-298
-70
168
329
429
621
852
960
976
963
970
985
932
790
614
454
340
165
-90
-326
-502
-623
-704
-748
-809
-862
-810
-703
-644
-570
-446
-304
-174
-46
154
286
341
501
687
790
765
687
663
666
633
530
372
270
244
96
-155
-349
-443
-515
-645
-706
-725
-793
-822
-774
-689
-633
-581
-484
-372
-271
-136
16
154
337
515
650
711
710
726
730
717
668
579
484
378
235
39
-149
-311
-446
-572
-686
-767
-813
-810
-778
-719
-630
-501
-367
-266
-157
-29
112
248
371
518
654
744
783
786
763
738
704
636
530
403
296
175
4
-183
-319
-411
-494
-573
-654
-697
-671
-628
-605
-567
-462
-337
-268
-198
-39
110
184
272
406
512
555
573
576
561
547
526
447
331
257
189
63
-73
-195
-309
-378
-427
-507
-584
-601
-571
-546
-515
-424
-300
-202
-109
-8
91
191
285
388
484
529
533
550
561
526
447
378
335
272
161
24
-84
-143
-203
-303
-407
-439
-432
-457
-486
-489
-446
-364
-272
-211
-179
-112
18
132
176
219
315
422
445
406
414
481
494
394
300
274
230
114
-33
-139
-196
-244
-299
-354
-417
-443
-402
-354
-340
-320
-251
-172
-112
-45
44
120
198
305
349
342
370
380
321
257
258
263
170
59
40
13
-92
-177
-175
-161
-217
-265
-237
-205
-229
-261
-252
-201
-120
-85
-106
-49
62
98
110
208
299
235
155
220
276
189
88
75
84
63
3
-83
-120
-69
-47
-131
-186
-135
-106
-165
-199
-161
-117
-95
-90
-64
-11
21
39
74
129
149
134
164
214
197
163
169
158
111
74
42
3
-36
-67
-97
-123
-124
-143
-194
-194
-148
-124
-107
-70
-35
-20
4
38
60
60
80
99
90
81
65
53
55
63
63
51
58
63
22
-31
-33
-15
-28
-46
-36
-39
-70
-76
-62
-71
-72
-37
-14
-35
-44
-15
4
22
59
67
46
51
68
37
-17
-17
26
35
9
-16
-23
-14
-16
-34
-39
-30
-15
2
7
-8
-10
25
46
29
24
26
-5
-32
-39
-48
-49
-18
4
3
6
20
16
5
23
48
26
-12
-16
-21
-23
-16
-8
-7
-6
-6
-9
-11
-23
0
48
49
28
50
62
19
5
8
-39
-81
-41
-7
-42
-33
40
44
-1
14
23
-21
0
48
0
-26
17
-12
-84
-55
-15
-41
-39
11
19
-4
28
48
9
15
44
14
1
33
11
-23
5
16
-11
1
25
-3
-11
24
33
23
19
7
-10
-6
-27
-63
-60
-59
-52
-42
-52
-5
39
21
15
48
64
43
19
23
34
6
-24
-26
-16
0
8
14
9
2
0
-29
-28
15
18
0
0
-6
-30
-36
-14
3
10
13
12
8
0
-14
-19
-15
-2
22
9
-21
-12
20
15
-11
-2
13
16
28
31
0
-17
13
21
-25
-26
7
1
-16
-20
-22
-13
12
21
0
6
17
-15
-27
-6
3
-3
12
30
-3
-17
11
8
-10
10
7
-15
4
7
-20
-3
29
6
-19
2
10
1
5
-5
-6
5
2
-14
-15
6
17
7
-1
0
-2
-8
-17
-16
11
23
1
-9
15
10
-27
-14
-1
-16
3
20
-7
-4
31
7
-16
22
24
-24
6
43
-11
-23
19
0
-34
-4
-2
-42
-22
6
-22
-27
20
24
2
24
33
14
2
11
6
-5
8
0
-18
3
5
-22
-16
-3
-3
-1
-2
-3
7
17
-6
-21
21
12
-39
-3
26
-15
-15
9
-4
-4
21
3
-21
23
42
-6
-28
20
29
-30
-24
16
-9
-18
17
0
-20
19
11
-22
3
29
-9
-23
20
11
-22
-7
3
3
7
-11
-16
14
15
-8
-13
-7
9
19
-10
-23
11
26
-2
-12
4
3
0
9
8
-9
-9
12
10
-22
-21
-5
-15
-2
11
-20
-29
13
25
-10
-25
1
13
10
15
4
-5
11
28
20
-2
-10
8
25
18
-2
-19
1
18
1
-23
-33
-17
2
-8
-33
-30
-5
7
4
-8
-15
0
22
7
-18
-6
17
17
8
0
-6
18
36
18
-6
1
23
29
19
-10
-23
2
30
2
-43
-40
-8
13
-8
-53
-48
12
40
-8
-47
-7
50
46
-10
-35
8
47
19
-31
-27
23
43
7
-11
12
25
12
1
-3
-11
-15
-9
-10
-11
-23
-28
-5
9
-8
-24
1
24
14
-6
0
27
27
3
-13
7
19
-14
-34
-7
17
-4
-30
-12
19
20
-15
-33
1
32
11
-13
0
35
38
10
-10
-2
11
-1
-22
-26
-14
0
3
-10
-22
-12
9
9
-15
-27
2
37
23
-18
-12
29
28
-14
-32
-2
18
1
-20
-5
20
14
-8
-1
18
13
0
0
10
12
0
-7
-7
-5
-9
-12
-12
-19
-14
1
1
-13
-10
11
24
8
-11
-3
19
14
-17
-21
4
14
0
-12
0
21
19
1
-3
9
13
2
-1
-5
-7
-3
-1
-5
-10
-12
-4
7
0
-15
-11
2
5
-5
-14
-9
0
1
-6
-8
0
8
16
12
7
18
25
19
9
12
14
8
6
0
-3
-6
-10
-12
-15
-16
-17
-16
-13
-14
-13
-10
-9
-4
0
-2
-2
4
7
5
4
4
7
10
10
8
13
18
11
7
11
13
5
0
2
4
0
-4
-8
-13
-14
-10
-13
-23
-21
-13
-8
-14
-15
-8
1
10
7
-1
8
24
22
10
4
12
23
13
-5
-9
3
7
-6
-15
-5
7
4
-3
-2
5
6
0
-8
-5
0
-4
-10
-9
-2
-1
-1
-1
0
3
0
-4
-4
0
1
-2
-4
0
6
6
-1
-4
1
8
8
3
0
1
0
-3
-6
-5
1
5
4
5
5
0
-3
-3
-2
0
0
3
4
0
-7
-5
-2
-1
-2
-1
3
8
3
-5
-6
-6
-5
-2
-1
2
4
1
-3
-6
-2
0
0
1
6
7
6
4
0
1
2
5
7
8
10
4
0
-3
-5
-5
-8
-8
-6
-7
-9
-10
-7
-4
-3
0
1
2
6
8
4
4
6
5
3
1
-1
-3
-4
-4
-2
-2
0
1
0
3
3
2
1
4
3
0
3
0
-1
0
0
-3
-4
-1
-2
-3
0
0
-1
-1
0
1
0
0
2
1
2
0
-3
-1
0
-1
-2
0
0
0
0
1
0
-1
0
0
-3
0
0
3
2
0
-1
-2
-2
-2
0
2
4
5
6
1
-3
-4
-3
-2
0
2
5
6
3
-1
-5
-4
-1
-1
0
2
3
3
0
-2
-3
-3
-1
0
1
2
1
-1
-3
0
1
-1
-1
0
3
1
0
0
2
1
1
-1
1
1
-2
-3
-2
1
0
-1
-1
-1
2
2
1
2
-1
0
0
-4
-2
-2
-2
0
0
1
1
1
2
1
1
2
1
0
1
5
3
0
0
-1
-1
-2
0
0
1
0
-2
-2
-1
-2
0
-2
-1
0
-3
-5
-5
-1
0
0
2
3
5
6
2
2
0
0
0
-3
-3
0
-1
-3
0
0
1
0
-1
1
1
1
0
1
2
2
3
0
0
0
0
0
-5
-3
-4
-2
-2
-3
2
2
1
3
6
5
5
0
1
-1
-1
-2
-6
-4
-4
-4
-2
0
0
1
2
1
2
2
0
0
0
1
2
3
5
1
2
4
1
0
-3
-5
-8
-6
-6
-5
-3
-2
0
1
1
3
3
2
2
2
1
1
0
-2
-1
1
0
-1
2
2
0
0
1
1
1
2
0
-1
-2
0
-1
-1
0
0
0
1
0
1
0
-1
0
0
0
2
0
0
0
-1
-2
-4
-3
-1
-3
-2
-1
1
1
0
0
-2
0
3
2
2
3
3
2
-2
-1
1
2
2
1
3
3
2
-1
-1
-2
-2
0
-1
-2
-3
-4
-3
-3
-2
-1
-1
0
3
3
2
4
4
1
0
-2
0
0
0
1
-3
0
0
0
2
-1
-1
0
0
0
-1
-3
-1
-3
-2
-1
-1
3
2
0
2
2
4
3
2
3
2
1
2
0
0
0
-1
-1
-1
0
-2
0
2
0
-3
-4
-3
-2
0
0
0
1
1
0
0
2
1
1
-1
0
2
0
0
0
0
2
0
0
0
-1
-3
-1
0
-1
-2
-1
0
1
0
0
0
1
0
-1
0
0
0
1
0
2
2
1
0
-1
-3
-2
0
-1
-4
-2
0
2
2
1
-2
-3
-2
0
2
1
1
2
2
5
4
5
4
2
0
-1
0
-1
-1
0
0
0
0
1
-5
-6
-5
-2
0
-1
-2
-1
-2
-4
-3
-1
0
0
-2
0
2
1
3
3
1
1
0
0
0
1
4
4
4
2
0
0
0
0
0
2
1
-1
0
-1
0
0
-2
0
-1
-1
-1
-2
-1
-3
-1
0
0
0
1
2
0
-1
0
0
0
0
0
1
0
0
0
-1
0
0
0
1
0
2
0
-2
-1
-1
0
-2
0
0
3
2
2
2
-1
-1
-3
-3
-3
0
0
1
2
4
4
1
1
0
-2
-1
-2
0
0
0
1
0
0
0
-2
-2
-1
1
0
-1
0
0
0
-1
-1
0
0
0
1
1
0
0
1
0
0
2
2
2
3
4
2
0
0
-1
-3
-1
0
-1
0
-1
-1
1
0
1
0
0
0
-1
-1
-3
-4
-6
-7
-3
-2
0
1
6
14
15
17
14
9
5
-1
-9
-18
-25
-28
-30
-27
-22
-13
-4
9
20
27
33
36
36
32
23
16
7
-1
-10
-15
-18
-19
-20
-21
-19
-15
-13
-9
-7
-4
0
1
6
10
13
14
13
10
10
5
0
-2
-7
-8
-8
-5
-4
-2
0
4
6
5
4
3
3
4
3
3
2
0
-1
-2
-3
-4
-6
-6
-8
-7
-5
-5
-5
-3
-4
-2
0
3
5
6
5
6
7
5
7
4
2
1
1
0
1
0
-2
-2
-3
-3
-2
-2
-2
-5
-7
-5
-1
-3
-2
-1
0
3
6
8
8
9
10
8
5
0
-4
-9
-10
-10
-8
-6
-2
0
0
0
1
1
-1
-5
-6
-3
-4
0
6
10
10
12
10
6
3
1
-1
-3
-3
-5
-6
-5
-4
-2
0
-1
0
0
0
0
0
0
-1
0
1
3
2
0
0
0
0
0
1
1
0
0
-2
0
0
0
-1
-1
0
0
0
0
2
3
0
0
0
2
2
-2
-1
-3
-2
0
1
1
0
-1
-2
0
0
0
-2
-1
0
1
1
-1
1
3
0
0
-2
1
2
1
0
0
0
1
1
0
-1
-1
0
2
-1
0
1
0
0
-1
0
1
1
0
-1
0
1
3
4
0
1
1
0
0
0
-1
0
0
-1
-2
0
0
0
0
-1
-1
-2
-3
-1
-1
-1
-1
0
0
0
0
0
-1
0
3
3
1
1
1
1
2
1
0
1
0
0
0
0
1
1
1
0
0
3
2
0
1
-1
-1
-1
0
1
0
1
1
-1
0
1
0
-1
0
-1
-3
-1
-3
-4
-1
-2
-1
0
0
1
0
0
0
1
2
1
-1
-3
0
-2
0
0
0
3
1
2
3
2
1
0
0
-1
-1
0
-1
-1
0
0
0
0
0
2
1
3
3
1
1
-1
-3
-5
-8
-8
-3
-2
2
4
6
7
7
7
4
1
-1
-4
-5
-6
-3
-2
-3
-1
0
0
1
2
4
4
3
4
2
0
0
-1
-4
-7
-4
-4
0
2
1
5
5
2
0
-2
-2
-1
-1
-2
-3
-3
-1
-1
-1
2
3
3
3
2
2
2
1
0
-3
-3
-1
-1
-1
-1
0
-1
0
0
0
0
-1
-1
1
0
0
3
3
3
2
0
0
-2
-1
-1
0
0
0
0
-1
-1
-1
1
0
0
0
0
0
0
0
0
0
0
-1
-1
0
0
0
0
0
2
1
1
1
0
-1
-1
-1
0
-1
-1
0
0
1
0
1
2
2
1
-1
0
0
1
0
-1
0
0
-3
-3
-1
0
-1
-3
-1
0
1
0
0
0
1
1
2
2
3
1
0
0
0
0
0
2
0
-1
0
0
-1
0
0
-1
-3
-2
-2
-3
0
0
0
-1
0
0
0
3
2
1
1
1
2
1
1
0
0
0
1
2
1
0
0
-1
-1
0
-1
-2
0
-1
0
0
0
1
-1
0
-1
-1
0
0
1
0
-1
1
2
0
0
0
0
0
0
0
0
0
0
0
0
0
2
0
-1
0
1
0
-1
-2
0
0
0
-1
0
0
-1
0
-2
0
0
-2
0
0
0
1
0
0
2
0
2
1
0
0
1
0
0
0
2
1
1
-1
0
0
0
0
0
-2
0
0
-1
0
0
0
0
-1
0
0
-1
0
2
2
0
1
0
-2
-1
-2
0
1
2
1
-1
-1
-1
0
2
1
0
-1
-1
0
-1
0
2
0
0
0
0
-1
-1
2
0
0
2
1
1
1
-1
0
0
0
0
0
-1
-2
-1
0
0
0
0
0
-1
0
-1
0
0
-2
-1
0
2
1
0
1
0
0
0
0
0
-1
0
0
1
1
0
-1
1
0
0
1
0
-1
-1
0
0
0
0
1
1
0
0
0
-1
-1
0
0
0
0
0
-1
-1
-1
0
0
2
0
0
1
1
-1
0
1
0
-1
0
1
1
0
0
-1
-1
0
1
0
0
0
-2
-1
-1
-1
2
0
1
2
0
0
0
0
0
0
0
0
0
1
0
0
0
0
0
0
1
0
1
0
0
1
0
-1
-1
0
-1
0
-1
-2
1
0
-1
0
-1
0
1
0
0
0
0
0
-1
0
0
-1
0
1
0
2
4
1
1
0
-3
-1
-1
2
3
0
1
0
0
0
0
0
-1
0
0
0
-1
0
0
0
-1
0
-1
0
2
0
0
0
0
0
1
0
0
-2
0
0
0
1
1
1
0
0
0
-1
-2
-2
-2
0
1
0
0
1
0
1
0
-2
0
1
4
2
0
1
0
0
0
0
0
-1
0
0
0
1
-2
-1
0
0
0
-1
0
0
0
0
0
-3
-1
-1
0
1
0
0
2
2
3
1
1
0
-2
0
-1
-1
-1
-1
0
-1
0
0
1
2
0
0
2
0
0
0
1
1
0
-1
-1
0
-2
-2
-1
1
0
0
0
0
0
-1
1
0
-3
0
1
0
1
1
1
2
2
1
0
-2
0
0
0
0
-1
0
0
-2
0
-1
-2
0
0
-1
0
2
1
2
2
1
3
2
2
3
4
2
1
0
0
0
0
-2
-1
-1
-2
-4
-6
-8
-8
-3
-3
-3
0
1
1
0
0
2
2
5
4
4
3
6
5
4
2
-2
-1
0
0
0
0
-1
0
-1
0
0
-2
0
-1
-3
-4
-1
0
0
0
0
0
1
1
0
0
0
0
0
0
-1
1
0
-1
0
0
0
-1
0
-1
0
0
0
0
0
0
1
0
0
0
-1
0
2
2
-1
0
0
0
0
0
0
1
-2
-2
0
0
-2
0
0
0
0
0
0
1
0
0
1
-1
-2
-1
-2
0
0
1
1
0
3
1
0
1
0
0
-1
1
1
0
0
0
0
2
2
0
0
0
0
-3
-1
0
-1
0
0
-1
0
-1
0
2
0
-1
-1
-1
0
0
0
2
1
1
2
0
-1
0
1
0
1
0
1
0
0
0
-1
0
0
-1
-1
0
0
0
0
0
0
0
0
0
0
0
0
-1
-1
-1
0
0
0
0
0
1
0
0
0
0
0
1
0
0
0
0
0
0
0
2
1
1
0
-1
0
0
-1
-2
-2
-1
0
-2
-3
0
0
0
0
-1
-1
2
0
0
1
1
1
4
3
1
2
0
-1
-1
0
0
0
0
0
0
1
0
-2
0
0
-1
0
0
0
0
-1
0
0
0
-1
0
0
-1
0
0
0
0
0
0
0
0
0
1
1
0
-1
-1
0
2
1
1
1
-1
0
0
0
0
-1
0
0
0
0
-1
0
0
0
0
0
0
0
-2
0
0
0
1
1
0
0
0
0
0
0
1
0
0
-1
-1
0
-1
1
-1
-1
0
-1
-1
1
0
-1
0
0
1
2
-1
0
1
0
0
1
1
1
0
0
-1
-1
-1
0
0
0
0
2
3
0
0
0
-2
-2
-1
0
0
0
0
0
2
2
2
1
0
-2
-4
-1
-2
-1
-2
-1
0
1
2
1
0
0
-1
0
2
2
1
1
1
1
1
1
0
0
0
-1
0
-2
-2
0
-1
0
0
1
1
0
0
0
-1
0
0
0
1
1
0
-1
0
1
1
0
1
0
0
-1
-1
0
-2
-2
0
-2
-1
1
2
0
1
1
1
0
0
2
0
-1
0
-1
0
-1
1
2
0
0
1
1
0
0
0
0
-2
-1
0
-2
0
0
0
1
0
0
0
-1
0
0
0
-1
-1
-1
-2
1
2
0
1
1
0
0
-1
0
2
0
3
0
0
0
0
0
1
0
-1
-1
0
1
0
0
0
-1
0
0
1
0
0
-1
-2
-1
-1
0
0
0
0
0
-1
1
0
0
0
0
0
0
0
-1
0
0
0
0
0
2
3
1
0
0
0
1
0
0
0
0
0
0
-1
0
0
0
0
0
0
1
1
0
0
0
-4
-2
-1
-2
0
0
-2
0
2
-1
0
0
-1
0
0
0
4
3
0
1
0
0
1
0
-1
0
-1
-1
0
0
1
1
0
0
0
1
2
0
0
0
0
-1
-1
0
-1
-2
0
2
0
-2
-1
-2
-2
0
1
1
0
-2
0
1
1
1
1
1
-3
-1
0
0
0
0
0
1
0
1
0
-2
-1
-1
0
0
2
0
0
-1
-2
-1
0
1
3
3
1
0
0
-1
-1
0
0
0
0
0
0
1
0
0
0
0
0
0
0
2
1
0
1
0
0
0
-2
-1
-1
0
0
0
1
0
0
0
0
1
0
-2
0
-1
0
1
1
-1
0
0
-1
-1
-1
0
0
0
0
1
1
1
0
0
0
0
0
1
-1
-1
1
1
1
0
2
0
-1
-1
0
0
0
-1
-2
0
0
1
2
1
0
0
-3
-2
-3
-1
0
-1
2
4
4
5
1
-1
0
-1
0
0
0
0
0
-1
1
3
0
0
0
0
1
-1
-2
-2
-1
-1
0
0
0
1
1
0
1
0
-1
-2
-2
1
0
1
2
0
1
0
0
-2
-3
0
0
0
0
1
1
0
-1
0
2
0
0
1
-1
-1
-1
-1
-2
0
1
2
1
0
2
1
-1
-1
-2
0
0
1
1
1
0
-1
0
0
0
-1
0
1
1
1
2
0
-2
-1
-1
-1
3
1
0
0
0
0
-2
-1
0
-1
0
0
0
1
0
0
0
-2
-1
1
2
3
2
1
0
-1
-2
-3
0
0
0
0
0
1
0
1
-1
0
0
0
-1
0
0
1
3
0
0
0
0
1
2
0
-1
0
0
0
-1
-2
2
1
0
0
0
1
0
0
-1
-2
-2
0
0
0
0
0
0
-1
0
-1
0
0
1
1
0
0
0
0
0
-1
0
1
3
1
-2
1
0
0
0
0
0
0
0
1
0
0
0
0
-2
0
0
0
2
0
0
-2
-2
-1
0
1
1
0
0
0
0
0
-1
0
-1
-2
2
2
1
1
1
0
-1
0
0
0
0
1
0
0
2
0
-1
-2
-2
0
0
0
0
1
3
1
0
-1
1
0
0
0
-2
-3
0
1
1
1
0
0
0
1
1
-1
-2
0
-1
-1
0
1
0
1
1
0
0
0
0
-1
0
0
1
0
-2
1
1
1
3
0
0
-2
0
-1
0
1
0
-2
0
0
0
0
0
0
0
-1
-1
0
0
0
1
2
0
0
0
0
0
0
0
-1
-2
-2
1
1
0
2
1
0
-2
-1
-1
0
-1
3
4
0
1
-1
-4
-1
-1
0
2
2
0
-1
0
0
0
-1
-2
0
0
2
2
1
-1
-3
-1
1
0
2
4
0
-2
0
0
0
0
0
0
0
0
0
0
-2
-4
-1
2
0
0
0
0
0
3
1
0
0
0
1
1
0
0
-1
0
0
0
1
0
0
1
-1
0
0
-1
0
0
-1
-1
0
0
1
3
2
0
0
-4
-3
-1
0
-1
0
0
2
0
0
0
-1
0
0
-1
0
0
1
1
0
-1
1
1
0
2
1
0
0
0
0
0
0
2
0
-2
1
1
2
3
0
0
1
-1
-3
-2
-2
-2
-1
-1
-1
-2
0
-2
-3
-2
-1
-3
0
0
2
2
0
-1
0
0
0
0
0
0
0
0
0
1
0
1
1
2
2
2
2
3
2
2
4
3
3
3
3
2
1
0
-1
-1
-1
0
1
0
-1
-2
-2
-3
-3
-4
-2
-2
-4
-1
-2
-3
-2
0
-1
-1
-1
0
1
0
0
-1
0
1
1
1
2
1
1
1
1
2
1
2
1
0
2
2
1
1
0
0
-1
0
0
-1
-3
-4
-5
-3
-2
-1
0
2
1
-1
0
0
-1
0
0
1
1
1
1
0
-1
-2
0
1
0
2
2
2
3
2
0
-1
0
-1
0
0
0
0
1
-1
-2
-2
-2
-2
-1
0
1
0
0
1
0
0
-1
-2
0
0
0
0
0
2
0
-1
1
0
0
1
0
1
0
-1
0
0
0
0
-1
0
0
0
-1
0
-1
0
0
0
0
1
1
0
0
-1
0
0
0
0
0
0
1
0
0
0
0
0
0
-1
-1
0
0
1
1
0
0
0
0
0
1
2
0
-1
0
1
0
0
-2
0
0
0
1
1
0
0
0
0
-2
-1
0
0
0
0
3
0
1
1
1
0
0
1
0
-1
-1
0
1
0
-1
-1
0
0
3
1
-1
-2
-2
0
0
0
0
-1
-2
0
3
4
1
-2
-2
0
0
1
3
1
-1
0
0
1
2
0
0
0
0
0
0
1
0
-1
-2
-2
0
1
0
0
-1
-1
0
0
0
0
0
-1
-1
1
1
0
0
0
0
0
2
1
-1
0
0
1
0
0
-2
-1
-3
0
0
1
1
-1
0
-2
0
1
0
-1
-1
0
0
2
0
0
-2
0
0
0
2
1
0
0
0
0
0
-1
0
1
-1
0
1
0
0
0
-2
0
0
-1
0
0
1
1
0
-1
0
0
0
-2
1
0
-2
0
0
0
2
1
1
0
-1
0
0
0
0
0
-2
-1
0
0
-2
0
0
0
1
0
0
-1
0
0
0
1
1
-1
0
-1
0
1
0
0
0
0
0
-1
0
1
0
0
0
1
0
0
0
-1
0
0
0
1
0
-2
0
0
0
2
2
1
0
0
0
0
0
-1
0
0
-3
0
-1
-1
0
0
0
0
0
2
0
0
3
3
3
2
2
2
4
0
-2
-5
-4
-3
-4
-2
-3
-3
-3
-4
-3
-4
-5
-3
-3
-1
0
0
4
5
8
7
9
11
8
7
7
6
4
4
2
0
-1
-5
-5
-5
-7
-8
-8
-8
-9
-10
-8
-5
-4
-2
0
-1
0
1
3
5
6
9
10
8
7
5
4
2
0
3
2
-1
0
-1
-4
-5
-2
-1
-3
-3
-1
0
0
-1
0
0
0
0
1
-2
-2
-2
-1
-2
-5
-5
-1
-3
-5
-2
-2
-1
-1
1
2
4
7
7
6
6
8
7
4
6
6
3
3
-2
-2
-3
-1
0
-3
-3
-4
-3
-3
-7
-5
-6
-6
-2
0
0
0
0
0
0
3
2
0
2
0
0
2
3
3
2
3
3
0
0
0
0
0
0
-2
-2
0
0
2
2
0
-4
-1
-1
0
1
1
-2
0
0
-1
0
-1
-2
-3
0
0
0
0
0
0
1
2
1
0
2
2
2
2
0
1
2
2
1
0
0
-1
-1
0
0
0
-1
-1
-2
0
-2
-3
0
-2
-1
0
-2
-1
0
1
0
-1
0
0
1
0
1
2
0
1
2
3
3
2
0
0
0
-2
-2
-2
-1
1
-1
1
2
0
0
0
2
3
2
-1
0
0
0
-3
-2
-1
-2
-1
0
-1
1
-1
0
0
1
0
0
0
-1
0
0
-1
0
0
0
0
1
2
0
3
1
0
0
0
0
0
0
0
0
2
1
0
2
0
0
1
0
-2
0
0
-3
-3
-2
-3
-3
-2
-1
1
1
-1
0
0
-1
0
0
0
0
-1
-1
0
2
3
0
-1
0
1
1
1
1
1
1
2
1
0
0
0
0
-2
-1
0
0
2
1
0
0
-3
-2
-1
-2
0
0
1
0
0
0
0
-1
-1
0
0
1
0
0
0
-1
-1
0
1
0
1
1
-1
-1
-2
0
1
1
1
2
1
0
0
-1
0
0
0
0
0
0
-1
-2
-3
-3
-2
-1
0
0
1
0
0
0
-2
-1
0
0
2
2
2
1
1
3
0
-1
0
-1
0
0
-1
0
-1
0
0
0
0
0
0
0
0
0
0
0
0
0
0
1
0
0
-1
-2
-1
-2
0
-1
0
0
0
0
1
1
0
-1
0
-1
0
2
1
2
0
0
1
1
0
0
0
1
0
-2
-1
-1
-1
-2
-1
0
0
-1
-3
-2
1
0
0
0
0
1
3
3
2
0
0
0
0
0
2
3
2
1
0
-1
-1
0
-4
-2
0
0
0
-1
-1
2
1
-1
0
0
-1
0
1
-2
0
0
0
0
1
0
0
0
0
-1
0
-1
0
0
0
-1
1
2
1
1
0
-1
0
0
0
0
1
1
0
0
1
1
1
0
-1
-2
0
0
0
0
0
-1
-1
-2
0
1
-1
0
0
0
0
-1
0
0
0
1
0
1
1
0
0
-1
0
-1
0
1
0
0
0
0
0
0
-1
0
0
0
0
2
2
0
-1
-1
0
0
0
-2
0
0
0
1
1
0
0
0
0
0
-1
-3
0
0
1
0
-1
0
0
-1
1
0
0
1
1
2
0
0
2
2
0
0
0
0
0
0
0
-1
-1
0
0
0
-2
-1
0
0
1
-1
-1
0
0
-1
0
0
0
0
0
2
1
0
1
1
1
0
0
0
-2
0
0
0
0
0
0
0
0
2
3
0
-3
-2
-1
0
0
0
0
0
0
0
0
-1
0
0
0
1
0
0
-1
0
1
0
-1
-2
-1
1
2
0
1
-1
0
1
0
2
0
-2
-1
0
0
0
2
1
-1
-1
-1
0
0
0
1
0
0
0
0
0
0
-1
0
0
-1
0
0
0
0
0
1
0
0
0
0
0
0
-2
0
0
2
1
0
0
-1
1
0
1
0
0
0
0
0
0
0
0
1
-1
1
0
0
0
-1
0
0
-2
-1
0
1
0
0
3
1
1
1
-1
-1
-1
-3
-2
0
1
0
0
2
1
0
-1
-1
-1
0
0
0
0
0
1
0
0
1
0
0
0
0
0
-2
0
1
1
2
2
-1
-1
-3
-1
0
0
0
0
0
0
2
1
0
-1
0
0
0
1
0
0
0
0
0
-1
0
-1
0
0
-1
-1
0
0
0
0
0
3
0
0
1
0
0
1
0
1
0
-1
1
1
0
0
0
-2
0
-1
0
0
-1
0
0
0
2
0
0
-1
0
1
1
0
0
0
-1
0
-1
-1
2
1
0
0
1
0
0
-1
-1
0
1
1
0
0
0
-1
0
0
0
0
0
0
0
-1
1
0
-1
-1
0
0
0
0
0
-1
0
0
0
1
0
0
0
0
0
0
0
3
0
0
1
0
0
-1
0
1
0
0
0
0
1
0
0
0
0
-2
-1
0
0
0
0
0
-2
0
0
0
0
-1
-1
-1
0
0
0
0
0
1
0
0
0
0
0
0
2
1
1
0
0
0
0
1
0
0
0
0
-1
0
0
1
0
-1
0
0
-1
0
-2
0
0
0
1
0
0
-1
-1
0
0
0
0
0
0
1
0
0
1
-1
0
0
-1
0
0
0
0
0
0
0
0
0
0
0
-1
0
1
0
1
1
0
0
0
1
0
0
0
0
0
0
-1
-1
0
0
0
0
0
1
0
0
0
-1
-1
-2
0
0
1
0
0
0
1
1
1
0
0
1
0
0
-1
-1
-1
0
-1
0
0
0
0
0
0
0
0
1
1
0
0
0
0
0
0
-1
0
0
0
0
1
-1
0
1
0
2
1
1
0
0
1
0
-1
-1
0
-1
0
-1
-1
0
-1
-1
-1
0
0
1
0
0
2
2
2
0
0
-1
-1
0
0
0
0
2
1
0
0
0
-1
0
0
1
0
0
0
0
0
0
-1
0
0
0
0
-1
0
0
0
1
1
1
-1
-1
0
0
0
2
1
0
0
2
0
-1
-1
-1
0
1
0
1
0
0
0
0
0
0
0
0
1
0
0
0
-1
0
0
-1
-1
-2
0
-1
0
0
2
2
0
0
-2
-1
-2
0
1
0
2
2
1
1
0
0
0
0
0
0
1
0
1
0
-1
0
0
0
0
0
2
1
0
0
-1
0
-1
0
0
-1
0
0
0
0
0
0
0
0
0
0
-1
0
0
0
0
0
1
1
1
0
0
0
0
0
-2
-1
0
0
2
1
0
0
-1
0
-1
-1
0
-1
0
0
0
0
-1
-1
-1
0
0
0
2
0
1
0
0
1
1
1
0
0
0
0
0
0
0
-1
0
0
0
0
0
-1
0
0
-1
0
0
0
1
0
0
-2
0
0
0
-1
2
2
0
1
1
-1
-1
-2
-1
-1
-1
-1
0
0
0
1
1
1
1
1
2
0
0
1
0
1
0
-2
0
0
0
1
0
-1
-3
-1
-2
-3
-1
-2
0
2
1
1
-1
0
0
0
0
0
0
0
-2
-1
0
-1
1
2
2
3
2
1
0
0
0
-2
0
1
0
0
1
0
0
0
0
0
-1
1
-2
-2
0
-1
0
2
0
0
0
-1
-1
0
-1
0
0
-1
0
0
1
0
0
0
-1
0
0
0
0
0
0
0
2
2
1
1
0
0
0
1
0
-1
0
0
0
0
1
0
-1
0
0
0
-1
0
0
-3
-1
0
0
-1
0
1
0
-1
-2
0
0
0
0
0
1
0
0
2
0
-1
0
0
0
0
0
0
-2
0
1
1
-1
0
0
-1
0
0
0
0
0
0
1
0
0
0
-1
0
0
-1
0
0
0
0
0
0
0
0
0
0
0
0
-1
0
1
0
0
0
2
0
-2
0
0
0
0
2
1
1
-2
-1
0
-1
1
1
0
1
0
-1
-2
0
0
-1
0
0
-1
0
-1
-3
0
0
0
1
0
0
0
1
0
-1
0
0
0
2
1
1
1
-1
-2
0
0
2
1
0
0
0
0
0
-2
0
0
-1
0
0
0
0
-1
-1
0
1
-1
-1
1
0
2
0
0
0
0
1
0
0
0
0
1
0
0
1
1
0
-1
-1
0
1
1
0
-2
-2
-1
-1
0
0
-1
0
-1
0
0
0
2
0
1
0
0
0
1
1
1
1
0
1
2
0
0
0
0
0
0
-1
-2
-2
0
0
-1
-2
0
0
0
0
0
0
0
-2
0
0
0
0
1
0
0
0
0
0
0
1
0
1
0
-1
0
-1
0
0
0
1
0
0
0
0
0
0
0
0
0
0
1
0
0
0
0
-2
-2
0
0
1
1
0
0
-1
0
0
0
0
0
0
-2
0
1
2
0
0
0
0
0
0
-1
1
0
0
1
1
0
1
-1
-1
0
0
0
1
0
0
0
0
1
0
-1
0
0
0
0
-1
1
0
0
-2
-1
1
0
0
1
-1
0
1
0
0
1
1
0
0
0
-1
1
0
0
0
0
0
0
-1
0
0
0
-1
0
0
0
0
2
1
-1
0
0
0
2
-1
0
0
-1
0
0
0
0
-1
-1
0
0
0
0
0
0
0
0
1
2
0
0
0
-1
-1
-1
-1
0
1
0
0
0
1
1
0
0
0
0
0
0
-2
0
0
0
0
0
-2
0
0
-1
1
0
0
0
0
1
0
-1
0
0
0
0
0
0
1
0
0
0
0
0
0
0
0
-1
1
0
0
0
0
0
1
0
0
0
-1
0
-2
-1
0
0
1
0
0
0
0
-1
0
0
0
1
2
2
1
-1
-1
0
2
3
1
0
1
0
0
-1
-1
-1
-2
-2
0
0
0
0
0
0
0
-1
-3
-1
0
0
0
0
1
1
0
1
1
0
1
1
0
2
1
1
0
-2
0
0
0
-1
-1
-1
0
0
-1
-1
-1
0
-1
0
1
-1
1
0
-1
1
0
0
1
2
0
-1
0
1
1
0
-1
0
0
-1
0
0
0
0
0
0
1
-1
-1
0
0
0
0
0
0
0
0
0
0
1
0
1
1
2
0
-1
-1
1
0
0
0
0
0
3
-1
-2
0
0
-2
0
0
1
0
-1
-1
-1
0
0
0
0
0
1
0
0
0
0
1
1
1
0
1
0
-1
0
2
0
-1
0
-2
-1
0
0
0
-2
0
0
1
1
0
0
0
0
1
0
0
0
0
0
1
0
0
2
0
0
0
0
0
-2
0
0
0
1
1
-1
0
1
-1
0
1
1
0
-1
-1
0
0
-1
0
-1
0
-1
0
0
1
0
-1
0
0
0
-1
-1
0
0
3
2
1
0
0
0
0
0
-2
0
1
2
3
0
0
0
-2
0
1
0
0
2
0
0
0
0
0
0
-2
0
0
0
0
0
0
0
0
0
-2
-3
0
0
0
0
0
0
0
-1
0
2
0
-1
0
1
0
-1
0
0
0
0
0
0
0
-1
0
0
0
0
-1
1
0
1
1
0
-1
-1
0
0
0
-1
0
0
-1
0
0
0
0
0
0
0
0
0
0
0
0
0
0
0
0
0
0
0
0
1
2
0
0
-1
-1
0
0
0
0
1
0
0
0
0
0
0
0
0
0
0
0
0
0
0
1
0
0
0
0
-1
-1
0
0
-1
0
-1
-1
0
0
1
0
0
2
1
0
0
0
0
0
0
0
0
0
0
1
-1
0
0
-1
0
0
0
0
0
0
1
0
0
0
0
-1
0
0
0
0
-1
0
0
0
0
0
0
1
0
0
0
0
0
0
1
0
0
0
0
0
0
0
0
0
0
1
0
-1
-1
0
0
0
0
-1
0
-1
0
0
0
1
0
0
0
0
0
0
2
0
0
0
0
0
0
0
0
-1
1
0
0
-1
-1
1
1
1
1
0
0
0
0
0
0
0
0
0
0
0
-1
-1
-1
1
-1
0
1
0
0
-1
-1
0
0
1
2
1
1
0
0
0
0
0
0
0
0
0
0
1
-1
-2
0
0
0
1
0
0
0
-1
0
1
-1
1
0
-1
0
0
2
0
0
0
0
0
1
0
-2
-1
0
0
0
0
0
-1
0
0
0
0
1
1
0
-1
1
0
0
0
0
0
0
0
0
0
1
0
0
0
-1
0
1
0
0
0
-1
0
1
1
1
0
-2
-1
1
1
0
0
-1
-1
0
1
0
0
0
0
0
0
0
-2
0
1
1
0
0
0
0
0
0
0
0
0
1
0
0
-1
-1
0
0
0
0
0
1
0
0
0
0
0
-2
-2
-2
0
0
0
0
0
1
0
1
0
0
0
0
1
2
0
0
1
0
1
0
-2
0
0
0
0
0
0
0
0
0
0
0
0
0
0
-2
-1
0
0
1
0
1
0
0
-1
-2
0
-1
0
0
0
0
-1
0
0
0
0
1
1
0
0
0
0
-1
0
0
0
1
0
1
1
1
0
0
0
-1
0
0
0
1
-1
0
1
1
1
0
0
0
-1
0
0
0
0
-1
-2
0
0
0
0
0
0
0
0
0
0
0
-1
0
1
0
1
1
0
0
0
0
1
0
-1
0
0
0
0
0
-1
-1
0
0
1
0
1
0
1
1
0
0
-1
-2
0
0
1
0
-1
-1
-1
-1
0
1
0
0
0
0
0
2
1
0
0
0
0
0
0
0
0
0
0
0
0
0
0
0
-1
0
1
0
-1
-1
-1
-1
0
0
0
0
0
0
2
2
0
0
0
0
0
0
0
1
0
0
0
1
0
-1
-1
0
0
-1
-1
-1
0
0
0
0
1
0
0
0
0
0
0
-1
0
0
0
0
0
0
0
0
0
1
1
0
0
0
0
0
-1
0
1
0
0
0
0
0
0
1
0
0
0
0
0
1
0
0
0
0
0
0
0
0
0
0
0
0
-1
-2
-1
-1
-3
-3
0
0
0
0
0
0
0
0
0
0
0
1
0
2
1
0
0
2
1
1
1
0
0
-2
-1
0
0
-1
-2
-1
0
-1
-2
0
1
0
0
0
0
1
0
1
3
2
0
0
0
0
0
0
1
0
-2
0
0
-2
-2
-1
1
0
0
0
0
0
0
0
0
0
0
0
1
1
1
1
0
0
0
1
2
1
0
0
0
0
-1
-1
0
0
0
0
0
-1
0
1
0
2
0
0
0
0
0
0
0
-1
0
0
-3
0
1
0
2
0
0
1
0
0
0
-1
-1
-1
0
0
0
0
1
1
1
0
0
0
0
0
1
0
0
-1
0
0
0
0
0
0
0
0
0
0
1
0
0
0
1
2
0
0
0
0
-1
1
0
0
-1
0
1
0
0
0
0
0
0
0
-1
0
-1
0
0
0
0
0
0
1
0
0
1
0
-1
0
0
1
0
-1
0
0
0
0
-1
1
0
1
0
0
-1
0
0
0
0
-1
0
0
0
0
0
0
0
0
0
1
0
0
0
0
0
-1
0
0
0
0
0
1
0
0
0
0
0
0
-1
0
1
0
0
1
0
1
0
-2
-1
0
0
0
0
0
1
0
-1
0
0
-1
0
0
0
0
0
0
0
-2
-2
-1
0
0
-1
0
0
1
1
0
1
0
0
1
1
0
1
0
0
0
2
0
0
1
0
0
0
0
0
-1
-1
-1
-1
-1
-1
0
0
0
0
0
0
0
0
0
1
0
0
1
0
-1
0
0
0
1
0
0
0
0
0
0
0
1
0
0
0
0
0
-1
0
0
0
0
0
0
0
0
0
0
-1
-2
-1
0
0
0
0
0
0
0
1
1
1
1
0
0
0
0
0
0
0
-1
0
0
0
0
0
0
0
0
0
0
0
-1
-1
0
-1
0
0
0
0
-1
0
0
0
0
0
1
0
0
-1
0
0
0
0
0
0
1
1
0
0
0
0
0
-2
0
0
0
0
0
0
0
1
-1
0
1
0
0
0
0
-2
-1
0
0
0
0
1
0
0
0
0
-1
0
0
0
0
1
1
0
0
0
2
0
-1
-1
0
0
0
0
0
0
0
0
1
0
0
0
0
1
0
0
0
0
0
0
0
0
0
1
0
0
0
0
0
0
0
0
0
0
1
0
0
0
0
1
-1
0
0
-1
0
0
0
-1
-2
0
0
0
-1
-1
0
0
0
0
0
0
1
0
0
1
0
1
0
0
0
0
1
0
0
0
0
1
0
0
0
0
0
0
0
-1
0
0
0
0
0
0
0
0
-1
0
0
0
0
0
0
1
0
0
0
-1
0
0
0
-1
-1
0
0
0
0
-1
1
0
0
1
0
0
0
-1
0
1
1
1
0
0
2
0
0
0
0
0
-1
0
0
0
0
-1
0
0
0
0
-1
0
1
0
-2
0
0
0
0
0
1
0
0
0
-1
0
0
0
1
0
1
0
0
0
0
0
0
-1
0
1
0
1
1
1
0
0
0
-1
0
0
0
0
0
0
0
0
0
0
-1
-1
0
-1
0
0
1
0
0
0
0
1
0
0
0
0
0
0
0
1
0
0
1
-1
0
0
0
-1
0
0
0
2
0
-1
1
0
-1
-1
-2
0
-1
0
0
0
1
0
1
0
0
0
0
0
-2
-1
-1
0
0
0
0
1
1
0
0
1
0
0
0
0
0
0
0
0
0
0
0
0
0
1
0
1
1
-1
-1
0
-1
0
-1
0
0
0
0
0
0
1
0
1
0
0
0
0
-1
0
1
0
0
0
0
1
0
0
1
0
0
0
0
0
-2
-1
0
0
1
0
1
0
-1
0
0
0
-1
0
-2
-2
0
0
1
0
2
0
0
1
0
0
0
0
-1
1
-1
-1
0
-1
0
1
0
1
1
0
0
0
0
-1
0
-1
0
0
-1
1
-1
0
0
0
1
0
0
0
1
0
0
0
0
-1
0
0
0
0
0
1
0
0
0
0
-1
0
0
0
0
1
1
0
-1
0
-1
-1
0
0
1
0
1
2
1
0
0
0
0
-1
0
0
-1
-1
0
0
0
1
2
0
-1
0
0
-2
-1
0
0
0
0
1
2
0
0
0
-1
0
0
0
0
0
1
0
0
0
0
0
0
-1
0
0
0
0
0
0
1
-1
-1
-1
0
0
1
1
0
0
0
-1
-3
0
-1
0
0
0
1
0
0
0
0
0
0
2
0
0
1
0
1
1
1
0
0
0
0
0
0
0
0
0
-1
0
0
0
-1
0
0
-2
-1
-1
-1
0
-1
0
0
0
-1
-2
0
2
1
1
1
1
0
0
1
1
0
-1
1
1
0
0
1
1
0
-1
0
0
-1
-1
0
0
-2
-2
-3
0
2
-1
0
0
-1
2
1
1
1
0
-1
-1
0
0
1
1
0
1
0
0
0
0
0
-2
0
1
0
0
-1
0
0
0
0
0
0
-1
0
0
0
0
0
-1
-1
-1
0
1
2
0
-2
-3
-1
1
0
0
0
0
0
0
2
1
2
1
0
0
0
0
0
0
-1
0
-1
0
0
3
2
0
0
1
-1
-2
-1
-1
0
0
-2
-1
0
0
0
0
0
0
0
0
-1
-1
-1
0
0
0
0
0
0
0
0
0
1
1
0
1
0
1
1
0
1
1
-1
0
0
0
0
0
0
0
0
0
0
0
0
-1
0
1
1
-1
0
0
0
0
-1
-1
0
0
0
0
0
0
0
0
1
1
1
0
0
0
1
1
0
0
0
0
0
0
0
0
-2
-1
0
0
0
-1
0
2
0
0
0
1
0
-1
0
0
0
0
0
0
1
0
-2
-1
0
0
0
0
1
0
0
0
-1
0
-1
-1
0
0
1
1
0
0
1
-1
0
1
0
2
0
0
-1
0
0
1
0
-2
0
1
-1
0
0
0
0
-1
0
-1
0
-1
0
0
0
2
1
0
1
0
1
0
0
1
0
0
0
-1
-1
0
0
0
0
0
0
0
0
0
0
1
0
0
0
-1
-1
0
0
0
-1
0
0
0
0
0
-1
0
0
0
0
0
1
0
0
0
-1
0
0
0
1
1
2
0
1
0
-1
-2
0
0
0
-1
0
0
1
1
0
0
0
0
0
0
-1
0
0
1
1
0
0
-1
0
0
1
1
1
0
-1
0
0
0
0
0
0
1
0
-2
-2
0
-1
0
0
0
-1
-1
-1
0
1
0
0
0
0
0
2
0
1
1
0
0
1
1
1
1
0
0
0
0
0
-1
-1
0
0
0
0
0
0
-1
0
0
0
2
1
1
0
0
-1
-1
-1
-1
0
0
0
0
0
-1
-1
0
1
0
0
1
0
1
1
0
0
0
0
0
0
0
-2
-1
0
0
0
0
1
0
0
0
0
0
0
0
0
0
0
0
-1
-1
1
1
-1
-1
0
0
0
0
1
0
0
0
0
0
0
0
0
0
0
0
0
0
0
0
0
0
0
0
0
0
0
0
-1
0
0
0
0
0
0
0
0
1
1
1
0
1
0
0
-1
0
0
-1
-1
0
1
1
0
0
0
0
0
-1
0
-1
-1
-1
0
1
0
0
1
1
0
0
0
0
0
0
0
0
0
0
0
1
1
0
-1
0
0
0
1
0
0
0
-1
0
0
0
-1
0
2
-1
-2
0
-2
-1
0
1
0
0
-1
-1
0
0
0
1
2
0
0
0
0
0
0
1
1
0
0
1
0
0
0
0
-1
0
0
0
0
0
0
-2
-2
-1
0
0
0
0
0
0
0
0
0
0
0
0
0
0
0
0
1
0
1
2
2
0
0
0
1
0
0
1
0
0
0
0
0
1
0
0
0
-1
0
0
0
0
0
0
0
0
-2
0
0
0
1
0
-1
0
1
0
-1
0
0
0
0
0
0
0
0
1
0
0
0
0
0
-1
-1
0
0
1
1
0
0
0
0
0
0
0
0
1
0
0
0
1
0
-1
0
0
-2
-1
1
0
0
0
0
0
-1
0
1
1
0
0
0
0
1
0
1
0
-1
0
0
0
0
0
0
0
0
0
1
-1
0
0
0
0
0
0
1
0
0
0
0
0
-1
-1
0
-1
0
1
0
0
0
0
-1
-2
0
0
0
0
0
0
0
0
2
1
-1
1
0
0
0
0
0
0
0
0
0
0
0
0
0
0
0
0
0
0
-1
0
0
0
0
0
1
0
0
0
-1
0
0
0
0
1
0
0
0
0
-1
-2
0
1
0
1
0
0
0
0
-1
0
0
1
0
0
0
0
-1
0
0
1
1
0
0
1
0
-2
0
-1
0
0
0
0
0
0
1
0
0
-1
0
0
0
0
0
0
0
-1
0
1
0
0
0
0
2
0
0
0
-1
-2
0
1
-1
-3
0
0
1
0
-1
0
-1
-1
0
0
0
0
1
0
0
0
1
2
3
2
3
0
0
0
0
0
-1
0
-1
-1
0
-1
-1
-1
-1
0
0
0
-1
-2
-2
-1
0
0
1
0
1
1
1
2
0
0
0
0
1
0
0
0
1
0
-1
-1
0
0
0
0
0
0
0
0
0
0
0
-1
-1
0
0
0
0
0
0
0
0
-1
1
0
-1
0
0
1
0
1
1
-1
0
0
0
0
0
1
0
0
1
0
-1
0
0
0
1
0
-1
0
-1
-1
1
1
1
0
0
1
-1
-2
-1
0
1
0
1
0
-1
0
0
0
-1
-1
-1
0
1
0
0
0
0
0
0
0
1
0
0
0
0
1
0
0
0
0
0
0
0
0
0
0
-1
0
0
0
-1
0
0
1
1
1
1
1
-2
-2
-1
-1
-1
0
1
0
0
0
0
0
0
0
-1
-1
0
0
-1
0
0
1
1
0
0
1
1
0
0
0
0
0
1
0
0
-1
0
0
1
-1
0
0
0
0
0
0
0
0
0
0
0
0
0
0
0
0
0
0
-2
-1
0
-1
0
0
1
1
0
-1
0
1
0
0
1
1
0
-1
0
0
0
0
-1
1
1
0
0
0
2
0
1
0
-1
-1
-1
-1
0
0
0
0
0
0
0
0
0
0
0
0
0
0
-1
0
0
-1
-1
0
0
0
1
0
0
1
0
-1
0
0
0
1
2
0
0
-1
0
0
0
0
0
1
1
0
0
0
0
0
0
-1
0
0
0
0
0
1
0
0
0
0
-1
0
-1
0
-1
0
0
0
1
1
0
0
0
0
0
-1
0
0
-1
-1
-2
-1
1
0
-1
0
0
0
0
-2
0
1
0
0
0
0
-1
0
0
-2
0
1
0
0
0
2
2
0
0
0
0
0
-1
0
-1
0
0
1
0
0
0
0
0
0
0
0
0
0
1
0
0
0
0
0
0
0
1
0
0
0
0
0
-1
0
0
0
-1
0
0
-2
0
0
0
0
0
-1
-1
-1
0
1
0
0
1
1
0
0
0
-1
0
0
1
0
0
3
0
0
0
-1
1
0
0
1
0
0
1
0
0
1
0
-2
0
0
0
0
-1
0
1
-1
0
0
0
0
0
0
0
1
0
0
0
1
0
0
0
-1
-1
0
0
0
0
0
0
0
0
1
0
0
0
0
1
0
-1
-1
0
0
-1
-1
0
1
0
-1
0
0
0
0
0
0
0
0
0
0
0
-1
0
0
0
0
1
1
0
0
0
0
0
0
0
0
0
0
0
0
0
0
1
0
-1
0
0
1
0
0
0
1
0
-1
-1
0
-1
-1
-1
0
1
0
0
0
0
0
0
1
1
0
1
0
0
0
0
0
1
0
0
0
0
0
0
-1
-1
-1
-1
0
-1
0
0
-1
0
0
1
1
-1
0
0
0
0
0
1
1
0
1
1
0
1
1
0
-1
0
0
-1
0
0
-2
-1
1
0
1
0
0
0
-2
0
0
1
2
0
0
0
0
0
0
0
0
0
0
0
-1
0
-1
-1
0
0
0
-1
0
0
0
-1
0
1
0
0
0
1
0
0
2
0
1
0
0
1
1
1
1
0
0
0
0
0
0
1
0
-1
-1
-1
-2
-1
0
-1
-1
0
1
0
0
1
0
0
0
0
0
0
0
0
1
0
-1
0
0
0
0
0
1
0
0
1
0
-1
0
0
0
0
0
0
0
0
0
0
0
0
0
0
0
0
0
-1
0
2
0
-2
-1
0
1
1
0
0
-1
1
0
0
0
0
0
0
0
-1
-1
0
0
0
0
0
0
0
-1
-1
-1
-1
0
0
0
0
1
1
1
1
0
0
1
-1
0
1
0
0
-1
0
0
1
0
0
0
0
2
0
-1
-1
-2
-1
-1
-1
0
0
0
1
1
1
0
1
0
0
0
-1
0
0
-1
0
0
0
1
1
0
0
0
0
0
0
-2
-1
0
0
0
1
0
0
0
0
0
0
0
1
1
0
0
1
0
0
0
0
0
-1
0
0
1
0
0
1
0
-1
0
0
0
-1
-1
0
0
0
2
0
0
0
0
0
0
0
0
0
0
1
1
0
0
-1
-1
0
0
0
1
1
0
0
0
0
0
0
0
0
0
0
0
1
1
0
0
0
0
0
0
-1
0
0
-1
0
0
0
0
0
0
0
0
0
0
0
0
0
0
0
0
0
0
0
0
0
0
1
0
0
0
0
0
0
1
1
0
0
1
0
0
0
0
0
0
0
0
0
0
0
-1
-1
0
0
0
-1
0
0
0
0
0
-1
0
-1
0
0
-1
1
1
0
0
0
0
0
0
0
0
0
0
0
0
0
0
1
0
0
0
0
0
0
0
0
0
0
-1
0
0
0
0
0
0
1
1
0
0
0
0
0
-1
0
0
0
0
0
0
0
0
1
1
0
1
2
-1
0
0
0
0
-1
0
0
0
0
0
1
0
1
0
0
0
0
0
0
0
0
0
-1
-1
-1
-1
0
-1
-1
0
0
0
-1
0
-1
0
0
0
0
0
2
0
0
1
0
0
0
2
1
1
0
0
-1
0
0
-1
0
0
0
0
0
0
0
0
-1
0
-1
0
0
0
0
0
0
0
-2
-1
0
-1
0
2
1
0
0
0
0
0
0
-1
-1
1
1
1
0
0
0
0
-2
0
1
1
0
0
0
0
1
0
0
0
0
1
0
0
0
0
0
0
0
-1
-1
-1
-1
0
0
0
0
2
0
0
0
-1
0
0
0
0
0
0
0
0
-1
0
0
0
0
1
0
0
0
0
0
0
0
0
0
0
1
0
0
0
0
0
-1
0
0
0
0
0
0
1
0
0
0
0
0
0
0
0
0
-1
0
0
0
1
0
0
0
1
0
1
0
0
1
1
0
0
0
0
0
0
0
0
0
0
-1
0
0
0
0
0
0
0
-1
0
0
0
0
-1
0
-1
0
0
0
0
0
-2
-1
-2
0
0
1
0
-1
0
0
0
1
1
2
0
1
2
0
1
1
0
0
-1
0
0
0
0
-1
-1
-1
-1
0
0
0
1
1
0
-1
0
0
0
0
0
0
0
1
0
0
-1
-1
0
1
0
0
0
0
1
0
-1
0
0
0
0
0
0
0
0
0
0
1
0
0
0
0
0
0
0
0
0
0
1
1
-1
0
0
-1
0
-1
0
1
0
0
0
0
-1
0
0
0
0
0
1
1
1
1
0
0
0
0
-1
0
0
-1
0
0
1
0
0
0
0
0
1
0
0
0
0
0
1
0
-1
-1
0
0
0
0
0
0
0
0
0
0
0
0
0
1
2
-1
-1
1
0
0
1
0
0
0
1
0
1
1
0
-1
0
0
0
0
-2
-1
0
-1
-2
0
-1
0
0
-1
0
0
0
0
0
0
1
0
0
2
0
0
-1
0
1
1
0
0
0
0
0
-1
0
0
0
0
0
0
0
0
0
1
0
0
-1
0
0
0
0
0
0
0
0
0
0
1
0
0
0
0
0
0
0
0
1
0
0
0
0
0
0
0
-1
-1
0
0
0
0
-1
0
0
0
0
0
0
0
-1
-1
0
0
0
0
0
0
1
1
0
1
0
0
0
1
0
0
0
0
0
0
0
0
-1
0
0
0
0
0
0
0
0
-1
0
0
0
-1
0
0
0
0
0
0
0
0
0
0
0
0
0
-1
0
1
1
0
0
1
0
0
0
0
0
0
0
1
1
0
0
0
0
1
0
-1
0
0
0
-1
0
0
0
0
0
0
0
0
0
0
0
0
-1
0
-1
-1
0
0
0
1
1
0
0
2
0
0
0
0
0
0
1
0
0
0
-1
0
-1
-1
0
0
0
1
0
0
0
0
0
0
0
0
0
0
0
0
0
0
-1
0
-1
0
1
0
1
0
0
0
0
0
0
0
0
0
0
0
0
0
0
0
-1
0
-1
0
0
0
-1
0
0
0
0
0
0
1
0
0
-1
1
0
1
1
0
0
0
0
-1
0
1
-1
0
0
0
0
0
0
0
0
0
0
0
0
0
0
0
0
0
0
0
0
0
0
0
-2
-1
0
0
0
0
0
0
1
0
-1
1
0
0
0
0
0
0
1
1
0
0
0
0
0
0
0
0
0
0
2
0
0
-1
-1
-1
1
0
-1
-1
0
0
0
0
0
1
0
2
0
-1
0
-1
0
2
0
0
1
0
-1
0
-1
0
-1
0
0
0
-1
0
0
0
1
1
0
0
0
0
0
1
0
0
0
2
1
0
0
0
0
0
0
-1
0
1
0
0
0
0
0
0
0
-1
0
0
0
0
0
1
1
0
1
0
0
0
0
0
0
0
0
0
-1
-1
0
0
0
0
1
0
-1
0
-2
-2
-1
0
0
0
1
1
1
0
0
0
0
1
0
0
0
-1
-1
0
1
0
-1
0
0
0
0
0
2
0
0
1
2
0
0
1
0
0
-1
0
0
0
-2
-1
-1
0
0
1
0
0
1
0
-1
0
0
0
0
-1
-1
0
0
0
-1
0
0
0
0
0
0
2
0
0
0
-1
0
0
0
0
0
0
0
0
1
1
0
0
0
0
0
0
0
0
0
0
0
0
0
1
0
0
0
0
0
-1
0
1
0
0
0
0
0
0
0
0
1
0
0
0
0
0
0
-1
-1
0
1
0
1
0
0
0
0
1
0
0
0
0
0
0
0
0
1
0
1
0
0
0
0
0
0
0
1
0
0
0
0
0
0
0
0
0
0
0
0
0
1
0
0
0
0
0
0
-1
0
0
-1
0
0
-1
0
0
0
0
0
0
1
0
0
0
0
0
0
0
0
0
0
0
1
0
0
0
-1
0
0
0
0
0
0
0
0
0
0
0
0
-1
-2
-1
0
0
0
0
0
0
-1
0
0
0
-1
0
0
0
0
0
1
0
2
1
1
0
0
0
-1
0
0
0
0
-1
-1
0
0
0
0
0
0
0
0
0
0
0
0
0
0
0
1
0
0
0
0
1
1
0
0
-1
1
0
0
0
-1
-1
0
0
0
0
0
1
1
0
-1
0
0
0
0
0
-1
0
1
0
0
1
1
0
0
0
-1
0
0
0
-1
0
1
1
0
1
0
0
0
0
0
1
0
0
1
0
-1
0
0
0
-1
0
-1
-1
0
0
0
0
0
0
0
0
0
0
1
0
0
1
0
0
1
2
2
0
0
0
0
0
0
0
0
-2
-1
-1
-1
0
0
-1
-1
-2
-1
1
0
0
0
0
0
0
2
0
0
1
1
0
1
0
2
1
0
0
0
0
-1
0
0
0
0
0
0
-1
-1
-1
0
0
0
0
1
0
1
1
0
0
0
0
1
1
0
0
0
0
1
0
-1
-1
-1
0
0
0
0
-1
-1
0
0
2
1
1
0
-1
-1
-1
-1
1
0
0
0
0
0
0
0
1
0
-1
-1
-1
0
1
2
2
0
0
0
0
0
0
0
0
0
0
0
0
0
0
0
2
1
0
0
0
0
0
0
0
0
0
0
0
0
1
1
0
-1
-1
0
0
0
0
0
0
0
-1
0
0
0
0
0
0
2
0
0
0
0
1
0
0
0
0
0
0
-1
0
0
0
-1
0
0
0
0
0
-1
0
0
0
0
0
0
0
0
0
0
1
1
1
1
0
0
0
0
0
0
-1
-1
0
0
0
0
0
1
0
0
0
-1
0
0
0
0
0
0
0
0
0
0
0
1
1
0
0
0
0
0
0
0
0
1
0
-2
-1
0
0
0
0
0
-1
0
0
0
0
0
0
0
0
0
0
0
0
0
0
1
0
0
0
0
0
0
0
0
1
0
0
0
0
-1
-2
0
0
0
0
0
0
0
0
0
0
0
0
0
0
1
-1
-1
0
0
1
0
0
1
1
0
1
0
-2
0
0
-1
1
0
-2
0
0
0
0
0
0
0
0
0
0
-2
0
0
0
0
1
0
0
0
0
0
-1
0
1
0
0
1
1
2
1
0
0
0
-1
-1
-1
-1
0
0
0
0
0
0
0
-1
0
0
0
-1
-1
0
0
0
0
0
0
1
1
0
0
0
0
0
0
0
1
0
-1
1
0
-3
-1
0
-1
0
0
0
0
0
0
0
0
0
1
0
0
0
1
0
0
0
0
0
0
0
0
-1
0
-1
0
0
0
0
0
1
0
0
1
0
0
0
0
0
0
0
0
-1
0
0
1
1
-1
0
0
-1
0
0
0
0
1
-1
0
1
0
0
0
0
0
0
0
0
0
0
-1
0
0
0
0
0
-1
0
0
0
0
0
0
1
0
0
-1
0
0
0
0
0
0
0
-1
0
0
0
-1
0
0
0
1
0
0
0
0
1
0
0
0
0
0
2
0
-1
-2
-1
0
0
1
0
0
2
1
1
0
-1
0
0
0
0
0
0
0
0
0
0
0
-1
-1
0
0
0
0
0
0
1
0
0
0
0
0
0
0
0
0
0
1
-1
-1
-2
0
0
0
2
0
1
2
0
-1
-1
0
1
0
0
0
0
1
0
-1
0
0
0
0
-1
-1
0
0
0
0
1
0
0
1
1
0
0
0
0
1
2
0
0
0
0
-1
-1
0
0
0
-1
-1
-1
-1
0
0
0
0
-1
0
0
1
0
2
1
0
0
0
0
0
0
0
0
2
1
0
0
0
-1
0
0
1
1
1
0
0
0
0
0
-1
-1
0
-1
0
-1
-1
0
0
-1
-1
0
0
2
0
0
0
0
0
0
0
0
0
1
0
0
0
1
0
0
0
0
-1
0
-1
0
-1
-1
0
0
0
0
1
0
0
0
1
0
0
0
0
-1
-1
1
1
0
1
0
0
0
0
-1
-1
0
0
0
-1
0
1
0
0
0
0
0
0
0
0
0
0
0
-1
0
1
1
0
1
0
0
0
0
0
0
0
0
-1
0
1
0
0
-1
0
0
0
0
0
0
0
0
0
-1
0
0
0
0
0
0
0
1
0
1
1
1
0
0
0
0
0
1
0
0
1
1
0
0
0
0
-1
0
0
0
0
0
0
0
0
0
-1
-1
0
0
0
0
0
-1
-1
0
0
-1
0
0
0
0
1
0
0
1
0
0
0
0
1
0
0
0
1
0
0
0
0
-1
-1
0
0
-1
-1
0
0
0
0
-1
0
0
0
0
0
0
1
0
0
0
0
0
0
-1
0
0
0
-1
0
0
0
0
0
0
0
0
1
0
-1
0
1
0
0
1
0
0
0
0
0
0
0
-1
-1
-1
0
0
0
0
0
0
0
0
0
0
0
0
0
0
0
-1
0
0
0
0
0
0
0
0
1
0
0
0
-1
-1
-1
0
0
0
0
1
2
0
0
0
-1
0
1
0
0
0
0
-1
0
0
0
0
0
0
0
0
1
0
-1
0
0
0
0
0
0
0
0
0
0
0
0
1
0
0
0
0
0
-1
0
0
0
0
1
0
0
0
0
0
0
0
-1
0
0
0
0
0
0
0
-1
0
0
0
0
0
0
2
0
0
1
0
0
0
-1
0
0
-1
0
0
0
0
0
0
0
0
0
1
1
-1
0
-1
0
0
-1
0
0
0
0
0
0
2
1
0
0
0
0
0
0
1
0
1
0
-2
0
0
0
-1
0
-1
-1
0
0
1
-1
1
0
0
1
0
0
0
0
-1
-1
0
0
0
1
2
1
-1
-1
-1
-3
0
1
0
0
0
0
0
0
0
0
0
0
-1
0
0
0
0
0
0
0
1
0
0
-1
0
0
0
0
0
0
0
0
0
0
0
0
0
0
0
0
0
0
0
-1
0
0
0
0
0
-1
0
0
0
1
0
0
-1
-1
-1
-1
-1
0
0
0
0
0
1
1
0
0
1
1
2
0
0
0
0
0
1
0
0
-1
0
1
0
0
1
1
0
1
0
0
1
0
1
-1
-1
0
0
-1
-1
-1
0
0
-1
0
0
-1
0
0
0
0
1
0
0
0
0
2
0
0
0
1
1
0
0
0
0
1
0
0
0
0
0
0
0
-2
1
0
0
0
0
1
-1
-1
0
0
1
0
-1
0
0
-1
-2
-2
-1
0
1
0
1
1
1
0
0
1
1
0
0
0
1
0
0
0
0
-1
0
0
-1
0
0
-1
0
0
0
0
1
0
0
0
0
-1
0
0
0
0
0
0
0
0
1
2
0
0
0
0
0
0
0
0
0
0
0
0
0
0
0
0
0
0
1
0
0
0
1
2
0
0
0
0
0
-1
0
0
0
-1
-1
0
0
-1
0
-1
0
0
0
0
-1
-1
0
0
0
0
0
0
1
0
0
1
0
0
0
0
0
0
0
0
0
0
0
0
0
0
0
0
0
0
0
0
0
0
1
0
0
0
0
0
0
0
0
-1
-1
0
-1
0
0
-1
0
0
0
-1
0
-1
-1
0
0
0
0
0
1
3
3
0
0
0
0
-1
-1
0
0
-1
0
1
1
0
-1
0
0
-1
0
0
0
0
-2
0
0
0
-1
0
2
1
1
0
0
0
0
0
-1
0
0
0
0
1
1
0
0
-1
0
0
-1
0
0
0
0
0
0
0
0
1
1
0
0
0
0
0
0
0
-1
0
0
0
0
0
0
0
0
-1
0
0
-1
0
1
0
0
1
0
-1
1
0
1
1
0
0
0
0
0
-2
-1
0
0
-1
0
0
0
0
0
0
0
1
0
0
1
0
0
0
0
-1
0
0
0
0
0
1
2
1
0
0
1
0
0
0
0
0
0
-1
-1
1
-1
0
0
0
0
0
0
0
0
0
-1
-1
0
0
0
0
0
0
0
0
0
0
0
0
0
0
2
0
0
0
0
0
-1
0
0
0
0
2
0
0
0
0
0
0
-1
0
-1
0
0
-1
-1
0
0
0
0
1
0
0
0
0
0
0
-1
0
0
0
0
0
-1
0
2
2
0
-1
1
1
-2
-1
0
1
1
0
0
0
1
1
0
0
1
3
1
1
0
1
-1
-2
0
-1
-1
-2
-2
-2
-1
0
0
0
1
0
0
0
0
0
0
0
0
0
2
1
1
1
0
0
2
2
0
1
1
0
0
-2
0
0
-1
-1
-1
-1
0
0
0
0
0
0
0
0
0
0
0
0
0
0
0
0
0
0
-1
0
0
0
0
0
-1
0
0
0
1
0
0
1
1
0
0
1
1
1
1
1
0
0
0
0
-1
-1
-1
0
0
-3
-1
1
-2
0
0
0
0
0
0
0
0
0
1
0
1
0
0
0
0
-1
0
0
0
0
0
0
-2
-1
-1
-2
-1
-2
0
0
1
0
-1
0
2
1
0
2
3
2
1
1
2
1
0
-1
-1
-1
0
0
0
1
1
0
0
0
0
-2
-3
0
0
0
0
0
0
0
0
-1
0
1
-1
-1
0
1
0
0
1
3
0
0
2
1
0
0
0
-1
0
0
1
1
1
0
0
0
0
-1
0
0
-1
0
0
0
-1
0
0
-1
-1
-1
-1
0
0
0
0
-1
-1
0
0
2
3
1
1
1
1
1
0
1
0
0
0
0
-1
-1
0
0
0
1
0
-1
1
1
0
0
0
-2
-1
-1
-2
-1
-1
-2
0
-1
-1
2
0
1
5
4
0
2
2
1
0
0
0
1
0
0
0
-2
0
-3
-2
0
-1
0
0
-1
0
0
0
-1
-2
-1
-2
-2
-1
-2
-1
-1
0
1
2
1
1
2
1
4
4
2
1
0
-1
0
-1
0
0
0
0
1
2
1
0
0
1
0
0
0
-2
-1
-2
-1
0
0
0
0
0
-1
0
0
-1
-1
-2
-1
0
0
0
-1
-1
0
0
1
0
0
0
0
0
1
3
1
-1
0
1
1
1
1
2
1
-1
-1
-1
-2
0
0
0
1
0
-1
-1
-1
0
-1
0
-1
0
0
0
0
0
0
1
2
2
2
0
-1
-1
0
1
1
0
-1
-2
-1
0
1
2
0
0
-1
0
0
0
0
0
0
-1
0
2
1
0
0
-1
-2
1
0
0
1
0
0
-1
0
0
2
2
0
0
0
0
0
0
0
0
0
-1
-1
0
0
-1
-1
1
1
0
0
0
0
0
1
2
0
1
0
0
0
0
0
0
-1
-1
-1
0
0
0
1
0
0
0
0
0
-1
-2
0
1
1
0
1
0
0
1
1
1
0
1
0
-1
-1
1
1
1
1
0
0
-1
0
-1
-1
0
0
0
0
0
0
0
-1
2
0
0
2
2
0
0
-1
0
0
0
0
0
-1
0
-1
-1
3
1
-1
0
0
0
0
1
1
-1
-1
-3
-2
0
0
0
0
0
0
1
0
0
0
-1
0
0
1
3
4
1
0
-2
-1
0
-1
0
0
0
5
-1
6
2
-15
0
-5
-4
6
-3
6
3
-3
8
-2
0
-2
-12
-2
-3
4
8
2
4
0
0
2
0
-1
-2
0
0
0
2
1
1
0
-6
-3
-2
0
0
1
2
0
1
1
-2
2
