0
0
0
0
0
0
0
0
0
0
0
0
0
0
0
0
0
0
0
0
0
0
0
0
0
0
0
0
0
0
0
0
0
0
0
0
0
0
0
0
0
0
0
0
0
0
0
0
0
0
0
0
0
0
0
0
0
0
0
0
0
0
0
0
0
0
0
0
0
0
0
0
0
0
0
0
0
0
0
0
0
0
0
0
0
0
0
0
0
0
0
0
0
0
0
0
0
0
0
0
0
0
0
0
0
0
0
0
0
0
0
0
0
0
0
0
0
0
0
0
0
0
0
0
0
0
0
0
0
0
0
0
0
0
0
0
0
0
0
0
0
0
0
0
0
0
0
0
0
0
0
0
0
0
0
0
0
0
0
0
0
0
0
0
0
0
0
0
0
0
0
0
0
0
0
0
0
0
0
0
0
0
0
0
0
0
0
0
0
0
0
0
0
0
0
0
0
0
0
0
0
0
0
0
0
0
0
0
0
0
0
0
0
0
0
0
0
0
0
0
0
0
0
0
0
0
0
0
0
0
0
0
0
0
0
0
0
0
0
0
0
0
0
0
0
0
0
0
0
0
0
0
0
0
0
0
0
0
0
0
0
0
0
0
0
0
0
0
0
0
0
0
0
0
0
0
0
0
0
0
0
0
0
0
0
0
0
0
0
0
0
0
0
0
0
0
0
0
0
0
0
0
0
0
0
0
0
0
0
0
0
0
0
0
0
0
0
0
0
0
0
0
0
0
0
0
0
0
0
0
0
0
0
0
0
0
0
0
0
0
0
0
0
0
0
0
0
0
0
0
0
0
0
0
0
0
0
0
0
0
0
0
0
0
0
0
0
0
0
0
0
0
0
0
0
0
0
0
0
0
0
0
0
0
0
0
0
0
0
0
0
0
0
0
0
0
0
0
0
0
0
0
0
0
0
0
0
0
0
0
0
0
0
0
0
0
0
0
0
0
0
0
0
0
0
0
0
0
0
0
0
0
0
0
0
0
0
0
0
0
0
0
0
0
0
0
0
0
0
0
0
0
0
0
0
0
0
0
0
0
0
0
0
0
1
0
-2
2
1
-4
-3
4
0
1
1
-1
2
0
4
3
-8
-9
11
0
-12
10
5
-1
-11
-3
15
3
-9
-1
5
-12
-3
12
11
-6
-11
2
4
8
-5
5
-10
-7
0
3
9
-4
9
-3
-5
-4
7
3
7
-8
-13
11
0
2
-8
4
-1
0
-3
0
11
-11
0
0
4
1
-12
-2
21
0
-25
11
10
-9
8
14
-15
-15
14
10
-17
6
11
-15
-8
15
13
-15
-2
0
0
1
10
-4
-9
15
-6
-8
0
8
4
-9
2
11
-8
-11
5
13
-1
-18
4
17
-9
-6
19
-11
-10
0
20
-1
-25
17
-3
-16
1
20
5
-17
-3
16
-3
-7
9
3
-7
-13
17
7
-6
-1
0
0
-13
2
18
-4
-8
-1
7
13
-24
9
12
-14
-13
3
29
-18
-21
29
10
-30
-11
19
19
-28
0
21
-19
-1
7
15
-16
-13
18
1
-6
9
2
-11
-6
7
12
-8
2
-11
0
8
-9
19
-6
-10
6
-13
9
1
-5
12
-25
12
22
-17
7
-9
0
8
-7
0
5
6
-2
0
4
2
-14
-1
27
-17
-8
12
-25
4
12
-8
-7
0
25
-19
-17
38
0
-22
17
16
-23
-5
15
4
-5
-12
10
-5
-7
15
-20
5
19
-29
0
21
-1
-17
6
20
-19
-27
48
4
-43
26
26
-27
-20
27
7
-29
-1
47
-28
-27
21
15
2
-31
15
15
-11
-18
14
21
-20
-31
32
24
-45
1
25
0
-36
18
34
-40
-7
37
-4
-27
8
24
-9
-26
24
13
-26
-6
11
14
-25
-3
31
-10
-18
10
14
-17
-5
26
-8
-16
14
2
-4
2
1
0
-4
13
-14
-3
21
-9
-4
0
3
4
-20
8
18
-22
0
15
-5
-4
-8
14
-3
-15
15
11
-25
-3
25
-5
-4
2
-8
-3
15
-1
-2
2
-2
8
1
0
-5
0
2
-4
6
4
5
-6
-12
13
3
-21
8
6
-17
1
8
-4
-15
12
-12
-12
25
0
-25
0
21
-5
-6
0
9
3
-5
-4
18
3
-16
5
4
-2
2
13
-6
-8
6
6
-4
0
6
-7
8
6
-8
1
10
-8
-15
18
9
-17
-1
11
-6
-10
5
5
-15
-12
12
1
-14
-1
11
-6
-11
7
6
-3
1
3
0
1
4
1
3
0
-3
5
11
-1
-9
11
5
-11
-4
12
-4
-10
4
2
-9
-1
9
-6
-8
5
4
-10
-4
4
2
0
0
0
-1
3
2
1
-4
-2
1
2
-5
-1
6
0
-6
0
8
-6
-4
9
0
-5
11
9
-14
-2
13
-6
-8
11
-1
-7
9
2
-4
1
-1
1
0
-5
4
3
-8
-1
10
1
-3
5
-4
-7
3
0
-5
2
-4
-4
3
-4
-3
2
0
0
-1
-1
0
3
3
0
3
0
0
1
2
4
0
-3
1
4
0
-2
3
0
-2
2
2
-2
0
-2
0
2
-1
0
3
-1
-6
2
4
-4
-3
3
0
-6
0
4
-3
-5
4
0
-7
1
4
-6
-5
8
0
-8
1
2
-2
0
6
0
-5
3
3
0
-1
1
0
0
1
0
0
0
2
6
3
-1
1
8
2
-5
4
4
-5
-5
3
1
-6
0
0
-5
-3
-3
-2
-3
-5
-1
1
-4
-5
-2
0
-2
-6
0
2
-3
0
4
4
-1
1
8
1
0
8
5
-1
5
5
3
4
3
3
-1
-3
3
1
-1
0
1
0
-3
0
3
-1
0
-6
-2
4
-1
-3
0
0
0
0
0
0
0
0
-2
-4
-1
-1
-2
-1
-2
0
-1
-2
0
-3
-2
0
1
0
2
3
2
0
-1
1
1
0
2
0
0
1
-1
0
2
0
-3
-2
2
6
-2
-4
1
-2
0
0
-1
1
-3
-1
3
0
1
1
0
-1
0
0
0
2
2
0
0
1
1
0
0
0
1
0
0
1
0
0
-1
0
-1
0
0
-2
0
-2
-1
-1
-2
0
-1
-1
-1
0
1
0
1
2
2
3
0
0
0
0
0
1
3
1
1
2
1
0
2
2
0
-2
0
0
0
-1
0
0
-3
-2
-3
0
0
-2
-1
-1
-2
0
0
1
2
1
0
0
-1
1
1
0
0
-1
0
2
-1
0
0
0
0
1
0
0
1
0
0
0
1
0
-3
-2
0
0
0
0
0
1
0
0
0
1
-1
0
1
0
0
-1
-2
0
0
0
0
2
0
0
1
2
0
2
-1
-2
0
0
-1
-1
-1
0
-1
0
1
0
1
0
-1
-2
-1
1
0
0
1
0
0
-1
-1
0
3
0
-1
0
0
0
0
0
2
1
1
1
0
0
0
-1
0
0
0
0
0
-2
-2
1
2
-2
1
2
-1
0
1
0
0
0
-1
0
3
2
-1
0
0
0
0
-1
-4
-1
0
-3
-2
0
-2
-1
2
1
0
0
1
0
-1
3
3
-2
0
1
1
2
-1
0
0
1
0
0
0
1
-1
-3
-1
-2
0
0
-1
1
-1
1
3
1
2
-1
-2
-2
-1
1
2
-1
0
-1
1
0
0
0
-1
-1
0
0
2
0
0
4
-1
-3
0
0
0
-1
1
0
0
0
0
1
0
0
0
0
0
-1
3
-1
-3
0
0
0
1
0
-1
0
0
0
2
1
-2
1
0
-2
1
1
0
0
1
0
0
-1
0
1
-3
0
0
-1
-1
0
1
0
-1
0
0
0
0
0
0
0
-1
0
-1
0
0
0
0
0
-1
-1
-1
0
0
1
0
0
0
0
0
1
0
0
1
0
0
0
0
0
1
0
2
0
-1
1
1
0
0
-1
0
0
-1
0
0
0
0
0
0
0
-1
-1
0
-1
0
1
-1
0
1
0
-1
-1
2
0
0
0
0
0
0
0
-1
0
2
1
0
1
0
1
-1
-1
0
-1
0
0
0
1
0
-1
0
0
1
0
-1
-1
0
0
0
0
0
0
0
-1
0
0
1
1
-1
0
2
0
0
0
0
0
0
1
1
0
2
0
-1
0
-1
0
0
0
1
0
0
-1
1
0
0
-1
-2
0
-1
0
0
-2
0
0
0
2
1
-1
0
1
0
0
0
1
-1
0
0
0
0
0
0
-1
1
1
-3
0
0
-1
0
0
0
2
0
0
0
-1
0
1
0
0
1
0
-1
-1
0
0
0
0
0
0
0
1
0
-1
0
-1
-1
0
0
0
0
0
1
0
0
0
0
1
0
0
0
2
3
0
-2
0
0
0
0
0
0
2
0
-3
1
1
-2
0
0
-1
-1
-1
1
4
0
-1
1
0
0
1
0
0
0
0
0
1
1
0
0
1
-3
-4
-2
2
0
0
1
0
0
-3
-2
0
0
0
0
1
2
2
0
-1
0
1
0
0
0
0
1
0
0
1
1
1
0
2
0
0
0
0
0
-2
-3
0
0
0
-1
0
1
0
0
-1
-2
1
0
0
0
-1
0
0
3
2
-2
-1
2
2
0
-1
-1
2
0
0
1
1
0
3
2
-2
-4
-4
-2
0
0
0
0
1
5
1
0
-1
-4
-2
0
0
1
3
0
1
0
-2
0
0
0
0
0
0
-1
0
0
1
1
-1
0
-2
-1
-3
1
2
0
2
3
0
2
1
-3
0
0
0
1
0
0
2
0
0
0
0
0
1
0
-3
-3
-1
0
-2
0
-1
-2
2
0
-1
0
0
2
2
1
1
0
-1
1
0
-1
0
0
0
2
1
0
0
0
0
-1
0
0
-1
-1
1
1
0
1
0
-1
0
-1
0
0
0
0
0
0
-1
0
0
1
-1
0
0
-2
1
0
0
1
-1
-1
0
1
3
-1
-5
0
1
0
0
-1
1
0
-1
1
0
0
1
-1
3
1
0
1
2
0
0
0
0
-1
-2
0
0
-3
0
3
1
-2
-2
0
1
2
0
0
-1
0
1
0
1
2
-1
-1
0
0
0
0
0
-1
0
0
1
0
-1
0
-2
1
-2
0
2
1
-1
-1
1
0
-1
0
1
0
1
-1
-1
0
1
-1
1
0
-1
0
0
0
0
1
1
-1
-2
-1
0
0
0
1
1
0
0
0
0
2
1
0
0
0
-1
-1
0
-1
0
0
-1
0
2
1
2
0
1
-2
-1
0
1
2
-1
0
0
0
0
1
1
0
0
0
0
0
1
-1
-1
0
-1
-1
0
0
0
-1
0
1
1
-1
-1
0
0
0
-1
-1
0
1
0
-2
0
0
0
0
-2
-1
1
0
0
0
-1
2
1
0
0
-1
0
1
0
0
1
1
0
0
0
-1
0
0
0
0
0
0
1
0
-2
0
0
0
1
0
1
0
-1
0
-1
0
0
-1
0
2
-2
-1
0
0
1
0
0
0
0
-1
0
0
1
2
2
2
0
-2
0
0
1
2
-1
1
0
0
0
-1
0
0
1
2
0
-1
-1
-1
0
-1
1
0
-2
0
0
-1
-1
0
0
1
2
0
1
0
0
0
-1
0
0
-1
0
1
1
1
0
-1
-1
0
0
0
0
0
-1
0
0
0
1
0
2
-1
0
0
-1
1
0
0
0
0
2
0
-1
0
0
0
0
0
0
0
0
0
0
0
0
2
0
0
0
0
-2
-2
0
0
0
-2
0
1
0
-3
0
-1
-1
1
0
0
0
-1
0
1
-1
0
2
2
0
0
3
1
-3
0
0
1
2
0
1
0
0
0
0
0
0
-1
0
0
0
1
-2
-1
0
0
0
-1
0
1
1
-1
0
0
-4
-1
0
0
1
0
0
1
-1
0
0
0
-1
-1
0
1
1
0
0
0
0
1
0
-2
0
1
2
1
-1
0
3
3
0
-1
0
0
-1
-5
1
2
-1
-1
0
1
1
-4
-1
1
1
2
0
-1
1
-3
-2
3
0
-1
-2
-1
1
0
0
0
0
-2
0
5
2
-2
0
0
2
0
-1
-2
0
2
0
-1
2
1
0
-1
0
3
-3
-5
0
2
-1
-2
2
4
0
-1
0
0
0
0
1
1
2
1
0
1
0
0
-2
0
1
0
0
0
0
0
0
-1
-2
-1
-1
0
1
1
0
1
0
-1
0
-1
-1
0
0
1
0
-1
1
1
3
0
-3
0
1
-2
-3
0
0
-1
0
1
1
0
0
0
0
0
-1
-2
1
0
-1
0
0
1
0
-1
0
2
1
-3
-4
5
1
-5
-1
6
3
-6
-1
6
1
-4
-4
3
6
-1
-6
1
8
1
-7
-1
8
0
-7
0
7
2
-6
-7
7
2
-9
-6
2
6
-6
-10
3
5
0
-2
0
9
-1
-3
4
-1
5
4
-2
5
4
8
0
-22
-4
10
3
-29
-4
55
2
-32
-16
9
19
-29
-15
34
25
-14
-19
17
11
-12
-17
-2
13
2
2
7
4
-20
-24
6
20
8
-19
-3
6
4
1
-15
-1
-7
-4
7
10
20
-9
-22
4
4
0
18
13
-9
-5
-1
3
2
-6
0
-10
-8
14
17
-10
-7
3
-9
5
7
-5
-8
-2
3
8
-3
-7
10
9
0
-10
-10
5
-5
-19
10
20
7
-3
-12
-5
4
8
-5
4
5
-2
-12
-7
11
-4
-4
4
3
19
6
-16
-23
-5
9
0
3
4
3
-1
-17
-1
13
-2
1
8
0
-3
-6
-9
1
21
7
-8
0
5
1
-20
-20
19
21
4
-5
-15
-6
-5
-5
15
23
11
-2
-35
-26
11
30
26
-10
-10
0
-3
-10
-28
-8
20
25
22
-1
-21
-28
-26
7
36
26
-5
-23
2
13
-11
-22
-4
36
30
-15
-23
-17
0
5
-2
21
32
-6
-22
-6
1
-6
-15
-9
13
33
19
-16
-21
-8
-20
-7
30
29
2
-5
-16
-18
10
8
-2
4
-1
-1
11
-1
-28
-20
4
33
32
-7
-16
-23
-17
4
6
13
8
-7
0
18
0
-13
-7
-6
6
8
-3
4
14
3
-8
-10
-7
0
1
2
8
7
0
-10
-9
5
4
1
-3
0
8
-3
-16
1
11
-4
-7
11
16
-6
-19
-1
5
-2
-1
0
3
13
7
-3
-6
-2
-12
-6
11
0
4
13
-9
10
14
-36
-6
26
-19
-5
7
-9
24
15
-25
-3
11
-6
-7
-10
2
13
0
-1
2
6
4
-4
-2
-6
-6
-1
-4
1
13
13
1
-11
-15
0
5
-1
-1
0
2
3
11
4
-9
-10
-4
4
6
1
-4
0
14
5
-3
-2
-10
-6
5
-3
3
13
0
-9
-5
-6
-3
3
10
7
6
5
-9
-18
-15
-7
8
22
13
0
-10
-19
-2
8
7
1
-4
-6
0
5
4
16
13
-10
-20
-10
-5
-3
6
18
16
3
-2
-12
-20
-14
-1
13
17
13
2
-16
-29
-2
27
16
2
0
-4
-24
-18
19
22
-4
-6
0
-10
-12
3
21
15
-18
-30
0
17
13
11
6
-13
-19
-4
-2
14
23
-7
-20
-7
5
3
0
7
8
-1
-15
-13
15
21
-8
-16
11
15
-3
-6
-2
-12
-7
8
12
8
-3
-16
-5
15
6
-10
-7
1
8
8
-12
-16
14
11
-5
7
0
-6
-3
-13
6
9
-4
0
-4
3
9
-12
-3
17
2
-9
-2
7
9
-4
-4
-3
-6
0
0
2
5
-5
-10
0
1
-5
3
13
3
-6
-5
4
-7
-6
6
-2
2
12
-9
-2
9
2
1
-6
-2
2
5
6
0
0
-13
0
3
-22
5
20
-3
0
5
0
-5
-6
5
7
3
5
0
-5
-6
5
4
-7
2
4
-8
-1
3
-1
0
0
-3
-3
-2
-1
2
12
0
-8
-7
-12
-2
-2
-1
19
17
8
3
-13
-18
5
10
8
19
8
-8
-29
-23
4
-5
2
31
5
-16
-2
-12
-16
11
25
2
-6
1
-4
-9
-5
1
24
20
3
2
-17
-20
-5
3
9
9
24
6
-23
-23
-22
-9
22
23
0
0
7
-15
-48
-26
30
60
5
-27
11
-15
-31
21
23
6
10
2
-22
-21
23
34
0
-16
-27
-22
-2
26
24
-5
18
9
-28
-40
-18
18
24
29
-9
-28
11
-10
-10
5
-14
2
17
-4
-25
-12
36
24
-2
0
1
12
0
-13
-20
-9
30
35
2
-12
-16
-16
-9
-12
6
34
22
-18
-39
-19
-6
9
24
6
-8
-4
-10
-1
11
16
-3
-12
14
-9
-20
9
22
17
-7
-2
-2
-21
2
39
26
-20
-32
6
10
-18
0
19
-3
-21
-4
7
-17
-14
16
33
15
-2
1
0
0
0
1
-7
-32
-12
14
4
-17
-14
2
6
24
20
0
-13
-18
7
16
-14
-23
7
29
20
-7
-11
0
6
9
-16
-26
-4
8
10
6
7
-7
-23
-3
16
19
12
-10
-15
-16
-12
6
9
-5
-1
18
4
-17
0
14
8
2
-15
-7
11
-1
-14
3
22
4
-14
-16
-12
9
26
20
2
-19
-12
0
-5
-1
4
4
-8
-4
3
-9
7
16
-8
-17
-12
0
17
27
7
-22
-1
15
0
0
-15
-29
-4
26
21
-15
-16
13
22
4
-22
-9
17
5
-12
-14
1
16
5
-17
-25
-3
15
11
1
-9
9
23
8
-9
-22
-21
-7
13
13
1
0
5
9
0
-2
16
6
-13
-11
-12
-13
13
31
15
-20
-36
-4
22
16
-4
-21
-17
-17
0
31
21
3
-3
9
4
-13
-11
-19
-21
-15
4
30
22
15
23
10
0
-11
-9
-1
-16
-27
-38
-24
10
35
41
14
-6
3
27
34
7
-43
-70
-63
-38
5
69
88
35
-20
-35
-1
16
-5
-21
-25
-9
2
7
10
6
10
9
-10
-5
6
15
21
-27
-52
-23
15
47
15
-18
-8
5
25
12
-14
-9
-7
6
-9
-27
2
14
17
5
-12
-6
3
15
4
-22
-17
7
19
-12
-26
1
23
24
4
-14
-11
3
18
10
-16
-14
1
-1
-12
-13
8
20
0
2
5
5
17
2
-1
-10
-11
10
2
-9
-11
-12
-6
-7
-2
1
-1
6
8
9
12
15
14
-4
-15
-14
-9
-9
-10
-4
-1
7
13
10
11
15
10
0
-12
-12
-8
-16
-18
-11
1
20
21
5
0
7
11
1
-21
-18
13
18
6
-9
-24
-16
3
2
-4
3
7
6
0
-4
0
7
14
9
6
5
3
-1
-9
-21
-26
-11
2
4
3
4
10
5
5
12
5
0
-6
-11
-8
0
-2
1
6
3
-2
0
3
0
-2
-4
0
3
-2
-3
-5
0
1
4
5
1
-3
0
3
-3
-11
-10
-2
11
18
11
-1
-15
-13
1
12
11
1
-6
-10
-9
3
8
1
0
-7
-3
7
6
0
-6
-3
3
8
5
-9
-6
-3
-3
4
0
-1
1
-3
0
0
-1
6
13
6
-2
3
0
-13
-9
0
6
4
1
2
-2
-6
-2
4
2
-1
5
0
-5
-2
-3
4
5
-1
-2
0
-5
-5
0
0
0
0
0
5
8
3
-4
0
0
-12
9
10
-14
2
4
-12
8
6
-15
14
11
-17
6
0
-16
12
6
-12
11
2
-10
7
-6
-8
14
-2
-6
13
0
1
9
-10
-5
2
0
0
-1
-3
-1
2
-5
-3
5
5
-2
-3
-6
7
0
-21
11
15
-18
-1
11
4
11
-5
3
12
-17
-1
12
-9
-4
-11
2
7
-17
8
20
0
-2
-13
19
16
-30
-2
11
-1
-5
-25
6
27
-17
-10
10
4
22
-4
-34
-4
27
17
-42
-30
47
30
-45
-45
60
61
-64
-44
62
55
-38
-62
22
32
-17
-20
13
25
-9
-1
3
-24
20
18
-24
-26
-20
27
34
-31
-31
9
26
31
16
-23
-26
-2
0
-3
-7
4
35
35
-35
-82
19
95
6
-67
-37
56
72
-63
-112
50
81
-26
-25
-5
60
48
-120
-72
53
48
26
-26
11
44
-34
-66
17
80
0
-51
-4
8
-17
-57
17
67
-7
-9
13
49
-2
-70
25
-10
-62
1
10
72
23
17
51
-61
-67
-39
6
27
-44
61
34
-105
0
81
83
10
-73
3
12
-107
-41
61
69
31
-39
26
-2
-96
38
-29
-39
87
-51
69
105
-82
15
-34
-59
106
-44
-143
43
90
-55
-74
87
131
23
-67
-52
34
48
-61
-38
-9
-53
-6
10
0
35
-6
-31
81
36
10
54
0
1
-15
-79
-14
-17
-50
-94
-51
131
59
-91
94
90
25
17
-65
54
62
-27
-170
-39
112
-60
-140
43
-46
-71
92
98
32
64
85
-52
12
122
-8
-87
-29
-18
-130
-104
20
44
28
-108
30
141
20
-5
14
38
39
-105
-63
141
-64
-104
47
60
-7
-100
119
22
-15
5
53
32
-92
17
-33
-4
-6
-102
-14
34
-71
6
50
145
-52
-9
183
-52
-42
-5
-46
64
-24
-102
12
40
-66
-9
2
34
-16
-75
109
-29
-107
-25
41
157
-34
-67
168
71
30
-124
-24
55
-70
-115
-6
-34
-13
91
-111
161
53
-189
145
132
-49
-78
79
-17
-123
-15
5
18
-77
115
25
-163
58
174
-112
-13
104
-39
16
-85
-140
278
19
-313
107
150
26
-129
-89
208
-100
-44
113
-70
-25
63
81
-163
-73
73
154
-105
-114
66
26
105
-87
-32
66
-44
75
12
-119
185
30
-155
10
-120
7
63
3
-87
47
160
-178
65
86
-30
39
-58
88
-66
-136
-33
66
20
-106
85
11
40
93
-34
-37
41
59
-57
11
-119
46
37
-62
-27
36
111
-28
-10
-111
-10
-3
-100
46
164
35
-17
-36
25
18
-75
1
-94
36
12
14
96
-66
14
60
84
-84
-64
20
-27
-56
-2
-24
16
150
-62
27
-43
43
48
-85
-15
6
41
-130
-1
125
11
-36
35
-99
68
43
-112
57
8
-14
-96
124
28
-114
10
66
5
-5
6
84
7
-134
43
-23
-58
27
36
-1
20
-16
1
61
-88
-45
85
-11
-43
32
-48
46
-71
126
47
-176
160
-32
-59
137
-54
-127
-12
90
-32
-31
65
-89
54
145
-12
-75
-42
-23
-60
59
-30
-99
72
130
-22
-12
101
-44
-76
40
-5
-87
-38
58
-100
23
140
0
3
127
28
-172
22
79
-101
-80
39
8
-78
-46
-15
61
75
-16
151
-18
-36
176
-126
-128
51
-15
-126
92
48
-62
-23
56
-9
18
-34
-85
95
-104
77
-46
32
157
13
-49
98
47
-146
-48
-45
8
-25
-50
91
-15
50
105
-93
-97
70
-26
-80
-15
-41
79
42
80
3
6
-15
25
-1
22
-82
-129
126
-18
-35
9
-11
84
58
-67
-28
90
-81
-77
25
8
61
-79
-52
127
142
-46
-150
40
28
-6
-46
-136
79
115
-25
-23
38
33
-16
27
-62
-95
2
56
-43
9
27
-38
110
58
-108
28
22
-47
0
-81
108
54
-92
20
-110
116
91
-76
-57
8
77
-183
75
63
-5
136
-126
91
-20
-143
199
-38
-202
70
37
-81
104
-62
-206
155
131
-135
35
46
24
-18
11
110
-105
20
-6
-48
145
-68
-97
115
13
33
-114
-136
196
-177
-56
200
-77
96
-3
-15
130
-53
-149
-40
62
20
-116
-27
120
137
-11
-57
110
-108
-190
23
57
87
-12
1
35
72
70
-249
-15
100
-28
40
-105
-39
88
122
-116
-97
105
83
0
-38
66
-61
-122
-79
174
114
-54
-21
100
-111
-263
69
44
178
12
-47
79
-52
-77
-215
157
200
-21
-201
79
98
-55
-44
21
42
-154
59
-73
-21
177
69
-314
102
258
-8
-14
-179
142
85
-83
55
-140
50
-25
-54
89
242
-157
-207
67
-113
3
-126
319
-28
-196
104
-63
53
-34
11
131
-33
-80
-19
69
-114
108
-115
138
238
-365
87
21
47
46
181
-252
-184
315
-216
147
-98
-166
276
-36
-111
19
-79
82
180
-130
22
-31
-18
-69
157
-304
88
470
-412
18
116
149
-204
-152
77
25
56
-9
-98
-29
384
-85
-184
-29
115
78
-60
-103
-163
56
403
-13
-433
45
28
194
18
68
-358
-63
516
-421
-67
120
120
136
-204
-85
210
85
-9
48
-101
226
-60
-17
-178
-111
-84
-85
-111
-221
-103
15
277
-107
103
175
328
127
84
239
143
201
-132
-25
-136
-58
-131
-445
-211
-297
3
-90
-121
5
-21
210
96
28
54
178
168
70
-42
13
108
30
46
-118
34
22
-124
-59
-16
17
12
-46
13
54
-15
49
84
25
46
-9
33
52
-20
-14
-24
-40
-179
-88
-30
-131
-105
-142
-27
-87
-97
40
2
-34
34
64
101
108
137
91
104
80
100
108
11
86
15
-4
0
-23
15
-18
-51
-42
-57
-59
-43
-46
-49
-36
-34
-25
-55
-26
1
-33
17
8
-3
-9
-15
11
43
20
8
18
-6
11
0
60
42
-18
15
-4
27
21
33
31
30
11
-26
-16
-15
9
16
-69
-69
25
-10
23
5
-16
11
-61
-29
-15
-24
18
-19
-19
-53
-43
19
32
78
53
0
8
49
28
41
50
31
29
-26
-28
-4
-26
-16
-16
-46
-40
-46
-78
-50
5
24
17
10
12
42
13
20
35
7
8
10
1
-15
0
-2
-29
8
11
10
4
-5
17
20
12
-21
-11
-8
-7
11
0
-10
-40
-13
22
14
12
1
45
45
-15
16
28
-20
-73
-50
23
-72
-102
38
69
-119
-77
163
135
-39
-52
49
32
-53
-10
39
-19
-23
21
42
2
-15
7
18
34
-5
-18
-18
-11
11
-22
-33
11
21
11
17
-6
-16
-32
-9
7
-1
56
-20
-38
7
-42
21
6
-34
-5
10
70
5
12
24
1
10
-23
22
-41
-69
-11
-18
36
-5
-72
66
94
-12
-52
33
66
-44
-24
7
20
43
-1
-5
9
-32
-58
-41
2
12
-8
-44
-14
37
-6
-14
52
57
-9
-42
-23
0
-2
7
34
55
30
0
-2
-7
7
-14
-13
25
5
-19
-44
-4
50
2
-1
13
10
-24
-65
-15
2
11
-1
-32
-2
-4
-1
-3
-19
7
16
22
19
-11
-3
11
25
27
7
10
35
25
-5
-21
-5
8
-11
-20
-15
0
8
-5
-10
-7
-1
-15
-43
-30
6
-1
-26
-25
-7
1
-13
0
11
-5
3
3
14
19
4
17
23
33
17
-8
4
3
1
-14
-11
14
9
9
3
3
-8
-32
-12
-1
0
-9
-7
12
6
3
0
2
15
0
0
0
-3
0
-10
-3
0
-7
0
0
7
7
-17
-14
-8
1
8
1
14
12
8
5
0
13
7
3
11
8
3
-9
-2
3
-3
-8
-11
3
8
-3
-15
-9
0
-11
-18
-10
-4
-8
-18
-15
-8
-3
-6
-10
-2
0
-7
-6
2
3
-3
0
5
12
9
5
6
7
6
5
6
9
18
14
0
2
10
4
-5
6
16
7
0
0
11
14
0
-1
12
11
6
-1
-6
3
5
-2
-11
-11
-8
-11
-9
-11
-18
-13
-10
-8
-3
-7
-4
0
-7
-7
-3
6
11
8
1
0
10
5
1
6
7
3
-7
-2
0
5
1
-11
-4
-8
-12
-6
-7
0
1
-4
-4
0
6
3
-3
4
3
-1
0
-1
2
2
0
0
0
-3
-4
0
4
3
-2
0
7
0
-4
0
11
13
0
-1
4
4
1
-1
1
0
-3
-6
0
6
1
-4
-5
-3
-3
-1
2
0
0
-5
-1
3
-2
-1
-1
0
0
-1
0
3
2
1
0
1
0
0
-1
-4
0
0
3
0
0
1
1
2
0
0
1
1
0
0
0
-2
-1
1
-2
1
0
-6
0
-1
-4
0
2
-2
-3
-1
-2
1
0
0
0
-2
0
3
0
0
0
0
-1
0
1
3
0
-1
-1
0
0
-2
-1
0
1
2
3
3
2
3
1
0
2
4
3
0
-1
2
1
0
0
0
1
0
0
-1
-1
0
-4
-3
0
0
0
0
-1
-1
-3
-1
-1
-1
1
1
0
0
0
-2
0
2
1
1
1
1
0
0
1
3
2
2
-2
0
1
0
0
-2
-2
-3
-2
-3
0
3
-1
0
3
0
0
2
0
-1
0
-1
-3
-1
-3
0
1
-1
3
3
4
3
1
1
1
0
-2
-4
-9
-10
-2
-3
1
5
9
16
14
14
10
10
4
-2
-3
-8
-11
-16
-27
-22
-21
-28
-23
-14
2
11
5
17
32
39
32
15
26
20
-9
7
6
-19
-27
-12
16
-2
-28
-27
-27
-36
-53
-52
-4
4
-36
-35
7
103
70
-11
87
146
120
96
77
102
124
53
8
-31
-162
-80
-231
-303
-89
-481
-451
173
191
4
158
353
513
585
471
339
-66
193
484
-180
-369
-154
135
4
-372
-197
26
26
-232
-504
-175
-101
-881
-616
-15
-735
-702
12
-77
82
281
290
823
734
398
1312
1365
758
1328
952
695
604
-292
-746
-955
-1634
-2374
-2034
-2382
-2660
-1990
-1789
-1016
-186
463
1907
2936
2750
4613
6626
1684
3451
5393
-1048
-1428
-1045
-3685
-5284
-5601
-5863
-3718
-4393
-4304
232
294
276
2843
3912
3204
3907
2823
2507
2483
-531
-1072
876
-2863
-2970
698
-1332
-730
2786
4254
-301
5017
5571
419
2092
452
-1066
-2275
-4845
-4938
-2900
-6680
-4600
-1296
-2378
-1525
782
3279
2075
2343
3068
4235
1780
508
1624
1313
-1149
-1016
1512
-471
-512
5381
1639
-800
7490
806
-781
1594
-2753
-3132
-4292
-7759
-3789
-4959
-8005
-1171
-1896
-885
1180
2485
5497
3299
3863
5680
2602
2617
614
-351
83
-3064
-1194
-1147
-1265
649
4341
272
3258
6208
1095
1749
-28
-1930
-3288
-6086
-6373
-5014
-7140
-5911
-2530
-2075
-1227
716
4374
3851
3039
5556
4617
2910
2834
-50
1405
265
-2760
1249
285
-1653
5645
2646
271
7482
1871
2225
1004
-2290
-1211
-6486
-7525
-4510
-8551
-8069
-3236
-4060
-1596
441
1575
6095
3249
4165
6947
2427
3920
870
-591
1547
-4029
-1047
6
-2948
1301
5720
-95
5074
7244
2392
3921
399
269
-3160
-6884
-4250
-7462
-8319
-5204
-5296
-3529
-671
-1210
2762
3963
2513
5293
3606
3413
3608
-1557
1696
-326
-4205
660
-1750
-1194
3349
4098
2365
6020
6021
3665
2003
737
-1380
-5162
-6518
-5850
-8267
-8389
-5437
-5775
-3518
-1451
-1062
3324
2849
3250
5905
4209
4083
3143
1076
1983
-1844
-864
-51
-1857
266
3448
3373
2261
6628
4977
2155
2051
-203
-2826
-5637
-6635
-6342
-8749
-7672
-5150
-4995
-2648
-822
1087
3636
3138
4756
5283
3902
3712
1869
972
466
-2198
-815
-870
-1137
86
4511
2771
2745
7074
3788
2116
1124
-694
-3491
-6189
-6241
-6390
-8804
-6658
-3558
-4750
-1505
336
2394
3550
3375
5400
4932
3272
3854
617
1489
71
-2702
513
-1287
-1411
2702
4140
962
5733
5735
2822
2529
552
-879
-4430
-6086
-5421
-7823
-8084
-5360
-5064
-3382
-1958
46
2839
2361
3521
4828
3872
3439
2520
373
1943
-2067
-985
103
-1860
0
2668
3021
1371
5417
4248
2418
1525
118
-1312
-4630
-5233
-4487
-7203
-6598
-3407
-4450
-2408
-1039
1444
2176
1935
4506
3614
2711
3852
1423
562
2100
-2099
552
208
-556
1314
4105
2607
3105
5829
3588
2195
837
-17
-3324
-5210
-5573
-6374
-7669
-6930
-3997
-4538
-2335
-184
1464
2688
3084
4582
4390
2964
3918
1031
1154
733
-1636
797
-148
-634
3562
4154
1475
6153
5034
2825
2136
1001
-1131
-4770
-5120
-5758
-8077
-7624
-6482
-4832
-4258
-2427
331
1792
2940
3313
5558
4426
3658
4138
1332
2192
-509
20
374
-958
454
4548
1383
3320
6440
2837
3136
1259
53
-2543
-5798
-4820
-6761
-8181
-6453
-5474
-4087
-2806
-976
1389
2741
2889
3822
4458
3357
3263
250
2034
-369
-2209
440
-1477
-924
2479
2839
1285
5718
4175
2823
2554
785
-1197
-3963
-4543
-4998
-7167
-6171
-4551
-4198
-3066
-906
573
1832
2423
3306
4214
2828
3627
2454
701
2506
-1285
1034
95
-663
1661
3438
906
3448
4810
2034
1811
929
-442
-3420
-4754
-4318
-6482
-6725
-4993
-4327
-3468
-1349
-41
1295
3039
2701
3533
3941
3076
2652
486
2464
-713
-508
857
-710
523
3077
2668
1968
5360
3305
2438
881
-220
-1746
-5882
-4725
-5481
-8087
-5087
-5341
-3343
-2286
-673
951
2660
2427
3320
3968
2126
3823
380
1142
1539
-1996
1410
-332
88
2175
3732
1301
4737
4836
2321
2111
737
-481
-4150
-4618
-4379
-7498
-6351
-5039
-4583
-3358
-1790
38
1757
2082
2629
4515
2676
3327
2158
728
2706
-2033
1082
725
-606
1416
4616
1782
2423
7058
2111
2155
1677
187
-2800
-4344
-3835
-6169
-6599
-5311
-4627
-4111
-2683
-1115
79
1944
804
3317
2895
2007
3516
-484
2787
1126
-1959
2817
364
-216
4013
3446
952
5015
3208
1544
811
-862
-1535
-5266
-4610
-4488
-7940
-4411
-5058
-4340
-2124
-2061
-551
1011
1102
1557
2844
2482
3145
1870
1750
3801
-309
2094
2400
471
2262
4558
977
2718
4685
1116
735
518
-1214
-3078
-4685
-3486
-5383
-6316
-3586
-4482
-4196
-1802
-1985
-1028
1062
207
2393
2803
2404
3925
1715
3713
2069
679
2882
737
260
3995
2199
182
5346
2690
862
1568
457
-1620
-3848
-3796
-4210
-6867
-4967
-4733
-4413
-2959
-1368
-836
1494
2215
1596
4042
2958
2359
1941
873
1587
-1594
-39
576
-935
967
3914
1903
2812
5825
3341
1295
2367
36
-3084
-3440
-3863
-5903
-5545
-4366
-3851
-3430
-1044
-506
263
2491
1347
2099
3248
1866
1478
1244
1187
393
-471
1008
810
282
2315
3881
1596
2889
4883
1423
277
1369
-1465
-4020
-3069
-4126
-5931
-4858
-4193
-3816
-3666
-1295
-765
-421
1746
1907
1621
3083
2513
1630
1215
1702
-18
-357
585
176
80
1379
3042
1804
2229
4432
2362
297
1678
-433
-3577
-2422
-3775
-5605
-4517
-4060
-3900
-3454
-1345
-398
-257
1639
2709
2137
2909
3488
2082
1319
2292
375
-457
675
-125
128
819
1292
2395
1875
2182
3567
782
640
1030
-2149
-2424
-2480
-4384
-4440
-3334
-4063
-3455
-1966
-1730
-748
-14
728
1630
1031
1902
2295
719
1069
1853
-488
103
1079
-529
469
1724
899
1591
2685
2171
1914
2177
1386
320
155
-996
-1737
-2186
-3031
-2558
-3225
-3269
-2052
-2450
-1857
-675
-885
-234
628
252
639
874
377
534
805
166
530
841
664
1278
1359
1552
1854
1720
2013
1601
1222
1374
545
-47
-107
-876
-1417
-1619
-1826
-2121
-2163
-1958
-1857
-1679
-1452
-1091
-789
-707
-252
-63
-237
230
432
184
644
931
753
1198
1703
1524
1754
2006
1736
1620
1496
1138
702
413
175
-386
-653
-736
-1170
-1329
-1385
-1550
-1590
-1469
-1373
-1430
-1170
-788
-844
-633
-301
-390
-258
4
-141
10
454
482
820
1369
1447
1720
2076
1900
1823
1785
1395
1100
900
456
174
-33
-364
-516
-650
-889
-878
-919
-1038
-988
-1015
-1081
-982
-1024
-1070
-949
-929
-907
-625
-452
-255
151
486
836
1290
1549
1776
1947
1939
1894
1746
1418
1136
815
360
-4
-235
-619
-859
-955
-1156
-1203
-1119
-1160
-1090
-942
-898
-808
-681
-636
-631
-579
-558
-528
-435
-343
-185
15
188
393
603
730
826
922
920
911
908
823
759
717
535
418
307
161
39
-101
-205
-262
-327
-367
-406
-372
-369
-402
-324
-300
-307
-256
-258
-232
-208
-220
-169
-96
-110
-44
20
6
65
124
97
188
224
235
326
283
291
334
248
228
226
113
66
22
-62
-113
-166
-210
-217
-233
-246
-202
-195
-197
-187
-180
-156
-155
-120
-84
-82
-31
-7
-16
58
52
46
91
84
99
115
125
152
121
140
166
112
113
111
48
45
10
-28
-13
-45
-64
-37
-82
-84
-41
-94
-112
-78
-99
-96
-57
-50
-47
-12
-4
8
14
-9
-1
8
-10
18
42
21
51
68
71
70
61
74
53
38
55
33
5
-4
-17
-27
-49
-43
-20
-42
-17
9
-9
0
13
3
1
7
8
0
4
0
-14
-3
-16
-26
2
-9
-2
21
-1
-2
9
0
6
7
-4
9
7
-9
-5
-12
-12
-10
-2
8
8
7
19
3
-3
0
-20
-19
-13
-17
-5
-1
-5
7
8
6
16
8
1
5
0
7
11
0
10
6
-11
2
-4
-15
-1
-8
-10
0
0
1
-10
-14
-14
-16
-13
-5
4
3
6
22
15
7
24
19
4
8
9
0
6
13
3
6
4
-1
0
-4
-10
-13
-16
-15
-10
-3
0
4
5
1
-1
-2
-12
-10
-5
-7
5
17
16
18
14
5
0
-3
-9
-9
-6
-1
2
8
5
0
-4
-11
-10
-9
-9
-5
3
8
10
13
7
0
-5
-6
-6
-6
0
5
2
4
10
5
-2
-4
-1
-1
-1
-1
1
0
-2
-4
-4
-6
-4
0
2
5
10
11
5
3
1
-3
-9
-13
-8
-3
-4
-6
-1
3
0
-3
0
4
1
0
6
7
2
0
2
8
8
3
3
4
2
0
-2
0
-1
-5
-4
-3
-1
-2
-6
-3
-4
-4
-1
-1
-1
3
5
0
-1
0
0
0
0
-1
1
2
0
-2
-1
0
-6
-3
6
8
6
4
4
3
-1
-4
-4
-1
2
0
0
4
6
1
-2
0
-1
-6
-5
-1
0
0
-5
-12
-11
-10
-12
-11
-2
6
7
4
5
10
10
5
2
4
4
7
6
1
0
1
4
2
4
10
9
4
-2
-8
-9
-11
-12
-7
0
0
1
0
-1
-4
-5
-4
0
4
8
8
4
0
-2
-5
-2
1
6
13
10
4
-3
-5
-6
-4
0
3
4
5
-6
-16
-2
2
-5
1
13
19
13
1
-10
-14
-3
-2
-9
-22
-34
-17
7
-3
-8
21
38
20
11
18
-2
-26
-7
13
9
13
4
-18
-34
-19
-3
-7
37
92
14
-81
-11
58
-19
-143
-97
196
158
-219
-4
280
-16
-282
-178
112
155
-73
-6
342
473
-72
-164
436
-1009
-1644
556
739
-411
47
523
692
780
208
-484
-359
288
-151
-943
-602
-212
134
353
-199
-247
226
698
368
252
1003
-959
-2897
165
2868
1077
-1509
-1551
1110
2454
315
-2225
-1092
1368
31
-2061
-767
969
652
212
98
177
622
238
-950
-551
1037
394
-1235
-676
589
521
-5
-607
-754
1167
1693
-635
-1152
387
1561
753
-948
-852
69
-498
-1131
-549
926
2501
479
-3044
-2329
664
2082
1389
-1558
-3342
-6
3070
1071
-1191
-411
2395
3326
912
-927
-130
731
-858
-2617
-2487
-1182
-1684
-2815
-1362
677
1071
1130
1880
2447
2946
1713
-103
724
1664
662
-1370
-2579
-2666
-2283
-734
154
-811
-565
1476
1853
1580
1956
1136
517
140
-902
-1439
-2163
-2139
-1434
-1506
-587
598
904
942
949
1142
1489
1351
852
700
-260
-825
-699
-1390
-1280
-336
-159
-674
-715
535
1393
788
477
543
747
632
-219
-553
-603
-385
-512
-510
-277
-809
-201
479
447
409
-60
-126
-281
-235
-21
-549
-624
9
74
244
690
360
572
1003
533
120
-114
-355
-528
-340
-432
-366
-81
55
717
693
409
368
661
649
-757
-1325
-489
403
-323
-1668
-751
602
716
45
-488
334
1031
216
-489
-511
158
533
-848
-1155
355
1176
657
-128
282
799
456
-157
-280
60
-450
-966
-891
-698
-323
299
742
415
92
1218
1668
200
-402
-646
-376
92
-454
-1641
-1163
545
563
-289
-671
317
1521
848
-924
-432
1554
1528
-1024
-1638
796
892
-626
-1408
-1035
870
1102
-547
-1039
313
927
28
-741
-671
613
1098
-57
-694
328
976
636
-803
-967
285
-159
-950
-916
81
531
64
353
882
1064
718
46
-267
55
-48
-750
-806
-819
-155
155
-609
-650
317
858
429
460
636
417
578
283
-320
-138
-167
-813
-963
-381
-442
-510
271
147
7
907
495
-56
666
646
-164
-243
-176
-330
-442
-790
-635
356
777
34
-126
710
824
-166
-227
151
-291
-395
-553
-937
-32
845
-37
-467
555
1029
562
395
393
66
-33
-94
-517
-962
-711
-262
-181
-6
325
286
56
-1
-139
-420
-640
-643
-205
25
-381
109
1369
1283
560
582
817
585
-245
-410
132
-81
-464
-396
-574
72
765
-153
-314
705
609
-603
-1403
-1537
-1428
-1636
-1957
-1562
-806
320
658
390
2026
3149
1605
966
1585
1188
495
122
-163
137
674
379
-357
-336
375
403
-621
-1333
-967
-660
-1212
-1999
-2136
-1524
-1897
-2246
-1090
-434
-333
535
1307
2486
4114
3402
1564
1535
2154
1589
-413
-1036
534
1020
358
-362
-626
-41
475
-48
-1150
-1943
-1819
-1341
-2046
-3214
-3041
-2117
-1803
-1599
-1331
-682
753
1380
1868
3467
3950
2396
1369
2306
2456
969
-78
4
990
1586
880
-595
-1258
-64
448
-1554
-3634
-3240
-1657
-1742
-2853
-2875
-1781
-889
-618
-632
-416
504
1234
2190
3416
2772
1307
1596
2325
1553
620
504
1031
1895
1797
339
-963
-1180
-983
-1657
-3777
-4969
-3237
-1305
-1850
-2341
-234
1245
0
-666
72
128
205
873
847
1473
3321
3365
1256
1299
3523
2720
-12
281
2178
1580
-1370
-3781
-3378
-2320
-3725
-5470
-4554
-1792
-54
140
506
1471
2565
2936
1170
-1276
-1157
75
-428
-1593
-562
2718
4523
3415
2147
3019
4075
2823
1121
1554
1237
-1968
-4181
-3912
-4040
-5568
-6014
-3757
-806
497
1291
2955
4265
4308
3600
2173
-701
-3141
-2892
-2886
-4737
-4251
-724
1905
3003
4056
5032
5541
5245
4322
4243
3370
-1048
-4948
-4849
-4703
-6942
-9039
-7271
-2863
-71
1303
2667
4331
6183
6247
4125
1747
-83
-1953
-4840
-7080
-6595
-4837
-3798
-1990
2258
6360
7265
6658
7458
7824
6349
4988
1515
-4853
-7521
-5898
-6285
-9758
-10668
-4914
1021
1713
2144
5109
7898
7490
4716
3090
574
-2935
-3435
-3791
-7529
-9266
-4912
-923
-1359
-106
5551
9647
8949
6988
6973
6846
5682
2501
-3547
-7803
-8551
-7669
-8329
-11081
-8773
-618
4076
3103
3329
7246
9323
6281
2518
611
-912
-2784
-4260
-4729
-5264
-5595
-4372
-1400
1084
963
1976
6983
9861
7155
4390
5050
6630
3367
-4263
-8198
-7254
-6508
-8492
-10436
-6257
875
3563
2905
3971
7404
7689
4077
1764
321
-2182
-3962
-4842
-5173
-3858
-2746
-4549
-4146
1790
5009
2061
824
5183
9498
7776
2033
159
5256
7004
-1873
-10108
-8365
-3556
-4765
-10215
-9353
-1080
4060
2304
1494
6083
7979
4714
3199
2375
-61
-2340
-4100
-4060
-2490
-2216
-4703
-4729
903
3475
177
-1166
2082
7244
7516
1230
-1852
4204
10577
4219
-7880
-8451
-1094
-44
-7727
-12772
-6133
2997
4159
472
388
5393
7830
5250
1868
-748
-1789
-2357
-3245
-3932
-4494
-3328
-807
552
457
284
1219
2221
2814
3877
4105
2343
707
2301
5659
4766
-2050
-6615
-3769
-684
-4408
-10379
-9260
-1636
3159
1510
-1059
1541
7520
8671
4424
418
-478
620
-1277
-4691
-5045
-2690
-887
-2174
-2432
224
1675
1260
1132
2890
5356
4262
960
1073
5604
7944
1281
-6311
-5544
-1200
-2466
-9394
-11242
-4427
2391
2268
-509
1845
6571
7037
4269
1915
329
-1436
-2841
-3282
-3469
-3060
-2453
-1122
1689
1783
-509
-39
2876
4324
1608
-1114
678
3677
3963
790
1193
5470
2448
-4793
-6423
-2280
-1173
-8179
-10631
-3528
2931
2292
-1729
1896
8647
7902
3315
569
2038
1360
-3685
-5022
-3482
-1625
-2434
-4148
-685
1339
-339
-699
1317
3914
2062
987
4092
4983
3225
1090
3932
6617
-1011
-8200
-6528
-1669
-2631
-9930
-9691
-1284
4042
1763
-1822
3370
8837
6344
2158
326
1963
918
-3824
-5021
-2997
-848
-2877
-4232
696
2549
47
-804
1716
4539
2184
291
1820
3332
3440
359
1180
5340
2692
-4007
-6852
-2320
281
-6343
-10695
-5806
2248
2864
-2363
192
6978
7971
4014
945
2467
2300
-2030
-5035
-3894
-536
-1976
-5180
-1775
3506
3032
-1337
-1102
3844
4559
441
-2142
531
4571
3095
-792
859
5583
3265
-4454
-5777
-1252
-1190
-7224
-9912
-4028
1953
1131
-1066
2119
7617
7443
2882
1390
2760
1445
-3757
-6116
-2615
-508
-3699
-5570
-277
5145
2805
-1329
-206
4283
4786
-483
-3651
-580
3676
2937
-821
-1007
3366
6115
1805
-3972
-4271
-1684
-1989
-6519
-7789
-3426
251
921
388
2626
5446
5145
4615
3400
1341
-1342
-2889
-1591
-2340
-4562
-5546
-3080
2578
3038
362
205
2402
5449
3103
-1622
-3015
-1146
2287
1193
-1929
-2062
1276
6780
6011
-47
-3613
-1974
1237
-2286
-8375
-9080
-4347
1176
567
-1371
1165
5721
8560
5943
1889
254
419
532
-2623
-5270
-4917
-3740
-1492
290
1301
1528
1957
4004
3911
1171
-1485
-2076
-302
-665
-2358
-1795
33
1750
2595
4773
5607
1626
-1671
-889
491
-3057
-9339
-8695
-2581
383
-1710
-2822
2661
7957
7158
3290
1101
2944
2628
-1883
-5170
-4494
-1995
-2746
-3665
-336
2768
2991
2206
3943
5685
1865
-2625
-2940
-679
-1418
-5837
-6041
-1089
3042
2088
5
3659
8887
7627
848
-3204
-1132
-698
-5900
-10232
-8003
-2390
-712
-1378
821
5182
7520
6097
4619
4209
2389
-1018
-3557
-3730
-3709
-5565
-6212
-2859
1594
2573
1315
2882
6827
7750
3485
-652
-1253
-1041
-2929
-6156
-6800
-4840
-2644
-932
1539
4144
4971
5165
6576
8524
5417
-1985
-5493
-3688
-2877
-7840
-12325
-8137
-608
1901
296
1059
6772
10398
7937
3542
1612
1943
-468
-4869
-6662
-5512
-4501
-4513
-2023
1729
3238
3730
4912
6794
6185
2363
-766
-1441
-981
-3098
-6684
-6675
-3807
-1924
-2171
-1528
1448
3982
4250
3047
3335
4662
3194
400
183
2320
908
-4775
-6404
-2645
-585
-4226
-7127
-2527
3153
3080
112
959
5477
6428
3043
-385
-900
401
-1174
-4064
-4335
-2093
-639
-1518
-237
2510
2854
2094
2183
3596
3024
-99
-2239
-2044
-238
-1063
-3990
-3761
-906
1101
80
-655
1328
2846
2693
956
173
779
147
-895
-1901
-1655
-1394
-2376
-1910
-843
-39
468
962
2521
3300
3083
2348
1636
3274
3355
-626
-4486
-4649
-1864
-2484
-6145
-6415
-1812
3160
2558
131
2210
5919
6084
2641
-334
-467
-508
-2322
-4198
-3738
-2236
-2474
-1634
1510
3221
2136
1392
3350
4752
2260
-1687
-2558
-419
-276
-3190
-4608
-2670
151
748
-11
732
2372
3149
2367
1311
1219
520
-916
-1680
-1604
-1653
-2709
-2399
-466
253
-264
-453
1416
3150
2117
610
364
1349
1293
-1042
-2486
-1915
-836
-1434
-2615
-1462
510
1597
1564
1677
2919
3247
2132
1921
2778
1259
-2743
-4427
-2542
-1736
-4400
-6362
-3364
1371
2327
550
1259
4821
6046
3402
466
-260
-75
-1410
-3496
-3819
-2544
-1839
-1635
-9
2110
2141
1406
2451
4015
3097
219
-1159
-135
449
-1687
-4034
-3482
-1297
-263
-967
-928
982
2659
2630
1656
1349
1173
155
-788
-1316
-1711
-2171
-2080
-991
-126
44
284
1337
2388
1952
830
305
514
494
-752
-1740
-1505
-971
-658
-642
-295
145
617
1405
1058
47
-237
376
715
-650
-1909
-1384
-21
311
-733
-764
1117
2548
2031
964
1837
3420
1996
-1408
-2991
-1904
-1687
-4087
-5318
-2986
114
799
286
1713
4233
4564
2858
1553
1476
695
-1508
-2822
-2438
-1933
-2515
-2613
-688
1235
1378
963
2110
3739
2797
408
-582
55
-59
-2012
-3103
-2404
-1421
-1029
-851
230
1283
1517
1710
1805
1698
760
-398
-376
-203
-823
-1946
-1923
-398
102
-539
-518
788
2006
1434
564
516
749
529
-616
-1326
-1233
-969
-845
-865
-211
379
471
917
1451
1429
673
336
620
-31
-1370
-1921
-1324
-978
-1686
-1725
-382
1041
1254
750
1490
2839
2756
1542
1211
2085
1185
-1903
-3443
-2293
-1592
-3515
-4800
-2349
907
1509
444
1135
3659
4338
2312
240
123
465
-1088
-2886
-2682
-1517
-1280
-1360
160
1856
1662
1079
1910
3062
2035
-419
-1259
-425
-203
-1767
-3126
-2091
-231
139
-532
-50
1576
1946
961
409
607
473
-443
-1035
-807
-468
-482
-667
-212
546
520
137
414
1162
794
-431
-601
110
167
-752
-1183
-550
195
481
110
-118
413
774
603
104
-291
-276
-317
-230
-182
-100
-68
-697
-688
127
243
-549
-954
172
1204
633
-15
591
1651
1347
183
540
1392
422
-1715
-2292
-764
-400
-2123
-2744
-589
1538
929
-256
625
2201
1936
34
-950
-235
195
-595
-1234
-448
445
235
203
732
921
313
-180
251
504
-172
-1141
-1050
230
713
-90
-539
172
972
559
-292
-432
-113
11
-482
-844
-549
-152
30
81
292
424
411
595
520
115
-231
-290
-59
-128
-551
-732
-355
94
-36
-83
382
644
537
363
287
159
-170
-241
-167
-264
-387
-259
242
291
-123
-79
496
296
-886
-1291
-633
-81
-388
-693
74
1089
1333
989
922
1288
1185
990
936
-111
-1545
-1904
-992
-664
-1831
-2267
-498
1562
948
-1017
-544
1815
2219
18
-1340
-16
1400
665
-865
-805
443
422
-285
-270
12
7
-228
247
686
134
-508
-351
693
835
-317
-594
255
890
162
-978
-767
118
340
-643
-1371
-534
359
286
-287
-187
622
770
556
302
60
71
-21
56
2
-307
-375
-231
151
156
-121
11
174
283
273
83
-70
-109
173
239
-98
-261
-163
36
39
-275
-833
-1055
-590
-318
-592
-676
37
969
1069
715
843
1322
1165
450
471
893
180
-1225
-1515
-673
-582
-1606
-1702
-237
776
276
-353
206
1038
785
-78
-385
4
254
12
-207
-45
159
87
64
188
113
-100
3
317
353
95
-91
99
537
608
145
-56
232
259
-143
-378
-409
-611
-814
-848
-852
-759
-463
-122
189
483
561
499
621
741
475
67
125
486
393
-3
85
559
431
-296
-571
-319
-363
-797
-898
-465
-90
-178
-356
-99
290
208
-133
-114
132
102
-110
-186
-93
37
44
-110
-142
157
439
384
328
633
882
634
275
267
479
427
70
-223
-315
-286
-460
-810
-892
-667
-455
-507
-530
-301
-101
4
54
121
211
172
95
72
74
4
-115
26
297
311
188
358
836
1011
702
508
684
767
428
82
33
-126
-565
-865
-834
-840
-985
-892
-574
-426
-542
-574
-380
-233
-238
-251
-117
100
202
202
178
232
296
270
335
590
846
772
505
549
764
660
316
314
570
298
-362
-591
-361
-459
-1049
-1233
-767
-436
-583
-721
-449
-120
-121
-305
-378
-167
140
186
27
108
619
1052
909
529
573
954
971
482
249
583
737
282
-141
-50
26
-379
-755
-686
-567
-691
-770
-619
-533
-628
-617
-437
-355
-445
-413
-126
126
139
237
672
977
764
464
647
972
777
366
346
622
654
297
-51
-183
-163
-201
-450
-662
-638
-413
-286
-394
-489
-552
-568
-522
-521
-499
-458
-270
34
220
383
484
584
729
719
648
615
704
709
435
315
427
328
-65
-300
-119
-109
-552
-838
-669
-423
-580
-877
-767
-367
-175
-411
-593
-305
16
-36
-229
-112
331
649
701
517
452
815
1015
606
78
294
846
553
-188
-266
209
174
-436
-562
-293
-326
-485
-489
-421
-491
-485
-308
-289
-372
-340
-49
196
54
-26
196
393
334
121
95
291
490
415
166
292
563
435
90
-43
96
73
-216
-345
-174
-70
-298
-454
-297
-201
-254
-305
-290
-165
-35
-47
-106
-31
66
93
129
186
284
338
254
152
186
252
140
33
108
191
168
-87
-310
-81
111
-210
-511
-196
243
6
-432
-357
-56
-3
-220
-281
-21
138
65
18
207
407
252
26
94
252
195
18
9
112
125
61
-11
-27
1
-4
-9
57
40
-175
-259
-23
103
-164
-363
-83
207
48
-211
-174
18
36
-104
-96
61
128
75
49
142
215
114
-49
-36
134
137
-24
-92
-72
41
165
-1
-261
-75
281
92
-325
-180
230
102
-364
-352
132
240
-180
-261
168
335
-37
-326
-39
349
239
-203
-237
259
340
-127
-278
29
250
98
-108
-120
-12
52
-79
-136
-24
-29
-37
48
92
41
-46
-74
-40
-4
-2
51
145
121
12
-47
-16
23
-37
-88
6
163
137
-62
-73
17
-109
-222
-37
214
90
-198
-113
170
146
-226
-363
23
260
8
-187
51
360
207
-182
-179
162
198
-143
-243
32
188
-62
-252
43
266
7
-173
105
341
41
-323
-136
223
94
-281
-159
285
236
-219
-338
62
306
-57
-387
-129
322
231
-267
-270
197
315
-56
-206
76
144
-75
-166
-53
61
11
-20
84
209
176
-10
12
179
53
-280
-264
135
192
-199
-353
-24
275
74
-233
-89
278
277
-96
-228
2
64
-142
-180
40
107
-60
-105
41
125
0
-115
40
284
211
-131
-133
280
362
-116
-375
8
256
-141
-467
-132
248
-5
-377
-169
262
219
-135
-138
190
275
-27
-225
1
210
13
-243
-70
265
166
-168
-159
142
183
-99
-182
98
291
48
-274
-152
194
144
-252
-314
111
356
71
-263
-139
179
144
-119
-129
66
95
-30
-94
-32
20
-70
-108
84
128
-119
-120
164
175
-70
-123
32
145
139
54
-59
-103
16
131
-53
-274
-78
229
132
-165
-198
-24
69
-4
-86
17
206
149
-104
-120
88
72
-123
-52
180
157
-93
-180
27
169
-63
-262
-1
236
21
-201
-94
45
23
-71
-101
45
179
57
-58
34
76
-19
-22
78
85
-20
-112
38
238
51
-243
-148
127
107
-132
-215
-24
197
112
-195
-288
-21
225
65
-197
-93
148
116
-31
-5
96
57
-28
54
104
-113
-208
84
248
-9
-180
-17
146
88
-79
-93
61
128
-26
-199
-128
67
104
-35
-102
24
97
9
-64
-10
58
26
-23
-64
-67
12
65
24
-47
-78
-35
48
91
45
-14
3
78
51
-50
6
100
8
-89
-50
-10
-37
-57
-6
73
93
0
-123
-100
40
79
-28
-112
-45
87
69
-92
-117
54
142
23
-109
-53
69
74
42
52
52
26
22
23
-22
-57
-10
51
-23
-154
-148
-47
18
27
-9
-21
100
154
-35
-131
76
186
-15
-160
-21
124
36
-87
-59
11
18
-3
-58
-76
38
95
-9
-25
70
33
-51
-19
25
36
23
-27
-55
-42
-19
27
14
-58
-24
31
0
17
67
20
22
83
25
-59
-81
-72
9
65
-43
-113
-33
35
55
63
31
0
48
91
14
-106
-131
-37
82
66
-86
-102
65
130
24
-95
-105
6
64
-11
-31
29
66
89
50
-52
-52
17
10
-21
-20
-34
-56
-19
33
-6
-26
92
126
-29
-89
-4
2
-27
-34
-71
-18
130
84
-130
-121
85
135
-14
-109
-16
113
116
-55
-153
9
112
-5
-105
-27
65
25
-29
-18
31
30
-53
-53
72
96
-51
-64
110
121
-51
-124
-26
54
-21
-78
-5
68
47
-66
-90
34
103
57
-20
-33
0
-9
-40
-31
5
-30
-92
-15
105
33
-97
51
194
0
-156
-45
47
-2
-8
33
-2
19
87
-13
-85
89
143
-61
-100
32
-12
-96
-4
11
-44
13
48
20
0
-6
-11
20
27
-18
-91
-96
14
23
-105
-90
65
121
89
7
-38
114
223
22
-129
-26
1
-36
-1
-62
-131
6
92
-28
-89
-22
28
45
52
32
-17
-71
-19
96
61
-41
-1
53
-8
-35
-7
-29
-31
16
36
-21
-95
-76
57
110
16
-31
3
37
28
-21
-63
-20
29
15
20
5
-45
-13
56
20
-40
-52
-41
52
117
-8
-99
57
123
-74
-133
51
81
-84
-98
-20
-35
5
79
-14
-39
146
149
-53
-70
1
-43
0
120
11
-143
-20
82
-33
-99
-24
61
68
6
-7
20
-20
-60
0
54
23
-2
-5
-6
-15
-51
-47
31
76
20
-65
-54
27
7
-72
14
107
6
-58
11
83
61
-22
-30
34
6
-101
-97
15
25
-24
27
52
-9
-18
42
25
-34
0
13
-48
-22
17
-37
-18
84
42
-50
21
86
-12
-48
50
24
-96
-56
-17
-54
21
74
14
24
53
-36
-76
20
50
-58
-78
70
112
-14
-66
-10
29
32
-10
-73
-30
71
55
-37
-29
12
-8
3
19
-19
-32
43
106
-24
-182
-45
146
20
-123
-41
58
75
47
-44
-83
52
102
-38
-59
39
-16
-70
39
68
-30
-54
39
78
-10
-81
-24
58
29
-46
-26
54
43
-23
-40
-27
8
37
11
-50
-35
27
34
-6
-4
37
19
-49
-54
22
32
-28
-40
-21
1
63
66
-28
-37
43
20
-58
-21
57
14
-46
20
74
-46
-142
-29
114
133
41
-122
-155
35
109
-41
-33
117
50
-104
-69
0
-12
15
56
27
19
25
-32
-48
42
38
-65
-24
72
-25
-130
-19
72
-9
-46
16
35
28
44
21
20
68
16
-103
-53
84
52
-62
-51
-12
-44
-36
25
26
-26
-33
10
46
33
-30
-52
30
85
35
-13
-28
12
57
26
-9
16
50
27
-33
-48
-24
-31
-14
0
-29
-65
-70
-42
-8
26
19
-22
-4
93
105
-16
-72
0
59
67
41
-19
-10
40
36
-6
-51
-25
17
-10
-27
-42
-58
24
73
-6
-68
-30
51
45
-37
-69
-58
14
75
-29
-113
-36
55
90
55
-4
-6
11
39
32
-24
-19
34
37
1
-37
-59
-7
52
20
-34
-16
32
13
-79
-82
12
41
13
-15
-41
-6
54
38
5
44
60
-14
-65
-37
-7
-28
-31
-6
-26
-9
69
71
29
26
31
43
41
-35
-128
-100
-16
-14
-23
-1
14
34
55
62
24
-14
22
40
22
0
-92
-124
-12
61
15
-57
-47
27
64
72
40
-40
-39
31
43
4
-36
-45
-19
7
-4
-46
-31
42
61
4
-35
-12
19
22
6
-28
-21
13
4
3
-5
-34
-5
34
43
32
-1
-8
-17
-39
-22
-8
4
29
19
-2
-7
-5
-8
7
36
24
-30
-66
-26
37
14
-31
-6
20
11
0
18
28
-1
-34
-20
26
35
-20
-78
-27
72
67
-11
-53
-23
26
24
2
-14
-21
-14
4
44
53
5
-24
-8
16
11
-17
-38
-29
-15
-7
-4
3
8
1
-10
-20
-18
3
22
9
-21
-7
53
76
42
0
-10
18
41
20
-28
-34
-12
-7
-19
-54
-74
-49
-18
0
21
23
2
5
33
46
29
-13
-43
-21
28
61
39
0
-28
-26
13
35
0
-45
-32
14
34
2
-42
-30
6
12
4
0
2
7
13
14
3
1
8
-15
-42
-34
-3
8
-4
-9
2
23
36
32
22
1
-29
-36
-16
2
11
2
-26
-36
16
66
61
14
-21
9
12
-2
0
-57
-69
-35
-2
53
20
-45
-31
6
57
61
5
2
21
5
-19
-74
-71
5
2
-16
2
20
43
41
21
-11
-6
27
8
-3
-11
-39
-23
20
40
5
-24
-26
-31
11
-33
-146
16
226
111
-92
-132
-9
112
115
31
-99
-76
33
-31
-72
-55
-75
47
109
-19
-19
60
56
41
19
-12
-35
-27
11
13
-34
-76
-37
22
6
21
47
-2
-9
22
26
12
-50
-43
61
80
28
-10
-65
-66
12
26
-28
-49
-30
1
36
15
-26
-20
7
41
34
22
13
-16
8
-11
-61
22
69
7
21
23
-70
-66
5
21
22
-1
-49
-18
35
-22
-41
8
-4
11
26
0
28
27
15
20
-7
8
38
30
-25
-63
-16
1
-13
-25
-21
-4
5
5
-15
16
20
-29
25
54
-17
-24
3
10
7
1
-11
-6
25
-5
-31
31
19
-26
5
1
-35
-20
3
28
24
-8
6
34
7
-56
-45
36
65
29
-62
-80
-27
2
12
1
-10
-16
5
26
9
5
53
75
31
-21
-33
-3
4
0
-4
-15
-13
3
-13
-49
-31
28
39
-6
-18
9
15
-8
0
44
64
-5
-64
-28
18
30
-19
-62
-31
1
38
59
-8
-77
-39
65
84
-1
-52
-21
41
36
-44
-72
-2
59
40
-27
-69
-5
46
-18
-49
-1
24
21
41
48
18
9
11
-10
-6
-20
-53
-11
11
-7
-3
7
0
-42
-22
41
13
-64
14
76
-1
-24
-3
28
26
-17
-14
0
-13
-15
7
-25
-30
-8
-29
14
90
72
7
34
-32
-100
-15
12
22
19
0
-14
-1
-12
5
61
2
-18
-15
-26
-11
-5
-41
23
46
-43
-38
-16
43
16
-3
45
59
18
-27
-57
-54
11
74
13
-18
26
-39
-17
1
-20
-7
-12
1
42
23
-14
-40
-12
30
-39
15
45
-27
-9
-68
-14
45
-27
35
51
12
52
-17
-60
0
5
23
-24
-32
46
12
8
34
-24
5
-29
-40
36
14
26
-35
-36
-21
-36
18
-3
-4
9
12
31
23
22
-6
-30
-10
-20
-1
-7
42
20
-2
23
21
30
-47
-26
11
3
-18
2
-6
-1
-16
-31
5
-19
11
-12
-4
39
21
0
-37
-1
28
-64
-6
33
11
53
5
-15
26
55
11
-57
-33
20
19
-25
-56
-8
2
25
49
0
-34
5
-11
-49
1
-14
-21
34
53
12
14
-20
-44
3
3
34
-7
-11
16
8
2
-19
-8
8
15
24
-1
4
-31
-29
0
-27
29
7
-18
41
9
2
-9
-31
-4
-1
0
-5
-12
15
35
3
0
-9
20
34
-24
-11
-17
-34
4
-2
-34
-18
31
47
42
49
2
-66
-12
-1
-38
-14
-26
-1
36
26
23
22
51
13
-95
-43
-16
-17
33
-31
-27
17
8
56
65
10
-26
-31
22
52
-14
-24
-28
-56
19
13
-15
22
-8
-8
32
24
-24
-36
-29
-28
12
5
-23
-1
101
50
-41
15
-32
-33
62
-14
-59
8
-7
32
93
14
-32
-27
-25
-11
-21
-30
-23
-21
17
12
5
39
19
11
10
6
14
-18
-25
0
-12
-13
3
-13
40
66
20
7
-23
-40
1
4
-18
-55
-45
18
30
11
-2
-25
2
30
1
-10
14
8
-33
-29
0
-10
15
35
17
42
18
-44
-44
-10
32
24
-9
-22
-34
17
54
4
-26
-23
-6
42
30
-38
-40
3
51
10
-45
-11
12
63
43
-63
-62
-13
22
32
-1
-16
6
1
-9
-23
-8
30
-12
-22
4
8
42
14
-31
6
19
-8
-6
-9
-21
5
31
20
0
-24
-34
-7
1
9
23
-1
-14
-12
-10
16
33
13
4
-10
-13
-2
0
20
19
-15
-42
-19
-1
-2
11
-3
0
12
0
26
36
10
8
-5
-34
-26
-5
-16
-16
-23
-40
-2
44
36
31
32
-2
3
7
-13
0
-1
-18
-2
-12
-16
-6
-16
1
22
21
23
23
9
-20
-29
-24
-36
-15
30
29
28
30
-6
-30
-10
23
12
-27
-33
-33
-31
8
36
21
17
11
0
12
27
9
-28
-31
-27
-20
23
31
8
1
-4
-4
2
-2
-4
-3
-5
8
7
5
8
6
1
-25
-34
-8
9
14
14
-3
-11
1
-1
-1
10
16
10
10
6
-19
-30
-20
-3
0
-21
-15
16
27
24
32
4
-24
-8
-8
-15
1
24
30
23
1
-30
-52
-32
6
9
12
24
11
10
11
-6
-16
-17
-12
-2
0
0
9
15
19
24
4
-35
-42
-10
4
20
36
-6
-27
19
12
-9
12
0
-35
-7
-1
-37
14
50
8
2
0
-34
-17
21
14
3
22
36
10
-8
-16
-42
-39
-22
-8
3
3
16
28
20
21
22
0
-13
0
-7
-33
-23
-2
-10
10
28
-7
-15
12
13
1
7
6
-7
-6
-5
-21
-14
9
8
3
8
12
-4
-10
0
-8
-8
20
25
2
2
3
-10
-8
-4
-10
-7
-3
0
3
1
-5
-3
6
9
3
-6
2
13
-1
-5
13
7
0
3
-6
-15
-14
-17
-14
-2
0
3
8
3
14
19
5
9
0
-14
0
0
-20
-10
-6
-8
14
13
3
12
2
2
12
0
1
-3
-15
1
-1
-9
2
-9
-20
-2
5
10
19
9
8
7
-8
0
5
-17
-18
-6
-10
-1
15
11
3
4
1
0
1
-5
-7
-4
-9
0
7
2
10
9
-7
-4
0
-1
9
5
-4
-3
-8
-3
3
-1
2
5
0
1
7
5
0
-3
-6
-5
-2
0
0
-3
-2
2
3
3
4
0
-1
-1
-3
0
-2
-5
0
0
-2
0
1
3
3
0
3
2
-7
-3
3
0
-1
3
2
0
0
5
2
-3
-1
-3
-3
-1
3
2
-2
0
2
2
0
0
2
-1
-5
-1
-1
-3
2
4
0
-1
0
0
0
1
5
0
-3
-1
0
-4
-5
1
3
0
0
-1
0
3
3
1
-2
0
5
1
2
0
-1
-1
-3
0
1
4
5
2
0
-2
-1
-3
-5
-6
-2
0
0
0
1
-1
-2
0
0
0
1
2
-2
-2
0
-1
0
3
7
1
0
4
0
-4
-1
1
0
0
1
0
-3
-1
2
0
1
3
-1
-4
-1
0
0
-1
1
0
0
0
2
0
0
2
0
0
0
0
0
0
0
-1
1
0
-1
1
0
1
-1
-1
-2
-4
-2
1
0
1
1
0
-1
-1
2
-1
0
0
-1
0
0
0
0
0
0
0
-1
0
0
-1
1
1
0
4
2
0
0
-1
-1
1
0
0
0
-2
-1
0
0
2
1
0
0
0
-1
0
0
-1
0
1
2
0
-2
0
-1
-1
0
-4
-1
1
-2
0
0
0
1
1
0
0
0
1
-1
-3
0
2
1
1
-1
0
2
0
1
0
-1
1
1
0
0
0
-2
-2
-1
2
3
0
-3
-2
-2
0
1
2
0
0
1
1
0
0
0
0
3
0
0
-1
-1
1
0
0
-1
0
0
0
0
0
2
0
-3
0
0
0
2
1
-1
1
-3
-2
0
0
1
1
1
0
0
1
0
1
1
-1
-2
-1
-1
0
1
2
0
0
0
-1
1
3
1
0
1
-1
0
-3
-4
0
0
0
0
0
0
0
4
0
-1
1
-1
0
0
-1
0
0
0
0
0
1
-1
0
0
0
0
0
0
1
0
-3
-4
-1
-3
-2
1
0
-1
0
2
2
3
1
0
2
0
-1
1
1
-2
0
0
-1
0
1
1
1
1
-2
-2
0
-3
-2
0
0
0
1
3
0
0
0
0
1
0
0
-2
0
0
-1
2
0
2
1
-1
0
-1
0
0
-1
0
0
-4
-2
0
2
3
1
0
1
1
0
0
-3
0
1
0
-2
-2
0
-1
-2
0
1
2
0
0
0
0
1
-1
0
-1
0
4
1
0
0
1
0
1
2
-1
1
1
0
1
-1
-2
0
0
0
1
0
0
-1
1
0
-4
-4
-1
2
4
1
-2
0
5
1
-2
-5
-7
0
5
2
-9
-9
0
8
10
0
-9
0
10
13
4
-13
-13
2
13
7
-5
-13
-4
7
10
0
-13
-10
-1
4
4
-3
-3
3
5
7
-1
-8
-2
2
2
0
0
2
7
6
0
-9
-4
5
7
1
-8
-7
4
11
5
-5
-13
-13
-1
6
2
0
-1
1
7
6
1
-1
-3
-4
-5
3
4
5
5
-9
-8
3
8
1
-11
-14
-5
10
18
6
-12
-12
2
14
12
-1
-17
-6
10
10
5
-10
-19
-1
12
5
2
-5
-9
2
9
1
-4
-2
-5
0
7
0
0
0
-8
0
5
4
4
1
-6
-1
3
2
0
-8
-8
-1
6
14
12
2
-3
-12
-8
3
-2
-2
-3
-14
3
19
17
5
-7
-16
-12
3
11
2
-5
-5
-3
3
7
-1
-9
-3
2
1
11
4
-7
8
10
-1
-1
-10
-14
0
13
9
3
-6
-10
0
13
4
-12
-10
-2
-1
9
10
-4
-9
-8
-4
5
7
0
-3
-2
2
5
2
1
-2
-2
0
-1
2
5
0
-7
1
0
0
6
2
-4
0
3
-2
0
3
-4
0
6
0
1
3
-1
0
-1
-3
-5
0
3
0
1
2
-1
-2
0
0
-3
-3
0
1
2
2
0
0
1
1
-2
-2
0
0
2
0
-2
0
0
0
4
2
2
1
1
0
0
-1
-2
-2
-2
0
3
3
1
3
1
0
1
0
-2
-2
-3
-3
-1
0
0
1
0
-3
-1
0
1
0
-2
-1
0
-2
2
0
-1
0
0
2
1
0
0
0
3
0
1
3
0
0
0
0
1
0
0
-1
-2
1
1
0
-1
-1
0
-1
0
2
0
-2
0
0
2
0
-1
-2
-1
0
0
0
-2
-1
2
1
0
-1
0
0
-1
0
2
0
-2
0
0
1
1
2
1
-1
2
2
0
1
2
-1
-3
-1
-1
-1
1
3
2
0
-1
0
-1
-2
0
-2
-2
2
3
2
0
0
-1
-2
-2
0
3
0
0
0
0
0
0
0
0
0
0
0
0
0
2
-4
-3
0
1
0
0
1
2
2
3
0
0
-3
-4
0
0
0
-1
-1
0
3
2
1
0
0
-1
-1
0
0
-1
0
0
-2
0
-1
0
2
0
-1
0
1
2
0
-1
0
0
0
0
0
-1
-1
0
-1
0
0
0
1
0
0
0
2
3
3
-2
-1
0
-2
0
0
-3
-2
0
0
0
-1
0
0
0
0
0
0
1
2
0
-1
0
2
1
0
-2
-2
0
1
2
-1
-2
0
1
2
-2
-1
1
2
0
-2
0
2
0
0
-1
0
2
-1
0
0
0
2
0
0
0
0
0
0
-1
-2
0
-2
-1
0
0
0
0
0
1
1
-1
0
0
0
3
1
-1
0
0
0
1
1
-1
-2
0
3
2
0
0
-1
0
0
-1
-1
-1
0
0
0
1
2
0
1
0
0
0
-2
-1
0
-1
1
0
0
2
1
0
-1
1
0
0
0
0
0
-3
-2
0
0
0
0
4
0
0
1
-1
-1
-1
-2
0
-1
1
0
-1
-1
0
0
1
1
2
0
1
3
2
0
0
1
0
1
2
0
-1
-2
-2
0
0
-2
-5
-5
0
0
0
0
2
1
2
4
0
-1
0
-2
-1
-1
0
-1
-1
0
0
0
-1
2
1
1
3
2
0
0
1
0
0
0
-5
0
0
0
-2
-1
-1
0
0
2
4
-1
0
1
-2
-1
3
0
-2
-3
0
1
0
0
0
0
0
0
3
0
-1
0
-1
0
1
0
0
2
-1
0
0
-1
1
1
0
1
0
-2
-1
0
0
1
1
0
-2
-1
-2
-2
2
2
2
3
3
0
1
3
1
-1
0
-2
0
-2
-4
-2
0
-2
0
-1
-4
0
0
-1
0
-2
0
4
1
3
2
2
3
1
2
0
1
0
0
0
-2
0
0
1
0
-1
0
-4
-4
0
-2
2
0
-1
0
0
1
-1
0
1
-1
-2
-2
-1
-1
2
0
0
2
2
1
2
0
0
3
1
1
0
0
1
2
1
0
-2
-4
-3
-1
1
0
0
0
-1
-2
0
0
0
0
0
-2
-4
0
0
0
1
-1
0
0
0
1
0
-2
0
1
0
0
0
0
0
0
-2
2
3
0
1
1
3
3
0
0
0
1
1
0
0
0
-1
0
0
0
0
0
0
0
0
-2
-1
0
0
0
0
-2
0
1
1
0
-1
-2
-3
0
3
1
0
0
0
0
-2
0
-1
0
1
1
1
0
-1
-1
-1
-1
-1
0
3
2
-1
-1
0
0
0
0
1
3
2
0
-2
-1
-1
0
0
0
-1
0
1
-1
-2
-5
-1
2
2
0
0
0
1
4
0
-2
0
0
2
1
0
0
0
0
-1
-1
0
0
1
2
0
0
0
0
-1
0
0
0
0
-1
0
0
-1
1
1
-2
1
0
0
0
0
2
2
0
-2
-3
0
1
1
1
0
1
0
-1
0
-2
-2
0
2
0
0
0
-2
0
2
2
0
0
-1
-3
-1
-1
2
2
1
0
0
1
0
2
1
0
0
-1
-1
-2
0
0
0
0
0
1
0
0
0
0
1
0
0
0
-1
1
0
0
0
-1
0
0
0
1
0
0
1
0
-1
0
0
-1
-1
-3
-2
0
0
1
1
1
0
0
1
0
-1
-2
0
1
1
1
0
1
2
0
0
1
1
2
-1
0
1
-2
-2
-1
-1
0
-1
0
2
0
-1
0
0
0
0
1
1
0
1
1
0
1
0
0
1
-1
-1
0
0
-1
-1
0
-1
-1
0
0
0
0
0
1
0
0
0
-2
-2
1
0
0
2
1
1
1
0
0
0
0
0
0
-2
0
0
-1
-1
-2
0
0
0
1
0
0
1
2
0
-1
0
0
-2
1
-1
0
1
0
-1
-3
0
0
-1
1
2
0
0
2
2
0
0
0
3
3
0
0
-2
-1
0
0
-2
-1
-1
0
1
2
0
-1
0
0
-2
-3
-1
0
1
-1
-1
1
1
1
1
1
2
0
0
0
-1
0
-2
-1
3
0
-1
0
-1
-2
1
1
0
1
0
0
0
0
2
0
-2
0
0
0
0
-1
0
0
1
2
0
0
-1
-2
2
2
0
1
0
-1
-2
-1
-1
0
1
0
1
2
1
0
0
-1
-2
-3
-1
0
-1
1
0
1
3
1
3
0
0
0
-1
-1
-2
-1
-1
-1
-1
0
1
0
0
0
0
0
1
2
0
0
0
0
0
0
1
0
1
0
-1
0
-1
-2
0
0
-2
0
0
-2
0
0
-1
0
0
2
1
2
0
-1
0
-1
0
2
1
1
0
0
0
-1
0
0
0
1
1
2
0
-2
0
1
0
0
-1
0
2
0
0
0
0
-2
-3
-2
0
-1
0
1
3
0
0
-2
-1
-2
0
0
0
0
0
0
0
0
0
0
0
1
0
-1
-1
0
-1
-2
1
1
0
2
1
1
0
0
-2
-1
1
2
0
0
1
1
0
-1
0
2
0
-1
1
0
0
0
-2
0
0
0
0
1
0
0
-2
-1
-1
-1
0
0
0
1
-3
-1
0
-1
1
0
0
3
1
-2
0
0
0
1
2
1
0
0
0
1
1
0
-1
0
0
-1
-1
1
1
0
0
0
0
0
1
-1
-4
-3
-3
0
1
2
0
-1
0
0
0
1
0
1
3
1
1
0
-1
0
0
1
0
0
0
0
0
1
1
0
0
0
0
0
-1
0
0
0
2
2
0
1
0
2
0
-2
-2
-3
-2
-1
-3
-2
0
-1
0
0
0
0
-1
1
0
0
1
1
0
0
0
2
0
0
0
4
3
3
4
2
2
1
0
0
0
-1
-2
0
-3
-1
0
0
-1
-3
-4
-3
-3
-5
-4
-1
-1
-2
-1
-2
-2
-3
-3
-1
0
1
2
3
1
1
1
0
1
1
1
2
2
4
4
4
5
3
2
1
0
1
1
1
2
2
2
3
0
-1
-2
-3
-4
-4
-2
-1
-1
0
0
-1
-2
-2
-1
-3
0
-1
-3
1
0
1
1
0
0
0
0
0
0
0
0
0
0
2
1
1
1
0
1
1
0
-1
0
1
0
-2
0
0
0
1
2
1
-1
-3
-3
-3
0
0
-1
-1
0
-3
-2
0
0
1
1
0
0
0
0
0
0
2
1
0
-1
1
2
2
1
2
0
0
0
0
-1
0
0
0
-2
0
0
-1
-1
0
0
0
0
-1
-2
0
0
0
0
2
0
0
0
0
0
0
0
0
0
0
1
0
0
0
0
1
1
0
0
0
0
0
0
-2
-1
-1
-2
0
0
0
-1
0
0
-1
0
0
0
2
1
1
2
2
1
0
-1
-1
-2
1
0
-1
0
0
0
2
0
0
0
0
0
0
1
0
-1
0
0
0
4
2
0
0
0
-1
-3
-1
1
0
-1
-2
0
0
0
-2
-2
-4
0
2
-1
2
3
-1
0
2
2
0
1
0
0
1
-1
0
0
-1
1
0
0
1
1
0
0
-1
0
2
0
0
-1
0
0
-2
-1
-1
-1
0
-1
-2
-2
2
2
-1
0
0
0
0
-1
0
0
2
0
0
0
0
1
1
1
1
0
0
1
0
-1
1
1
0
1
0
0
1
0
-2
0
0
-2
0
0
0
0
-1
0
0
0
-2
0
0
-1
0
0
1
2
2
0
0
3
1
0
0
2
1
-2
0
0
0
1
0
0
1
0
-1
0
0
0
0
-2
0
0
-2
-2
-1
-1
0
0
-2
0
0
-1
0
0
1
1
0
-1
0
2
1
0
0
1
0
-1
0
0
0
0
2
0
0
0
1
1
0
-1
0
0
0
0
-1
-1
1
-2
-1
0
0
2
0
-2
0
0
-1
0
-2
-1
0
-1
0
0
0
3
2
-1
0
1
0
0
0
0
0
-1
0
2
2
0
0
0
1
2
1
0
0
0
-1
2
0
0
0
-2
0
0
0
-1
-1
0
1
0
-2
-3
1
-1
-3
1
-1
-2
0
-1
0
0
0
0
0
0
2
0
0
0
1
0
0
1
3
1
0
1
0
0
1
0
0
2
0
-1
0
0
0
1
0
-2
-2
0
-1
-1
0
0
0
0
0
0
-1
2
0
0
1
-1
-1
0
-2
-2
-3
0
2
1
0
0
1
1
0
0
1
1
1
0
-2
0
2
2
2
0
0
0
1
2
-1
0
-2
-1
-1
-1
-1
-2
-1
0
1
1
0
0
1
0
-1
0
0
1
0
0
0
0
1
0
2
0
-2
0
0
0
-1
0
0
-1
0
2
1
-2
0
0
2
0
0
-1
-3
-2
-1
0
0
0
0
1
0
2
4
5
2
-3
-1
0
-3
-3
-1
0
0
0
0
0
0
0
1
0
1
0
0
2
0
-1
0
2
3
0
0
0
0
0
0
0
-1
0
0
-2
-2
0
0
-1
0
0
-2
0
0
-2
0
1
0
1
0
1
1
-1
0
0
1
1
0
1
1
0
-1
0
2
1
1
0
0
0
-2
-1
0
-1
0
0
-1
0
-1
0
1
0
-1
0
0
0
0
1
1
0
0
1
0
-2
-1
2
1
-1
0
0
0
-1
1
2
0
1
0
0
-1
0
0
0
1
0
0
0
0
0
-1
0
2
1
0
0
0
1
0
0
0
0
0
-1
-1
-2
0
2
0
-1
0
0
0
-2
2
2
-2
0
0
0
-3
-1
0
0
2
1
1
0
0
2
0
1
2
0
0
2
1
-2
-1
1
-1
-1
0
0
0
0
0
0
-2
0
2
0
-1
0
0
0
1
0
0
1
1
1
-1
-2
0
0
1
-1
0
2
0
2
1
-2
0
1
0
0
-1
0
0
0
1
-1
0
1
-1
-1
1
1
0
0
-1
-1
-1
0
2
0
1
1
-2
0
0
0
0
-1
0
2
0
0
1
0
-1
0
0
0
2
-1
0
0
-1
0
0
0
0
-1
0
0
0
1
1
0
2
0
-1
1
0
-1
0
0
0
-1
0
1
-2
0
1
1
0
0
0
0
1
0
-1
0
0
0
-2
0
0
0
0
0
0
0
0
0
-2
1
0
-1
0
0
0
0
1
2
-1
0
1
0
0
0
0
1
0
-3
-2
0
1
0
0
0
0
0
-1
0
1
3
0
-4
-1
2
2
2
0
0
0
0
0
0
1
0
0
-2
0
1
0
-1
-1
0
-1
-1
0
0
2
0
-2
-1
1
0
0
0
1
0
-1
0
0
3
1
0
1
-1
0
1
0
2
0
-2
-2
0
0
-1
0
-1
0
0
0
0
0
1
0
0
0
-2
0
4
-1
-1
0
-4
-1
0
0
2
0
0
0
0
-1
3
2
2
-1
-3
0
0
0
1
1
0
-2
-1
2
1
1
0
-3
-2
1
2
2
0
1
2
0
-1
-1
1
-1
-3
-3
-1
2
1
-2
0
2
2
1
-1
0
0
-1
-3
0
2
0
-2
0
2
0
1
2
0
1
0
0
1
0
-2
0
0
0
1
-2
-2
1
1
2
-1
0
0
0
1
0
-2
0
0
-1
0
0
-1
1
-1
-2
-1
1
0
0
2
0
2
2
1
-1
0
2
0
-1
-3
-2
1
1
-1
0
1
3
2
-1
0
1
2
0
0
-4
-2
0
0
0
0
0
0
1
0
-1
-2
-1
0
-1
0
0
-2
-2
0
1
4
3
2
1
0
3
0
-2
0
1
0
0
0
-2
0
0
-1
0
0
0
0
0
0
0
1
2
0
-1
0
-1
0
-1
1
1
-1
0
0
-2
0
0
0
1
2
1
0
-1
0
-2
-3
0
0
0
-1
0
1
0
0
2
1
1
0
0
1
0
-1
-2
-2
0
2
0
2
1
2
2
1
2
0
1
0
-5
-6
-5
-5
-6
-2
0
0
0
4
6
4
6
4
1
-3
-1
-3
-6
-4
-2
0
0
1
3
3
4
1
3
3
0
0
-1
-1
-2
-4
-2
-4
-4
-1
0
4
2
5
4
1
0
-2
-3
-1
-3
-5
0
0
-3
0
2
2
0
0
1
1
0
0
1
2
0
-1
-1
0
0
2
2
0
-1
0
-2
0
0
0
0
0
1
0
0
2
0
-1
-1
0
-2
-2
-2
0
-1
-2
2
2
0
0
0
0
0
-2
-3
0
2
1
0
0
0
0
1
4
4
1
2
0
-1
0
0
-4
-6
-3
0
-2
-1
-1
0
0
2
1
3
0
2
0
-1
0
1
0
1
0
-1
0
2
1
-1
-1
-3
0
0
1
1
0
-1
-1
0
0
2
0
-2
-1
-1
-1
0
0
0
-1
1
0
0
0
-2
0
0
1
0
-1
0
0
1
1
0
-1
0
2
1
0
0
-1
0
0
2
1
-1
-2
-1
0
0
2
0
0
-1
-1
0
0
1
1
0
0
1
2
0
0
0
0
0
0
0
-1
0
0
-3
0
0
0
1
0
0
0
-1
1
0
-1
0
-1
1
3
0
-2
-1
0
2
2
1
-2
-1
-1
-1
0
-2
-2
-2
0
2
1
2
1
2
0
-2
-3
-1
1
0
0
0
0
3
5
3
2
2
-1
0
0
-1
-1
0
0
0
0
-2
-2
0
1
1
0
0
-1
0
-1
-2
0
1
0
3
1
0
-1
-3
-2
0
0
-2
0
2
3
0
-1
1
2
0
-1
0
2
0
-1
0
0
0
0
1
1
1
1
-1
-2
0
3
2
-1
-1
-1
0
2
0
-2
0
-1
-1
0
0
0
-1
-2
0
2
0
0
0
1
1
1
0
-1
-1
0
0
-2
0
-1
-2
0
1
1
0
1
0
-1
0
0
1
1
1
1
0
0
1
-2
-2
0
2
0
0
0
0
1
0
0
-2
-1
0
0
1
1
0
0
-1
0
0
-1
-3
-1
1
2
1
0
-1
0
0
-2
0
0
0
0
0
2
1
0
0
0
1
1
0
0
-1
1
0
0
-1
0
0
-1
-1
0
1
1
1
0
0
0
0
0
0
0
0
-1
-1
0
0
0
0
0
2
1
0
0
0
0
0
-1
0
0
0
1
0
0
0
0
-1
-1
0
0
0
0
-1
0
1
-1
-1
0
1
0
0
0
-2
0
0
-2
0
0
0
2
1
0
0
0
0
0
0
0
0
-2
-2
-1
0
2
0
0
0
-1
0
0
0
0
0
2
0
0
0
-1
2
0
0
0
-1
-1
0
0
0
1
0
0
0
0
1
0
0
-1
-2
0
0
-1
-1
-2
0
0
0
1
3
2
2
0
-1
-1
0
-1
-1
-1
-1
0
0
0
0
2
3
1
0
-3
-2
0
-1
-1
-1
0
1
0
0
3
2
3
1
0
0
0
1
0
0
0
0
-1
-1
-1
0
0
0
1
0
-2
0
0
0
1
0
1
-2
-4
-2
-1
1
1
1
2
1
0
-1
0
0
0
-3
0
0
0
1
0
0
1
1
-2
0
0
0
0
0
-1
1
2
2
0
-1
0
0
1
0
0
-1
-1
-1
0
0
0
1
0
0
-2
0
0
0
1
0
1
0
-1
0
-2
0
1
2
0
-1
0
0
0
0
0
0
-3
-3
0
-1
0
0
0
0
2
3
1
0
-1
0
0
0
1
0
-1
0
-1
0
3
3
1
0
0
-1
1
0
-2
-1
-2
-1
0
0
-1
-1
-2
-2
0
0
2
1
2
0
0
0
0
0
1
1
0
1
0
0
1
2
2
1
0
-1
-2
-2
-1
-1
-2
-2
-1
-2
0
0
-1
0
0
0
1
-1
0
1
0
1
3
3
1
0
0
1
1
1
1
0
0
0
-1
-4
-2
-3
0
-2
-3
-1
0
0
-1
2
0
0
1
0
1
1
0
1
1
0
0
0
2
0
1
0
-1
-1
0
0
0
1
1
0
0
0
-2
-1
0
1
1
0
-1
0
0
-1
0
1
0
0
1
-1
0
0
1
3
1
-2
-2
-1
-1
0
0
0
1
0
-1
1
0
0
0
0
0
-1
-1
0
0
0
0
-1
0
1
0
0
0
-1
1
1
0
0
-1
0
0
2
0
0
1
0
0
0
0
-2
0
-2
0
1
-1
0
1
0
-1
-1
0
0
-1
-1
0
0
0
0
3
1
-1
0
2
0
0
0
0
-2
0
0
0
-1
0
2
3
2
-1
0
0
-3
-2
-1
0
0
0
1
1
-1
0
0
-2
0
0
0
-1
0
0
0
0
1
0
1
0
0
2
0
1
1
0
0
-1
0
2
0
0
-1
-1
-2
0
1
0
0
-2
0
1
1
0
0
-1
0
0
0
0
0
-1
-1
0
0
0
0
0
0
0
0
0
0
0
0
-1
0
1
0
1
1
-1
0
0
1
0
0
0
-1
-1
0
0
0
0
-1
0
0
0
0
0
-1
0
0
-1
0
0
0
0
-1
0
1
0
-1
0
0
0
0
0
0
0
0
0
0
0
0
0
1
0
1
2
0
0
0
0
0
-1
-1
0
-1
0
0
0
-1
-1
-1
0
0
-1
1
0
1
1
1
0
0
3
0
-2
1
1
0
0
2
1
-1
-1
0
0
0
1
0
-2
-1
0
1
0
-1
-1
0
0
-1
-1
0
0
0
0
0
0
0
1
2
0
0
1
2
0
0
-1
1
1
0
-1
-2
-2
0
2
0
0
0
2
1
0
0
0
0
0
0
0
0
0
0
-1
0
0
0
1
1
-2
0
0
0
0
-1
-1
0
0
0
1
0
0
0
0
0
0
0
0
-2
-1
0
0
1
1
0
0
-1
-1
0
0
0
0
1
0
0
0
1
2
1
1
0
0
0
0
0
0
0
0
-1
-2
0
0
0
1
0
-1
0
0
-1
-1
-1
0
0
0
0
1
-2
-1
0
0
1
2
1
0
-2
0
0
-1
0
0
0
0
-1
0
-1
0
1
1
1
2
0
0
-1
-1
1
0
0
0
0
0
0
-1
1
0
-3
0
1
-1
-1
0
0
0
0
0
0
-1
1
1
0
1
1
0
0
3
1
0
0
0
0
0
0
-1
-1
0
0
-2
0
0
0
0
0
1
0
0
0
0
1
0
0
0
0
1
0
-2
0
0
-1
0
1
0
-1
-1
0
0
1
0
0
0
0
0
0
1
1
0
0
-1
0
-1
0
1
0
0
0
1
0
-1
0
0
0
-2
0
0
-1
0
2
0
0
0
2
0
-1
1
0
0
0
0
0
-2
0
1
-2
0
0
0
1
-1
0
1
1
0
0
0
0
0
0
0
-1
0
0
0
0
0
1
0
0
0
0
0
1
0
0
0
0
1
0
0
0
0
0
-1
0
0
0
-1
0
0
-1
0
0
0
-1
0
1
1
0
0
0
0
0
0
0
0
0
0
1
0
-1
0
0
0
0
0
0
0
1
1
0
-1
0
0
-1
1
0
0
0
-1
-2
0
0
-2
-1
-1
-2
0
-1
-1
-1
0
-1
-2
0
0
0
1
1
0
2
2
0
3
2
2
2
3
5
2
1
0
2
2
2
2
1
0
1
0
-1
-1
-2
-2
-2
-2
0
-1
-3
-3
-1
-3
-3
-2
-4
-2
-4
-2
-1
-2
-1
0
-2
-1
1
1
0
0
2
0
0
1
3
3
1
2
3
1
1
3
1
0
2
2
0
1
0
0
2
0
0
0
-1
0
-1
0
-3
-3
0
-1
-3
-3
-1
-1
0
-1
0
0
0
-1
0
-2
0
2
0
0
-1
0
1
2
0
0
1
1
0
0
0
0
1
0
0
0
0
0
0
-1
0
0
0
1
0
0
0
0
0
0
0
0
0
0
0
0
0
1
0
0
0
1
0
0
0
0
0
0
0
0
0
-1
-1
0
0
0
0
0
0
0
0
0
-1
0
1
0
0
0
1
1
0
-1
-2
1
1
2
1
0
1
0
-1
-1
0
1
0
0
0
0
-1
0
0
-1
0
-1
-2
0
0
0
1
0
0
0
0
0
0
0
-1
0
0
0
0
0
0
0
0
0
0
0
0
0
-1
2
0
0
1
0
0
0
0
1
0
0
1
1
0
0
0
-1
0
0
-3
-1
-1
-2
-1
0
0
-1
0
-1
1
0
0
1
0
0
1
2
0
2
1
0
0
0
1
0
0
0
0
0
0
0
1
0
0
0
1
0
0
0
0
0
-1
0
0
0
0
-1
0
-1
-1
0
0
0
0
-2
0
0
0
-1
0
0
0
0
2
0
0
1
0
0
1
0
1
0
0
1
0
0
1
0
0
0
-1
0
-1
0
0
0
0
-2
-1
0
0
0
0
0
0
0
0
2
1
-2
-2
0
0
0
0
0
0
0
1
1
1
1
0
0
2
0
0
-1
0
0
1
0
-1
0
0
0
0
-1
0
0
0
1
0
-1
0
0
0
0
0
0
-1
0
2
0
-1
0
0
-1
0
0
-1
0
1
1
0
0
1
0
0
0
0
0
0
0
-1
0
0
0
0
2
1
1
0
0
0
0
0
0
0
-1
0
0
0
0
0
-1
1
0
0
0
0
1
0
0
-1
0
1
0
-1
0
0
0
0
1
0
0
0
0
1
1
0
-1
0
1
-1
0
0
1
-1
0
0
0
0
-1
0
0
0
0
0
1
0
1
1
0
0
0
0
0
1
0
0
1
0
1
0
0
0
0
0
0
0
0
0
0
0
0
-1
0
0
-3
0
-1
-2
-1
0
0
1
0
0
0
0
2
-1
-2
1
1
0
0
0
1
3
1
0
0
0
0
0
-1
-1
0
1
0
-1
0
0
0
0
0
0
0
0
-1
-1
0
0
0
1
0
0
0
0
0
0
-1
0
0
0
0
0
0
0
0
-1
-2
0
0
0
-1
-1
0
0
-1
-1
0
1
1
2
0
1
2
1
0
0
0
0
0
0
0
0
1
0
-1
0
0
0
0
0
-1
-1
0
0
0
-1
-1
0
0
1
0
0
-1
0
0
1
0
-1
0
0
1
0
0
0
0
0
0
0
0
1
0
0
0
-1
0
1
0
-1
1
-1
-1
1
0
0
0
0
0
-2
-1
0
0
1
1
0
0
0
1
1
0
0
0
0
0
0
0
-2
0
0
-1
0
1
0
0
0
-1
-1
0
0
0
0
0
0
1
1
0
0
2
1
0
1
0
-1
-1
0
0
-1
0
3
2
-1
-1
-1
-1
0
0
0
-1
0
1
0
-1
-1
0
1
3
0
0
2
0
0
0
-2
-2
0
1
0
0
0
0
0
-1
0
1
1
1
0
-1
-2
-2
0
0
0
0
0
3
4
2
-2
-1
0
0
2
2
0
-2
-3
-1
-3
-1
2
0
0
1
0
1
2
1
0
-2
1
0
-1
-3
-2
0
3
2
-2
0
1
3
-1
0
2
3
-1
-9
-5
3
9
0
-10
-4
8
10
-1
-7
-3
4
5
1
0
-9
-7
5
9
1
-9
-6
5
5
-2
-4
2
2
2
0
-1
3
2
0
-2
0
3
2
-2
-5
2
4
0
-4
-2
2
2
-1
0
0
-1
-2
1
2
0
-1
0
-1
0
1
2
0
-7
-3
2
5
0
-7
-5
1
7
4
-4
-8
-3
5
6
0
-4
-2
4
8
3
-4
-7
0
7
5
-6
-11
-1
11
8
-4
-11
-4
8
10
-2
-10
-6
6
12
1
-11
-10
3
11
2
-10
-9
0
10
8
-5
-8
0
7
7
-2
-7
-4
4
5
0
-3
-5
1
5
2
-4
-3
-1
0
4
3
-1
-5
-2
3
5
0
-4
-2
1
4
0
-4
-2
0
1
2
0
0
1
1
-2
-1
1
1
-1
-4
-1
1
0
0
-1
0
4
4
-1
-5
0
4
2
-2
-5
-1
4
5
0
-2
-1
0
1
-1
0
0
-1
0
0
-1
-1
-2
-2
-1
0
0
0
-3
0
2
2
3
1
-1
-1
1
2
-1
1
1
1
1
0
1
0
0
-1
0
0
-1
-2
-2
0
1
0
-1
1
-3
-2
3
0
-1
0
1
3
0
0
0
0
0
-3
0
0
0
0
1
0
0
2
3
-1
-2
0
-1
2
0
1
2
0
0
-2
0
0
1
0
0
0
-1
0
-1
0
0
-2
-2
1
0
-1
-2
0
1
1
1
0
0
0
1
-3
-2
0
1
1
-1
0
0
2
2
0
0
1
1
0
-1
0
2
0
1
0
0
0
1
-1
-3
-1
0
0
0
0
0
0
-1
-4
-2
0
1
1
0
0
0
0
0
1
0
-2
0
0
0
-1
1
3
1
0
2
4
1
0
1
0
0
1
-2
-5
-1
0
-1
-1
-1
-2
0
2
1
-2
0
2
-1
-1
-1
0
0
0
0
-1
-2
1
3
0
-1
0
3
3
2
1
-3
-1
2
-2
-3
-2
-5
-3
0
1
2
2
2
0
2
3
1
0
-2
-1
-1
-1
0
-1
0
0
1
1
2
1
0
0
-2
-1
-2
-4
0
0
0
1
0
-1
2
3
2
2
1
0
0
0
0
-1
-3
-2
0
3
0
-3
-1
0
0
1
2
0
-2
-2
4
3
-1
-2
0
4
2
-1
-1
-3
0
3
-1
-2
-2
-1
2
2
0
-3
-2
2
3
-1
-1
-4
-3
1
3
0
-5
-2
6
8
2
-2
0
3
3
1
-3
-3
-1
2
1
0
-3
-5
4
6
0
-7
-6
3
4
1
-2
-7
1
4
1
-2
-5
0
6
4
-1
-5
-3
1
5
4
-1
-3
0
5
5
-2
-7
-5
3
4
0
-6
-3
4
3
2
-2
-1
1
1
1
-2
-3
-2
1
3
0
-1
0
2
1
0
0
-1
0
0
-2
0
3
3
0
-2
-3
2
1
-1
-4
-5
1
4
1
0
-1
1
3
3
-1
-5
-2
0
1
3
-1
-3
1
2
2
0
0
-2
-2
-2
0
0
-1
1
0
0
0
1
2
0
0
-1
0
2
1
0
-1
-2
0
1
0
0
0
0
0
0
2
0
-1
-2
-3
-1
0
-1
-2
-2
0
2
4
2
-3
-8
-1
4
6
4
-5
-7
0
8
9
1
-6
-5
1
6
7
0
-9
-5
4
9
3
-2
-6
-5
0
4
3
-4
-8
-4
3
7
3
-3
-8
-1
8
8
0
-4
-2
0
1
0
-3
-5
-5
-2
0
0
0
-2
-4
0
3
1
-2
-6
-3
3
9
5
0
-1
2
8
9
4
-1
0
3
6
5
2
-1
0
0
-1
-1
0
-1
0
-2
-3
-3
-3
-4
-5
-5
-4
-3
-3
0
2
0
-2
0
1
1
0
0
-2
-1
1
2
0
-1
1
0
3
3
1
2
0
2
3
2
0
1
1
0
3
0
-4
-3
-3
-3
0
0
-2
-1
1
3
1
0
-1
-5
-2
0
-3
-4
-2
0
0
0
1
2
2
2
3
5
3
1
1
-2
-2
-3
-5
-3
-1
-1
-1
3
4
2
3
4
5
2
0
-1
0
0
-3
-7
-5
-2
0
0
0
0
-1
0
0
1
-1
0
0
-2
1
0
-1
1
4
1
0
4
5
1
1
0
0
2
0
0
-1
-1
-1
0
-1
-1
-2
-3
-3
-4
-1
-2
-4
-2
1
0
-1
1
1
0
1
1
1
1
0
-1
0
0
0
0
0
1
1
3
3
1
2
3
1
4
4
1
0
0
2
1
2
0
-1
1
2
2
0
0
-1
-3
0
-6
-6
-2
-3
-4
-3
-1
-1
-1
-3
-5
-1
0
0
-1
-2
1
2
-1
1
0
1
0
1
3
0
2
3
1
3
1
1
2
3
2
1
2
0
1
0
-1
0
0
0
-1
0
-2
-2
0
-3
-1
0
0
0
-3
-3
0
0
2
0
-3
0
0
0
2
1
0
0
1
3
0
0
-2
0
2
1
0
0
0
0
3
1
0
-1
1
1
-1
0
-2
-3
0
1
-1
-1
0
2
2
-2
-1
-1
-1
-1
0
0
0
1
0
2
0
-1
0
-1
2
0
-1
0
-1
1
0
0
0
0
0
-1
-2
0
0
2
0
-4
0
0
0
0
1
2
1
0
-1
1
-1
-1
0
0
2
-1
-3
1
0
0
0
0
0
2
0
-1
-1
0
0
0
0
0
0
0
0
0
0
-1
0
-1
0
2
0
0
0
0
1
0
0
-2
-3
-2
0
1
0
0
0
0
0
0
2
0
0
0
-2
-1
0
0
0
0
1
1
1
0
1
0
0
0
1
0
0
0
-2
0
0
-2
-1
0
1
-1
-1
0
0
0
0
-1
0
3
0
0
-1
0
0
-3
-1
1
1
1
2
2
0
0
-1
-2
0
0
-1
-2
-1
0
0
1
0
0
1
0
0
1
0
0
-1
-2
0
0
0
0
0
0
0
0
0
0
-1
0
0
0
1
1
0
1
0
0
0
-1
-1
0
0
0
2
2
0
2
1
-1
0
-1
0
-2
-1
-1
-3
0
0
1
0
0
1
0
0
0
0
-1
1
2
0
-1
0
0
-2
0
0
0
2
3
0
0
0
0
0
0
0
1
0
0
0
-1
0
-1
-2
1
-1
0
2
2
0
0
0
-2
-1
0
0
0
1
0
0
0
0
0
0
1
0
0
0
0
0
-1
-2
0
0
2
0
0
0
0
-1
0
0
2
0
-1
0
3
1
-1
-2
0
1
0
-1
-1
0
-1
-1
0
0
-1
-1
0
0
0
0
0
3
0
0
0
1
1
0
-2
0
0
1
0
0
-2
0
-1
0
0
0
0
-1
0
2
2
2
1
2
3
1
2
3
-1
0
-2
-2
-1
-3
-3
-4
-4
-3
-2
-3
-3
-4
0
0
-2
0
0
2
4
4
6
3
4
7
6
7
4
3
4
3
3
0
-3
-3
-5
-4
-3
-7
-6
-5
-5
-3
-4
-2
-1
-3
-1
1
1
4
4
0
0
3
4
2
4
4
1
2
1
-2
0
-1
-1
0
-2
-1
0
0
0
0
-1
0
1
0
-1
0
0
0
0
0
1
0
0
-1
-1
1
0
0
0
-4
-1
-1
-1
-1
0
0
1
3
0
0
0
1
1
0
1
0
0
1
0
0
0
-1
0
0
2
-1
0
1
0
0
0
-1
-3
-1
0
0
0
3
2
0
0
0
0
0
0
-2
0
0
0
-1
0
0
0
-1
-2
-1
0
1
1
1
2
2
0
0
-1
1
1
0
0
1
-1
-1
0
-1
-1
0
1
0
-1
0
0
0
0
-3
-2
-1
0
0
0
1
0
2
3
0
2
0
0
2
-1
-2
-2
0
0
-1
0
-3
-1
-1
0
2
0
0
1
0
0
0
0
2
2
0
1
0
0
0
0
0
0
0
-2
0
0
0
-1
0
0
0
0
0
0
0
1
0
-1
0
3
2
0
0
0
1
0
0
0
0
-2
0
0
-1
0
0
0
1
0
2
0
-1
-1
-1
-1
0
0
0
0
-1
-1
0
0
0
0
2
0
0
1
0
0
0
-2
-1
0
1
0
0
1
0
0
0
0
1
1
1
0
0
0
2
1
0
0
0
0
0
1
0
0
0
0
0
0
-1
-2
0
0
-1
-2
0
-1
0
-1
-1
-1
0
2
1
-1
0
-1
0
1
0
2
1
1
1
-1
-2
-1
0
-1
-1
0
0
1
1
0
-1
2
0
1
0
-2
-1
0
1
-1
0
0
1
0
-2
0
0
0
3
1
0
0
0
0
-1
-1
-1
0
1
0
0
2
1
0
1
-1
0
0
-1
0
-2
1
2
0
0
0
-2
0
0
0
0
0
-1
1
0
0
1
0
0
-1
-3
-2
0
0
2
1
2
3
0
0
2
2
0
0
0
1
0
0
0
2
-1
-3
0
-2
-3
-1
0
0
0
0
0
0
0
1
1
0
0
-3
-1
0
-2
-2
-2
-1
0
2
2
0
0
1
1
1
0
1
4
3
3
2
1
1
0
-3
-2
-1
-2
-3
-2
-2
0
-2
0
4
1
1
-1
-1
-1
-2
-2
0
0
1
1
0
0
3
2
2
3
2
-1
-1
0
0
-1
0
0
-1
-2
0
0
-2
0
2
0
1
0
-1
-2
-2
-1
0
2
2
2
2
1
0
0
2
0
0
0
-1
-1
0
0
-1
0
0
1
2
0
0
0
1
-1
-1
-2
-2
0
0
-1
0
1
0
0
1
1
0
0
0
-3
-1
0
0
1
2
1
2
0
0
1
0
-2
0
2
0
1
1
0
0
0
0
0
0
0
0
-1
0
1
0
0
-2
0
0
0
0
0
0
0
0
0
0
1
0
0
0
0
0
0
2
0
0
0
1
1
0
-1
-1
0
0
-1
-1
-1
0
1
1
1
1
1
0
-1
0
0
0
-1
0
0
-1
0
0
-1
1
1
3
2
0
-1
-1
0
0
0
0
-1
0
1
2
1
-3
-3
-1
0
2
0
0
1
0
0
1
-1
-2
-2
0
1
0
1
-1
0
2
1
0
1
0
2
1
0
0
-1
0
0
0
-1
-1
-1
0
0
0
0
0
-1
-1
1
1
1
-1
-1
0
0
1
0
0
0
-1
0
1
0
0
-2
-2
0
-1
1
0
0
1
1
3
0
0
0
0
0
1
0
2
0
0
0
0
0
2
2
0
-1
-1
-2
-3
0
1
0
0
0
1
0
-1
0
2
2
1
0
-2
-2
-1
0
0
0
1
-1
-2
0
1
2
3
1
0
0
-1
0
0
0
0
1
0
0
-2
-1
-1
1
2
1
2
0
-1
0
0
1
2
0
-2
-3
-1
1
1
1
0
1
1
-3
-2
-2
-4
-2
-1
0
0
1
1
1
2
3
3
1
2
0
-1
0
1
0
0
0
0
2
0
0
0
1
1
1
0
-1
-1
-2
-4
-6
-5
-2
0
-3
-1
0
-1
-1
-1
0
1
1
3
1
0
0
-1
0
0
0
2
1
3
3
3
3
3
4
4
3
3
0
0
0
0
0
0
0
0
0
-1
-2
-2
-1
-3
-2
-3
-2
0
-2
-2
-2
-4
-4
-4
-2
-2
-1
0
0
-1
-2
-1
0
0
0
0
0
-1
-1
0
3
5
2
3
4
4
4
0
0
1
2
0
-2
0
0
0
0
0
0
-1
1
1
-1
-1
-2
0
0
-1
-1
-1
0
0
0
0
1
0
0
2
1
-1
0
-1
1
2
0
0
0
-1
0
1
0
-3
-3
0
0
0
0
0
-1
0
-1
-2
0
0
0
0
1
1
1
1
0
0
0
2
0
0
0
0
1
0
-1
0
0
0
-1
-2
-1
-1
0
0
0
0
0
0
1
1
0
0
0
0
-1
1
1
0
1
0
0
0
0
0
-1
0
0
-1
0
0
1
0
-2
-1
-1
-1
-1
1
1
-1
0
0
1
1
0
1
1
0
0
0
0
0
0
1
1
1
1
0
0
0
-1
0
-1
0
0
-2
-2
-1
0
-1
0
0
2
1
-1
-1
1
2
1
1
0
0
0
0
0
2
0
0
0
0
0
0
0
0
-1
0
0
-1
0
0
-2
-1
0
-1
0
1
0
0
1
-1
0
1
0
0
0
-1
0
0
-1
0
0
0
0
1
0
-1
0
-1
0
0
1
1
0
2
0
0
1
0
2
0
-1
0
0
0
-1
0
0
0
-3
-2
0
-1
0
0
2
2
0
0
0
0
1
0
0
1
-1
0
-1
0
0
-1
0
-2
0
0
-1
0
-1
0
0
0
-1
0
0
-1
2
0
1
0
-2
1
2
1
0
1
1
2
1
1
0
0
0
-1
1
1
1
0
0
0
0
-1
0
0
-2
0
0
0
-2
-1
0
0
0
0
0
0
2
1
-1
0
1
0
0
0
1
-1
-2
0
1
0
-1
-1
0
0
0
0
0
1
0
0
2
2
0
2
2
1
0
0
0
-1
-1
0
0
0
0
1
0
-1
0
-1
0
0
-1
0
1
0
0
-1
0
1
0
0
0
0
0
0
0
0
0
0
0
0
-2
-2
0
1
1
1
0
0
-1
0
1
0
0
1
2
0
0
0
-1
0
0
0
0
0
-1
-2
-1
0
0
0
2
0
0
0
0
0
0
-1
-1
1
1
1
0
0
0
0
0
0
-1
-2
0
0
-1
-2
0
0
0
-1
0
3
0
0
0
0
0
0
0
0
0
0
0
-1
0
0
-1
-1
-2
0
1
0
0
0
0
0
1
0
0
0
-1
-1
-2
0
2
1
0
0
0
0
0
0
1
0
0
0
-1
0
-2
0
-1
0
0
0
0
0
0
1
0
0
1
0
0
2
0
-1
-2
0
1
2
0
0
0
0
0
0
-1
0
0
-1
0
0
0
0
0
-1
0
0
0
-1
0
1
2
0
-1
0
-2
0
1
0
0
1
0
0
0
0
0
1
1
0
0
0
0
-1
0
0
1
0
-2
0
0
0
0
0
0
0
0
0
0
0
0
2
3
0
-2
-1
0
0
-1
0
-1
-1
0
0
0
0
0
1
1
0
0
0
2
0
0
0
-1
3
2
1
0
-2
0
0
0
0
-1
-1
-1
-1
0
0
0
0
0
0
-1
-1
0
1
0
-1
1
1
0
1
0
-2
1
1
-2
0
1
1
2
0
-2
0
1
-1
-1
0
0
0
0
-1
0
1
0
0
1
0
-1
-1
-2
0
0
0
0
0
0
0
-1
-1
0
0
0
0
0
0
1
0
0
1
2
1
0
1
2
0
0
0
0
1
0
0
-1
-2
0
0
0
0
1
1
0
0
1
0
0
0
0
-1
-1
0
1
1
0
0
0
0
0
-1
-2
-1
0
-1
0
0
0
0
-1
1
-1
0
0
1
3
1
0
0
0
0
0
0
-1
0
2
0
-1
0
0
0
0
0
-1
-1
0
1
0
0
1
0
0
0
0
0
0
0
0
0
0
-1
0
1
0
-1
0
0
-1
-1
0
1
0
0
0
0
-1
0
0
1
0
0
0
0
0
0
0
0
0
1
0
-2
-1
-1
0
0
2
0
0
0
-1
0
0
0
0
2
1
0
0
1
0
-1
0
1
1
0
1
2
1
0
0
-1
-2
0
0
-1
0
0
0
0
0
0
1
1
0
-2
-1
0
0
0
0
0
0
0
0
1
0
0
0
-1
-2
-2
-2
-1
0
1
0
0
2
0
0
0
0
0
0
1
0
1
0
1
1
1
1
1
0
0
0
0
0
2
0
-1
-1
-2
0
0
1
0
-1
0
-1
0
0
0
-1
0
0
0
-1
0
0
-1
0
0
0
0
0
0
-1
0
-2
0
1
2
1
0
1
1
0
0
1
0
0
0
0
1
0
0
0
-1
1
0
1
0
0
1
0
0
0
0
0
0
0
0
0
0
-2
-1
0
-2
-2
0
0
-1
0
0
0
0
0
0
0
0
0
1
1
0
0
0
0
1
2
1
1
1
0
0
0
0
-1
1
0
-1
0
0
-1
-1
-1
0
0
0
0
1
0
0
0
-1
0
-1
0
0
0
0
0
0
0
0
0
-2
0
0
-1
0
1
0
0
0
0
1
1
0
1
-1
1
0
0
0
1
0
0
-1
-1
0
0
0
0
-2
0
0
0
0
0
-1
0
0
-1
0
0
-1
0
0
0
0
0
0
0
0
0
0
0
2
2
0
0
0
-2
2
0
0
0
0
0
1
0
0
0
-1
0
0
-1
0
2
0
-1
0
-2
0
0
0
1
-1
0
0
0
1
0
0
0
-1
0
2
0
1
0
0
0
0
0
2
-1
-1
0
0
0
0
0
0
0
0
0
0
-1
0
1
-1
0
0
0
2
0
0
0
0
0
0
2
0
0
0
0
0
2
0
0
-2
0
0
-2
0
-1
0
0
0
0
0
0
0
0
0
0
0
0
1
0
0
0
-1
0
0
2
2
1
0
0
1
0
0
0
1
0
0
0
-1
0
0
0
0
0
1
1
-1
1
0
0
0
-2
-1
0
0
0
0
0
-1
-1
1
-1
0
1
-1
0
0
0
0
-1
0
0
-1
0
0
1
1
0
1
0
-1
-1
0
-1
0
0
1
1
2
0
0
1
0
0
0
-1
0
1
0
-1
0
1
0
-2
0
0
1
0
0
-1
0
1
-1
-2
0
0
0
0
-1
0
0
0
0
-1
0
1
0
0
0
0
0
0
0
0
0
0
0
0
0
1
0
0
0
0
0
0
0
1
0
-1
0
0
0
-1
1
1
0
0
0
0
0
1
-1
0
0
0
0
1
0
-1
0
0
-1
0
0
0
0
0
0
-1
0
0
0
0
0
0
0
0
0
0
0
-1
0
0
0
0
0
0
0
0
0
-1
0
0
-1
1
0
0
1
0
0
1
0
-1
0
0
0
0
0
0
1
-1
0
0
0
1
-1
0
0
0
0
0
0
-1
0
0
0
0
0
1
0
0
0
0
1
0
0
0
1
0
-1
0
0
0
0
0
0
2
0
0
0
-1
0
0
0
0
0
-2
-1
0
-1
0
0
0
1
0
0
0
0
0
-1
-1
1
0
1
1
0
1
0
0
0
-2
0
0
0
1
0
0
1
0
0
0
0
1
0
0
-1
0
0
0
0
-1
0
-1
0
0
0
0
0
0
-1
1
0
0
0
0
0
0
0
0
0
0
0
0
0
0
0
0
0
0
0
0
-1
0
0
0
1
0
0
1
0
0
0
0
0
0
1
0
0
1
0
0
1
0
0
-1
-3
0
0
0
0
0
0
0
0
-1
0
0
0
0
0
1
0
0
0
0
1
1
0
2
-1
0
0
0
0
0
0
0
0
0
0
0
0
-1
0
0
1
0
0
0
0
0
0
0
0
0
0
-1
1
0
0
0
-2
0
0
0
0
1
1
0
0
1
1
0
0
0
1
0
0
0
-1
0
0
-2
0
0
-1
-2
-1
0
0
1
0
0
0
-1
0
0
0
1
1
0
0
0
0
2
0
1
1
0
0
-1
0
0
0
-1
-2
0
0
1
3
0
0
0
1
1
0
0
0
1
0
1
2
0
0
-2
0
0
-1
-2
0
-1
-1
0
0
0
0
-1
0
0
-1
0
0
1
0
0
1
1
1
0
0
2
0
-1
0
1
0
-1
0
0
-1
0
-1
0
1
0
0
0
-1
0
0
0
0
0
-1
0
0
0
0
0
0
0
0
1
0
1
1
-1
2
2
-2
0
0
1
0
0
0
0
0
0
0
1
-1
-2
0
-1
0
0
0
1
0
1
1
0
0
-2
0
0
0
0
0
0
0
0
0
0
0
1
0
0
0
0
0
-1
0
1
0
-1
0
0
0
0
0
0
0
0
0
-1
0
1
0
0
-1
-1
0
1
0
0
0
0
1
0
1
0
-2
0
-1
0
-1
-1
0
0
0
-1
0
0
0
0
0
0
0
1
1
2
0
0
2
0
1
0
0
1
-1
0
-1
-1
1
0
0
0
0
0
0
0
-1
-1
0
0
-1
1
0
1
2
0
0
0
0
-1
-1
-1
0
0
-1
-1
-1
-1
-1
0
0
1
1
0
1
1
1
0
1
1
0
0
0
0
-1
0
1
0
0
0
0
0
0
2
0
0
0
0
-1
-1
0
0
0
-1
-1
0
0
0
0
-1
0
1
2
2
0
1
0
0
-1
0
0
0
0
0
2
1
0
-1
-1
0
0
0
1
0
0
0
-1
-1
0
0
0
0
0
0
0
-1
0
0
1
1
0
1
0
-1
0
-1
-1
0
0
0
0
0
0
-2
0
1
0
0
0
0
0
0
0
-1
0
1
0
0
-2
0
1
0
0
0
0
0
-1
0
0
-1
0
1
0
0
0
0
0
0
2
1
-1
-2
-1
0
1
-1
0
0
1
0
-1
0
0
0
1
0
0
0
0
0
1
0
0
1
0
0
0
0
0
1
1
0
1
0
0
0
0
0
0
0
0
0
-1
0
-1
0
0
1
0
-1
-1
0
0
-2
0
0
0
0
0
0
0
0
0
0
0
0
0
0
0
0
0
1
0
-1
0
0
-1
0
0
0
0
0
0
1
0
-1
0
0
0
2
0
0
1
-1
-1
-1
0
0
-3
0
0
0
0
0
1
0
-1
0
0
-1
-1
0
0
0
-1
0
0
0
2
1
0
0
0
0
0
0
0
1
0
1
2
2
0
0
1
0
0
0
0
0
-2
0
0
-1
0
-1
0
0
0
0
0
0
0
0
0
1
0
0
0
0
0
0
0
0
0
-1
0
0
-1
0
0
0
0
0
1
1
1
0
0
0
0
0
0
0
0
0
1
2
1
0
-1
0
0
-1
-1
-2
1
0
0
0
-1
0
0
2
1
0
0
-2
0
0
0
0
0
-1
0
0
0
0
0
0
0
3
0
0
0
-2
0
0
2
0
1
0
-2
-3
-1
0
0
0
1
1
-1
0
0
0
0
0
0
0
2
0
0
0
0
1
0
-1
0
0
0
0
0
0
0
1
0
0
0
0
0
-1
1
1
-2
0
0
0
-1
-1
0
0
0
0
0
0
0
0
2
2
0
0
1
2
1
0
0
0
0
0
-2
-1
-1
-1
0
-1
0
1
0
0
0
-1
0
0
-1
-1
-1
0
0
0
0
0
0
1
1
0
0
0
1
0
0
0
0
2
0
1
0
0
0
-1
0
0
1
-1
-1
1
1
0
0
2
1
0
0
-1
0
-1
-2
0
0
0
0
0
0
0
0
1
3
0
-1
-1
0
-1
-2
0
-1
-1
1
2
1
0
0
1
1
0
1
1
0
-1
-3
-2
-2
-1
0
0
0
0
0
0
0
0
1
0
0
0
0
-1
0
0
0
1
3
3
2
2
0
-2
0
-1
-2
0
-1
-2
-2
1
0
0
0
0
0
0
-1
-2
0
1
0
0
2
2
1
0
0
0
-1
-2
0
0
0
0
1
1
0
0
0
0
1
1
0
0
1
1
1
0
-1
0
0
0
0
0
-2
-1
-1
0
-1
0
0
0
0
0
0
0
0
2
1
0
0
2
1
1
0
0
1
0
2
2
-1
-1
0
0
0
-1
-1
-4
-4
0
-1
-2
0
0
0
0
0
1
1
1
1
1
1
0
0
0
0
0
0
1
0
0
0
-1
-1
-2
-2
-2
-1
0
0
-1
0
0
0
1
0
0
0
0
0
0
1
3
1
2
3
0
0
1
0
-1
0
-1
-1
-1
0
-1
-3
-1
0
0
1
1
-2
-1
0
0
0
0
0
-1
1
1
4
1
0
2
1
2
1
0
-3
-1
0
0
0
-1
-2
-1
0
0
1
1
0
-1
-1
0
0
0
0
0
-1
1
1
-1
0
0
1
3
3
2
1
0
1
0
-2
-3
-2
-3
-5
-2
0
2
1
1
3
0
-1
0
-1
0
-2
0
0
0
1
2
0
0
2
0
0
0
0
0
0
1
1
2
0
-1
-1
0
-1
0
0
0
0
0
0
-1
-1
0
0
0
0
0
0
1
-1
-3
0
0
0
2
1
-4
-6
-4
-2
-1
3
1
-2
0
0
-1
0
2
2
1
3
2
1
2
3
4
3
2
2
3
1
2
1
-2
0
3
2
1
0
-6
-8
-5
-5
-6
-7
-8
-5
-2
-1
-3
-4
-4
0
3
2
1
0
0
0
1
3
2
3
7
5
3
2
1
3
3
0
0
0
0
-1
-1
1
2
0
0
0
0
2
1
1
0
-4
-4
-1
0
-1
-2
0
-1
-2
-1
-2
-1
-1
0
0
0
2
0
0
1
0
0
0
1
0
1
2
0
-2
-1
0
2
3
4
1
-1
-2
-4
-3
1
4
2
1
0
-3
-3
0
0
2
1
-1
-3
-4
-2
0
0
1
1
0
0
0
1
0
0
-2
0
4
4
2
-3
-3
0
-1
0
2
4
2
0
-1
-3
-4
-3
0
3
5
4
0
-1
-1
-4
-4
-3
2
4
3
2
-3
-4
-5
-4
-1
2
5
4
4
1
-3
-4
-3
0
2
2
4
4
1
-2
-4
-6
-4
1
3
4
7
5
-2
-7
-6
-4
1
1
3
4
0
0
-1
-4
-3
0
1
4
2
-1
0
-1
-2
0
0
-1
2
0
-2
0
0
0
0
-1
0
1
0
0
2
3
3
1
-1
0
-1
-3
0
0
1
2
0
-1
0
-2
-1
-2
-1
1
0
0
1
2
0
-2
-3
-1
-2
2
2
0
0
-1
0
-1
0
1
2
4
1
0
0
-1
0
0
0
0
1
0
0
0
-1
-1
-2
-1
2
0
0
0
1
0
-1
0
0
0
-2
-2
0
3
4
1
0
0
0
0
1
-3
-2
2
1
0
0
0
0
-1
-1
0
1
1
1
0
-1
0
0
-1
2
2
0
0
0
0
0
-3
-1
0
0
0
0
-1
-2
0
0
0
2
0
0
0
0
1
1
0
-1
0
0
0
0
0
0
0
0
1
-1
0
0
0
0
0
0
0
0
0
-1
0
-2
0
0
0
0
1
0
-1
0
1
2
0
0
0
-2
0
0
0
-1
1
3
3
0
0
0
0
-1
-2
-1
0
0
0
0
0
-1
0
0
0
0
-1
-2
-1
0
0
1
1
1
0
0
0
2
0
-2
-3
-2
0
0
0
1
1
2
1
0
0
-1
0
-1
0
0
0
-1
0
2
1
0
0
-2
0
0
0
0
-1
0
0
0
0
0
-1
-2
-1
0
0
1
0
0
1
1
2
2
0
0
0
0
0
0
0
1
1
0
-1
0
-1
0
1
0
0
0
1
1
0
0
-1
0
0
-1
-1
-1
-1
-3
-1
0
0
0
1
1
0
1
0
0
1
-1
-1
1
0
0
2
0
0
2
2
0
0
0
0
-1
0
0
0
0
1
-1
-1
0
0
-1
-1
0
0
0
0
0
0
-2
0
0
0
-1
-1
1
0
2
1
0
0
1
1
0
-2
0
0
1
0
-1
1
0
0
0
0
0
0
1
-1
0
-1
0
0
0
0
1
1
0
0
0
0
-1
0
0
0
1
2
1
2
3
2
0
-2
-3
-2
-2
-3
-2
-1
0
2
1
1
2
3
2
0
-1
-1
0
0
-1
-1
0
0
0
0
2
0
0
0
-1
-1
-1
0
0
-1
0
-1
0
0
0
0
0
0
0
0
0
0
0
0
1
0
0
0
-1
0
0
-1
-1
0
0
-1
-2
0
0
0
0
1
0
1
2
1
1
1
2
-1
1
0
0
1
0
1
1
1
0
0
0
2
1
-1
-2
-3
-2
-1
-2
-2
-3
-4
-3
-2
-5
-2
-1
-2
-2
-1
-1
0
1
0
0
1
4
4
7
7
4
2
3
4
3
3
4
4
1
0
0
0
-1
-2
-1
-2
-1
-3
-2
-2
0
-2
-2
-1
-2
-3
-2
-2
0
-1
-3
-3
-1
0
-1
-2
0
1
0
-1
0
0
2
1
3
4
5
5
3
4
3
1
0
1
3
0
-1
-3
-3
-3
-6
-6
-4
-4
-3
-3
-2
-2
-1
0
2
0
1
4
4
4
4
5
6
4
3
0
1
2
0
-1
-1
-2
-1
-3
-3
0
-1
-1
-2
-4
-1
-1
-2
-2
0
0
0
-1
0
1
1
1
1
0
0
2
1
0
0
0
0
0
0
0
-1
0
1
1
1
1
0
2
1
0
0
0
1
1
0
0
1
0
0
0
-2
-2
-2
-3
-1
-1
-1
-1
-1
0
1
1
1
0
0
0
0
0
0
0
0
0
1
0
1
1
-1
0
0
0
0
0
0
0
0
1
1
0
0
-1
0
0
0
0
1
0
0
0
-1
0
0
-3
-1
-1
-1
-1
-1
0
1
-1
0
1
-1
1
0
1
0
2
1
0
1
1
0
1
0
0
0
0
0
0
0
1
0
0
0
0
0
0
0
0
-1
-1
0
0
1
0
0
0
-1
0
0
-1
0
0
0
0
0
0
0
0
0
2
0
0
1
-2
0
1
0
1
0
0
0
0
1
0
0
0
-1
0
0
0
0
-1
0
0
1
1
0
-1
0
-1
0
0
0
0
1
0
0
0
0
0
0
0
0
0
0
0
-1
1
1
0
1
1
0
0
0
1
0
0
1
1
-1
0
0
-1
0
0
0
0
0
-1
0
0
0
0
-2
0
1
-1
-1
0
0
0
0
-1
-2
0
0
0
-1
1
1
1
0
0
2
4
1
0
0
-2
0
0
-1
0
0
-1
0
0
0
0
0
0
-1
-1
-1
0
0
0
0
-3
-1
1
-1
1
1
0
0
0
0
1
0
1
0
0
0
0
0
-1
0
0
-3
-1
-2
0
2
0
0
0
-2
0
0
-1
2
0
0
1
1
1
1
1
0
0
-1
-1
-1
-1
-1
0
1
2
1
-1
2
2
0
0
0
0
0
0
1
-1
0
0
1
0
0
0
-1
0
0
1
1
0
-2
-2
1
0
0
0
-1
0
0
0
0
0
0
-1
0
-1
-1
-1
0
0
0
3
3
0
-1
0
1
0
0
0
1
2
-1
-1
0
0
0
0
0
0
2
0
-1
-1
0
0
0
0
-2
-1
-1
0
0
0
1
0
-1
0
1
1
3
1
0
-2
-2
-1
0
-1
0
0
-1
2
1
2
2
1
0
0
1
0
0
-1
0
0
0
0
-1
0
0
0
0
-1
-1
-1
0
1
1
-1
0
0
-2
0
-1
-1
0
0
0
0
1
0
0
1
1
0
-1
-2
-3
-1
0
1
1
0
0
1
0
0
0
0
-1
0
2
0
0
0
0
-1
-1
-1
0
1
0
0
2
2
2
0
-1
1
0
-2
-2
-1
-2
-1
0
0
0
0
0
2
0
0
0
0
-1
0
0
0
1
0
1
0
0
1
0
1
1
0
0
0
0
-2
0
0
-2
0
0
0
-1
0
2
0
-1
-1
0
0
0
0
0
0
2
2
0
1
0
0
0
0
-1
0
1
1
1
1
1
0
0
0
0
0
0
0
0
0
1
0
-1
-1
0
0
-1
-1
0
0
0
0
0
1
0
0
0
-1
0
0
-1
0
-2
0
0
0
0
1
1
0
0
1
0
0
1
1
1
1
2
1
0
0
0
0
-1
-1
-3
-2
-1
-1
0
0
0
0
1
0
0
0
0
0
0
0
1
0
0
-1
0
0
-1
0
0
0
0
0
0
0
0
0
0
0
0
0
0
0
0
0
1
0
0
0
0
0
0
0
-1
-1
0
-2
-1
-1
-1
0
-1
0
1
2
2
1
0
0
1
0
0
-2
0
0
0
0
0
0
1
0
0
0
0
0
0
0
0
0
1
1
0
0
0
-1
0
0
0
0
0
0
-2
0
-1
-1
0
1
1
0
0
0
0
-1
0
0
0
0
0
0
0
0
1
1
1
0
1
0
-1
-1
-1
0
0
0
0
0
-1
0
2
1
0
0
0
0
0
0
1
0
0
0
0
0
-1
-2
-1
0
0
0
0
0
0
-1
0
0
0
0
1
1
1
0
0
1
0
0
-1
0
0
1
1
0
0
-1
0
0
0
0
0
0
0
0
-1
0
0
0
0
0
1
0
3
2
1
0
0
0
-1
0
0
-2
0
0
0
0
0
-1
-1
-2
-2
0
1
1
0
0
-1
-1
0
0
0
0
0
1
0
1
2
1
1
1
0
0
0
0
0
-1
-1
0
0
0
0
0
0
0
1
-1
-1
0
0
-1
-1
0
0
0
-1
0
-1
-1
1
0
0
0
0
0
-1
0
0
0
1
1
3
2
2
2
0
0
0
1
1
0
0
-1
-1
-2
-1
0
0
1
