0
0
0
0
0
0
0
0
0
0
0
0
0
0
0
0
0
0
0
0
0
0
0
0
0
0
0
0
0
0
0
0
0
0
0
0
0
0
0
0
0
0
0
0
0
0
0
0
0
0
0
0
0
0
0
0
0
0
0
0
0
0
0
0
0
0
0
0
0
0
0
0
0
0
0
0
0
0
0
0
0
0
0
0
0
0
0
0
0
0
0
0
0
0
0
0
0
0
0
0
0
0
0
0
0
0
0
0
0
0
0
0
0
0
0
0
0
0
0
0
0
0
0
0
0
0
0
0
0
0
0
0
0
0
0
0
0
0
0
0
0
0
0
0
0
0
0
0
0
0
0
0
0
0
0
0
0
0
0
0
0
0
0
0
0
0
0
0
0
0
0
0
0
0
0
0
0
0
0
0
0
0
0
0
0
0
0
0
0
0
0
0
0
0
0
0
0
0
0
0
0
0
0
0
0
0
0
0
0
0
0
0
0
0
0
0
0
0
0
0
0
0
0
0
0
0
0
0
0
0
0
0
0
0
0
0
0
0
0
0
0
0
0
0
0
0
0
0
0
0
0
0
0
0
0
0
0
0
0
0
0
0
0
0
0
0
0
0
0
0
0
0
0
0
0
0
0
0
0
0
0
0
0
0
0
0
0
0
0
0
0
0
0
0
0
0
0
0
0
0
0
0
0
0
0
0
0
0
0
0
0
0
0
0
0
0
0
0
0
0
0
0
0
0
0
0
0
0
0
0
0
0
0
0
0
0
0
0
0
0
0
0
0
0
0
0
0
0
0
0
0
0
0
0
0
0
0
0
0
0
0
0
0
0
0
0
0
0
0
0
0
0
0
0
0
0
0
0
0
0
0
0
0
0
0
0
0
0
0
0
0
0
0
0
0
0
0
0
0
0
0
0
0
0
0
0
0
0
0
0
0
0
0
0
0
0
0
0
0
0
0
0
0
0
0
0
0
0
0
0
0
0
0
0
0
0
0
0
0
0
0
0
0
0
0
0
0
0
0
0
0
0
0
0
0
0
0
0
0
0
0
0
0
0
0
0
0
0
0
0
0
0
0
0
0
0
0
0
0
0
0
0
0
0
0
1
0
0
0
0
0
-1
0
0
0
0
0
-1
0
0
-1
0
-3
-1
0
0
0
0
0
0
-1
0
1
0
0
0
0
1
1
0
1
1
1
3
3
2
1
0
0
1
0
0
1
1
0
0
0
0
-1
0
-3
-1
-1
-3
-2
-1
-1
-1
-1
-1
0
0
-1
-2
-1
-1
0
0
1
0
-1
-1
-1
0
1
1
-1
0
1
0
2
1
1
2
1
1
2
2
1
2
2
2
2
1
0
1
0
0
0
-1
0
0
-1
-1
0
-1
-2
-1
-1
-3
-1
-2
-1
0
0
-1
-2
0
0
0
0
1
1
1
0
0
1
1
1
0
1
2
2
0
2
1
0
0
-1
0
-1
0
0
-1
0
0
-1
0
-2
-1
0
-1
0
0
0
0
0
0
0
-2
-1
0
0
0
-1
0
1
0
0
0
0
-1
0
0
0
0
1
0
0
1
0
0
2
1
0
0
0
1
0
-1
0
-2
0
0
0
0
0
0
0
-1
0
0
0
0
-1
0
0
0
0
0
1
0
-1
0
0
0
1
0
0
0
0
0
0
0
0
-1
0
0
0
0
0
0
1
0
1
0
-1
0
-2
0
0
0
1
0
-1
0
0
0
0
0
0
0
0
0
0
0
0
0
-1
1
0
0
-1
0
0
0
0
0
0
1
0
-2
-1
1
0
0
0
0
0
0
0
0
0
0
-2
0
0
0
0
0
0
0
0
0
0
2
0
0
-1
0
0
0
0
0
0
0
0
0
0
0
0
0
0
0
0
0
0
1
0
0
1
1
0
0
0
0
0
0
0
-2
-2
0
-1
0
0
0
0
0
0
-1
0
0
-1
0
2
1
0
1
2
0
0
0
0
0
-1
0
0
1
0
0
0
0
1
0
0
0
0
0
0
1
0
-1
-1
-1
0
1
1
2
0
0
0
0
0
0
-1
-1
-2
0
1
0
0
0
0
1
0
1
0
-1
0
0
0
0
0
0
0
1
1
0
0
0
0
0
0
0
0
0
0
1
0
-1
0
-1
-1
1
0
0
1
0
0
0
1
1
0
0
-2
0
0
0
0
0
0
0
-1
0
-1
0
0
-1
0
1
0
0
0
-1
1
0
0
0
0
0
-1
0
1
0
0
0
-1
0
0
0
-1
0
0
0
0
0
1
0
0
0
1
1
0
0
0
0
0
0
0
1
0
0
0
0
0
0
0
-1
0
0
0
0
0
0
0
0
0
0
0
1
2
0
0
0
-1
0
0
0
-1
-1
0
0
0
0
-1
0
0
-1
0
0
0
0
1
0
0
0
0
0
0
0
0
0
0
1
0
0
0
-1
0
0
0
0
0
0
0
-1
0
0
0
0
0
0
0
0
0
0
0
-1
0
1
0
-1
0
0
1
0
0
0
0
0
0
0
0
-1
1
0
0
2
0
0
-1
1
1
-1
0
0
-1
1
0
0
1
0
1
0
-1
0
0
0
0
-2
0
0
0
1
0
-1
0
-1
0
1
0
0
0
-1
0
0
0
0
0
0
0
0
0
0
0
0
-1
1
0
0
1
1
0
0
0
0
-1
0
2
0
-1
0
0
2
0
0
0
0
0
0
0
0
0
-1
0
0
0
0
0
0
0
0
0
1
0
0
-1
0
0
0
0
0
0
0
0
0
0
0
0
0
1
0
0
0
0
-1
0
0
0
0
0
0
0
0
0
-1
0
0
-1
0
0
0
1
1
1
1
0
0
-1
0
1
0
0
0
-1
0
0
0
0
0
0
0
1
-1
0
0
0
-1
0
0
-1
0
0
0
0
0
0
0
1
0
0
0
1
0
0
0
0
0
0
0
1
0
0
0
0
0
0
0
1
0
0
0
-1
0
0
0
0
0
-1
0
1
0
0
0
0
0
-1
0
1
0
-1
1
0
0
0
0
0
0
0
0
1
0
0
0
0
0
0
1
0
0
0
-1
0
1
0
0
0
-1
0
2
0
0
0
0
0
0
-1
-1
-1
0
0
0
1
0
0
1
0
0
1
1
0
0
1
-1
0
0
0
0
0
0
-1
0
0
0
2
-2
-3
0
0
1
0
0
0
0
1
1
0
-1
0
-1
0
0
0
1
0
0
0
0
0
0
0
0
0
-2
0
1
0
3
1
-1
-1
0
0
-2
-1
0
-1
0
0
0
0
0
-1
0
0
0
0
0
0
1
0
-1
0
0
0
1
-1
0
1
-1
0
0
0
0
0
0
0
0
-1
0
0
0
0
0
0
0
0
1
1
0
0
1
0
0
1
0
0
-1
0
0
0
-2
-3
0
1
0
0
0
0
0
0
0
-1
0
0
0
0
0
0
1
0
0
0
0
2
0
0
0
-1
-2
0
0
-1
-1
0
0
0
0
1
0
-1
0
1
1
0
0
-1
1
1
0
1
-1
0
1
0
0
0
0
0
0
0
0
-1
0
0
0
-1
0
1
0
-1
0
0
0
-1
0
0
0
1
0
1
0
0
2
0
0
0
-1
0
0
0
0
0
0
0
-1
0
0
0
0
0
0
0
0
0
-1
0
0
1
0
1
0
0
1
1
0
0
1
0
0
0
-1
0
0
1
0
0
1
0
-1
0
0
-1
0
0
0
1
0
0
0
-1
0
0
0
1
0
0
0
-1
0
0
0
1
2
1
0
0
0
0
-1
0
0
0
0
-1
-1
0
0
0
0
0
0
0
0
-1
0
0
1
1
0
0
0
0
0
0
0
0
0
0
0
0
0
0
0
0
1
0
-1
0
0
1
0
0
1
0
0
0
0
0
0
0
0
0
0
0
0
0
0
0
0
0
-1
0
0
0
0
-1
0
0
-1
0
0
0
0
0
1
1
-1
1
0
1
0
-1
1
1
-2
0
0
-2
0
0
0
1
1
1
-2
0
1
0
0
0
-1
0
1
0
0
0
0
-1
-1
0
0
0
0
0
0
0
0
0
0
0
0
1
1
0
2
0
0
0
1
-1
-3
0
1
0
0
0
-1
0
0
0
-1
0
0
0
0
2
0
-1
0
0
0
0
0
-1
-1
1
0
0
0
0
-1
0
1
0
0
0
0
0
1
0
0
-1
1
2
0
0
0
-1
1
0
0
0
0
1
0
2
0
0
-1
0
1
0
-2
-1
0
0
0
0
0
-1
-1
0
2
0
0
0
1
0
1
0
-2
0
0
0
-1
0
0
0
0
0
0
0
-1
1
0
-1
0
0
0
0
-1
1
1
1
0
-1
2
0
0
0
0
0
0
-1
-1
-1
0
1
0
1
0
0
0
0
2
0
-2
0
0
0
0
-1
0
2
1
1
0
0
0
0
0
0
-1
1
0
0
0
-1
0
0
0
0
0
0
0
0
2
0
0
0
0
0
0
0
1
0
-1
0
0
0
0
-1
-1
0
0
0
0
1
1
0
0
0
2
0
0
-1
0
0
0
0
0
0
0
0
-1
0
1
0
-1
0
0
0
0
0
0
0
0
0
0
-1
0
0
-1
0
2
-1
0
2
1
0
0
0
1
0
0
0
1
1
0
0
0
0
0
0
0
0
0
0
0
0
0
0
0
-1
0
0
0
0
0
0
0
0
0
0
0
-1
0
0
0
0
-1
0
0
0
1
0
0
1
0
1
1
0
-1
1
0
0
1
0
0
0
0
0
0
-1
1
0
0
0
1
0
0
0
0
0
0
-1
0
0
0
0
0
0
0
0
0
0
-1
0
0
0
1
0
0
0
0
0
-1
0
-1
0
1
0
-1
0
2
0
-1
0
0
0
0
0
0
0
0
0
0
0
0
-1
0
0
0
0
0
1
0
1
0
0
0
0
0
0
0
0
0
0
0
0
0
-1
-1
0
1
0
0
0
0
0
0
0
1
0
1
1
0
0
0
0
0
0
1
0
0
0
0
-1
-2
0
0
0
0
0
-1
-1
0
0
0
0
0
0
0
0
0
0
1
1
0
-1
1
1
-1
1
0
0
0
0
3
0
0
1
1
0
0
0
-1
0
0
1
0
-1
0
0
0
-1
0
-1
-1
0
0
-1
0
-1
0
0
-1
-1
0
0
1
0
0
1
0
0
0
0
0
1
0
0
1
0
0
0
1
0
0
1
0
-1
-3
0
0
0
1
0
0
-2
-1
-1
0
0
0
0
1
0
0
1
0
0
0
1
0
0
2
0
0
0
0
0
0
0
0
0
-3
-1
-1
0
-1
0
0
0
0
0
0
0
0
0
0
-1
1
1
1
0
0
0
-1
0
0
0
0
0
0
1
0
-1
0
0
0
0
0
1
0
0
0
0
0
1
2
0
-1
0
-2
-1
0
0
-1
0
0
-1
-1
-1
0
0
0
1
0
0
0
1
1
0
-1
0
0
0
0
0
0
0
0
0
1
0
1
0
-1
0
0
-1
0
0
0
0
0
0
1
1
0
-1
0
0
0
0
0
0
1
0
0
0
0
-1
0
-2
0
1
-1
1
1
0
0
0
0
0
0
0
0
0
-1
0
0
0
-1
-1
0
-1
0
0
1
2
0
0
0
0
0
0
0
0
0
0
0
0
-1
-1
0
-1
0
0
0
0
1
0
0
0
0
1
0
0
0
-1
0
0
0
0
0
0
1
0
0
0
0
0
0
0
0
-1
0
0
0
0
-1
1
0
0
0
0
1
0
-1
0
0
0
0
0
-2
-1
0
0
0
1
1
0
0
0
0
0
2
2
1
0
1
-1
0
0
0
0
0
0
0
-2
0
1
-1
0
0
-2
0
0
0
0
-1
0
0
0
0
0
0
0
1
1
0
0
0
0
0
0
-1
0
0
0
-2
0
1
0
0
1
0
0
0
-1
0
0
0
0
1
0
2
0
-2
1
0
0
-1
0
1
1
0
0
0
0
-1
3
-2
0
-1
-2
1
-4
4
6
1
-8
20
-19
4
-1
-3
3
-9
-2
7
-5
0
-1
0
3
-1
0
3
-1
-1
0
-3
11
-18
21
-14
9
0
-11
24
-23
8
4
-6
1
-2
-2
21
-17
2
2
2
12
-18
1
15
-4
-11
6
-9
14
-8
-3
9
-15
1
13
-6
-9
-2
7
-3
1
-12
3
15
-19
10
-4
-8
19
-5
-12
3
2
16
-9
-4
0
6
12
-7
2
0
-2
10
-3
-18
21
23
-26
-50
-5
110
39
-139
-96
128
171
-75
-196
18
196
31
-162
-79
115
76
-92
-99
39
62
-9
-67
-17
34
0
-14
-5
11
6
5
3
12
21
29
7
-19
1
38
24
-20
-20
27
22
-23
-18
16
30
-14
-27
0
8
-2
-12
3
-11
-22
-14
5
0
-15
-3
-1
-4
-13
6
22
1
-22
-12
22
11
-4
-10
-2
4
0
-6
-6
5
0
0
8
2
0
0
5
8
6
-1
-6
6
8
7
2
-1
-4
0
8
-3
-5
-7
3
1
-5
1
0
0
-4
3
2
-5
-8
1
13
0
-5
-3
4
3
2
8
-3
-4
0
0
-5
-5
4
0
-13
-13
5
12
-5
-10
-3
6
5
1
0
2
3
4
4
0
0
3
1
0
0
-3
-2
0
2
-1
-4
-4
0
4
3
-2
-5
0
3
4
-2
-3
1
2
2
-2
-4
-1
4
4
-5
-5
-1
4
1
-5
-3
1
3
0
-4
-1
2
3
1
-1
-1
1
3
1
0
-2
0
1
0
0
0
-1
0
0
-1
-1
0
0
0
-1
1
0
0
0
0
1
0
1
2
0
1
0
0
0
-1
0
0
-1
0
0
0
0
-2
0
0
0
0
-2
1
1
0
0
-1
0
0
0
-1
0
1
0
1
0
0
0
0
0
-2
0
0
0
0
0
0
0
0
1
0
0
0
0
0
0
0
0
0
-1
0
0
-1
0
1
3
0
0
0
0
0
0
0
0
0
0
0
0
0
0
0
0
-1
0
0
0
0
-1
-1
1
0
-1
0
0
0
0
0
0
0
0
0
0
0
0
0
0
0
0
1
0
0
0
0
0
0
0
0
0
0
0
0
-2
0
0
0
1
2
0
0
0
0
-1
0
0
0
-1
-1
0
1
0
0
0
0
0
-1
0
0
0
0
0
0
0
1
0
0
-1
0
1
0
0
0
0
-1
0
1
1
0
-1
-1
0
0
0
0
0
-1
0
1
1
0
-1
-1
0
0
1
1
0
0
0
1
-1
0
0
0
0
0
0
0
0
0
1
0
-1
0
0
0
0
0
0
0
1
0
-1
0
-1
0
0
-1
0
0
0
1
0
1
0
0
-1
0
1
1
0
0
1
0
0
0
0
0
0
0
0
1
0
0
0
0
0
0
0
0
0
0
0
0
0
0
-1
0
0
0
2
0
0
0
0
0
0
1
0
0
2
0
0
0
0
-1
0
0
0
-1
1
0
0
0
0
0
-2
0
1
0
0
1
0
0
1
1
0
-1
1
1
-1
-1
1
-1
-1
0
0
0
0
1
0
0
0
0
0
0
0
-1
-1
-1
0
0
0
1
1
0
0
0
0
0
0
0
0
0
0
0
0
0
0
0
-1
-1
-1
0
0
0
0
-1
0
0
0
0
1
1
1
0
0
0
0
0
1
0
0
0
0
-1
0
0
-2
0
1
1
0
1
0
0
0
0
1
0
0
1
0
0
-1
0
0
-1
0
0
0
-1
0
0
0
0
0
0
0
0
0
0
0
-1
0
0
0
2
1
0
0
0
0
0
0
0
0
0
-1
1
0
0
0
0
-1
0
0
0
0
0
0
-1
-1
1
0
0
1
0
-2
1
0
-1
0
0
0
0
0
1
0
0
1
1
0
0
-1
0
0
0
0
0
1
1
0
0
1
0
0
-1
-1
0
-1
-1
0
-1
0
0
0
0
0
0
-1
-1
0
0
-1
0
1
0
1
2
1
1
0
0
1
1
0
1
0
0
0
0
0
0
0
0
-1
0
0
-2
-1
0
0
0
-2
0
0
0
-1
0
0
0
1
1
1
1
0
0
0
0
0
0
0
0
1
0
0
0
0
0
0
0
0
0
0
0
0
0
0
1
0
0
1
0
0
-1
0
0
0
1
0
0
0
-1
-1
0
-1
0
1
-1
-1
0
0
2
0
0
0
0
1
0
0
0
0
1
-1
0
0
0
-1
-2
0
-1
-1
1
0
0
0
0
0
0
-1
0
0
1
0
-1
0
0
-1
-1
0
0
0
1
0
0
1
-1
0
2
0
0
1
0
0
1
0
1
0
1
0
0
0
0
0
0
0
-1
-2
0
1
0
-1
0
0
0
0
0
1
0
0
1
-1
-1
0
0
0
-1
0
0
0
1
0
-1
-1
0
0
0
0
0
0
0
0
0
0
-1
0
0
0
1
0
0
0
0
0
0
0
0
1
0
0
0
0
0
0
0
1
0
0
1
-1
-1
0
0
0
1
0
0
0
0
0
1
0
0
-1
0
0
-1
0
0
0
0
-1
0
0
0
0
0
0
-1
0
-1
0
1
1
0
-1
0
1
1
1
0
0
0
0
0
-1
0
0
0
0
0
-1
0
1
0
0
0
0
0
0
0
0
0
0
0
-1
-1
0
0
0
0
0
0
0
0
0
0
0
0
1
0
0
0
0
0
1
0
0
0
0
0
0
0
0
0
0
-1
-1
-1
-1
0
0
0
0
1
0
0
0
0
0
1
0
0
2
0
1
0
0
0
0
-1
-1
0
0
0
0
0
-1
-1
0
0
0
0
0
0
0
1
1
0
0
0
1
1
-1
-1
0
0
1
0
0
0
0
0
0
-1
1
0
0
0
0
0
0
0
1
1
2
0
0
-1
0
0
0
0
0
1
0
0
0
0
0
-1
-1
0
0
0
0
0
0
0
0
0
0
1
2
1
0
0
0
0
0
0
0
-1
0
0
0
0
0
0
-2
-1
-1
-2
0
1
0
0
0
0
0
0
0
0
0
0
0
0
0
0
0
0
0
0
0
0
-1
0
0
0
0
0
0
1
0
0
0
0
0
0
0
-1
0
1
0
0
0
0
0
0
2
0
0
0
0
0
0
0
0
0
0
0
1
1
1
1
0
-1
0
0
0
-2
-1
-2
0
0
-1
0
0
0
0
-1
0
0
0
0
0
0
0
1
0
0
0
0
1
0
1
-1
0
1
0
0
-1
0
0
0
0
0
0
1
0
0
0
1
0
-1
-1
-2
0
0
0
1
0
0
0
0
0
0
0
0
0
0
0
0
0
0
-1
0
1
0
0
0
0
1
2
0
0
0
0
0
0
0
0
1
0
0
0
-1
0
0
0
0
0
0
0
0
0
0
1
1
0
0
0
0
0
-1
0
0
0
0
0
0
0
1
0
0
0
1
1
1
0
0
0
0
0
0
0
0
0
0
-1
0
0
0
0
-1
-2
-1
0
-1
0
0
0
0
0
0
1
0
1
1
0
1
1
1
0
0
0
-1
0
0
0
0
0
0
0
-1
-1
0
1
-1
-1
0
0
0
-1
0
0
-1
-1
0
0
0
-1
0
1
0
0
-1
0
0
0
0
-1
0
0
0
0
0
1
0
1
0
0
0
0
0
1
-1
0
0
0
0
-1
-1
-1
0
0
0
-1
0
0
0
0
-1
-1
-1
0
1
1
0
0
0
0
1
1
0
0
1
2
0
0
-1
0
1
0
0
0
0
0
0
0
0
0
0
0
0
-1
-1
0
0
0
0
1
1
1
0
0
0
0
0
-1
2
0
0
0
0
-1
-1
0
0
0
0
0
0
0
-2
-1
0
0
2
1
0
0
-1
0
0
0
0
1
1
1
0
-2
0
0
0
0
0
0
0
0
0
0
0
0
1
0
0
0
0
1
0
0
0
-1
-1
0
0
0
0
-2
0
0
0
1
1
-1
0
0
0
1
2
1
0
1
0
0
-2
0
1
1
1
0
0
0
0
0
-1
-2
0
0
0
0
-1
-2
0
1
1
2
0
0
1
0
0
0
0
1
0
0
0
0
-1
0
0
-1
0
0
1
0
0
0
0
0
0
0
0
0
-2
0
1
0
-1
0
1
0
0
0
2
0
0
0
0
0
0
0
0
0
0
0
0
1
0
0
0
-1
0
0
0
-1
0
0
-1
0
1
1
1
1
0
0
0
0
0
0
0
0
0
0
0
0
0
0
0
0
0
0
0
0
0
0
0
0
0
-2
0
0
0
0
-1
-2
0
0
0
-1
0
1
0
1
0
1
1
0
0
0
0
0
0
0
1
-1
0
1
0
0
0
0
0
0
0
0
0
0
0
0
-1
0
1
-1
0
0
-1
-1
0
2
0
0
0
0
0
1
2
0
0
0
0
0
0
0
0
0
0
0
0
0
0
-1
0
0
0
0
0
0
1
0
0
0
0
0
0
0
-2
-1
0
-1
0
0
0
0
0
0
0
2
0
0
0
0
0
0
0
0
0
0
0
-1
-1
0
0
0
0
0
0
0
0
0
0
0
0
0
0
1
1
0
0
0
1
1
0
-1
0
0
0
0
0
0
0
0
0
0
0
0
0
0
0
0
0
0
0
0
0
0
0
-1
0
0
0
1
0
0
0
0
0
0
0
0
0
0
0
0
1
0
0
-1
0
0
0
0
0
-1
0
0
0
0
0
0
0
0
0
0
0
0
0
0
0
0
0
0
0
2
0
-1
-1
0
1
0
0
1
1
0
-2
0
1
0
0
0
0
0
0
0
0
0
-1
1
1
-1
-1
0
2
0
-2
-1
0
0
0
0
0
0
0
-1
0
0
0
0
0
0
0
0
0
0
-2
1
1
0
0
0
1
0
0
0
0
0
0
0
0
1
0
0
0
0
0
0
0
-1
0
0
0
0
0
0
0
-1
0
0
0
0
0
0
0
0
0
0
0
1
0
1
0
-2
0
0
-1
1
1
0
0
0
0
-1
0
0
1
0
0
0
0
0
-1
0
0
0
0
0
0
0
0
1
0
0
-1
0
0
0
0
0
0
0
0
0
0
-2
0
-1
0
0
0
-1
0
0
0
0
0
0
1
0
2
2
1
0
1
0
0
-1
0
0
0
0
0
-1
0
-1
0
-1
0
0
0
1
0
0
0
0
0
0
1
0
0
-1
0
-1
0
0
0
0
0
1
0
-1
0
1
0
1
0
0
-1
1
0
-1
0
0
0
0
0
0
0
0
0
0
0
0
0
-1
0
0
0
0
0
0
0
1
0
0
0
0
0
1
0
0
-1
-1
1
-1
-1
0
0
0
2
0
0
-1
0
-1
0
0
0
0
0
0
0
-1
0
2
0
0
0
0
0
0
0
-1
1
1
1
0
0
0
-1
0
0
-1
0
0
0
0
0
0
0
0
0
0
0
1
0
0
1
0
-1
0
1
0
0
0
0
-1
0
1
0
0
0
0
0
0
0
0
0
0
0
0
0
-2
1
0
0
1
0
0
-1
0
1
0
0
0
-1
-2
0
1
0
0
0
1
0
0
0
0
0
2
0
0
0
0
0
0
0
0
-2
-1
1
0
-1
0
1
-1
0
1
-1
0
0
0
1
0
1
1
0
0
0
-2
-1
0
0
1
1
0
1
0
0
0
0
-1
0
0
1
1
0
0
0
0
0
0
0
0
0
0
0
0
-1
-2
0
-1
-1
0
-1
0
0
0
1
-1
-2
1
0
0
1
0
1
0
0
3
1
0
0
0
0
1
0
0
-1
0
0
0
-1
-2
0
-1
-1
0
0
0
-1
-1
0
0
0
1
0
1
0
0
0
0
0
0
0
0
0
0
0
0
0
0
0
-1
0
0
0
0
0
-1
0
2
2
0
0
0
0
0
-1
0
-1
-1
1
0
0
1
0
0
0
1
0
-2
0
0
0
0
0
0
0
0
1
0
0
1
0
-1
0
-1
0
1
3
1
0
-1
1
0
0
0
0
0
0
0
0
0
1
1
0
0
-1
0
0
0
-1
-1
0
-1
0
0
0
0
0
0
1
1
0
0
0
1
1
0
0
0
0
1
0
0
-1
-1
1
2
0
0
0
0
-1
-1
-1
0
1
-1
0
2
1
1
1
0
0
1
1
0
-2
-2
-1
-4
-4
-3
-3
-2
-2
-2
-2
-2
0
0
2
4
4
5
5
6
5
6
7
4
2
3
2
2
0
0
-4
-5
-4
-6
-6
-7
-8
-7
-7
-5
-6
-5
-4
-4
0
-1
0
4
3
4
5
6
6
6
9
7
7
7
6
6
5
4
4
1
1
-1
-2
-2
-4
-5
-6
-4
-7
-8
-7
-7
-7
-5
-7
-4
-3
-2
-1
-2
0
1
1
3
6
7
6
8
6
7
6
5
8
4
2
3
0
0
-1
-2
-4
-3
-5
-5
-5
-3
-3
-4
-1
-2
-3
-1
-2
0
0
2
0
0
1
-1
0
0
0
1
0
0
0
0
0
0
1
1
2
1
2
2
2
3
2
2
1
0
1
0
1
1
-1
-1
-1
-3
-5
-4
-3
-3
-2
-2
-2
-3
0
0
0
0
0
0
0
0
0
0
2
2
2
1
0
-1
-1
-1
1
0
1
3
1
1
0
0
1
2
2
2
0
0
-1
0
0
-1
-1
0
0
-1
-2
-1
-1
0
-2
-1
0
0
0
0
0
0
0
-1
0
1
0
1
0
-2
0
-1
-1
-1
0
1
0
0
0
1
1
2
1
0
1
1
3
4
4
2
2
3
2
2
2
1
0
1
0
0
1
0
0
0
-3
-2
-1
-3
-2
-4
-4
-3
-5
-2
-1
0
0
-2
-2
0
-1
0
0
0
0
0
0
1
0
1
0
-1
2
1
0
2
1
3
3
3
1
1
1
0
0
0
0
1
0
1
0
0
0
-1
-1
0
0
0
0
0
0
-1
0
-2
-1
-1
0
0
-1
1
0
0
0
0
-1
0
0
1
1
0
1
0
0
0
1
0
0
0
0
0
1
0
0
0
0
0
0
0
0
0
1
1
0
-1
0
0
0
0
-1
0
2
1
0
0
1
0
-2
-3
-1
0
0
-1
0
0
-1
-1
1
2
0
0
1
0
0
0
-1
1
1
0
-1
-1
-1
0
-1
0
0
0
0
0
-1
-1
1
0
0
1
1
1
0
0
0
0
1
0
0
0
0
0
0
0
0
0
0
-1
0
1
0
0
0
-1
0
0
0
0
0
0
0
0
-1
0
0
2
0
0
2
0
2
0
0
0
-2
0
1
0
-1
-1
-1
0
-1
-1
0
0
0
0
0
0
0
0
0
1
0
0
0
1
0
0
-1
0
0
0
3
2
1
0
1
0
0
-2
0
0
0
-1
-1
0
0
-2
-1
0
-1
-2
0
-1
0
0
-1
0
0
0
0
0
0
0
0
2
1
0
3
2
0
-1
0
1
1
0
0
0
0
-1
-1
-1
0
-2
0
0
0
-1
1
1
0
0
0
0
2
0
0
0
0
1
0
0
0
0
0
-1
0
0
-1
-1
0
1
0
-2
0
1
1
0
0
0
0
0
0
1
1
0
0
-1
0
1
0
0
0
0
0
-1
0
0
0
0
0
1
-2
0
0
1
1
0
0
0
0
0
-2
0
-1
-1
-1
0
0
1
0
1
1
0
0
0
1
0
-1
0
-1
1
0
0
0
0
0
-1
-1
0
0
0
0
0
0
0
0
0
0
0
0
0
0
-2
-1
1
1
2
1
2
0
0
0
-1
0
1
0
0
-2
0
0
0
1
-1
0
0
-1
-2
-1
0
0
1
0
1
1
0
2
2
1
0
0
0
-1
0
-1
-3
-2
-2
0
0
1
0
0
0
0
1
0
0
0
0
0
-1
0
0
0
0
0
0
0
0
0
-1
-1
-1
0
0
0
0
0
0
1
0
0
0
0
0
0
1
1
0
0
0
0
0
0
-1
0
0
-1
1
0
0
0
0
0
-1
-1
0
0
0
0
0
-1
0
0
0
0
0
1
0
-2
0
-1
0
0
1
0
0
0
2
1
0
1
0
0
0
0
1
0
0
0
0
0
0
0
0
-2
-1
0
-1
-1
0
0
0
0
0
0
0
0
0
0
0
-1
0
1
0
0
0
2
1
0
1
0
0
0
0
0
0
-1
0
1
0
0
0
0
0
0
0
-1
0
0
-1
-2
0
0
-1
-1
0
0
0
0
0
1
0
-1
0
0
0
0
0
0
0
0
2
0
0
0
0
1
0
0
0
0
0
1
0
-1
1
0
-1
0
1
1
0
0
0
0
0
0
0
-1
-1
0
0
-1
0
0
0
0
0
1
0
0
1
1
0
0
-1
1
2
0
0
0
0
0
-1
0
1
0
0
0
-1
1
1
-1
0
0
0
0
-1
-2
0
-1
0
0
2
3
0
0
0
-2
-1
-1
-1
0
0
0
2
1
3
0
-2
0
0
0
-1
-1
0
0
1
0
1
3
1
0
0
-1
-2
-2
-2
-1
0
0
1
0
1
0
0
0
0
0
1
0
2
0
-1
0
0
0
0
0
1
0
0
0
0
-1
0
0
-2
0
0
0
0
-1
0
-1
-1
1
0
0
-1
-2
0
0
0
1
0
-1
0
1
0
0
0
2
0
0
0
0
0
1
0
0
0
1
1
-2
-1
-1
-1
0
-1
-1
-1
0
1
0
0
0
0
0
0
0
0
0
0
0
0
0
0
0
0
0
0
0
1
1
0
0
-1
0
0
0
0
0
0
0
0
0
-1
0
1
0
1
-2
0
0
0
0
2
0
0
0
0
-2
1
1
0
0
0
-1
-1
1
1
1
3
4
0
-5
-5
-1
-5
-5
4
8
-2
-11
0
1
-7
0
14
9
0
1
9
9
0
0
8
-12
-36
-3
31
9
-16
5
36
28
-30
-61
5
34
-22
-16
46
21
-75
-58
31
3
-53
-28
52
106
48
3
81
128
0
-166
-119
-46
-133
-116
30
104
42
18
119
125
61
2
5
35
-62
-134
-57
-20
-137
-53
114
-32
-104
86
160
27
-42
39
34
-38
-13
75
67
-40
19
67
-60
-139
-145
-25
88
5
-122
-7
232
36
-88
153
65
-61
-93
-119
13
7
-8
49
56
42
114
94
-178
-59
66
-102
-4
-118
-215
13
57
34
186
153
32
80
6
-193
-122
131
126
-104
-262
131
309
-142
51
180
-158
-176
-57
111
-91
-254
110
11
-61
199
29
115
152
-118
-114
181
29
-291
-56
-38
-108
131
125
51
-62
38
92
-12
-36
136
-46
-216
22
-184
-74
135
-195
126
338
-171
177
225
-69
32
40
-223
-326
69
-38
-104
249
-14
-45
92
12
253
10
-220
47
-50
-94
64
-100
114
19
-55
74
-107
-159
81
-20
38
91
-101
87
72
79
91
-17
4
73
-259
-198
200
-163
-69
69
-123
83
0
-96
245
211
-54
160
80
-97
-267
88
-80
-282
30
4
116
53
22
166
64
-87
-73
-45
131
-77
-170
109
10
52
140
-39
-10
-141
-56
54
-145
-32
-19
-2
123
40
183
121
-24
-59
-211
65
-30
12
193
-111
-212
131
-119
-216
106
99
103
11
-60
240
39
-226
139
61
-8
-102
-143
205
-96
-117
12
-42
-88
12
151
74
-271
-71
406
77
-6
-49
-2
168
-36
-201
-166
-34
-133
57
39
87
366
190
-71
-173
-214
-183
130
16
72
11
-174
280
-125
47
142
-288
-123
56
303
-224
-46
148
-61
-78
67
-20
79
408
-73
-325
-107
-2
137
-3
18
-70
-32
190
208
35
-464
-85
-176
48
-54
-524
233
516
67
57
351
147
-156
-18
-130
2
99
-10
-23
-199
122
112
-114
-116
9
-186
-272
97
158
-152
-54
141
127
69
-125
-114
242
0
-177
-121
77
144
87
163
44
16
-95
-357
87
234
-82
-20
81
72
138
-62
-356
27
130
-29
71
-197
40
122
-155
161
-66
0
-28
-95
184
67
-64
25
130
21
-172
-266
42
348
-166
-166
-49
108
99
-119
66
199
79
-194
-132
178
-42
7
3
195
-21
-225
44
128
25
-310
-152
231
17
9
-70
202
0
-217
-16
51
95
-148
50
106
-147
-53
-79
229
-13
-159
72
227
19
-153
289
43
-18
-33
-275
-62
-100
-193
-37
255
-15
214
385
-264
-186
263
232
-335
-93
151
-335
-235
267
-53
-51
133
-31
107
173
-194
-28
-9
29
283
-139
-310
49
230
202
-238
-346
187
187
-312
-118
483
367
-185
-549
19
534
-63
-479
-19
50
27
207
28
-30
124
-15
-41
40
-259
136
127
-233
0
112
144
-304
-93
212
-214
133
52
-116
-4
54
130
-27
60
-228
-76
327
220
-137
-150
19
135
-153
-146
255
-20
-34
87
-172
-159
18
148
-33
-4
11
60
69
-157
-88
24
128
17
-21
102
-17
-144
32
8
-88
-28
62
231
-195
-110
207
14
-242
-98
250
-31
-132
-24
235
252
-224
-165
184
127
-295
19
194
-73
53
-157
66
-11
-56
241
-160
1
61
-248
-15
277
-337
74
65
-139
125
-20
137
34
126
-109
-251
16
256
-123
-35
206
-215
-28
173
-104
-8
4
239
-45
-13
-152
-157
101
-176
213
70
-127
88
132
126
-102
-248
5
177
-159
-102
-102
105
292
-77
-148
171
222
-253
-73
119
65
16
-94
-160
-83
145
-27
-175
237
-204
-143
412
-35
-34
-7
-7
111
148
-37
-137
-224
129
207
-373
4
14
3
75
95
168
-64
-2
-117
-157
-27
123
65
81
-9
-91
-120
128
371
-227
-154
-19
80
132
-395
12
389
-25
-167
68
-34
57
-109
48
137
-164
-155
-96
97
141
-99
131
45
-19
331
-159
-223
97
18
-150
6
23
-78
5
124
22
75
-130
29
-208
-79
311
-85
-256
173
161
118
16
-25
64
85
-87
-375
189
81
-230
148
-22
-6
-287
201
213
-209
-34
7
133
176
-188
48
165
-318
-7
381
-75
-435
133
29
65
17
-96
45
52
74
-57
-109
-70
196
106
-106
-94
81
-13
87
24
-299
74
47
24
-83
114
77
-314
251
185
-177
126
-113
-191
61
121
-191
136
89
-75
95
-95
44
-18
-69
62
-10
-229
1
304
213
-123
-32
11
-44
90
-37
-261
-51
-75
-35
162
165
-150
38
60
-12
-109
-140
267
90
-52
11
-14
96
103
-78
-39
-25
-172
9
-30
-19
-99
19
134
-193
218
63
57
155
-93
189
-175
-290
227
-75
-141
-4
63
56
-305
218
198
-169
102
-189
-144
283
26
110
-49
-130
447
-154
-419
347
-16
43
-124
-225
366
-310
-183
173
48
-5
-243
90
102
70
138
-231
115
304
-93
-279
71
223
-117
89
-57
-128
146
-135
36
-49
-258
290
210
-511
231
149
-217
121
-56
92
-422
291
299
-149
117
-26
61
-23
-129
-55
-84
113
-233
-49
-24
-23
222
80
60
138
-65
7
104
-218
135
-261
21
153
-323
342
204
-372
122
3
-136
-72
59
271
-292
138
129
-237
149
123
-215
-57
14
-24
109
-62
-178
182
-23
194
-40
-221
126
-169
66
24
17
-65
142
12
-72
143
258
94
-249
-175
185
-63
17
11
15
-22
-275
135
-124
-7
14
33
90
-16
-84
-120
71
71
-9
121
119
-162
-1
104
119
-60
126
-169
-80
-600
-35
357
56
-39
-46
184
159
-190
42
9
86
197
-43
3
412
89
-254
248
219
-202
-247
-256
-319
-122
70
-364
-309
140
150
-60
20
289
73
-20
-85
57
288
83
-51
165
-25
212
-144
-72
77
72
-111
-41
-45
68
-69
55
156
-243
190
-251
23
-33
90
37
-230
-77
248
-27
-39
-132
42
53
-169
28
-127
283
-98
83
-2
9
83
-17
-23
-75
-54
170
-159
-65
1
164
-72
-12
48
121
-13
-80
160
-40
130
-113
8
-24
13
-84
-54
-22
7
-37
-24
42
46
-49
10
42
31
2
-58
29
40
41
-127
16
18
87
-43
-65
31
-11
-40
-23
-90
82
4
-6
8
8
83
-70
18
-22
66
-19
24
9
50
24
0
-1
27
-59
-27
-28
-16
0
-23
17
-49
44
-69
-12
9
57
-34
-23
50
9
11
23
16
0
20
-9
4
-20
26
7
-46
8
24
6
-13
-34
-5
-10
-23
-19
38
30
4
17
-14
-8
-32
-19
-10
10
6
-10
0
0
-13
15
-5
12
2
0
-3
-11
15
-7
9
3
11
8
-16
10
3
11
2
2
14
1
23
-25
5
7
-16
0
-4
-14
2
-3
-4
-18
-5
14
-3
-4
0
3
15
-6
3
2
-1
16
-5
-3
0
-1
-2
-2
-17
-3
0
-4
-1
-1
4
-9
3
-3
7
0
5
0
6
2
-6
12
6
3
-2
1
0
0
-1
0
7
0
0
3
-3
0
4
-1
-2
4
3
-1
-1
2
-2
0
-2
-6
0
-1
-4
-3
-8
0
-10
0
-6
-2
3
-1
-1
1
0
5
1
7
6
3
6
4
0
2
3
-2
2
1
0
-1
1
0
2
-2
0
0
-2
0
-5
-5
-3
-2
-2
-1
0
2
-4
0
-3
4
1
0
0
1
4
0
1
0
4
0
0
1
-2
3
-2
-4
0
-3
3
-2
0
0
0
3
0
1
4
0
-1
0
1
-2
0
0
-7
0
0
-1
0
1
0
1
1
1
3
2
0
0
0
-1
0
0
0
-2
-2
0
-1
0
0
0
-1
-2
2
-1
0
4
-1
-3
1
0
-1
3
2
-1
0
0
0
1
2
-1
0
1
0
0
0
-3
-2
0
-1
0
1
-1
-2
0
0
0
0
0
-1
2
0
-1
2
0
-1
0
0
0
0
0
0
1
1
-1
1
1
0
0
-2
-1
1
-1
-1
0
-1
1
2
0
0
1
0
0
0
0
0
0
0
0
-1
-1
-1
-1
0
1
0
-1
0
0
0
0
0
0
2
0
1
2
0
0
0
-1
0
0
-1
-1
0
0
-1
-1
-1
0
0
1
0
0
1
0
-1
0
0
1
2
1
-1
0
-1
0
0
-1
0
1
0
1
1
1
0
0
0
0
0
0
0
0
0
-1
0
0
-3
1
0
-4
2
2
-3
0
-3
6
0
-8
9
-1
-9
15
0
-16
9
8
-11
0
0
3
-1
-2
7
-5
4
4
-15
12
0
-21
22
4
-22
24
-5
-19
20
0
-1
0
-11
12
-1
-4
15
-37
-23
79
-7
-74
51
6
-11
36
-37
-33
41
-7
8
-2
-92
91
52
-120
101
8
-166
146
79
-145
13
12
19
73
-36
-78
47
92
-65
-92
42
56
-138
50
19
-7
69
-153
160
22
-50
42
-98
35
124
-53
-165
212
-17
-98
49
-16
23
-147
94
-44
-97
152
-71
-82
144
72
-159
82
10
4
100
-77
11
23
74
-78
-47
-7
-61
37
23
-133
-161
251
-24
-57
57
8
123
134
9
-166
149
62
-111
-107
-85
-33
8
49
-189
-19
175
-164
36
208
-108
-62
136
0
-15
54
-69
205
36
-66
39
22
8
-188
-17
-5
-83
125
-74
-37
113
19
-67
25
17
-157
64
-78
-70
-61
15
36
-19
81
38
79
5
145
53
-50
11
4
51
-67
49
78
-58
50
-67
-20
21
-43
-112
-34
-66
-154
-122
-37
-16
-125
-25
32
41
26
182
186
213
315
345
309
284
270
154
210
42
-120
-142
-352
-482
-623
-680
-800
-845
-828
-688
-555
-307
87
321
722
1066
1368
1648
1722
1719
1955
1753
947
534
252
-825
-1711
-2135
-2728
-2962
-3054
-2971
-2290
-1750
-1108
-22
687
1125
1876
2439
2481
2735
2680
2540
2241
2465
2577
225
327
681
-1744
-2397
-2772
-3764
-3791
-4210
-3874
-2650
-2322
-902
634
1494
2476
3065
3397
3365
2598
2008
1387
378
-372
-788
-1556
-1263
-1339
-1436
-199
-248
218
1367
1253
1334
1795
1208
934
151
-494
-859
-1953
-2445
-2533
-2977
-2705
-2279
-2108
-915
-274
383
1272
1922
2620
2925
3079
3373
2840
3272
2932
1118
1211
401
-1205
-2204
-3303
-3764
-4357
-4947
-4000
-3576
-2699
-1116
101
1407
2452
3188
3638
3516
3143
2313
1577
667
-440
-996
-1724
-1529
-1645
-1374
-346
221
999
1107
1787
2009
1215
1021
508
-623
-989
-1672
-2205
-2253
-2501
-2324
-1749
-1441
-1054
-363
309
619
732
1363
1600
1404
1451
1723
1398
1130
1287
1107
1635
967
348
1084
110
-595
-835
-1643
-1896
-2589
-2593
-2229
-2378
-1637
-979
-368
326
681
1293
1531
1326
1442
1173
733
610
350
216
185
438
257
774
1899
1054
1105
1836
1004
480
-272
-829
-1453
-2553
-2552
-2689
-2971
-2294
-1948
-1095
-298
-27
938
1452
1459
1632
1550
1523
1129
1023
794
505
863
269
538
1372
854
362
1133
630
-40
-449
-887
-1386
-2384
-2254
-2423
-2695
-2110
-1754
-1059
-292
-64
914
1201
1286
1565
1242
1279
1105
635
838
457
802
670
544
1485
1355
895
1149
1193
539
-202
-601
-1093
-2217
-2429
-2627
-2801
-2751
-2311
-1380
-918
-457
547
940
1257
1634
1368
1410
1316
843
959
530
584
845
318
1018
1152
1312
897
913
1129
58
-400
-689
-1769
-2050
-2610
-2714
-2542
-2666
-1775
-1380
-579
-136
450
1213
1152
1409
1322
1198
1233
491
765
507
467
695
467
1163
1108
1504
1066
976
1260
105
-315
-918
-1767
-1971
-3002
-2697
-2636
-2927
-1809
-1625
-621
-197
45
1304
995
1147
1517
1183
1333
830
1048
727
673
1072
608
1255
1132
1571
1347
955
1360
444
-104
-532
-1454
-1761
-2597
-2742
-2542
-2855
-2293
-1659
-1003
-555
-117
812
939
963
1395
1198
1237
1061
1132
790
671
1082
615
1021
836
1098
1494
634
1087
740
-76
-182
-1173
-1480
-2177
-2830
-2319
-3007
-2543
-1877
-1696
-537
-282
223
1447
1056
1549
1911
1451
1686
1233
1305
964
598
1069
570
929
846
1008
1494
584
1026
934
-238
-320
-1045
-1582
-2190
-2888
-2219
-2881
-2429
-1441
-1584
-175
133
324
1789
927
1627
1705
983
1505
625
943
569
349
921
528
963
949
1291
1659
706
1130
1094
-273
-496
-999
-1798
-2416
-2961
-2545
-3169
-2818
-1553
-1939
-602
363
103
1486
1406
1402
1898
1044
1463
881
557
709
89
533
420
655
771
1019
2006
827
1165
1893
103
163
-383
-1408
-1713
-2869
-2345
-3017
-3066
-1715
-2288
-1110
-188
-386
907
866
1016
1702
863
1395
1044
834
886
515
965
572
968
1120
676
1549
1309
291
1389
282
-499
-516
-1512
-1934
-2629
-2674
-2757
-2926
-2122
-1732
-1433
39
25
419
1509
1107
1263
1483
927
1088
775
639
589
572
576
587
1015
823
964
1433
920
721
972
-203
-257
-929
-1709
-2039
-2525
-2706
-3004
-2551
-2046
-2007
-802
-59
-168
884
1483
1117
1669
1853
1337
1530
1457
1174
946
1382
944
970
1459
984
1099
1471
764
642
602
-429
-718
-1485
-1855
-2625
-2718
-2695
-3096
-2255
-1968
-1700
-397
-465
300
1304
789
1589
1679
1237
1645
1223
1162
1200
881
1159
918
967
1257
912
837
1093
528
211
14
-472
-1116
-1477
-1820
-2377
-2413
-2677
-2269
-2146
-1775
-860
-417
-317
847
946
678
1496
1261
797
1071
1045
566
741
874
584
677
946
740
761
794
717
652
363
137
-120
-665
-924
-1324
-1774
-1911
-2138
-2037
-1922
-1728
-1040
-540
-608
599
1037
664
1696
1864
1256
1973
1715
1073
1514
1155
791
728
408
402
215
-112
-123
-310
-537
-601
-832
-1007
-1009
-1293
-1298
-1515
-1554
-1335
-1542
-1372
-785
-859
-601
218
214
593
1208
1276
1449
1768
1781
1697
1620
1505
1311
971
792
438
75
27
-381
-613
-575
-979
-964
-755
-1246
-1115
-637
-1046
-793
-546
-829
-461
-453
-648
-242
-288
-112
331
393
805
1028
1177
1451
1335
1349
1174
926
827
546
97
-25
-179
-687
-634
-719
-1105
-854
-740
-950
-534
-431
-396
-66
-56
-21
-34
-62
-75
-345
-333
-222
-481
-251
-14
-262
184
613
220
447
835
663
731
778
642
604
466
323
181
-21
-171
-290
-427
-450
-607
-604
-402
-474
-340
-189
-95
48
-5
10
283
65
-135
199
-180
-400
-52
-313
-379
-61
-13
-33
137
437
456
582
653
577
546
157
-93
63
-167
-298
13
-209
-115
149
-51
15
172
-17
-222
-29
-185
-537
-236
-264
-523
-246
-161
-224
-106
-20
29
138
95
109
373
323
114
300
363
132
170
203
59
116
124
-44
-2
-14
-122
-114
-57
-148
-184
-64
-107
-105
-68
-65
59
-11
-49
97
-69
-114
68
-35
-206
-78
-39
-164
-63
71
40
79
152
150
139
159
137
40
70
72
-46
-42
44
-4
-23
-11
-23
-23
-85
-31
-20
-128
-20
10
-98
-5
45
9
57
52
27
64
43
-8
-3
-12
-74
-71
-35
-23
4
-20
33
108
12
21
101
10
-12
64
-14
-86
-15
-23
-55
-46
-79
-28
26
-36
-4
66
14
25
75
14
-20
10
-33
-47
-12
-48
-39
22
-8
-14
9
3
33
25
-8
47
49
-8
6
42
2
-35
40
15
-55
-3
2
-53
-25
-6
-39
-16
11
1
23
17
-1
51
14
-56
43
28
-57
5
35
-6
-32
2
29
-31
-31
1
7
-31
-23
19
-1
-18
26
14
-20
17
27
-3
0
67
4
-25
69
-1
-32
21
-2
-18
-7
-11
-11
-24
-12
-16
-39
-9
-4
-32
-3
22
-28
-9
43
-6
-9
50
18
-15
36
34
-17
4
27
-7
-38
5
-2
-42
-5
12
-7
-3
28
22
-2
16
15
-4
-1
4
0
-12
-2
1
-9
-10
-3
-3
-13
-7
0
-3
-7
0
2
3
5
7
12
11
9
13
9
3
5
0
-8
0
0
-12
-6
-1
-15
-9
3
-15
-11
9
-7
-14
7
4
-13
7
13
-7
5
14
2
3
10
4
-1
5
-2
0
0
-3
2
-1
-5
-1
-2
-10
-5
3
-6
2
13
6
3
10
8
-4
-2
-1
-9
-7
0
-5
-9
1
2
-4
0
5
-2
0
10
3
-2
4
4
-1
2
1
0
0
-2
0
-1
-3
-2
-1
-1
-4
2
2
-4
0
3
0
-3
2
0
-2
3
6
1
0
5
3
-1
4
3
0
0
2
0
-3
-1
-5
-8
-6
-8
-7
-4
-1
-1
0
4
3
2
1
4
3
0
2
2
0
1
2
0
0
4
0
0
2
3
0
0
3
0
-1
0
0
-2
-4
-2
-1
-5
-3
-2
-3
-1
-1
-2
-3
0
3
0
-1
2
3
1
0
3
2
0
1
1
-1
0
3
-1
0
3
1
0
1
1
-1
-1
1
-1
0
0
-2
-2
-1
-1
-2
0
0
-1
-1
0
-1
-2
1
1
0
-1
0
2
0
0
0
2
2
0
1
0
1
3
2
0
1
0
0
0
0
0
0
-1
-1
-1
0
-1
-2
-1
-4
-1
-1
0
0
0
0
0
0
-1
0
1
1
0
0
0
0
0
2
1
0
0
1
0
0
0
-1
0
0
0
1
0
0
0
0
0
0
-1
0
0
-1
0
0
0
0
-1
0
0
0
0
0
0
-1
-1
1
0
0
0
1
1
-1
0
0
0
1
-1
0
-1
0
0
0
0
0
0
0
-1
-2
1
0
-1
0
6
16
7
-22
-32
5
29
8
-3
-4
-7
0
5
2
-7
-10
-3
3
3
9
19
11
-14
-35
-14
29
30
-9
-35
-14
38
34
-25
-43
0
44
12
-39
-21
17
6
-16
9
42
16
-1
68
113
-11
-128
-54
10
-106
-161
32
180
51
-77
30
166
81
-130
-135
219
403
361
55
-1314
-1768
266
1645
480
-968
-242
1488
1323
-396
-984
137
842
-110
-1286
-1015
100
391
-120
-391
-117
333
533
225
109
-83
-235
683
561
-369
-458
-55
397
55
-629
-713
27
419
24
-371
-252
548
820
111
-273
762
1806
-484
-3479
-2219
749
1290
-449
-906
1755
3191
1036
-914
-201
1071
128
-1986
-2112
-842
-362
-774
-993
-197
740
1172
985
844
1087
1374
1265
-252
-1010
-237
114
-687
-1572
-613
956
126
-2209
-2334
-347
1438
1073
-468
111
1769
2554
1604
-79
-56
551
-152
-1683
-2077
-920
-318
-1039
-1224
71
1249
950
322
593
826
337
-430
-406
84
-31
-522
-368
97
349
393
-25
-119
36
484
394
-193
-79
109
6
-241
-245
-26
-151
-465
-465
-128
46
-46
-60
231
442
235
-41
-75
418
566
-198
-545
-27
504
314
-516
-554
350
378
-481
-715
-80
320
22
-497
-315
511
672
-75
-380
291
811
358
-307
-150
396
400
-239
-418
183
8
-519
-441
-261
-2
-159
-324
101
415
241
-192
-168
441
421
-221
-347
-42
360
236
-351
-376
90
406
-5
-503
-91
614
539
-228
-240
446
412
-122
-481
-422
27
33
-352
-238
72
163
108
-50
-198
-118
207
176
-260
-259
248
532
164
-207
35
274
248
-45
-310
-180
-192
-93
11
-269
-35
283
-42
-40
265
195
10
-182
-152
149
202
44
-53
29
199
341
-23
-539
-230
82
-81
-211
-463
-417
369
707
62
-282
225
631
423
-147
-750
-370
481
9
-793
-512
139
536
435
-146
-129
436
294
-107
-135
6
204
-46
-573
-204
347
154
-174
-365
54
610
215
-515
-265
555
413
-622
-446
500
134
-417
-482
-293
500
528
-354
-368
734
849
-427
-695
265
374
-267
-388
-287
66
313
-322
-332
518
357
-81
124
407
266
-384
-504
-98
199
82
-381
-46
399
22
-111
8
-57
74
160
-110
-123
-23
-87
159
-94
-580
150
645
15
-370
-136
415
426
-91
-279
-117
298
186
-373
-301
31
179
35
-428
-213
512
215
-410
-227
121
245
-85
-528
-98
594
402
-63
-26
317
463
-8
-527
-339
209
156
-350
-257
186
286
219
-106
-300
280
205
-544
-308
26
-172
-176
-23
78
231
356
100
-117
142
232
-195
-310
58
125
159
112
-261
13
381
-11
-254
-83
125
84
-175
-130
29
-120
-239
6
75
-140
-65
179
186
-140
-255
137
351
129
-165
-165
229
273
-239
-253
150
239
211
64
-36
122
291
226
-285
-391
29
-179
-509
-341
-73
-45
-195
52
316
116
-88
-59
145
114
-212
-370
-188
97
-27
-129
311
662
574
351
469
643
343
132
99
-192
-363
-242
-338
-686
-698
-323
-104
-267
-346
19
278
29
-336
-400
-150
-2
-262
-443
-38
617
1122
1010
536
860
1442
1175
412
44
462
482
-356
-632
-287
-231
-568
-920
-647
-278
-766
-1190
-868
-471
-415
-818
-764
157
408
-138
-265
505
1710
1704
633
697
1593
1560
613
-120
268
916
557
65
-56
-387
-681
-1142
-1887
-2222
-2062
-1534
-1176
-1294
-678
479
628
234
349
775
647
-275
-634
-77
136
262
790
1020
1025
1276
1744
1620
681
712
1792
1372
-895
-2501
-2228
-1881
-2927
-3956
-3071
-1053
15
275
691
1436
2418
2478
1711
1065
-118
-1018
-1066
-1674
-2223
-1757
-802
245
1178
2104
2725
2812
2876
2761
1964
842
830
1444
-370
-3499
-3807
-2384
-3058
-4796
-3764
-1034
-12
40
683
1793
2669
2381
1634
1354
845
-476
-1715
-1612
-1284
-1457
-1027
-489
357
1697
2197
2085
2202
2788
2443
846
1077
2500
1064
-2461
-3646
-2076
-1992
-4197
-4708
-2280
0
116
-365
771
2680
2860
1641
881
542
40
-279
-909
-2322
-2513
-787
256
-651
-971
1786
3955
2625
1880
3008
3112
1488
1023
2895
1493
-3316
-4236
-1644
-1638
-5124
-5749
-1350
847
-846
-798
1804
3098
2306
2261
2296
-17
-2003
-785
516
-1710
-3830
-1520
1342
690
-974
422
3064
2256
1061
2238
2235
717
536
3045
3236
-1743
-3928
-1314
-497
-3566
-5966
-3087
199
-514
-800
799
2066
2233
2350
2726
696
-1740
-844
728
-443
-3119
-2660
50
421
-406
-151
1403
2081
1623
2523
2417
1126
1078
2107
3070
412
-3045
-2738
-1588
-2025
-4430
-5029
-1939
-208
-287
13
1189
2682
2662
2429
1864
-163
-928
118
495
-1625
-3408
-1322
887
121
-1214
98
2681
2203
1073
1784
2161
1600
1049
2566
2723
-1384
-3722
-2255
-699
-2685
-6110
-4289
-248
495
-632
-571
2085
3633
2708
1886
828
-113
-317
21
-485
-2441
-2039
680
1509
-233
-1014
1443
2567
470
-689
452
1692
601
-454
897
2298
2404
850
-1203
-1852
-1316
-1000
-2852
-4792
-3117
34
795
-479
-168
2310
3001
1312
46
-306
-637
-1130
-1082
-981
-1682
-1131
913
1709
692
325
2117
3125
1981
1450
2039
2024
971
1308
2428
45
-4000
-4808
-2440
-2024
-5429
-6108
-1744
1949
1606
-95
1631
4744
4709
2571
619
-93
-458
-898
-1025
-2003
-2724
-1917
-12
1372
291
-459
501
1515
1853
302
-705
441
1561
1864
709
457
2706
3289
589
-2735
-2905
-710
-1622
-4952
-5546
-2394
567
203
-313
1327
2994
3243
2240
1492
653
-662
-816
-771
-1492
-2144
-1832
-250
503
336
588
999
1611
1659
1154
566
498
1666
1717
247
16
1634
3015
679
-3094
-3133
-1077
-1360
-4637
-5795
-2546
117
296
21
1174
3044
3706
3724
2665
955
-137
-492
-365
-1450
-2749
-2393
-1176
-421
-794
-612
427
1180
1475
1027
792
1181
1717
1689
777
442
1186
2097
1377
-1451
-3098
-1947
-1049
-3059
-5026
-3247
-325
273
-237
539
2254
3048
2917
2570
1686
383
-526
-637
-974
-1894
-1985
-1055
-382
-228
291
962
950
1072
1312
672
-75
-5
657
855
464
469
798
1861
2643
831
-1967
-2781
-1470
-1445
-4163
-5526
-3215
192
1113
-177
229
2955
4716
3638
1476
596
431
-149
-788
-1811
-2763
-2355
-630
377
-722
-862
1099
2333
1637
339
754
1451
811
232
221
779
789
115
854
2378
1572
-1532
-3094
-1450
-495
-3086
-5294
-3361
129
1009
-455
-434
2267
4240
3179
1065
414
608
109
-631
-1300
-2042
-2243
-927
847
432
-563
323
1898
2107
293
-757
-8
477
36
-741
-176
928
751
680
2016
2992
835
-2184
-2036
-302
-1151
-4513
-5193
-1933
602
7
-1231
516
3667
4061
2058
754
1206
1252
35
-995
-1487
-1784
-1760
-729
278
-22
-489
-8
1384
1859
591
-567
-252
895
652
-979
-1193
352
1274
594
361
2154
2946
652
-1875
-1732
-437
-1996
-5018
-4745
-1579
117
-867
-810
2162
4602
3954
2146
1484
1648
949
-665
-2054
-2846
-2546
-1445
-491
-220
39
1237
2101
1935
1282
751
691
-21
-984
-1387
-1466
-1145
-1098
-483
646
1117
1566
2591
3501
2036
-625
-1585
-1231
-1606
-4033
-5639
-3892
-1148
11
0
1182
3575
4552
3650
2445
1836
1033
-728
-2107
-2508
-2763
-2904
-2004
-340
514
1049
1931
2959
3344
1951
300
-191
-33
-742
-2802
-3542
-2169
-863
-642
-587
754
2534
3085
2510
2326
3529
2814
-965
-3295
-2490
-1788
-4193
-6194
-3822
-346
614
95
1295
4087
5088
3706
2135
1366
491
-1015
-2071
-2675
-3336
-2989
-1427
54
249
673
2230
3126
3082
1949
787
750
356
-842
-2499
-3028
-1768
-1428
-1869
-1550
-182
1507
1544
632
732
1578
1446
-69
-781
29
295
-584
-863
457
1875
1209
-427
-849
39
623
-921
-2574
-2271
-971
-235
-768
-889
294
1459
2013
1852
1179
846
927
1009
70
-1448
-1778
-971
-239
-722
-1134
-194
894
1330
850
519
765
562
348
-99
-772
-786
-446
-207
-279
-168
412
682
688
1231
1585
516
-882
-902
-306
-1144
-3027
-3086
-1148
-94
-693
-685
1059
2590
2438
1726
1670
1422
459
-215
-605
-1260
-1833
-1549
-502
-66
-290
0
805
1508
1276
271
-261
-62
128
-583
-1566
-1346
-373
264
275
302
929
1720
2295
1910
456
-684
-695
-463
-1506
-3256
-3451
-1859
-503
-489
-583
672
2396
2933
2304
1627
1344
890
93
-822
-1684
-2011
-1646
-926
-623
-508
334
1342
1845
1689
1316
994
386
19
-347
-1234
-1926
-1785
-948
-647
-858
-353
604
1035
767
633
875
1007
811
386
59
154
811
893
-417
-1603
-1216
-167
-688
-2281
-2110
-305
609
-95
-432
829
1903
1597
837
459
409
208
-49
-436
-969
-870
-168
345
69
-207
423
991
811
110
-225
61
95
-229
-774
-893
-410
-169
-330
-516
-137
414
366
-33
-196
239
511
170
10
420
809
526
257
1078
1904
943
-856
-1288
-507
-618
-2242
-3227
-2143
-701
-449
-639
99
1715
2623
2267
1674
1360
1085
585
-171
-1062
-1736
-1749
-1122
-578
-664
-405
611
1396
1394
791
631
886
642
41
-650
-801
-464
-504
-721
-735
-143
365
-280
-906
-367
587
334
-770
-383
845
807
-67
-54
1020
1337
667
330
947
1606
554
-1079
-1385
-911
-1168
-2609
-2988
-1655
-512
6
188
1038
2347
2628
2243
1636
1000
300
-517
-880
-1468
-2172
-1921
-954
-207
-259
-76
841
1614
1693
910
385
598
559
-92
-952
-1006
-603
-734
-842
-684
-311
163
363
532
581
599
743
602
410
107
-362
-529
-468
-422
-700
-941
-440
59
132
177
285
506
527
396
233
-122
-154
-94
-512
-836
-656
-53
145
-162
116
772
1149
1039
711
813
1002
1195
1037
-155
-1336
-1527
-963
-1228
-2658
-2861
-1287
283
432
-19
865
2281
2587
1739
638
198
-16
-421
-1011
-1721
-1721
-978
-147
172
-34
401
1250
1593
1251
514
400
499
188
-329
-1063
-1174
-828
-639
-567
-668
-198
515
707
653
534
624
581
193
-59
-366
-714
-836
-685
-395
-388
-387
-1
438
681
640
554
577
485
358
119
-230
-416
-426
-293
-274
-358
-209
7
192
239
131
151
174
170
54
-235
-382
-298
-135
-191
-348
-191
210
469
279
89
332
656
463
-510
-1085
-541
-33
-503
-1328
-772
691
964
404
519
1513
1934
1336
1159
1046
43
-1108
-1346
-1110
-1976
-3004
-2313
-783
-151
-386
192
1646
2300
1916
1336
1113
868
220
-437
-1020
-1335
-1263
-1025
-683
-511
-167
442
824
1090
984
734
721
561
297
-365
-948
-728
-539
-620
-756
-530
177
386
356
539
602
504
219
134
53
-453
-766
-621
-385
-460
-630
-277
249
437
430
521
741
697
437
254
86
-57
-260
-445
-469
-448
-342
-265
-219
-21
141
246
317
313
276
129
51
69
-67
-280
-360
-200
-23
-33
-50
60
254
349
264
98
-35
12
63
-91
-334
-444
-231
-29
-117
-249
-152
221
394
225
111
187
365
334
76
-191
-269
-37
51
-191
-384
-200
146
195
111
-119
-433
-192
482
322
-1088
-1495
235
1289
-136
-1416
117
2068
1364
-179
104
1370
1403
474
-158
-813
-1271
-871
-499
-1358
-2333
-1346
425
555
-406
-250
1243
1945
1198
354
208
519
482
-110
-772
-1051
-591
-19
-103
-452
-267
568
1027
610
108
198
500
320
-168
-501
-548
-415
-274
-201
-338
-284
141
356
157
-51
126
289
0
-284
-160
4
-81
-153
10
212
131
20
168
244
105
-144
-254
-171
-175
-262
-301
-160
92
239
256
318
467
501
412
270
133
5
-144
-219
-301
-399
-363
-228
-109
-117
-133
11
159
134
-41
-120
2
50
-87
-270
-333
-248
-193
-158
-110
-27
213
422
486
571
678
710
610
670
893
422
-668
-1128
-556
-184
-1087
-1895
-1044
278
375
-329
-187
805
1065
447
10
27
52
-84
-133
-230
-402
-203
288
430
46
-85
368
566
153
-331
-237
275
287
-161
-324
152
692
123
-878
-644
484
688
-588
-1170
163
1140
222
-933
-379
882
644
-479
-619
129
450
7
-337
-266
-66
119
102
-181
-443
-197
249
151
-191
-151
339
638
286
-28
32
205
211
-135
-388
-312
-115
-29
-242
-320
0
309
230
-63
20
330
248
-58
-107
94
125
-120
-197
-19
49
-4
-25
-25
-21
1
61
32
-67
-44
52
85
-74
-176
-60
14
27
-80
-108
67
85
1
-104
-54
149
88
-19
-5
76
155
38
-10
34
42
51
-17
-60
-93
-94
-15
-34
-102
-143
-57
77
23
4
65
75
62
-7
0
2
-40
-9
-21
-15
-32
-25
66
62
34
8
7
34
3
22
-1
-48
28
62
1
-69
-35
80
31
-80
-81
-44
12
-8
-25
25
11
3
5
-6
-32
-50
36
77
16
-23
11
66
40
-19
-53
-15
44
-3
-68
-67
-18
49
47
1
-59
-39
119
111
-58
-104
23
135
-30
-179
-31
134
84
-97
-62
123
86
-70
-88
40
67
-36
-49
9
23
-19
0
31
-29
-38
30
64
-37
-112
24
87
-36
-96
-1
79
-13
-53
42
47
13
-8
8
14
-45
10
54
-26
-65
56
208
43
-170
32
352
140
-546
-571
180
401
-279
-711
108
906
271
-556
-196
736
625
-387
-517
155
392
-8
-304
-73
60
19
43
-81
-255
-182
168
119
-332
-283
155
299
-110
-293
123
224
-12
-170
-63
170
27
-107
-85
-63
110
86
-18
22
149
309
81
-172
59
297
101
-305
-215
189
103
-247
-263
37
115
-79
-128
-90
-13
94
45
-103
-135
88
205
-70
-202
21
128
3
-99
31
155
33
36
142
110
55
12
89
107
-29
-49
-24
35
2
-168
-152
-18
52
-90
-241
-56
139
87
-150
-174
151
235
-47
-254
-7
291
29
-261
-105
183
147
-109
-33
115
57
38
43
32
-33
-7
116
41
-73
-43
24
32
-20
-53
-62
-17
31
-22
-90
-51
71
44
-108
-71
53
27
-94
-92
97
116
-86
-72
125
149
-58
-147
93
191
-67
-178
18
163
1
-149
14
126
12
-51
12
39
-31
-4
83
9
-113
-72
82
75
-101
-134
30
157
35
-157
-69
135
90
-80
-78
32
67
-1
-51
-2
22
24
42
-31
-50
38
30
-42
-46
7
25
-35
-45
10
0
-4
-2
-27
25
57
30
-48
-68
132
126
-119
-115
57
175
30
-191
-51
151
104
-94
-194
21
166
-14
-165
-61
127
51
-145
-51
97
45
-34
-23
68
76
-8
2
25
28
36
-47
-104
-35
31
-18
-110
-44
79
11
-93
-4
129
78
-76
-41
126
73
-90
-65
47
38
-85
-53
93
34
-67
19
135
66
-105
-34
150
70
-112
-105
49
59
-106
-106
17
8
-77
-50
73
43
-97
-61
97
115
-38
-99
42
146
64
-69
-71
42
71
-27
-103
-35
59
13
-63
-2
88
36
-52
20
110
12
-91
-11
77
-19
-117
-25
34
-60
-77
36
53
-72
-50
113
86
-83
-70
101
107
-56
-88
20
59
0
-37
-17
0
25
58
18
-41
-6
75
36
-79
-63
42
37
-70
-84
37
55
-68
-69
47
43
-43
-46
13
44
30
-23
-36
37
79
11
-49
3
63
26
-24
-18
10
11
-7
-7
-8
-13
-6
0
11
0
-37
-12
27
1
-24
-13
-9
-7
7
6
-13
-16
0
25
34
-12
-37
27
64
3
-41
-12
33
35
-14
-39
0
29
11
-12
-27
-17
21
26
-26
-51
3
46
11
-44
-29
38
45
-31
-58
14
56
0
-56
-20
34
13
-21
5
37
0
-34
11
47
-3
-38
23
61
-16
-75
-6
62
12
-57
-14
65
32
-51
-37
47
51
-31
-57
-3
30
-3
-49
-49
-6
33
8
-51
-37
63
90
-15
-71
26
101
16
-71
-14
64
26
-51
-49
-2
14
5
-17
-35
-11
44
37
-32
-36
55
80
-22
-77
11
88
7
-93
-42
67
48
-70
-89
21
79
-11
-96
-21
91
54
-64
-52
68
84
-24
-62
24
73
3
-59
-17
44
18
-43
-32
32
36
-23
-37
22
41
-21
-54
1
37
-15
-55
-9
32
-1
-39
-8
31
15
-10
0
16
3
0
17
15
-9
-3
32
24
-29
-39
18
44
-11
-54
-3
58
25
-42
-30
39
55
-2
-37
2
43
15
-37
-35
9
18
-21
-43
-16
5
-4
-22
-15
4
5
-4
-9
1
14
6
0
13
23
6
-8
11
27
2
-17
11
32
-1
-32
4
35
-7
-43
-1
42
3
-42
-8
35
10
-30
-17
12
0
-11
-2
-10
-23
0
30
-2
-46
-6
53
26
-42
-24
42
40
-14
-27
9
22
7
-2
-9
-10
5
18
-1
-24
-6
18
5
-16
-7
8
1
-5
5
-3
-21
-9
18
7
-29
-18
22
22
-17
-23
11
30
8
-15
-10
14
28
6
-30
-22
26
38
-19
-51
2
52
13
-48
-30
33
39
-13
-38
-7
27
21
-18
-34
-8
28
20
-29
-38
12
36
3
-33
-11
33
27
-12
-17
13
25
2
-17
-5
12
3
-15
-10
2
4
-2
-10
0
10
2
-8
-8
6
15
-3
-15
2
20
5
-15
-7
13
18
-8
-22
-2
19
16
-11
-19
8
18
-1
-21
-5
13
2
-11
-3
6
-1
-8
10
12
-6
-12
4
15
-3
-15
0
8
-1
-11
-10
-5
0
3
0
1
10
11
1
-8
-2
5
1
-6
1
4
-2
-3
-8
-9
-1
13
14
-3
-8
6
12
-10
-21
-1
16
8
-9
-11
2
10
2
-7
-3
9
15
0
-12
-2
10
5
-6
-7
2
7
0
-3
0
3
0
-1
-5
-5
-2
0
-1
1
3
0
-7
-4
4
4
-4
-3
5
8
-3
-11
-1
6
3
-4
-5
3
2
-7
-5
0
2
0
-4
0
9
8
5
10
17
10
-3
-2
3
0
-10
-10
-4
-1
-6
-12
-10
-4
4
1
0
5
9
0
-11
-13
-8
-3
-2
-1
0
3
5
4
7
11
10
7
1
0
2
0
-2
0
-2
-6
-5
-2
-1
0
3
2
4
0
-3
-3
-2
-2
-3
-3
0
5
2
0
1
7
7
0
-5
-1
4
0
-7
-6
0
2
-1
-4
-3
3
5
-2
-5
-2
3
0
-6
-4
1
7
4
-3
-2
2
6
2
-4
0
4
2
-5
-9
0
3
2
-2
-1
5
6
0
-1
1
2
0
-2
0
2
2
-1
0
2
1
0
0
0
0
-1
-5
-3
0
0
1
-1
0
0
-2
-1
1
2
-1
0
4
-1
-5
-1
1
3
0
-4
2
4
0
-3
-2
1
1
2
0
-2
1
3
0
-1
0
6
6
0
-3
0
2
0
-5
-3
1
0
-3
-6
-1
2
0
-3
0
2
0
-3
-1
1
3
0
-2
2
0
-1
0
0
1
0
1
5
2
1
0
0
1
0
-1
0
0
-2
0
0
0
-1
-1
-2
0
1
-1
-1
0
0
1
-2
0
1
-2
-1
-2
-1
-1
-1
0
2
2
1
1
2
0
0
0
0
-1
0
1
0
1
1
0
0
-1
-3
-3
0
0
-1
0
1
3
0
0
0
-1
-2
-1
-1
0
2
2
2
1
0
-1
-2
-2
0
1
-1
1
1
2
0
-1
0
0
0
-1
-1
1
0
1
0
0
1
0
0
1
1
0
0
-1
0
0
-1
-1
-2
0
0
-1
0
0
0
0
-2
0
2
-1
-1
2
1
-1
0
-1
0
0
0
0
2
3
1
0
-1
3
2
-2
0
3
1
0
0
1
1
0
0
-1
0
1
0
-2
0
-1
1
-1
-2
1
0
0
0
-3
-1
-3
-2
-2
-2
1
0
-1
1
1
0
-2
1
1
0
1
0
0
-2
0
2
3
2
0
0
2
2
1
2
1
3
0
0
1
0
0
0
0
1
0
-1
-2
0
-2
-2
-4
-3
0
-2
-2
0
0
-1
-2
0
1
1
0
1
2
1
1
0
0
0
0
-1
0
0
0
0
2
1
-1
0
0
0
0
-1
0
0
0
1
0
0
0
-1
-1
1
1
0
0
2
0
0
0
-1
0
0
-1
-1
0
-1
0
0
0
0
-4
-1
0
0
2
1
0
0
0
0
0
1
1
1
2
1
0
0
0
0
0
0
1
2
1
0
-2
0
-1
-1
0
0
-1
-1
-1
0
1
0
1
0
0
1
1
0
-1
0
2
0
0
1
0
0
0
0
0
0
0
1
-1
0
0
-1
0
-1
0
0
-1
0
0
-2
-2
0
0
0
0
0
2
0
2
2
-1
1
1
0
2
0
1
1
0
3
2
0
0
0
0
0
-2
-1
-2
-5
-2
-4
-6
-4
-4
-2
2
1
4
4
5
7
3
1
0
-3
0
-1
-1
0
0
1
2
0
0
2
0
0
-1
0
0
-2
-1
-1
-2
0
0
0
2
2
3
5
4
0
-1
-1
-3
-5
-4
-2
-2
-1
0
-1
0
1
1
-1
1
3
0
0
0
-2
-1
0
0
1
0
0
3
-1
-2
-2
-2
0
-1
1
1
1
2
1
1
0
-1
-2
-4
0
1
2
1
0
3
0
0
0
0
4
0
-1
0
1
0
0
-1
-3
-3
-3
-1
0
0
-1
0
-2
-1
0
0
1
2
1
0
-1
0
-1
-1
0
1
1
0
1
2
1
2
3
0
0
-1
-1
-1
-1
0
1
1
0
1
2
0
0
-1
-2
0
1
0
0
0
0
0
-2
-1
0
-1
-1
0
0
-1
-2
0
0
-2
1
1
0
0
1
0
0
2
1
0
0
-1
0
0
0
3
0
0
3
2
1
0
0
0
-1
1
0
1
0
-1
0
-1
0
-3
-1
-2
0
2
-1
0
-1
-1
0
0
0
0
0
1
0
1
2
0
0
0
0
0
2
2
0
1
0
-1
0
1
-2
0
0
-1
0
0
-2
0
1
-1
-1
-1
-1
0
0
1
0
-2
0
0
1
0
2
3
0
0
0
0
-1
0
2
0
0
2
3
1
0
-1
-2
-4
-1
-1
-1
0
-2
0
1
0
2
1
0
0
0
-1
-1
-1
0
-2
-2
1
0
1
2
0
0
0
0
2
0
-1
-1
0
0
2
4
0
-1
0
0
-2
-1
1
0
-1
0
1
0
0
2
3
4
2
0
-1
-3
-4
-4
-3
-4
0
1
1
2
0
3
6
3
0
1
0
-5
-8
-6
-3
-4
-2
0
0
2
4
4
6
8
3
2
3
-2
-5
-4
-7
-7
-6
-5
-2
2
6
7
9
11
11
7
2
-4
-4
-6
-9
-8
-8
-6
-1
2
4
5
7
7
3
0
0
-2
-5
-6
-7
-5
-3
1
1
3
6
4
5
4
2
-1
0
0
-3
-4
-4
-1
-1
-2
0
1
2
2
1
1
1
0
-2
0
0
-2
-1
0
-3
0
1
1
2
0
0
1
1
1
1
0
0
1
0
-1
0
0
-1
-1
-3
-3
-2
-3
-1
0
0
2
3
2
3
2
0
0
0
-1
-2
-3
-2
-1
-3
0
0
0
2
2
1
2
2
0
0
0
0
1
0
-1
0
-1
0
1
2
0
0
0
0
0
-2
-1
0
-1
1
3
0
0
-2
-3
0
0
-1
0
0
-1
-1
0
1
0
1
0
0
2
0
0
2
5
1
0
2
2
0
-2
0
1
0
1
2
0
-1
-2
0
0
0
-3
-2
-2
-1
-3
0
0
-2
-2
0
0
0
0
0
0
0
0
1
0
0
1
0
0
1
1
0
1
0
0
3
1
3
4
4
4
2
3
-1
-2
-1
-3
-1
1
2
3
2
1
-1
0
-2
-1
1
0
-3
-2
-5
-4
-4
-3
-3
0
0
2
3
3
-1
-6
-7
-6
-3
3
7
8
2
-2
-6
-9
-4
4
10
9
6
0
-5
-7
-2
4
7
6
4
0
-3
-5
-3
0
4
7
5
0
-2
-2
-3
-3
0
0
0
0
0
-2
-2
0
-2
-1
0
-2
-1
0
2
4
2
3
-1
-2
-1
-1
2
3
2
0
-1
0
-1
2
5
2
0
-5
-5
-1
1
4
7
2
-1
-4
-5
-5
-3
0
1
2
0
-1
-2
-1
-3
0
0
0
1
1
2
2
0
-3
-2
1
1
1
1
3
1
0
0
0
0
0
0
5
4
0
-3
-7
-8
-2
1
5
7
3
-1
0
0
0
0
0
0
-4
-6
-3
-2
0
3
4
4
3
0
0
-1
-3
-4
-1
-1
-1
-1
1
2
2
2
2
2
0
-1
-1
0
0
0
0
0
2
3
2
0
-1
-2
-2
-3
0
0
0
0
1
2
0
-1
0
1
0
0
0
0
-1
-1
-2
0
1
0
0
0
2
1
1
0
0
0
0
0
-1
0
1
1
0
0
0
0
0
0
1
3
1
0
-1
-2
-1
-1
-1
1
1
0
-2
1
1
-1
-1
0
0
0
1
0
0
0
-1
0
0
-1
0
1
2
1
1
-1
-1
1
-1
-1
2
-2
0
1
0
-1
0
0
1
2
0
-1
1
1
1
0
0
0
2
-1
0
0
-1
-1
0
0
-2
-3
1
0
0
1
0
-1
2
1
0
0
-2
-2
0
0
1
2
0
-1
0
0
2
1
1
2
0
0
0
0
-2
-1
1
0
0
0
-1
2
1
1
0
-4
0
-1
-2
1
0
0
3
1
0
1
0
0
-1
-1
-2
-1
0
0
0
-2
-1
-1
1
0
0
-1
-1
0
-1
0
0
2
0
0
0
-1
0
0
1
2
0
1
1
0
2
0
-2
0
1
0
0
0
-2
0
0
0
0
0
0
-1
-1
1
1
0
0
0
0
2
0
-1
0
0
1
0
0
1
0
0
0
0
1
-1
-1
0
0
0
0
0
0
-1
0
-1
0
1
1
0
-1
-1
0
0
0
0
1
1
0
0
0
0
-1
1
0
1
2
2
0
0
0
0
2
2
0
-1
0
-1
-2
-1
-1
0
0
0
0
1
0
0
0
-1
-1
0
0
-2
2
1
-1
0
-2
-2
-1
0
1
0
1
1
0
0
1
2
2
0
1
1
0
-1
-1
0
2
1
-1
0
0
-1
0
-1
-1
0
1
2
-1
-1
1
0
1
2
-1
-2
0
0
2
3
1
-1
-3
0
1
0
-1
-1
0
-4
-2
0
1
2
1
-2
-4
-1
0
0
1
0
0
0
-1
-1
1
3
3
1
-1
0
-1
1
3
-1
0
0
-2
0
0
1
0
-1
0
-1
-1
1
2
0
0
1
0
-2
-1
0
0
-1
0
0
0
2
1
0
0
-1
-1
0
0
0
0
0
3
0
0
0
0
0
0
0
1
0
-2
1
2
0
0
-1
0
-1
1
2
0
-1
1
0
-1
-3
0
2
0
0
-2
-3
-1
1
-2
-1
1
3
1
0
-1
-2
-1
0
1
0
1
4
0
-1
0
0
0
2
0
-2
-1
2
1
0
0
0
2
0
-1
0
0
-2
-1
-1
-1
0
2
0
-1
0
0
2
0
0
0
-1
0
0
0
0
1
0
-2
0
0
-1
0
0
0
0
-1
-1
0
2
0
0
0
-2
-1
-1
-1
0
2
4
0
-3
0
0
1
2
1
0
-2
1
0
-2
0
0
-2
-2
1
2
3
0
0
0
0
-1
-1
2
1
0
-1
0
0
1
0
0
0
0
-1
-1
1
0
1
1
0
1
-1
0
1
-1
-1
0
0
0
-1
0
2
0
0
0
-1
0
0
0
0
-1
1
1
1
0
0
1
1
0
0
-1
1
0
-3
0
1
1
0
-2
-1
-1
-1
1
0
0
-3
0
2
0
0
0
0
0
2
1
0
0
0
0
0
0
0
0
1
0
0
0
0
1
2
0
-1
-1
0
2
-1
-1
-1
-1
1
0
0
1
0
0
1
2
-1
-2
0
0
0
0
4
0
-1
1
1
-3
-4
0
2
2
-2
0
5
-1
-4
0
3
0
-3
2
4
0
-2
0
1
-2
-5
-2
0
2
1
-1
-1
1
0
-3
-2
0
1
0
0
0
1
-1
-1
1
0
2
2
1
0
-4
-2
3
0
0
3
-2
-4
-1
1
3
2
3
0
-4
-3
0
4
6
1
-1
-5
-5
-1
3
3
1
-2
-2
-1
-1
1
3
2
-4
-8
-5
0
3
5
1
-1
-1
-1
-1
1
1
0
1
1
2
2
1
0
0
-1
1
0
0
1
3
4
0
1
0
-4
-3
-2
-1
0
1
2
2
0
-1
-2
-3
0
1
0
-2
0
1
-2
2
1
-1
0
-2
-1
1
1
2
2
1
1
0
1
0
0
0
1
1
-1
0
1
1
0
0
0
-1
-2
0
1
0
-1
-1
-2
-3
0
0
-1
2
0
-1
-1
-2
0
1
0
0
1
1
-2
1
0
0
1
0
1
2
1
0
0
0
0
0
0
-2
0
-1
-1
1
1
0
0
0
1
0
-1
-1
-1
-1
0
0
0
1
2
0
0
-1
0
0
0
1
0
0
-1
0
-1
0
0
-1
0
0
0
0
0
1
1
1
1
0
-1
0
-1
-1
0
0
0
0
0
1
3
0
2
0
1
2
-1
-2
-1
-2
0
0
0
0
1
1
2
-1
-4
-1
1
1
1
1
0
0
0
0
-2
-2
0
2
1
-1
0
1
-2
-2
-1
0
2
-1
0
0
-1
0
1
0
-2
0
0
0
0
2
0
-1
0
4
0
-1
0
0
0
1
1
0
1
1
0
2
2
-3
0
1
-2
0
0
-2
-1
-1
0
-1
-1
0
3
1
0
-1
-1
-1
-1
1
2
0
0
4
1
-1
-1
-2
-1
0
2
2
1
-2
0
0
-1
0
0
0
4
1
-1
2
1
0
0
-1
-2
-3
0
-1
0
-1
0
2
0
0
0
-1
0
-2
0
3
-1
-2
0
0
2
1
0
0
3
1
0
0
-2
0
-2
0
2
1
0
0
0
-1
-1
0
0
0
-2
0
1
0
-1
0
-1
-2
0
0
-1
1
0
-1
0
0
0
0
-1
0
0
1
2
1
0
1
0
-1
0
1
0
-1
0
0
0
0
0
-2
0
1
0
0
-1
-1
0
0
0
0
0
0
0
0
0
1
1
0
0
0
2
-1
-3
0
0
0
0
-1
-2
-1
0
0
0
0
0
0
0
1
0
0
2
1
2
0
0
0
1
-1
0
2
0
-2
0
0
0
0
0
0
-1
1
0
-2
-1
0
0
0
0
-2
-1
0
0
-1
0
1
-1
1
3
1
1
-1
-2
0
1
0
1
2
1
-2
0
0
-2
1
3
1
-1
0
0
0
0
0
0
-1
0
0
0
-1
-1
0
-1
0
3
1
0
0
-1
0
0
1
0
-1
1
3
-1
0
1
0
1
1
0
0
-2
-1
0
-1
1
0
1
0
-1
0
0
1
0
0
0
-1
-1
-1
0
2
0
0
0
0
1
0
-2
1
0
-1
0
0
0
0
0
1
0
0
1
0
0
0
0
0
-1
0
0
3
1
0
0
1
3
0
-3
-1
2
3
-1
-2
1
0
-2
-2
0
0
0
-2
0
0
-2
-2
0
0
0
1
2
0
0
-1
0
2
2
-1
-1
0
0
0
0
0
1
2
0
2
0
-1
1
2
2
0
0
-3
-2
0
0
-1
-1
-3
-1
2
3
0
-2
-3
1
3
0
0
-1
0
1
-1
0
1
0
-1
-2
1
2
2
0
0
-1
1
0
0
1
-2
-1
1
0
0
-1
0
-2
0
1
0
0
-2
3
1
-3
1
3
0
-2
-1
1
0
0
0
0
-2
-1
2
0
0
0
1
0
-2
-2
0
0
-2
0
0
0
0
1
1
0
0
0
0
-1
0
1
-1
0
1
0
-1
-1
0
2
0
0
0
-3
-1
1
0
-1
0
0
0
0
0
0
0
0
2
1
1
0
-2
1
0
-1
0
-2
0
1
0
0
0
0
0
1
0
0
0
1
0
0
2
0
0
-2
1
1
0
0
1
0
-2
0
0
-2
0
0
0
0
0
-1
0
1
-1
0
0
0
0
1
0
-1
-1
0
1
0
-1
0
0
0
0
0
0
-1
0
0
-1
0
1
0
-1
1
2
0
0
0
-1
0
1
0
-1
-3
2
1
0
-1
-1
0
-2
-1
1
-2
-2
0
1
1
1
2
0
2
0
0
0
0
1
0
-2
0
0
0
0
0
0
-2
2
1
-1
0
0
-2
0
1
0
-1
-1
0
2
0
0
0
1
-1
0
1
-4
-2
-2
-1
1
0
-1
0
2
1
1
2
3
1
-2
0
0
-1
0
-1
0
0
0
0
1
0
0
0
-2
-2
0
0
0
1
1
1
0
1
0
0
1
-3
0
2
0
-1
0
0
0
0
-2
0
1
-1
-4
0
-1
-3
0
-1
-3
-3
0
1
2
2
3
2
3
6
7
5
5
4
4
2
0
0
0
-1
-1
-4
-7
-7
-4
-4
-6
-4
-3
-4
0
0
0
1
3
2
1
1
3
5
3
1
1
0
-1
3
6
2
0
0
-1
0
0
-2
-1
0
-1
0
0
-1
-2
-1
-2
0
0
0
0
0
-1
0
0
-1
0
-3
-4
0
2
0
1
2
0
0
2
0
-2
0
1
1
1
2
1
2
4
1
0
0
-1
0
0
-1
-1
0
-1
-1
-1
-1
-1
-3
-3
1
0
-1
0
-1
-1
2
2
0
1
0
-3
0
4
2
2
0
-2
0
0
0
0
-1
0
0
0
1
0
-3
-1
0
3
4
0
-3
0
0
-1
0
0
0
0
1
1
0
0
0
1
-1
0
1
0
-1
-2
0
-2
0
0
0
0
0
-1
0
1
2
2
-2
0
0
0
0
2
-1
-2
-1
2
2
1
1
0
0
1
-1
-2
0
1
0
-1
1
0
0
-1
-1
0
0
-1
-1
-2
0
0
1
4
0
-2
0
1
1
-1
0
0
-2
1
2
0
1
0
0
-1
0
1
0
2
1
-2
0
0
0
0
0
0
0
-2
0
0
-1
0
0
0
0
-1
-2
-1
0
1
0
0
0
0
-1
0
2
3
0
0
0
0
0
0
0
1
2
-1
-2
1
0
-2
0
1
0
0
-1
0
0
0
1
0
-2
0
0
0
0
0
-1
-1
0
0
0
-1
0
1
0
0
1
0
0
2
0
2
-2
-1
1
0
1
1
-3
-2
0
0
-1
-1
-1
0
0
0
0
0
0
0
0
2
2
0
-2
0
1
2
0
0
0
1
0
-1
0
0
0
-3
-1
0
0
0
0
-1
0
2
1
0
1
0
0
-1
-1
1
0
0
0
0
0
0
1
2
-1
0
2
0
0
0
-1
0
0
1
1
-1
-1
1
1
0
0
-2
-1
-1
-2
0
1
0
0
-1
0
0
0
1
0
-3
1
0
0
1
0
0
0
0
0
0
1
0
0
0
1
-1
-1
2
0
-2
1
0
0
-1
0
0
0
1
0
-1
0
-3
-1
0
-1
1
0
1
0
0
1
1
-1
-1
1
-1
0
-1
-2
-1
1
4
1
0
0
0
0
1
3
0
-1
-1
0
1
2
1
0
-2
-2
-1
0
1
0
1
0
-2
-2
1
0
0
3
-1
-1
0
0
2
0
1
0
-5
-3
-1
3
0
1
0
-2
0
0
-1
4
4
-1
-3
-4
-2
-1
3
4
-1
0
2
0
0
0
0
0
1
0
0
2
0
0
0
0
3
0
-3
-1
0
-2
0
0
-3
0
1
-1
-2
0
0
0
1
1
0
2
3
-1
-2
-1
-1
0
0
2
-1
-2
1
1
1
0
0
-1
0
1
-1
-2
-5
0
3
1
2
0
0
3
0
1
2
-1
-2
0
0
-1
-1
1
0
-1
1
1
-1
0
0
0
0
2
2
0
0
0
0
-1
0
1
-1
1
1
0
-1
0
0
-2
0
2
0
1
2
2
-1
-2
1
0
0
1
2
-1
-1
0
0
2
0
0
-1
0
1
0
0
-2
-1
0
0
0
-2
-3
0
2
1
0
1
0
-3
-2
0
0
-1
0
2
0
0
-1
-2
0
2
1
0
0
0
1
0
1
1
0
0
1
0
-1
0
0
0
0
0
0
0
0
0
0
-1
-1
-2
-1
1
0
0
3
1
0
0
-1
-1
-1
0
0
0
2
1
0
0
2
1
0
-1
0
0
-2
0
0
0
1
0
0
1
2
-1
-2
0
-3
-1
0
-1
0
2
1
0
-1
0
-2
0
-1
0
2
1
0
0
0
1
1
0
-1
-1
-1
0
1
0
-1
0
1
0
0
1
0
0
0
0
0
-1
0
2
1
0
-1
-1
-1
1
2
0
2
0
-2
0
0
1
0
-1
-2
-1
-1
0
0
2
1
0
0
1
0
-1
1
0
0
0
0
1
0
0
-1
0
2
0
0
-1
1
0
0
2
0
-1
-1
0
-1
0
0
0
0
0
1
0
0
0
0
-1
-1
0
-1
1
2
0
0
0
-1
0
3
3
-1
-4
-2
0
0
1
0
1
3
0
0
0
0
0
-1
0
-1
0
0
-1
0
0
1
0
-4
-3
1
3
4
1
-3
-2
1
1
0
-1
0
1
0
0
0
2
0
0
0
0
2
2
0
-2
0
2
-1
-2
0
1
0
0
0
-1
-3
-1
3
2
0
0
-1
1
4
2
0
-4
-4
2
5
0
-4
-5
0
2
2
0
-5
-2
2
4
1
-2
-1
-1
0
2
0
-3
-1
-1
0
1
0
-1
0
2
3
1
0
0
0
2
0
-1
0
1
0
-1
0
-3
0
1
0
0
-1
0
0
2
0
-2
2
0
0
1
0
0
-2
0
3
1
-1
-1
0
0
0
-1
0
0
1
0
-1
0
0
0
0
0
0
0
0
-2
0
0
1
0
-2
-1
0
0
1
1
-1
-1
2
0
1
3
0
0
0
1
0
0
1
0
-1
4
3
0
0
0
-3
0
2
-1
-3
-1
-1
-3
-1
-1
0
1
-2
0
1
0
0
-1
1
1
0
1
0
3
3
0
-1
1
1
-1
1
0
0
3
-1
-3
0
0
0
1
-1
-4
0
1
0
-3
0
0
-2
-2
0
0
0
0
-2
0
0
0
1
0
-1
2
3
1
2
2
-1
0
2
0
0
0
0
-1
-4
-1
2
0
-5
0
2
-2
0
0
2
1
-3
-4
0
0
1
1
0
0
3
0
-1
1
1
1
2
0
-4
-3
1
4
3
-2
-3
-5
-2
5
4
0
-6
-9
-5
1
7
4
-3
-7
-6
0
10
10
6
-1
-4
2
9
13
9
1
-5
0
4
6
7
-5
-11
-11
-10
-3
-3
-9
-15
-17
-14
-7
1
0
-5
-4
-4
0
10
8
7
6
2
9
12
11
10
4
0
4
7
5
3
0
-7
-3
0
0
2
0
-5
-6
-5
-2
1
-1
-2
0
0
0
-2
-5
-3
2
3
3
0
-6
-7
-4
-3
2
1
0
-1
-1
1
0
0
2
2
4
5
4
0
0
0
2
3
3
2
0
-2
-2
0
-1
-1
-2
-5
-2
-1
0
0
-1
-2
0
0
0
0
0
0
0
0
3
0
-3
0
0
0
1
1
3
1
-1
1
3
1
1
0
0
0
2
1
0
0
-2
0
0
0
1
-2
-4
0
0
0
1
0
-2
-2
0
-1
0
0
-3
0
-2
2
7
0
0
0
0
1
1
0
0
0
0
1
1
-1
1
-1
-2
1
0
1
1
1
0
1
0
0
-2
-3
-2
0
0
1
1
-1
0
-1
-1
-1
-2
-1
0
0
0
1
0
3
3
-1
0
0
0
0
0
-1
0
4
2
-1
-2
0
0
1
1
0
0
0
0
-1
-1
-3
-1
3
0
-1
-1
-1
0
0
1
0
0
0
1
3
2
1
1
-3
-1
2
0
-1
-2
0
0
-3
-3
0
0
0
1
1
0
-1
0
1
2
1
0
-1
-1
0
3
0
-1
2
2
3
0
-3
-1
0
0
0
0
-1
1
0
0
0
0
1
0
0
0
0
1
0
0
1
-1
-2
0
0
0
-1
0
0
2
1
-1
0
0
0
-1
0
0
-1
0
-1
-1
2
1
1
0
0
-1
-2
0
1
0
1
-1
-1
0
2
0
0
0
0
1
0
0
0
-1
0
0
1
0
0
0
-2
0
2
-1
-2
0
0
1
0
-1
-1
0
0
0
0
0
0
1
1
0
0
0
0
2
1
0
0
-1
0
0
-1
0
0
0
2
1
0
-1
-2
0
1
0
-1
1
0
1
2
0
2
0
0
0
-1
1
0
-2
0
2
0
0
1
0
0
0
0
-1
-1
0
1
-1
1
2
-1
-1
-2
-2
2
2
0
1
0
-1
0
0
-1
-3
-1
3
0
0
0
-1
0
0
0
-1
0
0
1
4
1
5
2
-2
-1
0
4
1
-1
-1
-1
-1
-1
0
-2
-2
-1
-1
-2
0
2
2
1
-1
0
1
0
2
0
-2
-1
0
1
0
2
-1
-1
0
0
2
0
-1
-1
0
1
0
-1
0
-3
-1
0
0
2
3
1
0
0
0
1
0
5
3
-3
-4
-1
-2
1
5
0
-5
-5
-2
3
4
0
-2
-4
-3
1
4
2
0
-4
-3
0
0
2
2
0
1
4
1
1
-3
-5
0
0
0
-3
0
0
0
4
3
0
0
0
0
0
-1
-4
-2
2
0
0
2
0
0
3
0
-2
-4
-1
4
0
0
0
-4
0
4
0
-3
2
2
-3
6
2
-12
1
4
-3
5
4
-2
-3
-1
-1
-2
4
4
-8
-1
8
-3
2
5
-9
-3
2
-7
0
8
-5
1
5
-7
0
6
-3
-2
1
-5
0
8
0
0
0
-1
4
0
-1
3
0
-4
1
4
0
2
-1
-7
2
0
-2
8
1
-10
1
2
-7
1
3
-4
-1
0
0
1
0
-2
0
-1
0
3
0
-5
0
7
0
1
2
-5
-1
1
4
4
-1
-2
-3
-1
5
4
0
-7
-7
6
3
2
2
-5
-3
3
3
0
-6
-2
4
0
1
1
-6
-3
4
3
1
-2
-7
0
3
0
-1
0
0
-1
0
4
0
-2
3
3
1
4
0
-2
2
-2
-1
7
-3
-6
4
0
-3
0
2
1
0
-1
0
-1
0
-5
-5
2
0
-4
5
3
-8
7
-1
-16
8
-2
-9
23
-1
-10
19
-15
-25
17
-4
0
37
-12
-15
24
-22
-14
28
-7
-7
28
-4
-19
12
2
-11
4
13
-4
0
11
-4
-10
1
1
-7
2
5
1
5
-2
-6
-5
-6
8
3
-12
5
8
-13
0
7
-15
0
6
-18
-3
7
-5
-2
-2
-7
-7
-5
1
2
-5
6
7
-8
5
18
1
5
13
-5
-2
13
11
7
11
8
0
-8
-4
7
-5
0
14
-5
-4
1
-17
-13
0
-4
0
4
-2
-4
-10
-8
-1
-2
1
7
-1
0
4
-10
-6
0
-3
2
6
1
2
0
-2
5
8
0
2
5
-1
6
12
-1
0
10
4
-4
2
0
-2
0
1
0
-6
-10
-6
-3
-8
-4
-3
-11
-11
2
2
-5
0
0
-2
1
0
4
8
4
2
7
0
2
6
2
7
5
1
7
-1
-8
9
2
-4
12
1
-5
5
-3
-2
3
-5
-2
2
-5
-2
-3
-2
3
-8
-4
7
-2
-8
-2
-1
-4
1
4
-2
-7
0
3
-1
0
-1
7
7
-7
4
8
-6
0
6
0
1
4
0
4
-3
-4
6
-1
-3
0
0
0
-2
-2
-1
-1
-3
0
0
1
3
0
0
0
-3
0
0
2
-2
-2
2
0
-2
3
0
-1
1
0
0
1
-1
-1
0
0
2
3
-1
0
1
1
2
1
0
0
0
-1
0
-1
-1
-2
0
0
0
0
0
-1
0
0
1
0
-1
0
0
0
-3
-3
2
2
2
4
0
0
1
0
0
1
0
-1
3
1
-3
0
0
0
1
2
-1
-1
-3
-3
1
0
-1
-1
1
0
1
0
-4
1
0
0
3
-2
-5
0
2
2
4
0
-3
-2
8
6
-3
-5
-4
7
10
0
-1
-3
-5
1
5
3
2
-8
-11
1
4
7
4
-11
-14
0
3
15
17
-11
-20
-9
-4
17
28
0
-22
-16
-2
14
24
5
-21
-19
3
11
25
14
-34
-31
2
9
29
21
-30
-23
9
6
8
3
-17
-2
21
10
-20
-21
0
0
21
12
-24
-14
12
15
-1
-6
-20
-14
26
24
5
-17
-17
4
6
24
13
-20
-6
10
1
7
8
0
-2
1
9
-7
-8
14
-1
-12
1
-4
-11
7
4
-24
-11
16
-1
-6
1
-17
-20
10
20
-11
-16
0
2
5
15
-8
-20
4
16
7
1
3
-11
0
22
13
2
-1
5
-7
-3
12
3
2
3
-2
-9
0
4
0
0
-2
-7
-3
-2
-5
5
-4
-10
-2
5
-10
-2
9
-17
-1
8
-14
0
10
-4
-1
1
4
2
-2
11
-2
0
15
-1
2
9
-2
0
14
4
-10
5
7
-2
2
4
-9
-4
4
-2
-9
-6
7
0
-13
2
0
-14
2
-3
-7
5
-8
0
-3
-7
9
-5
0
5
-5
10
5
0
-3
-26
20
26
0
12
-27
-11
19
9
18
-5
-15
9
-5
-2
18
-5
11
2
-22
-1
-9
14
12
-5
-14
-28
1
11
23
-7
-22
-15
-6
21
-2
-7
-1
-6
5
8
-18
1
5
12
19
-31
2
15
4
8
-13
-4
10
24
9
-24
-12
8
25
19
-29
-13
9
1
17
-3
-19
0
-7
17
21
-31
-24
16
32
-9
-27
0
4
2
7
3
-9
0
-16
4
31
-10
-31
-2
31
1
-25
-2
5
0
8
2
-9
-7
-1
22
-4
-24
14
7
-3
-3
-4
15
-5
0
13
-5
-3
-1
15
-4
-25
15
16
-13
-7
8
3
-15
0
22
-12
-22
13
13
-18
-8
19
0
-20
3
29
-2
-30
8
30
-12
-21
17
16
-17
-7
23
2
-23
0
17
-5
-11
13
11
-16
-10
13
1
-11
3
1
0
4
-11
-4
7
0
0
0
4
3
-12
6
9
-6
-2
2
3
-4
-2
5
2
-9
4
7
-9
-11
8
16
-11
-11
6
3
4
0
-2
-2
0
8
1
-5
-4
3
11
7
-24
-17
21
15
-9
-1
-4
-25
6
38
0
-37
-9
24
0
-4
14
-7
-22
9
22
-4
-16
9
7
-11
-8
16
9
-19
1
2
-16
8
20
-10
-16
0
2
5
10
-4
-8
-3
-2
9
6
4
0
-14
0
16
8
-2
-4
0
-4
5
12
-5
-19
-2
23
0
-16
10
3
-9
5
4
-4
-4
-1
3
2
-12
-11
17
5
-18
-4
7
-3
-3
3
5
-3
-15
4
18
-2
-13
8
9
-16
-1
26
5
-13
-3
8
2
1
13
-5
-14
-1
4
5
-3
-4
-5
0
-4
-4
9
0
-10
0
2
-9
2
9
-2
-9
0
4
0
0
0
0
-2
-5
0
13
2
-12
3
9
-2
4
7
0
1
8
3
-4
1
0
1
1
-4
0
2
-3
0
-1
-3
5
3
-11
-4
8
0
-6
-1
5
-1
-7
3
12
-18
-10
26
-14
-18
18
-5
-14
4
7
-2
-12
-3
16
5
-25
7
29
-18
-8
25
1
-18
5
23
-9
-19
8
24
-1
-19
6
7
-13
3
17
-10
-24
0
22
8
-7
-5
4
-18
2
41
-11
-25
6
2
-2
12
3
-16
-4
1
3
10
-10
-10
13
-2
-10
13
0
-4
-6
-4
15
-7
-5
2
4
-3
-5
24
-15
-10
13
-12
11
6
-3
-15
6
15
-10
10
-9
-1
2
-7
12
0
-7
-2
3
7
-4
-2
14
-9
-14
19
0
-8
-3
2
11
-16
1
16
-8
-3
-2
15
-12
-16
26
-11
-7
6
-1
5
-15
2
12
-6
-9
1
10
-7
-3
13
-5
2
3
-12
25
-9
-24
40
-18
-19
41
-22
-5
16
-22
20
1
-19
16
0
-3
-1
-2
8
-12
-1
9
-16
0
1
-7
6
-1
3
1
-3
0
3
1
0
10
-11
-5
24
-11
-7
12
-9
2
0
-13
6
6
-10
-1
12
-7
-6
13
-1
-6
0
6
4
-14
6
15
-13
-3
12
1
-6
-7
7
9
-10
-6
9
0
-8
-2
7
3
-11
-2
7
4
3
-7
-8
11
5
-9
-4
8
2
-9
1
7
-2
-4
0
4
0
-2
2
-4
-5
3
0
-4
-3
8
6
-4
0
1
-5
0
1
5
2
-1
-8
-9
7
15
2
-11
-4
4
-7
-3
18
2
-14
-5
-3
9
3
-3
8
-5
-8
5
4
4
-3
-12
1
1
3
3
-6
-3
0
2
5
4
-4
-2
0
-6
12
7
-8
1
-6
-4
5
5
6
-6
-8
-2
2
11
0
-2
0
-7
-2
4
7
-2
-7
3
2
3
-5
-11
14
-4
-7
11
-2
6
-3
-11
14
-3
-9
11
-7
-6
5
2
0
-5
2
-3
-1
7
-7
5
1
-4
7
-7
0
19
-10
-10
21
-6
-15
16
2
-7
-2
2
5
-8
-1
9
0
-9
4
9
-11
-4
9
2
-6
4
-3
-16
7
6
0
-1
-5
-1
-14
2
30
-14
-11
16
-26
-1
31
-3
-2
5
-17
-18
19
22
-10
5
8
-26
-6
23
-2
14
11
-28
-2
7
0
4
8
-4
-16
5
15
-10
-4
10
-12
-4
15
-10
-20
10
20
-16
-12
21
-5
-12
16
6
-19
7
18
-10
-7
0
-2
7
13
-6
0
-6
-7
25
0
-26
10
22
-11
-4
6
-13
-7
6
9
11
-12
-28
4
12
2
10
-13
-20
10
0
-7
9
-3
0
4
-19
2
27
-8
-15
12
-3
6
22
-13
-16
19
5
2
21
-20
-9
30
-4
-19
24
4
-19
3
-1
-3
1
-10
2
4
-8
3
-7
-4
6
6
5
-16
-10
20
-3
-19
14
0
-10
0
-1
-3
-9
17
13
-28
-10
24
10
-18
0
17
-6
-3
22
0
-16
4
20
4
-17
-9
13
10
-6
-9
0
7
-3
6
2
-20
6
19
-7
-18
0
18
-4
-19
0
4
-3
6
3
-14
0
10
7
-12
-12
25
5
-23
5
15
-5
-9
10
6
-10
-5
9
12
-5
-14
17
12
-20
10
9
-13
-1
3
-2
-7
-3
3
8
4
-6
-4
5
7
-1
-12
0
9
-8
3
7
-9
-3
0
1
0
-2
21
0
-35
-10
11
4
1
10
15
-6
-22
-9
6
15
0
-10
2
4
-1
-2
7
7
-14
-9
16
10
-2
1
0
-7
-4
9
9
-8
-5
13
6
-7
2
5
-7
-7
6
11
-13
-17
16
16
-19
-20
9
7
-9
0
2
-14
1
20
-1
-26
0
26
-7
-15
17
5
-23
2
33
-9
-23
22
11
-16
3
15
-1
-6
0
-3
0
17
-6
-25
9
15
-6
-9
-5
0
-1
4
4
-5
-5
-2
7
15
-12
-21
9
10
-4
-4
-2
-2
4
12
-11
-25
8
25
-4
-12
4
5
4
2
-4
-8
1
11
2
-7
4
4
-1
3
-1
0
-2
-4
10
-7
-8
15
-2
-13
5
3
-8
-2
9
0
-7
-2
4
0
1
0
-5
-3
1
8
0
-7
1
3
-3
0
4
4
7
-7
-8
6
0
3
-2
-7
0
7
6
-10
-6
0
12
1
-8
-1
8
0
-1
-10
-12
13
11
1
-19
-15
15
17
3
-13
-8
-2
8
14
-8
-13
1
15
7
-12
-3
5
0
-6
7
5
-6
5
1
-9
-1
10
5
-9
-8
10
4
-6
0
-3
-1
7
6
-5
-6
-1
-2
-1
3
-1
-11
-6
4
8
-2
-4
0
-4
8
8
-10
-5
10
8
-3
-10
-7
9
17
2
-9
-10
6
21
5
-19
-12
8
13
1
-10
-10
4
9
0
-1
-1
6
-2
-10
4
3
1
9
-1
-29
-1
36
1
-27
-6
1
-2
15
18
-21
-26
10
12
-2
5
0
-19
-3
22
8
-4
-3
-11
-7
13
21
-1
-12
0
-5
-1
10
13
0
-16
-6
0
15
13
-2
-10
-12
-1
16
19
-2
-24
-14
17
16
-6
-14
-5
8
5
-3
-9
-3
12
1
-15
-11
1
11
6
-2
-6
-10
-4
8
18
13
-14
-17
0
17
17
2
-13
-16
-2
16
15
0
-10
-14
0
9
7
-3
-9
1
1
0
-5
-8
12
11
-6
-15
-2
15
-2
-7
7
-5
-4
11
5
-19
-1
29
-9
-19
15
0
-2
15
-3
-14
3
6
0
7
3
-11
-7
13
2
-11
14
8
-20
-5
12
-6
-11
8
13
-10
-19
14
5
-19
3
8
-3
-7
-1
9
-10
-16
19
9
-11
14
1
-15
6
-1
-1
15
-7
8
17
-25
0
23
-4
0
8
-4
0
2
-9
-3
2
9
7
-10
3
-2
-23
0
19
6
-8
-4
0
-9
-10
6
3
-13
5
12
-8
-4
2
-6
-12
7
26
1
-9
1
-6
-4
6
4
7
-2
-8
16
2
-14
8
0
-10
12
8
-8
-1
3
3
-6
-10
1
1
-1
7
0
-9
-8
7
8
-12
-2
10
-13
-6
15
3
0
5
-6
-6
1
9
16
-11
-11
10
0
-6
2
14
7
-17
-12
9
10
4
-4
-16
-2
7
1
-2
1
7
-2
-13
-3
9
14
1
-24
-11
17
8
1
1
-12
-7
3
2
0
10
0
-11
-7
2
15
0
-10
-3
4
7
5
-3
-3
6
2
-4
-3
5
9
-6
-13
5
13
-3
-9
-2
4
5
1
-13
-11
6
12
9
-9
-27
-7
17
20
8
-15
-24
0
14
13
7
-12
-18
3
17
4
-9
-5
7
5
-2
-6
-3
1
3
6
-3
-4
5
-2
-4
7
-2
-1
4
-2
-2
0
-3
4
-2
-3
4
-3
-3
1
1
3
-6
-8
14
11
-10
-9
0
3
11
-1
-11
7
1
-3
4
-4
0
11
0
-9
4
4
-8
1
6
-6
-3
2
2
2
-9
0
11
-6
-9
9
1
-11
-1
13
1
-16
6
14
-14
-8
14
3
-11
7
10
-13
-2
12
-6
1
8
-3
1
-2
0
4
-3
1
7
-3
-5
0
1
0
-2
0
4
-5
-6
4
-5
-3
6
-4
-3
4
-8
-8
9
-1
-6
3
5
4
-2
2
4
-1
5
6
4
1
3
-1
-5
2
4
-2
-6
-1
-2
-2
3
-5
-5
3
4
-6
-3
12
3
-5
-3
2
5
3
3
-3
-4
8
4
-8
-6
0
0
2
0
-6
-3
0
-3
-2
2
-4
-5
-1
-2
3
4
-3
-9
-1
16
3
-15
9
13
-14
2
19
-6
-2
12
-7
-3
19
6
-14
4
13
-12
0
19
-10
-17
19
0
-20
6
13
-9
-15
0
-1
-4
-3
0
0
-8
-11
-6
4
4
-6
-5
1
-1
-1
5
8
2
-3
-6
0
10
4
4
7
-7
-4
6
8
7
5
-3
-6
3
5
3
6
4
-9
-10
10
10
-5
-2
0
-4
1
4
1
-1
-5
-4
-4
2
5
-3
-9
-3
-6
-2
6
2
-3
-5
-5
5
5
0
1
0
-4
-1
7
8
2
-4
-3
8
10
2
-2
-12
0
16
2
-8
-2
-3
-1
2
-1
-1
7
3
-15
-8
13
8
0
-2
-12
-1
7
0
0
1
-1
-8
-7
12
8
-5
-2
-8
-1
18
0
-18
-1
2
1
12
5
-9
-1
-3
-12
8
26
3
-3
-6
-21
0
19
3
-3
0
3
-10
-11
15
0
-6
15
-15
-6
21
-13
-7
10
-7
11
-1
-22
13
8
-10
3
0
1
8
-1
-5
1
-1
-3
5
0
-1
9
-6
-7
8
-7
-4
4
-6
9
-1
-9
9
-8
-3
15
-2
4
0
-16
6
5
-3
3
-3
3
4
0
-1
-8
1
10
-3
-5
5
2
0
-6
-9
6
12
-6
-10
6
5
-2
7
-7
-11
11
3
-6
-1
3
-1
-8
5
2
-7
6
4
-6
3
2
-6
3
4
-4
0
1
-3
0
3
-3
-4
9
2
-6
3
4
-1
2
3
-4
-1
3
-1
-4
4
1
0
0
0
0
0
1
-1
-2
-2
-1
2
1
-3
-1
0
-2
0
0
-4
0
1
-2
0
2
-3
-2
5
0
-2
6
8
-1
0
1
-2
-1
1
6
-1
-4
1
-1
-6
-3
4
0
-5
1
4
-3
-2
2
-2
-1
2
0
0
0
0
1
1
0
0
-2
0
0
1
0
-2
0
-1
-2
2
4
2
1
0
0
0
0
1
-3
-2
1
0
1
-1
0
1
-4
0
0
2
1
0
1
-3
-2
0
-6
-3
8
5
-3
-1
-3
-2
2
4
3
0
0
1
-6
-3
-1
-2
8
5
-3
0
0
-4
-5
3
7
2
0
4
-2
-14
-3
5
3
11
6
-12
-15
0
8
0
2
2
-3
3
1
-9
-4
5
7
3
0
-5
-7
1
0
-6
7
0
-2
11
1
-10
-9
-2
4
16
13
-7
-15
-1
8
0
5
3
-5
3
-5
-15
4
14
-2
3
10
-16
-19
18
6
-12
10
-16
-9
34
-18
-31
31
15
-28
12
14
-31
2
24
-5
-10
10
-6
-14
26
6
-23
10
17
-25
-25
25
23
-5
-2
-4
-6
6
-1
-5
12
-3
-11
15
11
-12
-18
-6
14
13
0
-14
-8
9
-2
0
7
-11
-1
13
5
3
-5
-12
-10
11
29
-1
-31
-2
16
8
0
-7
0
-5
0
15
0
-15
-4
16
16
-10
-20
-10
6
24
1
-17
5
5
-11
-14
-7
15
20
2
-5
-7
-8
-1
-1
7
17
4
-6
-5
-1
-2
-2
-1
0
17
4
-21
-6
2
-5
7
9
-5
-1
-6
-3
6
-7
-2
15
9
1
-5
-13
-5
7
1
-1
2
-3
-9
4
17
2
-9
-8
-7
1
13
13
0
-14
-12
7
14
4
-1
-11
-12
9
16
0
-8
-3
0
3
7
2
0
-2
-11
-8
14
16
-13
-9
13
0
-23
-14
24
23
-18
-17
13
4
-20
1
28
0
-24
1
8
-12
-4
17
12
-11
-8
-3
0
17
13
-11
-19
-7
4
12
33
14
-35
-38
5
26
8
4
12
0
-28
-27
4
29
26
0
-16
-19
-14
6
22
8
-20
-17
16
19
-8
-12
-7
-5
11
16
-2
-11
-3
5
9
1
-12
-3
9
-3
-7
15
7
-19
-1
18
-8
-26
7
32
2
-19
-12
-3
4
8
2
-2
0
0
1
-2
-7
-1
9
8
3
0
-5
-4
5
1
-8
2
4
-7
2
4
-5
-5
8
12
-1
-11
-10
7
9
-5
-2
4
-5
0
9
-9
-10
9
6
-13
-10
6
6
5
4
-2
-4
0
-1
-7
3
15
6
-8
-10
-1
5
7
-2
-11
-1
9
4
-1
-2
0
0
-1
0
5
5
-5
-8
2
7
5
2
-3
-6
-5
0
4
0
2
3
-3
-12
-4
9
7
0
-7
-9
0
10
5
-5
-4
1
4
1
-3
-6
4
9
6
-1
-9
-7
6
11
3
-1
-3
-6
4
6
0
-2
-2
-7
-10
6
17
6
-13
-19
-3
7
5
1
1
0
-8
-7
2
8
9
-1
-5
3
3
-5
-3
4
3
-2
-5
7
6
-3
-4
-3
0
5
-1
-7
3
11
0
-11
0
8
-1
-4
4
1
-4
0
-3
4
7
0
-2
0
-1
-1
3
1
-2
-6
-5
3
9
5
-3
-7
-3
0
2
2
-1
0
0
0
0
0
1
4
2
-2
-3
0
1
3
0
-6
-4
0
1
2
2
-2
-3
0
4
2
-3
-3
2
7
5
-3
-3
0
3
6
2
-1
-4
-2
1
2
0
-8
-3
4
6
3
-2
0
0
-1
-1
-2
-1
0
-1
-2
0
0
1
1
2
2
2
2
0
-3
0
2
0
-1
-1
0
1
0
-1
1
3
2
0
-2
-2
0
0
2
0
-1
-1
0
1
0
-2
-2
-2
-2
0
0
0
-1
-2
0
2
4
1
1
3
0
0
-1
-4
-2
1
1
0
0
2
2
0
0
0
3
4
3
1
-1
0
-2
-1
0
-1
0
0
-3
-1
0
0
-1
-4
-4
-2
-1
0
1
2
1
3
0
-5
-4
0
1
1
1
2
0
0
1
2
2
0
2
3
0
0
0
0
-1
1
3
2
4
0
-2
2
-1
0
0
-1
0
-2
-4
-2
0
-1
0
0
0
0
1
0
-1
-1
0
0
-1
-2
-2
-1
-2
0
0
2
2
-1
0
1
2
2
1
1
1
2
4
1
-3
-3
0
0
0
0
0
-1
-1
-1
-3
-4
-4
0
0
0
0
0
0
-2
0
3
0
-1
1
1
1
2
2
1
1
4
1
1
4
0
-1
1
4
6
5
0
-1
1
5
3
0
-1
0
0
-2
-2
-2
-6
-6
-5
-5
-3
-4
-5
-2
-3
-4
-6
-5
-1
-1
0
3
3
4
-1
-2
2
6
3
1
5
6
8
3
-1
0
0
3
4
6
4
-2
-3
-2
0
3
7
5
0
-6
-13
-10
0
6
9
3
-6
-14
-15
-6
2
11
10
-1
-9
-16
-13
0
13
20
11
-2
-12
-12
0
12
15
10
1
-3
-6
-5
0
6
5
4
1
-3
-5
-6
-2
0
0
0
0
2
3
0
-1
-4
-3
0
0
1
-1
-2
0
-5
-3
-1
0
5
4
0
-2
-4
0
1
1
-1
-1
3
4
2
2
2
0
0
0
0
0
-2
0
-2
-3
0
1
0
-2
-1
-2
-2
1
4
7
6
2
0
-3
-3
-1
-1
0
3
5
4
0
-4
-6
-5
-5
-3
0
3
7
5
1
0
-1
-3
-4
-4
0
0
1
4
3
1
0
-4
-4
-2
-1
1
5
6
2
1
-1
-6
-3
-6
-2
3
6
4
3
2
2
0
0
-2
-3
-4
-5
1
4
4
1
-2
0
0
-9
-12
-14
-8
-1
4
10
13
10
6
5
4
0
1
0
1
4
2
0
-2
-3
-3
-3
-3
-3
-2
-5
-6
-6
-3
0
0
0
3
5
1
0
0
1
1
0
0
0
4
3
2
2
0
0
1
2
3
3
0
-4
-3
2
0
-6
-6
-2
0
-1
-5
-6
1
6
2
2
0
-3
-1
5
9
-1
-11
-6
6
7
-1
-4
0
1
1
0
2
2
2
1
-2
1
5
7
0
-11
-10
1
4
-2
-8
-2
8
8
0
-9
-6
4
8
7
-2
-9
-7
-1
6
12
12
1
-10
-14
-5
5
5
-2
-6
0
4
4
4
10
15
3
-11
-22
-17
-5
7
15
13
3
-7
-11
-6
4
13
7
-2
-6
-9
-7
-4
1
8
7
8
0
-6
-1
3
0
-10
-14
-4
12
13
2
2
4
-4
-11
-7
2
11
8
-3
-9
-6
-3
1
1
4
6
1
-3
-4
0
1
2
1
-1
0
0
-1
-3
0
1
1
2
1
0
-6
-6
0
2
-1
-5
1
6
1
-8
-6
7
12
6
-4
-7
1
4
0
-11
-8
7
12
0
-8
-2
9
7
-5
-13
-7
7
14
6
-5
-11
-7
3
8
8
5
0
-7
-9
-3
5
10
7
0
-5
-6
-2
0
2
2
3
0
-5
-5
0
8
8
-3
-14
-10
1
11
9
-3
-10
-10
0
9
11
5
-8
-11
-9
0
9
10
5
-2
-4
0
0
-2
1
6
4
0
-5
-7
0
9
7
2
-4
-5
-3
-1
0
2
1
2
0
-2
0
-2
-2
-2
0
2
4
3
-1
-6
-5
-3
-1
2
3
3
2
0
0
-5
-6
-1
3
6
4
1
-3
-4
0
1
4
3
3
3
0
-6
-5
-4
0
5
5
4
-2
-5
-6
-6
0
6
8
8
-3
-12
-8
-2
5
9
6
0
-7
-8
-5
0
11
14
8
3
-7
-18
-14
-3
6
9
5
0
-1
0
2
6
7
1
-4
-4
-1
-1
-4
-3
-4
-4
-1
2
6
6
0
-3
0
3
7
6
0
-7
-15
-13
-5
0
2
5
8
2
1
9
16
10
0
-3
-8
-13
-10
-3
2
1
-1
-2
0
3
2
5
8
8
2
-5
-5
-7
-8
-2
-5
-4
0
6
7
-2
-1
4
4
4
0
-1
0
-3
0
-3
1
7
3
0
-2
0
3
1
-1
-4
-7
-9
-1
14
16
5
-7
-6
-2
0
-5
-10
-7
0
8
9
11
0
-22
-24
2
25
19
3
-5
0
2
0
-5
-14
-16
-8
8
19
6
-1
0
4
4
0
-7
-16
-9
1
7
10
7
4
0
0
-2
-17
-16
-3
11
18
19
8
-2
4
0
-13
-17
-16
-7
4
13
12
5
-1
-2
-6
-10
-11
-1
4
0
5
15
7
2
3
-7
-15
-8
0
0
5
7
5
5
2
-5
-5
-1
-1
1
0
1
0
0
0
-2
-4
-7
-5
2
2
0
3
9
5
2
-1
-4
-6
-3
0
0
-4
-2
2
2
1
4
3
2
0
-1
-1
0
5
0
-3
-3
0
6
3
0
-4
-4
-3
-3
0
3
6
0
-3
-2
2
7
2
-6
-8
-3
4
2
2
2
0
0
0
-2
-2
3
4
0
0
-3
0
0
0
3
1
-3
0
-2
0
4
2
2
1
-4
-5
0
3
2
-2
-2
-5
-3
1
0
2
2
0
-3
-8
-3
3
2
-2
-3
4
0
-1
4
5
3
0
2
1
-3
-2
2
5
4
3
2
1
-1
-3
0
1
0
0
0
1
0
-1
-1
-2
-4
-3
-1
0
2
2
-1
-4
-6
-2
1
0
0
0
1
1
2
0
-6
-4
3
2
1
3
-2
-2
0
2
1
1
1
3
1
0
-1
0
1
0
1
0
2
2
1
0
-3
-4
-4
-1
-1
-1
0
-2
0
2
2
0
-2
-2
-3
0
3
5
3
-1
-6
-9
-5
5
11
5
-4
-10
-9
-1
7
12
10
0
-11
-10
-3
4
11
11
1
-6
-6
0
4
5
7
4
-3
-6
-1
2
-2
1
4
-3
-8
-3
1
0
0
3
0
-6
-6
0
1
0
1
1
-5
-7
1
4
0
-4
-8
-6
-1
8
11
3
-7
-9
-2
7
16
17
9
-7
-18
-11
6
20
21
8
-12
-22
-14
3
16
18
9
-2
-16
-18
-7
1
7
12
4
-6
-13
-12
-4
0
6
5
0
-6
-5
-1
-3
-9
-4
2
9
12
3
-6
-8
-7
-1
10
13
8
0
-5
-7
-6
-1
11
20
9
-6
-13
-10
-1
8
10
7
2
-7
-9
-2
1
5
5
4
-4
-11
-8
-3
0
6
12
5
-6
-9
-8
-3
7
6
3
0
-3
-3
0
3
0
-4
-5
0
0
1
7
7
3
0
0
-6
-6
0
4
7
5
-2
-8
-11
-6
2
9
11
5
-6
-10
-8
-3
5
6
8
7
-1
-6
-9
-7
4
9
7
8
-3
-9
-6
-2
5
12
4
-7
-14
-12
-1
9
14
8
-2
-12
-12
-2
9
14
4
-5
-7
-2
6
4
0
-2
-4
-2
4
7
4
-2
-9
-10
-1
7
8
5
-1
-6
-7
-3
5
7
5
-1
-7
-2
0
1
2
-1
-1
-1
0
0
1
-2
-2
2
2
2
0
-3
0
0
0
2
0
0
6
4
-3
-5
-10
-9
2
11
7
3
2
-3
-8
-8
0
2
5
11
-1
-3
0
-6
-6
0
0
5
14
7
-5
-7
-12
-13
1
16
11
0
1
-8
-16
7
19
-1
-4
-6
-23
-8
23
23
8
9
-5
-39
-18
12
-1
13
35
0
-22
0
-11
-17
21
15
-13
-1
0
-10
7
21
3
-9
-9
-15
-9
9
18
11
5
-6
-18
-10
0
1
8
9
-1
8
9
-13
-8
1
-15
-7
13
8
4
15
2
-16
-16
-9
-1
12
17
0
-5
5
-2
-12
4
4
-7
0
-1
-2
13
9
-6
-6
-3
-5
0
11
9
0
-4
-12
-8
1
7
10
0
-3
-2
-2
1
1
0
-9
-6
7
8
4
0
-6
-5
0
3
9
6
-6
-9
-3
2
4
5
5
1
0
0
-4
-3
-1
-3
0
4
4
3
2
-8
-8
3
6
2
0
0
-4
-1
3
-1
-2
0
0
0
0
0
0
-1
-3
0
4
3
2
1
-2
-1
-2
-2
1
1
0
0
1
3
4
3
-1
-5
-5
-3
-3
-1
1
3
4
1
0
0
-3
-3
1
2
3
4
2
0
0
0
-2
-4
-2
-1
0
1
3
1
-1
-2
0
-2
0
0
-2
1
2
3
2
2
-2
-4
0
0
1
2
1
0
-2
-1
1
2
0
1
0
0
0
0
-2
-2
-1
0
2
1
0
0
0
-2
0
2
0
-1
-1
-2
0
3
4
0
0
-2
-4
-1
1
2
2
1
-1
-3
-1
3
1
-1
0
-2
-1
2
4
2
0
-1
-1
0
0
1
-1
-2
0
0
1
1
1
0
-1
0
1
0
-1
0
-3
0
1
0
1
-2
0
1
2
-1
0
-1
-2
-1
-1
0
-1
1
1
1
0
1
-2
-2
3
5
4
0
-1
-5
-4
2
7
3
0
-5
-8
0
4
7
4
-2
-5
-5
0
5
4
0
-3
-6
-4
1
6
5
2
-1
-3
-3
0
4
-1
-1
-3
-4
0
3
3
-1
-2
-2
0
0
0
2
1
1
0
-2
-3
-2
-2
1
5
3
0
-1
-2
-1
2
0
0
0
-2
0
-1
0
0
0
1
2
2
0
1
-2
-1
2
0
0
1
-3
-4
-4
-3
2
4
3
1
-3
-3
-2
2
6
3
4
0
-8
-7
0
5
4
4
1
-4
-5
-5
1
2
0
1
0
-2
-4
0
2
3
3
-1
-1
-3
-3
3
5
4
0
-1
-1
1
2
4
1
-1
-4
-3
0
1
0
-1
-1
-1
-1
0
1
2
0
-1
0
-1
0
0
2
2
0
0
0
0
-1
0
-1
-1
1
1
0
-2
-1
0
2
4
1
-4
-3
-2
1
3
0
-2
-2
-1
2
5
2
0
-2
-2
5
5
1
-2
-6
-4
0
4
1
-4
-7
-4
2
9
11
4
-4
-10
-8
0
5
8
5
1
-2
-7
-8
-2
8
11
0
-8
-6
0
4
5
6
2
-7
-12
-9
0
10
11
8
-5
-15
-12
4
17
14
2
-12
-20
-13
8
26
20
-1
-17
-15
-3
7
9
4
1
-1
-9
-10
2
9
8
4
-10
-16
-9
5
18
15
0
-16
-20
-1
15
16
4
-9
-13
-5
4
10
4
1
-2
-7
-4
-2
0
5
5
3
0
-7
-8
-3
3
9
6
0
-8
-12
-1
12
14
4
-5
-12
-5
4
8
6
0
-7
-5
-2
2
7
4
0
-2
-3
0
0
0
1
-1
-1
-3
0
3
1
0
-1
-2
0
-2
-2
-2
-2
4
5
1
-1
-4
-1
1
2
2
0
0
0
1
3
0
0
-2
-4
0
3
0
0
0
0
0
0
2
-1
-5
-3
-1
1
1
1
0
1
0
0
1
0
-1
0
-1
0
2
2
1
0
-3
0
1
1
1
-4
-4
-1
-1
2
0
-1
1
1
3
1
-1
0
0
1
2
2
0
0
1
0
1
-1
-2
0
0
0
0
0
-1
0
0
0
-1
0
0
0
0
0
0
0
0
-1
0
0
0
0
1
0
-1
1
0
-1
0
0
-1
-1
0
1
0
0
0
0
2
2
0
0
1
0
0
0
-1
-2
-2
-2
1
1
0
3
1
1
1
1
-2
-4
-2
-1
2
3
2
2
2
0
0
1
-3
-3
0
2
-1
-2
0
0
0
0
-2
-1
0
-1
-1
0
0
-2
1
1
0
3
2
0
1
4
0
-1
1
0
-1
0
-3
0
0
0
-1
0
1
0
0
0
0
0
0
0
-1
-1
-1
0
3
0
0
1
0
-1
0
0
0
0
0
0
-1
0
0
-2
1
1
-1
0
0
0
1
1
0
1
0
-1
0
0
1
1
-1
0
0
0
-2
1
0
-1
0
1
-1
0
0
-1
-1
0
0
0
-1
-1
-1
1
0
0
-2
-3
1
3
4
3
-1
-3
1
3
0
-3
0
1
4
6
-1
-8
-4
1
3
3
0
-5
-1
7
4
-1
-9
-7
1
6
4
-4
-3
-1
3
7
-2
-9
-5
1
3
2
1
-4
-1
4
2
-2
-3
0
0
1
1
0
3
1
-2
-1
0
3
3
2
-2
-2
3
5
4
-2
-6
-1
3
4
0
-5
-4
0
3
0
-2
-4
-1
4
1
0
-1
-1
1
-1
0
0
1
2
0
0
0
0
1
0
0
-1
0
2
0
0
1
0
0
1
0
-1
-1
0
2
0
0
0
0
0
-1
0
0
1
0
-1
-1
0
0
0
1
0
-2
-1
0
0
1
0
-1
2
1
1
0
-1
0
0
2
1
-1
0
1
0
-1
-1
2
2
-1
0
-2
0
3
0
-3
0
1
-1
0
0
-1
1
1
1
-2
-1
0
1
0
0
0
0
0
0
0
0
0
0
0
-2
0
0
-2
0
0
0
0
1
1
0
0
0
2
0
0
0
0
0
0
0
0
0
0
0
0
1
1
-1
0
0
-3
-3
-2
2
3
3
2
0
0
0
0
-1
1
2
0
-1
1
0
0
0
0
0
-1
0
0
-1
0
0
0
0
0
1
-1
-1
1
0
1
0
0
0
0
1
0
1
0
0
0
-1
1
0
0
0
-2
-1
0
-1
-1
0
0
0
0
-1
0
1
0
1
0
0
0
0
0
1
1
1
1
0
0
0
-1
0
0
-1
0
0
0
0
0
-2
-2
0
0
1
1
0
-1
-2
-1
-1
-1
-2
0
0
0
2
0
1
0
0
1
0
0
1
1
0
2
1
1
0
0
0
0
-1
0
0
-1
-2
0
0
0
0
-2
0
0
0
2
2
1
3
0
0
0
-2
0
0
0
1
0
-1
0
-1
-3
-2
-1
0
0
0
0
0
0
0
0
0
1
1
1
0
0
1
1
0
1
0
0
-1
0
0
0
0
-2
0
0
-1
0
-2
-2
2
1
0
0
-1
-1
0
0
0
0
2
0
-1
-1
-1
0
0
0
1
1
1
2
-2
-2
0
0
2
0
0
-1
1
0
-2
-1
-3
-3
1
6
8
3
-5
-6
0
1
1
-2
-11
-4
5
8
10
6
-7
-9
-1
-9
-15
-5
14
26
20
-10
-26
-3
15
3
-17
-21
-1
29
29
2
-15
-7
9
10
-14
-37
-23
17
46
28
-11
-30
-15
11
14
-9
-26
-5
25
22
-1
-14
-6
10
12
-3
-15
-5
6
-2
-9
-6
12
22
12
-4
-13
-7
-7
-4
2
8
7
0
5
6
3
-8
-21
-13
0
3
-3
-2
10
20
20
3
-15
-19
-11
-2
0
0
2
11
13
6
0
-3
-2
-1
-1
-6
-6
-3
0
2
2
0
1
3
-1
-9
-7
6
12
11
1
-7
-2
0
-6
-7
-1
8
17
10
0
-2
-4
-5
-9
-13
-5
4
11
12
5
-3
-9
-6
-1
-3
-5
-5
1
9
3
-2
-4
2
10
7
0
-6
-8
-3
1
1
1
2
3
6
0
-8
-1
5
7
3
-1
-4
-5
-5
-4
-2
0
1
-1
-2
-4
-3
1
3
2
-1
0
2
0
2
2
1
0
-4
-3
1
3
4
5
2
0
-3
-2
0
1
2
1
-1
-2
-2
-3
0
1
1
0
-2
-5
-4
-1
3
5
1
0
3
3
0
-3
-3
0
1
1
0
0
1
1
0
0
-1
1
2
0
0
-1
-1
-1
-1
-3
-2
1
1
0
0
1
0
0
1
1
1
1
0
-1
0
2
0
0
0
-1
0
0
0
0
0
0
-1
0
1
0
0
0
0
-1
0
0
-2
-1
-1
0
1
0
0
1
0
1
1
