0
0
0
0
0
0
0
0
0
0
0
0
0
0
0
0
0
0
0
0
0
0
0
0
0
0
0
0
0
0
0
0
0
0
0
0
0
0
0
0
0
0
0
0
0
0
0
0
0
0
0
0
0
0
0
0
0
0
0
0
0
0
0
0
0
0
0
0
0
0
0
0
0
0
0
0
0
0
0
0
0
0
0
0
0
0
0
0
0
0
0
0
0
0
0
0
0
0
0
0
0
0
0
0
0
0
0
0
0
0
0
0
0
0
0
0
0
0
0
0
0
0
0
0
0
0
0
0
0
0
0
0
0
0
0
0
0
0
0
0
0
0
0
0
0
0
0
0
0
0
0
0
0
0
0
0
0
0
0
0
0
0
0
0
0
0
0
0
0
0
0
0
0
0
0
0
0
0
0
0
0
0
0
0
0
0
0
0
0
0
0
0
0
0
0
0
0
0
0
0
0
0
0
0
0
0
0
0
0
0
0
0
0
0
0
0
0
0
0
0
0
0
0
0
0
0
0
0
0
0
0
0
0
0
0
0
0
0
0
0
0
0
0
0
0
0
0
0
0
0
0
0
0
0
0
0
0
0
0
0
0
0
0
0
0
0
0
0
0
0
0
0
0
0
0
0
0
0
0
0
0
0
0
0
0
0
0
0
0
0
0
0
0
0
0
0
0
0
0
0
0
0
0
0
0
0
0
0
0
0
0
0
0
0
0
0
0
0
0
0
0
0
0
0
0
0
0
0
0
0
0
0
0
0
0
0
0
0
0
0
0
0
0
0
0
0
0
0
0
0
0
0
0
0
0
0
0
0
0
0
0
0
0
0
0
0
0
0
0
0
0
0
0
0
0
0
0
0
0
0
0
0
0
0
0
0
0
0
-1
0
0
0
0
0
0
0
0
1
0
0
0
1
0
-1
0
-1
-1
0
0
0
0
0
1
0
0
0
1
0
-1
0
0
0
0
0
0
0
-1
0
0
-1
1
2
1
0
0
1
0
0
-1
0
-1
-1
1
0
0
0
0
0
-1
0
1
0
0
0
0
1
-1
-2
-2
-2
-1
-3
0
2
3
3
1
0
0
0
-1
0
1
0
0
0
0
0
0
0
0
-3
-2
-2
-2
0
0
0
3
3
3
2
1
1
-1
0
0
-1
-1
0
0
0
-1
0
-1
0
1
-1
0
-1
0
0
0
1
2
2
0
0
0
-1
-4
-1
0
0
0
0
2
1
0
1
0
-1
-2
-3
-1
-2
-3
-1
0
2
1
1
4
5
3
2
0
0
0
0
0
-1
-2
-3
-2
-5
-5
-5
-4
0
2
3
6
9
9
10
7
3
1
-1
-7
-12
-14
-15
-12
-10
-4
2
6
13
18
16
15
12
6
3
-5
-12
-14
-19
-18
-13
-7
-1
4
9
17
21
17
15
12
4
-2
-8
-18
-20
-22
-25
-19
-9
1
9
18
29
31
26
17
10
4
-11
-30
-34
-26
-30
-28
-8
10
24
25
25
33
26
6
0
0
-9
-28
-33
-17
-10
-4
0
0
-4
-4
10
9
4
11
22
26
16
-2
-14
-24
-9
-1
-45
-52
18
61
41
5
4
34
32
-26
-64
-37
-23
-20
2
8
9
20
27
59
41
-50
-49
26
19
-41
-35
10
34
24
-35
-17
26
-35
-56
19
42
7
-11
-8
18
24
-10
-1
43
26
-2
31
23
-54
-80
-40
4
5
-32
-23
37
41
-14
1
40
-2
-27
0
38
59
12
-14
38
44
-32
-76
-62
-53
-53
-31
9
31
39
32
41
64
42
3
3
-11
-50
-30
-11
-33
-2
10
-33
-12
20
15
7
-20
-7
43
32
-21
-2
47
16
-25
-12
-3
-10
-18
-23
9
17
-40
-3
62
5
-27
-11
5
25
-31
-48
27
47
-3
-16
35
46
-14
-50
-4
-14
-28
69
0
-48
36
44
34
-67
-49
34
-47
-36
-16
14
19
-13
-6
-13
118
66
-38
81
25
-35
-15
-76
-63
0
-47
-99
-22
32
28
6
16
67
51
-26
-15
53
25
5
38
44
13
-21
13
12
-45
-88
-55
-9
-51
-68
-9
46
-16
2
113
20
-9
91
91
-30
-75
54
53
-73
-88
24
44
-113
-110
37
71
-56
-133
61
170
-23
-63
116
137
-21
-81
2
47
-49
-154
-62
56
-3
-62
15
115
106
-4
3
106
15
-138
-53
26
-47
-91
-15
55
-12
-56
46
58
-62
62
150
-49
22
121
-65
-87
5
54
-61
-135
14
27
-87
-57
-7
24
99
2
-46
185
103
-111
-35
35
11
-94
-33
93
1
-28
2
24
-13
-66
33
17
-6
-68
-69
60
-44
-69
89
22
20
58
60
145
-61
-97
48
-44
-66
-15
57
17
-56
25
49
-64
-145
-16
81
-8
0
0
82
115
-52
-15
43
44
-60
-62
28
-92
-115
-45
54
26
-32
84
101
31
31
64
-5
-59
-10
-50
-64
31
-1
-29
14
51
23
-40
22
-115
-42
197
-90
-111
123
25
-67
-63
91
129
-117
-73
85
13
5
25
-3
-25
-1
-6
10
38
-23
-67
-29
20
102
-3
-146
17
62
-4
-23
-24
25
85
-17
-71
37
82
-71
-133
44
68
56
-29
-11
106
-21
-67
30
18
-76
-53
39
-4
-16
24
17
17
-20
-3
54
-41
-48
24
12
-6
-41
22
72
0
-8
-27
-55
11
-22
-21
21
-25
42
74
-7
-24
4
23
18
-13
-7
15
-23
-33
33
24
-86
-45
98
50
-29
-68
8
47
-24
-49
11
50
12
17
-40
-10
62
-11
-47
-14
23
-6
-48
49
105
-25
-79
-21
37
17
-100
-15
102
-55
-51
66
25
22
-2
-39
67
98
-26
-75
9
50
-44
-70
0
-9
-72
-59
51
52
35
27
-39
29
60
-49
-25
68
41
-74
-56
55
18
-37
-57
50
99
-85
-96
45
42
-9
-34
-40
68
62
-86
-4
124
16
-53
-42
-33
24
-20
-18
38
-9
2
-6
-18
106
77
-55
-35
-35
-42
26
-61
-83
85
-29
-63
93
-13
17
88
-9
83
46
-116
-41
45
9
-36
-40
-10
13
-22
-8
36
17
19
-8
-16
36
-32
-26
54
-79
-37
36
-15
44
21
-4
48
55
-3
-2
-44
-44
29
-43
-63
21
2
-55
21
50
39
33
-1
42
2
-72
-68
2
53
-47
-61
69
36
15
68
-23
6
11
-72
-20
9
-3
-21
-66
23
50
22
20
-10
8
28
-10
-27
23
24
-36
-9
34
-82
-47
50
-23
-10
14
-1
85
41
-38
6
52
12
-32
2
-21
-25
-28
-61
-52
-3
43
21
46
-1
19
71
-23
-18
-17
-18
27
21
-14
-33
-29
8
40
23
-8
-4
-14
-28
-15
-48
-18
40
16
-21
-16
-5
29
33
3
1
45
38
-26
-7
21
-11
30
0
-71
10
27
-32
-21
-5
-28
-14
48
30
17
4
-50
-28
-44
-18
51
71
24
-53
-24
-6
-10
-37
-14
78
6
-11
-14
27
59
-2
2
55
14
-91
-42
-20
20
40
20
-4
22
18
-57
-70
-11
11
-4
36
3
12
68
4
-62
-46
-8
11
0
-1
8
-48
-46
33
29
-10
0
9
7
63
44
-2
34
77
13
-54
-22
17
-21
-67
-84
-31
-1
-37
-25
3
45
9
-13
41
23
-24
22
101
45
-6
-19
9
45
-10
18
-14
-76
-25
-34
-73
-42
-30
-80
-11
59
110
111
-12
-6
82
57
-51
-57
13
9
10
29
52
-18
-105
-47
21
22
-82
-94
3
-10
-6
55
45
11
31
86
116
40
-38
-58
-40
-45
-55
-17
-19
-7
38
38
-13
-58
2
34
-17
-54
-43
27
29
-11
3
31
23
19
31
11
0
-3
-7
7
4
-30
-27
49
58
-7
7
-13
-54
-21
-10
-4
-41
-35
35
19
-11
24
8
12
28
11
30
-20
-49
-32
6
54
-28
-41
26
14
-23
-37
-14
28
9
-16
19
36
50
12
-12
11
-8
18
2
-50
-32
-4
-3
-10
4
-10
-37
6
61
0
-41
18
32
4
-1
8
-4
12
18
-26
-34
-14
11
2
6
19
-5
-4
11
0
-15
-6
0
0
-20
-19
19
23
-9
4
42
14
2
3
-20
-18
-16
-5
16
-16
-29
-12
-1
2
-10
21
50
15
-11
-15
0
5
-14
6
21
-13
-6
3
-6
0
18
13
-4
6
-4
-16
0
-26
-23
37
22
-12
-9
-18
-15
5
24
19
-5
-8
-18
-13
8
-6
5
23
-3
-3
13
0
4
5
-7
2
14
4
-16
-21
-6
0
-11
-6
11
18
3
-30
-10
36
6
-19
22
34
1
-25
-20
9
4
-18
-12
3
17
10
-9
3
-1
-9
11
4
-8
8
0
-8
-3
-3
-10
-17
11
28
-18
-17
27
9
-22
-5
12
7
18
3
-21
13
15
-27
-1
15
-24
-11
20
0
-9
14
1
-11
12
12
-17
-7
10
3
-2
-1
-5
5
5
-11
-6
7
6
-9
-3
10
0
-8
0
1
0
0
0
2
12
-2
-18
12
15
-17
-12
13
9
-7
-11
14
8
-12
5
2
-14
-8
13
7
-18
-2
19
-18
-7
19
2
3
-4
0
10
-3
-9
0
8
4
-18
-14
19
6
-19
-5
14
5
-15
-2
17
2
-7
-12
3
29
-9
-22
6
11
6
-7
5
10
-18
-5
16
5
-16
-3
8
-16
-2
28
-17
-26
27
16
-21
-21
15
26
-17
-13
23
0
-15
9
-2
-7
14
5
-21
1
20
-18
-3
13
2
0
-20
7
22
-21
2
28
-21
-12
11
0
5
-3
-8
9
8
-23
0
22
-22
-3
16
-5
3
-12
0
23
-16
-19
17
7
0
-2
-5
11
10
-12
-10
1
5
10
-3
-11
2
10
5
-19
-5
24
3
-17
-8
10
12
-8
-15
2
14
-8
-5
9
-6
3
0
-1
8
-17
0
21
-11
-15
1
4
5
-5
-7
14
11
-9
0
-3
-5
11
-4
-4
4
-1
12
-6
-10
13
3
-9
-19
8
25
-31
-12
37
-10
-18
17
10
-6
-14
13
12
-36
5
42
-20
-24
18
7
-24
-11
30
7
-11
19
5
-18
-23
-8
10
-9
-2
31
23
-7
-24
0
10
-13
-8
8
7
-11
10
46
-25
-57
49
22
-45
10
12
-24
20
20
-39
-17
57
-11
-63
25
13
-11
40
2
-46
26
14
-20
21
5
-16
20
-12
-71
10
78
-31
-64
26
26
-4
4
6
19
-4
-26
49
10
-67
33
47
-38
-42
9
29
-22
-38
33
38
-26
-16
0
11
-2
-32
46
46
-67
-28
47
0
-14
9
0
23
0
-55
10
29
-24
25
32
0
-28
-68
21
41
-27
30
45
-58
-26
32
-20
26
34
-25
-4
-7
-7
22
-15
-50
17
69
0
-64
-20
30
2
1
19
-11
3
4
-36
21
48
-23
4
17
-51
-17
58
16
-40
-36
5
24
-13
-2
30
-11
-23
5
-2
28
37
-26
-37
2
24
25
-5
-29
-4
-15
1
20
-6
20
-17
-40
37
31
-48
-11
60
-9
-41
-20
29
32
-23
-3
10
33
1
-62
-11
47
14
-24
-10
13
0
-49
33
40
-35
23
-8
-24
10
-8
-2
27
44
-54
-64
47
20
24
34
-75
-23
26
-10
47
-5
-20
15
-44
-16
22
28
14
-11
-8
-45
0
60
-4
-24
8
8
-2
9
-1
-61
-2
79
35
-18
-68
-57
75
53
-65
18
56
-29
-45
-15
13
38
12
-14
13
-36
-41
20
24
14
13
6
-77
-15
83
-7
-21
29
-7
-44
-1
35
30
-3
-34
-44
2
92
3
-72
20
-3
-38
37
44
-37
-41
48
19
-43
22
-19
-51
76
42
-47
-16
-14
6
23
3
4
3
10
-39
-35
86
15
-90
6
48
12
-34
-52
17
23
18
19
-25
-3
-2
15
34
-33
-7
25
-1
14
-48
-45
32
23
-7
-23
8
38
-3
3
-26
20
70
-67
-37
53
-35
-1
-1
-31
41
-1
-28
8
24
48
-66
-36
93
-38
-33
46
-51
14
47
-29
-6
-40
10
95
-6
-41
-31
-42
73
67
-72
-68
34
100
-38
-128
62
61
-83
28
111
-36
-77
-10
42
35
-4
-10
-2
13
-37
2
0
-37
44
30
-50
-11
18
36
-1
-112
39
143
-49
-129
9
137
37
-181
-16
159
12
-87
-54
6
77
87
-42
-111
-30
96
20
-43
7
-14
-34
-42
150
29
-156
-43
119
29
18
-54
-20
40
-56
57
1
-68
5
48
-36
15
22
10
-19
-31
30
52
-35
-46
2
54
10
-75
-34
77
54
-79
-14
62
11
-59
36
30
-23
-86
23
49
38
-60
-12
27
-42
68
14
-50
-67
11
36
0
-4
7
-29
25
60
-18
59
9
-106
36
62
-13
24
-79
-69
70
-6
-15
-4
-4
-32
0
19
-6
4
6
-34
33
60
-33
0
1
-10
31
28
-16
-13
-7
24
7
16
-18
-24
0
-22
29
34
-45
-47
28
27
-14
-23
0
-6
10
-24
-22
38
9
-3
5
-3
12
27
-17
0
25
-21
-38
5
12
-3
17
-30
-8
37
-11
-18
8
-7
17
8
-13
3
-9
0
37
3
-19
6
6
0
-4
0
4
-3
-16
-10
-10
1
22
11
-4
-16
-4
6
19
2
-14
-4
2
5
23
20
-3
-16
-9
8
-7
-9
-8
-4
0
-2
8
1
-13
4
7
-8
-14
-6
6
0
5
11
-6
0
8
4
-4
-7
8
10
-5
-3
7
10
0
-6
-2
0
1
0
5
7
2
0
2
-6
-1
1
0
-3
-10
-10
-2
0
0
4
-9
-4
4
0
-4
4
-2
-5
6
10
7
-3
0
0
-4
-3
5
0
-10
1
11
4
-3
3
2
-5
-2
7
2
-1
0
-3
-2
2
3
0
-4
0
1
1
0
0
-1
0
7
0
-5
0
0
-3
-1
-4
-3
0
0
0
1
0
1
4
-1
-5
-1
-4
-4
0
1
2
0
4
8
7
4
3
1
1
5
2
-1
-1
-3
-2
0
-6
-7
-3
0
-1
0
2
2
1
1
4
1
0
1
-3
-3
-5
-5
-4
-4
-1
-1
-1
2
4
3
5
6
2
0
1
0
0
-2
-4
-4
-5
-2
2
0
0
5
6
6
6
4
1
0
0
0
-3
-5
-3
-3
-2
-1
0
-2
-3
1
2
0
-1
0
1
2
2
3
2
1
2
2
0
-1
-2
-3
0
-3
-2
0
0
-1
0
0
1
2
0
0
-1
0
1
0
-2
-3
-2
0
1
0
0
0
0
1
1
0
-1
0
0
0
-1
0
-3
-2
0
0
1
2
3
2
1
1
1
0
0
0
1
0
0
1
0
0
-3
-1
0
-1
0
0
0
0
0
0
0
0
0
0
0
0
0
0
0
-3
-1
0
0
2
0
0
1
0
1
0
0
0
0
0
0
0
1
0
0
0
0
0
1
0
0
1
0
0
0
-2
0
-1
-1
0
0
0
0
0
0
0
-1
0
1
0
0
-1
0
0
-1
-2
-1
0
0
-1
0
0
0
1
2
3
1
3
4
3
2
1
1
0
0
-1
-1
-1
-1
-2
-2
-3
-1
-2
-2
-1
-2
-1
-1
-1
0
0
0
1
0
2
0
1
3
1
2
5
2
2
2
2
1
1
0
0
-1
-3
-3
-2
-4
-4
-4
-3
-1
-1
0
1
1
2
2
2
1
1
0
-1
0
0
-1
0
0
0
0
-1
1
0
-1
2
0
0
0
0
0
0
0
0
2
1
0
0
0
-1
0
0
-2
-1
-2
0
0
0
0
0
1
2
1
0
2
0
1
1
1
0
0
0
-1
-1
-1
0
0
0
-2
0
0
0
-3
-3
1
0
0
1
0
1
0
0
0
0
-1
0
0
-1
0
0
0
-1
-1
1
0
0
0
0
0
1
1
0
0
-1
0
1
0
1
1
0
0
0
-1
-1
-2
-1
0
0
0
0
0
0
0
1
0
1
0
-1
1
2
0
-3
-1
-1
-1
0
0
0
1
0
0
1
1
0
0
2
1
0
0
-1
0
0
0
1
0
-1
0
0
0
0
0
-1
-2
0
0
1
1
0
0
0
0
0
1
0
-1
-1
0
1
1
0
0
2
1
0
0
0
0
0
1
2
2
0
0
0
0
0
0
0
0
0
0
-1
0
-1
-2
-2
-2
-3
-3
-3
-2
-2
-2
-1
0
0
0
0
0
1
1
1
2
1
0
2
1
3
2
3
4
2
1
2
1
1
2
2
0
0
-1
-1
1
0
0
0
0
-1
-1
-2
-1
0
0
-1
-2
-3
-1
-3
-2
0
-2
-4
-4
-1
-1
0
0
0
0
1
0
2
2
2
3
2
0
1
0
0
0
0
1
0
0
0
0
0
-1
2
1
0
0
0
-1
-1
0
-1
-3
-1
-1
-3
-2
0
0
0
0
1
0
0
0
1
1
1
1
1
1
1
2
2
0
0
0
0
0
0
0
0
0
0
0
0
0
0
0
0
-1
-1
0
0
0
-1
0
0
0
0
0
0
0
0
1
0
-1
0
0
-1
-1
1
1
0
0
0
0
0
0
1
1
0
0
0
-1
0
0
0
0
-1
0
0
0
0
0
1
0
0
0
-2
-1
1
0
0
0
0
0
0
0
0
1
2
0
1
1
1
0
0
0
-1
0
0
0
0
-1
-2
-2
0
-1
0
-2
-1
0
0
0
1
0
0
0
0
1
0
0
1
0
0
0
0
2
0
-1
0
0
0
1
0
-1
0
0
0
0
0
-1
-2
-2
0
1
1
1
0
-1
1
0
-1
0
0
0
0
0
1
0
-1
0
0
0
1
1
0
0
0
0
0
-1
0
0
0
1
0
-1
1
2
1
0
0
0
0
-1
-1
-2
-2
0
0
-1
-1
-1
-1
-2
0
0
1
0
0
0
0
0
0
0
0
0
1
0
0
0
0
1
1
1
0
-1
0
0
0
0
1
0
0
0
0
0
0
0
-2
-2
-1
-1
0
0
0
0
0
0
0
1
-1
0
0
1
1
0
0
0
1
0
1
0
0
0
3
1
1
3
2
0
0
0
0
0
0
0
0
-1
-2
-2
0
0
-1
-3
-1
-1
-1
0
-1
-1
-1
0
0
0
0
0
-1
-2
-2
-1
-1
0
0
0
2
1
3
2
1
1
1
2
2
2
1
0
1
0
0
0
0
0
0
1
0
0
2
2
0
0
0
0
0
0
-2
-1
-1
-2
0
-1
-1
0
0
0
0
0
0
0
0
0
0
2
0
0
0
0
0
0
1
0
1
1
1
0
0
-1
1
1
0
0
-1
0
0
0
-1
-1
-1
-2
-1
-2
0
0
0
0
0
0
0
0
0
0
0
0
0
0
0
0
1
1
0
1
1
0
-1
0
0
1
0
-1
0
0
-1
0
0
0
0
0
0
0
-1
0
0
0
0
0
0
0
-1
0
0
1
0
0
1
1
0
0
0
-1
0
0
0
-1
-1
0
0
0
0
0
1
0
0
0
0
0
0
1
0
1
1
1
1
1
0
-1
0
-1
0
0
-1
0
-1
0
1
0
0
0
-1
0
0
0
0
0
0
0
-1
0
0
0
0
-1
1
0
0
0
-1
0
0
0
0
0
0
1
-1
0
1
1
0
0
0
0
0
0
0
-1
2
1
-1
1
0
0
0
-2
0
0
0
0
0
0
0
0
0
0
-1
0
0
0
0
0
0
1
0
0
0
0
0
0
0
0
0
0
0
0
0
0
0
0
0
0
0
1
0
0
0
0
1
1
1
0
0
0
1
0
0
0
-1
-1
0
0
0
0
0
0
-1
0
0
0
0
-1
0
0
-1
0
0
0
0
0
0
0
0
0
0
0
-2
1
0
0
0
0
1
0
0
1
0
0
-1
1
1
0
0
0
-1
1
0
0
0
0
0
0
0
0
0
-1
0
0
0
0
-1
0
-1
0
0
0
1
1
-1
-2
-1
0
0
0
0
0
0
0
0
0
0
0
0
0
0
0
0
0
1
0
0
0
0
1
0
1
1
-1
0
0
0
1
0
0
-1
-1
0
0
0
0
1
0
-1
0
1
1
0
-1
-1
0
0
0
1
0
-1
0
0
0
0
0
-2
-2
-1
0
0
0
0
0
0
1
1
1
1
0
0
1
1
0
0
0
0
0
0
0
-1
0
-1
-1
0
0
0
1
0
0
-1
1
0
-1
1
0
-1
0
-1
1
1
0
1
0
0
0
1
1
-2
-1
0
1
0
0
0
-1
0
2
0
-1
-1
0
0
0
0
0
0
0
1
0
0
0
-1
0
0
0
0
-1
0
1
0
0
0
0
-1
0
1
2
0
0
0
0
0
0
0
0
0
0
0
0
0
0
-1
0
1
0
-1
-1
0
0
0
1
0
0
0
0
0
0
0
0
0
0
1
1
0
0
-1
0
0
0
0
-1
0
0
0
0
0
0
0
0
0
0
0
-1
0
0
0
0
0
0
-1
0
-1
0
0
0
0
0
1
0
0
0
1
1
2
1
0
0
0
0
0
0
0
0
-1
0
0
-1
-1
0
-1
-1
0
0
0
1
0
0
0
1
0
0
0
0
0
0
1
0
0
0
1
0
0
0
-1
-1
0
0
0
0
0
-1
0
0
0
0
0
0
1
0
-1
0
0
0
0
1
0
0
2
0
0
2
0
-1
1
-1
-1
0
-1
0
0
-1
0
0
0
0
0
0
0
0
0
0
1
0
0
1
0
0
0
0
0
0
0
0
0
0
-1
0
1
0
0
1
0
0
2
1
0
0
-1
0
0
0
1
0
0
0
0
-1
-1
0
0
0
0
0
0
-2
0
0
-1
0
-1
-1
0
0
-1
0
0
0
0
0
1
2
0
1
2
-1
1
0
0
1
0
1
0
1
0
0
0
0
0
1
0
-1
0
0
0
-1
0
0
-1
0
-1
0
0
0
0
0
-1
-1
0
0
-1
0
0
0
1
0
1
0
0
0
1
0
0
0
0
0
0
0
1
-1
0
0
-1
1
1
0
0
-1
0
0
0
0
0
0
0
0
0
-1
0
0
0
0
0
0
0
0
0
0
0
0
0
0
0
0
0
0
0
0
0
0
0
-1
0
1
0
0
1
1
0
0
0
-1
0
0
-1
0
1
-1
-1
0
0
0
-2
-1
1
0
-1
-1
0
0
-1
0
1
0
0
0
1
0
0
0
0
0
0
0
0
0
0
1
0
0
0
0
0
0
0
0
0
-1
1
0
0
0
0
-1
-1
0
0
-1
0
1
0
-1
-1
-2
-1
0
0
-1
-2
-2
0
-2
-3
0
0
0
0
0
0
-1
0
1
0
1
0
1
1
0
1
2
2
1
0
0
1
1
0
1
0
0
0
-1
0
1
0
0
-2
-1
0
0
0
-1
-1
0
-1
-1
0
0
0
0
0
0
0
0
-1
0
0
1
0
0
0
1
0
2
2
0
0
1
0
2
1
0
0
-2
0
0
0
0
0
0
0
0
-1
-1
0
0
-1
-2
-2
0
0
1
2
0
0
0
0
0
0
0
0
1
0
0
0
0
0
1
0
-1
0
0
0
0
0
0
0
0
0
0
-1
0
0
-1
0
-1
0
0
-1
0
1
-1
-1
1
0
0
0
0
-1
0
1
0
0
0
1
0
2
1
0
0
0
0
0
0
0
1
0
0
0
0
0
0
0
0
1
-1
0
0
-2
0
0
-1
1
0
0
0
1
0
1
1
0
0
0
0
0
0
0
0
0
0
0
-1
1
-1
-1
0
0
1
0
0
1
1
0
0
-1
0
0
0
-1
-2
0
0
0
0
0
0
0
1
0
0
0
0
-1
1
0
0
0
-2
0
0
0
2
1
0
0
0
0
0
0
0
0
0
0
0
2
0
-1
0
0
0
0
0
1
0
0
0
0
2
0
-1
-1
-1
0
0
0
0
0
1
-1
0
1
0
0
0
0
0
0
0
0
0
0
0
-1
-1
0
0
-1
0
0
0
2
0
0
1
0
1
0
0
0
0
0
-1
0
0
0
-2
-1
0
0
0
0
1
0
1
0
0
0
0
0
-1
0
0
0
0
0
0
0
0
0
-1
0
0
0
0
0
0
0
0
1
0
0
1
1
0
0
0
0
1
-1
0
0
0
0
0
0
0
-1
0
0
0
0
0
0
0
0
1
0
-1
0
0
0
1
1
0
0
0
-1
0
0
0
0
0
1
1
0
0
0
0
0
0
0
0
0
0
0
1
-1
-1
0
-1
0
1
-2
0
-1
0
-1
0
0
0
2
0
0
0
2
1
1
1
0
1
0
-1
0
0
0
1
-2
-3
1
2
1
-3
-2
-1
6
3
-7
-4
1
9
6
-6
-10
5
9
7
-7
-13
4
6
10
-10
-7
0
2
8
-11
-1
-10
8
-1
3
-8
-4
5
2
14
-16
6
-5
18
-2
-5
-4
0
17
-3
-7
-6
0
14
3
-8
1
-10
13
-2
2
0
-6
-1
3
1
8
-14
2
-11
15
2
-6
-9
-9
13
3
3
-20
4
-7
18
-5
-4
-3
1
6
3
-8
4
0
10
-1
-1
-3
1
8
-3
1
-10
4
2
0
-1
-2
-5
8
-6
5
-5
0
0
-1
5
-8
9
-13
8
-4
1
2
-3
1
1
0
2
-3
5
-2
1
-3
2
1
-8
5
-7
9
0
-1
2
0
5
-3
3
-4
0
2
-5
6
-8
4
-6
5
-1
-3
1
-6
6
-2
3
-2
3
0
1
1
-3
0
1
-2
0
3
-2
-2
5
-5
6
-2
-1
1
0
0
2
-2
2
0
-1
4
-7
2
0
2
-2
0
1
-1
0
-2
-1
0
0
0
0
0
0
1
0
-1
0
0
1
-2
-2
3
0
-1
2
-3
0
1
-2
2
0
-4
6
0
-4
6
-1
-3
8
-4
-3
8
-8
-3
6
-3
-3
6
-9
0
6
-6
0
7
-5
1
4
-2
1
2
-3
1
0
-6
3
1
0
0
1
-2
0
0
1
0
-1
0
0
-1
1
2
-3
0
3
0
-1
0
0
0
0
0
-1
-2
-2
-1
1
2
-1
1
-1
1
4
1
-3
0
1
-5
2
1
-1
0
-4
1
7
2
-5
-3
2
0
0
-4
1
5
-3
0
3
1
-1
-3
0
5
0
-3
1
2
0
-1
0
-1
-4
-3
5
4
-3
-1
1
-1
0
2
3
-2
-7
2
5
-1
-6
4
10
-3
-9
2
6
-1
-7
0
6
4
-7
-1
3
0
-1
0
6
4
-7
-6
1
4
0
-5
-1
5
5
-2
-4
4
1
-9
6
9
-10
-5
5
4
-6
0
6
-5
-6
10
0
-13
7
8
-6
-5
5
4
-3
0
1
-2
3
-5
-5
6
4
-4
0
2
-3
0
2
0
-3
4
2
-5
3
6
-3
-3
3
-4
-8
6
5
-6
-2
8
0
0
3
-7
-7
13
7
-17
-4
20
0
-19
0
10
-1
-3
3
0
2
1
-7
9
13
-27
-16
42
14
-48
-8
40
3
-17
6
-2
-8
21
9
-42
-22
63
30
-65
-40
42
45
-25
-41
7
19
9
1
-14
-11
9
18
3
-21
-8
33
18
-28
-30
22
33
-26
-21
16
5
3
-4
-4
0
-7
12
7
-18
8
14
-30
3
19
-8
-9
-4
8
19
-8
-30
15
31
-15
-16
5
-5
13
14
-12
-16
-19
17
37
-25
-19
18
-6
0
6
-1
10
2
-10
13
0
-4
7
-9
-3
21
0
-29
-3
3
-1
7
-4
-7
-7
-20
7
33
2
-26
-3
1
-1
21
14
-17
-6
10
-6
7
-1
-13
25
10
-32
11
7
-15
41
-3
-32
15
-19
17
40
-27
-6
-10
-21
21
12
-2
9
-23
-3
11
-4
7
-10
6
5
-16
11
-11
-9
19
0
1
-24
-21
32
3
-12
7
-3
0
-21
14
40
-18
-14
-7
4
10
10
11
-15
-21
11
17
3
-2
-4
-15
-27
35
34
-19
-22
-24
15
26
8
-17
-17
18
-2
-31
9
43
-2
-33
5
10
-1
-13
16
19
-7
-30
-15
52
-17
-12
32
-21
20
-15
-55
59
32
-44
35
-23
-26
42
-50
12
60
-45
-7
31
-29
-23
34
-11
-27
49
-1
-43
10
16
-5
14
-21
-13
39
-21
-11
34
9
-26
-6
7
-13
23
4
-19
35
18
-66
-24
82
1
-75
15
55
-15
-37
2
17
0
-5
10
-3
-20
15
12
-6
-7
14
-8
-27
26
0
-13
-14
14
41
-48
-7
22
-20
23
1
-5
-9
9
0
-14
41
-10
-26
4
13
-16
-1
43
-27
-24
28
7
-5
-24
7
-10
-10
45
-17
-26
38
-12
-47
57
27
-43
-6
4
-6
-10
51
12
-44
-2
-6
13
50
-7
-58
15
4
-9
42
-7
-3
-24
-35
48
31
-27
-18
3
7
2
-14
-9
18
-8
11
-10
-23
10
-4
4
17
-2
-52
9
46
-10
-15
9
-9
-11
28
-5
-2
25
-28
-26
50
31
-48
10
8
-3
41
-35
1
0
-7
45
-23
-31
-2
28
7
-26
-13
21
-1
-43
9
26
13
-20
-26
1
13
26
11
-48
-35
32
38
11
-8
-59
-16
91
-11
-53
-5
75
42
-151
-38
147
63
-86
-66
18
96
21
-66
-26
13
15
29
2
-76
8
-6
2
45
-3
11
-32
-49
39
31
-29
-19
1
34
0
-55
15
52
46
-53
-78
96
-28
-112
97
76
3
-59
-47
32
-54
41
88
25
-63
-75
18
-11
63
37
-62
-30
38
-13
24
10
-62
40
15
-42
32
0
46
-8
-118
31
-34
-64
109
56
15
65
-43
-59
-52
-152
26
160
73
52
-9
-82
-35
-44
-64
109
63
-23
-13
-102
44
24
68
64
-182
-38
94
119
-74
-42
76
18
28
-161
-85
59
41
32
15
-59
16
38
3
47
-53
-42
6
51
-37
-70
127
153
-108
-36
-119
-129
-36
127
349
-45
-257
-40
91
136
-190
0
302
-249
-317
83
309
-1
-30
112
43
-96
-129
36
1
-44
-34
-63
77
90
-19
-22
71
-113
-33
264
-111
-66
62
87
-49
-425
140
359
-45
-159
-86
171
-33
-113
36
68
-19
75
46
-51
-86
-200
163
223
17
-240
-61
158
-3
0
1
-2
2
-1
69
-229
-162
369
53
-68
53
84
-19
-196
-139
-21
109
47
108
-183
-132
245
77
104
-195
-260
322
210
-180
-263
118
129
-205
-90
273
204
-169
-359
32
285
-45
11
16
74
-60
-173
153
110
-231
-203
201
221
75
-258
-325
424
70
-131
293
-67
-294
-78
97
140
-13
0
16
-104
131
-137
-112
-2
34
194
178
93
-386
-264
65
134
-82
-91
82
222
269
-95
-52
74
-46
148
-200
-271
81
-330
-218
347
625
210
-832
-124
502
-158
132
-147
-156
495
-173
-98
-289
167
564
-300
40
-110
-396
-201
57
464
271
39
-238
-55
431
-162
-656
102
366
104
-45
-486
-67
110
-68
407
124
-218
108
-71
-48
104
-293
178
1
-28
516
-42
-526
-323
-287
580
528
-316
391
167
-258
-204
-15
-131
-346
-206
-137
718
65
-400
518
-92
-393
214
288
111
-477
-151
16
-354
499
559
-79
-195
-66
201
315
-167
-437
46
-9
-415
213
227
-91
-105
-353
172
302
-132
-75
477
417
-484
-264
444
59
-194
125
171
3
-531
-731
64
533
198
0
500
617
20
-112
-257
-545
426
513
-527
-285
-261
-389
455
37
-494
167
-185
-322
299
-228
-169
294
292
171
389
581
712
635
528
393
285
508
-3
-136
130
-223
-948
-750
-972
-968
-963
-1456
-1117
-1030
-631
-897
-489
-34
507
986
1237
1486
1419
2097
1955
1457
1265
1062
765
278
-410
-846
-1182
-1409
-1580
-1845
-1837
-1443
-1095
-1107
-879
-640
-365
27
10
111
146
284
404
163
356
325
580
553
918
1009
1025
1331
1491
1618
1064
1221
953
654
269
-356
-693
-1091
-1403
-1925
-1998
-1991
-1923
-1748
-1532
-1263
-1032
-671
-393
-151
-50
158
327
493
566
563
745
797
947
985
1149
1285
1260
1384
1643
1572
1242
1253
930
680
311
-335
-809
-1239
-1444
-1768
-1770
-1687
-1591
-1341
-1232
-1197
-954
-702
-748
-567
-421
-312
-111
26
148
397
539
570
675
657
576
685
872
954
1145
1323
1509
1801
1918
1792
1719
1555
1140
682
7
-739
-1236
-1702
-2170
-2373
-2449
-2462
-2246
-2065
-1841
-1394
-1020
-710
-291
72
456
805
1073
1179
1258
1381
1195
1096
984
737
766
886
966
1135
1301
1483
1684
1659
1512
1237
883
404
-242
-825
-1393
-1803
-2067
-2335
-2166
-2405
-1330
50
64
-207
-1711
-1777
-1414
-1267
-887
-724
-345
40
380
684
986
1185
1288
1348
1231
1087
925
629
483
466
502
680
831
1002
1263
1493
1487
1357
1180
766
258
-307
-968
-1523
-1937
-2301
-2481
-2407
-2306
-2103
-1785
-1521
-1260
-1005
-772
-538
-232
77
371
700
966
1212
1428
1512
1485
1397
1197
961
805
636
481
535
623
647
808
1029
1124
1093
1001
780
464
42
-488
-983
-1374
-1730
-1960
-1966
-1901
-1786
-1553
-1317
-1100
-894
-755
-596
-376
-137
94
372
707
960
1159
1375
1456
1431
1365
1172
959
766
519
301
228
259
264
298
450
605
669
698
620
436
197
-181
-590
-938
-1282
-1575
-1668
-1611
-1527
-1389
-1186
-986
-816
-674
-532
-384
-233
-62
116
321
538
719
860
983
1009
942
831
673
505
349
233
159
171
263
345
425
550
680
746
741
646
471
248
-50
-399
-743
-1048
-1275
-1365
-1369
-1356
-1263
-1080
-893
-718
-520
-317
-139
13
188
369
509
628
747
837
870
861
817
733
631
529
440
366
321
329
350
369
418
490
523
510
464
336
135
-104
-377
-670
-947
-1152
-1282
-1345
-1341
-1251
-1091
-921
-734
-519
-302
-112
64
232
369
496
609
701
775
813
820
807
762
689
612
530
435
376
376
376
362
367
387
396
359
261
109
-75
-286
-516
-756
-986
-1193
-1334
-1393
-1389
-1329
-1224
-1070
-870
-644
-412
-191
9
200
386
551
676
773
838
869
868
837
780
715
649
595
565
552
543
531
517
500
455
359
224
52
-158
-383
-601
-801
-962
-1081
-1140
-1136
-1087
-1008
-905
-780
-631
-463
-294
-129
41
214
380
532
659
749
808
838
825
774
701
622
543
465
399
348
308
279
254
221
170
103
29
-58
-170
-297
-424
-543
-657
-750
-809
-847
-855
-828
-779
-711
-618
-506
-380
-243
-101
55
223
390
553
712
861
995
1106
1183
1218
1204
1140
1031
879
690
469
231
-8
-239
-461
-662
-826
-943
-1023
-1061
-1063
-1031
-978
-904
-806
-699
-576
-436
-281
-111
84
301
521
730
915
1070
1169
1199
1163
1069
921
733
515
286
56
-156
-336
-476
-583
-657
-700
-721
-713
-685
-644
-588
-529
-474
-421
-365
-306
-238
-154
-72
19
126
248
347
407
475
542
572
570
564
532
457
383
288
175
90
-3
-82
-142
-223
-268
-294
-327
-337
-361
-343
-297
-330
-314
-203
-152
-134
-70
-22
35
56
29
65
96
60
87
105
78
115
171
137
146
264
267
199
148
149
185
103
-18
60
-21
-150
-81
-98
-232
-247
-205
-187
-202
-102
-99
-196
-8
-18
-67
109
-8
-51
141
79
128
82
79
234
26
72
161
-212
-180
33
-81
-158
-86
-28
73
17
-15
43
-222
-183
113
-262
-162
-125
-279
-122
-15
154
82
378
495
405
475
635
208
435
479
49
-68
-171
184
-218
-854
-472
-531
-906
-968
-883
-765
-965
-446
-289
-123
171
427
727
1143
1330
1001
1260
2584
1525
-179
1669
893
-651
-785
-851
-1590
-2450
-2329
-1971
-1946
-1743
-950
-290
342
823
773
660
1228
789
20
34
251
96
257
206
1205
1002
2911
3212
-207
3056
2783
-297
-840
-8
-2098
-3319
-3306
-3447
-2482
-3273
-2740
-630
-58
-466
1865
1442
2177
2972
1147
1747
1748
497
-660
-719
-717
-1484
-1956
362
-580
325
4328
1037
2137
4974
2570
244
663
371
-3023
-3752
-3960
-4248
-4545
-4525
-3043
-1933
-1483
168
790
887
3289
2212
1142
3201
1785
126
258
574
-357
-1166
879
97
2015
3183
806
3944
3789
1071
1247
395
-1745
-2745
-4188
-3947
-5292
-5035
-3928
-3584
-2553
-1650
194
850
1050
2932
2796
1870
3179
2085
1552
418
1227
688
-779
1300
169
1642
2361
423
2832
2476
414
842
26
-1547
-2638
-3383
-3885
-4254
-4696
-3400
-2573
-2565
-270
454
791
1848
2501
2682
2011
2186
2399
899
-53
1985
-358
88
1392
-348
3592
1633
904
4891
1551
1448
1790
-1061
-861
-2937
-4628
-3560
-5204
-5508
-3273
-3580
-2631
-757
88
1027
1259
3079
2180
2061
2899
1536
569
950
858
-984
1058
223
535
3303
624
2577
3594
919
1861
236
-1185
-1702
-4102
-3508
-4771
-5008
-4338
-3671
-2595
-1957
-319
1267
1235
2160
3817
1785
2854
2714
1025
846
724
340
-565
1284
-497
1648
2885
-386
3622
2331
318
2169
-1274
-400
-2434
-4068
-3026
-5285
-4173
-4343
-3468
-2100
-2101
401
643
994
2634
1739
1891
2554
1295
936
656
1404
-269
1246
1006
869
3362
1157
2443
3338
1291
1838
374
-1257
-666
-4164
-2702
-3786
-4992
-2521
-3907
-2260
-1613
-1598
520
-366
752
1153
992
1698
1163
2200
646
1945
1530
737
2325
543
2890
1898
1284
2987
1589
1156
1253
-802
-534
-2174
-3118
-2607
-4338
-2965
-3692
-2989
-1826
-2463
-372
-294
-39
1882
917
2114
2460
2051
2522
676
2791
296
839
1151
-122
2580
404
1665
2868
1221
2068
555
-413
-424
-3806
-2914
-4322
-5415
-4132
-5059
-3032
-2509
-1816
1055
135
2205
2995
1483
3455
1856
2191
521
890
1405
-1439
2422
-289
1962
3281
635
4455
2358
2074
2316
-484
-93
-2394
-3948
-3409
-5781
-4482
-4723
-4160
-1858
-2327
630
1125
1380
3395
2201
2349
2584
1365
1059
-310
867
-525
-226
1381
-285
3571
1789
2288
4771
1836
3623
1129
272
95
-3575
-2546
-4725
-4947
-4123
-5510
-2568
-3193
-1508
543
-614
2773
1994
1555
3628
1336
2655
758
212
2423
-2099
2127
353
57
4757
-491
4438
3083
1506
4214
-1507
1697
-1651
-4489
-1422
-6284
-4010
-4406
-4769
-2079
-3863
13
-320
-621
2835
1198
1522
2718
1763
1943
306
1936
879
-278
2637
-603
2910
2870
295
4663
1252
2314
1369
-1636
624
-4175
-3419
-3229
-6255
-3133
-5157
-2781
-2847
-2534
976
-1751
1558
1413
565
2679
676
2618
1179
175
3475
-413
2076
2711
-675
5138
1089
965
4323
134
2263
193
-737
43
-3841
-1613
-3770
-4874
-2670
-5246
-2616
-3308
-2472
-108
-1778
1273
1390
831
2845
1961
3110
1777
1597
3875
-522
3095
1797
-625
5087
-204
1885
3305
579
2514
-756
341
-967
-4329
-1906
-5094
-5008
-3775
-5013
-2602
-3406
-654
70
-575
2840
2082
1499
3227
2513
1868
1309
1346
1675
-930
2399
480
20
5399
170
3153
4220
1489
2688
-658
370
-2074
-4999
-2417
-5988
-5350
-3862
-4960
-2730
-2314
-862
364
338
1977
2407
1101
2844
1968
1300
1001
886
1512
-895
2418
263
953
4527
-84
4101
2227
1785
2708
-1970
1127
-2775
-4295
-2212
-6378
-3832
-4979
-3960
-2651
-3443
357
-893
692
2139
1413
2595
2055
2528
2102
305
2377
770
-788
3171
-934
1350
3978
-407
3636
2264
1732
2176
-1188
1296
-2653
-3145
-1997
-5423
-3093
-4424
-2971
-2522
-2856
522
-1255
393
1964
460
2120
1696
1979
2514
2
3267
1267
-623
4316
-1686
1825
4054
-2300
4255
922
920
2420
-2305
2052
-2873
-2924
-1046
-5567
-2571
-4151
-3359
-2625
-3638
-73
-1877
-821
1957
38
1427
2424
1822
2074
1139
2627
1323
-295
3728
-751
1325
4501
-1082
3826
2449
1398
2500
-1260
1901
-2501
-3047
-1428
-5671
-3079
-3997
-3650
-2558
-2689
737
-1378
774
3043
317
2402
2198
1130
1771
-627
1276
732
-2332
3316
-652
261
5395
-385
3627
3647
1258
2769
-837
491
-2083
-4261
-2264
-5655
-4295
-4158
-3558
-2460
-2848
1122
-591
82
3167
829
1138
2764
925
1008
738
729
1305
-1648
2637
1280
-1872
5282
1575
309
5005
1564
2033
779
469
-168
-3868
-1196
-3837
-5397
-2603
-4131
-3736
-2680
-1020
-1049
-1252
1858
948
375
2754
1473
1223
1861
645
1532
-316
405
1669
-1477
1051
2850
-128
1799
3435
1667
1473
1148
1545
-1675
-1774
-1074
-4352
-3755
-2582
-3838
-3598
-1726
-1197
-1298
-622
1543
663
440
2916
1056
1804
1902
834
2120
-434
1012
966
-1080
919
1025
632
1170
2005
2301
1128
1564
1825
-895
-288
-1068
-3058
-2571
-2804
-3562
-3012
-2336
-2000
-1596
-762
52
-17
854
1463
795
1781
1674
1001
1386
1070
114
508
135
-437
232
455
418
1369
1592
1436
1976
1635
1067
686
25
-903
-1613
-1785
-2293
-2827
-2078
-2096
-2196
-1073
-1170
-756
-54
28
240
548
876
654
1034
1051
772
1031
591
519
397
-13
369
279
398
834
896
1329
1153
1343
1322
718
493
82
-700
-993
-1226
-1850
-1656
-1742
-1668
-1502
-1379
-975
-1176
-826
-476
-809
-367
-52
-105
77
678
424
720
1119
916
1133
1227
1233
1246
1281
1360
1130
1114
996
573
452
-16
-336
-683
-937
-1199
-1325
-1316
-1474
-1290
-1220
-1170
-1023
-950
-734
-715
-410
-203
-38
284
540
730
900
1045
1158
1076
1127
1062
811
853
648
379
400
201
-7
-73
-202
-398
-521
-547
-775
-775
-695
-959
-802
-762
-939
-709
-732
-628
-509
-380
-100
-56
212
474
520
733
939
859
1026
1011
924
948
783
726
576
385
322
11
-119
-255
-492
-600
-685
-762
-799
-774
-673
-640
-534
-395
-343
-264
-157
-152
-77
23
-1
106
205
199
288
349
343
343
351
349
302
254
249
199
148
148
81
70
22
-37
-47
-119
-140
-179
-191
-209
-197
-191
-200
-170
-172
-178
-162
-159
-150
-143
-109
-90
-87
-50
-31
-20
-4
37
71
59
164
187
177
283
256
261
283
238
210
174
124
71
12
-3
-97
-105
-117
-213
-165
-194
-230
-166
-186
-166
-119
-114
-80
-67
-29
-7
-26
36
29
22
67
61
72
92
117
110
123
152
121
97
115
55
21
11
-23
-69
-59
-75
-93
-70
-79
-69
-49
-47
-29
-22
-24
-17
-21
-21
-35
-24
-23
-33
-11
-13
0
21
24
54
61
64
82
57
54
48
7
6
0
-29
-18
-12
-25
-14
2
-4
-2
11
1
-3
0
-16
-22
-26
-30
-26
-30
-18
-8
-4
0
6
10
4
9
13
6
13
12
8
11
5
6
4
1
7
-1
-5
4
-11
-7
-6
-11
-7
-8
0
1
-1
4
6
0
4
5
-1
-3
1
-10
-13
-4
-9
0
4
6
19
16
17
25
16
13
13
4
-1
-6
-12
-18
-17
-13
-14
-7
-7
-6
3
-4
0
1
-6
0
-4
-3
-6
-10
0
-7
-6
5
-4
2
9
-3
5
5
-3
6
7
5
6
5
9
3
8
5
-2
7
3
-2
0
-3
-6
-2
-1
-4
3
6
0
6
3
-8
0
-5
-12
-5
-8
-10
-4
-4
-5
-1
0
2
5
9
11
14
10
4
4
0
-3
0
-1
-5
0
0
-3
-3
-7
-7
-4
-7
-8
-8
-12
-12
-10
-8
-2
0
9
14
16
20
22
20
19
16
14
11
9
8
4
1
-2
-7
-7
-10
-13
-12
-15
-20
-22
-21
-22
-22
-20
-16
-6
-1
2
9
11
14
14
17
15
11
12
9
9
8
6
6
11
6
5
6
3
0
-2
-5
-7
-10
-12
-12
-12
-9
-5
-3
-1
0
1
2
3
3
3
3
0
0
0
2
1
1
0
1
1
0
0
1
2
3
4
3
4
6
5
5
5
5
3
0
-2
-3
-10
-11
-12
-14
-12
-12
-10
-8
-6
-5
-2
0
-1
2
5
4
4
8
8
8
11
8
8
8
8
7
5
2
1
2
0
-6
-5
-3
-10
-13
-5
-5
-11
-6
0
-5
-6
1
2
0
3
6
6
7
7
3
4
4
-2
2
9
-10
-13
21
3
-39
8
42
-33
-39
46
16
-59
1
48
-20
-32
26
13
-16
6
9
-4
14
8
-16
7
28
-12
-25
26
22
-36
-10
45
-6
-45
30
35
-51
-17
55
-15
-56
31
31
-47
-11
42
-10
-32
15
13
-17
-3
5
-7
0
6
-10
-1
14
-6
-12
19
10
-18
5
21
-9
-6
17
2
-11
3
2
-1
3
-5
-4
6
-8
-14
11
6
-15
-1
12
-3
-10
4
12
0
-12
1
14
-5
-7
15
6
-13
-3
3
3
10
10
-5
-37
-43
17
49
0
-14
8
-26
-26
42
25
-38
-18
20
20
13
-9
-20
13
47
0
-91
-36
156
138
-127
-143
123
156
-107
-123
139
155
-139
-208
184
362
-45
-338
-23
244
78
-142
-207
-141
19
230
190
-194
-268
150
309
32
-172
-87
67
151
98
-128
-43
239
-15
76
165
-1806
-2019
1506
2634
-30
-1398
195
1735
724
-1088
-923
503
628
-901
-1616
-369
795
59
-702
508
1663
-352
-2074
61
1784
443
-931
-302
708
1047
111
-942
390
1754
-290
-2017
-321
1211
-224
-2354
-581
1774
-335
-1739
507
1916
321
-1191
-104
907
1300
656
-1990
-1217
1753
1559
-310
-2189
-1303
1184
745
-505
-689
299
1557
962
-139
-14
682
-43
-948
21
-375
-1623
-619
334
-348
-721
283
1096
968
434
-661
98
1031
331
279
-710
-2304
-795
1140
387
-1030
-599
1265
1259
386
175
381
410
214
-112
-484
-693
-1099
-307
416
-156
-675
-375
1219
973
-393
-93
-32
126
916
885
-1656
-2812
-293
1840
587
-1582
-693
1671
1961
747
-350
-297
1446
693
-1647
-1448
-8
-494
-1300
-611
-23
280
692
509
-57
1054
853
-300
423
180
-268
-187
-333
304
-68
-952
-710
-53
68
-50
67
112
163
464
641
-99
-71
348
76
-604
-536
-274
-113
-133
-371
333
651
-17
-188
-38
131
611
126
-110
-201
20
362
-172
-289
150
302
-58
-632
-396
461
722
131
-823
145
961
-136
-896
-619
424
598
-1101
-867
265
785
728
-145
359
471
-222
-680
-535
467
739
-1090
-1281
639
865
366
95
230
518
1085
212
-1145
-317
-10
-385
-1622
-1613
398
870
-404
-553
921
1865
1251
88
142
276
266
-979
-1323
-370
-1013
-836
482
199
-72
1036
1648
712
-912
-169
1349
316
-1740
-1458
-452
677
252
-1355
-805
1044
1232
231
-206
225
1128
621
39
-1085
-963
376
203
-725
-645
-317
11
629
17
-106
192
703
723
-448
-952
597
1121
-111
-662
-197
685
457
-847
-1134
-231
1037
18
-1285
324
825
-346
364
403
-1138
409
1080
-622
-677
188
-27
-167
490
-110
-188
606
491
-743
8
493
-229
252
-316
-1620
132
1729
-384
-564
469
265
460
67
-326
107
157
-804
-662
673
608
-1169
-876
462
353
713
159
-49
889
462
-883
-939
556
623
-497
-1096
-566
507
870
-508
-865
548
745
236
-313
48
547
365
-199
-1053
-183
1165
277
-757
-422
439
675
-322
-1459
-820
1016
1267
-949
-1302
1083
1936
808
-1092
-898
678
974
-537
-2015
-757
1623
739
-1448
-671
1061
1191
-521
-620
146
184
326
-608
-680
315
357
-135
-93
264
324
136
105
-286
-662
-81
876
377
-1085
-204
690
-93
311
-103
-340
744
403
-46
-110
-376
-339
-208
-266
-154
-124
126
785
300
-629
-323
138
193
695
-103
-925
105
871
-24
-1224
-948
876
1428
-21
-672
-614
444
1146
-369
-1026
347
862
-90
-687
-304
333
264
-225
-120
101
49
234
-250
-789
355
796
-581
-415
375
-109
-93
159
178
321
164
-456
-484
388
931
-40
-1207
-216
1156
224
-548
-323
-313
769
665
-880
-821
465
718
-35
-817
-586
257
353
228
-541
-615
756
847
-410
-634
609
1375
476
-656
-173
853
628
-461
-1197
-832
271
263
-941
-949
57
566
222
-391
-442
50
289
-370
-1031
-564
389
21
-96
1114
1563
853
443
1137
1103
-147
-288
162
286
23
-438
-87
134
-278
-833
-822
-371
-1027
-1727
-1364
-1116
-1340
-1580
-929
6
-34
145
1008
2254
2874
1886
637
797
2042
2052
256
-361
955
1532
582
-376
-159
5
-793
-1598
-1963
-2057
-2735
-3429
-2612
-1863
-2215
-2218
-751
651
789
1244
2073
2718
3119
3119
2447
1520
1548
1907
1341
289
217
1203
1255
-127
-1164
-1304
-1516
-2403
-3348
-3463
-2804
-1920
-1434
-1143
-459
430
1186
975
-160
-435
257
476
-288
-154
1677
2880
2599
2171
2901
3780
3182
2246
1994
1772
455
-1747
-3383
-4237
-4543
-4615
-4475
-3723
-2379
-644
740
1375
1840
2641
3117
2144
171
-1424
-1845
-1495
-1262
-1228
-525
1617
3888
4224
3131
2822
3598
3569
2239
1079
-133
-2472
-4835
-5087
-4040
-4665
-5550
-3562
-382
878
737
1528
2928
3220
2342
1312
617
-825
-2654
-3106
-2767
-2842
-2529
-386
2606
4013
4248
4574
4655
4138
3094
2310
2271
1272
-2007
-5406
-5895
-4044
-3679
-5401
-5319
-1776
1641
1905
1036
1569
3343
4082
2391
452
80
-220
-1471
-2656
-3247
-3199
-2024
68
1147
1249
3033
5231
4979
3466
2688
3087
4255
3604
-1023
-6277
-6537
-2874
-2847
-6867
-7317
-1809
3194
2326
-393
576
4272
5795
3033
-35
-494
-311
-1391
-3253
-4942
-5425
-3355
-248
583
264
2552
6370
7151
4568
2583
3189
5595
5701
141
-6654
-7778
-3389
-2231
-7278
-9876
-4635
2661
3852
285
87
4420
6901
4420
653
-649
-1319
-2197
-1942
-2837
-5715
-5914
-1314
2385
585
-782
3205
7187
6121
2517
2170
4365
5872
4029
-1757
-6921
-6847
-2769
-2641
-7362
-8604
-2665
3437
2896
161
1725
5660
6055
2936
791
-295
-1894
-1873
-757
-2160
-5907
-5435
408
2749
-126
-1110
2452
5758
4886
2531
1797
2866
5622
5696
121
-5625
-5646
-1489
-1427
-6922
-9412
-4801
1495
2119
-1364
-688
4085
6138
3488
698
-66
-685
-914
-360
-1208
-4235
-4863
-1620
1795
1182
-1009
321
3159
5286
3989
964
951
3379
6442
5014
-1139
-5493
-5119
-1210
-1922
-7674
-9218
-4328
2004
2210
-898
86
4232
6961
4827
1046
-1121
-1166
-10
-330
-2280
-4380
-4449
-1925
872
686
-299
430
2611
4600
3447
1639
1466
2909
5278
4947
1065
-3797
-5643
-2869
-2154
-5874
-9145
-6845
-135
2663
664
-202
3193
7428
6857
2321
-1047
-919
132
-462
-2691
-4255
-4208
-2883
-507
333
68
199
1712
4120
3891
2541
1919
2616
4161
4702
3343
-649
-4456
-4713
-2718
-3314
-7120
-8563
-4672
550
1726
193
1130
4783
7191
5216
1541
412
793
354
-1808
-3649
-3627
-2984
-2132
-1676
-921
18
317
1550
3416
4227
3154
2120
3330
4392
4427
3182
-5
-3683
-5193
-3306
-3072
-6662
-9154
-5976
313
2312
-120
-308
4268
7844
5493
1376
313
972
539
-1167
-2554
-3456
-3189
-1929
-1289
-1349
-1364
-388
1164
2536
2690
2077
2536
3677
4065
3884
4117
2582
-1561
-4412
-3417
-2048
-4778
-8715
-7688
-1909
2062
514
-1024
2661
7510
7012
2571
539
1426
1528
-765
-3247
-4228
-3561
-2051
-1332
-1687
-2307
-1175
1378
2888
1798
536
2516
5323
4741
1679
1555
4839
4318
-1556
-6446
-4669
-1004
-3942
-9318
-8827
-1761
2499
87
-1002
2850
7098
6283
3080
2086
2015
886
-1086
-2322
-3475
-3930
-2736
-1101
-894
-2663
-2034
1222
3390
1830
-755
1203
5208
5535
1699
-270
3674
7170
3378
-3991
-6513
-2412
-881
-6325
-10789
-7538
-195
1766
-1010
-594
4024
7224
5888
3721
3264
2514
314
-1301
-1902
-2919
-3939
-3306
-1073
-763
-1999
-1585
767
2435
1013
-263
889
3054
3634
1675
431
1695
4464
4796
685
-3627
-4263
-1788
-1978
-5987
-8142
-5310
-207
1335
0
279
2996
5943
5593
3071
1191
737
608
-723
-2524
-4138
-3815
-1919
-349
-195
-688
307
1518
2603
2272
456
179
1389
2342
839
-935
-73
1399
2722
2388
0
-2364
-2993
-1106
-1256
-4317
-6381
-4303
511
1710
-656
-1189
2704
6252
4850
1528
530
1553
1193
-498
-2448
-3161
-2385
-1661
-827
-572
180
857
1167
2025
1533
657
0
100
457
-969
-1459
-189
969
1024
581
2870
4306
1540
-2350
-2867
230
-589
-5286
-7191
-3434
669
-493
-1893
664
4882
5562
2922
1661
1999
2017
81
-2026
-2969
-2937
-1966
-1026
-279
-614
-90
1817
3158
2317
-407
-1051
469
1289
-282
-2736
-2175
365
1366
329
-163
2332
4900
3591
-245
-2386
-1067
-79
-2871
-6433
-6225
-2696
-244
-949
-1163
1523
4544
5269
3625
2467
2527
1995
452
-1971
-3428
-3182
-2343
-1638
-1598
-1053
636
2455
3528
3076
1578
554
500
370
-1260
-3557
-3664
-1781
-626
-845
-480
1649
3328
3345
3665
4157
2578
-921
-2798
-1547
-1778
-5389
-7603
-4804
-202
522
-1505
-505
3720
6500
4944
2175
1805
2159
1253
-1147
-3149
-3566
-3061
-2102
-1415
-1004
-47
1513
2968
3384
2510
1537
1282
1283
87
-2454
-4030
-3043
-1561
-1812
-2635
-1408
1294
2621
2303
2272
3291
4032
3924
2634
120
-2619
-3600
-2651
-3305
-5766
-6425
-3251
472
711
189
2102
5234
5963
4005
2495
2003
1265
-484
-2353
-3299
-3336
-2704
-1912
-1125
-489
415
1648
2527
2543
1549
695
676
800
-44
-1883
-2574
-1424
-362
-1004
-2164
-1337
437
917
56
43
1238
1639
1298
1045
1424
1355
1286
1995
1562
-449
-2497
-1927
-672
-2220
-4491
-4090
-880
610
-670
-666
1716
3920
3265
1666
1488
1743
1143
-362
-1407
-1947
-2121
-1775
-1160
-670
-681
-83
1080
1864
1566
727
845
1387
1220
-134
-1434
-1099
-337
-497
-1382
-1484
-327
414
32
-421
330
1241
1034
312
212
554
40
-541
-503
-194
-521
-1367
-1280
-558
139
-65
-305
476
1267
1592
1373
1430
2211
2701
1762
-341
-1772
-1438
-1179
-2692
-4227
-3551
-1337
-28
-272
-58
1580
3199
3259
2173
1383
926
426
-217
-1282
-2340
-2539
-1521
-439
-629
-729
304
1769
2304
1297
671
1129
1552
959
-485
-1286
-1049
-780
-1022
-1637
-1513
-384
357
231
13
645
1352
1142
488
159
162
-203
-655
-772
-731
-737
-635
-183
111
117
352
911
1015
528
350
410
98
-631
-1055
-926
-1132
-1348
-769
63
378
479
1273
2271
2326
1897
2332
2471
833
-1351
-2134
-1531
-2216
-4129
-4435
-2636
-690
-368
-211
1309
3040
3645
2976
2287
1774
904
-75
-1173
-2060
-2644
-2636
-1801
-1059
-764
-318
789
2165
2492
1705
1265
1686
1896
775
-915
-1407
-931
-1012
-1856
-2233
-1363
-378
-179
-109
423
1125
1251
996
858
640
129
-370
-434
-414
-706
-978
-697
-198
-44
8
299
829
960
679
508
527
591
-24
-846
-989
-597
-336
-821
-962
-343
213
315
69
335
761
795
713
657
739
511
308
694
781
-104
-1286
-1270
-496
-839
-1977
-2110
-847
113
-116
-330
442
1498
1742
1220
821
834
714
249
-243
-619
-929
-993
-593
-199
-345
-425
145
914
958
325
29
387
742
359
-506
-716
-170
2
-449
-738
-330
131
-3
-200
-33
298
343
123
104
299
140
-478
-697
-293
-27
-359
-605
-123
584
821
600
598
1104
1748
1462
165
-745
-657
-451
-1306
-2457
-2389
-1288
-431
-492
-496
406
1660
2181
1724
1294
1156
960
521
-251
-1036
-1520
-1309
-750
-761
-1023
-614
360
1006
836
441
587
1025
1018
389
-238
-257
-111
-373
-727
-802
-562
-327
-300
-291
-88
365
614
474
321
347
293
7
-193
-246
-296
-357
-340
-269
-156
107
326
311
253
324
406
261
6
-88
-8
-7
-220
-289
32
242
-347
-1178
-1084
-277
-6
-595
-736
403
1678
1750
1176
1407
2538
2772
1074
-917
-1412
-864
-1416
-3168
-3800
-2542
-927
-577
-722
26
1534
2693
2454
1649
1280
1247
1008
97
-958
-1603
-1540
-1014
-977
-1338
-934
313
1177
1059
670
975
1595
1540
736
-169
-359
-244
-684
-1341
-1538
-1050
-540
-462
-408
-33
659
1008
757
464
459
479
115
-321
-454
-387
-369
-380
-314
-218
-10
225
358
259
120
304
468
293
-87
-215
8
9
-255
-350
-94
136
40
-18
141
287
245
124
65
-8
-131
-246
-269
-184
-203
-506
-693
-313
228
164
-252
-11
770
984
416
177
599
684
65
-531
-582
-614
-786
-727
-547
-409
-200
374
889
939
860
936
1058
920
740
383
-413
-1189
-1298
-939
-1274
-1948
-1681
-545
152
-134
-3
933
1557
1365
964
968
804
346
18
-301
-771
-1050
-676
-252
-395
-546
-4
738
771
415
403
679
571
14
-371
-484
-460
-524
-640
-589
-388
-22
192
270
480
710
799
658
607
640
329
-290
-774
-793
-756
-1034
-1288
-1101
-613
-336
-248
33
449
631
552
542
561
356
60
-35
53
29
40
317
693
871
733
681
839
966
615
-292
-958
-971
-845
-1340
-1924
-1488
-459
-136
-567
-372
665
1148
545
16
375
729
340
-219
-245
59
162
191
197
154
279
535
539
-108
-645
-385
48
-80
-547
-286
433
630
270
-8
277
507
298
-114
-348
-198
-83
-154
-316
-288
-11
223
215
-13
-14
233
203
-264
-550
-397
-435
-680
-681
-451
-384
-412
-146
167
348
440
571
829
917
760
536
537
592
386
207
149
148
154
172
68
-211
-301
-231
-271
-557
-781
-678
-563
-647
-776
-594
-322
-249
-212
-115
6
24
102
275
363
395
445
574
672
652
661
683
588
450
429
374
75
-263
-302
-176
-331
-710
-801
-548
-444
-698
-861
-628
-385
-490
-635
-461
-113
38
-65
-15
373
737
732
559
641
921
950
631
475
628
685
381
-11
-68
-29
-180
-379
-460
-450
-553
-674
-700
-713
-788
-817
-604
-431
-514
-627
-471
-66
106
34
213
710
981
726
490
692
957
783
428
433
630
532
147
-55
-20
-96
-296
-492
-561
-569
-650
-709
-733
-682
-540
-417
-384
-384
-322
-271
-194
-55
45
179
428
698
702
409
326
596
688
399
246
523
671
307
-95
-117
9
-114
-371
-397
-340
-435
-525
-524
-547
-558
-389
-193
-248
-382
-200
105
36
-219
-179
105
283
325
410
500
564
663
701
568
400
441
573
418
14
-220
-138
-76
-297
-527
-448
-254
-303
-522
-569
-439
-347
-339
-326
-255
-142
-11
35
-31
-52
77
245
304
322
429
535
489
364
388
531
524
324
170
147
64
-120
-221
-220
-274
-363
-341
-294
-378
-450
-322
-158
-207
-329
-286
-163
-129
-89
75
203
167
135
233
307
260
241
284
243
163
209
237
46
-102
94
286
24
-341
-215
134
18
-441
-529
-177
-7
-244
-404
-209
14
-14
-130
-101
42
153
142
33
-8
130
278
207
65
124
242
139
-31
49
208
91
-121
-70
59
-108
-355
-216
98
75
-204
-232
9
76
-125
-247
-125
40
80
53
19
11
86
201
197
53
20
186
287
124
-90
-57
106
114
-36
-107
-21
42
-25
-149
-194
-140
-64
-30
-69
-116
-62
53
76
-30
-71
49
139
46
-72
-11
108
56
-84
-62
99
118
-29
-58
115
195
3
-188
-96
121
149
-14
-111
-29
90
84
-39
-139
-124
-37
1
-46
-92
-65
8
62
62
22
-7
26
92
86
-1
-50
-10
27
15
11
26
-17
-97
-96
-8
21
-44
-56
53
140
75
-43
-38
71
110
-4
-133
-124
-33
-11
-79
-90
6
93
79
28
54
110
72
-37
-69
34
82
-38
-141
-10
190
120
-125
-144
96
158
-121
-312
-121
144
108
-70
-44
111
112
-48
-129
-65
-1
0
-6
9
17
25
55
81
64
28
41
68
30
-62
-92
-13
36
-43
-121
-39
103
82
-77
-110
55
147
-8
-151
-19
186
124
-129
-200
18
203
32
-276
-236
118
235
-43
-222
-14
230
174
-27
-89
-11
51
51
17
-47
-90
-3
121
53
-143
-154
31
111
25
-8
39
30
-21
-13
22
-11
-64
-10
84
17
-173
-190
38
198
78
-88
-33
139
137
-58
-141
38
194
50
-162
-112
44
10
-94
-39
42
-5
-26
76
98
-43
-120
-25
54
4
-63
-47
9
49
37
-19
-53
-5
67
72
27
11
29
32
14
20
22
-34
-65
43
136
-6
-201
-106
117
61
-163
-113
153
172
-93
-212
-33
105
9
-67
55
147
23
-101
-40
29
-34
-66
39
108
33
-48
-30
18
26
0
-31
-34
2
24
-18
-52
8
90
59
-29
-14
70
51
-40
-26
48
0
-103
-50
84
51
-92
-81
57
64
-68
-99
17
66
-24
-90
-28
63
76
30
-2
0
2
-9
-8
8
16
6
-9
-24
-18
0
-4
-9
21
49
38
14
-27
-79
-37
93
117
-26
-128
-56
68
93
5
-86
-53
66
91
-15
-89
-35
58
72
-10
-93
-74
8
39
2
-39
-64
-31
73
108
-13
-113
-32
61
-2
-74
6
116
79
-22
-33
13
5
-31
-2
66
45
-44
-72
-21
7
14
36
27
-5
26
72
-8
-134
-95
70
113
-31
-130
-1
179
116
-118
-177
-5
102
0
-129
-99
54
146
46
-115
-88
105
160
-10
-133
-34
93
38
-97
-83
65
113
-2
-76
-2
71
30
-32
-35
-11
0
-14
-41
-19
58
86
1
-85
-48
60
78
-20
-87
-21
61
27
-72
-74
31
101
61
-17
-52
-32
27
70
20
-78
-71
52
84
-50
-139
-24
116
60
-92
-87
67
130
26
-68
-36
39
44
-21
-70
-29
52
39
-76
-107
23
118
21
-96
-28
100
62
-69
-67
51
88
12
-41
-20
17
29
11
-35
-59
3
77
29
-87
-76
61
97
-36
-122
-16
103
48
-75
-68
40
75
9
-39
-11
29
31
6
-22
-39
-22
22
37
-9
-48
-19
35
24
-36
-51
-1
45
29
-21
-31
9
46
23
-23
-17
26
29
-23
-34
16
30
-25
-35
33
47
-35
-67
24
82
-13
-110
-40
94
87
-48
-103
0
104
65
-58
-92
7
102
48
-76
-81
29
63
-31
-70
24
72
-18
-77
17
92
10
-79
-6
102
59
-66
-83
8
47
-7
-51
-15
37
23
-37
-52
9
60
27
-28
-20
12
-5
-38
-9
39
17
-25
10
63
22
-56
-35
46
48
-26
-53
-12
8
-17
-30
-3
22
32
34
16
-10
-6
21
10
-30
-30
11
15
-22
-39
-19
9
44
59
11
-51
-40
23
19
-48
-62
2
44
11
-21
0
33
39
34
38
19
-24
-39
-2
16
-28
-76
-52
16
40
1
-33
-10
39
49
6
-21
5
31
18
2
12
11
-18
-27
-5
5
-9
-15
-3
-2
-13
-4
15
4
-33
-31
22
49
-2
-53
-16
51
49
-2
-17
13
23
1
-17
-27
-27
-12
9
6
-12
-9
13
20
10
6
7
0
4
24
20
-12
-33
-20
-7
-7
11
35
14
-32
-34
10
24
-18
-40
4
54
27
-41
-63
-15
40
43
0
-22
0
21
0
-27
-21
5
25
28
16
3
-2
0
6
7
-12
-35
-20
21
26
-19
-50
-22
24
27
-4
-6
24
23
-7
-7
16
-3
-32
0
46
16
-50
-42
19
37
-6
-35
-10
15
0
-13
5
22
11
-2
-5
-1
7
13
2
-2
18
23
-10
-41
-22
8
2
-18
-5
25
23
-6
-13
-1
-2
1
20
22
-6
-17
-2
-9
-30
-20
15
19
0
0
10
2
-4
10
15
0
1
17
4
-29
-29
-1
4
-5
0
8
4
1
8
2
-9
2
18
5
-18
-9
4
-16
-20
21
44
-2
-39
0
42
6
-43
-26
16
17
-5
-10
-5
-6
3
15
7
-5
-6
8
15
9
0
-12
-7
16
27
2
-30
-21
13
14
-20
-30
2
30
14
-9
-4
1
-4
-6
1
-4
-22
-14
12
11
-8
-4
19
22
9
11
13
-7
-15
0
10
-7
-18
0
15
1
-16
-15
0
7
5
1
1
1
3
1
1
5
6
2
-5
-2
2
-8
-18
-5
13
5
-13
-8
11
8
-10
-11
-1
4
4
4
-2
-6
2
6
-3
-8
1
9
6
3
2
0
-3
1
8
4
-5
-7
-5
-1
-3
-8
-5
5
11
8
-3
-5
0
7
4
0
-3
0
7
4
-2
-4
-3
-1
0
-1
-2
0
-2
-5
-3
-2
-3
-1
1
7
7
3
3
4
0
-3
-7
-8
-1
1
0
-2
3
11
11
6
1
1
0
-3
-9
-13
-10
-3
-2
1
5
2
3
8
8
1
-4
0
1
-1
-3
-2
0
0
-2
-6
-3
0
1
0
2
2
4
10
11
6
-4
-10
-9
-8
-10
-11
-8
1
11
12
7
4
8
10
8
0
-9
-10
-7
-3
-2
-1
0
3
4
0
-3
0
2
0
-6
-7
1
6
3
-3
-2
5
6
0
-7
-6
2
6
2
-3
-3
2
6
0
-4
-2
3
3
-1
-4
0
4
2
-2
-6
-4
2
1
-1
-2
3
6
5
0
-1
0
3
0
-6
-5
-2
0
0
-4
-1
4
7
3
-3
-3
0
2
1
-3
-2
0
2
2
1
0
1
2
0
1
0
0
0
-2
0
0
0
1
-1
-2
0
0
-1
-1
-1
-3
-3
-2
-1
0
0
-2
0
1
2
0
-1
0
3
3
0
-3
-2
0
2
1
0
1
2
3
0
0
1
2
1
-1
-2
-1
1
1
0
-1
0
0
0
0
0
1
0
-1
0
-1
0
0
0
-1
0
0
-2
0
1
0
0
-1
-1
0
1
0
0
0
0
0
0
0
1
1
1
-2
-2
1
1
0
0
0
0
3
2
0
-1
1
0
-1
0
-1
-1
0
1
0
0
0
1
0
-1
0
1
1
0
-1
-1
0
1
0
0
0
-1
1
2
0
0
0
-1
0
0
0
0
0
-1
0
0
-1
-1
0
0
0
0
-1
1
2
0
0
0
0
0
0
0
0
0
0
0
0
0
0
1
0
-1
-1
0
0
0
0
0
1
0
0
0
0
-1
-1
1
0
-1
0
0
-1
-3
0
1
0
0
1
0
0
0
0
0
1
0
-1
0
0
0
0
0
1
0
0
-2
0
0
0
0
1
1
0
0
0
0
0
0
0
0
0
0
0
0
-1
0
1
1
0
0
0
-1
0
0
0
0
1
2
1
0
0
2
0
0
0
0
-1
-1
0
0
-1
-1
0
0
1
0
0
0
-1
0
1
0
0
-1
0
0
0
-1
0
0
0
0
0
0
0
0
1
0
-1
0
0
0
0
1
0
0
0
0
-1
0
0
0
0
0
0
-1
0
1
-1
-2
0
2
1
0
0
1
0
-1
0
0
0
0
0
0
0
-1
0
0
0
0
0
0
0
0
1
-1
0
0
1
1
0
1
0
0
0
0
1
0
-1
0
0
0
-1
-1
-1
0
0
0
0
-1
0
0
0
0
0
1
0
-1
0
-1
0
0
0
0
1
2
1
1
0
0
0
0
1
0
0
0
1
1
0
0
-2
0
0
-2
-1
0
1
0
0
0
0
0
0
0
0
0
-1
0
0
0
0
0
1
0
1
0
0
-1
0
0
0
-2
0
1
1
0
0
0
0
0
0
0
0
0
0
2
0
0
0
0
0
-1
-1
0
0
0
-1
1
1
0
0
0
0
0
0
-1
-1
0
0
0
0
1
0
1
0
0
0
0
0
-1
0
0
0
2
1
0
0
0
0
1
0
-1
0
0
0
0
0
0
0
0
0
0
0
0
0
-1
0
0
0
0
0
0
-1
0
1
0
0
0
0
1
0
0
0
0
0
0
0
0
0
0
0
-1
0
0
0
0
0
0
0
-1
0
0
0
0
1
0
0
0
0
0
-1
-1
0
0
0
0
0
0
0
0
0
0
0
0
0
0
0
0
0
0
0
0
0
0
-1
0
0
0
0
0
0
0
0
1
0
0
0
0
-1
0
0
0
1
0
0
0
0
0
0
0
1
1
0
0
1
0
-2
0
0
-1
1
0
-1
0
0
-1
0
0
0
0
-1
0
-1
-1
0
0
1
0
0
0
1
0
1
0
0
0
0
0
0
0
1
0
0
0
0
0
0
0
0
0
0
-1
0
0
-1
0
0
0
0
-1
-1
0
0
0
0
0
0
0
0
0
0
0
0
0
0
0
0
0
-1
0
0
0
-1
0
0
-1
0
1
1
0
-1
0
1
0
-1
0
0
0
0
0
-1
0
0
0
0
0
0
0
0
0
0
0
0
-1
2
1
0
-1
0
0
0
0
0
0
0
0
2
0
0
0
0
1
0
0
0
0
-1
-1
0
0
0
0
0
0
0
0
0
0
0
2
0
0
0
1
0
0
-1
0
1
0
0
1
0
0
0
0
0
0
-2
0
1
-2
1
1
-1
0
0
0
0
0
0
0
0
0
0
0
0
0
-1
0
0
0
1
1
-1
0
0
0
-1
0
1
0
0
0
0
0
0
0
0
0
0
0
0
0
0
0
0
0
-1
0
0
0
0
0
0
0
0
-1
0
0
0
0
1
0
0
0
-1
0
0
0
0
0
0
0
0
0
0
0
1
0
0
1
1
0
0
0
0
0
0
0
0
0
0
0
0
-2
0
1
1
0
0
0
0
0
-1
0
0
0
1
0
1
-1
-2
0
1
-1
0
0
1
1
0
0
0
0
0
0
0
0
1
0
0
0
-2
0
3
-1
-1
0
1
0
-1
0
0
0
-1
0
0
0
0
0
1
0
0
0
0
1
0
0
0
0
0
0
0
0
0
0
1
0
1
-1
0
-1
-2
2
1
-1
-1
1
0
0
1
0
0
1
0
-1
-1
0
0
0
0
0
1
0
0
0
0
0
0
0
0
0
0
0
0
1
0
0
1
1
0
0
0
0
0
0
0
0
0
0
0
0
0
-1
-1
-1
0
-1
0
0
0
0
0
0
0
1
1
1
0
0
0
0
0
0
0
1
0
-1
0
0
0
0
0
0
0
-1
-1
0
0
0
0
0
0
1
0
0
0
0
0
-1
0
0
-1
-1
0
0
0
0
0
0
0
1
0
0
0
1
0
0
0
0
0
1
0
-1
0
1
0
0
0
0
0
0
0
-1
0
0
-1
-2
-1
-1
-1
-2
-1
-2
-1
0
0
0
-1
0
0
0
0
2
2
3
1
2
4
2
1
4
1
0
1
1
1
0
2
1
0
0
0
0
-1
-2
-2
-3
-3
-3
-3
0
-2
-1
-1
-2
0
0
0
0
1
0
0
0
0
0
0
0
0
1
0
0
0
0
0
0
1
0
1
1
0
0
0
1
2
1
1
0
0
0
0
0
0
-1
0
1
0
0
0
0
0
0
-1
-1
0
0
-1
-1
-1
0
0
0
0
0
0
0
0
0
0
0
0
0
0
0
0
0
0
0
1
0
0
1
0
0
1
1
1
0
0
0
0
-1
0
0
0
-1
-1
-1
-1
0
0
0
0
0
0
0
0
0
0
0
0
1
0
0
0
0
0
1
0
0
0
-1
0
0
0
0
0
0
0
0
0
0
0
0
0
0
0
-2
0
0
0
0
0
0
0
-1
0
0
-1
0
0
0
1
0
0
1
1
0
1
0
0
1
0
0
0
0
0
0
0
-1
0
0
0
0
0
0
0
0
1
0
0
0
0
0
0
-1
0
0
0
0
0
0
0
0
0
-1
0
0
1
0
0
0
0
0
0
0
0
1
0
0
0
1
0
0
1
1
-1
0
2
0
1
-1
0
0
-1
0
0
-1
-1
-2
-1
0
0
0
0
0
0
0
1
0
0
0
0
0
0
-1
-2
0
0
0
0
0
-1
0
0
0
0
0
1
0
0
3
1
0
0
0
0
0
1
1
0
0
0
-1
0
-1
0
0
0
0
0
0
-1
-1
-1
0
1
1
0
0
0
0
0
-2
0
1
0
1
0
0
-1
0
0
0
1
0
0
0
0
0
-2
-1
-2
0
0
0
0
0
0
0
0
0
0
0
0
0
1
0
0
0
0
0
1
0
0
0
0
-1
0
0
0
0
0
-1
-1
0
0
-1
-1
0
-1
-1
0
0
1
0
0
2
1
0
1
0
0
1
0
0
0
1
2
0
0
0
0
0
-1
0
-1
-2
0
-1
0
0
-1
0
-1
-1
1
1
0
-1
0
0
0
0
0
0
1
0
0
0
0
0
0
0
0
0
0
0
-1
0
1
0
0
1
0
0
0
0
-1
-1
-1
0
2
0
-1
0
0
-1
0
0
-1
0
0
1
0
-2
0
-1
-2
0
1
0
1
0
-1
0
0
0
0
1
0
0
1
0
0
1
1
2
1
0
1
0
0
-1
0
1
0
0
0
-1
-2
0
1
0
0
0
-2
0
-1
0
0
0
0
-1
0
0
0
0
0
0
1
0
0
0
0
-1
0
0
1
0
0
1
0
0
0
0
0
0
1
0
-1
-2
0
1
1
0
1
0
0
0
0
0
0
0
0
-2
-1
0
1
0
1
0
0
-1
0
-2
0
1
0
1
0
0
0
-2
0
0
0
0
0
0
0
0
0
1
1
0
0
0
0
0
0
1
1
0
0
0
0
0
0
0
0
0
0
0
-1
-1
0
0
0
0
0
0
0
0
0
0
0
0
0
0
1
0
0
-1
0
0
0
0
0
0
0
0
0
0
0
1
0
0
0
0
0
0
0
0
0
2
0
-2
0
0
0
0
0
0
1
0
1
0
0
0
-1
0
0
0
0
0
0
0
0
0
1
0
0
1
0
0
-1
0
0
-1
0
0
0
0
0
-1
0
0
-1
0
0
0
2
0
1
0
0
1
0
1
1
0
0
1
0
0
0
-1
0
0
1
0
-1
0
0
0
0
-1
0
-1
-1
0
0
0
0
0
0
0
0
-1
1
0
2
0
-1
1
0
-1
0
0
0
-2
0
0
0
0
-2
0
0
0
0
1
-1
0
-1
0
0
-1
0
0
1
0
1
2
1
0
0
0
2
1
0
-2
0
0
0
1
-1
0
0
0
-1
0
0
0
0
0
-1
0
0
-1
-1
0
0
0
1
1
-1
0
1
0
0
0
0
1
2
0
-2
-1
0
0
0
0
0
0
0
0
0
-1
0
0
1
-1
0
-1
0
0
0
0
0
0
0
1
1
0
0
0
0
0
0
0
0
0
1
0
0
-2
0
0
0
-1
0
0
0
0
0
0
0
0
0
1
0
0
0
0
1
0
-1
0
0
-1
0
1
1
0
0
0
1
0
0
0
0
1
0
0
0
0
0
-1
0
0
0
0
0
0
0
0
0
0
0
0
0
0
0
0
0
0
0
1
0
0
0
0
0
0
0
0
0
0
1
0
-1
0
0
0
-1
0
-1
-1
0
0
-1
0
0
0
0
0
0
1
0
2
1
0
0
0
1
0
0
2
1
0
0
0
0
0
0
0
0
0
-2
0
-1
-1
0
-1
0
-1
0
0
0
0
-2
0
0
0
2
0
0
0
-1
-1
0
0
1
1
1
0
-1
0
0
0
1
1
0
1
0
0
-1
0
0
0
0
-1
-1
-1
0
0
-1
-1
0
0
0
0
0
0
0
0
0
0
1
1
0
0
0
0
0
0
0
1
0
1
0
0
0
0
0
0
0
1
2
0
0
-2
0
1
-1
0
1
0
0
0
0
-1
0
0
0
0
0
0
-2
0
1
0
0
-1
-1
0
-1
0
0
0
0
0
0
0
0
0
1
0
0
0
-1
0
0
0
0
1
1
1
1
1
1
0
0
0
1
0
0
0
-1
0
0
0
0
0
-1
0
1
0
-1
-1
0
-1
-1
-1
0
0
0
-1
-1
1
1
0
0
0
0
0
1
1
0
0
0
0
0
0
0
0
-1
0
0
0
0
1
0
0
0
0
0
0
0
0
0
0
-1
0
0
0
1
0
0
0
0
0
0
0
0
0
0
0
0
0
-1
0
0
0
0
0
-1
0
1
0
0
0
0
0
0
0
0
0
0
-1
0
0
-1
0
0
-1
0
0
0
1
0
0
0
0
0
0
0
0
0
0
0
-1
0
0
1
0
0
0
0
0
0
-1
0
0
0
0
0
1
0
-1
0
0
0
0
0
0
-1
2
0
0
-1
-1
0
1
0
0
0
0
0
0
0
0
0
0
0
0
0
0
1
0
0
0
1
1
0
0
0
0
-1
0
0
0
0
0
0
-1
0
0
-1
0
0
0
0
0
0
0
0
0
-1
0
-1
-1
0
0
0
0
0
0
-1
0
0
0
0
0
0
0
1
0
0
0
0
0
0
0
1
0
0
0
0
0
0
0
0
0
0
0
0
0
0
0
0
0
1
1
0
0
0
1
0
1
0
-1
0
0
0
-2
-1
-1
-1
1
0
0
0
0
0
0
-1
0
1
0
0
0
0
-1
0
1
0
0
0
0
0
0
1
0
0
0
0
0
0
2
1
1
0
0
0
-1
0
0
0
0
1
-1
0
0
0
-1
0
0
0
0
0
0
-1
0
0
0
1
0
0
0
0
0
0
-1
0
1
0
2
0
0
0
-1
0
1
1
0
0
0
0
0
0
0
-1
1
1
0
0
0
-1
-1
0
0
0
0
0
1
0
-1
-1
-1
0
0
0
1
1
0
2
0
0
0
0
0
0
0
0
0
0
0
0
0
0
-1
0
0
0
0
1
0
0
0
0
-1
-1
0
0
-1
0
0
0
0
0
0
0
0
0
0
1
0
0
0
-1
-1
0
0
1
0
0
0
0
0
1
0
0
0
0
0
0
0
0
-1
0
0
0
1
0
0
0
0
-1
-1
0
0
0
0
-1
0
1
2
0
0
1
0
0
0
0
-1
0
0
0
0
0
0
1
-1
0
1
0
0
1
-1
-1
0
-1
0
0
0
0
0
0
0
0
0
0
0
0
0
-1
0
-1
0
1
1
0
0
-1
0
1
0
0
0
0
1
0
-1
0
0
0
0
0
0
0
0
0
0
0
0
0
-1
-1
0
0
0
0
0
0
0
0
0
0
0
0
0
1
0
0
1
0
0
0
0
0
0
1
1
0
0
0
-1
-2
-1
0
0
0
1
0
0
0
-1
0
-1
0
0
1
1
2
0
-1
-1
-3
-1
1
0
1
2
0
0
0
-2
0
0
0
2
1
0
1
0
0
0
-1
0
1
0
0
0
-1
0
0
-1
0
-1
0
3
0
-1
0
-1
0
0
0
0
0
2
0
0
-1
0
0
0
0
2
1
0
2
-1
0
0
0
0
0
1
0
0
0
0
-1
0
0
0
0
0
0
0
1
0
0
0
0
0
-1
-1
0
0
0
-1
-1
0
1
0
1
0
0
0
0
0
1
1
1
0
0
0
0
0
1
0
-1
0
0
0
1
0
0
0
-1
-1
-1
0
0
-2
0
0
0
1
0
-2
0
0
0
0
0
0
0
2
0
-1
0
0
0
1
0
0
1
-1
0
0
0
1
0
0
0
0
-1
-1
0
0
0
1
0
0
0
-1
-1
0
0
0
0
0
0
0
1
0
0
0
-1
-1
-1
1
0
0
0
0
0
0
1
-1
-2
0
0
0
1
0
0
0
1
0
0
0
0
0
1
2
-1
0
0
0
0
2
0
-1
0
0
0
0
0
0
-2
0
1
0
0
0
-1
-1
0
0
0
0
0
0
0
0
1
0
1
0
1
0
1
0
-1
0
0
0
0
-1
-1
1
0
0
0
0
0
0
0
-1
0
0
0
0
-1
0
0
0
0
0
-1
0
0
-1
0
0
0
0
0
-1
0
1
0
1
0
1
1
0
0
0
0
0
0
-1
0
0
1
0
-1
0
-1
0
1
0
-1
0
0
0
0
-1
0
0
0
0
0
0
0
0
0
0
0
0
0
0
0
0
0
0
0
0
0
0
0
0
0
-1
-1
0
1
1
0
0
0
0
0
0
0
0
0
0
0
0
0
0
0
0
0
0
0
0
0
0
0
0
0
0
0
-1
0
0
-1
0
0
0
0
0
1
0
0
0
0
0
1
0
0
0
0
0
0
0
0
0
0
0
0
-1
0
-1
0
0
0
0
0
0
0
0
1
0
0
-1
0
1
0
0
0
0
-1
0
0
0
0
0
0
0
0
0
-1
0
0
0
0
-1
-1
0
1
2
0
0
0
0
0
0
1
0
0
0
0
0
0
-1
0
1
0
0
0
0
0
0
0
0
0
0
0
0
0
0
0
1
0
0
0
0
-1
0
1
0
0
0
0
0
0
0
0
0
0
0
0
0
-1
0
1
1
0
1
0
-1
0
-1
0
0
0
0
0
0
0
1
0
0
1
0
0
1
0
0
0
0
0
0
0
0
0
0
0
0
0
0
0
0
0
0
0
0
0
0
0
0
0
0
0
0
0
0
0
0
0
0
1
-1
0
0
0
0
0
1
3
0
0
1
0
0
-1
0
0
0
0
0
-1
-2
0
0
0
0
0
1
1
1
-1
0
0
0
1
0
1
1
0
0
1
0
0
-1
-1
0
0
0
0
0
0
0
2
1
0
0
-2
0
0
1
0
0
0
0
0
1
0
0
0
0
-1
0
0
0
0
0
0
0
0
0
0
0
0
0
2
1
0
0
0
0
1
0
0
-1
0
1
0
0
0
-1
-1
0
0
1
-1
-1
0
0
0
0
0
0
1
1
0
0
0
1
1
1
-1
0
1
1
0
-1
0
1
0
-2
-1
0
0
0
-2
0
0
0
1
0
-2
0
0
0
-1
-1
0
1
0
0
0
0
0
-1
0
1
0
0
0
0
0
-1
0
0
0
2
0
0
0
-1
0
0
-1
0
1
1
1
0
0
0
-1
0
0
1
-1
0
0
0
0
1
0
0
1
1
1
-1
-2
0
-1
0
1
0
-2
0
3
0
-1
0
0
0
0
0
-2
0
1
2
0
-2
0
0
0
0
1
0
-1
0
0
0
0
0
1
-1
0
2
0
-1
0
0
1
0
0
1
0
0
0
0
1
0
0
0
0
0
-1
-1
0
0
0
0
-1
-1
0
0
-1
-2
0
1
0
0
-1
1
0
-1
0
1
1
1
0
0
-2
-1
0
0
1
0
1
-1
-2
-2
0
1
0
0
1
0
-1
-1
1
2
0
0
0
0
0
-1
0
0
-1
0
1
-2
-1
0
0
1
0
0
1
0
0
0
-1
0
0
0
0
-1
0
1
0
0
0
0
-2
0
0
-2
0
1
0
1
-1
0
1
0
0
0
1
0
-1
0
2
0
0
0
0
0
0
0
-1
0
0
0
0
-1
-1
0
0
0
0
0
0
0
0
0
0
-2
0
1
0
0
2
0
0
0
0
0
0
0
0
0
0
1
0
0
0
0
-1
-1
0
0
0
-1
0
0
0
0
0
0
1
1
1
0
-1
0
0
-1
0
0
-1
1
0
0
0
0
0
0
-1
-1
0
0
0
0
0
0
0
0
0
0
0
0
0
0
0
0
1
2
0
0
0
2
1
0
0
0
1
1
0
0
0
0
0
0
0
0
0
-1
-1
0
1
0
0
0
0
0
0
0
0
0
0
0
0
-1
0
0
-1
-1
0
1
0
1
0
0
0
0
0
0
0
0
-1
0
1
0
0
0
0
0
0
1
0
0
0
0
-1
0
0
0
-1
0
1
0
0
1
0
0
0
0
1
-1
1
0
0
-1
0
0
0
0
0
2
2
1
0
0
0
1
0
0
-1
0
-1
-1
0
0
0
0
-1
0
0
-1
0
0
0
0
-1
0
0
0
0
0
0
0
1
0
1
0
0
0
0
0
0
0
1
0
0
0
0
0
1
1
1
-1
0
0
0
0
0
0
1
0
0
-1
0
0
1
0
-1
0
0
-1
-1
0
0
0
0
-1
-1
0
-1
1
1
0
1
2
0
0
0
0
2
0
2
1
0
-1
0
0
0
1
0
0
0
0
0
0
0
0
1
-1
0
-2
0
0
0
0
0
0
0
0
0
0
0
-2
-2
0
0
0
0
0
0
0
0
0
0
0
1
1
1
0
0
0
0
-1
0
0
0
0
-1
0
0
0
0
0
0
1
-1
-1
1
0
0
0
0
1
0
0
0
0
0
-1
0
0
0
0
0
0
1
0
0
1
0
1
-1
-1
0
0
0
-1
0
1
0
0
0
0
0
2
1
0
0
0
0
0
0
0
0
0
-1
-1
0
0
-1
0
0
-1
1
0
0
0
0
0
1
0
0
0
-1
0
0
0
0
0
0
0
0
0
0
-1
0
0
1
0
0
0
0
0
0
0
0
0
0
0
1
1
0
-1
0
0
-1
0
2
0
0
0
0
0
0
0
0
1
0
1
-1
-1
0
0
2
0
1
0
1
2
-2
0
0
-1
0
-1
0
0
0
0
-1
0
0
0
0
0
1
0
0
-1
0
0
0
-1
0
0
0
1
-2
-1
1
0
0
1
0
0
1
0
0
0
0
0
0
1
1
0
0
0
0
2
1
0
0
0
0
-1
-1
-1
-2
-1
0
0
0
0
0
0
0
0
0
0
0
0
0
0
1
0
1
0
0
0
0
1
0
0
0
-1
0
1
-1
0
0
1
0
0
0
-1
0
0
-1
0
0
0
0
0
0
-2
-1
0
-2
0
0
0
0
0
0
2
0
0
0
0
0
0
0
0
-1
0
0
0
1
0
0
0
0
1
0
0
-1
-1
1
0
1
0
-2
0
1
0
0
0
0
0
0
0
0
0
-2
0
0
0
-1
0
0
0
1
0
0
0
0
0
1
0
0
0
0
-1
0
0
0
0
-1
0
0
0
0
1
0
0
0
1
0
-1
0
-1
0
0
0
0
0
0
-1
0
1
-2
0
0
0
0
0
0
0
0
0
0
-1
0
1
0
-1
-1
0
1
1
0
1
2
1
0
0
-1
0
0
0
0
1
0
0
0
-1
0
0
0
-1
0
1
0
-2
0
0
0
0
0
0
0
0
0
0
-1
0
0
0
0
-1
2
1
0
0
0
0
0
1
0
1
0
0
0
0
0
1
-1
-1
0
0
0
-1
1
0
-1
-1
0
0
0
0
0
0
0
0
0
0
0
0
0
0
0
0
0
0
-1
0
0
-2
0
0
0
2
1
0
0
0
-1
0
0
1
1
0
0
0
0
0
0
0
0
0
0
0
0
0
0
0
0
0
0
1
0
-1
0
-1
-1
0
0
0
0
0
0
0
0
-1
0
0
0
1
0
0
0
1
0
1
0
1
1
0
0
0
0
0
0
-1
-1
0
0
0
0
0
0
0
0
0
0
-1
0
0
0
-1
0
1
1
0
0
0
0
2
0
0
-1
0
0
0
0
0
0
0
0
0
0
0
1
0
-1
0
-1
0
0
0
0
0
0
0
0
0
0
0
1
0
-1
0
1
1
0
0
-2
0
1
0
0
0
0
0
0
0
0
0
0
0
0
-1
0
0
0
0
0
0
0
0
0
-1
0
0
0
0
0
0
1
0
0
0
2
1
-1
0
0
1
1
0
-1
0
0
1
0
-2
0
1
0
0
-2
-1
0
0
0
0
0
0
0
0
0
0
1
0
0
1
0
0
0
-1
0
2
0
0
0
0
0
0
0
0
1
0
0
0
0
0
1
0
-1
0
0
0
0
-1
0
0
0
-1
0
1
0
0
0
0
0
0
0
0
-1
0
0
0
0
0
0
0
0
0
0
0
0
0
0
0
0
0
0
0
0
1
0
0
1
1
0
0
0
0
0
0
-1
-2
0
0
0
0
0
0
0
-1
0
0
1
0
0
1
0
0
0
0
1
0
0
0
0
0
0
0
0
0
0
-1
0
0
0
1
1
0
-1
-1
-1
0
-1
0
0
0
-1
-1
0
0
0
0
-1
0
1
0
0
1
1
0
0
0
0
0
0
0
0
0
0
0
-1
0
-1
-2
0
0
0
0
0
0
0
0
0
0
0
0
0
1
2
0
0
1
0
0
0
1
0
-1
0
0
0
0
0
0
0
0
0
2
1
-1
-1
0
1
1
0
0
-1
-1
0
0
0
0
-2
0
0
0
0
-1
0
-1
-1
0
0
0
2
1
0
1
0
0
0
0
0
0
0
0
0
0
2
0
-2
0
-1
-1
0
0
0
-1
1
0
0
0
1
1
0
0
0
0
0
0
0
0
0
0
0
0
0
0
0
0
1
0
0
-1
-1
-1
0
1
1
0
-1
1
0
-1
0
2
0
0
1
0
0
-1
0
1
0
0
1
0
0
-1
0
0
0
-1
0
0
0
0
1
0
0
0
0
0
0
0
0
0
0
0
1
1
0
0
0
0
0
-1
0
0
0
0
0
0
0
0
0
0
0
0
1
0
0
0
-1
0
0
0
0
0
-1
0
0
2
0
0
1
1
0
0
0
0
0
0
0
0
1
0
-1
-1
0
0
0
0
0
0
0
0
0
1
0
0
0
0
1
1
0
-1
0
0
0
0
0
1
1
0
-1
0
0
0
0
0
0
0
0
1
0
0
0
0
0
1
0
0
0
0
0
0
0
0
0
-1
-1
0
0
0
0
0
0
0
0
-1
1
0
0
1
1
0
0
0
0
0
0
0
0
0
0
1
0
0
-1
0
-1
-1
0
0
0
-1
0
0
0
0
0
0
-1
0
0
0
0
0
1
1
0
0
0
-1
0
0
0
0
0
-1
-1
1
0
0
0
0
-1
1
1
0
1
0
0
-1
0
0
0
0
-1
0
0
0
0
0
0
0
0
0
0
0
0
1
0
0
0
0
-1
0
0
0
1
0
0
-2
0
0
0
1
0
0
0
0
0
1
0
0
0
-2
0
1
0
0
0
-1
-1
0
0
0
0
0
0
0
0
0
0
0
0
-1
0
1
1
0
0
0
0
0
0
0
0
1
0
0
0
0
1
0
0
0
-2
0
0
0
0
0
0
0
0
0
0
0
0
0
0
0
0
0
0
0
0
0
2
0
0
0
-1
0
0
0
-1
1
1
-1
0
0
0
0
-1
0
1
0
0
0
1
0
0
1
0
0
1
0
0
0
0
0
0
0
0
0
0
0
0
0
-1
1
0
0
0
0
0
0
0
0
0
0
0
1
1
1
0
0
0
0
0
0
-1
0
0
0
0
0
0
-2
-1
0
0
1
0
-1
0
0
0
0
0
0
0
2
1
1
0
-1
0
2
0
-1
0
0
1
0
-1
0
0
0
0
0
-1
0
0
-1
0
0
0
0
1
2
0
-1
0
0
0
0
0
1
0
-1
0
0
0
0
-1
0
1
1
0
0
0
0
0
0
0
1
0
-1
0
-1
0
0
0
0
0
0
-1
0
-1
0
-1
-1
1
0
0
0
0
0
0
0
0
2
1
0
1
0
0
0
0
0
0
-1
0
0
-1
-1
0
0
0
0
1
0
0
0
1
0
0
-1
0
0
0
0
0
-1
-1
1
1
0
0
0
0
0
0
0
1
0
0
1
0
0
0
0
1
0
0
0
-1
0
0
0
0
0
0
1
0
0
0
0
0
0
0
0
0
0
0
0
0
0
1
1
0
-1
0
0
0
0
-1
0
0
0
0
0
0
0
0
0
0
0
0
0
0
0
0
0
0
0
-1
0
1
-1
0
0
0
0
0
-1
0
0
0
0
0
0
0
0
0
0
0
1
-1
0
2
0
0
0
0
0
0
-1
0
0
1
0
0
0
0
1
0
-1
0
1
0
0
-1
0
0
0
0
0
0
0
0
0
0
1
0
-1
0
1
0
0
0
0
0
1
0
0
2
0
-1
1
0
0
0
-1
0
0
-1
-2
-1
-1
0
0
0
0
0
0
1
1
0
0
0
0
1
0
0
1
1
0
-1
0
0
0
0
0
0
0
1
1
0
0
-1
0
1
1
0
0
-1
0
0
0
0
0
0
-1
0
0
-2
0
0
0
1
0
1
0
0
1
0
0
0
0
0
0
0
0
-1
0
0
0
0
0
0
0
0
0
0
0
-1
0
-1
1
1
0
0
0
0
0
0
-1
0
1
0
0
0
0
0
0
-2
-1
1
0
1
-1
-1
0
1
1
0
0
0
0
0
0
0
-1
-2
-1
0
-1
0
0
-1
0
0
0
0
1
-1
0
0
0
1
0
0
0
0
0
0
0
0
0
1
1
2
3
2
2
1
0
1
1
0
0
0
-1
0
0
0
-1
0
-1
-1
0
0
-1
-1
-2
-1
0
-1
-2
-2
-2
-2
-2
-2
0
-2
-1
0
0
0
0
0
0
0
1
1
1
2
3
2
3
3
3
3
2
1
1
1
1
1
0
1
0
-1
0
0
0
0
-1
-2
-3
-1
0
-1
-3
0
0
-1
-2
0
0
0
-1
0
0
0
0
0
2
0
0
1
0
1
0
2
1
0
1
0
0
0
1
1
-1
0
0
-1
1
0
-1
-1
0
-1
-1
-1
-2
-1
0
0
0
0
-1
-1
1
-1
-1
0
0
0
2
3
1
0
1
2
0
0
0
1
0
0
0
0
0
0
1
0
0
0
0
1
0
-1
0
1
0
0
0
0
-1
-2
0
1
-1
-1
0
0
0
0
-2
-1
0
0
1
1
0
2
0
0
0
0
0
1
1
0
0
1
0
0
0
-1
0
1
0
0
-1
-1
0
0
0
0
0
1
0
0
-2
-1
-1
0
1
0
0
0
-1
-1
0
0
0
1
0
0
0
-1
0
1
0
0
0
0
0
0
0
0
0
0
0
0
0
0
0
0
-1
0
1
1
0
1
0
0
0
0
1
-1
-1
0
0
0
0
0
0
0
0
0
0
0
0
0
0
0
1
0
0
0
0
0
-1
0
0
0
0
0
0
0
1
0
0
-1
0
0
0
0
-1
0
0
1
0
0
0
0
0
1
0
0
1
0
0
0
1
1
0
0
0
0
0
0
0
-1
-1
-1
-1
0
0
0
0
0
-1
0
0
0
0
0
0
1
3
0
0
2
1
0
0
-1
0
-1
0
0
1
0
0
0
0
0
0
0
0
0
0
0
0
-1
-1
0
0
1
1
0
0
0
0
1
0
0
0
0
0
0
0
-1
0
-1
0
0
0
1
0
-1
0
-1
0
1
1
0
0
0
0
0
0
1
0
2
0
0
0
0
1
1
0
-1
-1
-1
0
-1
0
0
0
0
0
0
0
0
-1
0
0
0
0
0
0
-1
0
0
0
2
0
0
0
0
0
-1
0
0
0
1
1
0
0
0
0
-1
0
0
0
1
1
0
0
0
0
0
0
-1
0
0
0
0
0
0
-1
-1
0
-1
0
0
0
0
0
0
0
1
1
0
0
0
0
0
1
1
0
0
0
0
0
0
0
2
0
0
-1
0
0
0
0
-1
0
0
0
0
0
0
1
-1
0
0
0
0
0
-1
1
0
0
0
-1
0
0
0
1
2
0
0
0
0
0
0
0
0
0
-1
0
-1
-2
-1
-1
1
0
-1
0
0
1
1
0
0
1
0
0
2
0
0
1
0
0
1
0
0
0
0
0
0
0
0
0
-1
0
0
0
0
0
0
0
0
0
1
0
-1
0
0
0
0
0
0
-1
0
1
0
0
0
0
0
2
0
-1
0
0
0
0
0
0
0
0
0
0
1
1
0
0
1
1
-1
0
0
0
1
0
0
0
0
0
0
0
-1
0
0
0
0
0
0
-1
0
0
0
1
1
0
0
0
0
0
0
0
0
0
0
0
0
0
0
1
0
0
0
0
0
0
0
0
0
0
-1
-1
0
-1
0
0
0
0
0
0
0
1
0
0
0
0
0
0
0
0
-1
0
0
-2
-1
0
0
0
0
0
0
1
1
0
0
0
-1
0
0
0
0
1
0
0
1
1
1
0
0
1
0
0
-1
0
0
0
-1
-1
-1
0
0
0
-1
-1
1
0
0
0
0
2
1
0
1
0
0
0
-1
0
0
0
0
0
0
0
0
0
0
0
0
1
1
0
0
0
0
0
0
0
0
0
0
0
0
0
-1
-1
0
0
0
2
0
-1
0
-1
-1
1
1
0
0
0
0
0
0
-1
0
0
0
0
0
0
0
0
1
-1
0
1
0
0
0
0
1
1
0
0
0
1
-1
0
1
0
-1
0
0
0
0
0
0
0
0
0
0
-1
0
0
-1
0
0
0
0
0
0
0
0
0
0
0
0
0
0
0
1
0
0
0
-1
0
0
0
0
0
0
0
0
0
0
-1
1
0
0
0
-1
0
0
0
0
0
0
0
0
1
1
0
0
0
0
0
0
0
-1
0
0
0
1
0
-1
0
0
-1
-1
0
0
0
0
0
-1
0
1
0
0
0
0
1
0
1
1
-1
0
0
1
1
0
1
0
0
1
0
0
1
0
0
0
-1
0
0
-1
0
-1
1
0
0
0
-1
0
0
0
0
0
-1
0
0
0
0
0
0
0
-1
0
0
0
0
0
2
-1
0
0
0
0
1
1
0
0
0
0
-1
0
1
0
0
0
-1
0
-1
-1
0
0
0
-1
1
0
-1
0
-1
0
0
1
0
0
1
0
0
0
-1
0
0
0
0
0
0
0
0
0
0
0
1
1
0
1
0
0
0
-2
0
-1
-1
-1
0
0
0
0
0
0
0
0
0
-1
0
1
1
0
0
0
0
-1
0
-1
0
0
1
0
0
0
1
0
0
0
1
0
1
0
-1
0
0
0
0
1
-1
0
0
0
0
0
0
0
0
0
0
0
0
0
1
0
-1
0
0
0
0
0
0
0
0
0
0
0
0
0
1
0
0
0
0
0
0
0
0
-1
0
0
0
0
0
0
0
0
0
0
0
1
-1
0
1
0
0
0
0
1
-1
-1
-1
-1
1
0
-1
0
0
0
1
0
0
1
0
1
1
0
0
0
0
0
-1
0
0
0
0
0
-2
1
0
-1
0
0
0
0
-1
0
0
1
0
0
0
0
2
1
0
0
0
1
0
0
0
0
0
0
0
-1
0
0
0
-1
-1
0
-1
0
0
0
0
0
0
0
0
0
1
2
0
1
1
1
0
0
0
0
0
0
0
0
1
-1
0
0
0
0
0
-1
-1
1
-1
-1
0
0
0
0
0
0
0
-1
0
0
0
0
0
0
0
0
1
0
1
0
0
1
0
0
0
0
0
0
1
0
0
0
0
0
-1
1
0
0
0
-1
0
0
0
0
0
0
0
0
0
0
0
0
0
0
-1
0
0
-1
0
0
1
2
-1
-1
0
0
0
0
0
-1
0
0
0
0
0
0
0
-1
0
1
0
0
0
0
0
0
0
-1
0
0
0
0
0
0
0
0
0
0
0
0
-1
0
1
0
1
0
0
0
0
0
0
0
0
0
0
0
0
0
0
0
-1
0
-1
-1
0
0
1
0
1
1
0
0
0
0
1
0
0
0
-1
0
0
0
-1
-1
0
-1
1
1
-2
0
2
1
0
0
0
0
0
0
0
0
0
-2
0
0
-2
-3
-1
-3
-3
-1
-1
-2
-1
0
0
1
2
1
3
5
3
5
5
5
4
2
2
0
0
0
-2
-3
-2
-4
-4
-4
-3
-5
-5
-4
-3
-4
-1
0
-2
0
2
3
4
4
6
4
5
7
5
5
6
2
2
0
-1
-1
-2
-3
-2
-4
-4
-3
-3
-5
-5
-2
-3
-4
-1
-1
-1
0
2
1
2
2
0
0
0
-1
0
0
0
0
1
0
0
2
1
2
2
1
0
0
0
2
1
1
2
1
1
0
0
0
-1
-3
-1
-1
-2
-2
-3
-3
-1
-2
-1
-1
-1
0
1
1
1
0
0
1
2
2
2
1
1
1
0
0
0
0
-1
0
-1
0
0
0
0
0
0
0
0
1
0
0
1
0
0
0
0
-2
0
0
-2
0
-1
-3
0
0
0
-1
-1
0
0
0
0
1
0
1
1
0
0
0
0
0
1
1
1
1
0
0
0
0
0
1
0
-1
0
-1
0
0
0
-1
0
0
0
0
0
0
1
0
0
1
1
0
0
0
0
0
0
0
0
0
1
0
0
0
1
0
0
0
0
0
0
0
0
-1
0
0
0
0
1
1
0
0
0
0
1
0
0
-2
-2
0
0
-1
-1
0
0
0
0
0
1
0
0
0
1
2
1
1
0
0
0
1
2
1
0
0
0
0
0
1
0
-2
-2
-2
-2
0
0
0
-1
-2
0
-1
0
1
0
1
1
0
0
0
1
1
1
1
0
1
0
0
0
0
0
0
0
0
0
-1
-1
0
0
0
0
-1
-1
0
0
0
0
0
-1
0
0
0
0
1
0
-1
1
0
0
0
0
0
1
0
1
1
0
0
0
1
2
0
-2
0
0
0
0
0
0
0
0
-2
-1
0
0
0
0
0
0
0
0
0
0
0
1
0
0
0
0
0
-1
2
0
0
0
0
0
0
0
0
0
0
0
0
-2
0
1
0
-1
0
1
-1
0
0
1
-1
0
0
0
1
0
0
0
0
0
0
0
0
0
0
0
1
1
0
-1
0
0
0
0
0
0
0
0
0
0
1
0
-1
0
1
0
1
0
0
1
0
0
0
0
0
-3
-1
0
0
-1
0
0
0
0
0
1
0
-1
0
0
2
0
0
0
-1
0
0
0
1
0
0
1
0
0
0
-1
0
0
1
0
0
1
1
0
-1
0
1
0
0
1
0
0
0
-2
-2
-1
0
0
0
0
0
0
0
0
1
0
-1
0
0
1
0
0
0
1
0
0
1
0
0
0
1
0
-1
0
0
0
0
0
0
0
-1
0
0
0
0
0
-1
0
-1
0
1
0
0
0
0
0
1
1
0
0
0
0
0
0
0
-1
1
0
0
-1
0
0
0
0
0
0
0
0
0
1
1
0
-1
0
0
0
0
0
-1
0
0
0
0
0
0
0
0
0
0
0
-1
-2
0
1
0
-1
0
0
0
0
-1
1
0
1
1
0
0
0
0
0
0
0
0
0
0
0
0
0
1
0
0
0
0
0
0
0
0
0
0
-1
0
0
0
0
0
0
0
0
0
0
0
0
-1
1
0
0
0
0
0
0
0
0
0
0
0
0
1
0
-2
1
2
0
0
-1
0
1
0
0
0
-1
1
0
-1
-1
0
0
0
1
0
0
0
0
0
0
0
0
0
1
0
0
1
-1
-1
0
0
-1
0
0
-1
0
1
0
1
0
0
0
2
0
-1
1
0
0
1
0
0
1
0
0
0
0
-1
0
1
0
0
0
0
0
0
-1
0
0
-1
0
0
-1
0
0
0
0
0
0
-1
0
0
0
0
0
0
0
0
1
1
1
0
0
0
0
0
0
0
0
0
0
0
0
0
0
0
0
0
0
0
0
0
0
0
-1
-1
0
0
0
1
0
-1
0
0
0
0
0
0
0
0
0
0
0
0
0
0
0
0
0
0
2
0
0
0
0
0
0
1
-1
-1
-1
0
0
0
0
-1
0
0
0
0
1
1
0
-1
0
0
0
0
0
0
0
0
0
1
0
0
1
0
0
0
0
0
-1
0
0
0
0
0
2
0
0
0
0
0
0
0
0
-1
-2
0
-1
0
0
0
1
0
0
0
0
0
0
0
1
0
0
1
1
1
0
-1
0
0
0
-1
0
0
-1
0
2
1
0
0
0
0
0
-1
0
0
0
0
0
-1
1
0
0
0
0
0
0
0
0
0
1
0
0
0
-1
0
0
0
0
-1
1
1
0
-1
0
0
0
0
0
0
0
1
0
-2
0
0
0
0
0
0
-1
0
1
0
-1
2
0
-1
0
1
1
0
0
0
0
-1
0
0
0
1
0
0
1
0
0
0
0
0
1
0
-1
0
1
-1
0
2
0
-2
0
0
0
0
-1
0
0
0
0
0
0
0
0
0
1
0
0
0
0
0
0
0
1
0
0
0
0
1
1
-1
0
0
-2
0
1
0
0
0
-2
0
0
0
0
0
0
0
0
0
1
-1
0
0
0
1
0
0
0
0
0
0
0
-1
1
0
0
1
0
0
0
0
0
0
0
0
0
-1
0
-1
-1
0
0
0
0
0
1
0
0
0
0
-1
0
0
0
0
0
-1
0
0
0
0
0
0
0
0
0
1
0
0
0
0
0
0
0
0
0
1
0
0
0
-1
0
0
0
0
1
0
0
0
0
1
0
0
0
0
0
0
0
-1
1
0
0
1
0
0
0
0
0
0
0
-1
0
0
0
0
3
0
0
-1
0
0
0
-1
-1
-2
-1
0
-1
0
-2
-1
-1
-2
0
-1
0
0
-1
0
-1
0
0
0
1
2
0
0
1
2
1
1
3
1
3
2
1
0
1
1
0
0
1
0
0
0
-1
0
-1
-1
-2
-1
0
-1
-2
-1
-1
-1
-1
-1
-2
0
0
0
0
-1
0
0
0
0
0
2
1
0
1
1
1
0
0
0
1
1
0
0
0
0
0
0
0
0
-1
-2
0
0
0
0
0
0
-1
-1
-2
0
0
0
0
0
-1
-1
-1
0
2
0
1
1
0
0
0
0
1
0
0
0
1
0
0
0
0
1
0
0
0
0
0
-1
0
0
1
0
-1
-1
0
0
0
0
-1
-2
-1
0
0
0
0
0
0
0
1
0
1
0
0
0
1
1
0
0
0
0
1
0
0
0
0
0
0
0
0
0
0
-1
0
0
0
0
0
0
0
0
0
1
0
0
0
1
1
0
0
0
0
0
0
0
0
0
0
0
1
0
0
1
1
1
0
0
0
-1
-1
-1
0
-1
0
0
0
0
0
0
0
0
0
0
0
0
0
0
0
0
0
0
0
0
0
0
0
0
0
0
0
0
0
0
0
-1
0
0
0
1
0
0
0
0
0
0
0
0
0
0
0
0
-1
0
0
0
0
0
1
0
0
0
0
0
1
0
0
1
0
-2
0
-1
0
1
1
0
0
0
-3
-1
0
0
0
0
0
0
0
-1
1
0
0
1
0
0
0
0
0
1
0
0
0
0
0
0
0
0
0
0
-1
-1
0
0
0
0
0
0
0
-1
-1
0
-1
0
1
0
0
-2
0
0
0
0
0
0
0
0
0
0
0
0
0
0
0
0
0
0
0
0
0
0
0
0
1
0
0
2
0
-1
0
0
0
0
0
0
0
0
-1
0
0
0
0
0
0
0
1
0
0
0
0
0
0
0
1
1
0
0
-1
0
-1
0
0
0
0
0
1
0
0
0
0
-1
0
0
0
0
0
0
0
0
1
0
0
0
-1
0
1
0
0
0
0
0
0
-1
0
0
0
0
0
0
0
0
0
0
0
-1
0
1
-1
0
-1
0
0
0
0
1
2
2
0
-1
1
-1
0
0
-1
0
0
0
0
0
1
0
0
0
0
0
0
0
0
-1
0
0
0
1
1
0
0
0
2
0
-1
0
0
0
0
-1
0
0
0
0
1
1
0
0
0
0
0
-1
-1
0
0
-1
0
0
0
0
-2
0
0
0
1
0
0
0
0
0
0
1
0
1
0
0
0
0
1
0
0
0
0
0
0
0
0
0
0
0
0
0
0
1
0
-1
0
0
0
0
0
1
0
0
0
1
-1
0
0
0
0
-1
-1
0
0
0
0
0
0
0
1
0
0
0
0
0
0
0
0
0
0
1
0
0
0
-1
0
0
0
0
0
0
1
0
0
0
1
0
-1
1
0
-1
0
0
0
0
-1
0
0
1
0
0
-1
-1
0
-1
0
0
-1
0
0
0
0
0
0
0
0
0
0
1
0
1
0
0
1
0
0
0
0
1
1
0
0
0
0
0
0
-2
-1
0
0
-1
0
0
0
-1
-1
0
0
0
0
0
0
0
0
-1
0
0
1
2
2
1
0
1
0
0
0
0
0
0
-1
-1
0
-1
0
-1
-1
0
0
0
-1
0
-1
0
0
0
0
2
2
2
0
1
1
0
1
0
0
-1
0
0
0
0
0
0
0
0
-2
-1
-2
-1
0
0
0
0
0
1
0
0
0
0
0
0
1
1
0
0
0
1
1
-1
0
0
0
-1
0
0
0
1
0
0
0
0
1
0
0
0
0
0
0
0
0
0
-1
0
0
0
0
-1
0
1
0
0
0
0
0
0
0
1
0
0
1
0
0
0
0
0
-1
0
-1
-2
0
0
1
0
0
1
0
0
0
0
0
-1
0
-1
-1
0
0
0
0
0
0
1
2
0
0
0
0
0
0
0
0
0
0
0
0
0
0
0
0
0
-1
0
1
0
0
0
1
0
0
0
0
0
-1
0
0
0
0
0
0
0
-1
0
0
0
0
0
0
0
0
0
-1
0
0
0
0
-1
0
0
0
0
0
0
0
0
0
1
0
0
1
0
-1
0
0
0
1
0
0
0
0
-1
0
0
0
0
0
0
0
-1
0
0
0
0
0
0
0
0
0
0
0
0
0
-1
0
0
0
0
0
0
-1
0
0
0
0
0
0
1
0
0
1
1
0
1
0
0
1
0
0
0
0
0
0
0
-1
0
0
-1
0
0
-1
0
1
0
1
0
0
-1
-1
0
0
0
0
0
0
0
0
0
1
0
0
0
0
0
0
0
0
1
0
0
1
0
0
-1
0
0
0
0
0
0
0
0
-1
0
0
0
-1
2
0
0
0
0
0
0
0
0
0
-1
1
0
0
0
0
0
0
1
0
0
0
1
1
0
0
0
0
-1
0
0
-1
1
0
0
-1
-1
0
0
0
0
-1
0
2
2
0
0
-1
0
0
0
0
0
0
0
0
0
0
0
1
2
0
0
0
0
0
0
0
0
0
1
0
0
0
0
-1
0
0
1
2
0
-1
0
0
0
0
0
0
-1
0
0
0
2
0
0
-1
0
1
1
0
0
0
0
0
0
-1
0
0
0
0
-1
0
0
0
1
0
0
0
0
0
0
0
0
1
0
0
0
0
1
0
-1
0
0
0
-1
-1
0
0
0
0
0
0
1
2
1
0
0
0
0
0
0
0
0
0
0
0
0
0
0
0
0
0
0
0
0
0
0
0
0
0
0
0
-1
0
0
0
0
0
0
0
0
0
0
0
0
0
0
0
0
0
-1
0
0
0
0
0
0
0
0
0
0
0
0
0
0
-1
1
0
0
0
0
0
0
0
0
0
0
0
0
0
0
0
0
0
-1
0
-1
0
0
0
0
0
0
0
0
0
0
1
0
0
-1
0
0
0
0
-1
0
0
0
0
0
0
0
0
0
0
0
0
-1
0
0
0
0
0
0
0
0
0
1
1
0
-2
0
0
0
0
-1
0
0
-1
0
0
0
0
0
-1
0
0
0
1
0
1
0
0
2
0
0
0
-1
0
-1
0
0
0
0
0
-1
0
0
0
0
0
1
0
-1
-1
0
0
-1
-1
0
0
0
0
1
0
0
0
0
0
0
0
0
0
0
1
0
0
0
0
-1
0
1
0
0
0
0
0
-1
-1
0
0
0
0
1
0
-1
0
-1
-1
2
0
0
1
1
0
0
0
0
0
0
0
0
0
0
0
-1
0
0
0
0
0
1
1
0
0
1
0
0
0
0
0
0
0
0
0
0
0
1
1
0
2
0
0
0
-1
1
0
0
0
0
0
0
0
-1
-1
0
0
0
0
-1
0
0
0
0
0
1
0
-1
0
0
0
0
0
-1
0
1
0
0
1
0
1
1
0
0
0
0
-1
0
1
0
1
0
0
0
0
0
0
0
0
-1
0
0
0
0
0
-1
0
0
0
0
-1
0
-1
-2
1
0
0
1
0
0
0
0
0
-1
0
1
2
0
0
0
0
-1
-1
0
0
1
1
0
-1
-1
0
1
0
-1
0
0
0
0
0
0
0
0
0
1
0
0
0
-1
0
0
-1
0
0
0
0
-1
0
-1
0
1
0
2
0
0
0
0
0
0
0
0
0
0
0
0
0
0
0
0
0
0
0
0
0
0
0
0
0
0
-1
-1
0
1
0
0
0
0
1
0
0
1
0
0
0
0
0
2
0
0
0
0
0
0
0
0
-1
0
0
-1
0
1
0
0
1
0
0
0
0
0
0
0
1
0
0
0
-1
-1
0
0
0
0
1
0
-1
0
-1
0
0
0
0
0
0
0
0
0
0
0
0
0
2
0
0
0
0
0
0
1
0
0
0
1
0
-1
0
0
0
1
0
0
0
0
0
-1
0
0
0
0
1
0
0
0
0
1
0
-1
-1
0
1
0
0
0
0
1
0
-1
-1
0
0
0
0
0
0
0
0
1
0
0
1
0
0
0
0
0
0
0
-1
0
0
1
0
0
0
0
0
0
0
0
0
1
0
-1
0
1
-1
0
2
1
0
1
0
-1
0
0
0
-1
0
1
0
0
0
-1
0
-1
0
0
1
1
0
0
0
0
0
0
0
1
0
0
1
0
0
1
0
-1
0
0
0
0
0
0
0
0
-1
0
0
0
0
0
0
0
0
0
1
0
0
0
1
1
2
1
0
-1
0
0
0
0
-1
-2
0
0
0
0
0
-1
-2
0
0
0
0
0
0
1
0
0
0
0
1
1
0
0
1
0
0
1
0
0
0
0
2
1
1
-1
-1
0
0
0
0
0
0
0
0
0
0
0
-1
0
0
0
0
0
0
0
0
0
0
-1
0
0
0
0
0
0
0
0
0
0
0
0
-1
0
0
0
1
0
0
0
0
2
1
0
0
-1
0
0
0
0
0
0
0
1
0
0
0
0
0
1
-1
0
0
0
0
0
0
0
-1
-1
-1
0
0
0
-1
0
1
1
0
0
0
1
1
0
0
0
1
0
-1
0
1
-1
0
0
-1
0
0
-2
0
0
0
0
0
0
0
0
-1
0
0
0
0
0
0
0
0
-1
0
1
-1
0
0
0
0
0
0
1
0
0
0
0
0
0
0
0
0
0
0
-1
-1
1
0
0
0
0
0
-1
0
0
0
1
0
0
1
0
0
0
1
1
0
0
0
0
1
0
0
0
0
0
0
0
2
0
0
0
-1
0
-1
-1
-1
-1
-1
0
0
0
0
0
0
0
0
0
0
1
0
1
0
0
0
1
1
0
0
0
0
-1
-1
0
0
0
0
0
0
0
0
1
0
0
0
0
1
0
0
2
1
0
0
0
0
0
-1
-1
0
0
0
0
0
0
-1
-1
0
0
0
1
0
-1
0
0
0
0
0
1
1
0
0
0
0
0
2
0
0
0
-1
-1
0
2
1
-1
-1
0
0
0
0
0
0
0
0
-1
0
0
0
0
0
0
0
0
0
-1
0
0
0
0
1
0
0
1
-1
0
0
0
0
0
0
0
0
-1
0
1
0
0
0
0
0
0
0
0
0
0
0
0
0
0
0
-1
0
0
0
0
0
0
-1
-1
0
0
0
0
0
2
1
0
0
0
0
0
2
1
0
0
-1
1
0
0
-1
0
0
0
0
0
0
0
0
0
0
1
0
-1
-1
0
0
-1
0
2
0
0
0
-1
-1
1
1
0
1
0
0
0
0
-1
0
0
0
0
0
0
0
0
1
-1
0
0
0
0
0
1
0
0
1
0
0
1
0
-1
0
0
0
0
0
0
0
0
0
0
0
0
-1
0
0
0
0
0
0
0
0
0
0
0
0
0
1
0
0
0
0
0
0
0
-1
1
1
0
0
0
-1
0
0
-1
0
0
0
0
0
0
0
0
-1
0
1
0
0
0
0
0
1
0
0
1
0
-1
0
0
-1
0
0
-1
0
0
0
0
0
0
0
1
1
1
1
-1
0
0
0
0
0
-1
0
0
0
0
-1
-1
0
0
1
0
0
0
0
0
0
1
0
0
0
0
-1
0
0
0
0
0
0
0
1
0
0
0
0
0
0
0
0
0
0
0
0
0
0
0
0
0
-1
0
0
-1
0
0
0
0
0
0
0
0
0
0
0
-1
-1
0
-1
0
0
0
0
0
1
0
0
0
1
0
0
0
0
0
0
0
0
0
0
0
0
0
0
0
0
-1
0
0
0
0
-1
0
0
0
0
0
0
0
1
0
0
1
0
0
0
0
0
0
-1
0
0
0
0
-1
0
-1
-1
0
0
0
1
0
0
0
-1
0
0
0
0
-1
0
0
0
0
-1
0
0
0
0
0
0
-2
0
1
1
0
0
0
0
1
1
0
1
0
0
0
-1
0
1
1
-1
0
1
0
0
-1
0
1
0
0
0
-1
0
-1
0
1
-2
0
0
-1
-1
0
0
0
0
0
0
0
0
0
0
2
1
1
0
0
1
0
0
0
0
0
0
0
0
1
1
0
0
0
0
0
0
0
0
0
-1
0
0
0
1
0
0
0
0
0
0
0
0
0
0
0
0
-1
0
-1
0
0
0
-1
0
0
1
1
1
0
0
0
0
0
0
0
0
1
1
0
0
0
0
0
0
0
1
-1
0
0
0
1
0
0
0
0
0
0
-1
0
0
-1
-2
-1
0
0
0
0
-1
-1
0
0
-1
0
0
0
0
0
1
0
0
0
1
1
2
0
0
0
0
-1
0
0
0
0
0
0
0
0
-1
-1
0
0
0
0
0
0
0
1
1
-1
-1
0
-1
0
1
0
0
0
0
0
0
0
0
-1
0
0
0
0
-1
0
2
0
0
0
0
1
0
-1
1
0
0
1
2
0
0
0
-1
0
-1
-1
-1
-1
0
-1
-1
0
0
-1
0
0
0
-1
0
1
2
0
1
1
0
0
1
0
1
0
-1
0
0
0
1
0
0
0
0
0
0
-2
-1
0
0
0
0
0
0
0
0
0
0
0
-1
0
2
0
0
-1
0
0
0
1
0
0
0
0
0
0
0
0
0
0
1
0
0
0
0
0
0
0
0
0
0
-1
-1
1
1
0
0
1
0
0
0
0
0
0
-1
0
1
1
1
0
0
0
0
0
0
0
0
0
0
0
-1
0
0
0
0
0
0
-1
0
0
0
0
0
-2
-1
0
0
0
0
0
0
0
0
0
0
1
0
0
0
0
1
0
0
0
0
0
-1
1
0
0
0
0
0
0
0
0
-2
0
0
0
0
0
0
-1
0
1
0
0
-1
-3
0
0
0
0
0
-1
-1
0
0
0
1
-2
0
-1
0
2
1
0
0
0
0
0
1
2
0
0
0
0
0
0
0
0
0
0
0
0
0
0
-2
0
0
0
0
-1
-1
0
0
-2
-1
0
0
0
1
0
0
1
2
0
0
1
1
0
0
1
1
1
0
0
0
0
2
0
0
-1
-2
-1
0
0
-1
0
-1
0
0
0
0
0
0
1
0
0
0
0
0
-1
0
1
0
0
0
0
0
0
0
0
0
0
0
0
0
0
0
0
0
1
1
0
0
1
1
0
0
0
1
-1
0
-1
-1
0
-1
-1
-1
0
0
0
0
-1
0
1
0
1
2
2
0
0
0
0
0
0
0
1
1
0
0
-1
-2
-1
0
-1
-2
0
0
0
-1
0
0
0
-1
0
0
0
0
2
2
1
1
0
0
0
0
0
0
0
0
1
0
0
0
-2
-1
0
0
0
1
0
0
0
-1
0
0
0
0
0
1
0
0
0
-1
-1
0
-1
0
0
0
0
1
-1
-1
0
0
1
0
0
0
1
0
0
2
0
1
1
0
1
0
0
0
0
1
1
0
0
-3
-2
-2
-3
-1
-1
-2
-3
-1
0
-1
0
0
-2
-1
0
0
2
1
0
0
0
0
1
2
3
3
4
3
3
4
5
2
0
2
3
3
2
0
0
0
-1
0
0
-1
-1
-3
-2
-3
-3
-2
-3
-4
-5
-3
-3
-3
-3
-4
-2
-1
-1
0
0
0
0
1
2
2
1
2
3
4
4
4
3
3
2
2
1
1
0
0
0
1
1
2
1
0
0
-1
0
-1
-2
-4
-2
-2
-1
-3
-4
-2
-3
-4
-3
-2
-3
-3
-2
-2
-1
0
0
0
1
3
1
2
2
3
4
3
4
3
2
3
4
2
2
1
1
1
2
0
0
0
-2
-2
-1
-3
-3
-1
-2
-1
-1
0
0
0
0
1
1
1
1
0
0
0
0
0
0
-1
-1
-1
0
-1
-3
-2
-2
-1
0
-1
-2
-2
0
0
0
0
1
0
3
1
2
2
0
0
-1
-2
0
2
0
0
2
2
1
0
-1
0
0
0
0
1
1
1
0
1
0
0
1
0
-2
-2
-1
-3
-3
-2
0
0
-1
0
0
0
0
-1
0
0
2
3
1
2
0
1
3
2
2
1
1
-1
-1
0
-2
-2
-1
0
-1
-1
0
-2
0
1
0
-1
-1
1
1
3
0
1
1
0
2
1
0
0
-1
-1
-1
-1
-2
-1
0
-1
-1
-1
-1
0
0
0
0
0
0
1
0
0
2
1
1
0
0
0
0
-1
0
0
-1
0
-2
0
0
0
0
0
0
-1
0
0
0
0
-2
0
0
0
1
0
-1
0
-1
1
1
-1
1
1
2
3
2
2
0
0
1
2
1
2
2
-1
1
0
0
1
0
-2
-1
-2
-2
0
-2
-2
0
0
0
0
0
0
0
0
0
0
0
0
0
-1
0
0
-1
1
0
0
1
0
0
2
0
-1
1
0
0
1
0
0
-1
1
0
1
1
0
0
-1
0
0
0
0
0
-1
0
0
-1
-1
-2
0
0
0
-1
-2
1
0
0
0
0
0
0
0
-1
0
0
0
1
1
1
0
0
0
1
1
0
2
-1
-1
0
0
0
0
0
1
0
0
0
-1
-2
0
0
0
0
-1
0
0
-1
0
1
0
0
0
0
0
0
0
0
0
0
0
0
-2
-1
0
0
0
0
0
-1
0
1
-1
0
0
0
0
0
0
0
0
0
0
0
0
0
0
0
0
0
0
0
0
0
0
0
0
1
1
0
0
1
0
0
0
1
0
0
0
0
0
0
0
0
-2
-1
0
0
0
0
0
0
0
-1
-1
1
0
0
1
0
0
0
0
0
0
0
0
0
