0
0
0
0
0
0
0
0
0
0
0
0
0
0
0
0
0
0
0
0
0
0
0
0
0
0
0
0
0
0
0
0
0
0
0
0
0
0
0
0
0
0
0
0
0
0
0
0
0
0
0
0
0
0
0
0
0
0
0
0
0
0
0
0
0
0
0
0
0
0
0
0
0
0
0
0
0
0
0
0
0
0
0
0
0
0
0
0
0
0
0
0
0
0
0
0
0
0
0
0
0
0
0
0
0
0
0
0
0
0
0
0
0
0
0
0
0
0
0
0
0
0
0
0
0
0
0
0
0
0
0
0
0
0
0
0
0
0
0
0
0
0
0
0
0
0
0
0
0
0
0
0
0
0
0
0
0
0
0
0
0
0
0
0
0
0
0
0
0
0
0
0
0
0
0
0
0
0
0
0
0
0
0
0
0
0
0
0
0
0
0
0
0
0
0
0
0
0
0
0
0
0
0
0
0
0
0
0
0
0
0
0
0
0
0
0
0
0
0
0
0
0
0
0
0
0
0
0
0
0
0
0
0
0
0
0
0
0
0
0
0
0
0
0
0
0
0
0
0
0
0
0
0
0
0
0
0
0
0
0
0
0
0
0
0
0
0
0
0
0
0
0
0
0
0
0
0
0
0
0
0
0
0
0
0
0
0
0
0
0
0
0
0
0
0
0
0
0
0
0
0
0
0
0
0
0
0
0
0
0
0
0
0
0
0
0
0
0
0
0
0
0
0
0
0
0
0
0
0
0
0
0
0
0
0
0
0
0
0
0
0
0
0
0
0
0
0
0
0
0
0
0
0
0
0
0
0
0
0
0
0
0
0
0
0
0
0
0
0
0
0
0
0
0
0
0
0
0
0
0
0
0
0
0
0
0
0
0
0
0
-1
-6
-12
-12
-6
4
22
43
59
62
46
13
-28
-65
-93
-106
-98
-71
-22
43
108
149
154
123
63
-1
-64
-127
-166
-176
-142
-63
29
107
164
174
135
81
22
-40
-104
-156
-169
-137
-72
12
90
140
147
122
80
35
-16
-81
-136
-157
-130
-64
16
93
139
140
105
62
14
-42
-96
-131
-125
-83
-10
62
108
114
80
30
-10
-38
-62
-84
-86
-57
-13
42
87
98
74
28
-15
-44
-55
-66
-70
-53
-20
20
59
90
92
65
16
-31
-60
-73
-78
-67
-33
5
47
88
101
81
35
-22
-69
-83
-87
-71
-35
7
47
84
105
96
59
0
-53
-86
-92
-80
-55
-16
26
63
85
89
65
24
-22
-66
-84
-85
-73
-42
2
41
72
99
92
60
14
-41
-81
-91
-86
-65
-21
25
65
95
106
84
41
-14
-67
-102
-110
-93
-56
-9
45
91
115
106
72
21
-36
-81
-106
-100
-72
-33
13
58
93
100
84
48
-4
-49
-87
-101
-85
-57
-13
33
72
93
91
68
27
-19
-58
-83
-81
-71
-40
3
41
79
28
-3
-4
29
94
65
27
-16
-55
-80
-86
-70
-41
0
38
70
83
77
50
12
-27
-60
-76
-72
-55
-28
5
37
63
72
62
37
4
-27
-49
-56
-51
-37
-14
11
32
44
44
34
16
-6
-23
-33
-36
-28
-18
-6
7
20
25
22
16
8
-6
-13
-13
-11
-9
-1
6
12
17
14
8
2
-2
-10
-11
-10
-5
0
-1
0
3
2
-1
0
0
-1
0
-3
-4
0
0
0
0
0
3
0
2
4
-1
0
-2
0
3
1
2
1
0
-1
-5
-4
-3
-3
-2
0
4
5
3
1
4
2
0
-3
-5
-5
-6
-2
-1
2
4
3
4
4
1
0
-4
-4
-6
-5
-5
1
5
7
7
7
4
1
-3
-8
-8
-9
-3
-2
2
7
4
8
6
2
-1
-3
-6
-7
-5
-4
0
3
6
8
7
7
3
0
-1
-3
-8
-5
-4
-1
4
2
5
9
4
3
-1
-5
-9
-10
-9
-5
0
1
4
7
7
7
0
0
-3
-8
-12
-7
-4
-3
1
7
11
12
8
3
0
-3
-5
-7
-7
-2
-1
2
4
7
8
4
0
0
-3
-5
-6
-7
-1
0
0
4
7
5
2
2
1
-2
-5
-6
-5
-4
0
2
8
9
6
3
0
0
-3
-8
-7
-6
-2
3
6
8
9
6
1
-2
-4
-6
-7
-4
-1
0
2
4
4
0
-1
-6
-3
-1
-2
0
0
1
1
0
2
2
-1
-1
-1
0
0
0
3
3
2
3
2
0
0
-4
-7
-5
0
0
1
3
4
4
2
1
-2
-4
-5
-7
-4
-3
-1
5
8
6
5
6
2
-3
-3
-7
-11
-5
0
4
6
8
7
4
0
-1
-6
-5
-6
-6
-2
0
3
6
8
5
3
0
-2
-4
-5
-8
-7
-1
0
2
3
3
2
3
0
0
-5
-4
-1
-1
0
4
5
4
3
1
0
-1
-3
-3
-1
-1
3
7
5
4
4
0
-2
-5
-8
-5
-6
-6
0
5
5
4
2
0
-3
-4
-2
-4
-3
0
0
3
6
4
5
1
-4
-3
-4
-4
-2
0
3
3
4
3
2
0
0
-2
-4
-6
-3
0
-1
2
6
6
7
4
2
-3
-6
-8
-7
-3
0
4
2
2
6
4
1
-1
-5
-8
-10
-7
-1
2
5
6
5
4
3
0
0
-3
-6
-4
0
2
3
5
5
6
2
0
-3
-5
-4
-2
-2
0
4
2
2
2
-1
-2
-1
-2
-3
-5
-3
0
-2
1
3
2
3
3
0
-1
0
0
-3
-4
-3
1
2
1
4
2
2
2
1
-2
-3
-3
0
0
0
3
3
0
0
1
-1
0
1
-1
-2
-1
3
2
1
2
0
-3
0
2
0
0
0
0
-1
-2
-1
-2
-3
-5
-4
0
0
1
1
0
2
3
0
0
0
-1
-3
0
2
4
2
2
2
0
0
-1
0
-1
-5
-2
-1
1
3
1
0
4
2
0
0
0
-3
-6
-4
-1
0
2
6
3
0
0
3
0
-3
-3
-7
-3
0
0
0
3
3
3
4
0
0
0
0
-1
-3
-1
0
2
1
1
4
2
2
1
-1
-3
-3
-3
-3
-3
-2
-1
1
1
1
2
1
-1
0
-1
-2
0
0
-1
0
2
1
0
1
2
1
0
-1
-1
-1
0
0
-1
0
0
1
4
2
2
0
-1
-1
0
-1
-2
-2
-2
0
1
1
1
1
0
0
1
-1
0
0
0
0
-1
0
0
0
0
0
0
0
1
1
0
-2
-2
-4
-2
0
0
-1
0
0
-1
2
2
-2
-1
1
0
0
3
1
2
3
3
4
3
2
5
2
1
0
-2
0
-1
2
1
0
2
1
-2
-2
-1
-3
-4
-3
-4
-3
-3
-4
-2
-1
-4
-5
-6
-8
-7
-5
-3
-1
0
1
0
0
0
3
2
0
0
0
3
4
4
6
9
9
5
6
5
5
4
1
0
0
2
3
4
6
6
2
-1
-2
-6
-7
-4
-6
-7
-2
-2
-2
1
0
-1
-3
-6
-8
-7
-7
-3
0
-3
-2
4
4
2
2
-1
-1
-1
-1
0
0
2
4
7
5
2
1
0
0
0
0
0
2
1
0
0
1
1
0
0
0
-1
0
-1
0
0
-2
0
1
0
0
-2
-1
0
0
0
-2
0
1
0
2
0
1
0
-1
0
0
1
0
2
2
2
0
0
0
-1
-3
-3
-3
-4
-1
0
0
1
2
2
1
1
0
-2
0
-2
-3
-1
0
3
2
2
4
3
1
-1
-1
-1
-3
-2
-2
-1
0
3
4
2
2
1
2
-1
-4
-5
-6
-3
-3
0
5
5
7
6
2
0
-3
-7
-6
-4
-4
-3
0
3
6
4
2
2
2
-1
-5
-6
-3
0
0
1
4
4
2
0
0
0
0
-3
-1
-1
-2
0
0
-1
2
1
1
2
0
-1
-3
-2
-1
-5
1
3
0
3
2
1
0
-1
0
-1
0
1
-2
-2
0
0
-1
0
3
2
1
0
-1
0
0
-3
-3
-2
0
2
1
1
0
0
0
0
-1
0
0
-1
-1
1
2
0
0
0
1
0
0
0
-2
0
0
0
2
1
0
-1
0
0
-2
-2
-1
0
0
1
0
2
0
0
0
-1
1
-2
-4
0
-1
1
3
0
0
2
0
0
0
-4
-4
0
0
1
3
0
2
2
-1
-1
-2
-4
-2
-1
0
3
2
1
2
1
0
0
-2
1
0
-2
0
2
0
0
0
1
2
-1
-1
0
1
0
-2
-2
-1
-1
0
1
0
-1
-2
-1
0
0
0
0
0
0
1
1
1
0
0
0
0
0
0
0
0
0
3
2
0
0
0
1
0
0
-2
0
0
0
1
0
0
0
-1
0
-2
0
0
0
-1
-1
1
-1
-1
1
0
0
3
1
0
-1
-1
-3
-3
-1
0
0
0
2
0
0
2
0
0
0
-3
-5
0
0
1
1
4
4
0
1
2
-1
-1
-1
-3
0
0
2
0
-1
1
2
0
-1
-1
-2
-2
-3
0
0
0
1
1
3
0
-1
0
-1
-2
0
-2
0
2
1
1
2
2
2
1
0
0
-1
-1
0
-2
-1
0
1
1
2
2
0
0
-2
-1
-1
-2
-2
0
-1
0
0
0
0
0
-1
-3
-1
0
-2
0
1
0
3
4
1
2
4
1
0
0
0
2
1
2
2
0
3
1
0
1
-2
-4
-5
-5
-1
0
-1
-1
0
1
0
0
-1
-2
-4
-2
-2
0
0
0
1
1
0
0
1
-1
-1
0
0
-1
0
0
1
3
2
0
1
1
0
0
0
-2
2
2
0
0
2
-1
0
1
-2
-1
-2
-3
-1
0
0
0
1
0
0
2
0
-1
-2
-3
-1
1
2
1
0
1
1
1
1
0
0
0
-1
-1
-3
1
1
0
2
1
0
0
0
0
1
0
-1
-1
0
0
-1
-1
0
0
1
2
1
0
1
1
-1
-3
-1
0
1
1
0
-1
-1
0
0
0
2
0
-2
1
2
1
0
1
1
0
0
-1
-1
0
0
-2
-1
0
1
1
-1
0
0
0
-3
0
2
-2
-2
2
2
2
1
1
-1
-1
2
0
0
1
0
-2
0
1
0
0
0
-2
-1
-1
-1
-1
0
0
0
1
1
-2
0
2
2
0
-1
1
1
-3
0
1
0
0
0
0
-2
-1
0
-2
0
-1
0
0
-2
1
0
2
1
1
1
0
2
4
0
1
2
1
0
1
-1
1
0
-3
-1
0
-2
-3
-2
-1
0
-1
-1
0
-1
0
0
0
0
0
1
0
0
2
2
0
-1
-1
-1
0
0
0
0
-2
-1
1
1
1
3
0
-1
-1
-1
0
0
1
0
0
1
2
1
0
1
-1
-2
0
2
0
-1
1
0
0
0
0
1
-2
0
1
0
0
0
2
1
0
0
-1
0
-1
0
0
-2
-1
-1
-1
1
0
-1
0
0
0
0
0
0
-2
1
1
1
0
-2
1
3
-1
0
-1
0
0
1
0
0
0
-1
0
0
0
2
0
-1
0
0
-1
0
0
0
0
1
1
0
-1
0
2
2
1
0
0
-1
-1
1
-1
0
1
-1
0
2
0
0
0
0
-2
-1
0
0
-1
-2
0
0
0
0
0
-1
0
0
-1
0
2
2
0
-1
0
1
0
-2
1
1
0
-1
0
3
1
0
-2
0
0
1
0
0
-1
-1
0
0
0
-1
1
1
0
0
0
0
0
0
-2
0
1
1
-1
-1
0
0
0
0
0
0
0
0
-2
0
2
-1
-1
-2
0
1
0
0
-2
0
0
1
1
0
0
2
0
0
0
1
2
0
0
2
1
0
0
0
-1
0
0
0
-1
-2
0
0
-1
-1
0
0
-1
0
0
0
0
0
-1
0
1
0
0
0
1
1
0
0
0
0
0
0
0
0
-1
0
-1
-1
0
0
1
0
0
0
0
-1
0
0
0
1
0
0
0
0
0
0
-1
0
0
0
-2
-2
0
0
0
0
0
1
0
0
0
0
1
0
0
0
0
0
1
1
0
0
-1
0
-1
-1
0
0
0
0
0
0
0
0
0
0
0
0
-1
0
0
0
0
0
1
0
0
0
-1
0
1
0
0
-1
1
1
1
0
0
-1
0
0
0
-1
-1
0
1
2
0
0
0
1
0
-1
-1
0
-2
0
-1
0
0
0
1
0
0
0
-1
2
0
1
0
-1
0
0
0
1
-1
0
1
1
0
-3
-1
1
0
-1
0
1
0
0
0
-2
0
0
2
2
-2
0
0
1
0
-1
0
0
0
0
1
1
-1
0
0
0
0
-1
-1
3
0
0
0
-1
0
-3
-1
0
2
1
0
2
2
3
1
0
-1
-1
0
1
0
-1
-2
0
0
0
1
0
-1
-1
0
0
0
1
0
0
1
1
2
2
0
0
0
-2
1
-1
-2
-1
-1
0
0
-1
-1
0
2
-2
-2
0
-1
0
0
0
2
4
1
0
1
0
1
0
0
0
0
0
0
0
0
0
0
-1
-1
-1
-1
-1
0
0
0
1
0
0
0
2
1
0
0
-1
-1
0
0
-1
2
2
0
0
-2
0
0
0
0
0
0
-1
0
-1
0
2
0
0
-1
0
1
0
0
0
0
0
0
0
1
3
1
0
0
0
0
1
1
-2
0
0
-1
1
0
0
3
0
-1
0
-3
-2
0
0
-2
0
0
0
0
2
-1
0
1
0
2
0
0
0
1
1
0
0
0
-1
0
-1
0
0
0
0
0
0
0
0
0
0
-1
0
0
0
2
0
0
-1
0
0
-1
0
0
0
0
1
0
0
2
1
1
0
-3
-1
0
-2
-1
0
0
0
0
1
0
1
1
3
1
0
0
0
0
-2
0
2
-1
0
0
-1
0
0
0
0
0
-1
0
1
2
0
-1
0
0
0
-1
-1
-3
-2
0
-2
-1
0
1
1
0
1
2
0
0
1
0
0
-1
0
-1
-1
-1
-2
0
-1
-1
0
0
0
0
-1
0
2
1
0
0
2
2
0
-2
-1
0
1
0
-2
-1
-1
-2
0
0
0
0
-1
3
2
0
1
0
2
2
0
0
1
0
-4
0
2
1
0
-2
0
0
1
-1
-3
0
0
-2
0
-2
0
1
2
1
0
0
0
0
0
0
1
0
-2
0
0
0
-1
0
3
2
2
-2
-3
-2
1
0
0
1
2
1
0
1
0
0
0
-1
-2
0
0
-1
0
-3
-1
0
0
0
-2
0
0
2
1
0
0
-1
1
1
-2
0
0
1
0
0
-1
0
0
1
0
1
0
1
0
0
0
-1
0
0
1
0
-1
-1
0
0
-1
1
0
1
0
0
-1
0
0
0
-2
0
0
-1
-1
-2
1
0
0
2
0
1
2
0
-1
-1
-2
0
0
0
1
0
-1
0
0
0
0
0
0
0
-1
1
0
0
2
-1
0
0
2
0
0
0
-1
0
-1
-2
0
0
1
0
0
0
0
0
0
0
0
0
0
0
2
1
0
0
1
0
0
-1
0
0
0
0
0
0
0
1
1
0
0
0
0
-1
-1
-1
0
-1
0
2
0
0
0
1
0
0
0
0
0
1
-1
0
1
-3
0
0
0
0
0
1
1
1
0
1
0
0
0
-1
-2
-1
0
0
0
-1
0
2
1
0
0
0
0
-2
-1
-1
0
1
1
2
1
-1
0
0
0
-1
0
-1
0
0
0
0
1
2
0
0
0
0
-1
0
0
0
1
1
0
1
0
-2
0
1
0
0
-2
0
1
-1
0
0
0
-2
0
1
-2
-2
0
1
0
-2
-1
2
2
1
0
0
0
-1
0
2
1
1
0
-1
0
0
-1
0
0
0
0
0
0
0
2
1
-1
1
0
0
0
2
1
0
0
-1
0
0
0
0
0
-2
0
1
0
1
0
0
0
0
0
-1
0
-1
-1
1
0
0
0
-1
0
1
0
0
-1
-1
-1
-1
-1
0
-1
0
0
0
0
-1
0
1
0
1
0
0
1
1
1
0
0
2
0
-2
-1
-1
0
0
0
0
0
0
1
0
3
0
0
0
0
0
1
-2
-1
-1
0
0
0
0
-1
0
0
0
-1
-1
0
1
0
0
1
0
1
1
0
0
1
2
1
0
0
0
-1
0
2
2
0
0
0
-2
-2
0
0
0
-1
0
0
0
2
2
0
0
0
0
-1
0
0
0
0
0
0
-1
0
1
0
0
0
0
0
0
0
-1
0
0
0
3
2
0
0
0
-2
-2
0
1
0
0
0
0
0
0
0
0
0
0
0
0
0
0
0
0
1
0
0
0
0
0
-1
-1
0
-1
-1
0
0
1
1
0
0
-2
0
0
0
1
1
0
0
2
0
0
2
0
0
-1
-1
-1
0
-1
0
0
1
1
0
0
0
-1
-1
1
0
-2
2
0
1
0
0
0
0
-1
0
0
-2
0
1
0
1
3
0
4
2
-2
0
0
0
0
-1
0
-1
-4
0
0
-1
0
1
1
0
0
-1
-1
0
0
1
0
-2
0
-1
0
3
2
0
0
-1
-1
0
0
0
0
0
1
0
0
1
0
1
-1
0
0
-3
0
0
-2
1
-1
-3
1
1
0
1
3
1
-1
0
0
-3
-1
2
3
2
-2
-1
1
-3
-2
2
0
0
1
-1
-2
0
0
0
0
0
3
2
-1
0
0
1
0
-1
-1
1
1
-2
-1
-1
0
0
0
0
0
0
-1
0
0
-1
0
0
0
4
3
1
0
-1
0
0
0
3
1
0
2
0
-1
0
-1
0
-1
0
0
-1
0
0
-1
-3
0
0
0
-1
0
0
0
0
0
0
1
1
0
1
0
0
0
0
0
-1
1
0
-1
-1
0
1
2
0
2
0
0
-2
-2
0
0
3
1
0
-1
-2
-2
0
1
1
2
0
0
-2
-1
1
0
2
0
0
0
0
0
0
0
1
0
0
0
0
0
0
0
0
-1
0
0
-1
-2
-2
0
1
0
2
0
0
1
-1
-1
0
0
1
0
0
0
0
0
-2
1
1
0
0
-1
0
3
0
0
-1
0
0
-3
-1
0
0
2
0
0
1
0
0
0
0
0
0
0
1
0
0
0
0
-2
0
0
0
0
0
1
0
-2
0
1
0
2
1
0
0
0
0
-1
-1
0
-1
0
0
0
1
0
0
0
0
0
0
1
1
-1
0
0
-1
0
0
0
0
0
0
-1
-1
0
1
1
0
1
0
0
0
2
0
0
0
0
-2
0
-1
0
-1
0
0
-2
-1
0
3
0
-2
-3
0
3
2
0
0
3
1
0
0
-1
-1
0
0
-1
1
0
0
1
1
4
1
-1
-1
0
0
0
0
0
-3
0
0
0
0
0
-1
0
0
2
1
-1
3
0
-2
2
0
-2
-1
0
0
-2
1
2
0
0
0
1
0
0
0
0
-2
-2
0
0
0
-1
-1
0
0
-1
2
3
2
0
1
0
0
0
1
0
0
-2
-1
0
0
0
0
1
0
0
0
0
0
1
0
0
0
0
1
1
1
0
0
1
-1
0
0
0
3
-1
-1
0
0
1
0
0
0
0
-1
0
1
0
-1
0
0
0
-2
-1
0
0
-1
0
2
1
1
-2
0
0
1
3
1
1
-1
-2
0
0
-1
0
0
1
2
0
0
0
0
0
0
0
-4
-1
1
0
1
0
0
0
1
2
-1
-2
0
2
0
0
0
0
1
0
-2
0
0
1
0
0
-3
-1
0
0
-2
-1
0
2
3
2
0
0
1
1
2
0
-2
0
1
2
1
0
1
0
0
0
-4
-1
0
-3
0
0
-1
0
-1
0
2
0
1
3
4
1
0
0
0
0
0
0
0
1
0
-2
-2
-1
0
1
0
-1
-1
-2
0
0
0
0
-1
1
3
2
0
-2
-2
1
0
-1
0
0
0
0
0
1
-1
-1
0
1
0
1
0
-1
0
0
0
0
-2
-2
0
0
-1
0
-1
0
0
0
0
-2
0
0
0
1
2
2
0
1
0
0
2
3
-1
-1
0
0
0
-2
-1
2
0
0
0
-2
0
-3
-1
2
1
1
2
0
0
0
-1
0
0
0
0
-3
0
0
0
0
-1
0
-1
-2
0
1
0
2
2
3
4
3
0
0
1
0
0
-3
-4
-2
-2
-1
-1
-1
-1
0
0
0
0
0
0
0
0
1
3
-1
1
2
1
0
-1
0
0
0
0
2
2
-1
0
-2
-2
0
0
-2
-1
0
0
0
-2
1
2
0
0
1
1
0
1
1
1
-1
1
0
-1
2
-1
-1
0
-1
-2
-3
-1
0
0
-1
0
0
2
1
0
2
1
1
2
0
1
0
0
0
0
2
0
-1
-2
-3
-1
-2
-2
-1
1
-1
-2
-1
0
1
0
0
0
1
2
0
0
0
0
0
0
0
0
0
0
1
2
0
0
-1
-3
-1
0
-1
-1
-2
0
0
0
2
2
-1
2
-1
-4
0
1
0
0
-1
0
2
1
1
1
-2
-1
1
2
-1
-1
0
-3
0
3
2
0
0
-1
-2
-2
0
1
0
-1
-1
0
-3
-3
-1
0
-1
0
-1
0
4
2
0
1
0
0
-3
0
2
2
2
-3
-3
0
2
3
2
2
0
-2
-1
-2
0
1
0
-1
-3
-1
-1
2
4
0
-2
-1
0
0
2
0
3
1
-4
-2
0
1
3
4
0
0
0
-1
0
4
0
0
-1
-3
-2
1
1
1
-1
-3
-2
-2
1
1
0
-1
0
0
-1
0
-1
0
0
0
1
1
2
2
1
0
0
0
1
3
0
1
0
0
-2
-2
-2
-1
-1
-4
0
0
-1
0
-1
-1
0
0
2
0
0
0
0
0
0
3
3
1
0
1
2
0
0
0
-1
-1
-1
0
0
0
1
2
2
2
0
0
0
0
0
1
-1
-3
-1
0
3
1
1
2
0
0
0
0
-3
-7
-1
1
-4
-6
-1
-2
-4
0
2
-2
-3
0
0
0
2
3
0
2
2
0
2
1
0
0
2
4
3
0
1
0
1
1
-3
-2
0
0
-3
-3
-2
-3
2
5
1
0
0
-1
-1
-1
-3
-1
0
0
0
1
0
1
6
3
-1
-1
-1
-1
0
0
-2
-2
3
3
0
4
4
0
0
-1
-3
-1
-2
0
0
-1
-3
-6
2
4
0
-3
-2
0
0
2
2
1
3
-3
-3
-1
-3
3
13
5
-4
-7
-7
0
12
9
-2
-2
-8
-12
2
5
1
4
-2
-10
-2
-1
0
11
0
-8
-1
-6
0
17
9
-2
-7
-9
-3
2
5
2
-1
1
-9
-6
11
5
9
6
-16
-10
7
14
7
-15
-9
3
3
11
-2
-21
0
9
3
19
1
-29
-1
4
-1
21
4
-24
-9
7
5
13
-2
-19
10
17
-14
-16
-4
1
22
14
-19
0
9
-16
5
15
-26
11
23
-42
0
32
-24
6
36
-35
-10
43
-21
-19
39
-13
-27
27
7
-36
-2
24
-6
4
-1
-27
15
34
-15
-26
8
7
6
7
-17
-13
19
8
-13
10
7
-1
-7
-17
-7
41
13
-53
17
26
-37
4
20
-6
12
-3
-36
11
21
-1
-5
-13
15
0
-20
-1
6
26
12
-56
-34
58
38
-34
-39
9
37
5
-5
-33
-10
66
2
-64
37
38
-67
4
41
-36
16
3
-27
44
14
-54
-1
47
-12
-47
24
15
-39
13
-5
-7
82
-51
-78
76
29
10
14
-138
-30
150
5
-107
0
18
11
49
45
15
-15
-67
13
91
13
-82
-96
-80
-24
16
64
67
28
-31
-21
129
145
-44
-52
-42
-126
-44
-1
-28
34
-8
-33
31
51
103
57
-118
-34
29
1
36
-71
-59
112
33
-40
58
-10
-27
14
-79
-32
69
-16
-91
59
29
-50
77
52
-101
11
29
-40
97
-7
-129
78
82
-62
10
-9
-93
68
16
-141
14
79
-56
43
16
-67
136
29
-157
83
115
-47
51
36
-42
16
-29
-108
-54
-25
-105
-63
117
31
-55
123
81
-62
99
58
-124
-15
87
-35
0
42
-76
-63
-28
-7
46
9
-36
28
81
31
26
81
6
-159
-134
22
-53
-68
5
2
74
88
40
66
34
15
38
-78
-162
86
99
-85
-41
47
-51
-121
-22
34
76
58
31
13
-5
-33
-24
45
19
-61
20
6
-18
-1
-44
-59
-5
35
66
16
-33
59
24
-78
-30
44
59
28
-21
36
19
-51
-82
-90
-3
25
-22
4
36
40
50
10
-20
56
45
-101
-8
84
-26
-70
-30
-70
-39
87
34
-17
-3
29
51
32
13
-41
-51
19
62
-18
-34
-27
-43
-34
2
32
38
66
36
-30
-15
7
-25
-25
-27
-91
-50
15
73
71
9
-13
53
47
-59
10
39
-56
-12
-32
-72
20
59
-15
-4
87
51
-6
25
-42
-80
-29
-58
-71
28
22
10
82
19
-25
108
63
-112
-1
45
-94
-36
38
-15
-6
40
-13
-74
-21
44
22
-6
-3
-36
22
90
3
-18
38
-1
-43
15
22
-11
-1
-38
-38
-10
52
56
-38
-66
-34
59
41
-37
-20
-46
-21
65
72
-14
-21
52
33
35
21
-60
-82
-36
-48
-61
48
23
-17
81
24
-9
35
12
-1
-15
-16
0
-3
-8
-21
-82
-15
91
13
8
50
42
55
39
-48
-87
-37
-27
-9
-51
-85
-39
9
68
79
40
-8
17
-10
14
22
11
81
-47
-116
-5
44
52
15
-69
-27
27
-14
-9
-59
-3
87
9
-6
49
-16
20
-29
-46
26
4
-112
51
126
-79
-77
63
61
3
-19
-52
57
-36
-62
30
15
-22
-3
-47
7
54
30
41
-65
-11
50
53
47
-68
-40
14
35
19
-13
-30
-28
-10
-90
-49
76
33
-42
52
-26
13
100
-4
-30
-11
-23
-10
60
74
-64
-115
13
74
-41
-35
29
-5
-8
19
-17
-56
71
23
-53
59
122
-77
-6
42
-79
32
2
-81
-38
-15
5
27
51
-1
17
63
28
22
-63
-64
122
-29
-183
38
12
-73
4
-39
-63
119
39
-85
77
159
99
88
-14
-108
-68
9
-90
-153
-118
-12
200
-44
-43
129
10
90
109
-104
-66
98
-4
-61
-75
-58
-3
39
36
105
84
-48
102
3
-259
-42
133
-146
-274
54
137
88
20
-49
11
143
47
-31
173
58
-206
-164
-35
69
40
-53
-52
-32
55
135
-30
61
31
-163
104
9
-72
55
-86
-85
-128
21
134
68
161
37
-92
59
112
-126
-48
-82
-130
147
-247
-205
248
202
59
-12
151
88
-94
-122
-302
-145
65
50
-18
-101
318
371
-97
180
77
-474
-64
108
-19
-116
-206
44
9
0
13
81
206
142
-65
60
273
98
-301
-361
-50
-165
42
126
-135
-192
227
332
9
98
-56
-102
-50
246
64
-411
62
-252
-289
432
337
-13
-209
-52
249
166
-217
-291
78
-17
88
49
-143
-107
161
278
-61
-51
89
-495
122
403
-557
382
420
-350
-53
-173
-250
87
259
-3
115
148
-441
62
775
-227
-612
-189
-365
349
-103
-65
567
267
208
-39
519
-20
-488
32
-775
-453
309
181
-67
117
-169
-229
743
362
178
458
-615
-533
-178
-504
226
533
-434
-252
703
402
293
515
-341
-881
-229
-295
-249
672
-56
-716
178
-442
-100
1240
200
-125
203
265
704
171
-613
-472
-949
-287
-87
114
387
81
377
327
-25
-307
263
-189
-619
411
166
722
-137
-691
123
-614
438
-71
-865
65
110
429
661
-408
-183
786
79
-452
379
273
-541
-237
69
619
-635
-1032
817
126
-463
564
222
-381
237
-599
-381
1393
394
-1220
-314
608
252
-322
718
284
-869
510
-441
-917
-37
-340
-243
448
71
-240
1282
407
-336
312
62
577
0
-1312
-547
-109
-487
-418
552
865
714
1144
-325
-253
-66
-299
-496
-230
-14
-423
512
-63
-211
121
-798
-91
303
-964
-178
928
393
356
791
526
628
-325
-770
-492
-455
-896
-185
692
363
394
1194
756
-675
-337
-395
-699
-318
-599
-77
605
227
-395
742
215
-1174
-249
-317
306
985
-162
576
963
-281
-339
14
-154
-621
-844
257
563
-880
329
1231
-690
31
309
-39
650
-272
161
-296
-881
322
-424
-195
563
-86
105
301
31
-121
-35
120
-134
61
144
-676
-197
1
-13
776
-11
-153
688
162
-400
17
199
290
-365
-781
360
-366
-610
421
1
-329
-281
427
-60
-218
1065
856
523
-274
-208
407
-390
-981
-479
-455
-1531
-13
679
233
1002
477
833
623
210
309
169
-475
-852
-784
-199
-707
-826
-106
-298
439
451
496
615
146
380
553
220
-208
-326
-94
-158
21
359
861
339
-329
180
63
-108
-291
-912
-982
-897
-613
-603
-741
-368
313
279
997
1657
1296
2270
2187
806
1716
1214
-609
-514
-1438
-2522
-2959
-3256
-3375
-2628
-2436
-1583
539
1268
1445
2483
3618
3417
2212
2869
4192
3236
426
-332
980
-1720
-4354
-3196
-3480
-4708
-3246
-1964
-1548
79
382
398
1289
615
-245
1042
969
-5
1510
2441
972
3620
6089
1825
1335
3781
295
-2618
-2118
-4044
-4884
-3894
-4689
-3631
-849
-703
-360
207
927
1260
-527
704
1075
467
1805
2343
1277
4249
6101
1895
2068
3383
-399
-2226
-2521
-4094
-4739
-4898
-4050
-2827
-1011
-276
-27
-25
944
803
-843
1368
1734
1250
3156
2594
2145
5426
5074
1004
1241
2141
-2206
-3382
-3583
-3973
-4692
-4828
-3327
-2044
-377
-177
404
-156
1085
777
-275
981
719
2082
3433
1933
3668
7319
4236
1859
4271
1115
-2798
-2338
-4361
-5982
-5688
-5034
-4829
-2725
-650
-727
-1163
597
1234
-531
2402
2397
649
4292
3985
1788
7334
5658
-79
3621
3144
-4500
-2385
-2036
-6833
-5622
-3789
-4061
-3723
-1000
-569
-1709
-642
1545
86
664
4265
1779
2183
4929
4381
5974
3708
438
3137
1184
-5593
-2979
-2722
-7059
-5322
-3021
-3675
-2475
262
238
-905
183
1661
-2
2046
3628
1240
2756
4152
4963
5374
2176
1663
3132
-1425
-4031
-2891
-5524
-5516
-3976
-5043
-3689
-281
-1298
-1463
673
836
674
2009
4153
3122
2733
4855
4773
5292
3680
907
2002
408
-4581
-3711
-4258
-6747
-4322
-3207
-5469
-1386
1099
-2406
316
2241
-490
1478
4537
2036
1778
4856
3127
3979
5177
581
1137
2972
-2479
-4265
-1962
-5195
-5730
-2365
-4624
-4437
671
-1162
-1982
1127
966
-66
2919
4539
829
2944
5380
2662
4746
3407
-398
2584
1086
-4510
-2236
-2570
-5764
-3173
-3068
-5346
-1472
-416
-2616
-617
850
-59
1185
3886
2421
1977
4592
3313
3707
4679
1305
1635
2870
-1968
-2418
-1515
-4710
-3951
-3537
-4911
-3202
-1787
-2062
-1670
-785
127
435
2765
3480
1828
4293
4378
1914
5198
3249
-677
2644
845
-3926
-983
-2195
-5024
-2709
-3532
-4472
-2259
-1480
-1849
-1098
-398
921
1674
2394
3394
2426
2861
3738
1725
2053
2853
-101
-59
1102
-1829
-1875
-942
-3023
-3025
-2191
-2476
-2373
-1273
-842
-1170
-662
1147
603
683
2670
1140
1019
2607
1322
1069
2785
1500
912
1789
570
-519
-612
-1592
-2643
-2690
-2481
-2831
-2375
-1574
-1509
-1282
-213
752
1132
1385
2021
2375
2338
2280
1926
1540
1311
364
-16
-315
-1046
-935
-1389
-1726
-1013
-1111
-1261
-331
-384
-494
-114
-151
179
268
311
734
357
457
948
784
546
622
470
383
67
-169
-90
-375
-467
-675
-958
-515
-398
-743
-359
198
111
146
407
719
567
242
585
547
42
47
69
-125
-260
-247
-150
-336
-350
-55
-251
-274
0
-207
-133
-18
-109
36
152
220
298
107
278
383
117
63
24
-151
-71
-134
-240
-163
-81
-31
-96
-132
-32
-71
-139
8
155
103
40
226
358
223
73
168
110
-22
-137
-269
-167
-125
-261
-275
-93
-41
-72
-44
-35
85
147
57
163
247
195
98
76
63
24
-5
-74
-84
19
106
-20
-15
98
-70
-178
-116
-196
-257
-156
-100
-109
-12
65
74
56
36
91
45
11
68
2
19
156
78
106
254
112
56
146
29
-76
-107
-179
-163
-190
-237
-142
-80
10
129
137
180
214
74
-16
16
-33
-96
-66
-46
-40
-24
21
42
28
60
53
-1
-22
-102
-170
-120
-163
-203
-43
22
14
139
185
171
215
112
-14
18
-19
-114
-87
-54
-27
45
95
118
103
38
7
-25
-115
-156
-145
-139
-71
8
55
110
135
136
111
27
-23
-40
-104
-143
-103
-94
-77
9
58
95
150
134
92
50
-31
-115
-173
-185
-140
-57
24
96
169
206
201
165
100
10
-82
-148
-212
-207
-116
-84
-46
84
148
145
168
129
27
-45
-136
-212
-183
-143
-90
9
100
174
205
199
171
88
3
-82
-182
-218
-208
-167
-71
28
111
185
211
184
144
64
-53
-143
-202
-224
-171
-108
-44
72
162
189
222
190
87
7
-100
-209
-229
-212
-183
-71
54
135
216
266
231
159
69
-72
-202
-263
-273
-234
-137
-12
90
189
258
251
205
118
-21
-139
-222
-265
-217
-123
-24
95
192
251
268
235
146
10
-129
-256
-323
-298
-218
-86
59
170
249
283
257
180
55
-108
-247
-320
-317
-232
-95
50
170
257
294
266
202
86
-64
-182
-256
-273
-196
-85
25
130
183
200
186
140
80
-19
-132
-220
-276
-273
-192
-79
34
138
203
223
217
188
120
14
-98
-189
-235
-197
-99
2
92
147
161
160
142
95
10
-94
-184
-238
-219
-146
-53
40
102
139
165
169
146
82
-20
-123
-193
-194
-138
-63
14
74
111
152
191
183
131
35
-102
-226
-270
-229
-148
-42
66
106
95
115
182
251
245
94
-123
-285
-328
-249
-106
49
118
64
72
116
118
144
59
-70
-120
-129
-102
-102
-99
-30
-35
-7
147
279
315
196
-28
-207
-279
-224
-133
-25
112
87
25
110
155
178
275
165
-140
-416
-622
-456
-98
283
721
66
-848
-337
254
332
874
1147
464
-563
-1077
-795
22
734
608
-66
-887
-1334
-461
843
1125
675
-108
-923
-1024
7
1098
1147
564
-384
-1109
-508
416
753
476
-455
-1122
-1026
-419
718
1201
658
-69
-709
-793
-257
712
1851
1298
-800
-2117
-2199
-1076
906
2079
1737
426
-688
-773
-211
593
937
262
-745
-1414
-1313
-231
559
376
-101
-375
-96
708
1292
1285
663
-259
-1024
-1109
-587
40
319
160
-332
-575
-209
425
744
676
473
-120
-569
-487
-276
38
390
198
-268
-551
-439
39
521
859
663
-256
-1187
-1182
-151
850
949
340
-192
-184
251
728
746
-169
-1232
-1422
-834
203
881
645
-242
-944
-571
572
1300
1373
878
-109
-897
-1186
-707
123
514
228
-418
-716
-144
649
935
757
-80
-812
-870
-589
-189
-21
179
340
195
366
757
525
186
86
-87
-383
-692
-763
-661
-310
-76
-51
381
625
224
649
1110
387
-35
-208
-728
-1111
-888
-407
103
530
223
42
349
503
1096
768
-812
-855
-595
-866
11
704
487
56
-132
274
981
543
-664
-760
-499
-690
-92
178
-519
-195
260
247
1067
1186
431
43
-545
-670
-316
-72
-586
-751
-43
-191
163
861
638
929
278
-878
-114
699
-400
-1016
-780
-449
219
31
146
1068
703
434
498
-413
-564
12
-663
-1198
-361
217
-171
28
1002
773
188
479
276
-40
51
-661
-1200
-465
-355
-333
727
709
145
319
1159
945
-444
-919
-741
-610
311
-457
-1230
179
988
466
849
1007
-194
-166
-378
-707
-153
-399
-880
-242
366
580
275
194
559
692
328
-223
-82
-633
-834
-846
-696
384
495
38
600
935
-61
292
756
-513
-879
-707
-908
-353
556
479
742
696
-414
-272
807
375
-202
-93
-960
-1143
190
498
-260
-493
-248
352
1231
546
-266
13
529
209
-446
-677
-752
-195
289
-26
-197
575
1030
96
-19
152
-147
-117
-157
-1119
-565
1001
390
-565
-457
90
789
954
-104
-50
462
-971
-1447
-123
574
-9
-221
-244
-115
696
776
822
471
-694
-921
24
320
55
-223
-340
-246
40
804
887
224
-689
-657
472
-168
-660
-461
-712
-243
373
297
162
796
700
-193
22
448
6
-541
-535
-511
-329
623
777
273
-328
-448
606
1026
-240
-994
-981
-357
263
260
318
74
-631
-121
861
1284
484
-786
-981
-691
2
465
-631
-1019
-488
368
1532
1321
-79
-605
-104
517
401
-230
-799
-790
67
971
455
17
128
194
2
-15
216
-80
-469
-1099
-1156
43
658
-149
-519
-231
171
596
663
124
20
157
-75
-262
193
448
192
192
339
465
683
452
-5
-519
-838
-663
-564
-528
-889
-787
-119
78
-68
-197
-158
279
959
793
-31
-265
380
842
676
209
146
859
1371
1061
309
-291
-801
-895
-927
-1232
-1754
-1565
-1042
-754
-544
-435
-249
808
1663
1687
953
108
-184
-112
460
1367
1739
1658
1458
1624
2066
1264
-548
-2292
-2747
-2366
-2176
-2410
-2265
-1553
-618
-175
-372
-129
943
1631
1550
698
135
611
1577
1948
1907
2078
2590
2729
1863
-323
-1955
-2338
-2324
-2681
-3302
-3448
-2501
-1030
-609
-519
-643
198
1700
2196
1612
621
647
1072
1096
1296
1317
2122
2416
1766
1022
129
-980
-1817
-2059
-2072
-1958
-2027
-2704
-2422
-1807
-1480
-1259
-674
1067
2002
2452
1920
1274
1122
922
1189
2011
2706
2236
1103
486
-216
-1176
-2098
-2522
-2274
-1526
-1334
-2160
-2344
-2344
-1902
-1570
-823
1094
2748
2978
2174
1372
1065
1336
1613
1684
1598
951
531
437
69
-1097
-1814
-1138
-473
13
-421
-1879
-2570
-2822
-3117
-2951
-1776
2
2654
3559
2707
2191
1670
1310
1400
1949
2044
589
-287
-233
-50
-341
-1411
-1404
-269
-77
-634
-1382
-1879
-2462
-2925
-2597
-1990
-1148
592
2412
2976
2351
1564
1448
920
1202
3047
2412
218
-1119
-1308
178
666
-688
-1435
-655
569
705
-1221
-2365
-2679
-2484
-2707
-3312
-2085
660
1992
2677
2718
1754
1365
823
220
1891
3419
1477
-1550
-1710
-17
481
-471
-1303
-199
1160
738
-614
-915
-1228
-1682
-2730
-3913
-3520
-1085
685
536
1258
3052
2692
640
-185
-51
1806
4328
2486
82
-256
565
1657
-55
-2756
-2454
-474
1034
348
-1821
-1444
-827
-2395
-3465
-4065
-2268
1340
1355
569
1726
3324
3094
576
-762
18
2683
4541
1552
-710
573
1966
764
-1850
-3106
-1059
937
896
-1473
-2614
-836
-340
-2928
-4632
-4624
-1247
1441
593
116
1615
3731
3205
293
-706
524
3670
5439
1768
-693
186
1904
1029
-2217
-3652
-956
1341
346
-2620
-2028
390
309
-2668
-4734
-3436
-1042
-360
-1267
-737
1384
2857
2076
482
643
2009
2420
3852
3557
1367
316
359
508
-326
-2183
-2444
-283
911
-443
-1407
-53
-80
-2058
-3715
-4360
-2616
-1000
-1732
-1283
460
1605
2240
966
307
970
2108
2698
3217
4225
3055
557
217
673
-253
-1416
-2203
-1141
827
-54
-1328
-415
-379
-2401
-4334
-3385
-2594
-1461
-930
-1589
-321
1577
1097
62
304
1257
2422
2273
1715
3751
5977
3803
521
-412
678
202
-1787
-2495
-1135
-419
-951
-1495
-1872
-2229
-2897
-4243
-2244
-920
-680
453
50
94
418
-930
-1231
-359
812
2325
2709
2942
4186
6513
5580
1401
-652
845
1101
-1276
-3327
-2238
-352
-652
-2697
-3332
-2047
-2112
-3923
-4560
-1775
475
476
-1264
-1228
695
543
-1125
-1081
1308
4205
3686
2497
2846
4095
6303
4366
54
-344
1318
1033
-1742
-4011
-2774
-759
-1635
-3977
-4031
-2256
-2170
-3377
-3541
-1819
369
403
-1386
-1001
246
-384
-1473
-1362
855
3299
3379
2762
3312
4248
5232
6298
3726
1513
1441
1053
-319
-2964
-4942
-3466
-1600
-2652
-4753
-3849
-1829
-1037
-2013
-2520
-664
1299
1733
-528
-2262
-827
-204
-932
-1593
-725
2456
3981
3008
2696
3589
4604
6302
4349
1046
542
523
364
-1740
-4727
-3664
-1378
-2734
-5264
-4615
-1719
-643
-1707
-2076
-214
1492
2354
1415
-587
-422
-285
-1177
-1436
-1640
549
3470
3187
1632
2134
3610
4689
4940
3406
2116
1326
716
430
-2164
-4613
-4198
-3509
-3740
-4788
-4404
-933
358
-1156
-1250
79
1662
2311
944
364
492
-754
-1681
-2078
-1764
-21
1110
1432
2131
2725
3339
4162
4334
4734
3962
1849
980
315
-883
-2745
-4366
-4211
-3756
-4081
-4386
-2961
-1022
-786
-1175
-1133
256
1752
2307
1496
976
1431
648
-915
-1556
-1139
-268
408
717
707
1827
3229
3518
2963
2866
4214
3552
792
-746
-890
-1161
-2736
-4642
-4623
-3513
-3540
-3716
-2476
-1156
-646
-753
-559
1019
2038
1985
1242
944
1913
1109
-1199
-1932
-953
166
217
-99
929
2840
3675
3496
2896
3513
5249
3998
588
-977
-1022
-1371
-3554
-6298
-6210
-4377
-3975
-4099
-3018
-1301
312
622
458
1762
2406
2361
1950
1129
834
248
-961
-1811
-1679
-872
-270
167
637
1627
2999
3505
3193
2780
3649
4735
2669
-176
-1254
-1347
-1594
-3765
-5888
-5198
-4081
-3719
-3439
-2868
-1284
101
182
560
1323
2124
2712
1836
1175
1052
481
122
-638
-1313
-883
-240
263
467
969
2349
3389
3197
2728
3271
4560
3566
927
-723
-888
-731
-2758
-5253
-5174
-4118
-3428
-3585
-3498
-1899
-258
195
302
902
1786
2622
2431
1782
1267
1087
877
-289
-1011
-1143
-1124
-523
-828
-915
351
1810
2724
2496
2107
3278
4420
3318
528
-1061
-475
-886
-3366
-5351
-5137
-3572
-2801
-3423
-2944
-801
1119
1522
806
1228
2677
3244
2155
800
637
998
397
-788
-1304
-1175
-631
-80
-180
40
945
2028
2648
2455
2393
2929
3788
3240
617
-1297
-1039
-872
-2685
-5327
-5723
-3726
-2752
-3477
-3125
-1187
492
1156
655
978
2255
3197
2790
1363
1050
1320
465
-661
-1048
-1284
-1276
-978
-1112
-792
12
869
1557
1927
2689
3098
2546
2618
2699
1372
-214
-1230
-2068
-2635
-3667
-4516
-3984
-3010
-2284
-1814
-1088
424
1564
1405
1184
1599
2238
2270
1325
379
169
94
-528
-1451
-1501
-803
-444
-560
-503
118
1107
1702
1650
2105
2699
2367
1786
1731
1457
454
-747
-1526
-1739
-2323
-3329
-3518
-3025
-2426
-1980
-1513
-460
631
982
1019
1192
1544
1793
1490
891
547
405
286
-225
-891
-647
-79
-71
-342
-321
236
929
1113
969
1240
1651
1576
1325
1211
928
333
-199
-580
-1099
-1708
-2181
-2238
-2109
-2029
-1889
-1467
-696
-114
-4
156
608
1096
1373
1302
1015
798
663
282
-360
-662
-508
-433
-433
-314
117
666
1072
1362
1595
1767
2111
2157
1336
361
-255
-626
-1237
-2261
-2939
-2901
-2594
-2348
-2039
-1500
-673
158
542
704
1093
1593
1665
1216
814
706
581
150
-352
-514
-295
-83
-267
-403
-13
516
648
524
635
974
1081
837
529
437
492
313
-155
-534
-711
-867
-1066
-1345
-1501
-1401
-1205
-979
-822
-593
-222
24
180
289
187
197
300
191
105
169
220
400
734
1011
992
909
1381
1905
1492
600
220
353
105
-882
-1645
-1460
-1195
-1446
-1659
-1383
-789
-397
-526
-567
-80
371
454
294
96
262
569
401
89
92
279
511
543
268
238
645
893
746
680
823
844
754
536
72
-252
-383
-736
-1166
-1401
-1393
-1164
-1082
-1032
-616
-58
362
621
705
944
1306
1310
986
629
357
112
-264
-745
-991
-929
-784
-696
-626
-488
-194
118
217
245
406
553
509
392
311
237
192
122
-76
-247
-220
-207
-339
-516
-488
-263
-124
-88
55
425
864
1050
992
954
1132
1438
1214
287
-380
-372
-402
-1057
-1886
-1995
-1451
-1260
-1519
-1343
-595
0
112
-9
128
686
1040
729
249
276
678
625
54
-150
243
594
449
21
-54
346
646
456
181
343
581
475
295
58
-131
-37
-177
-615
-773
-663
-557
-645
-741
-516
-361
-432
-395
-348
-338
-249
-130
0
138
437
912
1071
972
1273
1771
1627
912
420
412
243
-561
-1363
-1427
-1240
-1363
-1528
-1322
-788
-394
-425
-453
-81
441
591
354
211
334
465
274
-120
-140
110
127
44
-61
-54
337
590
413
445
658
660
556
376
110
55
54
-263
-629
-738
-709
-610
-632
-790
-597
-180
-67
-90
-9
169
443
492
192
68
322
337
-186
-603
-481
-194
-214
-486
-382
253
782
917
879
1056
1624
1870
1272
503
269
297
-195
-1229
-1834
-1557
-1172
-1427
-1709
-1166
-357
-109
-194
-61
474
970
841
420
368
578
562
202
-158
-194
4
29
-243
-393
-152
217
412
348
310
549
762
682
422
186
192
250
-49
-454
-588
-573
-639
-877
-1044
-821
-575
-671
-693
-386
-80
89
185
309
596
848
929
968
912
979
1345
1304
698
297
275
128
-408
-1027
-1132
-927
-979
-1131
-892
-391
-121
-149
-153
7
300
357
53
-38
171
199
4
-152
-30
280
295
62
110
346
433
503
540
507
536
533
395
257
25
-140
-110
-311
-660
-792
-893
-945
-821
-809
-786
-445
-30
340
631
665
804
1360
1586
1052
522
422
398
37
-703
-1331
-1300
-1077
-1244
-1364
-993
-468
-112
47
111
412
879
938
600
426
533
558
303
-31
-19
190
55
-326
-440
-224
-85
-241
-383
-163
111
155
176
264
336
496
682
640
364
279
568
678
141
-379
-322
-172
-505
-1084
-1351
-1080
-855
-1086
-1171
-679
-175
-63
-144
-37
423
767
558
332
595
895
740
267
56
313
385
-56
-372
-296
-59
81
-26
-26
395
690
585
494
528
707
848
504
83
390
553
-50
-417
-322
-446
-650
-1004
-1360
-1114
-874
-1130
-1046
-531
-237
-150
-174
-85
274
433
243
232
357
402
383
278
290
481
515
462
536
593
627
668
618
504
496
475
252
84
15
-154
-172
-225
-633
-735
-618
-815
-869
-840
-946
-692
-509
-626
-456
-286
-269
-143
-118
-85
179
317
413
575
666
832
961
976
1095
1030
781
658
404
313
315
-48
-200
-118
-389
-550
-514
-624
-717
-748
-786
-850
-828
-658
-576
-455
-331
-296
-117
-42
-162
-50
-79
-139
-44
-78
-3
277
398
559
760
845
860
884
996
948
743
651
476
245
170
8
-86
-200
-617
-587
-328
-444
-598
-672
-521
-357
-631
-564
-80
-63
-259
-353
-182
43
-82
-218
-196
32
414
132
-155
241
456
312
282
281
531
721
291
209
589
554
233
323
44
-49
216
-248
-573
-234
-380
-609
-527
-642
-240
-254
-674
-359
29
-93
-265
-93
91
85
-91
23
219
187
143
-104
142
201
-24
379
291
100
204
201
306
90
57
207
47
-141
-57
225
-21
-342
-82
80
-151
-128
61
-93
-49
-194
-194
144
-70
-100
27
-158
250
368
-301
-260
34
71
-32
-308
85
166
-199
5
124
150
216
48
88
176
43
107
158
-172
-252
-5
161
-67
-25
139
-134
42
322
-245
-177
132
-331
-63
55
-407
97
166
28
276
-4
55
213
-23
0
-381
-201
116
-66
67
27
-137
35
92
26
-19
-43
-51
-184
38
136
141
13
-16
135
84
105
123
-135
-96
-42
103
119
-136
-238
75
59
-135
-7
127
-33
59
113
-226
-107
141
-22
-175
82
-95
6
142
-111
95
306
-52
-138
333
-262
-338
269
-248
-127
77
-115
380
366
-129
-201
-25
245
-241
-109
3
-202
468
8
-297
122
-117
91
-130
-224
279
-26
-86
132
-77
0
-57
-123
174
-97
145
167
18
343
-234
-175
296
-247
-296
20
-14
-89
77
120
51
271
205
-186
-86
190
-203
-325
-61
23
153
377
-47
-474
20
155
-227
47
226
-42
-31
34
8
180
-146
-429
-135
229
347
32
-108
106
24
7
44
-107
-52
-111
-38
78
-4
-79
169
135
-141
82
-38
-89
24
-117
99
23
106
121
0
137
-64
-261
-141
9
0
-86
60
60
-74
93
89
-81
109
52
-383
101
107
-109
112
232
140
-197
3
189
-216
21
-11
-186
35
-177
-88
119
-44
-2
135
73
113
102
-93
-160
-24
44
-12
21
-23
147
114
-141
-30
4
-72
-23
68
-16
-14
25
-79
-44
-16
-29
82
66
-20
93
80
-81
-31
-15
111
77
-63
-20
-3
19
-91
-121
-77
19
83
-62
-28
59
102
-11
-136
-37
179
125
-56
3
1
-99
60
13
-181
125
76
-206
-43
181
106
-61
-23
-42
-14
31
-44
-70
74
66
-54
-86
108
94
45
-13
-276
96
2
-181
150
159
112
-21
-126
-6
77
-76
-39
-14
67
-51
-254
215
-1
-140
145
-213
-37
376
36
-54
197
-39
-207
17
-91
-108
197
76
-210
-88
49
44
249
-20
-249
126
-86
-218
195
129
-1
175
111
-98
-27
17
-57
-74
35
-83
-371
37
195
-117
151
24
-168
166
109
-3
19
19
-24
-33
-32
27
175
-176
-187
120
7
15
-85
-60
168
53
-56
91
39
120
-226
-325
-13
164
146
-20
119
46
4
61
-22
-131
65
41
-260
-64
134
-175
-90
70
33
257
48
-154
-66
-1
47
-12
-10
151
116
155
46
-257
-98
-24
-210
-44
34
7
82
38
110
-66
31
46
-126
65
189
-43
-150
-47
253
37
-239
81
-15
-147
0
-44
-28
69
1
30
61
235
156
-256
-293
36
43
-54
-46
29
-28
114
123
-120
149
247
-93
-330
91
106
57
157
-189
-374
62
-44
-127
241
3
0
18
185
288
-137
-63
88
-19
18
-64
-210
-123
-233
-13
57
-86
105
127
388
156
-199
15
194
-229
-178
39
-182
175
0
-54
212
-213
-203
125
108
52
29
14
-37
-95
-34
176
-40
-154
-42
-136
102
229
200
219
7
-195
56
-211
-288
80
-127
-29
-19
27
271
84
-73
-260
-219
180
127
120
241
-68
-19
259
41
-156
59
-130
-176
-214
-137
66
154
36
-311
-2
334
159
-83
172
59
-125
-46
-104
119
21
-150
-123
-48
194
91
-59
-107
-88
-7
-76
79
283
-3
-63
46
237
9
-309
-135
14
8
-17
67
62
-120
-99
41
53
216
335
-6
-417
-253
0
175
-23
-133
6
171
138
85
148
-136
-239
-176
-91
10
83
147
-43
81
205
-67
-141
103
2
41
-15
-95
0
20
-71
36
51
-176
62
45
-108
59
58
-127
33
130
-123
38
181
-55
60
133
-263
-276
93
183
-50
-89
-61
143
203
-25
9
-40
-163
-33
-30
200
126
-126
-185
-17
53
-31
94
224
14
-17
-31
-210
136
173
-186
-222
-46
-72
-47
100
131
44
51
102
32
-155
-68
141
68
5
-194
-164
43
-30
118
133
-58
35
144
30
-28
37
-180
-237
-15
62
106
1
-27
-40
37
180
98
-82
-106
-36
73
55
-126
-175
-17
91
148
201
28
-21
-107
-159
-50
-43
-10
10
62
70
46
-5
-31
-104
-70
95
-58
14
110
-17
273
172
-151
-146
-108
-144
21
119
-8
-175
-121
67
107
163
57
-46
30
-59
-66
81
98
-33
-138
-114
-40
36
108
-44
-10
129
57
14
4
-46
22
-42
-103
47
10
-67
-103
-22
119
111
-68
8
122
50
-47
-29
54
-59
-251
-51
230
42
-82
11
-4
16
-48
-48
102
87
0
-68
-99
27
130
41
8
-91
-66
39
9
-29
-20
12
45
-45
-56
22
20
4
69
52
88
-14
-161
-43
53
-98
-82
169
21
-71
58
47
-94
13
-32
44
246
-9
-266
-29
102
-16
-112
-48
89
86
-1
-3
85
-41
-214
64
153
-79
-55
67
10
25
0
44
-60
-172
25
79
104
-11
-83
28
37
6
62
3
-86
-58
-50
42
-20
16
8
-16
137
-1
-95
8
-4
23
76
-21
4
-13
-75
1
-23
24
23
-17
38
-80
0
75
-18
11
-19
-53
84
72
-45
-66
-1
33
-69
-31
117
65
-96
-81
4
20
54
39
39
16
-83
-86
-3
9
51
76
-8
-32
24
-5
-86
-51
11
57
31
33
-21
-17
153
34
-54
-47
-151
-24
17
-57
26
-5
-32
65
111
111
-10
-71
7
-10
-27
15
-13
-4
67
-42
-149
15
42
-55
-38
49
105
35
-58
-99
63
169
-4
-107
-17
-55
-62
54
-8
9
80
21
-14
69
11
-95
-78
-28
-18
32
70
-40
-17
119
85
-31
-74
-28
-45
-10
54
48
-15
-86
-17
128
25
-36
-17
-8
79
-33
-185
44
32
-66
67
3
-25
38
8
35
50
-81
-46
8
9
11
72
13
-152
-8
138
19
11
-17
-21
100
33
-86
-49
-45
-64
-66
19
109
51
-2
-55
25
83
-11
-45
-76
-98
25
23
6
65
-3
85
125
-55
-39
-25
-105
-33
6
15
76
-45
-110
31
80
-5
1
95
116
85
102
37
-84
-58
-162
-166
-10
-40
-116
-20
-27
-52
32
15
47
76
109
147
82
-76
-6
90
-184
-184
153
103
-34
102
123
15
18
-73
-42
48
-43
-187
-67
43
-109
-125
0
-3
-13
36
69
46
15
-3
50
86
77
45
8
7
60
114
-51
-34
44
37
-122
-204
-98
13
-65
-76
-63
-76
35
-21
-26
164
132
12
1
-56
50
195
31
-92
70
40
-66
37
116
56
76
-30
-176
-25
68
-24
-103
-20
34
-60
-69
8
0
0
-19
-173
-133
-32
-66
-6
88
132
162
109
18
110
212
32
-95
76
63
-82
-73
-82
-86
-12
-68
10
51
-4
-17
-46
0
50
-18
-1
-7
-78
37
66
-37
-96
-26
17
-1
-42
-47
-34
22
42
131
101
-60
-42
57
69
-8
-49
24
5
-45
27
-49
-78
17
-11
-7
16
39
152
-3
-82
101
9
-84
-41
-74
56
58
-33
-58
-138
-12
37
-109
49
88
23
54
-39
43
112
-55
28
71
-109
-63
65
5
-43
62
16
-137
-60
5
0
58
-29
-49
78
72
18
-5
1
18
18
22
-36
8
97
-88
-112
94
-22
-103
31
-7
-26
126
39
-43
73
9
-147
-18
23
-118
-53
32
6
96
120
-15
13
-4
-82
-56
-54
-57
23
43
44
8
36
118
62
14
-36
-47
54
-10
-106
-23
-72
12
100
-80
-67
89
25
-8
-9
4
46
-18
-47
-27
-14
15
-39
-38
56
-11
9
118
-37
-36
75
-55
-32
77
-38
11
47
-18
-6
-59
-68
37
17
-12
-4
0
85
56
-42
-61
9
52
68
-60
-38
20
-45
-28
-24
-42
5
-2
0
49
-25
23
72
-9
-4
53
69
-7
-45
-56
-25
26
-63
-61
-3
-13
78
73
2
31
0
39
68
-77
-54
-13
-24
-51
-116
7
50
-18
47
27
19
108
48
-54
-17
-17
5
23
-48
-52
-4
15
1
-35
-41
59
31
-2
32
37
21
20
-50
-69
5
3
-41
16
28
-27
40
29
-14
-14
-11
-22
14
17
-1
-24
25
-20
-40
81
6
-70
37
15
9
45
-83
-8
92
-41
-76
9
38
24
-65
-77
50
127
30
-88
-17
107
55
-67
-132
-14
101
-25
-135
-10
102
82
-35
-84
54
118
-11
-95
-20
67
37
-63
-71
-10
44
33
-26
-32
8
52
58
-26
-44
41
26
-20
-24
-53
-29
41
19
-48
-29
63
76
-6
-41
0
17
-16
-49
-31
-13
-6
3
-9
-1
51
57
9
-5
18
55
43
-41
-68
27
49
-35
-61
-18
-2
-5
-4
-16
-22
1
26
20
7
-5
2
20
2
-15
12
20
-9
-26
-1
19
-16
-47
-15
11
8
9
14
20
27
28
24
4
-17
-24
-20
-7
0
-17
-30
12
40
1
-27
-5
12
-1
-24
-24
-3
8
4
0
2
17
20
1
-8
-1
6
7
-6
-9
18
35
13
-8
-5
1
7
-1
-27
-35
-10
11
12
3
-3
14
29
17
-5
-16
-15
-6
0
-15
-30
-13
7
8
1
-5
-7
5
10
-2
-9
0
7
14
8
6
18
18
1
-3
5
10
-2
-25
-20
0
7
0
-18
-14
12
25
10
-7
-8
4
14
5
-14
-23
-17
-6
-3
-6
-5
0
9
13
16
16
7
0
-1
1
-2
-10
-14
-9
0
4
8
4
3
13
17
5
-9
-11
-2
7
-4
-18
-6
12
17
2
-10
-3
6
5
-1
-10
-10
-2
2
0
-6
-3
4
3
0
-2
3
1
-3
-4
0
5
0
-9
-7
2
8
6
0
0
9
13
6
-3
-4
3
9
3
-1
0
1
2
1
-7
-9
-10
-7
-4
-6
-7
-3
-3
-4
-5
-4
0
2
2
5
6
7
5
2
8
13
11
5
-1
0
6
5
0
-4
-6
0
2
-3
-11
-8
0
0
-8
-11
-2
5
4
-5
-5
6
9
4
-4
-9
2
8
0
-5
-3
5
9
0
-11
-5
7
7
-3
-11
-2
11
8
-3
-3
6
14
7
-3
-3
0
4
2
-6
-4
2
5
-1
-9
-4
4
2
-3
-7
-1
5
0
-7
-7
-2
1
5
0
-3
0
0
3
-2
-2
5
4
3
-1
-5
0
7
4
-6
-6
1
9
3
0
-1
1
3
3
1
-1
-2
-1
0
3
2
-1
-6
-4
-3
0
-1
-1
-2
1
3
0
-4
0
0
4
1
0
1
1
0
-3
0
0
1
1
-1
-1
3
2
0
-1
0
3
0
-1
0
0
0
-1
1
1
0
0
0
0
0
-2
-3
-1
0
-2
0
0
2
2
0
-1
0
0
0
0
0
0
-2
-1
2
0
0
1
2
3
0
-1
-1
-1
2
0
-1
4
6
0
-1
-3
-1
-1
-2
-3
-2
0
0
0
2
1
-1
-1
-1
1
-2
-1
0
0
1
0
0
3
2
1
-2
-1
3
0
1
4
1
0
0
0
0
0
0
-1
-1
-2
-1
0
-1
-3
-3
-3
-2
0
0
-3
-2
2
2
4
1
1
4
1
2
2
1
3
2
0
0
1
2
-1
-2
0
-2
-3
-1
-2
-2
-1
-1
0
-2
-2
-3
0
0
-1
-2
-1
1
3
2
2
2
3
5
2
0
0
0
3
1
0
0
0
0
-1
-2
0
-1
-1
0
-1
-1
-1
0
0
0
0
0
0
2
1
0
0
1
0
1
1
-1
-1
1
1
-1
-2
0
1
0
0
0
1
2
0
-2
-1
3
1
-1
-3
0
0
0
0
-1
1
0
0
0
0
0
0
1
1
0
-1
0
0
0
0
-1
0
-1
-1
0
0
0
0
0
-1
0
3
1
0
-1
0
0
0
0
0
1
-1
0
0
0
-1
-3
0
1
0
-2
0
2
1
1
-1
-2
0
2
1
1
-2
-3
0
3
2
-2
-4
0
2
2
2
-1
-4
0
6
5
-2
-4
-2
3
6
0
-8
-6
1
6
3
-4
-6
-1
6
7
-4
-9
-5
5
11
0
-10
-9
2
9
5
-2
-7
-2
8
7
-3
-8
-5
3
7
4
-5
-9
1
7
4
-1
-9
-3
4
6
1
-4
-6
-1
6
5
-4
-4
-1
2
4
0
-2
-4
2
6
1
-6
-5
2
6
5
0
-6
-1
5
5
0
-5
-6
1
4
1
-1
-6
0
2
1
0
-3
-1
-1
0
1
-2
0
0
0
2
1
0
-2
-1
3
2
-1
-3
0
1
5
4
-1
-2
0
2
2
1
0
-1
0
1
2
1
-2
-1
2
2
0
-4
-5
1
1
-1
-4
-3
0
1
0
-3
-3
-1
0
0
-1
-3
0
0
2
1
0
0
-1
1
1
0
1
0
0
1
3
4
1
0
-1
-2
0
0
0
0
-1
2
3
2
0
-1
1
0
-2
-3
-2
-1
0
0
-1
-1
0
-2
-1
-2
-3
0
0
0
0
-1
0
6
1
0
2
4
2
-2
0
3
1
0
1
1
1
0
0
0
0
0
0
0
0
-3
-1
0
0
0
0
-1
0
-1
-1
0
-1
-3
-1
1
0
0
0
-1
0
1
2
0
0
-1
-2
3
4
0
0
-2
0
0
0
3
-2
-3
0
0
0
0
-3
-1
4
3
0
1
0
-1
1
1
-1
-1
1
1
-2
0
0
-2
-2
2
1
0
1
0
0
3
0
-4
-2
0
0
-2
0
1
-1
-1
0
0
3
3
-1
-1
0
0
2
1
-2
-3
0
3
1
0
-2
0
0
-1
0
-2
-3
0
0
0
1
-2
0
1
-2
-1
2
2
0
-3
0
2
1
0
-2
0
-1
1
3
2
-2
-1
1
1
-3
-1
1
0
-1
0
2
2
0
0
1
0
0
2
0
-2
0
0
-2
0
0
0
-1
-1
-1
0
1
0
0
-2
1
-1
-4
0
1
0
-1
1
1
0
1
0
2
1
-1
0
0
0
0
0
0
0
0
0
0
-1
1
0
0
1
0
1
1
-1
-1
-1
-4
-2
-1
0
0
0
1
0
0
0
0
0
1
0
0
0
0
1
0
2
1
0
-1
-1
0
0
1
0
-2
1
0
-3
0
0
0
0
-2
-1
0
0
0
0
0
0
0
0
0
1
0
0
-2
0
-1
0
1
0
0
1
2
0
0
1
0
1
0
-2
1
3
0
1
0
-1
2
0
-1
-1
-2
0
0
0
0
0
-2
-2
0
1
0
0
0
0
-1
1
0
-1
0
-1
2
1
-1
2
1
0
-3
-2
0
-2
0
1
1
0
0
1
0
1
0
0
1
0
0
1
-1
-1
-1
0
0
0
0
0
0
-3
1
-1
0
0
0
3
0
-2
-1
0
2
0
0
-1
0
0
2
1
0
0
-1
1
-1
0
2
0
1
1
0
0
0
-2
-1
0
-1
-2
0
0
0
3
1
-2
0
0
1
0
-2
0
-1
-1
0
0
0
-1
-1
0
-1
0
1
0
0
0
-1
0
0
-1
0
1
0
0
2
2
4
-1
0
2
0
1
0
1
0
0
-1
-1
1
0
0
-1
-2
-1
0
1
-2
0
2
0
0
0
-3
-3
0
-2
0
2
-2
0
1
0
0
-1
0
0
-1
2
2
0
0
0
2
0
0
1
0
1
0
2
1
0
0
0
0
0
-1
-1
1
0
-1
0
-2
-1
0
-1
0
0
0
0
-1
0
0
0
0
1
0
-2
0
1
2
0
0
0
0
3
0
0
0
0
0
-1
-2
-1
0
0
1
0
0
0
0
1
0
0
0
-2
-1
0
-1
0
0
0
0
0
0
1
0
0
1
1
-1
-1
1
0
0
0
0
1
0
-1
0
-1
-2
-1
0
0
1
0
0
1
0
0
0
0
1
0
-1
0
1
0
1
-1
0
0
0
0
1
0
0
0
0
0
0
0
0
0
1
0
1
-1
-1
-1
-1
2
0
0
0
1
-1
-2
2
0
-3
0
0
-1
-2
0
0
0
0
0
2
1
-2
-1
0
3
0
-1
1
0
0
-1
0
3
0
0
0
0
0
0
0
-1
1
1
1
-3
0
1
0
0
1
1
0
0
0
-1
-1
0
1
-1
0
0
-2
0
-1
0
1
0
0
-1
0
0
0
0
0
-1
0
1
2
1
0
0
0
0
0
0
0
-1
0
0
0
4
1
0
0
-2
0
0
1
-1
0
-1
-1
-2
0
0
-1
1
0
-3
-1
0
0
1
2
1
1
0
0
-2
0
0
-1
1
0
-3
1
1
0
0
0
0
-1
-1
-1
0
0
0
0
2
1
1
0
-1
-1
3
0
-3
0
0
0
0
0
0
1
0
-1
0
1
1
-1
1
1
-1
0
-1
-3
1
0
0
-1
0
1
1
-1
0
0
0
0
-1
0
0
-2
0
1
0
0
1
0
0
0
0
0
1
0
0
1
0
0
0
0
0
0
0
0
-2
-3
0
-1
0
0
0
0
0
0
1
0
0
1
1
0
0
0
0
0
0
-1
0
1
0
0
0
0
1
0
0
1
0
0
0
0
-1
-1
1
1
0
0
0
0
0
-2
0
0
-1
-1
0
0
0
2
0
0
1
0
0
2
2
0
-1
0
1
0
1
1
-1
0
-2
-1
0
0
0
1
0
-1
0
-1
0
1
-1
0
0
0
0
2
1
-5
-2
0
1
3
0
0
-3
1
2
0
2
0
1
-1
-2
1
1
-1
-1
0
1
1
-3
-1
0
-1
0
-1
0
0
-2
0
0
1
0
0
0
0
0
0
1
0
0
1
0
2
0
-1
0
0
0
0
0
0
0
0
0
-1
-1
1
2
2
1
-1
0
0
0
0
0
0
0
1
0
0
-1
-3
-1
1
0
0
-1
0
0
0
0
0
-2
0
0
3
3
0
0
-2
2
3
0
-1
-2
-1
0
1
1
-1
-1
1
0
0
0
-1
-1
0
0
0
0
1
-1
-2
0
1
2
0
0
-1
-1
1
0
0
0
0
-1
0
3
1
-1
0
-2
0
0
0
2
1
-1
-2
-1
0
0
0
1
0
0
0
0
0
-1
-1
0
0
-1
0
-1
0
1
0
-1
0
0
0
2
3
2
-1
-2
0
1
0
0
-1
-2
0
0
0
1
0
-1
-1
2
1
-1
0
-1
-2
0
1
0
0
0
0
2
3
0
-2
-2
0
0
0
0
0
-1
0
0
1
2
0
0
0
1
-1
-3
0
1
1
0
0
0
0
1
0
0
2
-2
0
0
-3
0
0
0
0
0
1
-1
0
1
0
0
-1
-1
2
0
-1
0
3
0
-1
1
0
-2
-2
-3
0
3
0
0
2
1
1
2
0
-1
-2
-1
-2
-1
0
0
2
2
1
0
0
0
0
-1
-2
1
0
-2
0
2
2
0
0
0
1
0
-1
0
0
0
0
0
0
-1
0
0
-2
1
0
-4
0
0
0
0
0
3
-2
0
0
0
-1
-1
0
0
0
-1
0
0
0
1
1
-2
0
0
0
0
0
2
0
0
1
-1
0
0
0
0
0
0
0
1
0
-2
0
2
0
0
0
0
0
0
1
0
-1
-1
1
0
0
1
0
0
0
0
-1
0
-1
-1
1
1
-1
0
0
0
0
0
0
-1
0
1
2
0
-2
-1
2
0
-1
-1
0
1
1
-1
0
3
-1
-1
2
1
0
-1
0
1
-1
0
-1
0
0
1
1
0
0
0
-1
-1
0
-1
-1
1
0
-1
0
2
0
-1
1
-1
-1
0
-1
-1
0
0
0
2
0
-2
1
0
-2
1
1
-1
0
0
0
0
0
0
1
2
-3
0
1
-1
0
0
-4
1
4
0
-2
0
-1
-1
0
-1
-1
0
0
0
2
0
-2
3
0
-4
3
2
-2
0
0
-1
0
-1
1
1
0
-1
0
0
1
1
-1
-2
1
4
0
0
0
0
0
1
4
-1
0
0
-2
-2
-4
0
5
0
-2
0
0
0
0
0
0
-1
0
1
0
0
2
-2
-1
2
0
0
0
0
0
0
0
0
-1
1
2
0
-1
0
0
0
0
0
0
-1
0
1
0
-1
-2
0
1
1
0
0
0
0
0
1
-1
-2
0
0
-1
0
0
1
0
0
4
0
-3
-1
2
3
0
0
0
0
0
0
4
-1
-4
0
1
1
0
0
1
-1
-2
-2
-2
-1
1
2
1
2
-1
-2
1
2
-2
-3
0
1
0
0
0
0
0
0
0
0
0
-1
0
2
2
-2
-3
0
0
0
-1
0
0
1
2
1
0
-3
0
0
-2
-1
2
0
1
2
0
-1
0
0
0
4
1
-3
0
3
0
-4
0
1
-1
0
0
0
-4
0
5
-2
-3
0
0
-1
-3
3
3
0
-3
1
3
-1
-2
0
2
1
0
0
-1
0
2
-1
-1
0
1
0
0
0
2
-2
-2
3
3
1
-4
0
1
0
1
-1
0
0
-2
-1
-2
0
1
1
-2
-2
1
4
1
0
0
-1
-1
-3
0
0
0
1
0
2
1
1
4
-2
-3
0
2
1
0
1
0
0
0
-1
-2
-1
0
1
-2
-1
-1
0
2
0
-2
-1
3
1
-1
-1
0
0
-2
1
3
0
0
1
-1
0
0
1
1
0
0
-1
1
1
0
-1
-1
0
-1
1
1
0
1
3
2
-1
0
-2
-2
0
-1
0
2
2
-1
-3
-1
0
0
-2
0
1
0
0
0
3
0
1
-2
-4
1
1
2
0
0
0
2
0
-3
3
2
-1
0
-2
-2
0
0
0
3
1
-1
1
0
0
0
0
0
0
-1
-2
0
0
0
-2
-4
-1
2
1
-1
2
3
0
0
0
1
0
0
0
-2
3
-1
-1
-1
0
1
1
1
-1
-2
-2
0
1
0
0
-1
0
0
0
-1
0
0
0
3
0
-2
1
0
-1
0
-1
-1
2
0
0
0
-1
3
2
-1
2
1
-1
0
0
-2
0
-3
0
0
-2
-3
-2
3
1
0
0
-1
-1
3
1
0
-1
0
0
0
-1
-2
0
3
1
-1
-1
0
2
1
-4
-2
0
1
1
-2
2
0
0
0
1
1
-1
2
0
-2
2
2
2
-2
-2
-1
0
3
0
-3
0
0
0
0
-2
-2
-2
4
1
-1
1
4
2
-2
-3
-2
0
2
0
0
-2
-2
0
-2
-3
-4
-2
4
3
0
0
0
0
0
0
1
2
2
1
0
1
-1
-2
0
2
0
-2
-2
-2
0
5
2
-1
-1
-1
2
3
0
-4
-3
0
0
4
0
0
5
-2
-2
-1
0
2
1
0
-2
-2
1
2
1
0
0
-3
-5
-2
2
1
1
-1
-3
0
0
5
3
-1
0
0
0
0
-1
0
1
-1
-2
2
0
0
0
1
1
0
0
1
0
0
0
-7
-1
4
1
-1
-2
0
2
0
-3
-2
4
3
1
-1
-3
0
3
0
-4
0
5
0
-2
-1
-2
1
0
-2
-2
-1
2
3
0
-2
4
5
0
-1
0
-1
3
1
-1
-1
0
2
3
0
-2
-1
-1
-1
-2
0
2
-3
-2
2
0
-2
-2
0
0
1
0
0
6
0
-2
0
1
0
0
2
0
1
-1
-1
1
0
-1
-1
-2
0
-1
-1
0
-1
-1
0
0
-2
0
1
0
1
2
1
-1
-1
0
1
0
0
0
1
1
0
-1
0
0
0
1
0
0
2
2
-1
0
1
-1
-1
0
0
0
0
0
1
0
0
0
-3
-2
3
3
0
0
0
0
1
1
-1
-1
1
-1
-1
0
0
0
-1
-3
-2
0
-4
-2
-1
-2
0
0
-4
-2
0
-1
0
0
-2
-3
-2
-1
0
-1
-2
0
1
0
4
5
7
4
0
2
4
8
7
6
5
6
4
0
6
8
1
2
1
0
2
-2
-6
-1
0
-3
-3
-4
-3
-6
-5
-7
-8
-6
-5
-5
-5
-3
-6
-7
-1
0
-3
0
1
1
2
2
3
3
6
5
5
3
4
7
6
7
7
8
6
4
4
2
0
1
0
-7
-7
-4
-6
-7
-7
-4
-4
-7
-1
-1
-4
-3
-1
-1
-4
1
0
-3
1
0
-1
0
1
-1
0
2
2
1
2
0
1
4
0
0
3
3
0
3
2
1
4
2
3
0
2
4
0
-2
0
-1
-7
-6
0
-2
-3
-4
-4
-3
-2
0
0
0
2
2
3
2
3
4
2
1
-1
-2
1
-1
-1
4
1
-3
0
-1
0
0
-1
-1
0
-2
0
0
-2
0
0
-2
-2
3
2
0
0
-1
0
0
-2
-3
0
0
-1
0
0
-1
2
3
0
0
2
0
3
1
0
4
0
0
4
2
1
1
3
2
1
-1
-2
-1
-2
-1
-3
-4
-2
0
-1
-1
-3
-3
0
-1
0
0
0
0
0
2
0
1
2
0
0
0
0
0
0
0
-2
1
-1
0
1
1
3
1
0
2
2
4
3
-3
-2
0
0
0
-1
-2
-1
0
0
-1
-1
0
1
-1
-1
1
0
2
1
-2
0
1
0
-1
0
-2
0
0
-2
0
0
0
-1
0
0
0
0
-2
-2
0
1
0
-2
-1
0
2
3
-1
-2
0
2
1
-1
0
2
4
1
0
-1
0
0
0
0
-2
0
3
0
0
0
0
-1
0
0
-3
-1
-2
0
0
0
0
-1
0
1
0
-1
-2
-1
-1
0
1
0
0
1
0
2
5
2
1
-1
-1
0
0
0
1
0
-2
1
0
-1
1
1
1
-1
0
0
-1
0
-1
0
0
-2
-2
0
1
-2
-2
0
0
-1
0
-1
1
1
-1
0
1
0
0
0
0
0
1
1
0
1
3
0
-1
0
0
-1
-1
1
0
-1
0
0
0
3
0
-1
0
0
-1
0
0
0
0
0
-1
-1
-2
-1
-5
-4
-1
-1
0
2
1
0
-2
1
2
0
-2
0
3
2
4
2
0
4
3
5
0
0
1
3
2
0
1
0
0
2
0
0
0
-1
-3
-4
-1
0
0
-1
-4
-3
-1
0
-4
-5
-1
-4
0
-1
0
1
-2
0
-1
-1
0
2
0
2
1
-1
0
3
3
1
0
1
2
3
0
3
3
2
2
0
1
2
0
0
0
1
0
-4
-4
-4
-4
-2
0
-3
-2
-1
0
1
-2
-2
-2
-2
0
-1
0
-1
-1
4
2
2
2
0
1
3
1
2
0
2
5
3
1
-1
0
1
1
2
1
1
0
0
1
0
0
-3
0
2
0
-1
-5
-2
0
-1
-2
-1
0
0
-2
-1
0
-1
-1
0
0
-2
-2
0
0
0
3
-1
0
3
1
-1
-1
0
0
1
3
1
1
0
0
0
0
0
-1
-1
0
1
-2
-1
0
-1
0
-1
-1
2
0
1
1
0
-1
-1
0
0
0
-1
1
0
0
2
0
0
1
0
-1
-1
1
2
0
0
0
0
0
0
-1
-2
-1
-1
1
0
-4
0
1
0
1
0
0
0
0
0
0
0
0
1
1
-2
-1
0
0
3
2
0
1
0
0
-1
0
0
0
1
1
-1
-3
-3
1
2
1
0
0
0
0
0
0
0
-2
0
-1
0
0
-1
-1
0
0
2
0
0
0
0
0
0
-2
0
1
1
2
0
0
0
0
0
0
0
0
1
-1
2
1
0
2
1
0
-1
-1
-2
-1
0
0
-2
-1
0
0
0
0
1
0
0
0
0
0
0
0
0
-1
0
0
1
0
1
1
0
0
1
3
1
0
0
-1
0
0
1
0
-2
-2
-2
0
0
-1
-1
-1
-2
-1
-1
-4
0
-2
-1
0
-1
0
0
0
-1
0
1
1
3
3
3
3
1
3
2
1
4
4
1
1
0
1
1
0
0
-1
-1
2
0
1
0
0
-2
-2
0
-1
-2
-2
-3
-2
-2
-3
-3
-3
-2
-2
-3
-3
-1
-2
0
1
1
0
2
0
-1
0
1
2
3
3
3
4
1
2
3
0
3
2
2
3
1
3
1
0
0
0
0
0
-1
-2
-1
-2
-4
-2
-4
-4
-3
-1
-4
-3
-2
-2
-1
-1
0
0
0
2
0
1
2
0
1
3
4
5
5
8
5
5
5
2
5
6
3
2
1
2
0
1
0
-4
-2
-2
-1
-3
-5
-3
-2
-5
-4
-5
-5
-5
-3
-2
-1
-4
-4
-4
-4
-2
-2
0
1
1
2
2
2
3
5
1
3
4
5
8
3
6
6
5
5
4
5
3
2
0
0
-1
-2
-1
-2
-4
-3
-4
-5
-4
-4
-6
-5
-5
-3
-2
-3
-5
-2
-3
-5
-3
-1
-1
1
2
0
-2
-2
-1
0
0
0
1
0
-1
2
2
4
4
3
3
3
3
5
7
6
5
6
5
4
5
3
2
0
2
4
1
-1
-1
-4
-3
-1
-5
-6
-6
-5
-1
-2
-4
-3
-1
-1
-1
0
-2
-3
0
-3
-2
0
-2
0
-1
0
0
-1
-1
-2
-3
-3
-1
0
1
1
2
1
2
4
3
1
2
1
4
2
2
3
3
2
1
0
0
0
-2
-1
-4
-5
0
-3
-1
0
0
0
0
0
0
0
1
1
0
1
2
0
0
0
-2
0
-1
0
0
-1
-2
-2
0
0
1
0
0
0
-2
-1
0
0
0
0
1
0
0
0
1
0
0
2
2
0
0
0
0
-1
-2
0
1
2
0
0
1
0
0
1
0
0
0
2
0
0
0
-2
0
-1
-2
-1
0
1
-1
0
0
0
0
0
1
0
-2
1
3
-2
0
0
0
-1
-2
0
0
0
0
1
0
-3
0
0
-1
0
1
-1
0
0
-1
0
0
1
1
1
1
2
2
0
-2
0
0
-1
-1
0
0
0
0
0
-2
-2
-1
0
-1
-1
0
0
-1
1
2
0
0
0
0
-3
1
0
0
-1
0
1
1
1
0
0
2
0
-1
1
0
-1
0
0
1
0
-1
1
0
3
1
0
0
-1
0
-1
0
-1
0
0
0
0
0
-1
-3
0
0
-1
0
0
1
0
0
0
0
2
1
0
-1
0
0
1
3
0
1
0
-2
0
1
0
1
-1
0
0
-2
0
0
-1
-2
-3
-1
0
1
0
0
1
0
0
0
0
-3
-1
0
0
0
1
0
-1
0
0
0
0
0
0
0
1
1
2
1
0
1
0
0
0
2
0
0
0
-2
-1
0
0
0
0
0
-1
0
2
0
0
1
-1
-1
-1
-3
-1
0
0
-1
-1
0
1
1
0
-1
-1
0
2
1
0
0
0
0
1
0
-1
0
0
0
0
2
0
-1
0
-1
0
0
0
-1
-1
-2
0
0
1
3
1
2
2
2
2
2
0
1
3
0
1
1
0
1
0
0
0
1
0
0
-2
-3
-2
-3
-2
-2
-2
-2
-2
-2
-2
-4
-1
-2
-3
-4
-4
-3
-1
-2
-2
0
0
-1
0
0
0
0
1
2
3
4
4
3
5
6
4
6
4
4
5
8
5
6
8
4
1
2
-2
-2
-1
-1
0
0
0
-3
-5
-6
-5
-5
-7
-6
-5
-6
-3
-3
-5
0
-3
-5
-3
-4
-2
0
1
0
3
3
0
2
3
2
3
4
2
5
5
2
6
3
1
3
2
1
1
3
0
0
1
0
0
0
-4
-3
-1
-2
-2
0
-2
-4
-4
-2
-2
-1
-3
-1
-1
-1
0
0
1
0
2
0
0
2
3
0
2
3
3
2
0
0
2
3
2
2
0
0
1
0
0
0
-1
-3
-1
0
-3
-4
-1
-2
-1
0
-1
0
-2
1
0
-2
1
0
0
3
1
1
0
1
0
3
3
-1
-1
-1
-1
0
-1
-2
-1
0
0
0
0
0
0
0
-1
-2
0
1
2
0
0
1
-1
0
-1
0
2
0
0
0
-1
0
1
1
0
-1
0
0
3
0
-1
0
0
1
2
0
1
-1
0
-1
-3
0
0
1
0
-1
1
-1
-2
-2
0
1
1
2
2
2
-2
-1
0
0
0
0
1
1
0
-2
0
0
0
0
0
0
1
0
-1
0
0
-2
-2
0
2
1
1
0
0
0
-2
0
1
0
0
1
0
0
-2
-2
0
0
-1
-1
0
0
0
0
-1
1
0
0
-1
0
0
0
0
0
4
3
-1
-2
-1
1
0
0
1
0
0
0
-1
0
0
2
2
1
0
-2
-2
0
0
0
-2
0
0
-1
0
-1
0
1
1
0
0
0
0
0
0
0
1
0
-1
0
2
1
-2
0
1
1
0
0
0
0
0
0
-3
-1
0
0
0
-1
-1
-2
0
0
1
4
1
0
3
1
0
-1
0
0
-1
0
0
0
0
0
0
0
-2
-1
0
0
1
-1
-3
0
0
0
0
-1
0
0
0
2
0
-1
0
0
0
0
1
-2
0
0
0
0
-1
2
3
0
0
0
-1
2
3
0
0
0
0
0
0
0
0
-1
-1
0
-1
0
0
0
0
-2
0
0
0
2
-1
-2
2
0
0
0
0
0
-1
0
0
0
2
-2
-2
0
-1
2
1
0
0
1
2
1
0
1
2
3
0
0
2
0
0
-2
0
1
-2
0
0
-1
0
0
-4
-2
0
-1
-1
-1
0
0
-1
0
0
1
0
-2
-1
0
4
4
0
0
0
0
1
1
0
-2
-1
2
3
0
0
-2
-1
-1
0
0
-1
-2
0
1
1
0
1
-1
0
-2
-1
0
0
0
2
-1
0
2
-1
1
0
-2
0
0
0
1
0
0
0
-1
0
-1
2
0
0
1
0
0
0
0
0
1
0
0
1
-1
0
1
-2
0
1
-2
0
1
0
0
0
0
1
0
0
0
0
2
0
-1
0
-1
0
0
1
0
0
0
0
0
-4
0
0
-1
-1
-1
0
0
-3
1
2
0
0
0
0
0
0
1
1
0
0
1
0
0
0
0
0
1
0
-1
-1
0
0
1
1
0
0
0
1
-1
0
0
-2
1
1
0
0
0
-2
-1
0
0
0
-2
0
0
0
1
0
0
0
-1
0
0
0
0
0
0
0
0
0
0
2
0
-2
1
1
0
1
-2
-1
0
-1
0
-2
-1
0
-1
2
1
0
0
0
1
1
0
0
0
0
1
0
0
0
-2
-2
-1
0
0
0
1
2
1
1
0
0
0
-1
1
0
-1
0
-1
0
0
2
1
-1
0
1
0
0
0
0
0
-2
0
-1
0
0
0
1
0
0
1
0
1
0
-2
0
0
-3
0
0
0
0
0
0
0
2
2
0
1
-1
0
1
-1
0
-2
1
0
-3
1
1
1
2
0
1
-1
-1
0
0
0
0
1
0
0
0
0
0
2
-1
-1
0
0
-2
0
0
0
0
0
-1
2
0
-1
0
0
0
-1
-1
0
0
-1
0
0
0
0
-2
-1
0
1
1
0
0
-1
-2
2
2
1
0
1
0
-2
0
1
0
0
0
0
1
0
0
0
-1
0
0
0
0
0
0
0
0
-2
0
0
-1
0
0
0
1
-1
1
1
0
3
1
-1
-1
0
0
1
0
-1
-3
-1
1
0
0
3
-1
-1
2
0
-2
0
0
-1
1
0
-1
3
1
1
0
0
0
0
0
-1
-1
0
0
2
1
0
0
-1
-1
-1
0
0
-1
0
1
0
0
0
-2
-1
1
0
-1
1
0
1
-1
-1
0
0
1
0
0
3
1
-1
0
0
0
0
0
0
-1
1
0
0
-1
0
0
-1
0
0
0
0
0
-1
0
2
0
-1
0
1
1
2
0
0
1
0
0
0
0
0
-1
-1
0
0
0
0
0
-1
-2
0
0
0
-1
0
0
0
0
0
1
0
0
1
0
-1
-1
1
0
0
0
0
-1
0
0
1
0
-1
-1
0
0
0
0
1
1
0
0
0
1
2
0
0
1
-1
0
-3
-1
1
1
0
-2
-1
0
-1
1
0
1
0
-3
0
0
0
-2
0
0
0
0
2
1
2
0
-1
0
0
0
1
2
1
3
1
0
0
1
0
0
0
0
0
-1
0
1
0
-3
-1
0
-1
-1
-1
-1
0
1
-1
-1
0
-1
0
1
0
2
0
-1
1
1
0
0
0
0
2
2
0
-1
2
1
-1
0
0
1
-1
-1
0
0
-1
1
0
0
0
1
1
-1
0
0
0
-3
0
1
1
1
0
0
0
1
2
1
-1
0
0
-1
-1
0
0
0
-2
0
2
0
0
-2
-3
0
2
0
0
0
1
0
0
-1
1
2
0
0
0
2
2
0
0
-2
-1
0
0
-1
-1
-1
0
0
-1
-2
-2
-2
-3
-1
1
1
0
0
-1
1
1
0
0
0
1
2
3
3
2
0
0
0
-1
-1
0
0
0
0
0
0
0
0
-1
0
0
0
0
0
0
-2
0
1
0
-1
1
3
1
1
0
2
1
0
-1
-1
0
0
-1
-2
-2
0
0
2
-1
-2
1
0
-1
-2
-3
-1
2
1
-1
-1
1
0
0
0
-3
1
1
0
-2
-1
0
0
1
0
-1
0
2
3
1
1
2
0
1
0
-1
0
2
4
0
0
-2
0
3
0
-2
0
0
-1
-1
0
0
0
0
0
0
-2
-1
-1
0
-2
-2
0
0
-2
1
0
-2
1
1
0
0
0
0
0
0
1
2
0
0
2
2
0
-1
1
1
0
0
0
0
0
0
1
0
0
-1
-2
-2
0
-1
-2
0
1
-1
-1
-1
-1
1
0
0
-2
0
1
-2
0
0
1
0
0
1
1
-1
0
1
0
0
0
1
2
0
-1
0
1
1
0
-2
0
1
0
0
0
0
-1
0
0
-1
0
0
0
0
-1
0
2
-1
0
0
0
0
-1
1
-1
-1
0
1
1
-2
0
1
0
0
-1
1
0
0
0
0
0
0
-1
-1
2
1
0
-1
-2
0
3
1
0
-2
0
0
1
-1
-1
0
-1
0
0
0
0
0
0
0
0
0
2
0
2
2
0
-1
-1
0
1
0
1
0
1
0
-1
0
0
-1
-1
0
-1
-3
0
1
0
-2
0
0
0
0
0
0
3
-2
-3
0
-1
0
1
1
0
0
0
0
0
0
1
0
0
0
1
0
1
0
-1
0
1
0
0
0
0
0
0
-1
-2
0
0
-1
-1
0
0
0
-1
-1
0
1
1
0
0
0
0
0
1
0
0
0
-1
0
0
0
0
0
0
-1
0
0
0
1
-1
0
0
-1
0
0
1
1
0
0
0
0
0
2
0
0
0
0
0
-1
0
0
0
0
0
0
0
-1
0
-1
0
0
0
2
0
0
0
0
0
0
2
0
0
0
-1
1
0
0
1
0
0
0
-2
0
-1
0
-1
0
0
0
0
0
0
-1
0
0
0
1
0
2
0
-2
0
0
-2
0
-1
0
1
1
-1
0
0
0
0
-1
0
0
0
0
0
0
2
1
2
1
0
0
0
0
1
3
-2
0
0
-1
0
0
0
-3
-2
0
2
2
-1
-1
0
0
0
0
2
0
1
0
-2
0
0
1
0
-1
0
-1
0
0
0
1
-2
0
2
0
0
-1
-1
-1
0
0
0
0
0
-1
0
1
0
0
1
0
-1
0
0
-2
1
1
0
0
-1
0
-1
0
2
0
0
1
0
0
0
-1
0
0
-1
0
0
0
1
0
1
1
2
0
-1
0
-2
-2
-2
-3
0
0
0
0
0
0
0
0
-1
0
0
0
0
1
0
2
1
0
1
0
0
0
0
1
0
0
0
1
0
0
0
0
0
-3
-1
0
-1
-1
0
1
0
0
0
0
1
-1
0
0
0
0
0
0
-1
0
0
0
1
0
2
1
-1
0
0
-3
0
0
-1
0
0
0
1
0
-2
0
0
0
-1
-1
0
0
3
2
1
0
2
2
2
1
2
0
-3
0
1
-2
0
-2
-4
-2
0
0
-3
0
0
-2
-1
0
0
-6
3
2
0
5
1
3
4
0
0
0
0
0
2
4
0
-4
0
-3
-2
0
-4
-3
2
-1
-1
1
-1
-1
1
-2
0
3
0
2
1
0
2
0
-1
-1
0
0
0
0
1
2
0
0
0
0
0
0
0
0
-3
-1
0
0
2
0
0
0
-2
2
1
-1
-2
0
2
-2
0
2
-1
0
1
-1
0
0
-1
2
0
0
1
0
0
0
0
0
0
-1
0
-1
0
0
-2
0
0
0
-1
-1
0
0
-1
1
1
0
0
0
0
0
0
0
-1
0
0
1
1
1
0
-1
0
2
-1
0
0
-1
-1
0
0
0
0
0
0
-1
0
0
0
0
0
0
0
0
0
-2
0
0
-1
0
1
0
0
2
0
0
0
-2
0
0
0
0
0
0
1
1
2
1
0
0
0
-1
-1
0
0
0
0
-2
0
-1
-1
0
-1
-1
0
0
0
0
0
1
1
0
0
0
0
1
0
0
1
0
-2
0
1
0
-1
0
0
0
0
1
0
0
0
-1
0
0
0
0
-3
0
0
0
0
0
-2
0
0
0
-1
0
0
-2
0
1
0
0
0
1
1
3
0
-1
0
1
0
1
0
0
0
0
1
1
0
-2
0
0
0
0
-1
0
0
0
0
-1
-1
0
-1
0
1
-1
-1
0
0
0
-2
-1
0
-1
1
0
0
0
0
1
0
1
0
0
0
-1
1
-1
0
2
-1
0
0
0
0
0
0
0
0
0
0
0
0
-1
-1
0
0
0
-1
0
1
1
0
1
0
1
1
0
0
0
0
-1
-2
0
1
0
0
0
-2
0
0
0
0
-2
0
0
1
3
0
-1
0
1
0
0
1
0
2
0
0
-1
-2
1
-2
-3
0
0
-1
-2
0
0
0
0
-1
0
0
0
0
1
3
0
0
0
2
0
0
0
0
0
0
0
-1
-2
0
0
-2
0
2
-1
-1
0
-1
0
0
0
0
1
0
0
2
0
0
0
1
0
0
0
0
0
-1
0
0
0
0
0
0
0
0
0
1
-1
0
1
0
-1
0
-1
0
0
2
0
-1
0
-1
1
2
0
0
0
0
-2
0
0
1
0
0
0
-1
1
0
0
-2
-1
-1
0
1
0
-1
0
0
0
0
0
0
0
0
-1
0
0
-1
0
0
1
0
1
1
1
1
0
-1
-2
-1
-1
0
1
2
0
-1
-1
0
0
-1
0
-2
0
0
0
2
1
1
0
0
0
1
0
0
0
1
0
-1
0
0
-1
-1
0
2
1
0
0
1
-1
0
-1
-2
0
1
0
1
1
-1
0
0
0
0
-2
-1
0
0
1
0
1
1
-3
-1
-1
-1
0
-1
-1
0
0
1
2
0
-1
0
0
0
1
0
-1
0
1
0
0
0
0
-1
0
0
0
-2
0
0
0
0
0
2
0
0
0
-2
-2
0
0
0
0
4
2
0
0
-2
-1
2
5
1
-2
-1
-1
0
0
0
0
-2
0
0
0
1
1
0
-1
0
0
0
-1
0
3
0
-1
0
0
0
2
0
0
0
0
0
0
0
0
-2
0
0
1
1
1
0
-1
-3
0
0
-1
0
0
-1
0
-2
-2
1
2
1
0
-1
-1
0
0
0
0
0
-1
0
0
0
0
0
0
0
0
0
-1
0
0
0
1
0
2
0
0
1
-1
0
0
0
0
-1
0
1
2
1
0
2
0
0
0
-1
-1
-2
-1
0
-1
0
2
2
0
0
0
-1
-3
-4
0
-1
0
2
2
2
1
1
0
0
-1
0
0
-1
0
0
0
0
0
2
3
2
0
0
-1
-2
-3
-2
0
1
1
1
0
1
2
0
0
0
-3
-2
0
1
1
0
0
0
-1
-1
1
-1
0
0
-2
0
-1
-1
1
0
0
2
0
0
3
0
0
0
0
0
0
0
-1
0
0
0
2
2
0
0
0
0
-2
-2
0
-2
-2
-1
1
0
1
3
0
0
-1
0
-1
0
0
0
0
0
0
0
0
0
0
0
0
-1
0
1
-2
-1
1
1
0
-1
0
1
1
2
1
-1
-2
0
0
1
0
-2
0
0
-1
1
3
1
0
0
0
0
0
0
0
-3
-1
1
0
0
0
0
-3
0
0
1
1
0
-1
-2
0
1
2
0
0
0
1
0
0
0
1
-1
0
0
0
2
1
0
0
2
2
1
1
-2
0
2
0
1
0
-1
-2
-1
1
-1
0
0
-1
-1
-2
0
-1
-1
-1
0
1
0
1
0
0
-1
0
1
1
0
1
2
0
0
1
-1
-1
0
0
1
0
0
0
0
0
0
-1
-2
0
0
-1
0
0
0
-1
-1
0
1
0
0
0
0
0
0
1
0
0
0
0
0
1
2
0
-1
1
1
-1
0
0
-1
0
1
0
-1
0
0
0
2
0
-2
0
0
-1
0
1
1
0
0
-1
-1
0
0
-1
0
-1
0
2
1
0
0
1
0
0
0
0
0
0
0
0
-1
0
0
0
2
0
1
2
-1
-1
-3
-2
0
0
0
2
2
0
0
0
0
0
0
-1
0
0
0
2
0
0
-4
-3
0
0
1
1
0
1
2
3
0
0
-2
-1
0
-2
0
1
0
1
0
-1
0
0
1
0
0
0
0
0
-1
-2
-1
-1
0
0
0
0
0
1
-1
-3
0
0
0
0
0
0
-1
1
0
0
0
0
1
2
1
2
1
1
3
0
0
1
-1
0
0
0
0
-2
-2
-1
0
1
0
0
0
0
-1
0
0
0
1
0
0
0
0
-3
-1
0
-1
0
0
0
1
0
2
0
1
0
0
-1
-1
2
0
0
1
0
0
0
-1
0
1
-2
-1
0
0
0
1
2
0
0
0
0
-1
0
0
-3
-1
0
0
1
3
0
1
0
0
0
1
1
-1
-2
-1
0
-1
-2
1
0
-2
-2
-1
3
0
0
2
0
0
-1
0
5
-2
-3
2
0
0
2
2
2
4
7
-1
-15
4
20
-19
-32
8
16
-14
-3
25
9
3
3
-11
3
2
-26
-3
0
-15
13
0
-23
11
16
-23
2
34
0
5
12
-21
0
4
-13
5
20
6
-15
0
-2
-22
3
8
-4
0
-5
-9
4
14
3
15
21
-10
-14
-3
-9
-2
10
-2
-6
-5
-11
-6
-3
6
15
6
-5
-1
0
-6
3
6
0
11
2
-5
2
-3
-3
2
0
-3
0
3
-4
-6
-6
-7
3
10
8
13
7
-8
-8
-5
-3
0
2
1
-6
-10
-4
0
7
6
4
1
-3
-1
0
-1
3
0
-1
4
1
0
1
-2
-2
0
0
4
3
0
0
-3
-5
-2
0
1
3
2
-1
0
-1
1
1
0
0
0
0
-2
0
0
1
2
-1
1
1
-1
-4
-3
-3
-1
4
5
3
1
1
0
-2
-2
0
1
2
-1
-2
-1
-1
0
0
0
0
0
0
0
1
0
-1
1
1
1
3
3
2
-1
0
-3
-3
0
0
-2
-1
0
1
2
2
0
0
0
0
0
1
0
-1
0
-1
0
2
0
0
0
0
-1
0
0
0
0
0
0
0
0
0
0
1
1
0
-2
1
0
0
4
0
0
0
-1
1
1
0
-1
0
0
-1
0
0
0
0
-2
-1
0
1
0
0
0
-2
-1
0
2
-2
0
0
0
0
0
2
1
2
0
0
1
0
0
0
-1
0
-1
-1
0
-1
0
0
1
0
0
0
0
0
0
0
0
0
0
0
0
0
0
0
0
0
0
0
0
0
0
-1
0
1
0
1
-1
-1
1
-2
1
0
0
1
-1
-1
-2
-1
0
1
2
0
1
2
0
0
0
0
0
0
0
0
-1
-1
2
1
2
2
0
0
0
-2
-5
-2
0
0
0
1
0
0
0
0
-1
0
0
1
0
0
0
-1
0
2
1
0
0
0
-1
-2
0
0
0
1
3
1
-1
0
1
0
0
1
0
0
0
0
0
-1
0
-1
-1
0
-1
0
0
0
0
-2
-1
0
0
0
0
0
0
0
2
2
0
1
1
0
-1
0
0
0
0
2
0
0
-1
0
-1
0
0
-1
-1
0
-1
0
0
-1
0
0
3
-1
-3
-1
0
1
1
2
1
0
-1
0
1
1
0
-1
-1
-1
1
1
-1
0
0
0
0
-1
-2
0
0
0
1
-1
1
0
0
0
0
0
0
0
0
0
0
0
-2
0
2
-2
0
1
-2
0
2
-1
-1
1
0
0
1
-1
0
0
0
0
0
-2
0
0
-2
3
1
-1
0
1
0
0
0
0
0
0
0
0
0
0
0
-1
1
0
-1
1
0
-1
1
0
0
0
-1
0
0
0
-1
0
0
-1
0
-1
0
0
0
1
0
0
0
0
0
0
0
0
0
-1
-1
0
0
0
0
0
0
0
-1
1
0
-1
2
0
0
0
-2
0
-2
0
1
-1
0
2
0
0
0
0
1
0
0
1
0
-1
0
3
-1
0
0
0
1
-2
0
0
-1
0
0
0
0
0
0
1
0
-1
-1
0
0
0
0
-2
-2
1
1
-1
-1
2
1
0
3
0
0
-1
0
0
-1
-1
0
1
0
1
0
0
0
0
1
0
0
0
-1
1
0
0
1
0
0
0
-1
0
0
-2
-1
0
-2
0
0
0
0
0
0
0
0
0
0
0
1
1
0
0
0
0
1
1
1
2
0
-1
0
0
-1
0
0
0
-1
0
1
0
0
0
0
0
-1
0
0
0
1
0
0
0
-1
0
0
-2
0
0
0
-1
0
-1
-3
1
0
-1
1
0
0
2
0
-1
0
0
1
0
0
0
2
0
0
1
-2
0
0
1
0
1
0
0
1
-2
0
0
0
0
-1
0
-1
0
-1
-1
0
0
0
0
0
0
0
1
3
1
0
1
0
0
0
-1
-1
-1
1
0
1
-2
0
0
0
1
0
0
2
1
0
0
1
-2
0
0
-1
-1
-3
0
0
-1
0
0
0
1
1
-1
0
0
-1
0
0
0
0
0
0
0
2
0
1
0
-1
1
-2
0
0
0
1
1
0
0
0
0
0
0
0
0
2
2
1
-1
0
-1
0
0
0
0
0
0
1
-1
0
0
-1
-1
0
0
-1
-1
0
0
0
0
0
0
-1
0
0
1
1
1
2
0
0
0
0
0
-2
0
1
0
0
-1
0
0
-2
-1
0
1
1
0
1
0
0
0
-1
0
0
2
0
0
-1
0
0
0
0
0
0
0
0
0
1
0
0
0
0
2
1
0
0
-1
0
0
-1
-1
-1
0
0
-1
-2
-1
1
1
0
-2
0
1
1
0
0
0
1
2
0
-1
1
0
0
0
0
0
0
0
-2
0
0
0
0
0
0
0
2
0
1
0
0
1
-1
-2
0
0
0
-1
-1
-1
0
0
-1
0
0
0
-1
1
-1
0
3
0
0
1
1
2
-1
0
1
0
0
0
0
1
0
0
0
-2
1
0
-1
0
0
0
-1
-1
0
-1
-1
1
0
1
0
0
0
-1
0
0
0
0
2
0
-1
0
0
1
-1
-1
0
2
1
0
0
0
0
0
-1
0
1
-1
-1
-1
0
-1
0
0
1
1
-2
-1
0
0
-1
0
0
-2
-1
0
0
0
-1
1
4
0
0
0
0
0
0
0
-1
0
1
0
2
1
0
-1
0
0
0
1
-1
0
1
1
0
-1
-1
1
0
-1
0
0
0
0
0
0
0
0
0
0
0
-1
0
2
-2
-1
0
0
1
0
0
0
1
1
0
0
-2
-1
2
0
0
0
-1
0
0
-2
0
0
0
0
-1
0
0
0
0
0
-1
-1
0
0
0
0
0
0
0
0
1
0
0
2
0
0
-1
0
0
0
0
0
0
0
0
0
0
0
1
0
-1
-1
0
0
0
1
0
0
-2
-2
0
0
0
1
-1
1
0
0
2
0
0
0
0
-1
1
0
0
1
-1
1
0
0
-1
-2
0
2
0
-1
0
-2
1
1
0
0
0
0
0
-1
-1
0
0
0
0
2
1
0
-1
1
0
1
0
0
1
1
-2
-2
-1
0
1
1
0
0
0
-1
0
0
0
0
-1
-1
1
0
0
-1
3
0
-3
-1
-1
-1
0
0
0
0
0
1
1
0
0
0
0
0
0
0
2
2
0
0
0
1
-1
0
0
0
1
0
-1
0
0
0
0
-1
0
2
0
0
0
-1
-1
0
0
-1
0
1
1
0
0
1
0
0
-1
-2
-1
1
0
0
0
0
0
0
-2
0
0
-1
3
0
0
1
0
-1
0
-1
0
0
0
0
0
0
0
0
0
0
0
0
0
1
-1
0
-2
0
0
0
0
-1
0
0
0
1
0
0
0
0
-1
0
0
0
1
0
-1
0
0
0
-1
0
0
1
1
0
0
0
1
0
0
0
1
-1
-1
-1
0
-1
-1
-1
0
0
1
1
0
0
1
0
0
-1
1
1
-1
0
0
0
1
-2
-1
0
0
-1
0
1
1
0
0
0
0
0
1
0
0
0
-2
0
1
0
0
1
0
0
0
0
0
0
0
0
1
1
0
-1
1
-1
0
1
0
0
0
0
0
0
1
1
0
-1
0
-1
-1
0
0
0
2
2
0
0
1
1
2
2
0
0
-1
-3
0
-1
-2
-1
-1
0
0
-3
-1
0
0
-1
-1
0
1
3
2
3
3
0
1
0
0
1
0
1
0
0
0
0
-1
0
0
-1
0
-1
-2
0
1
1
0
-1
0
-1
0
0
0
0
1
2
0
0
2
0
-1
0
0
0
1
1
0
-1
0
0
-1
-1
-1
-1
0
0
1
1
0
0
0
0
0
0
0
0
0
0
0
0
-1
0
0
0
1
-1
0
1
1
-1
0
1
0
0
0
0
0
0
0
1
0
0
-1
0
-1
0
0
0
-1
0
0
0
1
1
2
0
-2
0
-1
0
2
0
0
0
0
0
-2
0
0
-1
0
0
0
-1
-2
-1
0
0
0
1
0
0
0
0
0
0
0
1
0
0
2
0
1
0
1
0
-1
-2
0
2
-1
-1
-1
-2
0
1
1
0
-1
0
0
0
1
0
0
0
0
0
0
2
0
-2
0
0
0
1
0
0
-1
-1
0
0
0
1
1
3
1
0
-1
-3
-1
0
0
0
1
3
1
0
-1
0
-1
-3
0
1
1
1
0
-1
-1
-2
0
-1
-1
0
0
0
0
1
1
-1
-1
-2
-2
0
-1
0
-1
0
1
2
0
0
0
0
1
1
1
1
2
0
1
0
-2
0
0
0
0
-2
-3
-1
0
2
0
-1
0
0
0
0
0
0
0
0
0
0
-1
0
1
1
0
-1
0
2
0
-1
-2
0
1
0
1
1
1
0
0
0
-1
0
1
-1
1
0
-1
-1
0
0
0
-1
0
2
1
-1
-1
0
0
0
1
2
-1
0
-2
0
0
0
0
0
0
-1
0
0
0
0
2
0
0
0
-1
0
0
0
-1
-1
0
-1
-1
0
1
0
0
0
0
2
1
0
0
0
0
0
0
1
1
0
0
0
0
0
0
0
1
0
0
0
0
1
0
0
2
0
0
0
0
0
0
0
-1
-2
-2
-2
-1
0
2
0
0
0
0
2
0
0
0
-1
0
0
-1
0
1
1
0
0
1
0
0
0
1
-1
-2
0
0
-2
0
0
-1
0
2
0
1
-1
-1
0
0
1
1
0
-1
0
-1
0
0
0
0
-1
-2
0
2
-1
-1
1
-2
0
1
0
0
-1
1
0
0
2
0
0
2
0
1
1
0
1
0
0
0
0
0
-2
0
0
0
-1
-2
0
-1
-1
0
-1
0
-1
-1
0
0
0
0
2
0
-1
0
0
0
0
0
1
-1
-1
1
0
0
1
2
1
2
0
0
1
0
0
0
0
0
0
0
0
0
0
-2
-2
0
-2
0
0
0
0
-1
0
0
0
0
0
-1
0
0
-1
0
-1
-1
-1
0
0
0
1
0
-1
-1
1
0
-1
0
1
2
4
0
1
5
5
3
1
0
2
1
0
-2
-2
-2
-4
-3
-6
-3
-2
-3
-4
-3
0
-1
-3
0
-1
1
3
1
5
5
4
6
6
7
7
5
2
1
-1
-4
-2
-4
-4
-4
-5
-6
-8
-5
-4
-3
-3
-6
-1
0
2
1
0
2
3
3
8
4
4
7
5
4
1
1
0
1
1
0
-2
-3
-1
-4
-2
-2
-1
-1
0
0
1
0
-1
-1
0
1
0
0
0
0
0
-4
-2
0
-1
-3
0
1
-3
0
1
-4
0
2
0
2
2
1
2
1
2
1
1
1
1
2
0
0
0
1
0
0
0
0
-3
-3
0
0
0
0
2
1
-3
-1
0
0
-1
0
0
2
2
0
0
-2
-2
-1
0
0
0
-1
0
-1
-2
0
1
0
0
1
3
-1
-3
0
0
0
0
0
2
0
0
-1
-2
-1
-1
1
0
1
0
0
0
0
0
-1
0
1
1
2
2
0
0
0
0
0
1
0
2
1
0
0
0
0
-1
-1
0
-1
-1
0
-1
-1
0
-2
-1
0
1
0
1
3
2
0
0
0
0
1
-1
0
0
0
-1
-1
0
-1
-2
-2
0
0
0
0
-1
0
0
-1
1
2
2
1
2
0
-1
0
0
1
1
1
0
0
0
0
0
-1
-2
-2
-2
0
0
-1
0
1
1
2
1
3
3
1
1
-1
-2
-1
0
1
1
1
0
0
0
0
-1
-1
-1
-1
-1
0
0
0
-1
0
0
-1
-1
-3
0
0
0
0
0
0
1
2
0
0
1
0
0
1
0
-1
0
1
0
0
-1
0
-1
1
3
-1
-2
0
0
0
0
0
0
-1
0
-1
-1
0
0
0
-1
0
1
0
-1
-2
0
-2
-1
0
0
0
1
1
1
-2
-2
1
-1
0
2
1
1
-1
0
2
0
0
0
0
-1
-1
0
0
0
1
2
2
0
-1
2
2
0
0
-2
0
-1
-2
0
-2
0
1
-1
0
0
0
0
2
0
-1
0
0
0
0
0
0
0
0
2
2
1
1
0
1
0
-1
0
-1
-2
0
0
0
-1
0
1
0
0
0
0
0
0
0
0
-2
-2
-1
1
1
0
1
1
0
0
0
1
0
0
0
0
0
0
0
0
1
0
3
1
-1
1
0
0
0
-1
0
0
-1
0
-1
0
-1
-1
-2
-3
-1
0
0
0
0
0
0
1
0
0
0
3
2
-1
0
0
0
1
1
0
-1
0
-1
0
1
0
0
0
1
1
0
-1
-2
0
3
0
0
-1
0
0
0
0
0
0
-1
-2
0
2
0
-1
0
0
0
-1
-1
-1
0
2
-1
0
1
0
0
0
0
-1
-1
0
-1
0
1
-1
-3
0
2
0
0
1
0
1
0
0
2
0
1
1
3
2
0
0
0
-1
0
0
0
1
0
-1
0
0
-3
-3
-1
0
0
0
-1
-1
0
-1
0
1
0
-1
-2
-1
0
0
0
2
0
-1
0
0
0
0
1
0
0
1
0
-1
0
0
0
0
0
0
0
0
0
1
1
1
0
-1
0
0
-1
0
1
0
0
-1
0
1
0
0
1
2
0
-1
0
0
1
-1
0
0
-1
0
0
0
1
-1
0
0
0
0
0
-1
0
2
0
-2
0
0
0
0
0
1
0
0
0
-1
-1
0
-1
0
2
0
0
1
0
0
0
1
0
0
0
0
0
-1
-1
-2
0
-1
0
0
0
0
-1
1
0
0
0
0
-1
0
-1
-4
0
1
0
1
0
1
0
0
1
0
0
0
-1
0
0
1
-1
0
1
0
0
0
3
0
0
0
0
0
-2
0
-1
0
0
0
-2
-1
1
-1
1
0
1
0
0
0
-2
0
0
1
0
-1
0
0
1
0
1
0
0
1
1
1
0
0
-1
0
1
-1
0
0
0
0
1
0
-1
0
0
0
0
1
0
-1
-1
-1
0
0
0
-1
0
0
0
0
0
1
1
2
0
0
0
0
0
1
-1
0
0
-1
0
0
0
2
-1
-1
0
0
0
-1
0
0
0
0
0
0
1
1
1
1
-1
1
1
0
-1
0
2
1
0
0
0
0
0
3
0
-2
0
0
-1
1
2
-1
-1
0
0
0
0
1
-2
-2
0
-1
0
-1
-4
-3
-1
0
0
1
0
0
0
0
2
2
2
1
0
1
1
0
1
0
1
0
1
2
1
-1
-2
0
0
0
-1
-2
-1
0
-1
-2
0
1
0
-2
-1
2
1
-2
-2
1
2
0
0
0
2
2
0
0
0
0
-1
0
0
0
-1
1
1
-1
0
0
0
2
-1
-2
1
0
0
-1
-3
-1
0
0
2
1
1
1
0
0
0
0
-2
-1
-1
1
2
2
0
-2
0
0
-1
0
0
0
0
0
0
0
1
0
-1
0
-1
0
-2
1
3
0
0
0
-1
0
0
-2
1
1
3
1
0
0
-2
0
0
-1
0
0
0
1
1
-3
0
-2
-3
-1
0
1
0
0
-1
0
1
0
1
0
2
0
0
1
0
0
0
-1
1
1
0
0
-1
-1
2
2
0
-1
0
0
1
0
-2
1
1
1
0
0
-1
0
0
0
-2
-1
0
0
-1
-1
-2
0
0
-1
0
1
0
0
1
0
0
2
1
0
1
1
1
2
1
0
2
2
-1
0
-2
0
0
-1
-2
0
1
-1
0
0
-1
0
0
0
-1
1
0
0
0
-1
-2
-1
0
-1
0
0
-2
-1
0
0
-1
-1
-1
-1
1
3
3
1
1
0
0
2
0
0
2
0
1
0
3
0
-1
0
0
1
0
1
-1
-1
0
-1
-2
0
-1
-2
0
0
0
0
1
-2
-2
0
0
0
0
-2
0
0
0
0
0
0
0
1
0
0
1
0
2
1
0
0
2
2
-1
0
0
0
0
1
0
-2
-1
0
0
-1
-3
-1
-1
-1
0
0
0
0
0
0
0
0
0
0
1
2
0
-1
1
0
-1
-1
0
0
0
0
1
0
0
0
0
0
1
0
1
1
1
-1
-1
0
0
0
-1
-1
-2
-2
-1
1
0
0
0
-1
0
0
0
0
2
1
1
3
1
0
1
2
0
1
-1
-2
1
0
-1
0
-2
-1
-1
-1
-1
0
0
0
-1
0
0
-1
0
2
1
0
0
2
2
0
0
0
-1
-2
0
0
0
0
0
-2
-1
0
0
0
1
1
1
0
0
-1
-1
0
0
0
0
0
1
1
-1
1
0
-1
-1
-1
0
0
0
0
0
1
-2
-1
1
-1
0
1
0
0
-1
0
1
1
0
-1
2
2
0
0
0
0
0
2
0
0
0
-3
0
-1
-2
0
1
-1
0
-1
-1
2
0
0
-1
0
0
-2
1
0
0
0
0
0
0
0
-1
0
2
-1
0
0
-1
-1
1
0
0
2
1
0
1
0
0
0
1
0
0
-1
-1
0
0
0
0
0
0
-1
-2
1
1
1
1
-2
-1
0
0
0
1
0
1
1
0
0
0
-3
-1
0
-1
0
1
0
1
0
0
0
1
0
0
0
0
0
-1
-1
0
0
1
0
-1
1
0
0
-1
0
0
0
1
0
-1
1
-2
0
1
0
-1
1
1
0
0
0
1
2
0
0
0
2
-1
-2
0
0
0
-1
0
2
0
0
-1
0
3
-2
-2
0
0
0
0
0
1
0
-2
-1
0
0
0
0
-2
0
0
-2
0
0
-3
0
1
1
3
1
0
2
0
-1
0
-1
0
0
0
0
2
1
0
-1
0
-1
0
1
0
2
1
0
0
-2
0
0
0
0
0
2
0
-1
-2
-3
0
0
0
2
2
0
0
2
0
1
1
0
0
-1
0
0
1
0
-3
-1
0
0
-2
0
0
0
-1
-1
-2
-1
-1
1
1
0
0
1
1
0
0
1
3
1
0
0
-2
0
0
-3
-1
0
2
1
-2
-1
0
-1
1
1
1
2
2
0
0
1
1
0
-1
0
0
-3
-1
-2
-2
0
0
0
-2
-2
2
0
0
2
0
0
0
0
0
0
0
-2
-2
1
0
0
0
1
2
0
-3
1
2
0
0
0
0
3
0
-3
0
1
0
-2
0
0
-1
0
0
-1
0
0
-3
-2
0
0
0
-1
-1
2
0
0
1
1
0
2
1
0
2
0
-1
1
0
-2
0
0
0
0
0
-1
0
0
-1
1
1
0
0
0
0
2
1
0
0
0
-1
0
0
1
2
-3
-2
-1
-2
-1
0
0
-3
-3
-1
-1
0
0
-1
0
0
0
0
1
0
0
0
1
1
0
4
1
0
3
2
1
0
0
1
1
0
0
0
-1
-2
0
1
0
0
0
0
2
1
0
1
-2
0
2
0
0
1
-1
-1
0
-2
-3
-3
-1
0
-2
-1
-1
0
0
0
0
0
3
0
-1
0
0
1
2
0
0
0
-2
1
0
-1
0
-1
1
1
0
0
2
2
2
1
4
1
0
3
1
0
0
0
0
-1
-1
-5
-5
-1
-3
-4
-4
-2
-3
-2
-2
-1
0
-1
3
1
0
2
2
4
3
3
3
4
3
3
2
1
1
-1
0
0
0
-1
-1
-1
-4
-3
0
-2
-3
-2
-1
-3
-1
0
0
3
1
1
4
2
0
1
2
0
0
1
-1
-1
-1
1
-1
-2
1
1
0
0
0
0
0
0
0
0
3
0
2
1
0
0
0
0
0
-2
-2
-2
-3
-4
-4
-3
-4
-1
0
0
0
0
1
2
2
2
2
3
0
0
0
0
1
0
0
0
0
0
-1
0
0
2
2
0
0
1
1
0
1
0
1
2
0
0
0
-2
-2
0
-2
-5
-3
-1
-1
0
-2
-4
-2
-4
-4
-1
-2
-3
-1
0
0
3
5
3
7
10
8
10
6
5
5
3
3
2
0
-1
0
-3
-1
-2
-6
-4
-5
-5
-7
-4
-7
-4
-4
-4
-2
-3
-2
-1
0
1
-1
0
2
1
2
0
2
2
0
1
2
3
3
1
1
4
2
1
1
1
1
2
0
1
0
-2
-1
0
-1
-1
-1
-2
-3
-2
-3
-1
-1
-1
0
0
-1
-2
-4
-1
0
-2
1
2
2
2
1
0
0
-1
-1
3
3
1
2
1
3
2
2
0
2
3
0
0
1
-1
0
0
0
1
0
-5
-3
-1
-1
0
-5
-6
-3
-1
0
0
-2
-2
-2
0
1
0
1
0
1
4
2
2
3
1
0
-1
-1
0
2
1
1
1
2
0
1
3
0
-1
-1
-4
0
2
-1
-2
-1
-1
0
0
0
1
0
-1
0
0
0
-3
-4
-4
0
0
-2
0
0
-1
0
1
1
1
1
1
0
-1
0
0
0
1
0
0
0
0
0
0
1
2
0
1
1
0
1
0
0
0
2
0
0
0
0
0
-2
0
0
0
0
-3
-1
1
0
0
0
0
-1
0
0
0
0
-1
-2
0
0
-1
1
1
0
0
0
0
0
0
0
0
0
1
0
0
0
0
0
0
0
0
2
1
1
0
0
0
-1
0
0
0
0
0
1
0
0
-1
-1
0
0
-1
0
0
0
0
0
0
1
0
0
0
-1
-2
1
1
-1
0
0
0
0
1
0
0
0
1
3
0
0
1
0
0
0
0
1
0
-1
0
-2
-1
0
0
-2
-4
1
1
0
0
0
0
-3
-1
0
0
0
1
0
0
0
0
3
2
2
0
0
0
0
0
2
0
-1
-2
-1
-1
-2
-1
-1
-1
-2
0
0
0
0
-1
0
1
0
0
1
2
0
0
2
0
-1
0
1
0
1
1
0
2
0
-1
0
-2
-1
0
2
0
-2
-2
0
-1
-3
0
0
1
0
1
0
-3
-2
-1
0
1
2
0
0
0
1
0
0
0
1
2
0
0
0
0
1
2
0
1
-1
-1
0
0
0
0
-1
-2
-1
-1
0
0
0
0
-1
0
1
-1
1
0
0
1
1
1
0
1
0
0
0
0
1
0
0
0
0
-3
-1
0
0
0
-1
-1
0
1
0
-1
-1
-2
-1
0
1
0
0
0
-3
1
1
0
2
2
1
2
4
3
2
2
1
2
1
3
2
0
2
0
-1
-1
-2
-2
-3
-4
-2
-5
-5
-3
-3
-5
-1
-2
-1
0
-1
0
0
2
0
0
3
2
2
3
1
2
-1
2
4
0
0
2
2
0
0
0
0
-2
-1
0
0
0
-1
0
0
0
0
1
0
-1
0
-1
0
0
0
1
1
0
0
-1
-2
0
1
-1
-2
0
-1
0
-1
0
0
0
0
0
3
1
1
2
0
-1
0
0
0
1
0
1
0
-1
0
-1
-2
0
0
-2
0
0
-1
1
0
0
0
-1
1
0
0
0
0
0
-1
0
0
0
1
0
0
-1
0
0
-1
2
0
0
1
1
0
0
0
0
0
-1
-2
0
0
1
1
-1
-1
0
0
0
-1
0
1
0
0
0
1
0
-1
-1
1
1
1
1
0
1
0
0
0
2
2
0
0
2
0
-1
0
1
0
-1
-1
-1
-1
0
-1
0
0
0
0
0
0
0
-1
-1
0
0
0
0
-1
0
1
0
-1
0
0
-1
-1
0
0
0
1
0
1
1
0
0
0
1
0
0
0
0
0
0
-1
0
0
0
1
0
0
1
1
-2
-2
1
0
0
-2
-2
-1
-1
-1
0
0
0
0
2
1
-1
0
2
3
1
0
1
2
2
-1
-1
0
-2
0
-1
0
0
0
-2
-2
0
1
0
0
0
0
1
-1
-1
0
-2
0
0
0
1
-1
0
1
1
3
0
-2
2
-1
0
1
0
0
3
1
0
1
0
1
2
0
0
1
0
-4
0
0
-3
0
-2
-2
0
-3
-2
0
-2
-3
-1
0
-3
-2
0
2
0
0
0
0
0
1
0
0
2
0
1
1
1
1
4
3
0
2
1
2
1
1
2
0
1
1
-1
-1
-2
-1
1
0
-1
-3
-3
-2
-1
0
-2
-2
-2
0
0
-2
-2
0
0
0
0
-1
0
2
1
0
0
0
-1
0
1
1
0
0
0
3
3
1
1
0
2
0
1
3
0
-2
-2
0
0
-1
-1
-1
0
-2
-1
0
0
-1
-1
1
1
0
0
0
0
0
0
-1
0
1
0
1
2
0
1
0
0
2
1
0
0
0
0
-1
0
0
0
1
-2
0
0
-1
-1
0
1
0
-3
-1
1
1
0
-2
-1
0
1
0
-1
-1
0
0
0
0
0
0
0
0
0
2
1
0
1
2
1
0
0
1
2
0
0
0
0
0
0
-1
0
0
0
-1
-1
0
0
0
1
-1
-1
0
0
-1
0
0
0
1
0
0
-1
0
0
0
-1
-1
2
0
1
3
0
1
0
0
-1
0
0
0
1
0
-1
0
0
0
-1
0
0
-1
0
1
0
0
-1
0
0
1
0
-1
0
-2
-1
1
1
1
0
0
1
0
2
1
0
-1
0
0
0
0
0
0
1
0
0
0
0
-1
-1
0
0
0
-1
0
0
0
0
0
1
0
-1
-1
0
0
0
0
0
0
0
0
0
0
0
0
1
2
0
-1
0
-1
-1
0
0
1
0
-1
0
1
1
0
0
0
0
-1
0
0
-1
-1
0
0
0
0
0
1
0
-1
-2
0
-1
0
0
0
0
0
0
0
1
0
0
0
0
0
0
1
0
0
0
0
0
0
-1
-1
0
1
1
1
0
0
1
2
0
-1
1
0
0
0
-2
-2
-2
-2
0
0
0
1
2
0
0
0
0
0
-1
0
1
0
-1
-1
0
0
0
0
-1
-1
0
2
0
0
1
0
-1
-1
-1
-2
-1
1
1
0
0
3
3
0
0
0
1
-1
0
-1
-1
0
0
0
0
-1
0
0
-1
-1
-1
0
0
0
0
0
1
0
0
0
0
0
0
0
0
0
0
-1
2
0
1
2
0
-1
0
0
0
0
0
0
0
0
-2
-1
-1
0
2
0
0
0
0
0
-1
0
0
-2
-2
0
1
0
0
0
0
0
0
1
0
0
1
1
1
0
-1
0
1
0
2
2
2
0
-2
-2
0
0
-1
-1
1
0
0
0
0
-1
0
0
-1
0
0
0
0
0
0
-1
0
0
-2
1
2
-1
0
0
0
0
0
0
1
0
0
0
0
0
1
0
0
1
0
0
0
0
0
0
0
0
0
-1
-1
0
0
-1
0
-1
0
0
-1
0
1
0
0
0
0
0
0
0
-1
0
0
0
2
1
2
0
2
1
1
0
-1
2
0
-1
0
0
0
0
0
0
0
0
0
-1
-2
-2
2
0
-1
-1
-1
0
0
-1
0
-1
0
1
0
0
0
0
1
0
0
2
1
0
0
2
1
3
1
0
0
2
2
0
-1
0
0
0
0
0
0
0
-2
-2
-1
0
0
0
0
-2
1
0
-2
0
-1
-1
0
0
0
0
0
0
1
0
-1
0
1
1
2
2
1
0
2
1
0
0
-1
-1
2
1
0
0
0
-1
1
-1
-1
0
0
-1
1
0
0
1
0
-1
0
0
0
-1
-3
0
0
0
0
-2
0
1
0
0
-3
-1
0
-1
0
0
1
1
2
0
0
2
0
-1
0
0
0
2
1
1
0
1
0
0
-1
0
1
0
-1
0
0
0
0
-3
-1
1
0
0
1
0
0
1
0
-1
0
-1
0
0
0
1
0
0
1
0
-2
0
0
-1
0
0
0
0
0
-1
0
-1
0
0
0
0
0
0
0
1
0
-1
0
0
0
1
0
0
0
0
0
0
0
0
1
2
0
-1
0
-2
0
0
-1
1
1
-1
1
0
-3
0
0
0
0
0
0
1
0
-1
0
-1
0
2
1
1
0
0
-1
0
1
1
1
0
-2
0
0
0
0
0
1
0
3
1
-1
-1
-2
0
-1
-1
-1
-1
-1
0
5
2
0
0
0
0
-1
1
2
-2
0
0
1
0
-2
-2
-1
2
1
0
-1
-5
-2
4
1
-5
0
9
4
-10
-6
14
11
-17
-21
20
25
-18
-39
10
50
-4
-50
7
50
-4
-44
4
33
0
-20
-18
7
29
1
-32
-7
34
9
-38
-7
51
-10
-51
37
40
-57
-17
72
-8
-53
25
21
-27
5
1
-32
25
34
-42
-9
43
-7
-18
16
-11
-15
18
-4
-11
12
-14
-3
29
-13
-24
36
11
-40
11
28
-15
-9
6
-8
3
7
-11
9
20
-15
-9
21
-3
-21
7
0
-16
13
12
-21
3
27
-12
-18
17
1
-17
10
7
-18
0
9
-4
0
1
-6
3
7
-8
-3
4
-4
2
1
-12
-2
21
3
-21
8
17
-5
-4
1
-4
5
6
-14
0
9
-9
2
13
-14
-3
22
-4
-18
9
3
-9
4
3
-9
4
7
-11
-2
7
-2
-3
4
0
-4
5
-4
-9
7
1
-4
3
1
-4
8
1
-13
8
7
-12
2
9
-8
-2
11
-1
-6
8
2
-4
3
-3
-5
11
-5
-12
9
6
-11
10
6
-10
8
4
-14
8
7
-11
5
5
-11
-3
4
0
2
-27
-12
30
17
-13
8
-3
-9
18
0
-27
-1
0
-13
12
9
-15
-1
3
-5
16
11
-4
2
0
-8
13
3
-20
0
10
-6
-1
5
-4
-4
4
4
3
0
4
4
-1
-4
0
0
-2
-1
-5
0
0
-1
1
0
-4
0
0
-3
3
5
-1
2
1
-1
3
2
0
0
0
1
5
-2
-5
1
0
-2
4
4
-3
0
4
0
-2
-4
-4
-4
-1
-2
-2
-1
0
5
2
0
0
0
-1
0
-2
0
0
0
2
0
1
3
0
1
0
-2
-4
-1
0
0
2
4
1
1
2
0
-1
-1
-2
-2
-2
-1
0
0
-2
1
2
0
0
0
0
0
3
0
-1
1
-1
0
0
0
-1
0
0
-1
0
1
1
0
1
0
0
0
-2
-2
1
2
-1
-1
2
0
-1
2
-1
-2
1
0
-2
-1
-1
0
2
3
0
2
1
-1
-1
-1
0
0
1
-1
-1
0
0
0
0
0
0
0
1
-2
0
2
2
1
0
-3
-2
0
-1
0
-1
0
1
0
0
1
2
1
3
0
-1
0
-1
-1
-1
0
0
-1
0
-2
0
0
0
-1
0
0
0
0
2
1
0
4
1
1
0
0
-2
-1
-1
0
0
0
-1
-1
0
1
0
0
0
-1
1
0
-2
0
0
0
0
0
0
1
2
2
2
1
-1
-3
1
1
0
0
0
0
0
-1
1
-2
-1
0
-1
0
0
1
0
1
0
0
-1
0
0
2
1
-1
0
0
-1
0
0
0
1
1
1
0
0
-1
0
0
-2
0
0
0
0
0
1
2
2
-3
-1
0
0
0
-1
-1
0
1
0
-1
0
