0
0
0
0
0
0
0
0
0
0
0
0
0
0
0
0
0
0
0
0
0
0
0
0
0
0
0
0
0
0
0
0
0
0
0
0
0
0
0
0
0
0
0
0
0
0
0
0
0
0
0
0
0
0
0
0
0
0
0
0
0
0
0
0
0
0
0
0
0
0
0
0
0
0
0
0
0
0
0
0
0
0
0
0
0
0
0
0
0
0
0
0
0
0
0
0
0
0
0
0
0
0
0
0
0
0
0
0
0
0
0
0
0
0
0
0
0
0
0
0
0
0
0
0
0
0
0
0
0
0
0
0
0
0
0
0
0
0
0
0
0
0
0
0
0
0
0
0
0
0
0
0
0
0
0
0
0
0
0
0
0
0
0
0
0
0
0
0
0
0
0
0
0
0
0
0
0
0
0
0
0
0
0
0
0
0
0
0
0
0
0
0
0
0
0
0
0
0
0
0
0
0
0
0
0
0
0
0
0
0
0
0
0
0
0
0
0
0
0
0
0
0
0
0
0
0
0
0
0
0
0
0
0
0
0
0
0
0
0
0
0
0
0
0
0
0
0
0
0
0
0
0
0
0
0
0
0
0
0
0
0
0
0
0
0
0
0
0
0
0
0
0
0
0
0
0
0
0
0
0
0
0
0
0
0
0
0
0
0
0
0
0
0
0
0
0
0
0
0
0
0
0
0
0
0
0
0
0
0
0
0
0
0
0
0
0
0
0
0
0
0
0
0
0
0
0
0
0
0
0
0
0
0
0
0
0
0
0
0
0
0
0
0
0
0
0
0
0
0
0
0
0
0
0
0
0
0
0
0
0
0
0
0
0
0
0
0
0
0
0
0
0
0
0
0
0
0
0
0
0
0
0
0
0
0
0
0
0
0
0
0
0
0
0
0
0
0
0
0
0
0
0
0
0
0
0
0
0
0
0
0
0
0
0
0
0
0
0
0
0
0
0
0
0
0
0
0
0
0
0
0
0
0
0
0
0
0
0
0
0
0
0
0
0
0
0
0
0
0
0
0
0
0
0
0
0
0
0
0
0
0
0
0
0
0
0
-1
-3
-3
-4
-7
-7
-9
-9
-10
-12
-12
-12
-14
-14
-15
-17
-17
-19
-20
-20
-22
-22
-20
-19
-18
-13
-8
-1
5
10
18
27
37
45
51
59
66
72
76
78
76
69
63
53
37
21
2
-15
-33
-51
-64
-76
-83
-88
-87
-83
-79
-67
-55
-42
-28
-16
-3
7
14
19
19
18
16
12
9
6
0
-1
-5
-6
-6
-5
-2
0
2
5
10
15
22
23
37
26
-2
0
0
0
1
-2
26
48
44
46
44
41
36
29
20
10
2
-7
-17
-27
-34
-40
-43
-45
-47
-44
-41
-37
-30
-20
-14
-4
3
10
15
17
20
19
16
12
7
2
0
-3
-5
-6
-7
-5
-4
0
2
6
12
18
21
24
30
32
32
32
29
25
20
12
2
-5
-12
-21
-28
-38
-43
-43
-47
-46
-43
-41
-38
-30
-26
-19
-9
-2
4
10
16
23
30
34
39
40
40
39
36
33
29
19
11
3
-5
-11
-15
-19
-24
-22
-23
-20
-17
-13
-10
-9
-5
-5
-1
1
2
3
4
5
8
11
9
8
6
6
5
5
5
6
6
10
16
16
21
22
21
21
17
12
8
1
-4
-10
-18
-24
-32
-35
-37
-40
-42
-42
-40
-36
-29
-23
-17
-10
-6
1
9
15
21
24
27
30
31
28
24
17
13
7
-1
-6
-10
-13
-17
-18
-16
-12
-8
-3
1
8
16
21
22
27
31
30
28
27
22
17
10
3
-5
-14
-19
-27
-37
-42
-45
-45
-42
-39
-33
-24
-17
-7
4
13
23
31
35
41
45
45
43
37
29
22
14
5
-3
-12
-22
-27
-35
-43
-49
-52
-54
-50
-44
-37
-32
-23
-12
0
9
18
25
34
40
44
46
43
45
42
39
35
31
26
20
14
7
1
-4
-10
-17
-21
-24
-27
-29
-29
-29
-31
-27
-26
-24
-20
-15
-14
-11
-10
-8
-5
-3
-1
0
5
10
11
17
19
24
27
28
30
32
31
31
31
27
24
22
15
8
5
0
-6
-8
-14
-18
-20
-23
-25
-25
-24
-25
-21
-19
-17
-14
-12
-7
-5
-3
0
0
3
3
3
3
4
4
2
5
2
3
3
0
0
-1
-1
-1
-3
-1
0
0
1
6
6
8
9
10
10
9
6
4
0
-2
-6
-11
-14
-17
-21
-24
-23
-21
-18
-14
-9
-4
1
7
15
22
28
31
35
36
36
35
30
22
15
7
0
-11
-17
-25
-32
-37
-40
-44
-44
-41
-39
-34
-26
-18
-9
-1
4
11
19
24
29
31
35
35
35
32
31
29
25
20
17
12
8
2
-4
-7
-11
-14
-17
-20
-19
-19
-22
-18
-16
-18
-17
-15
-14
-12
-7
-3
-3
-2
3
5
5
6
4
1
0
0
-1
0
0
0
0
-1
0
-3
-2
0
-2
-3
-3
-3
-6
-7
-6
-5
-5
-3
-4
0
4
6
10
13
17
22
22
24
25
24
22
23
21
20
16
12
6
2
-1
-8
-13
-17
-20
-23
-26
-25
-23
-20
-16
-14
-10
-4
1
4
8
11
11
13
12
14
11
9
8
2
-1
-6
-11
-11
-13
-17
-18
-22
-20
-18
-15
-11
-6
0
4
12
16
19
23
24
22
20
19
17
13
7
1
-6
-9
-13
-19
-22
-24
-20
-19
-16
-15
-14
-9
-5
-1
3
8
11
12
17
19
19
19
20
18
17
16
14
10
9
7
3
3
2
0
0
0
0
0
-1
0
-2
-1
0
0
-1
-2
-2
-5
-4
-11
-15
-15
-19
-18
-18
-20
-23
-21
-20
-17
-13
-11
-6
-3
1
7
9
13
18
18
18
19
18
16
14
10
9
6
2
1
-1
-5
-7
-10
-11
-11
-7
-5
-4
-1
0
3
8
10
12
15
16
16
15
16
13
10
8
4
2
0
-4
-7
-11
-13
-15
-15
-18
-17
-16
-16
-16
-12
-7
-4
0
1
0
4
5
8
11
8
9
8
8
7
5
4
1
0
-2
-4
-4
-5
-3
-5
-3
-2
-1
0
2
3
3
6
2
1
2
0
0
0
-4
-8
-9
-10
-12
-10
-9
-6
-5
-3
0
4
6
10
12
16
18
18
19
18
19
19
15
14
10
7
0
-3
-6
-8
-12
-17
-17
-19
-21
-20
-19
-17
-14
-11
-9
-6
-1
0
3
7
10
13
15
17
16
15
12
10
8
5
3
0
-2
-6
-8
-10
-12
-11
-13
-14
-12
-10
-8
-5
-5
-4
-1
0
3
5
5
5
5
6
7
6
7
6
4
5
5
4
0
3
5
3
6
5
4
5
6
3
3
2
0
-3
-5
-8
-10
-13
-15
-16
-17
-18
-18
-18
-16
-14
-12
-7
-2
0
4
9
12
15
18
19
17
20
18
13
14
12
9
3
1
0
-1
-2
-4
-6
-7
-6
-7
-4
-4
-4
-5
-2
0
0
1
2
2
4
4
3
5
3
0
0
0
-3
-5
-5
-7
-8
-8
-7
-7
-6
-7
-5
-3
-2
0
0
1
3
0
4
5
2
4
4
2
1
3
2
0
2
0
0
0
0
0
0
0
-1
1
0
0
0
1
1
0
0
1
0
1
1
2
1
-1
4
3
1
3
4
2
3
3
4
2
0
0
0
0
-2
0
0
0
0
-1
-2
-2
-2
-3
-3
-3
-1
-2
-2
0
-2
-2
-2
-3
-2
-2
-2
-4
-3
-3
-3
-4
-5
-3
-4
-4
-6
-7
-7
-5
-3
-5
-2
0
-1
0
3
5
9
10
10
14
15
15
13
13
12
13
10
7
6
3
2
1
-1
-3
-1
-1
-2
0
0
0
0
1
0
-1
-2
-1
-1
-2
-1
0
0
-1
-6
-5
-5
-7
-9
-10
-9
-9
-11
-10
-9
-9
-9
-9
-8
-6
-5
-4
-2
0
3
2
2
5
6
4
7
8
5
5
5
4
3
1
1
1
1
1
1
0
3
3
3
4
3
3
2
5
7
6
5
4
4
3
3
6
2
0
0
0
0
0
-1
-2
-4
-4
-3
-2
-3
-3
-3
-3
-1
-1
-2
-1
-2
-2
-2
-1
0
0
-1
-1
-2
-3
-3
-3
-2
-1
0
-1
0
1
0
0
0
0
2
4
4
3
2
3
3
1
2
1
0
0
2
0
0
0
0
0
-1
-1
0
-2
-2
1
0
-1
-2
-2
1
0
-1
-1
-1
0
0
2
0
0
2
1
1
2
4
3
0
0
4
4
2
4
2
1
1
0
0
1
-1
0
-1
-4
-3
-3
-5
-5
-5
-5
-6
-5
-4
-4
-4
-3
-2
-1
-1
0
0
0
3
3
5
3
4
4
4
5
3
5
5
6
5
4
3
3
3
1
3
3
1
0
1
2
-1
0
0
-2
-4
-4
-4
-3
-2
-5
-7
-6
-6
-5
-3
-4
-5
-4
-4
-3
-1
0
-1
0
1
0
4
4
4
5
4
6
7
8
7
7
3
3
4
6
4
2
0
-2
-2
0
0
0
0
-1
-2
-4
-1
-3
-3
-2
-2
-2
-2
-4
-3
-6
-5
-3
-3
-4
-4
-4
-6
-3
-4
0
1
2
-1
0
1
4
5
7
6
7
5
3
4
6
7
4
5
5
1
2
2
1
1
2
0
-2
0
-1
-4
-1
-2
-3
-1
-1
-3
-3
0
0
-1
-1
0
0
0
-1
-1
0
0
0
0
0
-1
0
0
0
0
3
0
0
1
0
2
1
2
1
0
1
1
0
-1
-2
-1
-1
-1
-2
-1
-2
-2
-2
0
-3
-2
0
0
0
-1
0
0
0
0
0
1
0
0
3
2
0
2
1
2
1
0
0
0
0
-1
0
0
0
1
0
0
0
-1
-1
-1
-1
-1
0
0
-1
0
0
0
0
-1
-2
0
-3
-1
0
-2
0
3
1
1
1
0
0
1
1
0
0
0
0
1
1
0
1
1
0
-1
0
-1
-1
0
0
0
1
1
0
0
0
0
-1
0
0
2
0
0
0
0
0
0
0
-1
1
0
0
-1
0
0
0
0
1
0
0
0
0
0
0
2
0
-3
0
0
-2
-1
-2
-1
0
0
-1
-2
0
1
0
0
0
1
2
4
0
2
3
0
0
0
1
1
2
2
-1
0
-1
-2
-2
-1
-2
0
0
-1
0
-2
-1
0
0
0
0
0
2
1
1
0
1
2
0
0
0
0
0
0
0
0
1
0
0
0
0
0
0
0
0
-1
-2
-3
0
-2
0
-1
0
0
0
0
0
0
0
1
0
-1
0
0
-1
1
1
1
0
0
2
2
0
0
0
1
0
1
0
-1
0
0
0
0
0
-1
0
0
0
-2
-1
1
1
0
1
1
2
2
2
1
0
0
0
0
-2
-2
0
-1
-3
-4
-2
-2
-2
-2
-3
-3
-2
-1
-1
-1
-2
-1
-2
0
0
0
0
1
0
-1
0
1
1
3
3
3
2
3
2
1
2
2
0
0
1
3
2
3
6
3
-1
0
4
3
4
5
1
2
2
1
0
1
0
-2
-2
-3
-2
-3
-5
-5
-4
-8
-10
-6
-7
-6
-5
-4
-3
-5
-4
-3
-3
-1
-1
-2
0
1
1
2
4
3
4
2
3
5
5
5
3
5
5
3
5
4
4
4
3
1
2
0
-1
1
0
0
0
0
-1
-1
-3
-4
-4
-2
0
-2
-1
-2
0
0
0
-1
-1
-1
-2
0
-3
-1
0
0
1
1
0
0
1
1
0
0
0
1
1
-1
1
1
0
0
1
0
0
1
1
0
0
0
1
2
0
0
0
0
-1
0
2
0
0
-1
-1
0
-1
0
0
-1
-1
0
0
0
0
0
2
1
0
0
0
0
0
-1
1
2
0
0
0
-1
-1
-1
0
-2
-3
-2
-1
0
-2
-2
-2
-2
0
1
0
0
1
1
3
3
1
1
3
3
1
0
1
-1
0
0
-1
0
0
-1
-3
-1
-1
-1
-1
-1
0
0
1
0
-1
0
0
0
1
0
0
0
0
0
0
1
1
2
0
1
2
0
0
-1
0
0
0
0
0
-1
-1
1
-1
0
0
-2
-1
-1
-1
-2
-1
0
0
0
0
-1
-2
0
0
0
-1
-1
2
1
0
1
1
0
2
3
0
0
1
0
1
1
1
0
1
1
0
0
-2
0
0
0
-1
0
-1
0
0
-1
-2
0
0
0
0
0
0
0
-1
-1
0
0
0
0
-1
-1
2
0
0
0
-1
0
2
1
1
0
0
0
-1
0
0
1
1
1
0
0
1
0
0
0
0
0
0
1
0
1
0
0
-1
-1
0
0
0
-1
0
-1
-1
-2
0
0
-4
0
1
0
0
0
2
1
0
0
0
0
0
1
0
-1
0
1
0
-1
0
-2
-2
0
0
0
0
2
2
0
0
0
0
0
1
0
1
0
-1
0
-1
1
0
-2
0
-2
-1
-1
0
3
1
1
0
1
0
1
3
0
2
3
1
2
0
-1
-2
-3
-1
-2
-4
-4
-1
0
-1
-1
0
-2
-3
-4
-1
0
0
0
1
0
1
1
0
0
0
1
1
1
1
0
0
1
0
1
1
-1
0
0
-1
0
0
0
-1
0
0
0
2
1
1
1
0
0
2
2
1
0
1
1
0
2
0
-1
-2
0
0
-1
-1
-1
-1
-2
-1
0
0
-1
-1
0
-3
0
2
-1
0
-1
-2
0
-1
-1
0
0
0
0
-1
0
1
0
0
0
-1
0
0
-1
0
0
0
3
0
0
1
1
1
0
2
3
0
2
0
-1
-1
0
0
0
0
0
0
-1
0
1
-2
0
0
0
1
1
0
0
0
-1
-1
-2
0
1
0
-1
-1
2
1
0
1
1
1
1
1
0
0
0
1
2
0
0
0
1
0
-2
-1
0
1
0
0
-1
-1
0
0
-1
0
-1
0
0
-2
0
0
0
0
-3
0
1
0
0
0
1
0
0
0
-1
-1
-1
0
0
-1
0
0
0
1
0
0
1
1
0
1
2
2
2
2
3
1
2
1
0
1
0
0
-1
0
-2
0
-1
-3
0
-1
-3
-3
-3
-1
-2
0
-2
-2
0
0
0
-2
0
1
1
1
0
0
3
2
4
1
1
2
2
0
0
0
0
0
0
0
1
0
-4
-2
-1
-2
0
1
0
0
0
-1
1
0
0
0
3
0
-1
0
0
0
0
-1
0
-1
-1
-2
-4
0
0
-3
-2
2
0
-2
0
2
3
0
2
6
3
2
3
3
2
3
2
1
1
0
-1
0
-1
-1
-1
-3
-1
-2
-2
0
-2
-2
-2
-1
-2
0
0
1
0
-2
0
0
3
4
0
2
0
-1
-2
0
2
1
0
0
-1
1
-1
0
0
1
0
0
1
0
3
1
0
0
0
0
-1
-1
0
0
-2
-1
-1
-2
-2
0
-3
-2
-1
-1
-1
0
1
0
2
1
1
0
2
3
2
2
3
2
2
0
2
3
2
0
0
0
-1
0
-1
0
1
0
0
-1
0
0
-2
0
-1
-1
-1
-2
-1
0
-1
-2
-1
0
-1
-2
-2
0
0
0
0
1
0
1
0
1
1
0
1
1
2
1
0
1
1
2
0
0
0
0
0
0
-1
-2
-1
-1
0
0
0
0
0
0
-1
0
1
0
0
0
-1
-1
-1
0
1
-1
0
0
0
-1
0
0
0
-1
-1
0
-1
0
1
0
2
1
0
1
2
0
3
2
0
0
0
0
1
0
0
0
-2
-1
-1
-1
-3
-4
-1
-1
0
0
-4
-1
0
0
0
0
0
0
0
2
1
1
1
1
1
3
1
0
0
0
1
0
-1
-1
0
0
-3
-2
-2
-1
0
1
-2
-1
0
0
0
0
-2
-1
0
0
0
0
0
1
3
1
0
2
0
0
1
3
3
0
0
-2
2
4
0
-1
0
-2
-1
0
0
0
-2
-1
-1
-1
-3
-3
0
-2
-2
-1
-1
0
1
0
0
1
2
2
0
1
0
1
2
0
1
1
3
4
0
0
0
0
0
0
1
2
0
1
0
0
0
0
0
-1
-1
0
0
-2
-2
0
-1
-4
-3
-4
-3
-3
-1
-1
0
0
0
0
0
1
2
3
3
5
6
5
4
4
4
3
2
3
0
0
0
0
-2
-3
-3
-4
-3
-5
-4
-3
-3
-3
-4
-2
-2
0
0
1
0
0
2
3
1
2
2
1
2
0
0
1
0
0
1
0
-1
-1
0
-1
-1
-1
0
0
0
0
1
0
0
1
1
0
0
0
0
0
-1
-1
1
0
0
0
0
0
-1
0
0
0
0
0
0
1
1
1
1
0
0
0
1
1
0
0
-1
-1
0
0
0
-2
-1
0
0
0
0
1
0
0
0
0
0
0
2
1
0
0
0
0
0
0
0
0
1
0
-2
0
0
0
0
-1
-2
-2
0
0
1
0
0
0
0
0
1
1
0
0
1
0
0
0
0
0
0
0
-1
-2
-1
-1
0
1
0
1
0
0
1
1
2
0
-1
-1
0
1
1
0
-1
-1
0
1
1
0
0
0
1
0
0
0
0
1
0
0
-1
-1
0
-2
-2
-1
-1
-2
-1
0
-1
-1
0
0
-1
-1
0
1
1
0
1
0
0
0
0
0
0
0
1
1
1
1
0
1
2
1
0
1
2
1
0
0
-1
1
0
-2
-1
0
0
-1
0
0
0
0
0
0
0
0
0
-1
-1
-1
0
-1
0
-1
0
0
0
-1
-1
2
1
0
0
0
1
1
0
0
1
0
0
1
0
0
0
0
0
0
0
-1
-1
-3
-1
-1
0
2
0
0
0
2
0
0
0
-1
0
0
0
0
-2
0
1
1
0
0
0
1
0
0
0
1
0
0
0
0
0
0
0
0
0
0
0
0
0
-1
0
1
0
0
0
0
0
1
0
-1
0
-1
-1
-1
0
-1
0
0
0
0
0
0
-1
-1
0
0
0
0
0
0
0
0
0
1
1
0
0
0
0
0
0
-1
0
0
-1
0
1
2
0
-1
0
0
0
0
0
0
0
0
0
0
0
1
0
1
0
0
0
-1
0
0
-1
1
0
1
0
-1
0
0
0
0
0
1
0
-1
0
0
0
0
-1
0
0
0
-1
-1
-1
-1
0
-2
-1
1
1
0
0
0
0
0
0
1
2
1
0
0
0
1
2
0
1
0
2
0
0
0
0
0
-2
0
-1
-1
-2
0
1
0
0
-1
0
0
-1
-1
-1
0
0
0
1
1
0
0
0
0
-2
0
1
1
-1
0
0
1
0
-1
1
0
0
0
0
0
0
0
-1
-1
-1
0
0
0
0
1
2
2
0
-1
1
1
1
0
1
2
0
0
0
0
-2
0
0
-1
-2
-1
0
0
0
1
0
0
-1
-1
-1
0
0
0
0
1
0
0
0
0
0
1
0
0
0
1
0
0
0
1
1
0
0
0
0
1
1
0
1
0
1
1
1
0
0
0
0
0
0
0
-1
-2
0
0
-1
0
-1
-1
0
-1
0
-1
-1
1
0
0
-1
0
0
1
0
0
0
0
0
0
1
1
0
0
2
1
0
0
0
1
2
0
0
-1
-1
0
0
-1
0
0
0
-1
0
0
0
0
0
-1
-1
-1
1
0
0
0
-1
0
1
0
0
0
0
0
0
0
0
0
0
0
0
0
1
1
0
0
0
0
-1
-1
0
1
0
1
1
0
0
2
1
0
0
0
-1
0
0
0
0
0
0
0
0
-1
-1
1
-1
-1
0
0
-1
0
-1
-1
0
1
0
0
0
0
0
1
0
1
1
1
-1
0
0
0
0
0
0
0
0
0
0
0
0
0
1
2
0
0
0
-2
-1
-1
0
0
1
0
0
0
0
0
0
-1
0
0
0
-1
0
1
1
0
0
0
0
-1
0
0
0
1
0
0
0
-2
-2
0
0
0
0
0
1
0
1
0
0
0
1
1
0
-1
-1
0
-1
0
0
0
1
0
-1
0
0
0
0
0
0
0
0
0
0
0
0
0
0
0
0
0
0
2
0
-1
-1
0
0
-1
0
0
-1
1
0
0
0
1
0
0
0
-1
0
1
0
1
0
0
1
0
0
0
0
1
-1
-2
0
0
0
0
-1
1
0
-1
0
0
0
1
2
0
0
1
0
0
1
0
0
0
0
0
1
0
-1
0
1
-1
0
-1
0
0
-3
-1
0
1
0
0
0
-1
0
2
0
0
0
0
0
0
0
0
1
0
-1
0
1
1
1
0
0
0
-1
0
0
1
1
1
0
0
0
0
0
0
-1
0
-1
-1
0
0
0
-2
-1
-2
-1
0
-1
-2
1
0
-1
1
0
0
1
0
0
-1
0
0
0
2
1
2
0
-2
0
0
0
-1
-1
0
0
0
1
0
2
1
0
0
-1
0
0
-2
-2
-1
0
0
0
2
2
-1
-2
2
1
0
-2
0
2
0
0
0
-1
-1
2
1
-1
-2
-1
0
0
0
1
-1
0
4
0
-1
-1
1
0
0
0
1
3
-2
-1
3
3
-2
-1
2
-1
-1
0
0
-2
-3
1
-2
-4
1
0
0
1
-1
-1
0
3
-1
-2
3
3
-1
2
4
-3
-1
5
3
-2
0
2
-5
0
5
-4
-6
5
6
-4
-6
3
3
-5
-8
-1
9
2
-10
-1
10
2
-8
-1
13
4
-11
-4
10
7
-11
-9
8
10
-2
-9
-2
10
2
-14
-8
18
13
-16
-10
14
16
-1
-26
-6
38
-2
-49
8
28
-13
-15
-6
19
30
-37
-27
57
-1
-50
25
11
-17
21
-8
0
22
-37
8
38
-47
-9
40
-13
-6
-1
9
36
-47
-17
69
-40
-24
45
-39
42
11
-95
94
21
-112
80
3
-61
63
-44
-21
64
-41
-21
46
7
-26
-10
18
4
-18
-13
27
17
-14
14
-14
6
17
-64
8
53
-19
-26
22
48
-41
-22
44
-51
10
23
-61
47
42
-29
-23
18
45
-64
-26
78
-18
-60
45
25
-63
6
38
-25
-6
38
-25
6
19
-51
26
10
-41
30
26
-38
4
40
-28
-30
53
-1
-45
49
-3
-53
66
0
-102
80
61
-88
-20
107
-9
-143
81
26
-86
39
39
-19
-1
48
-36
-25
11
-11
-56
48
75
-51
0
27
19
-44
-29
26
-31
36
60
-58
-14
26
-19
-62
15
67
-2
29
-75
-1
65
-26
2
-62
21
89
-61
-25
64
-62
8
53
-25
19
-53
-46
43
81
-53
-49
102
-9
-59
33
35
-67
-49
57
-28
-5
57
18
-16
7
-5
-75
14
65
0
-67
16
28
-37
70
-15
-9
63
-63
-59
31
-2
-39
42
56
20
-35
-40
17
-80
45
49
-84
90
34
-83
11
20
-44
54
-4
-108
82
90
0
-124
-6
156
-113
-74
111
19
-24
26
-100
-65
142
4
10
-13
-53
17
-59
65
57
-66
6
18
-56
-9
30
-2
109
-3
-71
-96
-64
231
41
-204
-10
168
8
-167
65
63
20
-90
-120
123
176
-59
-198
95
63
-66
18
-15
23
-5
20
0
-18
4
-47
-4
50
28
-4
-93
6
92
-75
41
46
-79
-27
31
71
-15
-28
-28
-30
-41
79
37
-61
121
-96
-168
132
87
-60
3
23
-12
-8
36
-8
-47
22
22
24
14
-21
7
-52
47
-13
-50
91
-27
-18
42
-23
-24
16
-29
44
-10
-28
44
-64
20
-22
12
46
-137
91
84
-79
-34
-6
49
-64
2
132
-52
-108
137
-33
-99
93
48
-41
-29
0
13
46
-23
-4
18
-34
44
-34
17
65
-129
28
47
18
-12
-37
-23
-11
51
-11
-27
65
-5
-85
59
20
-68
-16
45
7
-26
28
-23
-6
31
-55
37
71
-95
-20
137
-28
-142
47
97
-36
-39
-7
48
-5
-15
-16
5
59
7
-26
-111
112
51
-78
7
-34
66
-25
-104
84
54
-22
3
-38
3
2
-7
33
4
-13
-63
-4
138
-42
-107
-19
128
47
-147
31
-12
-25
167
-53
-143
95
61
-34
-82
35
135
-151
-63
164
-48
9
11
-126
122
57
-163
-9
111
85
-121
-98
203
-4
-184
47
65
-11
-49
-38
91
72
-86
-57
90
47
-121
-91
61
62
29
-36
-12
76
14
-4
-90
-10
97
-54
37
-36
-146
61
81
26
-22
-8
81
24
-81
-36
46
28
-36
-92
53
19
-103
122
67
-106
-37
93
59
-143
35
86
-105
11
40
-66
-64
66
51
-40
47
23
-26
14
33
-36
-51
30
-58
-19
48
-3
42
39
71
-102
-89
131
-137
-40
117
-86
42
41
35
21
-47
105
-56
-87
41
-36
-3
-20
27
8
-27
78
-11
-15
36
-50
-106
55
155
-63
-1
65
-12
-41
-175
94
115
-167
54
90
-35
-4
-24
52
24
-98
-58
1
13
61
-52
-102
84
63
-10
77
36
-61
-48
-29
-35
44
2
-91
16
73
26
46
-20
27
76
-64
-117
92
55
-176
85
-41
-99
118
49
-18
-18
77
30
-42
-32
-18
-57
17
81
3
-27
-42
0
7
-15
11
-67
141
16
-100
96
-65
-23
35
-51
-4
-24
2
239
-38
-199
-22
3
5
29
-74
95
102
-59
-41
-18
211
-63
-237
83
207
-141
-100
274
-60
-200
-67
51
186
-134
-50
101
43
0
-87
-39
102
-10
-54
138
-31
-118
-158
82
211
-75
-172
-74
334
-30
-80
74
-67
142
-113
-85
-65
86
15
-59
33
58
-68
-91
161
6
-52
26
192
-52
82
35
-298
-33
43
-39
-61
-24
185
-96
-88
327
-111
-169
158
-49
-120
157
236
-218
-74
132
-302
-32
276
55
-242
48
173
2
-252
103
248
-117
-54
74
127
-130
-89
-46
-21
-20
-114
-36
189
101
-32
0
42
-116
-130
-165
101
199
-57
84
66
13
228
282
-164
-338
3
108
-156
-112
111
51
154
25
-117
19
-361
-212
119
-183
102
138
-59
269
231
-115
42
85
-229
-173
253
12
-52
63
-135
-61
33
-20
-33
115
184
228
-365
-31
85
-280
390
-53
-389
240
108
-111
-70
-169
353
33
-499
71
222
13
171
-78
186
-53
-379
173
-87
-342
133
51
248
134
-391
381
414
63
-555
-198
590
-386
-398
411
125
-176
-320
125
-140
-46
526
48
48
16
-61
6
186
-89
-455
-186
115
-207
354
129
-412
347
316
110
-44
-163
-174
-235
416
355
-991
-82
797
-120
-142
340
128
86
-582
-108
185
-530
13
100
-18
89
159
137
185
-203
-151
103
-159
27
7
-217
235
154
-249
282
418
-298
-58
317
-137
-98
19
-143
155
-329
71
578
-279
-33
-187
-289
511
-331
-239
575
-438
-195
464
-225
101
14
12
273
-137
-98
334
-52
-249
200
-149
61
-195
-382
332
-111
-463
268
181
-179
349
226
169
316
-161
236
-16
-433
-22
144
-334
74
-117
-141
308
-572
-82
313
-352
119
374
-266
494
384
-388
768
239
-391
649
59
-379
237
-295
-355
-529
-1420
-252
-620
-1448
-205
59
253
1112
966
1482
2310
1968
2158
1903
542
325
-841
-2368
-2539
-3821
-4218
-3224
-3024
-2405
-726
306
1956
2828
3062
3916
3905
6098
4422
-432
1729
2489
-3138
-4250
-3276
-4165
-3751
-3795
-3014
9
1642
1259
1906
3740
3687
1617
-239
138
-769
-4962
-3711
-2150
-3749
-1506
700
1633
4073
6729
7284
5020
3532
4443
994
-4102
-4593
-5760
-6771
-6409
-5683
-3215
306
1369
1446
2936
4033
3166
632
360
1281
-850
-1809
210
2534
2132
-167
2501
4066
661
-1022
-616
-2071
-3594
-3108
-4038
-2166
159
-462
734
2390
3483
1829
-682
552
-772
-5043
-2434
-721
-1788
-350
3570
6728
4408
3864
5632
2476
-1694
-1696
-3679
-5926
-4407
-4778
-5064
-852
1029
-223
2147
2912
1438
1363
128
552
-867
-956
1018
1744
3878
2387
2199
3797
1007
-1424
-1690
-3968
-5051
-2947
-3810
-3294
1479
1787
599
3119
2476
-75
-282
-1303
-2320
-3059
-1065
692
-268
3873
7225
2878
3178
5516
1003
-2683
-2635
-4644
-4702
-4790
-5300
-1846
248
458
2308
2483
2909
1992
-959
-894
-925
-2623
-1550
574
1287
4989
3687
2899
5460
3045
-1399
-1467
-2900
-5096
-3546
-4507
-3287
-299
818
1218
1096
1891
1532
-256
-2323
-1236
-1102
-2201
912
1613
4224
6194
3096
3847
5133
2
-2798
-2670
-5362
-4158
-4932
-5146
-431
509
-175
2528
1852
721
2145
-1847
-1841
527
-2386
419
1553
2915
6256
2398
2802
5408
168
-2028
-1727
-5055
-3890
-3013
-5756
-1803
1100
-429
1277
1100
628
2029
-1997
-2268
1318
-2700
314
3301
2203
6871
4531
2047
5064
492
-2738
-2595
-5784
-5067
-3193
-5445
-2623
2144
-115
942
2795
391
1373
-809
-2731
1739
-2116
-575
4355
2845
5779
4847
2087
4009
146
-3286
-3284
-6397
-5030
-2738
-6006
-2105
3708
443
410
3349
1923
-329
-1561
-1038
963
-2495
-33
4311
3672
4884
3810
2921
3035
-473
-2294
-3444
-6243
-3553
-3382
-6149
-446
2295
-388
84
3030
2179
-1444
-1269
1525
200
-2789
2602
3642
3531
4556
2296
2398
1791
-1660
-2400
-3899
-5471
-1828
-3312
-5270
1527
2480
-2062
-39
3401
-116
-2563
318
2185
-790
-1114
4831
3712
2468
3803
2765
728
-178
-503
-3003
-5213
-2536
-1647
-5380
-2390
3356
-835
-2723
3358
1758
-3113
596
2071
-1533
-772
3211
1676
261
7133
3418
-1778
4362
2891
-4402
-1963
-1078
-5113
-3542
-2978
-2320
-1664
-420
760
-885
679
2127
-421
-332
3323
586
230
3328
2254
3788
2276
1220
1941
280
-782
-1565
-3211
-3083
-1450
-4375
-2398
46
-1968
-1001
42
148
-51
468
424
1215
1071
458
2311
1403
1253
2894
1219
274
1984
1222
-1414
-491
-249
-1656
-2343
-1360
-1039
-2822
-791
-128
-2011
-172
657
-383
265
1183
678
325
1402
1490
598
939
1040
750
567
962
175
-370
586
-516
-1069
-252
-600
-1414
-910
-533
-1121
-1175
60
-170
-781
658
796
-83
971
1121
251
484
614
273
-148
27
-5
-553
-224
-99
-425
-360
-66
-88
-214
-155
205
48
-52
248
225
-21
158
278
16
30
124
-98
107
109
70
48
-105
123
-41
-230
-57
-11
-198
-45
-75
-149
7
-47
-104
-6
-22
9
15
-103
160
131
-173
284
291
-19
214
263
116
27
95
16
-131
-88
-92
-227
-56
-160
-118
-45
-200
26
-79
-120
75
-61
-101
90
-17
-11
40
-24
58
124
6
110
239
101
124
188
88
37
5
-84
-58
-85
-202
-98
-168
-111
-8
-135
38
-58
-12
136
-19
63
142
12
20
178
12
-10
62
-84
5
-47
-143
-78
-166
-70
-18
-40
44
98
95
179
110
58
141
0
-8
63
-64
-40
35
-35
-32
24
29
-22
-39
-15
-70
-83
-40
-72
-82
-70
-98
-87
19
-13
-20
71
73
76
61
82
84
71
64
68
28
5
12
8
-21
-39
-42
-88
-79
-41
-56
-90
11
34
-7
43
48
8
44
63
18
13
36
11
-1
-8
-14
-36
-74
-59
-47
-59
-31
-7
-15
12
40
19
7
30
-21
-35
23
39
22
41
75
45
35
60
17
-21
16
-33
-77
-5
-20
-54
-17
-34
-50
-13
-11
-20
-21
-16
0
3
29
15
13
44
39
40
56
24
35
45
-7
-5
15
-5
-43
-33
-14
-41
-42
-11
-24
-11
1
-33
-13
21
-11
-22
18
17
8
34
23
13
33
9
6
21
-11
-24
-3
4
-6
-10
2
-4
-8
13
-8
-7
12
-3
0
11
1
11
1
-8
6
-3
-18
-14
-9
-12
-6
0
-8
4
22
0
-8
10
1
-22
-12
0
-18
-17
9
6
11
29
20
12
26
11
8
19
10
10
11
2
1
-6
-21
-26
-30
-25
-26
-23
-11
-13
-7
-2
0
15
12
2
4
3
-2
7
19
14
7
8
10
-5
-3
6
2
5
18
7
2
9
-5
-16
-3
-6
-21
-11
-14
-27
-14
-10
-7
7
10
9
5
5
3
3
5
5
0
-1
-2
-1
8
8
0
0
-6
-9
0
10
14
8
5
7
0
2
9
-1
-10
-9
-7
-7
-5
0
-4
-13
-5
1
-3
3
8
2
-1
4
10
6
5
3
-3
-7
-2
0
-4
-4
-4
-7
-7
-5
-5
-1
-3
-4
0
-6
-2
3
2
3
11
15
14
15
15
12
8
7
3
0
0
-4
-7
-8
-8
-7
-9
-12
-16
-13
-10
-8
-2
-2
0
2
2
5
11
7
6
8
5
3
5
5
1
0
1
-1
2
3
-2
-3
-1
-2
-2
-3
-4
-2
0
-4
-4
-1
-2
-1
0
0
1
7
5
4
4
6
5
2
-1
-4
-2
-4
-7
-6
-8
-7
-8
-6
-4
-1
0
2
4
8
9
12
12
11
11
10
7
8
5
1
-3
-4
-4
-10
-14
-12
-13
-13
-11
-12
-11
-4
-2
-3
0
3
5
5
10
10
8
10
11
9
6
3
2
-3
-7
-6
-12
-10
-5
-3
-1
0
2
6
10
11
11
10
7
6
3
-3
-5
-5
-9
-9
-11
-12
-9
-6
-6
-4
-1
-1
0
0
-1
3
6
10
7
-3
-16
-24
-12
11
32
51
49
26
4
-15
-29
-23
-20
-29
-36
-54
-73
-47
4
66
140
175
143
60
-72
-199
-232
-161
-34
91
157
139
67
-6
-47
-47
-14
12
6
-14
-46
-69
-49
-14
10
26
41
49
34
-14
-42
14
91
105
82
52
0
33
163
-56
-674
-1069
-841
-112
825
1590
1670
1018
64
-850
-1421
-1379
-907
-312
379
797
667
336
121
-118
-394
-304
13
303
463
429
316
135
-180
-629
-807
-474
35
188
113
298
486
290
-232
-537
-512
-270
164
496
760
1001
861
202
-605
-1366
-1820
-1451
-244
980
1547
1501
917
115
-481
-804
-740
-306
8
14
-151
-295
-253
-81
182
380
501
547
576
584
176
-659
-1248
-1168
-531
429
1012
897
399
-107
-239
-195
-102
48
-34
-160
-238
-381
-479
-434
-117
372
604
543
425
351
368
83
-333
-463
-401
-359
-183
144
171
131
313
208
-30
-138
-419
-545
-193
161
179
45
110
75
-25
276
239
54
14
133
20
-187
-4
-315
-339
251
405
113
-272
-471
-223
109
144
241
160
-249
-335
18
497
207
-49
214
-99
-470
-31
486
198
-97
-319
-127
73
-173
74
342
528
180
-705
-718
-141
-61
-317
-12
308
-50
-198
583
796
36
-135
-327
224
841
449
-816
-1131
460
198
-532
84
62
-375
-270
424
1044
-200
-1024
-458
347
698
375
69
-343
-235
-196
63
970
345
-1214
-1067
401
1216
504
-350
-890
-824
710
1294
-94
-620
-322
-160
340
486
-42
-260
-63
-543
-269
599
369
-932
-587
788
237
43
261
213
194
-57
-259
11
-46
-219
2
-172
119
-131
-405
519
512
-32
-437
-184
432
270
171
-539
-694
0
415
153
-232
-177
173
24
462
729
-14
-474
-278
-160
-78
-94
-27
200
-333
-368
482
802
287
-669
-698
492
211
-583
-154
389
128
-430
42
614
178
-448
-457
2
488
465
-108
-588
300
473
-71
-69
-296
-266
-315
101
479
39
-395
261
526
-106
-102
-346
-282
371
262
-345
-424
-27
490
-95
-570
53
276
382
42
-444
262
566
67
-582
-264
562
391
-64
-687
-341
391
565
179
-477
-838
-45
591
252
-321
-540
221
534
175
-68
-336
-119
364
-198
-434
93
500
362
-260
-70
311
81
-267
-426
-220
158
68
34
126
63
-46
-105
6
62
-49
71
400
476
76
-314
-117
74
81
-117
-17
-44
-111
-42
-247
-480
-389
-67
-122
-9
-184
-293
133
224
284
235
191
697
728
318
277
-8
-54
49
31
-235
-190
147
8
-341
-838
-733
-573
-300
-426
-492
-238
-235
-421
-323
509
842
524
284
592
585
766
999
638
515
662
582
408
-111
-504
-874
-709
-720
-1306
-1625
-1707
-1139
-950
-661
-494
-357
25
1145
1413
766
649
586
800
874
1084
1396
1709
1901
1404
833
235
-645
-1136
-1993
-2259
-2145
-1884
-1286
-824
-731
-475
68
-241
-525
-50
896
936
762
712
1045
1201
913
1158
1802
1913
1315
331
-360
-431
-888
-1610
-2128
-1501
-1198
-1008
-575
-841
-814
-709
-908
-718
-566
-135
805
1065
1076
1063
912
1289
1935
1874
1842
1414
1138
974
-279
-1297
-1741
-1616
-1322
-1193
-1162
-651
-456
-819
-1029
-1421
-1296
-1087
-1330
-669
926
1687
1501
1426
1279
1546
1603
1509
2073
1439
630
244
-821
-1341
-1144
-1824
-1542
-654
-688
-355
-290
-493
-1065
-1933
-1939
-1276
-1464
-1236
241
1645
2037
2068
1679
1468
1775
1331
1674
1789
995
91
-615
-824
-446
-1113
-1294
-508
-121
-19
-554
-167
-622
-1889
-2681
-2444
-1653
-1463
-1514
-568
1409
2528
2003
1251
1404
1892
1542
1936
2838
1536
181
-91
34
-608
-1437
-1924
-957
252
103
-156
-247
443
-233
-2270
-2672
-2060
-2055
-1295
-720
-859
1016
2269
1405
951
867
1096
1511
2157
2655
1745
478
382
-130
-1476
-1776
-1903
-1576
-224
-301
-404
568
391
-388
-1602
-2689
-1772
-1604
-1883
-269
-61
300
2060
1690
1016
734
1008
1256
1620
2968
2996
1077
244
496
-431
-1446
-1945
-1811
-864
-201
-1206
-547
265
-815
-1577
-2028
-1804
-973
-1725
-1861
-422
-65
60
866
1249
1101
1396
1448
1924
2382
3957
3551
489
328
1029
116
-1321
-2276
-1495
-851
-956
-1262
-1417
-435
-405
-2315
-2446
-664
-202
-810
-1224
-537
-31
288
-547
-980
677
1837
1982
1914
2666
3971
4621
2387
986
940
416
218
-1164
-2415
-1343
-454
-1392
-1844
-1588
-1045
-1114
-1871
-1878
-722
319
103
-674
-1165
-878
-165
-1042
-1400
-20
1503
2573
2073
2031
2881
3957
3714
1324
-105
810
990
-773
-2329
-2448
-1222
-1174
-2102
-2487
-1477
-590
-853
-1440
-280
965
304
279
811
-567
-1370
-894
-966
-707
-1202
-117
2425
2990
2298
1756
2545
4937
4056
-274
-626
1259
729
-1739
-3660
-2485
16
-1124
-4024
-3376
-958
164
-989
-1938
268
2124
885
362
1019
126
-745
-1509
-1498
-897
-1084
-360
1213
2582
3086
2117
1906
4730
4817
1174
-297
464
797
-831
-3670
-4036
-1717
-1788
-3674
-3598
-1541
138
-533
-1301
215
1707
1181
501
727
790
491
-206
-1227
-1378
-635
-232
-536
319
1751
2259
1923
2120
2813
3561
3783
1262
-413
-11
-230
-2102
-4222
-3926
-2304
-2463
-2924
-2317
-813
926
878
-80
806
2331
1578
486
226
180
569
-338
-2073
-1661
-991
-751
-448
-377
1103
2801
2002
1601
2525
3180
3515
1496
-412
-213
-143
-1558
-3014
-3196
-2140
-1676
-2591
-2327
-916
232
640
269
488
1731
1607
667
518
93
345
178
-1179
-1422
-1053
-754
-507
-447
291
1526
1484
1427
1976
2228
3015
2393
533
97
0
-936
-1950
-2864
-2683
-2086
-2606
-2676
-1547
-395
138
74
305
1365
1872
1271
835
755
667
640
6
-339
-387
-890
-864
-574
-366
-147
-181
349
1475
1665
1144
1563
2731
2865
1045
-729
-435
-24
-1381
-3399
-3723
-2207
-1321
-1939
-2019
-353
1296
1221
373
667
1564
1428
468
117
115
357
257
-456
-425
-185
-359
-518
-601
-525
-111
-135
-20
896
1490
1749
1590
1544
2171
2020
433
-797
-1006
-1264
-2146
-3067
-3064
-2007
-1068
-1272
-962
239
1244
1330
734
727
1220
1173
615
246
-36
148
196
-373
-696
-485
28
237
2
-238
-234
56
389
255
-14
463
1046
1049
644
376
879
1340
364
-1104
-1246
-690
-919
-1858
-2088
-1094
-149
-266
-434
160
900
911
405
297
612
539
125
61
-172
-251
-77
-69
-45
-77
24
370
627
537
339
180
155
-10
-413
-296
-64
-110
-171
29
418
381
151
406
705
295
-319
-416
-147
-267
-834
-1145
-758
-374
-423
-598
-451
181
467
110
-27
314
370
261
207
33
208
377
269
109
46
111
189
146
-3
-63
-73
158
309
260
396
585
453
102
-138
-288
-529
-847
-1071
-1021
-770
-580
-274
167
546
934
1323
1299
1017
774
403
-37
-520
-994
-1105
-1048
-1019
-899
-606
-124
265
345
372
491
555
510
341
99
98
148
-35
-241
-259
-83
35
-37
-103
-23
108
151
104
121
271
394
355
286
255
194
135
-14
-285
-487
-456
-514
-931
-1177
-870
-523
-538
-522
-55
642
997
930
1008
1475
1728
1234
493
180
150
-295
-1044
-1354
-1275
-1106
-954
-837
-573
-40
404
491
482
561
596
520
425
102
-128
-110
-163
-398
-555
-471
-305
-146
-119
-119
3
363
588
574
660
778
789
680
454
185
62
-139
-427
-638
-750
-794
-751
-616
-524
-340
-81
159
278
319
376
376
313
244
101
-42
-147
-263
-154
-148
-392
-461
-292
-140
-106
-179
-57
352
684
703
615
782
1244
1277
633
104
63
63
-469
-1237
-1435
-1098
-970
-1141
-1128
-678
-19
177
3
154
611
734
585
488
375
358
336
110
-153
-234
-125
-51
-116
-174
-139
-6
278
341
207
305
401
319
190
68
-18
-70
-174
-383
-555
-530
-400
-394
-388
-270
-123
53
163
214
276
299
290
271
173
30
-33
-81
-155
-170
-156
-88
-2
38
103
199
257
275
261
183
125
94
13
-72
-91
-52
-105
-234
-287
-238
-219
-302
-351
-330
-257
-160
-129
-91
55
199
252
363
490
482
471
657
710
375
116
107
44
-238
-630
-811
-693
-585
-647
-640
-347
54
82
-46
154
400
387
279
199
133
163
182
7
-138
-30
80
-13
-46
68
102
54
131
239
131
36
113
166
67
-52
-87
-50
11
-27
-106
-43
86
138
178
160
53
19
38
-37
-314
-573
-493
-369
-496
-559
-362
-76
89
18
19
249
379
317
183
119
240
327
176
-1
-65
0
116
21
-149
-101
20
102
176
198
295
453
478
478
420
264
166
-24
-331
-488
-558
-643
-692
-759
-678
-452
-335
-248
-125
11
202
290
261
341
373
218
125
174
210
124
45
145
299
321
300
346
420
470
469
419
373
327
165
-58
-165
-268
-475
-624
-679
-687
-650
-639
-586
-448
-370
-331
-238
-168
-79
27
87
200
344
438
549
597
572
647
688
561
496
516
456
356
293
217
69
-73
-139
-264
-435
-502
-557
-616
-610
-663
-722
-662
-616
-602
-528
-449
-323
-143
-38
86
311
456
507
589
647
629
603
613
560
453
387
291
217
214
62
-152
-190
-139
-117
-279
-494
-360
-238
-465
-522
-359
-338
-325
-309
-382
-294
-62
-69
-183
12
258
206
223
465
561
471
456
483
303
97
182
153
-128
-111
-28
-143
0
18
-228
-144
-22
-168
-174
-151
-205
-158
-234
-192
27
-128
-355
-122
88
38
105
84
168
245
180
112
116
264
163
106
131
154
191
97
75
-28
-66
-186
-86
-83
-302
-161
-106
-304
-318
-134
-165
-328
-32
179
-8
95
182
-68
63
206
63
-110
-24
181
-122
127
260
-129
124
256
-81
-51
181
47
-189
-21
-165
-194
-66
16
41
-47
68
-23
-51
-200
-8
102
-89
-186
112
222
6
48
161
-17
-56
9
-45
181
-80
74
3
-37
234
-45
-83
88
194
-204
-159
97
-62
-34
-74
-106
117
119
24
-258
-83
336
-60
-123
172
7
-214
-105
-241
-5
379
12
-76
131
81
145
-46
-259
132
145
-208
312
56
-341
161
59
-42
9
-94
-133
25
0
8
81
-21
107
-108
-136
218
-14
-144
-51
136
-166
-141
44
50
57
-16
-31
146
80
-48
-162
16
265
-207
-32
76
91
-42
46
-24
-57
-62
23
186
-34
1
-32
115
116
-66
-42
-79
-176
9
21
-115
-148
138
181
-44
34
-97
249
187
-313
136
271
-264
-181
1
3
92
-65
-5
-31
18
228
-208
-220
12
178
-27
-109
64
-25
116
-147
-265
197
173
17
-5
82
5
82
58
-224
-169
190
53
-183
207
6
92
-61
-123
114
-65
83
-37
-260
127
175
-12
-223
100
186
-148
-199
66
190
-113
-9
-59
91
113
-280
-16
20
148
204
-299
-49
167
-37
-53
142
0
-93
204
-7
-344
211
-15
-148
118
-106
98
140
-68
-68
-16
55
-11
80
-162
-102
113
26
151
-78
-6
-62
41
66
-137
110
26
-185
177
251
-168
-26
9
-137
-91
109
-120
-287
340
83
-54
249
-80
-135
98
-151
-61
204
-77
-9
54
259
-127
-539
154
112
-222
267
284
-131
88
-74
46
-10
-199
-119
-284
197
131
-153
41
322
-12
-226
287
197
-113
-66
39
-190
-126
-209
27
250
31
254
-182
-1
104
-210
112
-117
-68
111
-42
-18
167
-69
-46
-10
-89
49
-97
117
43
72
264
-209
-53
26
-114
-114
-23
230
-94
-110
105
-22
-62
160
-54
-39
142
-135
-26
-13
165
103
-222
134
-88
-42
65
-122
-147
111
60
-25
174
73
51
-212
27
121
-195
37
-102
60
102
-9
-12
-160
111
98
-103
-45
120
-78
146
54
-363
121
144
-58
26
-234
-37
147
13
72
-50
44
203
-16
30
-33
-156
-62
-149
-34
99
32
39
-77
89
102
47
16
-102
58
74
-73
-117
63
-72
-75
-81
3
251
30
-221
119
169
-221
198
22
-73
32
-238
94
-59
-117
119
-20
133
-39
-90
169
31
-12
-145
58
47
17
53
-151
-104
-23
127
16
-4
90
101
33
-246
-93
112
-64
-143
205
139
-108
111
33
-97
-33
-67
-79
-65
161
3
-93
305
-22
-210
102
-88
39
26
-105
112
-112
78
72
-204
109
-2
-134
73
134
28
-156
169
82
-78
-56
-100
47
-48
-194
235
83
-101
128
-64
-65
58
81
-36
-123
53
139
-238
-11
220
-222
-87
267
-132
50
57
12
145
-172
-50
-19
-14
163
-184
17
195
-134
15
-111
46
3
-33
1
-189
260
230
-301
219
-5
-118
66
-75
5
8
-13
-91
42
-107
92
34
-24
154
30
-55
-93
-23
-34
23
-35
40
52
121
-61
-88
166
-229
-74
83
74
21
-93
30
63
22
-16
10
-53
68
-127
-51
57
-103
208
30
-138
177
33
-145
-33
167
-80
29
34
-97
60
-203
64
-60
-48
84
7
100
-25
70
-135
63
171
-182
-88
97
-49
-77
134
123
-107
41
0
-113
119
-155
36
143
-105
-12
142
-95
93
-100
-22
30
-148
164
-83
37
-23
-91
143
32
-85
-27
-18
141
5
57
-9
-125
13
-195
-69
186
181
-127
37
117
-93
93
-127
-147
233
-227
4
260
-147
66
-9
-29
73
86
-177
-322
156
226
-125
-63
127
166
-11
-25
-13
-58
31
-128
-248
193
68
-86
8
-46
357
84
-238
27
40
-184
-8
-18
-174
122
75
-12
180
46
-71
0
38
23
-36
-136
-29
160
-272
-75
303
15
-108
-10
35
99
-6
-22
-51
-85
73
182
-177
-65
210
-294
100
161
-181
254
-140
-157
137
-132
128
-41
-51
68
-50
-94
93
242
4
-171
69
-53
-44
77
-51
35
-138
-35
27
68
28
-7
119
-120
38
-32
-84
210
-36
-106
4
-15
52
-30
4
63
-75
-28
166
-136
-55
155
-137
60
-60
-2
126
-177
-49
111
18
115
142
-223
-108
115
12
-53
98
64
-229
10
14
-47
164
63
-123
3
161
-116
-210
155
-14
-8
69
-14
8
-89
75
64
-64
2
15
-30
-26
-55
-10
86
10
41
-90
51
249
-29
-279
-50
176
-105
-134
4
102
127
-36
-10
-74
67
81
-154
109
97
-59
-94
-56
-11
-35
135
-42
23
12
-31
9
112
-52
-93
42
-111
177
87
-263
55
14
4
91
-172
139
102
-251
34
199
-95
30
-20
-99
201
-114
-98
52
-117
-9
137
27
-90
144
157
-160
38
-103
-26
102
-59
-68
-28
22
137
-42
-143
183
-95
-74
195
-14
-18
70
-172
-38
71
-169
33
61
-66
59
103
34
-175
17
188
76
-9
-16
-51
-52
-3
65
-60
-62
156
-23
21
11
-207
-157
174
9
-184
154
53
-220
175
71
-161
80
114
123
-71
-182
181
-34
-29
11
-137
32
116
-56
-95
63
16
-69
6
39
-55
101
67
-73
63
83
-8
73
27
-25
-104
-55
73
-53
-125
76
-54
42
52
-250
4
191
-92
-156
111
119
1
-15
98
75
-28
-79
5
-58
34
54
-42
100
145
-210
-46
121
-117
-117
84
-17
-31
-8
35
61
-58
-32
59
-64
-26
74
-89
63
105
-98
11
52
-46
-5
34
19
-65
46
30
47
30
19
-44
-22
-33
30
-74
-9
108
-49
-79
45
8
-26
13
-39
-6
-88
90
31
-75
102
17
-71
22
54
-13
-36
-17
6
57
-55
8
99
-51
3
90
-37
58
-52
-114
69
-32
-97
95
-69
-28
34
-72
108
-76
14
-21
-40
92
-18
-15
29
43
71
12
-42
-9
-63
-57
107
-46
-42
102
-45
29
29
-66
12
5
-70
128
-59
-89
100
-14
-33
111
-47
-44
36
4
-40
-24
-62
41
39
53
45
-82
29
34
1
-79
29
-52
-81
141
-60
-6
62
57
73
-65
0
-76
-114
80
-39
-116
98
91
6
62
35
-17
-70
84
-97
-170
130
17
-21
34
-1
9
-9
-57
75
-21
52
55
-85
129
-42
-83
76
-147
-52
16
-27
32
40
2
42
44
-117
-47
71
32
-5
107
6
83
31
-141
-4
-85
-120
34
-35
20
99
46
65
31
-29
-139
-84
88
-60
-118
168
100
-27
78
44
-33
44
-60
-108
20
43
-126
-35
33
-35
31
29
154
-17
-54
149
41
-173
14
-13
-174
8
42
-7
-13
43
28
41
63
-6
-36
9
68
-63
-137
129
77
-131
-56
37
-7
-21
-21
43
11
19
89
8
58
-6
-60
-4
66
-96
-247
47
144
-96
-40
58
-4
20
51
26
-12
64
94
-10
-27
-23
-47
-30
-53
31
-88
-83
148
-5
-52
135
93
41
-9
-45
-12
12
-41
-142
-147
-20
84
-80
-47
225
128
-5
140
6
-62
96
-53
-158
-20
-104
-52
-14
-21
51
-11
31
82
71
-97
48
35
-52
46
52
-14
29
37
-33
-20
-57
14
-74
-73
78
-28
-46
13
9
-12
31
55
-2
11
71
-24
-42
101
-48
-17
48
-107
-11
4
-27
0
-13
17
97
38
-64
79
-6
-98
47
-44
-105
-17
12
28
69
-56
-62
128
57
-29
9
55
29
-37
-60
-31
20
-39
-36
-9
6
55
-21
13
45
-29
23
51
-16
-82
5
17
5
26
-59
-2
65
-8
8
-34
-38
51
-45
-77
42
63
36
0
-17
34
33
-15
-43
-48
-3
30
-12
-10
10
-34
-9
63
22
-34
-5
0
18
4
-33
11
21
-10
5
4
-41
4
32
-36
-24
14
20
-8
-21
2
16
30
11
-25
13
31
-29
-23
68
30
-67
-24
16
37
-21
-40
30
15
-31
-14
27
13
6
-5
-23
-43
15
36
-42
-87
-3
57
34
6
-9
10
80
54
-35
-17
-5
-5
-24
-20
0
-28
-27
10
-1
-7
0
16
28
-1
29
48
28
-24
-35
-13
15
1
-39
-32
3
0
-16
9
25
10
-3
32
24
-27
-39
-5
4
-6
-13
-10
14
26
3
-5
-3
3
18
1
-36
-40
11
47
14
-21
17
36
5
-7
5
5
-17
-23
-17
-23
-10
30
29
-6
-18
-19
-14
-2
8
8
11
18
-3
-22
-12
-2
1
16
14
0
7
29
27
8
0
2
-2
-24
-37
-19
-3
-18
-21
-7
0
1
16
30
30
20
6
-9
-18
-14
-7
-9
-11
-2
3
0
1
11
12
7
3
1
1
1
-2
-11
-11
-15
-14
6
22
13
0
0
12
11
-2
-3
3
0
-9
-13
-13
-10
0
4
1
0
0
8
12
4
-1
-2
0
-6
-13
-6
7
9
3
2
7
11
11
7
-1
-12
-13
-13
-13
-7
-4
1
6
9
6
6
7
0
-4
-5
-1
0
2
2
2
4
4
1
-2
-5
-8
-6
-5
-2
2
1
2
7
8
3
1
-1
-1
-4
-3
-5
-6
-4
-1
3
6
5
2
1
1
-1
-2
-3
0
0
-1
0
2
0
-2
-5
-4
-2
0
4
8
8
9
4
0
-6
-5
-5
-3
0
-1
0
0
-1
-1
-3
-1
0
0
0
0
-1
0
0
0
1
3
0
0
1
0
-3
-5
-2
0
2
4
4
0
-1
0
0
0
0
-1
0
0
0
2
0
0
0
-1
0
0
1
0
-1
0
0
2
0
-2
-2
-2
-1
0
1
0
0
0
0
0
0
0
0
2
0
2
2
0
2
0
0
0
-2
-2
-2
-2
-1
-1
0
1
1
0
0
0
0
0
-1
-1
0
0
-1
-2
2
1
1
1
2
3
2
0
1
1
0
0
0
-1
0
0
-1
0
0
-1
-1
0
1
1
0
0
0
-1
0
0
-1
0
0
0
-1
-2
-2
-1
0
0
0
2
0
0
0
0
1
1
2
2
1
0
0
0
1
0
0
0
1
0
0
-1
0
0
-2
0
0
0
0
-1
0
0
0
-2
0
0
-1
0
-1
-1
1
0
0
1
1
1
0
1
0
0
0
-1
0
1
1
0
0
0
2
1
0
0
0
1
0
0
0
0
2
0
-1
0
0
-1
-2
0
-1
-1
0
0
0
-2
0
0
0
0
0
0
0
0
1
0
0
0
1
-1
-1
0
-1
0
3
1
-1
1
1
-1
0
0
0
1
0
0
0
0
0
0
1
-1
0
0
0
0
0
-2
0
-1
-1
0
0
0
-1
0
0
0
0
0
0
0
0
2
0
0
2
1
1
0
1
2
0
0
0
0
0
0
0
-1
0
0
0
-1
-1
0
0
1
0
0
0
0
0
0
0
-1
-2
0
0
-2
-2
0
1
0
-1
0
0
0
1
2
1
1
0
0
0
1
1
2
1
-1
0
1
1
0
1
0
-1
-2
-1
0
0
0
0
0
0
-1
-1
0
0
0
-1
0
0
0
1
0
-1
-1
-1
0
0
0
-1
-1
1
0
0
0
0
0
2
0
0
2
0
0
0
1
1
0
0
0
0
0
0
0
0
1
-1
-1
-1
0
0
-1
0
0
0
1
0
-2
-1
0
0
0
0
0
0
0
-1
1
1
0
0
2
0
0
0
0
0
0
-2
0
0
0
0
0
0
0
0
0
0
0
0
-1
0
0
-1
0
0
0
-1
1
0
0
0
2
2
1
0
0
0
0
1
0
1
0
-1
0
0
0
0
-1
0
0
0
-2
-1
0
0
0
-1
0
0
0
-1
0
0
0
0
0
0
0
1
0
0
0
1
0
1
0
0
0
0
-1
0
0
0
-1
0
-1
-1
0
0
0
0
0
-1
0
1
0
0
-1
0
0
-2
0
2
1
0
0
2
0
-2
1
1
1
0
1
1
0
-1
0
3
0
0
0
0
0
0
0
0
0
-2
0
0
-1
0
-1
0
-1
0
0
0
0
-1
-1
0
0
0
0
0
1
0
0
0
1
0
0
0
0
0
0
2
1
0
1
0
1
2
0
-1
1
0
0
1
1
0
-2
-1
0
-1
-2
0
1
-1
-2
0
0
0
0
0
0
0
0
1
0
2
0
0
0
-1
0
-1
0
0
1
1
0
0
-1
1
0
0
1
0
0
0
0
1
2
2
0
0
0
1
1
0
0
0
0
0
0
-1
-2
-1
1
0
-3
-2
0
0
1
0
-2
0
0
0
1
0
0
0
0
2
0
0
-1
0
-1
0
0
0
-2
-2
0
-1
0
1
0
1
0
0
1
2
2
1
3
2
1
0
-2
-1
0
0
-1
0
0
-2
-1
-1
-1
-1
-1
-2
0
0
-2
0
0
-1
0
0
1
1
0
1
0
0
0
1
0
0
1
1
0
0
-1
0
0
1
2
0
0
-1
0
-1
0
2
-2
0
0
0
2
-1
-1
0
0
0
-1
-3
-1
-1
-1
0
1
1
0
2
1
0
0
0
1
-1
0
0
0
0
0
1
-1
0
0
0
0
0
0
0
0
0
1
0
0
0
0
-2
0
1
0
1
2
0
0
0
0
0
0
0
-2
0
0
0
0
0
1
0
0
0
0
-1
0
0
-1
1
1
-1
2
0
0
0
0
0
0
0
0
-1
0
0
1
1
0
1
1
0
2
1
1
-1
0
0
-1
-1
0
0
0
0
0
0
0
0
-1
0
-1
0
1
0
0
0
0
1
1
1
2
0
0
1
0
0
0
-2
-1
0
-1
0
0
0
-1
0
0
0
0
0
0
0
0
1
1
0
-1
0
0
0
0
2
1
2
1
0
0
-2
-1
0
0
0
-2
-2
0
0
0
1
0
-1
-1
0
3
0
-2
2
2
-1
0
0
0
0
-1
0
0
0
0
0
0
2
-1
-1
2
-1
1
0
-1
0
0
0
0
1
-1
0
0
0
0
0
0
-1
-1
1
1
-1
0
0
1
1
0
2
0
0
0
1
-1
0
1
0
0
0
-2
0
0
-1
0
0
0
-1
0
0
0
0
2
0
0
0
0
0
0
0
1
0
1
0
0
0
0
0
0
0
-1
-2
0
0
-1
0
1
0
1
2
0
0
0
0
-1
-2
-1
0
2
1
0
1
0
-1
0
-1
0
0
-1
2
0
0
0
-1
0
0
0
0
0
2
1
1
1
1
0
1
0
0
0
0
0
0
-1
-1
0
-1
0
0
0
0
-1
-2
-1
0
0
0
0
1
0
0
1
0
0
0
0
0
0
0
1
0
2
0
0
1
2
1
1
1
-1
0
0
0
0
-1
-2
-2
-1
0
0
0
-1
0
-1
-1
-1
-3
-1
0
1
2
2
2
2
3
2
0
0
-1
-1
0
-1
-2
0
0
1
3
3
1
-1
-1
-1
-1
-3
-1
-1
-1
0
2
1
1
2
0
-1
-1
-3
-1
-1
0
1
1
3
2
0
0
-1
-1
0
0
0
0
0
0
1
3
0
0
0
0
-1
-1
-1
0
0
0
1
0
-1
0
0
0
0
0
2
0
0
0
0
0
0
0
-1
-2
-2
-1
-1
0
1
0
2
1
-1
0
0
0
0
0
0
1
0
0
0
0
0
0
0
-1
0
0
0
1
0
-1
-1
0
1
0
0
0
-1
-1
0
1
0
0
0
0
0
0
0
0
0
-1
0
0
0
1
0
0
1
0
0
0
0
0
1
2
1
1
-1
0
1
0
-2
-2
0
0
-1
0
2
1
-1
-2
-1
0
-1
1
1
0
0
0
1
0
0
-1
0
0
-1
0
1
-1
0
0
0
1
1
0
0
-1
0
0
0
1
1
0
0
1
0
0
0
-1
0
0
0
0
0
0
0
0
0
0
0
-1
0
0
1
1
0
0
0
-2
-1
1
1
-1
0
0
0
0
2
1
0
0
0
1
0
0
0
0
-1
0
0
0
0
0
1
0
-1
0
0
0
0
0
0
0
0
1
0
-1
0
0
0
0
0
1
0
0
0
0
0
1
0
-1
0
0
0
0
0
0
1
-1
-1
0
-1
0
1
1
1
-1
0
0
0
-1
1
0
-2
0
-1
0
1
0
0
0
0
-2
-1
1
0
1
0
0
2
-1
0
1
0
0
1
-1
0
1
0
0
1
1
0
0
1
1
0
0
0
-2
-2
0
0
0
0
1
1
-1
0
0
-2
0
0
0
0
0
0
0
0
0
0
0
0
0
2
-1
-1
0
0
0
1
0
0
0
0
-1
0
1
-1
0
1
0
0
1
1
0
0
0
0
0
-1
0
0
0
0
0
0
-1
-2
-1
0
0
0
0
0
0
0
0
1
3
2
1
1
0
0
0
-1
-1
0
0
0
0
0
1
2
0
0
-1
0
0
0
1
0
-2
0
0
0
-1
-1
0
0
0
0
1
0
2
2
-1
-2
-1
0
2
0
0
1
1
1
0
-1
0
0
0
0
-1
0
1
0
0
-1
1
0
-1
0
-2
0
0
0
1
0
0
1
0
0
-1
-2
-2
-2
0
0
0
1
1
0
-1
0
0
-1
0
0
0
1
0
2
1
0
1
0
-1
0
0
0
0
1
0
1
0
-1
0
1
2
0
-2
0
0
0
-2
-3
-2
-1
-2
-1
-1
0
0
0
0
1
3
0
0
1
1
0
0
0
0
1
-2
1
2
-1
0
0
-1
0
1
0
-1
0
1
0
0
0
0
1
0
-1
1
0
0
1
0
-1
0
0
-1
-2
-2
-2
-1
0
0
1
0
1
0
1
0
-1
1
0
1
2
0
0
1
0
0
0
0
0
0
0
0
-1
-1
-1
0
0
0
0
0
0
0
0
1
0
-1
0
0
1
0
0
0
0
0
0
0
0
0
0
0
-1
-1
0
0
0
0
1
1
0
0
0
0
-1
0
0
0
0
1
0
-1
-1
0
-1
0
3
0
0
0
0
0
0
0
-1
0
1
0
2
0
1
2
1
0
0
0
0
0
-1
-3
-1
-2
-2
-1
-2
0
0
0
1
2
0
0
1
0
0
0
0
0
0
0
0
-2
0
1
0
0
0
0
0
0
0
0
0
0
0
0
0
0
0
2
0
-1
0
0
1
0
0
0
0
0
0
0
-1
-2
0
0
0
1
0
0
-1
-2
0
0
0
0
0
0
0
-1
-2
0
1
0
1
1
0
3
2
0
0
0
-1
0
0
0
0
-1
0
0
0
0
0
1
-1
0
0
0
1
-2
-1
-1
-1
0
0
0
0
1
0
0
0
0
1
0
-1
0
0
0
0
1
0
0
0
0
0
0
0
0
-1
0
1
0
0
-1
0
0
0
0
0
0
0
0
-1
1
0
-1
0
-1
0
2
2
1
2
1
0
-1
0
0
-1
0
-1
-2
0
0
0
0
0
1
0
0
2
0
-1
0
-1
-1
-2
0
-1
0
1
0
0
1
1
0
0
0
0
0
0
0
0
0
1
0
0
0
0
0
0
0
0
0
0
0
0
0
0
0
0
0
0
0
0
0
0
0
0
-1
0
0
-1
-1
2
-1
0
1
0
0
-1
0
0
2
0
1
0
0
0
0
0
0
0
-1
0
0
0
0
0
0
0
0
1
0
0
-1
0
0
-1
-1
0
0
0
1
0
0
1
0
0
-1
0
-2
2
1
-1
0
1
1
1
0
0
0
0
0
1
0
0
0
1
0
0
0
0
0
0
-3
-1
0
0
-2
0
-1
-1
-1
-1
-2
-3
0
-2
0
0
-2
1
0
1
0
0
2
0
0
0
0
1
1
1
1
2
1
2
3
1
1
2
1
2
0
0
0
1
-1
-1
0
0
-1
0
-1
-2
-2
-1
-2
-1
-1
-1
-1
-1
-1
-2
-1
0
-3
-1
0
0
0
0
0
1
0
2
1
0
1
0
0
1
0
1
0
1
1
2
1
2
0
-1
-1
0
0
0
0
0
0
0
-1
0
-3
-1
-1
-2
0
-1
0
2
2
-1
0
0
0
-2
0
0
1
0
0
2
1
0
1
0
0
2
0
2
2
-1
0
0
-1
0
0
0
0
-1
-1
0
0
0
-1
0
0
0
0
-1
0
0
0
-1
0
0
0
1
2
0
1
0
-1
-1
0
1
1
1
0
0
1
1
0
0
-1
0
0
-1
0
0
-1
-1
-2
0
0
0
0
-1
0
0
0
1
0
0
0
0
0
0
0
0
0
0
0
1
2
0
0
-1
0
0
1
0
-1
1
0
0
0
0
0
1
0
-2
0
2
-1
-1
1
1
-1
-1
0
0
0
0
0
0
0
-1
0
0
-1
0
0
0
1
1
1
0
0
0
0
0
0
0
0
2
1
0
0
1
1
-1
0
0
1
-3
-2
0
0
0
0
-2
-1
0
-1
-1
0
0
0
1
1
0
1
2
1
2
0
1
0
0
1
0
2
0
0
0
0
-1
0
0
0
0
0
-1
0
0
-1
-1
-1
0
0
0
0
0
0
0
0
2
0
-1
-2
-1
0
-1
0
0
0
0
0
0
0
0
1
0
0
0
1
0
0
1
2
0
0
0
0
2
0
0
0
0
-1
-1
0
0
-1
-1
-1
0
0
0
0
-1
0
-1
0
-1
0
2
-1
0
0
1
1
0
2
0
0
-1
0
1
0
0
0
0
0
0
0
1
0
0
0
-1
0
0
0
0
0
0
0
2
1
0
0
0
0
1
0
0
-2
-2
0
0
0
0
1
0
0
0
1
0
0
1
0
0
-1
-1
0
-1
0
1
0
0
0
0
-1
0
1
0
0
0
0
0
0
0
0
0
0
1
-1
0
2
0
-1
-2
0
0
0
1
0
-2
-1
0
0
0
0
0
0
0
1
0
0
-2
-1
0
0
1
1
0
0
0
0
1
0
1
0
0
0
0
0
0
0
0
1
1
0
-1
1
-2
-1
0
0
1
-1
-1
-2
0
0
-1
0
0
0
-1
-2
0
0
2
2
1
4
2
0
0
0
-2
-4
-1
-1
0
0
0
1
2
0
-2
0
-2
-4
-2
0
0
2
3
1
0
0
2
-1
-1
-1
-1
0
1
1
1
1
0
1
2
1
0
0
0
0
0
1
-1
-2
0
0
0
0
0
0
1
0
-1
-1
0
0
1
0
-1
0
0
-1
0
0
0
0
0
0
0
-1
0
0
0
0
-1
-2
1
0
0
0
0
0
-1
1
1
0
0
1
1
1
1
2
0
-1
0
0
-1
0
0
1
0
0
0
0
0
0
0
0
-1
0
-1
0
0
-1
-1
0
0
1
1
0
-1
-1
0
0
-1
0
0
0
0
0
0
0
1
0
0
1
0
1
1
1
0
0
0
0
0
0
0
0
2
1
1
0
0
-1
-1
0
0
1
0
-1
-1
0
0
0
1
0
-2
0
-1
0
0
0
1
0
0
0
0
0
0
0
1
0
0
0
-1
-1
1
0
0
1
0
0
0
0
1
0
0
1
0
0
0
2
0
0
1
-1
-1
0
-1
0
0
-1
1
0
0
1
2
0
0
0
0
-3
-2
0
0
0
0
1
1
0
0
0
0
0
1
0
0
1
0
0
-1
1
2
2
1
0
1
4
1
0
1
0
1
0
-1
0
-1
-2
-2
-1
-1
-2
-3
-2
-4
-3
-2
-4
-3
-3
-2
-2
-2
0
1
1
1
0
2
3
0
2
6
5
2
1
5
4
0
3
2
2
2
0
1
1
0
0
-1
-1
0
-1
-2
0
-1
-2
-3
-2
-1
-1
-2
-1
-1
-1
0
-1
0
0
0
-1
0
0
0
1
0
1
2
1
1
3
2
0
1
2
2
1
0
0
0
1
0
0
-1
0
-1
0
0
0
0
0
-1
-1
0
0
0
0
0
-2
0
-1
0
0
0
0
-1
0
0
0
-1
0
1
-1
0
0
0
1
1
0
0
1
1
0
0
1
0
0
0
0
0
0
0
0
0
0
-1
0
0
-2
0
-1
-1
0
0
2
0
0
0
1
-1
1
2
-1
-1
0
0
-1
0
0
0
0
0
0
0
0
0
0
0
-1
0
0
0
0
0
-1
0
0
-1
0
0
0
0
0
0
0
0
0
0
0
1
0
0
0
1
1
0
0
0
0
0
0
-1
0
0
0
0
0
-1
-2
0
-1
0
0
0
0
1
0
2
1
0
1
0
0
3
1
1
0
-1
0
0
0
0
-1
0
0
-1
0
0
0
0
0
-1
0
1
1
0
0
0
0
0
-1
-2
-1
0
-2
-1
0
0
0
0
0
1
0
0
0
1
1
0
1
0
0
0
-1
-1
0
0
0
0
2
0
0
0
1
1
0
1
0
-1
0
0
-1
0
-2
-1
0
-2
-1
-2
-2
-2
-2
0
-2
-2
-1
-1
0
2
2
0
0
0
1
2
1
1
3
2
3
2
1
4
2
1
1
1
2
1
2
0
0
-1
2
1
0
0
0
1
-1
-2
1
-2
-2
-2
-2
-1
-3
-3
-2
-2
-3
-3
-3
-2
-1
0
0
-1
-1
0
0
0
2
4
1
0
1
3
2
2
0
2
1
0
2
0
0
1
0
1
0
-1
0
0
0
-1
-1
-2
-2
-1
-2
0
0
0
0
0
-1
0
-1
-1
0
0
0
1
1
2
0
0
3
0
1
2
0
0
0
0
0
0
0
0
0
-1
0
0
-1
-1
-1
-1
1
0
-2
0
-1
0
-1
-1
1
-1
0
0
0
-1
0
0
0
2
0
1
0
0
1
0
1
0
0
1
-1
0
0
0
0
0
0
-1
0
2
0
0
1
1
0
0
1
-1
-1
0
1
-1
0
0
0
0
0
0
0
0
1
-1
-3
-2
1
1
0
0
0
0
1
0
0
1
1
1
0
-1
0
0
0
-1
-2
-2
0
1
-2
-2
-1
0
0
0
0
0
0
1
1
1
0
0
0
0
0
0
1
1
-1
0
2
1
1
3
0
0
0
-1
-1
0
0
0
-1
-2
-1
-2
-1
-3
-2
0
2
1
0
2
0
0
0
1
2
-1
0
0
-1
-1
-3
-1
1
1
1
1
1
1
0
1
1
2
1
1
0
0
0
-1
-3
-2
-1
0
-1
0
1
0
0
0
0
1
0
1
0
0
0
0
-1
0
0
-1
0
0
0
0
0
0
1
0
1
0
0
1
1
0
2
1
0
0
-1
0
0
-1
0
0
0
0
0
-1
-2
-2
0
0
-2
0
0
0
0
0
1
0
0
2
1
1
2
0
0
1
0
1
0
0
0
0
0
1
-1
0
-1
-1
0
-1
0
0
0
0
1
0
0
0
-1
0
0
0
1
0
0
-1
0
-1
-1
2
2
1
0
0
1
0
0
1
0
0
-1
0
0
0
0
0
0
-1
0
0
0
0
-1
0
0
-1
0
0
0
0
0
1
0
0
0
0
0
0
0
0
1
0
0
3
0
-1
0
-1
0
0
1
0
-1
0
0
-1
0
0
1
1
0
0
-1
0
0
0
0
0
0
0
0
0
0
0
-1
-1
0
1
0
-1
-1
0
0
0
1
0
0
1
1
1
0
-1
0
1
0
-1
0
0
0
0
0
0
-2
0
1
2
0
0
2
0
-2
-1
0
0
-1
0
-1
0
0
-1
0
0
1
1
1
-1
-2
0
1
0
0
0
-3
0
0
-1
0
0
1
0
0
0
0
1
-1
0
1
0
0
1
2
0
0
0
0
0
0
0
0
-1
-1
-2
-1
0
0
2
1
0
0
0
0
0
0
-1
0
0
-2
0
1
0
0
2
1
1
0
0
0
-2
-4
0
2
1
1
2
0
-1
0
1
0
2
1
0
0
0
-1
0
0
-1
-2
0
0
-1
0
0
0
0
-1
0
0
-2
0
2
0
0
0
-1
0
0
1
2
0
-1
1
0
0
0
0
1
0
0
0
0
0
-1
0
0
-1
1
0
1
0
0
2
0
-2
0
0
-1
1
0
-1
0
0
0
0
0
1
1
-1
0
1
0
0
0
0
0
0
0
0
0
0
0
1
1
1
0
0
1
0
-1
0
0
0
-1
0
2
1
-1
0
0
-1
-1
0
0
-2
-3
-2
0
0
-3
0
2
0
-2
0
0
0
2
1
1
0
0
2
1
1
0
0
1
-2
0
3
0
0
0
-1
-1
-2
0
1
1
0
0
0
0
-1
1
0
0
0
-1
0
0
0
0
-1
0
0
1
-2
0
1
0
0
-1
1
2
0
0
0
0
-1
-2
-1
1
0
0
2
0
0
0
0
0
-1
0
0
-1
-1
0
0
0
0
-1
0
1
-2
0
0
1
-1
0
0
0
-1
0
2
3
0
1
1
0
-1
0
0
-2
-1
0
0
-2
1
2
1
0
0
0
-2
-2
-1
-1
0
0
0
2
0
0
1
0
-2
0
0
1
0
0
3
2
0
0
1
1
-1
0
0
0
0
0
0
0
-1
0
0
0
-1
0
0
0
-2
0
0
-1
-3
-1
1
2
0
1
1
1
0
0
0
1
0
0
0
0
0
0
1
-1
1
0
0
0
-1
1
2
1
1
0
-1
-1
-1
-1
-1
-1
-2
0
0
-1
-1
0
0
2
0
2
-1
-3
-1
0
0
1
0
0
1
1
0
0
0
-2
2
1
0
0
0
0
0
0
0
0
0
0
0
0
0
0
-1
1
0
0
0
0
0
1
0
-1
0
-1
0
0
0
0
0
1
0
0
0
0
0
0
0
0
0
0
-1
0
0
0
-2
-1
0
1
0
-1
1
1
0
0
1
0
-2
0
0
0
0
-1
0
0
0
2
0
0
0
0
0
0
0
0
0
0
1
2
0
0
0
0
0
0
0
1
0
0
-1
-1
-1
0
-1
0
1
0
0
1
0
0
-1
0
0
-1
0
0
1
0
0
1
0
0
0
1
0
0
-1
0
0
0
0
0
0
1
0
0
0
0
0
0
0
0
0
0
-1
0
-1
-2
0
0
0
0
0
1
0
0
0
0
-1
0
0
0
0
0
2
1
0
2
0
0
1
0
-1
0
0
0
1
0
0
0
0
0
1
-1
-1
0
-1
0
0
0
1
-1
1
0
-1
0
0
-1
0
-1
0
0
0
0
1
0
1
1
0
0
0
0
2
1
0
-1
0
0
0
0
-1
0
0
0
0
0
-1
-2
-2
-1
0
0
0
1
0
0
0
0
0
0
0
1
0
0
2
0
0
1
0
0
0
0
0
0
0
-1
1
1
0
0
0
0
0
0
0
-1
-1
1
0
0
-1
0
2
0
-1
-1
-1
0
-1
-1
0
0
0
0
0
0
0
-1
0
0
0
0
1
0
0
1
0
0
0
1
0
0
1
2
1
0
1
0
0
0
0
-2
0
0
0
0
-2
-1
0
-1
-1
0
0
1
0
-1
0
0
0
0
0
0
0
0
-2
0
1
0
0
1
0
0
0
-1
-1
0
0
0
0
0
1
0
0
0
0
0
-1
0
1
0
0
1
0
0
1
1
0
1
0
1
0
0
1
0
-2
0
1
0
-2
-1
-2
1
1
0
-1
-2
-2
-1
-1
0
2
0
0
0
0
0
0
-1
1
1
0
0
0
0
0
1
-1
-1
0
-1
0
1
0
0
-2
0
0
0
0
0
0
1
1
0
0
1
0
0
0
0
-1
1
0
0
0
0
0
0
0
0
0
-1
0
0
0
1
0
0
0
1
0
0
0
0
0
0
0
0
0
0
0
0
1
0
0
0
1
0
-1
0
0
0
0
0
0
0
-1
0
0
-1
1
0
-1
1
0
0
0
0
2
1
0
0
1
2
0
0
1
-1
0
0
-1
-1
2
1
1
0
-1
-1
-1
0
0
-1
-2
-1
-2
-1
0
0
0
1
0
0
2
0
1
3
0
2
1
0
1
0
-1
0
0
0
0
0
-1
0
0
-1
0
0
0
0
0
0
0
1
0
0
0
0
0
0
0
1
1
0
0
0
0
0
0
2
0
-1
0
0
0
0
0
-1
0
2
-1
0
1
0
0
1
1
-1
0
0
0
1
-1
-1
0
0
-1
-1
0
0
0
0
1
0
0
-1
0
0
1
0
0
0
-1
0
0
0
0
1
0
0
0
0
-2
0
0
0
1
0
0
0
-1
0
0
1
1
0
0
0
0
-2
0
0
0
0
0
0
1
0
0
0
0
0
0
1
0
0
-1
0
0
0
0
-1
0
0
0
0
0
0
0
-1
-1
0
1
1
0
0
0
1
0
0
0
0
0
0
0
0
-1
0
1
0
0
0
-1
0
0
0
-1
0
0
0
0
-1
0
-1
-1
0
0
1
2
0
0
0
0
0
-1
0
0
-1
0
0
0
0
0
0
1
-2
-2
0
0
0
1
2
-1
0
1
-1
-1
0
0
1
2
2
1
2
0
0
0
-1
0
-1
-1
0
0
-1
-1
0
0
-1
-1
-1
0
1
1
0
0
0
0
0
0
0
1
1
0
-1
1
0
-2
-1
0
0
0
0
1
0
0
1
0
0
1
0
0
0
0
0
0
1
0
0
0
0
0
0
-1
-1
-1
-1
-1
-1
0
0
1
0
0
0
-1
0
0
0
0
0
1
0
0
0
0
0
0
0
1
0
1
0
0
-1
0
0
0
0
0
0
1
0
0
0
-1
-1
0
0
-1
0
0
0
0
0
0
0
0
0
-2
0
2
0
0
0
0
1
0
-2
0
0
0
0
0
0
0
0
1
0
0
0
0
0
-1
-1
-3
-2
1
0
0
1
2
4
0
0
1
-2
-3
-1
-2
0
1
-1
-1
0
2
2
1
1
0
0
0
1
-2
-4
0
1
0
0
-1
0
0
0
-1
0
1
3
5
3
-1
-1
-1
-3
-4
-6
-2
0
0
1
1
0
0
1
3
2
1
-1
-3
0
-1
0
2
3
3
1
1
0
-2
-1
-1
-1
2
1
1
0
0
-1
-1
0
1
-1
-3
0
-1
0
3
0
0
2
0
1
0
0
0
-3
-6
-3
0
2
2
2
2
0
2
2
-1
-1
0
0
0
-1
0
0
-2
-1
0
0
-3
-1
-1
-1
1
2
0
2
3
1
1
2
3
0
-3
0
-1
-2
0
-1
-1
0
0
-2
0
1
-2
0
0
0
1
2
3
2
1
4
0
0
-3
-2
-3
-5
-3
0
1
0
-1
1
3
3
1
-2
0
0
-1
-1
1
1
0
2
1
0
1
0
0
0
1
1
0
-1
-2
-4
-3
-3
0
-1
1
0
3
4
3
2
0
3
3
0
-5
-2
0
-3
0
0
0
0
-2
-2
0
0
1
3
1
0
2
2
1
1
2
1
-2
-1
-2
-3
-3
-1
0
0
0
0
3
2
0
1
0
0
0
0
1
0
0
0
0
-1
-2
-1
0
-1
-3
-1
1
0
1
1
1
0
0
0
1
2
0
0
0
-1
-1
0
-1
0
0
-1
-3
-2
0
0
0
0
0
1
1
0
1
1
1
1
0
0
0
-3
-1
1
0
1
1
0
1
0
-1
0
-1
-2
-1
0
1
2
0
0
0
0
0
0
1
0
-1
0
0
0
-1
0
0
-2
-1
-1
-2
0
0
1
3
3
4
0
-1
-2
-1
0
-1
-1
0
0
-1
1
2
0
0
1
0
1
0
1
0
-1
-2
0
0
0
0
-1
-1
-1
0
2
0
-2
0
2
2
2
2
1
0
0
0
-1
-1
-3
-3
-2
0
0
0
1
0
0
0
4
1
0
2
1
0
-1
0
0
-2
-2
1
-1
-2
0
1
1
1
0
0
1
0
0
1
0
0
0
-1
0
-2
-1
0
-1
0
2
0
2
1
0
-1
-1
-1
0
-1
0
0
-1
0
1
0
0
1
2
0
0
2
1
-1
-2
0
-1
-2
0
1
1
-1
0
1
0
-2
-1
0
0
0
0
0
0
1
1
0
0
1
0
-1
0
0
-1
0
0
0
1
0
0
0
0
1
1
1
0
0
0
0
0
0
1
0
0
0
-1
-1
1
0
0
0
0
0
-2
0
0
-1
0
1
0
-1
-1
0
0
1
0
1
1
1
1
0
0
0
0
0
0
0
-1
-3
-2
-1
-2
0
1
0
3
0
0
2
0
0
1
0
0
0
0
0
-1
-1
-1
-1
1
0
-1
0
-1
0
0
1
1
1
1
1
0
-2
-1
0
0
-1
0
-1
-1
0
-1
0
2
0
0
1
1
1
2
2
2
0
0
0
-2
-1
-1
0
1
0
0
0
0
0
0
-1
0
0
1
0
-1
1
0
0
0
-1
0
-1
0
0
-1
0
2
0
0
2
2
0
0
0
0
-1
-2
0
0
0
0
0
0
1
0
-1
0
0
0
0
-2
0
0
0
1
1
-1
0
1
0
-2
0
0
0
0
-1
-1
0
0
-1
1
0
-1
-1
1
0
0
0
0
0
0
-1
1
0
0
0
0
0
0
-1
-1
1
-2
-1
1
1
-1
0
3
2
-1
0
-1
2
0
-2
0
0
-2
0
3
0
0
-1
0
0
-2
-1
0
0
0
0
2
1
0
1
0
0
0
1
0
0
-1
1
0
0
0
0
-1
-1
0
-1
0
1
0
0
0
0
0
0
0
0
0
1
0
1
0
-1
0
-1
-1
-1
-2
0
0
0
0
0
1
0
0
0
0
0
-1
0
1
0
0
1
2
2
0
0
0
-2
0
0
-1
0
0
0
0
-1
0
1
0
-1
0
1
1
0
0
2
3
0
0
1
0
0
-1
-1
0
0
0
0
-1
-1
0
0
0
0
0
0
0
1
1
0
-1
0
0
0
1
1
0
-1
0
0
0
0
0
0
-1
-2
0
0
0
0
0
1
0
0
0
0
0
0
0
0
0
0
1
1
-1
0
0
0
0
0
1
0
0
-1
0
0
-1
0
0
-2
0
0
0
2
0
0
0
0
0
0
-1
-1
0
0
-1
0
0
1
1
0
1
0
-1
0
-1
-2
-1
0
-1
-1
0
1
1
0
0
0
0
1
0
-1
-1
0
1
0
0
0
0
0
0
0
2
0
0
0
0
0
-2
0
0
0
0
0
1
1
0
1
0
0
1
0
-1
0
0
0
0
-1
-1
0
0
0
-2
1
0
-3
-1
0
0
-2
0
1
0
1
0
0
0
-1
0
1
-1
0
0
1
1
0
2
1
2
1
0
0
0
0
1
0
-1
0
-1
0
0
-1
0
0
0
-1
0
0
0
0
0
-1
-1
-1
1
-1
-2
0
0
1
0
0
0
1
0
0
0
0
0
0
0
1
0
0
-1
-1
2
1
0
1
1
0
-1
0
1
1
0
0
0
-1
0
0
0
0
0
-1
0
0
-2
-1
0
0
0
-1
-2
0
-1
-1
0
1
1
2
0
0
1
1
2
1
-1
1
0
0
-1
-1
0
0
-1
1
1
-2
-2
0
0
0
0
0
0
0
-1
0
0
0
1
1
-1
0
0
1
1
-2
0
1
0
-3
0
1
0
-1
0
0
0
-1
0
1
0
0
2
0
2
1
0
1
0
0
0
0
0
0
0
0
0
0
-2
-2
0
0
0
0
0
0
0
0
-1
0
0
0
0
0
0
0
0
0
1
-1
0
0
0
-1
0
0
0
0
0
0
1
-1
0
1
0
0
0
0
0
1
0
0
0
0
0
-1
-1
0
0
0
0
0
0
-1
0
0
0
0
0
0
0
0
-1
0
0
0
1
0
-1
0
0
0
0
-1
1
1
0
-1
0
1
0
0
1
0
0
-1
0
0
0
0
1
1
2
0
-1
0
-1
0
1
-1
0
0
0
-2
-1
1
0
-2
0
2
1
-1
0
0
0
1
0
-2
2
0
0
0
0
0
0
0
1
0
-1
0
0
0
0
0
1
-1
-2
1
0
0
0
1
0
-1
0
0
0
0
-1
0
0
0
0
0
0
0
0
0
1
-1
0
1
-1
0
0
0
0
0
0
-1
1
0
-1
0
1
1
-1
0
0
0
0
0
0
0
0
1
0
0
2
-1
-1
-1
0
0
0
0
1
0
0
-1
-1
0
0
0
0
0
0
0
0
1
1
-1
0
0
0
1
0
0
0
0
0
-1
0
0
1
1
0
0
0
-1
1
1
0
0
0
0
0
0
0
0
0
0
0
0
0
-1
0
1
-1
0
0
-1
0
0
1
0
1
0
0
0
0
1
0
0
1
0
0
0
0
2
0
0
2
0
-1
0
0
-1
0
0
0
0
-2
-1
0
0
0
0
-1
0
0
-1
0
1
0
0
-1
0
0
0
0
1
0
0
0
0
1
0
0
0
0
0
0
1
0
0
-1
0
0
0
1
1
0
-1
0
0
0
-2
-1
0
0
0
-1
0
0
-1
-1
0
0
0
-1
0
0
0
0
0
1
0
1
1
1
3
1
0
0
1
1
0
-1
0
0
0
-2
0
-1
0
-1
-2
-1
0
-1
-1
0
0
0
0
0
1
1
1
1
1
0
1
0
0
0
0
0
-1
-1
0
0
0
-1
0
0
0
0
0
-1
0
0
1
0
0
0
0
0
0
0
1
1
0
0
0
-1
1
0
-1
0
-1
0
0
0
0
0
0
0
0
0
0
0
0
0
0
-1
0
1
1
0
1
0
0
1
0
0
0
-1
0
0
1
0
-2
1
1
0
0
0
1
1
-2
-2
-2
0
0
-3
0
1
-1
0
0
1
0
0
-1
0
0
0
0
-1
2
0
0
-1
0
2
0
0
0
0
0
1
2
0
-1
-1
0
0
0
1
0
0
0
0
0
0
2
-1
-1
-2
0
0
0
0
0
0
0
0
0
0
0
0
0
0
0
0
0
0
0
1
0
0
-1
-1
1
0
0
0
-1
0
0
0
1
-1
0
1
1
1
0
0
0
0
0
0
0
0
0
0
-1
0
1
0
0
0
-1
1
0
0
0
0
0
0
1
0
0
0
1
0
-2
1
0
0
0
1
0
-1
0
1
0
-1
0
1
0
0
0
1
0
-1
1
0
-1
0
0
0
0
0
0
1
0
1
0
-1
0
1
0
0
0
1
1
0
-1
0
-1
-1
-1
0
1
0
0
3
0
0
-1
0
0
-1
1
1
-1
0
0
0
0
0
-1
0
-1
-1
0
-1
1
0
0
0
0
0
1
1
0
0
-2
-1
0
0
-1
0
0
0
0
1
-1
0
0
-1
1
2
0
1
1
0
0
0
1
0
-1
0
1
0
-1
0
0
0
0
-1
0
0
0
0
-2
0
-1
0
0
0
0
0
1
-1
0
0
0
-1
0
0
0
0
-1
0
0
0
1
0
0
0
0
0
0
0
0
0
-2
-1
0
0
-1
0
1
0
0
-1
0
0
0
0
0
0
0
0
0
1
0
0
0
1
1
0
0
0
0
0
1
1
0
1
1
0
0
-2
1
0
-1
-2
-1
1
1
0
0
0
0
1
1
0
0
0
0
0
-1
0
1
0
-1
0
-1
0
0
0
0
0
0
0
0
0
0
0
-1
-1
0
-1
0
1
0
0
0
0
2
0
0
0
0
0
-1
0
0
-2
0
0
1
1
0
0
0
0
0
1
1
-2
0
0
1
0
0
0
0
0
0
0
0
-1
1
2
1
0
-2
-1
1
0
0
1
-1
-1
0
0
1
0
-1
0
0
-1
0
0
0
0
1
0
0
0
0
0
0
0
0
0
-1
1
1
1
0
0
1
0
0
0
1
0
0
0
0
0
-1
1
0
0
0
-1
0
0
-1
0
0
0
-1
0
0
0
1
-1
-1
0
0
0
-1
0
0
0
0
0
2
0
-1
0
0
0
0
0
0
1
0
-1
1
1
0
0
0
0
-1
1
2
0
1
1
-1
-1
0
0
0
-1
0
0
0
0
0
0
0
0
0
0
0
1
0
0
1
0
-1
-1
0
1
0
-2
-2
0
0
-1
0
2
0
0
0
0
0
0
2
-1
-2
0
1
0
0
0
-1
-1
0
-1
0
0
0
0
0
0
0
2
0
-1
0
0
0
0
0
-1
0
1
1
0
0
1
0
-2
-1
0
0
0
0
0
-1
0
0
1
2
0
-2
0
0
0
0
-1
0
0
0
1
1
-2
0
1
0
0
0
0
0
0
0
0
1
0
0
0
1
0
0
-2
0
0
-1
0
1
0
-1
-1
0
0
0
1
3
-1
-1
0
0
0
2
2
1
2
2
0
1
0
1
0
0
0
-1
0
0
0
-2
0
1
0
-1
0
0
0
0
0
0
-2
-2
-1
-1
-1
-1
-1
-1
-1
-1
0
0
1
0
1
1
3
3
2
3
2
3
2
3
4
3
1
-1
1
1
0
0
0
0
0
-1
0
-2
-2
-1
-3
-1
-2
-2
0
-3
0
0
-1
0
0
0
1
1
-2
0
0
-2
1
0
-2
0
0
0
2
0
1
3
1
1
0
0
1
2
0
-1
0
0
0
0
0
-1
0
0
-2
0
0
-2
-1
0
0
-2
0
0
0
1
0
1
1
-1
1
1
-1
0
2
1
0
0
2
1
0
1
0
0
0
-1
0
0
-1
0
0
0
1
-2
0
0
-2
0
0
-1
-2
0
0
-2
0
0
0
0
-1
0
0
-1
-1
1
2
0
-1
0
2
0
0
0
0
0
1
1
1
0
1
1
0
0
0
1
0
0
0
0
-1
-1
0
-1
-1
-2
0
0
0
0
0
1
0
0
0
0
0
0
0
0
0
0
0
0
0
0
0
-1
1
1
0
1
2
2
1
1
0
0
1
2
0
1
-1
-2
1
0
0
0
-3
-3
-3
-2
0
0
0
0
0
-2
-1
0
1
0
0
0
1
0
1
3
2
1
2
1
1
3
1
1
2
1
1
0
0
0
0
-2
-3
-1
-2
-2
-2
-5
-3
-1
-2
-2
-1
-2
-1
0
0
0
0
0
0
0
0
1
2
2
0
1
1
3
2
3
2
1
2
0
0
1
2
1
1
3
0
0
2
0
1
0
-1
0
0
0
-1
-1
-1
-2
0
-1
-2
-1
-2
-1
-4
-3
-1
-1
0
-1
0
0
0
2
0
1
2
1
2
1
1
1
2
2
1
0
0
1
0
0
-2
-1
0
0
0
0
-2
-1
-1
0
0
1
-1
-1
0
0
1
0
-1
0
0
-1
1
0
0
0
1
0
-1
-2
0
2
1
1
0
1
0
0
1
1
0
0
0
0
0
0
0
0
1
0
-1
1
0
-1
1
-1
-1
-1
-1
0
0
0
1
0
-2
0
2
0
0
0
0
2
0
0
0
0
0
-1
0
1
0
0
0
0
0
0
-2
-1
0
1
0
-1
0
0
0
0
0
0
1
1
1
0
-1
-1
0
0
1
0
0
-1
-2
0
0
0
0
-1
-1
1
1
0
0
0
0
-1
0
0
0
1
0
0
1
-1
-2
0
0
0
0
0
-1
-1
0
0
0
0
0
0
0
0
0
3
0
0
1
-1
-2
-2
0
1
0
1
0
1
1
1
0
0
-1
-1
0
0
0
0
0
0
1
0
0
1
-1
-1
0
-1
-1
0
-1
0
1
0
-1
0
1
-2
-1
0
0
3
1
0
1
1
1
1
0
1
0
0
-1
0
0
0
0
0
0
0
0
0
0
0
0
0
0
0
0
-1
0
0
0
0
0
0
0
0
0
0
0
-1
0
0
-1
-1
0
0
-1
1
0
0
1
0
0
0
0
0
2
0
0
0
1
0
0
0
-1
0
-1
0
0
0
0
-1
-2
0
-1
0
1
-1
0
0
-1
1
1
1
1
0
0
1
0
0
1
0
1
0
1
-1
-2
0
-1
-1
1
0
0
0
-1
0
0
0
0
0
2
0
0
0
-1
-1
0
0
2
0
0
-1
-1
0
0
0
1
0
0
0
-1
0
0
-1
0
0
0
0
-1
0
1
0
1
0
-1
0
0
0
1
0
0
0
0
0
0
0
0
-1
-1
0
-1
0
-1
0
1
0
0
0
-1
0
0
1
0
0
0
-1
1
1
0
1
2
1
0
-2
-1
0
1
-1
-4
-1
0
-1
-1
0
0
0
0
0
0
2
0
0
0
0
0
0
0
0
0
2
0
-1
0
1
0
0
1
1
3
2
0
0
0
1
0
0
0
0
-1
-1
0
0
-1
-1
0
0
1
0
1
1
1
0
-1
0
0
0
0
-1
-1
-1
0
1
0
0
0
0
1
1
0
1
0
-1
0
0
-2
0
1
0
0
0
0
0
-1
0
-1
0
-1
0
0
0
0
0
0
0
0
1
0
0
0
1
0
0
0
0
0
0
-2
-1
0
0
0
0
0
-1
0
0
0
0
0
1
0
0
1
0
0
0
0
0
0
-1
0
0
1
-1
-1
0
0
0
0
0
0
0
0
0
1
0
0
-1
-2
0
0
0
-1
-1
1
0
0
0
0
0
1
0
0
1
0
1
1
0
-1
-2
0
1
0
0
0
0
-1
-1
0
0
0
0
-1
0
-1
0
-3
-1
0
0
0
0
0
0
0
0
0
0
-1
0
0
1
2
-1
0
1
0
0
2
0
0
1
1
0
0
0
0
-1
-1
0
0
0
0
-2
-1
0
0
0
-1
-1
0
0
0
0
0
0
-1
0
0
1
0
-1
0
1
0
0
1
0
0
2
1
0
0
0
0
0
0
-1
-1
0
0
2
1
-1
0
0
0
0
0
0
0
-1
0
0
1
0
0
1
0
0
0
0
1
1
0
0
1
0
1
0
-2
0
0
0
0
0
-1
0
0
0
0
0
0
0
0
1
0
1
0
0
0
0
0
-1
0
0
0
0
-1
1
1
0
0
0
-1
0
0
0
0
0
2
0
0
0
-2
0
0
0
0
0
0
1
1
0
-1
0
-1
-1
0
0
0
0
0
0
0
0
-1
-1
1
0
0
-1
0
1
0
0
1
0
-1
0
0
0
0
-1
0
0
0
0
0
1
0
0
0
0
0
0
0
1
0
0
1
0
0
0
0
0
0
0
0
0
0
-1
0
0
0
-1
-1
0
1
0
-2
0
1
0
0
0
-1
0
0
0
-1
-1
2
1
0
0
1
0
0
0
0
2
0
0
1
1
0
-1
0
0
0
0
0
0
0
0
-1
0
2
0
0
0
0
0
0
0
1
0
-1
0
0
-1
0
1
0
0
0
0
0
0
1
1
1
-1
0
0
0
0
0
-1
1
0
0
0
0
0
0
1
0
0
0
0
0
0
0
0
0
0
0
0
0
0
0
0
0
0
-1
0
0
0
0
0
0
-1
0
-1
-1
0
-1
0
0
-1
0
0
0
1
1
0
0
0
0
0
-1
0
0
0
0
0
0
0
0
1
0
0
0
-1
0
-2
0
0
-1
0
0
1
1
1
0
1
0
0
0
0
0
0
0
0
-1
0
0
0
0
0
0
0
-1
-1
0
0
-2
0
1
-1
-1
1
0
0
1
1
1
0
0
1
1
0
1
2
0
0
0
0
0
0
0
0
0
0
0
0
0
0
0
-1
0
0
0
0
1
0
-1
0
0
0
1
0
0
0
0
-1
0
1
1
1
-1
0
0
1
0
-1
0
0
0
-1
1
1
0
0
0
0
0
0
0
0
0
0
0
0
-1
0
-1
0
0
-1
-1
-2
-2
-1
0
0
1
0
-2
0
1
2
1
0
0
1
0
3
2
1
2
2
1
0
1
2
1
1
0
0
1
0
0
0
0
-1
-3
-2
-2
-2
-4
-2
1
-2
-3
-4
-3
0
-2
-2
0
-1
-1
0
1
1
0
0
2
1
1
2
3
2
2
3
4
3
0
1
2
0
2
1
1
0
0
2
0
0
1
0
-2
-2
0
0
-2
-1
-1
-2
-5
-2
0
-2
-1
0
0
-2
-1
-2
-1
0
0
3
1
0
1
0
0
0
1
1
1
1
0
-1
-2
0
1
1
2
1
0
0
-1
0
0
0
1
0
-2
-1
0
-2
0
0
0
-1
0
0
0
-1
-2
0
-1
0
0
1
0
0
0
1
0
0
2
2
0
0
0
0
0
-1
0
0
0
0
0
-1
-3
0
1
0
0
0
0
0
-1
-1
0
-2
0
1
0
-1
-1
0
0
1
0
1
2
0
-1
0
0
1
0
0
2
1
-1
0
0
0
0
0
-1
0
0
0
0
0
0
0
0
-1
0
0
0
0
0
1
0
0
0
1
1
0
0
0
0
1
1
-1
0
0
-1
0
0
0
-1
0
-1
0
-1
-1
0
0
0
-2
0
0
-1
1
1
0
1
1
1
0
2
0
-2
0
0
2
0
-1
0
0
0
0
0
0
0
0
-1
0
0
-1
0
0
0
0
0
-1
-2
1
1
0
-2
0
2
1
-1
0
0
1
-1
0
0
0
0
0
0
0
1
0
0
0
-1
1
1
-1
0
0
-1
0
0
0
1
0
-1
0
0
0
0
1
0
-1
0
0
0
0
-1
0
2
1
0
0
-2
-1
0
0
0
0
0
0
1
0
0
0
-1
-1
0
0
-1
-1
1
0
-1
0
-1
0
2
0
0
-1
-1
0
1
0
0
1
0
0
0
0
0
0
0
2
1
0
-1
1
0
0
2
0
1
-1
1
0
-3
-2
-1
-1
-1
-1
0
-1
-1
0
0
-1
0
0
1
1
0
2
1
0
1
0
0
0
0
2
1
0
-1
0
1
-1
0
0
0
0
0
0
-1
0
0
1
0
-1
1
0
0
0
1
1
0
0
0
0
-3
-1
1
0
0
0
1
0
-2
0
2
1
0
1
1
-1
0
0
0
0
0
1
0
0
-1
0
1
-1
0
0
0
0
1
1
-1
0
-1
0
2
0
0
0
0
-1
-2
0
0
0
0
0
0
0
0
0
0
-3
-1
0
0
1
-1
0
0
0
1
2
0
0
0
1
0
0
0
1
0
0
0
0
1
0
0
-1
-1
-1
1
1
-1
0
0
0
0
-1
-1
0
-2
0
1
0
0
1
1
0
-1
1
0
0
0
0
0
-1
1
1
-2
-2
0
0
1
0
0
-1
0
0
0
1
0
-1
1
0
0
0
0
0
-1
-1
0
0
0
0
2
1
0
0
2
1
0
-1
0
0
0
0
0
-2
-1
-1
0
0
0
1
0
0
0
0
-1
-1
0
0
0
0
-2
-1
0
-1
0
1
1
0
0
0
0
-1
-1
0
0
2
1
0
0
0
-1
0
0
0
0
0
1
1
0
0
0
-1
0
1
1
0
0
0
-1
-1
-1
0
1
1
0
0
0
0
0
0
1
0
-1
0
-1
1
0
0
0
0
1
0
2
0
0
0
0
0
0
-1
-1
-1
-1
0
0
-1
0
-2
-1
0
0
1
0
2
2
1
0
0
0
0
1
0
0
0
-1
-1
0
-1
0
0
0
0
0
0
0
-1
0
2
1
0
1
0
0
0
-1
0
1
0
0
-1
0
0
0
0
1
0
0
1
0
0
1
0
0
1
0
-1
0
0
-1
-1
-1
0
-1
0
1
1
0
0
1
1
2
0
0
0
0
0
0
-2
-1
-1
0
1
0
-2
-1
1
0
0
1
-1
0
2
2
1
0
0
2
0
0
0
0
0
0
0
0
0
-1
0
0
0
0
0
2
0
-2
0
0
0
0
0
0
0
-1
-1
1
0
0
0
0
0
-2
2
1
-1
0
1
0
0
1
1
-1
0
1
1
0
-2
0
2
1
-1
1
0
0
0
-1
0
-1
-1
0
0
-1
0
0
-1
0
0
1
0
-1
0
0
0
-1
-1
0
0
1
0
0
0
0
1
0
0
0
0
0
0
0
2
-1
0
1
0
0
-1
0
0
0
0
0
1
0
0
0
0
0
1
0
0
0
0
0
0
-1
0
0
0
0
0
0
0
-1
-1
0
0
0
0
0
0
1
0
0
0
0
1
0
0
0
0
0
-1
0
0
0
2
-1
0
0
0
0
0
0
0
0
0
1
0
0
0
0
0
0
0
0
-2
0
0
-2
-1
-1
0
0
0
0
0
0
0
0
0
0
0
1
-1
0
2
0
1
1
-1
0
0
-1
0
0
0
0
0
0
1
0
0
0
0
0
0
0
0
0
0
0
0
0
-1
0
0
-1
-1
0
0
0
-1
-1
0
0
0
1
0
0
0
0
0
0
0
2
0
-1
0
0
0
-1
0
1
0
-1
0
0
0
0
0
1
0
1
0
0
0
0
0
-1
0
-1
0
-1
-1
0
1
1
0
0
0
0
0
0
1
1
0
0
0
0
-1
0
-1
0
0
0
1
0
0
-1
-1
0
0
0
0
1
0
0
1
0
0
0
-1
0
0
1
0
0
0
0
0
0
0
0
0
-2
0
1
1
0
0
0
0
0
0
0
2
0
0
0
0
0
-2
-1
0
0
0
0
0
0
0
0
0
-1
-1
1
-1
0
2
0
1
0
0
0
1
1
0
0
0
0
-1
0
2
0
0
-1
0
1
0
-1
-1
-2
-1
0
0
-1
-1
-1
0
2
0
0
-1
0
2
0
0
0
0
0
0
0
2
0
0
1
0
-1
0
0
0
0
-1
0
-1
-1
0
0
0
-1
0
0
0
1
0
0
0
1
2
0
1
1
1
1
0
0
0
0
0
0
0
0
0
-2
0
0
-1
-2
-1
0
-2
0
0
0
0
0
0
0
0
0
0
0
1
1
1
1
0
1
0
0
2
0
0
0
0
0
0
0
0
0
-1
-2
0
0
-2
0
0
0
0
0
0
0
0
0
0
0
-2
0
0
0
1
0
0
-1
1
1
0
0
2
1
1
1
1
2
0
0
2
-1
-1
-1
0
0
-1
0
-1
-2
0
0
-1
0
0
0
0
0
0
0
0
0
0
0
-1
0
0
1
2
0
0
0
0
0
0
2
0
-1
-2
0
0
-2
-1
-1
0
0
0
2
0
-1
-1
-2
0
0
0
1
0
0
0
0
0
-1
0
0
-1
0
0
0
0
0
0
0
0
0
1
1
0
0
0
-1
0
0
0
0
-1
-1
0
0
0
1
-1
-1
0
0
-1
0
1
0
1
0
0
1
0
0
0
0
1
-2
0
0
0
0
-1
-1
0
0
0
0
-1
0
0
2
2
0
0
0
4
0
0
1
0
0
0
-1
0
-1
0
-2
0
0
-1
0
0
0
0
0
2
0
0
0
-1
-1
0
0
-1
0
0
0
0
0
0
0
-1
0
1
0
1
0
0
0
0
0
0
1
1
0
-1
0
0
-1
-1
0
0
1
0
0
-1
0
0
-1
0
0
2
0
0
0
-1
-1
0
-2
0
0
1
2
1
0
0
0
1
0
0
-3
0
2
0
0
0
0
0
1
0
0
0
1
0
0
0
0
-1
-1
0
0
0
0
0
0
0
0
0
0
1
0
0
0
0
0
0
0
0
0
0
0
0
0
0
0
-1
0
1
0
0
0
1
0
0
0
-1
0
0
0
1
0
0
1
0
0
1
0
0
0
-1
-1
0
-2
0
1
-1
0
0
-1
0
0
0
0
1
0
0
0
-1
-2
0
0
0
0
0
0
0
0
-1
1
0
-1
0
0
1
0
0
2
0
1
-1
0
0
0
0
0
0
-2
-1
1
1
0
0
0
1
0
-2
0
0
0
-2
0
1
0
0
0
-1
0
0
0
-1
0
0
0
0
0
0
0
0
-1
0
0
0
0
1
0
0
2
0
-2
0
0
0
2
0
0
0
1
0
-1
0
-3
0
-1
0
1
0
0
0
-1
0
0
0
0
0
0
0
0
-1
-1
1
-2
0
0
-1
0
-1
0
0
-1
-1
0
1
1
1
0
-1
0
1
1
2
1
2
1
0
0
1
1
0
0
0
1
0
1
0
0
0
-2
0
-1
-1
0
1
-1
0
1
-1
-1
0
-1
0
1
1
1
0
0
0
0
1
1
1
0
0
0
-1
0
1
0
0
0
0
0
0
0
0
-1
0
0
0
0
0
0
0
1
0
0
1
-1
0
1
-1
0
0
0
0
0
1
0
0
0
0
-1
0
1
1
-1
-1
0
-1
0
0
0
0
-1
0
0
0
0
0
1
0
0
1
0
0
0
2
0
0
0
0
0
0
1
0
-2
0
0
0
0
-1
1
0
0
0
0
0
0
0
0
0
0
0
0
0
0
0
0
0
0
0
0
0
0
0
0
0
-1
-1
-1
0
1
0
0
0
0
1
0
0
0
-1
0
0
-2
0
0
1
0
1
0
0
1
0
0
0
-1
0
0
0
0
0
-1
0
0
0
0
0
-1
0
1
1
0
-1
0
1
0
0
0
0
0
1
0
0
-1
0
0
0
-1
0
0
0
0
-1
0
0
-1
-1
0
0
0
1
0
0
0
0
0
0
1
1
0
-1
0
0
0
0
0
0
0
-1
0
0
0
1
1
1
-1
0
0
0
-1
-1
0
0
0
0
-1
0
-2
0
1
-3
-1
1
1
1
0
0
0
-1
-1
-1
1
0
1
2
0
0
0
0
1
-2
0
1
0
-1
0
0
-1
-1
-1
1
0
-1
0
1
0
0
1
1
0
0
1
1
0
0
0
0
0
0
0
0
0
0
0
-1
0
0
-1
0
0
0
0
0
1
0
0
0
0
0
0
0
0
-1
0
0
0
0
-1
-1
-1
0
-2
0
0
0
1
2
0
0
0
0
0
1
0
0
0
2
0
0
2
0
-1
0
0
1
-1
0
0
-1
-1
-1
0
0
-2
0
0
-2
1
0
0
0
0
1
1
-1
0
0
1
0
0
0
0
0
1
0
0
1
0
0
0
1
0
0
1
0
0
-1
0
1
0
0
0
0
0
0
-1
-1
0
0
0
1
0
-1
0
1
0
0
0
1
0
1
-1
0
0
0
1
0
0
0
0
0
0
-1
0
0
0
1
0
0
0
-1
0
0
1
0
0
0
0
1
-1
0
0
0
0
0
0
0
0
0
0
-1
0
0
0
0
0
0
0
1
1
0
0
0
0
-1
-2
0
0
1
0
-1
0
0
0
0
2
2
1
-1
0
1
0
0
0
0
0
0
0
0
1
0
0
0
0
1
0
-1
-1
-1
-2
-1
0
0
0
0
0
1
1
0
0
0
0
0
-1
0
-1
0
0
0
1
0
0
0
0
1
0
0
0
-1
0
0
0
2
0
0
-1
0
0
0
0
0
0
0
0
0
-1
0
0
0
-1
0
1
1
-1
-1
0
0
0
0
0
0
1
1
0
0
0
1
0
0
2
0
0
0
0
0
0
1
0
-1
0
0
-1
0
0
0
0
2
0
-1
0
0
0
1
0
-1
0
-2
0
1
0
0
-1
0
0
0
0
0
0
0
1
0
0
0
2
0
0
0
0
0
0
1
0
-1
0
-2
0
0
1
1
-1
0
0
0
0
0
-1
0
0
-2
0
1
0
0
1
1
1
1
0
0
0
0
0
0
0
0
0
0
0
0
0
0
-1
0
-1
-1
0
1
0
0
1
1
0
-1
0
0
0
-1
0
0
0
0
0
1
0
1
1
0
0
1
-1
-2
0
0
-1
0
0
0
0
0
0
1
1
0
0
2
2
0
1
-1
-1
0
0
0
0
0
0
-1
0
0
-1
0
0
0
0
0
0
-1
0
0
0
0
0
1
2
1
1
0
1
0
-1
1
0
0
0
0
0
0
-1
-1
0
0
0
-1
0
0
0
-1
0
0
0
0
0
2
0
-1
1
1
0
0
0
0
0
1
0
-1
0
0
-1
-1
0
0
0
0
1
0
-1
0
-1
-1
0
1
1
1
0
2
2
0
0
0
0
-1
0
0
0
0
0
0
1
1
0
0
0
0
1
0
0
0
0
0
0
0
-1
0
0
-1
0
0
-1
0
0
-1
0
0
0
0
0
0
0
0
-1
0
-1
1
1
0
0
0
1
0
0
0
1
1
-1
1
0
1
1
0
0
0
0
0
0
0
-1
0
0
-1
0
0
1
0
-1
0
-1
-1
-1
-1
1
0
0
0
0
0
0
-1
0
0
0
0
0
0
-1
0
1
0
0
1
0
0
0
0
1
1
0
0
2
0
1
0
-1
1
0
0
0
0
0
0
0
-1
-1
-1
0
0
0
0
0
1
1
1
0
-1
0
-1
0
0
0
0
0
1
0
0
0
0
-1
-1
0
0
1
-1
0
0
1
0
0
0
0
1
0
0
0
0
0
0
0
0
0
0
0
0
0
0
0
-1
-1
0
0
1
1
-2
0
0
0
0
0
0
2
2
0
0
0
0
1
0
0
0
0
2
0
0
0
1
0
-1
0
0
0
0
0
0
0
0
0
-1
0
0
-1
0
1
0
0
0
1
0
0
-1
0
0
-1
0
0
0
1
-1
0
-1
0
1
2
3
0
-1
0
0
0
0
0
1
0
0
0
-2
-2
0
0
1
0
1
0
-1
0
0
-1
0
0
1
1
0
-1
0
0
0
-1
0
0
-1
0
1
0
0
0
0
0
0
-1
0
0
0
1
1
0
0
1
1
0
0
0
0
1
0
0
0
-1
0
-1
0
1
0
0
0
0
0
0
0
0
1
0
0
-1
-1
-1
0
0
0
0
1
0
0
0
0
0
0
0
0
1
1
0
0
0
0
-1
0
0
0
0
0
0
0
0
0
0
0
2
1
0
0
-1
0
0
0
0
1
0
-1
-1
-1
0
0
0
2
0
0
-1
-1
0
0
0
0
1
0
-1
0
0
0
0
0
-1
0
0
-2
0
0
0
1
0
0
1
1
0
1
0
-1
0
1
0
0
0
0
0
0
0
-1
0
1
0
0
0
-1
-1
-2
-1
1
1
0
1
-1
-1
0
-2
0
2
0
0
0
0
0
0
0
1
0
-1
1
0
0
0
0
0
-1
-1
0
0
0
0
0
0
1
0
1
1
0
1
0
0
0
0
0
-1
0
-1
-1
0
1
-2
1
1
0
1
0
0
0
-1
0
0
0
0
0
0
1
0
0
2
0
0
0
-1
-2
-1
-1
-1
-1
0
0
0
0
0
0
0
0
1
2
-1
0
0
0
0
0
0
0
0
0
0
1
2
0
0
0
-1
0
0
0
0
-1
-2
0
1
-1
-1
0
0
1
1
0
-1
0
0
0
0
-2
0
0
0
0
-1
1
0
-1
1
0
1
0
0
0
0
1
0
0
0
0
0
-1
0
0
1
0
0
-1
-1
0
0
-1
0
0
0
0
0
0
0
-1
0
0
0
0
2
1
0
1
1
0
0
0
-1
0
0
0
-1
0
1
2
0
0
0
0
0
0
-2
0
0
0
0
0
1
1
0
0
-1
-1
0
0
-1
0
-1
0
2
1
0
1
0
1
0
0
0
0
0
-1
0
-1
-1
0
0
0
0
1
1
0
0
0
0
0
-2
-1
0
0
0
0
-1
1
0
0
1
0
1
1
0
0
0
-1
0
0
0
0
0
0
0
1
0
0
-2
0
0
0
0
-1
-1
0
0
0
0
0
1
-1
-1
1
0
1
0
0
0
-2
0
1
0
-2
-1
-1
0
1
1
1
0
0
1
0
-2
0
1
0
-1
-2
-3
0
1
0
0
-1
0
0
1
0
0
2
0
-1
0
0
0
-1
0
1
0
0
0
0
0
0
0
0
1
-1
0
1
1
0
-1
1
0
0
-1
-2
1
0
0
-1
0
0
0
0
1
0
0
0
0
0
0
-1
0
1
0
0
0
1
2
-1
0
1
0
-2
-1
-2
-2
1
1
0
0
0
0
0
0
1
0
0
2
2
0
0
0
-2
-1
0
0
-1
-1
1
0
-2
0
0
1
-1
0
0
0
0
0
0
0
2
0
0
0
0
0
0
0
0
0
0
0
0
0
0
0
0
0
0
0
0
1
1
0
0
0
0
0
-1
0
1
-1
0
0
0
0
0
0
0
-2
-1
0
1
0
0
0
1
1
-1
-2
0
0
0
1
0
0
1
0
0
0
1
0
0
0
0
0
1
0
0
0
0
-1
-1
0
-1
0
0
0
0
0
0
0
0
0
-1
-1
0
0
0
1
1
0
0
0
0
0
0
1
0
-2
-1
0
0
1
0
0
0
0
0
0
0
0
0
1
0
0
0
-1
0
0
-1
-1
0
0
0
0
0
0
1
0
0
1
0
2
-1
0
1
-1
0
0
0
1
-1
0
0
0
0
0
0
0
0
-1
-1
-1
0
0
-1
0
-2
0
1
0
0
-1
0
1
0
0
0
1
0
0
0
0
0
1
0
0
0
1
0
0
-1
0
0
-1
0
0
0
0
-1
1
1
1
0
0
0
0
1
-1
0
0
-2
0
0
0
1
1
0
-1
0
0
1
0
-1
0
0
2
2
0
0
0
0
0
0
0
0
0
-2
0
0
2
-1
0
0
-1
0
-1
2
1
0
-1
0
0
0
0
-1
0
0
-1
1
0
-1
0
0
0
1
0
0
1
1
0
0
0
0
2
0
-1
0
-2
0
1
0
0
0
0
0
-1
-1
0
-1
0
0
0
1
0
0
1
0
0
0
0
0
-1
0
2
0
0
1
0
-2
0
1
-1
0
0
-1
0
1
0
0
1
1
0
0
0
-1
-1
0
1
0
0
0
0
0
-1
1
0
-1
0
0
-1
0
0
0
0
0
0
-1
0
2
1
0
0
-1
1
0
-1
0
0
0
0
0
1
0
0
0
0
1
0
0
0
0
0
1
0
0
1
0
0
2
0
0
-1
0
0
0
1
0
0
0
0
0
-1
0
0
0
0
0
0
0
1
1
0
0
0
0
0
2
0
-2
0
0
0
1
0
-1
-2
0
0
-1
0
0
0
1
0
-1
-1
1
2
0
0
-2
-1
0
2
2
0
0
0
2
0
0
1
0
4
1
-1
-1
0
0
1
0
0
0
-2
-1
-1
-1
-1
-1
-1
0
0
0
-2
1
1
0
0
0
-1
0
0
0
0
0
0
1
1
-1
0
0
-1
0
-1
1
1
0
0
-1
0
0
0
2
0
0
0
1
0
0
1
0
0
1
0
-2
0
1
0
-1
0
0
-1
0
0
1
0
0
2
-1
-1
0
1
1
0
0
0
1
1
1
1
0
1
0
0
-1
-4
0
0
0
0
-1
0
0
0
0
1
0
0
0
1
0
1
0
-1
0
-1
-1
-1
1
0
0
-1
0
0
0
1
0
1
0
1
-1
0
1
0
1
0
-1
-2
1
0
1
0
0
0
0
-1
0
0
0
0
0
-1
-1
2
0
0
1
0
-3
0
0
0
0
0
0
0
-1
1
0
0
0
0
1
0
2
1
0
1
-2
1
1
0
0
0
1
1
0
0
-1
0
-1
-3
0
1
0
-1
0
0
0
0
0
1
0
1
0
-2
1
1
-1
0
0
0
1
0
0
1
-1
-1
0
-1
-2
-1
0
-1
-1
1
0
-1
0
0
0
1
1
0
1
0
1
0
0
1
-1
0
0
0
1
0
3
-1
-2
0
0
0
-1
1
0
-2
0
-2
-1
1
0
0
0
-1
-1
0
-1
0
1
0
0
2
1
0
0
0
0
0
1
0
0
2
0
1
0
-2
-1
-1
0
0
1
0
0
1
0
0
-1
-2
-1
0
0
1
2
0
1
0
-2
-1
0
-1
-1
1
1
0
0
0
1
0
-1
0
0
-1
0
2
1
-1
0
0
0
1
0
0
1
-1
0
1
0
0
0
-1
-1
0
0
-1
-1
-1
0
1
0
-2
0
0
0
-2
2
1
0
2
0
0
0
1
1
0
0
-1
0
0
0
0
0
0
0
0
0
0
-2
-3
0
0
1
-1
0
0
-1
0
1
0
0
0
1
2
0
0
1
0
-3
0
2
0
0
0
0
0
0
0
0
0
0
1
1
0
-1
0
2
0
0
0
0
0
0
0
0
0
0
-2
0
0
0
0
0
0
-1
0
0
-1
-1
0
1
1
0
0
0
0
1
0
0
0
0
0
0
0
0
0
0
-1
0
2
0
0
1
0
-1
1
0
1
1
0
0
0
-1
-1
0
0
0
0
1
1
0
-1
-2
-2
-2
0
0
-2
-1
0
0
-2
-2
-1
1
3
3
2
0
1
2
1
1
0
0
1
2
0
0
0
0
1
1
1
0
0
1
0
-1
-1
0
-3
-1
0
-1
-1
-1
0
-1
-1
0
0
0
-3
-1
-2
1
0
-4
0
0
0
0
1
0
1
2
1
1
2
0
0
0
0
1
0
2
1
0
-1
0
1
0
0
0
0
0
-1
0
0
-1
-1
0
0
0
0
0
1
0
0
-1
0
0
0
1
0
0
0
0
0
0
0
1
0
-1
0
0
0
1
1
1
0
0
0
-1
0
0
0
1
0
0
0
0
0
0
-2
0
0
-1
0
1
0
0
0
1
1
0
0
1
0
1
0
0
1
0
1
-1
0
0
-2
-1
0
0
0
0
0
-1
-1
1
0
0
0
0
1
1
0
0
1
-1
1
0
1
0
0
0
0
0
-1
0
0
0
1
0
-2
-1
0
-1
-1
-1
0
0
-1
0
0
0
0
0
0
2
2
0
0
0
0
2
2
-1
0
1
0
0
0
0
1
0
0
0
0
1
0
-1
-2
0
0
-1
0
-1
-2
1
0
0
0
0
0
-3
-1
0
-1
1
0
0
0
-1
1
0
0
0
1
1
0
0
1
1
2
2
0
0
0
1
0
0
1
-2
-1
0
-2
0
0
0
0
-1
0
-1
0
-3
-1
0
0
1
1
0
0
0
0
0
0
-1
1
0
0
2
1
0
0
0
0
0
0
-1
0
0
0
1
0
-1
0
1
0
1
0
-2
0
0
0
0
-1
0
1
1
1
0
0
0
0
0
0
2
0
0
1
0
0
0
-1
0
0
-2
-2
0
1
0
0
0
0
1
0
0
0
0
0
-1
1
0
0
-1
0
0
0
0
-1
0
3
1
0
0
1
0
0
0
0
-1
0
0
1
0
0
2
0
0
-1
0
1
0
0
0
-1
0
0
-1
1
-1
-1
0
0
1
0
0
-1
1
1
-1
-1
-1
0
-1
0
0
-1
1
2
0
1
2
0
0
0
0
0
0
1
1
0
-2
0
0
0
0
0
0
-2
0
0
0
0
0
0
-1
-1
1
-1
0
1
0
0
1
0
2
0
-2
-1
0
0
0
0
0
0
-1
1
0
0
-1
0
0
0
0
1
-1
0
0
-1
0
0
0
0
-1
0
0
1
0
0
0
0
1
0
0
0
-1
-1
0
0
-1
0
1
0
-2
-1
0
0
0
-1
0
1
0
0
0
0
1
1
0
0
1
0
0
1
0
1
0
-1
1
0
0
-1
0
0
1
0
-1
0
-1
-1
0
0
0
0
0
0
0
1
1
0
0
0
0
0
0
0
1
0
-1
0
-1
0
1
1
1
0
0
0
0
1
0
0
0
0
0
0
0
1
0
0
0
0
0
-2
-1
0
0
0
0
-1
0
0
0
0
1
0
1
0
-1
0
0
2
0
0
0
0
1
-1
0
-1
-2
0
0
-2
0
0
1
0
0
-1
0
0
0
0
-1
0
0
0
0
-1
0
0
0
1
-1
-1
1
3
0
0
0
0
-1
1
0
0
1
0
0
-1
0
1
0
0
0
1
0
0
0
1
0
0
0
-1
-1
0
-1
0
0
-1
-1
0
0
0
0
-1
0
1
0
0
0
1
0
1
1
0
0
0
0
0
1
0
-1
0
0
1
-1
-1
2
0
-2
0
0
-1
0
0
0
0
0
0
0
-1
0
1
0
0
1
0
-1
0
0
-1
0
0
0
2
1
1
0
0
0
-1
0
1
0
-1
0
0
1
0
0
0
-1
1
0
0
-1
0
0
-2
0
0
0
0
0
0
1
1
1
1
0
1
0
0
0
0
0
0
0
0
0
0
0
-1
0
0
0
0
0
1
0
0
1
1
0
0
1
0
0
0
0
0
0
0
0
0
0
-1
0
0
0
-1
0
0
0
2
0
1
1
0
0
1
0
0
0
-1
0
0
-1
-3
0
0
1
1
-1
0
2
2
1
0
1
0
0
0
0
0
0
0
1
0
0
0
0
-1
-1
-1
0
-1
-3
-1
0
-1
0
0
0
-1
0
0
0
0
0
0
1
0
0
0
0
0
2
0
0
0
1
0
1
1
0
-1
1
2
1
0
0
0
0
0
-1
0
-1
-2
-1
-1
0
0
0
1
2
0
0
-2
-1
0
1
0
-3
-1
0
0
-1
0
1
0
0
-1
-1
1
2
0
-1
0
0
0
1
0
-1
1
0
0
0
0
0
0
0
0
0
0
2
0
-1
0
1
1
0
0
0
0
-1
-1
0
0
0
0
0
1
0
1
1
0
0
0
2
1
0
0
0
0
0
0
2
0
0
1
0
-2
-1
0
-1
-2
-1
0
0
0
0
-1
0
1
0
0
-1
0
0
0
-1
0
0
0
1
0
0
2
2
1
0
0
0
1
0
0
0
0
0
1
0
0
0
-1
0
0
0
0
1
0
0
0
0
-1
0
0
0
0
-1
0
0
0
0
0
0
-1
0
0
0
0
-2
0
0
-1
1
0
0
0
1
1
0
0
1
1
0
0
0
0
0
0
0
0
0
0
0
1
0
2
1
-1
-1
0
-1
-1
-1
-1
0
-1
0
0
0
0
0
0
0
0
0
0
1
0
0
0
1
1
0
2
0
0
0
0
0
0
0
0
0
0
0
-1
-1
0
-1
0
0
0
0
1
0
0
0
0
0
0
1
2
0
0
-1
1
0
-1
0
1
0
0
1
-1
-2
0
-1
-1
1
0
0
0
0
0
0
0
-1
0
1
0
1
2
0
0
0
-1
0
0
0
0
0
0
-1
-1
0
-1
0
0
0
0
1
0
0
0
0
0
0
0
0
1
0
0
0
1
1
0
0
-1
0
0
0
1
0
0
0
0
0
0
0
0
0
-1
0
0
0
0
-1
-1
0
0
0
0
0
0
0
0
-1
0
2
0
0
