0
0
0
0
0
0
0
0
0
0
0
0
0
0
0
0
0
0
0
0
0
0
0
0
0
0
0
0
0
0
0
0
0
0
0
0
0
0
0
0
0
0
0
0
0
0
0
0
0
0
0
0
0
0
0
0
0
0
0
0
0
0
0
0
0
0
0
0
0
0
0
0
0
0
0
0
0
0
0
0
0
0
0
0
0
0
0
0
0
0
0
0
0
0
0
0
0
0
0
0
0
0
0
0
0
0
0
0
0
0
0
0
0
0
0
0
0
0
0
0
0
0
0
0
0
0
0
0
0
0
0
0
0
0
0
0
0
0
0
0
0
0
0
0
0
0
0
0
0
0
0
0
0
0
0
0
0
0
0
0
0
0
0
0
0
0
0
0
0
0
0
0
0
0
0
0
0
0
0
0
0
0
0
0
0
0
0
0
0
0
0
0
0
0
0
0
0
0
0
0
0
0
0
0
0
0
0
0
0
0
0
0
0
0
0
0
0
0
0
0
0
0
0
0
0
0
0
0
0
0
0
0
0
0
0
0
0
0
0
0
0
0
0
0
0
0
0
0
0
0
0
0
0
0
0
0
0
0
0
0
0
0
0
0
0
0
0
0
0
0
0
0
0
0
0
0
0
0
0
0
0
0
0
0
0
0
0
0
0
0
0
0
0
0
0
0
0
0
0
0
0
0
0
0
0
0
0
0
0
0
0
0
0
0
0
0
0
0
0
0
0
0
0
0
0
0
0
0
0
0
0
0
0
0
0
0
0
0
0
0
0
0
0
0
0
0
0
0
0
0
0
0
0
0
0
0
0
0
0
0
0
0
0
0
0
0
0
0
0
0
0
0
0
0
0
0
0
0
0
0
0
0
-1
1
-5
-2
10
2
11
15
-5
15
12
-57
-16
41
-55
-47
35
8
-2
44
15
19
35
-33
-14
12
-30
0
16
-5
2
-1
1
-3
6
-18
-9
27
-15
-13
-18
-18
1
-4
12
7
26
36
-13
18
28
-37
1
0
-50
21
8
-49
-6
-2
-7
14
-21
19
87
16
-4
17
7
-11
-55
-46
-20
-63
4
95
5
31
76
-48
-39
-3
-56
7
26
-1
15
11
6
-8
10
-4
-70
-11
22
15
58
-14
-27
43
27
0
-24
-21
-15
-30
-1
4
0
18
-1
23
-10
-56
54
55
-9
32
-46
-65
17
-40
-55
34
70
26
-4
40
3
-18
-14
-96
-25
59
9
55
74
14
-1
-58
-114
-51
61
27
-40
15
-2
13
55
9
49
25
-39
19
16
-49
-43
-46
-52
13
42
-24
-23
45
14
-4
42
22
19
77
-11
-87
-4
1
-65
-51
-6
13
4
11
61
59
13
-26
-33
27
32
-40
-24
-3
-17
11
-1
-55
-64
9
25
25
80
18
17
78
41
-25
-72
-37
-12
-9
-48
-123
-5
86
13
19
19
-7
27
23
22
25
-13
-14
21
15
-17
-26
-63
-27
32
-46
-34
1
15
90
12
-10
37
-2
25
29
-4
-22
-85
-64
13
31
32
-6
-24
14
38
17
-25
33
35
-44
-28
-16
0
21
-11
6
-1
-23
15
10
-20
-25
-4
-17
2
9
-36
33
61
7
-11
15
43
-13
10
16
-20
-15
-49
-9
1
-9
14
-19
3
27
16
18
11
6
-23
-28
-25
-16
-13
-19
23
35
9
14
21
21
5
-18
1
-3
-34
-43
-33
22
45
-10
-29
-21
12
65
25
-38
-4
5
11
21
1
26
14
-28
-37
-5
33
2
-46
-46
-7
36
33
7
30
26
-11
0
-7
-10
-10
-50
-36
11
28
20
-4
5
12
-5
-7
-5
13
1
-45
-23
25
30
-11
-32
-4
26
3
-15
8
30
17
-28
-24
13
15
-10
-26
6
52
13
-27
1
31
20
-17
-39
-25
27
12
-24
0
-5
-4
12
-4
24
26
-24
-17
-15
-8
32
1
-13
9
0
18
38
-15
-17
-16
-37
0
-4
-3
32
8
-3
16
0
-9
8
-19
-21
17
0
0
9
-21
5
37
6
1
-20
-47
6
15
2
22
-3
-11
15
-9
-27
11
9
-2
-10
-39
3
48
17
9
-9
-22
30
26
-7
-5
-34
-37
0
-12
-10
36
39
29
17
-13
-12
-1
-24
-34
-13
-4
0
16
10
13
24
3
-1
6
-5
-4
4
-25
-24
-2
-18
7
13
-16
10
12
0
32
16
-15
6
-3
-18
14
-17
-33
9
-14
-3
38
-4
26
54
-9
-6
-11
-35
-11
-21
-20
2
8
20
14
12
26
5
-9
-2
-31
-32
-5
-19
-4
22
11
33
40
17
17
-9
-43
-40
-49
-42
-15
-1
29
58
53
53
41
21
2
-33
-42
-51
-53
-21
-22
-12
19
15
35
49
17
14
19
-6
-19
-5
-7
-14
-12
-21
-19
2
-5
-15
13
27
6
9
17
8
15
5
-5
3
-20
-42
-17
-1
0
4
3
21
37
9
-14
10
7
-25
-26
-20
-6
4
-7
-3
19
5
-15
19
43
8
-3
1
-18
-13
-1
-3
-2
-9
-20
-13
18
19
-1
9
13
-5
11
13
-6
-11
-23
-26
-8
3
1
7
20
22
15
16
16
-3
-23
-35
-28
-13
-9
-11
6
29
26
6
4
17
14
-8
-22
-7
8
0
-21
-13
23
19
-22
-21
18
24
-8
-21
8
29
-4
-37
-13
26
11
-26
-7
29
17
-16
-20
5
12
-17
-27
11
37
14
-3
4
14
0
-24
-21
-5
-7
-14
-4
14
12
0
4
10
11
4
-3
5
4
-11
-18
-9
-4
-7
-11
-1
14
10
1
8
23
26
2
-7
0
-5
-23
-30
-7
3
-7
-8
5
18
5
-4
10
17
0
-11
-1
10
-1
-23
-10
9
3
-9
-7
13
16
-6
-10
6
15
1
-16
-9
10
4
-8
-10
2
13
4
0
2
4
1
-7
-10
-8
-5
1
3
3
3
6
8
3
0
0
1
-2
-4
0
-5
-8
-4
5
6
-6
-4
6
9
4
-6
-2
7
5
-5
-8
-2
0
-5
-10
-8
3
12
0
0
4
5
2
-5
-1
4
-1
-5
0
11
7
-8
-8
0
1
-7
-9
3
13
4
-5
4
11
1
-6
-6
4
2
-6
-1
7
0
-6
-1
2
1
-6
-3
7
3
-5
-3
7
6
-6
-6
6
8
-1
-7
-4
7
5
-7
-4
3
3
-3
-4
0
2
-3
-8
-5
3
6
0
-1
4
4
1
-1
0
0
-4
-4
-1
4
5
0
-2
1
3
-3
-5
0
0
-3
-2
0
0
3
0
0
1
3
1
0
1
1
3
1
0
-1
0
-1
-1
0
-2
1
1
1
0
-2
-3
-2
-1
0
3
0
0
0
1
0
0
-1
-2
-1
-1
-1
0
0
0
-1
0
0
0
-1
0
0
3
5
3
0
0
0
-1
0
-1
0
0
0
2
0
0
0
0
0
0
-1
0
0
0
0
-4
-2
0
-1
-1
0
2
1
0
0
-1
-1
-1
-1
-1
1
0
-1
0
0
0
2
4
1
0
0
2
1
0
2
0
-2
0
0
-2
-2
0
1
0
0
1
0
0
0
0
2
2
1
0
-1
-1
0
-2
-2
0
0
1
0
-2
0
0
-3
-2
-1
0
0
0
0
2
2
0
1
0
0
2
0
0
-1
1
2
-1
0
1
-1
0
0
-1
1
1
0
-1
-1
0
0
1
3
2
1
3
0
-3
-4
-4
-1
-1
-1
0
1
2
0
0
0
0
1
0
-3
0
-1
1
4
0
1
0
0
0
-3
-2
0
0
0
-1
-2
-1
0
0
-1
2
4
1
0
0
0
-1
-2
-1
1
3
2
1
1
2
2
-1
-2
0
-1
0
-2
-2
1
0
-2
-2
0
-1
0
0
0
3
1
0
2
1
0
0
-1
0
0
0
0
0
-2
1
0
-1
-1
0
-1
0
0
-1
-1
1
0
0
-1
0
0
0
1
1
0
1
0
0
0
0
1
0
0
1
0
-1
0
0
0
-2
1
1
-1
-1
-1
0
0
0
0
0
0
2
-1
-2
-1
0
1
2
2
0
-4
-1
2
-1
0
0
1
1
0
0
0
0
-1
0
0
1
1
0
0
-2
0
0
0
0
2
1
1
2
0
-1
-1
-1
0
0
1
0
0
0
-3
-3
-2
-1
0
1
0
0
0
0
2
0
-1
1
1
1
0
0
0
0
1
0
-1
-2
0
-1
0
1
-1
0
0
0
0
-1
-1
0
0
-1
1
2
0
0
-1
0
0
0
1
1
2
1
0
0
0
2
0
0
0
-1
0
1
0
0
-2
-1
1
0
0
0
0
1
0
0
0
1
1
0
0
0
0
0
0
0
-1
-2
-2
0
0
0
0
-1
1
-1
-1
1
2
3
1
1
1
1
0
2
2
0
0
1
0
0
1
0
-2
-1
-1
0
-1
-1
-1
0
-1
0
0
0
-1
-1
1
-1
0
2
0
0
2
0
1
1
0
0
0
1
0
1
1
0
-1
0
-2
0
0
-2
-1
-3
-1
-1
-3
-1
0
0
0
0
2
0
-1
2
1
-2
1
1
1
1
0
0
0
0
1
2
0
0
1
2
0
-1
-1
0
-1
0
0
1
0
0
0
0
0
0
0
0
0
0
0
-1
0
1
-1
0
1
0
0
-2
0
1
0
1
2
0
1
0
1
0
-1
1
0
0
-1
0
0
0
0
0
1
-1
-2
0
1
0
-1
0
-2
-2
-1
-1
0
0
0
0
0
-1
1
1
1
0
0
0
1
1
0
0
1
0
-1
-1
1
1
1
-2
-3
-1
0
0
0
2
0
1
2
-2
0
-1
0
0
0
1
0
-1
0
1
-1
0
0
0
2
2
0
0
1
-1
-1
0
0
0
0
-2
-1
0
-3
-1
0
-1
1
1
1
1
0
0
0
-1
-1
-1
0
0
0
0
2
1
0
3
1
-1
2
0
-1
0
-1
0
0
0
0
0
0
0
1
0
-1
-1
0
0
-1
0
0
-3
0
0
0
-1
-2
0
1
2
2
2
0
2
0
-2
-2
-1
-2
0
2
3
2
0
0
-1
-2
0
0
-1
0
1
0
0
1
0
-2
-1
0
1
1
0
0
-2
-1
0
-1
0
0
0
0
2
0
-2
0
0
-1
0
0
1
3
0
0
-1
0
1
1
0
0
-1
-1
0
-1
0
0
0
-1
1
-1
0
1
-1
0
0
-2
-1
0
0
2
2
1
1
0
0
0
-1
-2
0
0
0
0
0
0
1
0
-1
0
0
-1
-2
0
0
-1
-2
-2
0
0
0
2
0
0
0
2
0
0
0
0
-1
1
2
0
0
0
0
1
0
0
2
1
-2
-2
0
2
0
-2
0
0
0
1
1
-1
-1
-1
0
-1
-1
-1
-1
-1
0
0
0
-1
1
2
0
2
1
0
0
0
0
0
0
0
-1
-2
0
2
0
0
0
2
0
-1
-1
1
0
0
1
0
-1
0
0
-2
0
0
-1
-1
0
-1
-3
0
0
0
1
1
0
1
0
2
0
-1
-1
0
0
0
1
0
0
1
1
0
-1
0
0
1
1
0
0
0
0
0
0
0
-1
0
0
-1
0
0
-1
0
-1
0
0
-2
0
-1
0
0
0
-2
-2
0
0
0
2
0
2
1
-1
1
2
1
1
0
-1
0
1
2
-1
-2
0
-2
0
0
-1
0
0
-1
0
0
0
0
0
2
1
1
0
0
0
0
-2
0
0
-1
0
0
0
0
-3
-2
0
0
1
0
1
4
4
4
1
0
0
0
0
-2
-2
-1
0
-1
1
1
-2
-1
0
0
0
3
2
0
2
0
-2
-1
-2
-2
0
-1
0
0
0
0
1
0
0
1
1
0
0
0
-1
1
2
0
0
1
0
0
-1
0
0
0
0
1
0
0
1
0
0
-2
0
-2
0
3
0
0
1
0
0
-1
-1
0
0
0
-1
0
0
-1
0
1
0
2
1
0
1
0
0
0
0
0
1
2
0
0
0
-1
-2
0
0
-2
0
0
0
0
0
0
2
2
0
1
0
-1
-1
-2
-2
-1
0
-1
0
2
0
0
2
0
1
1
1
0
0
0
0
0
1
0
0
0
0
0
0
0
0
1
-1
0
2
1
0
-1
0
0
0
0
0
-1
-1
0
-2
0
0
-3
0
0
0
0
0
1
0
0
0
-1
0
0
2
2
0
1
0
1
0
0
1
2
0
0
0
-1
0
-2
-5
-2
0
1
0
2
2
1
0
-2
-1
-2
-2
0
0
3
0
-1
0
0
0
0
-1
0
0
0
2
0
0
-1
0
0
1
1
0
1
1
0
0
1
1
0
0
0
1
0
0
0
-2
0
0
0
-2
-1
0
0
1
0
-1
-1
-1
0
0
-1
0
1
1
1
0
0
-1
-2
0
0
-1
0
0
0
1
0
0
0
0
0
-1
1
0
0
1
1
0
1
-1
0
2
0
0
0
0
-1
-1
0
0
1
-1
-1
1
0
0
0
0
-2
-1
1
0
1
0
0
0
-1
0
0
0
-1
2
2
0
2
0
0
0
0
0
0
1
0
-1
0
0
-1
0
0
-1
0
-1
0
1
1
0
0
0
-2
-1
0
0
0
-1
0
2
0
0
0
2
0
0
0
0
-1
-2
-2
0
-1
0
1
0
0
0
1
1
0
1
1
-1
-1
-1
1
2
1
1
0
0
-2
0
2
2
0
0
-2
-1
0
-1
-1
0
0
0
1
1
0
-1
0
-1
0
0
0
0
0
0
-2
0
0
0
0
1
2
1
0
-1
-1
0
0
0
0
0
0
0
0
0
0
0
0
0
0
-2
-1
1
0
1
0
0
1
-1
-1
-1
0
0
0
0
0
0
0
1
0
0
-3
-2
0
-1
0
0
0
2
0
0
0
0
2
1
0
0
-1
-1
0
1
1
-1
0
0
0
0
-1
1
2
-1
-1
-1
-1
0
-1
0
-1
-1
0
0
0
1
0
0
0
-1
1
0
-1
0
0
0
1
2
0
1
2
0
0
0
0
0
0
2
1
0
2
0
0
-1
-1
0
-1
-1
0
-1
-1
0
0
-2
0
0
0
0
-2
-3
0
-1
-1
-2
0
1
1
1
2
2
0
0
0
-1
0
2
3
3
2
1
1
0
-1
-1
2
-1
0
0
0
-1
0
1
0
-3
-1
0
-2
-1
0
0
0
0
0
0
2
0
0
-1
-2
0
0
0
-2
0
0
-1
0
0
-1
1
1
1
1
1
3
2
0
0
0
1
0
0
-2
-1
-2
0
0
-2
0
0
0
0
0
-1
0
1
0
-1
-1
4
2
0
0
2
0
0
0
0
-1
0
0
-2
0
-1
0
0
-1
-1
0
1
1
0
0
0
1
1
0
0
1
0
-1
0
0
0
0
0
0
0
0
0
1
1
0
-1
0
0
1
0
1
0
0
0
0
0
0
-3
-2
0
-2
-2
0
0
0
0
0
1
0
-1
1
0
0
1
1
0
3
0
0
1
-1
0
-1
1
-2
0
1
-1
3
0
-1
0
-1
0
0
-1
-1
1
0
-1
0
2
0
2
0
-1
3
0
0
-1
0
2
-4
0
-2
-1
-1
-10
7
-1
0
0
0
4
-3
0
-9
16
-7
-12
16
-8
5
0
-8
24
-13
23
-43
-4
135
-180
45
109
-104
18
-13
77
-70
-32
101
-79
-1
92
-133
56
82
-139
82
-13
-12
8
-39
60
-55
14
45
-90
96
-38
-44
103
-104
65
-24
-3
37
-71
90
-36
-38
65
-21
-18
22
-15
21
-14
-22
55
-40
0
20
-23
11
-19
12
14
-40
31
2
-16
5
-7
20
-15
-13
15
14
-36
16
23
-41
31
-9
-6
15
-24
23
-9
7
-6
-2
27
-34
18
0
3
0
-13
22
-10
-6
-3
15
-13
-7
16
-4
-7
2
9
-18
15
-7
-6
20
-22
14
2
-16
19
-15
-3
15
-15
10
-3
-5
15
-20
3
13
-17
9
-4
8
11
-28
23
7
-15
4
0
7
-3
-9
12
7
-11
-4
12
1
-22
4
14
-24
1
12
-11
4
0
4
-2
0
0
-1
8
-9
-3
12
-3
-6
6
3
-8
-2
10
1
-5
0
4
-1
-10
7
0
-9
2
0
0
0
5
-3
-4
4
2
-6
7
3
-5
6
-1
3
-1
-1
0
-4
2
1
0
-4
0
0
-3
2
1
-1
-3
2
3
-3
0
0
-5
1
2
-1
0
3
2
-2
0
1
-2
2
1
-2
0
4
0
-2
2
0
0
3
-2
-1
1
0
-2
0
-1
0
3
0
-4
0
1
-4
-1
0
-2
2
2
-1
0
-2
1
0
-1
1
0
1
3
0
0
0
0
-2
0
0
2
2
-4
-1
1
0
-1
-2
0
2
0
0
0
0
1
0
0
2
0
-2
0
1
0
0
0
1
0
0
0
0
0
1
-1
0
3
0
0
-1
-2
-1
0
0
-1
-2
0
-1
0
0
1
-1
-1
2
2
1
1
2
2
0
-1
0
1
0
-2
1
2
0
-2
-1
-1
-1
-2
0
0
0
0
-1
0
-1
-2
0
1
2
0
-1
0
1
0
-1
2
4
2
0
0
2
0
-1
-1
1
0
0
-1
0
-1
0
-1
0
3
2
-1
0
1
1
-1
-1
0
0
-1
0
0
0
0
-1
0
0
0
0
0
1
0
0
0
0
0
-2
0
0
0
1
0
1
0
-1
0
0
0
1
0
0
0
0
1
1
1
0
0
0
-2
-2
0
1
0
0
0
-2
0
2
0
0
2
1
-1
-1
-1
1
0
0
0
-1
0
1
1
-1
0
0
0
0
0
-1
-2
-1
1
0
0
1
1
0
0
-1
0
1
0
0
0
0
0
0
2
0
0
0
0
0
1
0
-2
-1
0
0
0
0
0
0
0
0
-1
1
2
0
0
-2
-3
0
2
0
-2
0
0
0
2
0
-2
-1
-1
0
1
0
-1
1
0
-1
0
0
0
0
0
0
2
1
-1
0
0
-1
0
2
-1
-2
-1
1
2
0
3
0
-2
2
0
-1
0
-2
0
0
0
0
-1
-1
3
1
0
0
0
-1
0
0
0
0
0
2
0
-1
2
1
0
0
1
0
0
0
0
0
0
0
0
0
-2
0
-1
-1
2
0
-1
1
-1
-1
0
-1
0
3
2
-2
-1
0
-1
1
1
1
-2
0
2
-2
-1
0
1
3
1
0
0
0
0
0
1
0
1
1
0
0
-1
0
0
-2
0
0
-1
0
0
0
0
-3
-1
0
0
1
0
0
0
0
1
-2
0
1
1
1
-1
0
1
0
0
0
0
0
0
0
0
0
0
1
1
0
0
0
-2
0
0
0
0
0
0
0
-1
-2
0
1
0
-2
1
0
-1
0
0
0
0
1
0
-1
1
0
0
-1
0
3
0
0
1
1
0
0
1
0
-2
-1
0
0
-1
0
1
0
0
0
0
-1
0
-1
-2
0
2
0
0
0
-1
0
0
0
0
-1
0
0
-1
-2
-1
0
-1
0
0
0
2
1
0
0
2
3
2
0
0
0
0
1
1
1
1
1
0
-2
0
1
0
-2
-1
-1
-2
-1
0
-2
0
0
-1
-1
0
1
-1
0
0
0
0
0
0
0
2
0
1
3
0
1
0
-2
0
0
0
0
0
0
0
1
-1
-2
-1
-1
0
0
0
0
0
0
-1
0
0
0
2
1
2
0
-1
0
0
-1
-1
0
0
-1
0
0
1
0
0
0
-2
0
3
0
1
0
0
0
1
1
0
-1
0
-1
0
0
0
-1
0
-1
-1
-1
0
1
0
2
1
1
3
0
-1
-1
-2
-1
0
-1
-2
-1
0
0
-1
0
0
0
2
0
0
1
0
0
0
-1
0
0
1
0
0
0
0
2
0
0
2
0
0
0
-2
-2
0
0
0
0
0
0
1
0
0
-1
-1
0
0
0
0
-1
0
2
1
0
-2
0
1
-1
0
0
0
1
0
0
0
0
0
0
1
-1
-1
3
1
-1
-1
-1
2
0
0
-1
0
1
0
0
0
0
0
1
1
0
1
0
1
0
0
0
1
1
1
0
-2
-1
0
0
0
-4
-4
-2
0
0
-2
0
-2
-1
-1
-3
-1
-1
-1
1
1
2
4
4
4
1
2
5
3
1
3
2
2
0
0
1
-1
0
0
-2
-2
-3
0
-3
-5
-1
-3
-3
-2
-1
-1
-1
0
-1
0
1
1
0
1
1
2
3
2
2
0
2
2
0
0
1
1
0
0
0
-1
0
1
2
0
0
1
0
-1
-1
-2
-1
-1
-4
0
0
-1
0
0
0
-1
-2
0
3
1
0
-1
0
1
1
3
3
2
0
0
0
-2
-2
-1
0
-1
0
0
0
0
-2
1
2
0
1
1
1
0
0
0
0
-2
0
-1
-3
0
0
1
1
0
2
0
-1
1
0
-1
-1
-2
0
-1
-1
1
0
0
2
2
-1
-2
0
0
0
0
0
-1
3
3
-1
-1
2
2
1
0
-1
-2
-1
0
0
-4
-2
1
0
-1
-2
0
0
0
0
-2
0
0
-1
0
1
0
5
3
-1
1
2
1
3
1
0
-1
0
-2
-4
-2
-1
0
0
-2
1
0
0
0
-2
0
0
0
1
0
0
-1
2
2
1
0
-3
-2
-1
0
2
1
0
0
-1
-2
0
1
3
1
0
1
0
0
0
0
-2
-2
1
0
0
2
0
0
2
0
0
-2
-1
0
0
-1
0
0
2
1
0
0
-2
-3
0
0
-1
0
-2
-1
2
2
1
1
1
0
0
0
0
0
0
1
1
1
1
2
-1
-1
0
-2
-3
0
0
0
0
-2
0
0
-1
-1
0
0
0
-1
1
3
0
0
0
-2
-4
-3
-1
3
1
0
2
1
1
2
2
1
1
-2
-2
0
2
0
0
-1
0
-2
-1
2
1
0
0
1
0
0
1
0
-1
1
0
0
2
1
0
-1
0
0
-2
-1
-4
-4
-1
-2
0
-1
0
3
0
0
0
-1
0
0
-4
-2
1
0
2
5
4
2
3
2
1
0
-1
-1
-4
0
0
-1
-1
-3
1
-1
-3
0
-2
-1
0
-1
1
1
2
3
0
0
2
-2
-1
3
0
-1
-4
-1
0
-3
2
4
1
0
0
1
-2
-1
1
0
1
0
0
0
0
-1
-1
-1
2
1
-5
0
0
-2
1
1
1
-1
-3
0
0
-3
0
-1
0
1
1
0
0
0
0
2
1
-1
0
0
0
2
0
0
0
0
1
2
2
2
0
0
0
0
0
0
-4
-1
0
0
2
0
-1
1
2
-5
-1
5
-4
-1
4
-1
2
1
-4
2
0
-3
1
-1
-1
1
1
-2
0
0
-3
2
6
-4
0
12
-9
-4
12
-10
-5
11
-7
-5
15
-1
-12
14
-1
-9
13
-3
-9
10
-1
-10
8
3
-7
3
0
-5
0
4
-2
-3
6
-3
0
4
-3
1
-6
-6
10
-4
-2
6
-6
5
1
-9
0
6
4
-8
0
7
-9
7
9
-15
12
6
-21
14
1
-12
10
0
-1
6
-5
-5
1
4
1
0
-4
-1
4
1
2
0
-1
-4
5
4
-7
0
3
-6
3
2
-13
5
7
-10
1
7
-14
9
14
-21
7
15
-14
4
12
-15
-9
12
-1
-10
5
-4
-10
12
5
-12
-2
11
-6
-5
17
-6
-3
12
-7
5
6
-19
3
12
-12
-5
7
-4
-4
9
-7
-9
17
3
-13
14
16
-18
-5
16
-1
-8
-3
-5
0
8
-2
1
0
-11
4
14
-14
-6
27
4
-18
-10
7
21
-15
-29
22
28
-27
-28
14
37
-9
-49
21
51
-23
-41
24
35
-10
-38
-12
38
19
-34
-20
32
18
-24
-15
14
24
-13
-23
13
11
-11
1
-9
-11
41
2
-57
7
56
2
-30
-19
13
43
-24
-49
36
34
-40
-7
27
-22
-15
14
7
0
-15
-14
34
23
-52
-12
52
-11
-44
36
23
-31
3
11
2
14
-19
-19
42
5
-51
10
50
-9
-36
14
17
-26
2
19
-9
-2
8
-24
1
23
-4
-25
-15
20
26
-37
-21
47
7
-55
-8
48
15
-42
0
11
-40
45
72
-91
-36
96
-24
-41
61
-9
-25
25
-15
12
16
-42
31
33
-65
-11
41
14
0
-47
-20
57
-1
-34
30
0
-23
25
-14
-31
55
19
-62
-13
50
12
-10
8
-17
-19
16
-8
-7
36
-37
-28
57
14
-48
-24
37
-14
-12
-10
3
44
-21
10
6
2
0
-24
-6
2
37
-13
-24
50
26
-18
-49
1
55
-21
-66
20
52
3
-35
13
10
-27
-15
-2
11
16
-31
-13
46
24
-38
-17
39
-13
7
-19
-33
58
46
-69
-31
67
-9
-9
7
-18
-9
12
-4
0
38
-16
-29
16
5
7
-12
7
-8
-23
0
32
-9
-2
-4
-26
24
37
-10
-31
20
-10
-29
58
-26
-52
30
21
-10
14
-14
-15
25
-32
0
30
14
-35
-11
36
26
1
-21
-19
-3
0
14
11
-19
-11
-2
30
30
-3
-42
21
-14
-16
35
11
-40
-36
26
22
32
-17
-15
-21
-22
41
45
-25
-18
-50
-29
118
54
-115
-33
62
19
-62
11
77
-25
-67
3
46
57
-31
-79
26
32
-30
9
4
-1
35
-16
-72
18
64
-2
-64
-22
85
25
-85
-1
71
10
-70
-62
62
82
-31
-35
-16
-9
55
-4
-40
1
-10
9
35
-20
7
18
-2
2
-23
8
42
-76
-32
89
-15
-67
31
36
-10
-6
14
15
-30
23
3
-34
59
4
-108
26
95
-70
-8
62
-41
-30
40
-23
-12
45
-31
-34
65
32
-18
-30
15
3
-66
-68
51
67
-24
-32
51
58
-11
-24
7
-51
-14
-34
-14
39
52
6
0
-7
0
-7
-50
11
-12
-4
55
-14
10
80
-17
-62
-33
-68
49
68
-65
45
74
-36
27
6
-68
3
-26
-97
41
102
36
-47
-80
84
92
-109
-73
71
-34
-54
20
20
71
52
-61
-14
58
-7
-22
-16
-86
-52
76
59
10
67
16
-76
7
0
-104
-2
64
-11
-32
9
45
44
-35
0
5
-46
26
73
-29
-8
-30
-119
4
139
17
-50
59
71
-14
-92
-79
18
16
-112
-29
106
126
46
-56
-56
32
66
-132
-38
61
-61
35
2
0
97
31
-127
-22
90
83
-94
-105
45
17
32
-63
-16
84
-36
-2
5
-10
141
-27
-159
43
86
-17
-103
-25
137
-23
-95
31
93
22
-97
-68
73
-26
46
54
-49
31
37
-89
-62
30
65
-23
-26
82
-54
-18
71
-71
-5
0
-80
95
98
-100
15
26
-27
-15
35
-26
-97
4
46
10
63
28
-2
46
-88
-69
138
-115
-145
113
32
-7
138
-32
-25
88
-161
-126
111
15
-67
63
75
58
76
7
-78
-78
-94
-83
-7
53
-36
73
134
43
-14
40
-59
12
47
-192
-24
0
-99
128
113
-30
-69
57
-13
68
35
-147
-103
116
66
-147
123
68
-107
-3
74
-22
-104
43
175
-32
-70
51
-93
3
-12
-49
-32
-83
67
46
-34
178
91
-4
10
-189
13
93
-197
70
-33
15
128
5
30
-199
-52
103
-120
129
126
-93
69
-10
-2
88
-100
-91
-96
-53
94
72
28
-24
108
42
-156
44
50
-48
6
-107
44
61
-110
126
59
-64
9
-52
71
122
9
-154
-306
36
134
-120
-4
88
192
58
-118
167
146
-149
-121
19
0
89
-103
-394
43
23
-14
224
-30
265
210
-440
-160
345
103
95
-239
-393
133
115
272
134
-90
-310
-190
503
29
-294
87
-160
157
185
-71
-112
-301
69
-40
-8
173
-433
-74
340
135
309
-171
-327
464
204
137
-21
-182
-155
-160
-50
-29
-124
81
-259
164
450
-181
-169
-78
145
160
-256
113
244
-402
-232
175
141
281
49
-294
16
536
-278
-444
267
-397
-418
785
637
-635
-241
47
-398
472
217
-310
610
-92
-381
656
59
-593
95
-218
-248
515
-179
-382
123
-230
-137
385
335
-4
-181
118
135
2
-27
0
-18
176
-190
26
50
-369
312
-445
-376
471
-272
142
174
18
-27
-6
504
70
-319
-11
57
106
31
-28
-439
-120
241
-377
327
323
-465
341
126
-228
108
195
-104
-410
-14
313
-94
-15
132
-157
154
-143
-200
343
78
-10
-125
-186
258
-140
-46
458
-242
-528
191
125
-170
192
184
-5
-85
-323
505
137
-324
152
8
-82
-28
108
-160
-257
216
-123
-78
248
-32
-252
227
396
-173
-139
15
-206
203
18
51
-124
-301
371
-244
20
154
-278
-90
146
-76
194
434
24
-112
122
-271
-42
202
-400
-94
236
443
-371
-488
162
459
-169
-632
268
331
-344
-308
724
561
-321
-491
592
181
-649
54
74
-310
117
56
-223
-69
235
-191
-442
-42
70
107
176
179
305
82
-84
-62
84
-40
159
102
-130
-95
192
-332
-492
200
-103
-281
16
520
228
77
636
530
-47
6
206
-223
-421
-479
-132
-575
-1085
-427
-110
-654
-354
244
-58
-25
230
747
948
992
1484
1540
1520
1306
1560
784
72
-73
-830
-1344
-2299
-2770
-2883
-3284
-2572
-2095
-1910
-1156
450
657
1245
2473
3000
2682
2771
4543
4403
1538
1617
2829
174
-1830
-1219
-2734
-4140
-3927
-3798
-3257
-1861
-2111
-1553
531
527
243
1552
2471
324
374
1573
-269
-850
-25
262
225
797
1183
3489
5341
1766
2418
5612
1863
-1465
-49
-1721
-4886
-5358
-5046
-5437
-4327
-3698
-3089
-824
853
1647
2474
3578
2859
2743
2940
1080
-157
-73
-1326
-1823
-908
-495
-705
2584
4631
2108
3326
5694
2638
333
340
-1612
-4517
-5607
-4959
-5992
-5048
-3569
-3326
-1049
1641
1844
2187
4619
3497
3263
2767
1049
495
-516
-1406
-1011
-1492
-1620
814
3797
1688
2841
5301
3514
1860
621
-1136
-2630
-5075
-5780
-5055
-5073
-3935
-2973
-1513
842
2099
2544
4726
3440
2668
3985
966
-692
-308
-1983
-2738
-1295
-1894
-994
5005
2550
1457
7340
4974
617
2929
326
-3738
-3974
-5453
-6380
-5237
-4328
-3807
-2010
678
2467
2378
4959
4483
2877
4171
626
-1030
-813
-3299
-3515
-1541
-2392
-838
6237
3441
2798
9726
5485
1081
4111
-1111
-5010
-4582
-8196
-7580
-6321
-5967
-3898
-2269
906
3283
3096
5555
5101
3458
4255
948
-893
-1073
-2960
-2846
-1858
-2178
960
5921
2101
4761
9297
3194
2237
3787
-2660
-4542
-3902
-8778
-7220
-4765
-6589
-4321
-1221
146
1994
3280
4790
3790
3640
4381
262
-357
455
-2621
-1860
-527
-1928
1635
6555
1155
4497
8975
1575
2399
3136
-3930
-3692
-5057
-8633
-6402
-6043
-5851
-3698
-2099
1091
2321
2816
6029
3569
3716
4467
-79
492
-488
-2871
-1178
-943
-2076
3789
5255
-146
7225
7389
-809
4000
1360
-6224
-2451
-6114
-10053
-5089
-5535
-6672
-2539
-682
1238
2342
4777
5398
2730
5428
2674
-922
1079
-2676
-2996
-1061
-3099
-1366
5081
2416
1472
9464
4381
1942
5284
-424
-3504
-2836
-6651
-7608
-6297
-5447
-5659
-3233
326
1580
2194
7115
4119
3338
7327
521
-149
901
-3842
-2314
-2720
-3395
-216
4236
1154
2995
8792
3348
2167
4102
-1565
-3766
-4013
-7899
-7700
-6105
-6131
-4528
-2391
427
2520
2496
6348
3840
3710
5517
-404
367
-60
-3379
-1574
-1589
-3109
2548
5169
-882
7039
7646
825
4115
2715
-3199
-3690
-4012
-8642
-7336
-4518
-6762
-3304
-787
1450
2412
4862
6131
2589
5612
2677
-1295
1012
-3216
-2949
-935
-4019
-894
5305
1154
1820
9667
3363
1659
4956
-1034
-4486
-3247
-6704
-9473
-5055
-5073
-6111
-711
295
2236
3481
5826
3851
3204
4713
-294
-745
-498
-2944
-1681
-1798
-1489
3448
4475
508
7097
6021
586
3408
846
-4710
-3284
-5386
-8282
-6323
-4246
-5705
-2894
-274
1482
2042
3994
5502
2050
3811
3030
-975
397
-366
-1900
-1090
-366
2400
3451
2077
4503
6455
1356
2649
1676
-3295
-3073
-5354
-7453
-6321
-4611
-5558
-3278
-82
679
2405
4323
5174
2841
3862
2989
-578
-193
-704
-2842
-656
-989
832
5029
1730
3630
7284
1229
2168
1891
-3562
-3825
-4754
-7671
-6547
-4788
-5492
-2965
-1034
854
3061
2845
5618
2773
3197
3280
-670
532
-768
-2335
-102
-1654
2266
3654
858
5185
5222
1044
3024
381
-3710
-2646
-5888
-8266
-5015
-5673
-6622
-1547
-1562
555
2785
3981
4687
2300
4944
1658
-754
1671
-2182
-2118
589
-637
2916
3691
2882
6002
4072
2005
3320
-2195
-2761
-3817
-6955
-7250
-4647
-5149
-5141
-544
-86
1285
3335
4053
3496
2259
3279
845
-669
615
-961
-2154
682
1933
1618
2864
3740
4558
2005
2185
1478
-3614
-2392
-4355
-8314
-5727
-3425
-6576
-3035
919
-1047
2343
4484
3029
2848
3194
2195
-71
563
42
-1893
-729
1754
1919
1079
4141
4074
2935
2732
1771
-587
-2709
-3487
-5099
-7878
-4200
-3680
-6244
-141
713
-480
3983
4298
1800
3508
2250
428
584
-616
-340
-1546
-91
3584
456
2861
4704
2556
2581
1563
475
-2480
-3695
-3406
-6980
-5483
-1792
-5658
-1978
1926
-1461
2747
4435
1021
3195
2997
-99
1957
334
-637
899
-817
3294
2097
1042
5184
1722
2359
2070
-1159
-1072
-3675
-5136
-4624
-7121
-3540
-3104
-4780
1797
-6
261
5143
933
1435
4095
-1196
632
1548
-2026
1041
494
1932
4076
1043
5529
2723
2315
3280
-1051
-558
-2751
-5138
-3953
-6771
-4310
-2399
-5161
185
1067
-1583
4433
2300
-500
4574
444
-777
2770
-1232
-299
1355
295
3174
1510
2964
3215
2038
2476
520
-321
-1143
-4068
-2626
-4722
-4876
-1214
-3916
-2071
1978
-1189
1278
3458
-332
1889
1708
-616
471
33
-642
-48
424
1854
1253
3163
2282
1986
3721
-81
857
879
-3932
-1719
-2574
-6296
-1266
-2663
-4535
857
-728
-860
2052
981
1047
1090
950
754
-701
485
165
-1002
1865
750
716
4034
1298
2007
3794
207
649
884
-2825
-1656
-2586
-4456
-2027
-2730
-2626
-477
-1051
223
543
298
1576
80
419
1726
-1050
625
1183
-1232
1568
1164
-133
2739
1687
1040
2823
1386
1067
883
-12
-508
-1693
-1547
-1910
-2887
-1431
-1829
-2070
-469
-940
-531
309
-6
730
642
572
1373
647
1015
1444
560
1171
1038
457
827
360
416
360
-226
153
-497
-945
-260
-1375
-1297
-609
-1516
-1213
-652
-852
-484
-319
-5
244
214
781
702
558
1080
747
565
716
325
144
36
-53
-225
-310
-164
-258
-527
-219
-105
-467
-139
50
-250
-171
220
-210
60
243
-126
269
306
43
317
260
33
106
86
-171
-158
-126
-250
-270
-117
-189
-113
103
-28
71
297
50
31
245
-13
-78
128
-96
-77
87
-161
-72
104
-43
23
109
-44
56
-5
-163
10
-47
-135
81
-72
26
107
22
212
31
98
117
-26
62
-16
-29
4
-48
-139
-14
-43
-99
0
-61
-13
-16
-52
59
-74
-10
69
-88
42
80
-36
142
54
39
176
16
54
118
-100
3
7
-188
-41
-103
-166
-2
-93
-68
53
-51
5
38
10
68
6
55
102
-23
84
75
23
113
12
18
61
-36
-23
2
-68
-19
-43
-94
24
-105
-71
-13
-127
-27
-45
-93
-2
-25
-40
24
28
56
94
44
111
91
54
106
43
46
70
31
39
11
-36
-22
-47
-54
-53
-97
-79
-72
-54
-66
-78
-25
-26
-33
29
-16
7
53
32
39
47
75
58
67
63
38
28
8
15
-17
-16
-18
-10
-24
-36
8
-50
-30
-15
-44
-23
-31
-20
-6
0
4
27
24
29
28
20
22
2
11
-10
-18
5
-13
8
21
6
26
39
6
19
20
-9
-2
-13
-23
-27
-23
-31
-27
-19
-19
-4
-7
-6
11
-2
8
18
8
21
16
20
18
18
28
19
12
7
3
-11
-25
-27
-34
-38
-27
-26
-31
-6
6
-1
21
27
11
24
29
-3
8
9
-24
-2
5
-12
10
23
6
16
22
2
2
-2
-8
-24
-24
-18
-29
-15
-5
-14
-8
0
-4
2
10
10
7
12
16
14
16
11
4
6
4
1
5
-1
4
9
0
0
-2
-14
-7
-5
-26
-22
-13
-21
-9
-2
-12
-9
5
5
3
16
6
6
20
13
12
16
8
10
11
5
8
8
3
9
1
-10
-11
-12
-21
-25
-28
-37
-25
-10
-7
-1
5
6
12
22
13
6
4
-1
1
6
7
6
11
9
11
20
11
3
0
-10
-10
-12
-17
-20
-18
-13
-9
-5
-2
1
5
6
10
15
10
9
7
3
5
3
-5
-6
-5
-4
2
3
-4
-5
-2
2
6
4
-2
-8
-8
0
1
-2
-6
-4
0
3
8
8
8
10
9
5
1
-1
-5
-7
-6
-9
-9
-5
-4
-2
0
-1
-1
0
-1
1
1
3
4
3
3
1
1
3
0
0
1
-3
-5
-3
-3
0
2
2
2
1
5
6
0
2
0
-2
0
0
0
0
0
3
5
3
1
-1
-3
-4
-4
-3
-5
-3
-1
0
0
-2
-1
0
0
-2
-2
-1
-1
3
2
2
7
4
4
4
1
1
-2
-1
0
-3
-4
-2
-1
-2
-2
-1
0
0
0
0
1
5
3
0
1
1
-1
-1
0
-5
-2
0
-2
-1
0
0
0
1
0
0
0
0
0
0
1
1
2
0
-1
0
1
0
-1
0
1
0
0
2
0
0
0
0
0
-1
0
-1
-2
0
0
0
-1
0
-1
0
-1
0
2
0
0
0
0
0
0
0
0
0
0
0
0
1
0
2
0
0
0
0
1
1
0
0
0
1
0
0
1
0
0
1
0
0
-2
-2
-2
-4
-3
-2
-1
-1
1
0
1
2
0
-1
-2
-3
0
2
4
4
3
3
0
1
3
2
5
1
-7
-12
6
13
-3
-10
-7
-6
-5
-2
3
7
7
3
-4
-6
0
2
5
-4
-16
-15
0
13
21
20
8
4
0
-4
-5
-4
-4
-12
-31
-60
-75
-47
-8
-3
-1
56
159
180
65
-74
-131
-117
-28
156
315
279
78
-80
-91
-81
-129
-171
-130
45
225
161
-15
-177
-765
-1640
-1514
30
1663
2156
1514
503
-97
-173
-37
186
224
-251
-804
-908
-854
-979
-1104
-951
-248
865
1546
1341
760
255
-97
-139
101
370
476
281
-101
-389
-587
-778
-696
-230
153
70
-290
-504
-310
181
659
992
979
188
-1167
-1983
-1488
38
1635
2393
2158
1339
179
-930
-1391
-1239
-972
-746
-435
36
285
-394
-1693
-2176
-1045
1108
3039
3603
2619
902
-599
-1221
-868
-253
-96
-402
-841
-1084
-1099
-1076
-921
-338
508
1211
1460
1136
539
152
45
44
57
-75
-277
-358
-488
-676
-650
-484
-104
406
807
888
555
-7
-547
-678
-303
-5
44
-99
-356
-244
65
263
600
681
375
25
-225
-174
-47
13
87
232
519
283
-571
-955
-739
-486
-19
510
273
-545
-719
-101
541
993
746
62
-270
-90
335
323
-50
-195
-489
-371
287
429
104
-423
-699
43
585
171
-50
15
253
298
-163
-190
-415
-550
-338
-315
264
541
-22
102
-26
-268
148
192
468
637
279
-164
-464
-548
-395
623
764
-400
-863
-823
-315
897
1081
405
40
-694
-757
215
726
490
-292
-795
-785
19
876
548
223
-408
-1224
-565
636
595
503
487
-652
-1035
-208
779
1232
634
-80
-533
-529
-388
-642
-337
613
653
-22
-184
357
497
-205
-465
297
252
-751
-546
-225
-242
441
237
-191
88
53
469
667
239
-225
-339
-183
-251
-897
-85
1104
1078
-341
-1125
-388
620
973
-8
-644
-641
-921
105
1232
1085
-581
-1250
-322
-180
507
1336
554
-572
-828
-495
324
360
-278
0
713
549
-290
-976
-817
227
980
790
-187
-800
-822
-139
1048
1075
394
-715
-1373
-848
41
1073
1159
406
-1050
-1437
48
1464
1324
-1
-1526
-1281
922
1917
726
-873
-1979
-1131
358
1170
1023
-502
-1432
-1180
18
1722
2093
300
-1249
-1829
-339
1848
1713
-3
-1224
-1632
-637
604
910
260
-878
-964
89
883
875
929
340
-978
-828
469
744
299
-388
-1125
-702
225
229
169
-98
54
545
391
438
528
-167
-1009
-1046
-417
203
-175
-669
-625
103
1110
1256
614
257
-247
-353
-103
188
65
-458
-844
-555
173
646
592
105
-275
-109
702
1078
383
-307
-742
-775
-392
81
50
-373
-479
-517
-163
572
981
538
27
-329
-373
107
250
-222
-547
-571
-157
402
1038
728
36
-475
-350
290
429
408
-48
-808
-978
-295
573
647
-31
-654
-347
521
845
445
-622
-1002
-566
-125
317
575
160
-338
-318
150
629
748
77
-537
-408
-161
360
539
90
-651
-719
180
890
638
-271
-994
-533
478
547
166
-130
-294
-40
262
321
-85
-276
-247
-310
-194
-133
81
502
635
338
38
-132
2
208
64
-517
-828
-525
40
717
882
96
-482
-191
164
263
-198
-867
-895
-118
435
331
-416
-792
-169
687
897
292
-294
36
804
1315
1117
379
-191
-32
270
57
-356
-823
-1028
-794
-425
-589
-939
-1353
-1212
-534
-162
-443
-643
-393
867
2200
1901
833
176
136
831
1409
1340
1036
818
689
852
885
3
-1016
-1818
-2275
-2273
-1999
-1964
-2044
-1449
-914
-412
204
-78
-461
101
987
1334
1314
874
668
1229
1960
2846
3469
2699
999
-412
-968
-1281
-1869
-2611
-3164
-2429
-951
161
3
-751
-1810
-2432
-1787
-1286
-1349
-1029
-441
937
2501
2550
1768
1391
1791
2536
3346
3630
2784
1299
-187
-1289
-1757
-2323
-3104
-3083
-1944
-355
612
270
-588
-1000
-801
-1941
-3273
-3064
-2200
-589
841
1302
2341
3496
3566
2704
1523
896
1184
3030
3191
432
-1388
-1075
-894
-831
-2097
-3628
-1850
665
1339
1013
0
-1474
-1996
-1923
-2894
-3095
-2137
-1308
-291
524
754
1488
1727
2335
2839
2341
1915
981
1568
3220
1994
-795
-1978
-2147
-1167
-1286
-2896
-2865
-797
1478
1805
614
-705
-1459
-833
-644
-1831
-1779
-714
-449
-59
277
475
839
1779
2638
3111
2507
878
966
3409
3690
818
-2057
-2574
-1176
-678
-2440
-3463
-1897
1037
1810
661
-184
-1066
-1375
-1138
-1825
-1440
46
-566
-1377
-961
-614
-38
540
870
2193
4037
3803
1484
825
2615
4440
1455
-2374
-2276
-306
260
-1746
-4178
-3064
333
1397
-563
-1309
-1288
-672
-512
-1541
-2231
-674
1368
943
-1288
-2719
-1460
532
625
-335
670
3150
3938
2982
1470
1747
5776
5126
-904
-3332
-1601
220
101
-3800
-4602
55
2676
-149
-3335
-2315
-159
-173
-1817
-3426
-1595
2697
2484
144
-542
-1672
-852
-50
-2152
-2281
1396
4282
3862
2543
1482
2258
5820
5124
-1751
-4284
-804
1459
-162
-3890
-4606
28
2354
-1520
-5499
-2313
897
-421
-1920
-2157
80
4334
2894
-1126
469
570
-1691
-1964
-2662
-1674
1119
2317
1540
3197
4674
3097
2298
3412
3652
402
-2752
-1970
-485
-1769
-3450
-3034
-1131
-134
-1523
-2930
-479
-292
-1705
-2185
-1875
676
2912
1512
-668
1411
2932
-1224
-3876
-2546
-427
1462
900
-505
2758
5995
3738
1897
1731
4244
4591
-96
-3211
-1322
-597
-2209
-4827
-4832
-2048
-1021
-2209
-2323
-315
527
-207
-1230
223
1896
2293
1068
437
1578
350
-2336
-3214
-2223
42
773
83
708
3600
4386
3589
2862
2108
4574
4801
-235
-2832
-1580
-1423
-2718
-4504
-4745
-2747
-1051
-1265
-1544
-255
534
17
-256
829
647
1447
1909
24
814
1347
-1335
-2717
-1957
-921
216
323
-211
2206
3873
3507
2950
2052
2804
5311
3120
-1623
-2555
-1322
-2021
-3540
-5212
-4773
-1997
-542
-1957
-1564
698
1176
203
-70
462
1296
2179
514
-430
1127
1007
-1790
-2836
-1957
-357
727
-209
-334
2751
3451
2675
2191
1736
2056
4208
2646
-1697
-2439
-674
-750
-3471
-5856
-4741
-1922
-734
-2492
-1848
832
1297
363
-204
403
1968
2760
634
-280
979
1371
520
-1786
-3458
-819
1318
-672
-1911
842
2827
3509
2745
1304
2101
3577
3946
1744
-2342
-3224
-497
-991
-4910
-6393
-3741
-469
-398
-2630
-1291
2141
2425
384
-815
622
2203
2494
309
-997
859
1644
-90
-1816
-2534
-1030
648
-550
-1672
826
3169
3329
2257
1882
2993
3180
2925
2251
-1186
-3081
-1450
-1720
-4461
-6036
-5072
-1942
-364
-1567
-1529
1579
2968
1732
-239
-527
1583
2683
1070
-1025
-78
1441
1165
-715
-2368
-1674
-371
265
-727
-1146
1208
3026
3098
2070
1905
2764
2567
2122
1551
-849
-1871
-979
-2132
-4315
-4878
-3805
-1837
-877
-1580
-482
2032
2591
1249
89
317
1494
1845
210
-1067
411
1392
453
-950
-1664
-633
195
-539
-1221
-507
1334
2383
2153
1911
2615
2916
2231
2186
1839
-854
-1931
-1004
-2315
-3739
-4271
-3744
-1803
-1044
-1473
-846
1119
1806
702
-84
324
1126
1456
413
-769
355
1506
696
-534
-710
-237
-42
-204
-1498
-1174
417
824
1232
1466
1602
2774
2685
943
1506
2454
342
-2214
-2656
-1983
-2580
-3690
-3671
-1786
154
-145
-818
872
2103
730
-400
10
767
864
162
-442
624
1455
558
-363
-167
690
681
-108
-740
-511
246
15
-160
246
631
930
1325
1270
1111
400
339
1849
1259
-1739
-2874
-1689
-754
-1807
-3343
-2360
476
1398
-234
-860
740
1406
228
-1041
-807
676
1429
248
-496
563
1780
1329
-225
-240
757
1286
431
-1372
-684
581
-253
-1127
-863
135
1116
668
181
852
992
595
187
594
1228
-179
-1375
-1062
-790
-868
-1681
-2205
-852
56
-542
-764
258
800
244
-516
-225
596
1156
736
-155
524
1516
976
68
-200
98
662
337
-997
-901
138
28
-550
-735
11
787
568
115
491
1166
1370
519
65
1330
1108
-941
-1669
-1065
-782
-1184
-2328
-1943
-182
26
-922
-685
378
458
29
-168
353
1021
1145
518
45
623
995
438
21
25
254
459
329
-238
-78
69
77
292
186
193
629
572
17
-339
-611
-764
-725
-1337
-1774
-1400
-584
-272
-333
-37
750
1617
1875
1194
826
1988
2357
396
-1221
-832
-277
-994
-2206
-2315
-899
194
-302
-639
447
1279
865
155
83
614
939
493
-406
-482
43
54
-521
-847
-440
88
177
-349
-346
275
620
538
297
305
693
907
704
201
-125
155
112
-704
-1083
-830
-799
-975
-889
-712
-352
-152
102
381
331
272
425
812
763
493
616
753
946
1158
692
-248
-459
-231
-454
-1166
-1522
-979
-387
-462
-752
-381
322
496
261
-5
64
509
591
-60
-496
-322
63
146
-251
-423
-8
517
460
-38
9
484
744
584
219
242
659
673
171
-307
-268
140
-19
-749
-1002
-623
-224
-331
-703
-512
45
281
115
-138
13
321
366
71
-221
-102
245
220
89
27
-236
-188
54
-176
-375
-221
-50
315
549
751
1031
1067
966
1389
1495
255
-643
-333
-208
-1182
-2041
-1924
-1150
-685
-996
-1093
-80
689
361
-44
228
706
1086
629
-156
163
682
375
-8
-282
-194
334
274
-365
-467
-43
384
480
104
95
677
1008
623
68
-159
99
323
-352
-1180
-998
-424
-404
-832
-1030
-437
330
373
5
2
453
763
547
-2
-171
309
391
-196
-431
-125
117
146
-18
-99
128
366
319
104
81
217
262
154
-105
-238
-10
31
-251
-433
-320
-144
-158
-284
-148
45
-93
-144
369
410
-633
-1071
-234
290
-267
-917
-493
774
1277
637
287
1217
2361
1955
166
-728
208
781
-682
-2324
-2052
-680
-347
-1207
-1537
-426
597
472
-192
-131
654
1272
906
-13
-114
575
581
81
-346
-530
93
575
-297
-921
-391
549
782
35
-237
631
1208
997
328
-324
18
609
-25
-1187
-1272
-421
-114
-760
-1312
-770
269
489
-239
-520
110
764
673
14
-206
343
708
235
-451
-358
389
598
20
-324
-13
449
425
-74
-262
71
277
22
-292
-267
51
225
20
-286
-316
-44
62
-202
-444
-359
-125
-1
-53
-154
-21
256
329
168
84
172
284
217
6
-83
-6
85
24
-153
-205
-83
26
41
7
30
113
181
200
107
32
106
197
114
-86
-210
-170
-87
-68
-145
-261
-149
134
161
-249
-576
-392
-61
-175
-507
-449
101
610
656
486
693
1305
1565
940
107
37
422
130
-892
-1504
-1183
-697
-771
-1082
-933
-296
176
125
-78
113
559
674
294
-54
56
375
379
-8
-325
-69
361
276
-105
-239
17
380
262
-68
63
384
531
442
59
-7
346
272
-261
-636
-638
-404
-427
-724
-726
-357
-5
121
5
-42
209
516
476
154
-12
173
325
126
-180
-151
114
239
77
-111
-4
274
251
18
-101
-31
128
134
-75
-124
-30
-14
-70
-174
-237
-112
-46
-171
-273
-193
-35
40
-53
-114
-1
135
169
173
167
163
187
148
65
48
137
205
137
26
75
88
-84
-125
118
105
-448
-926
-720
-255
-287
-684
-644
46
640
623
471
864
1553
1621
773
57
238
511
-141
-1171
-1469
-1009
-714
-930
-1055
-631
-75
219
228
216
398
703
725
426
126
99
187
179
-86
-336
-170
156
29
-307
-362
-33
326
314
100
165
466
713
567
146
117
424
290
-264
-593
-534
-419
-455
-594
-751
-715
-346
-5
-73
-275
-42
508
639
285
132
352
541
363
-33
-127
138
228
30
-160
-108
131
246
103
-30
8
135
124
-93
-263
-205
-61
-32
-172
-222
-48
106
65
-106
-183
42
129
-348
-775
-581
-226
-245
-524
-516
30
590
745
716
773
1081
1540
1517
836
220
134
142
-284
-1005
-1419
-1294
-1016
-1015
-1087
-811
-345
-80
-41
-23
186
505
548
329
212
291
372
206
-123
-103
168
132
-162
-250
-78
200
387
316
224
381
627
621
283
-20
106
294
35
-403
-616
-494
-242
-281
-699
-807
-317
150
-168
-751
-588
130
266
-335
-725
-270
326
202
-192
-10
663
1153
974
569
842
1557
1506
569
-129
28
221
-387
-1354
-1615
-1111
-824
-1164
-1377
-902
-195
140
-86
-161
362
770
502
207
198
390
490
260
-78
-8
316
425
78
-255
-25
425
340
-82
-163
148
255
-17
-307
-255
74
230
-113
-391
-49
466
440
37
55
612
840
347
-237
-326
-62
-152
-840
-1332
-1104
-683
-623
-794
-705
-142
339
320
190
435
862
989
688
439
559
741
538
-9
-330
-147
-81
-514
-821
-620
-251
-129
-203
-57
356
601
653
629
630
732
740
567
441
311
105
-163
-419
-559
-683
-930
-1100
-1079
-1033
-940
-651
-366
-234
-107
62
259
399
397
355
290
246
300
233
102
130
162
206
305
337
375
447
553
687
643
554
584
562
487
315
46
-98
-333
-713
-867
-999
-1261
-1358
-1306
-1204
-1042
-834
-562
-277
14
167
236
519
657
493
484
613
631
513
309
422
705
653
434
368
578
786
658
430
342
269
296
130
-324
-523
-485
-600
-836
-1115
-1221
-1005
-915
-1039
-1045
-836
-456
-269
-436
-357
71
313
293
230
464
792
694
645
918
971
797
725
785
862
709
569
593
460
336
251
17
-319
-612
-588
-585
-890
-970
-779
-852
-788
-648
-661
-455
-270
-404
-379
-140
-209
-309
-115
56
184
387
472
557
964
997
754
907
1155
924
685
544
370
335
194
-145
-268
-188
-382
-599
-524
-353
-447
-596
-439
-196
-321
-478
-349
-349
-494
-406
-427
-498
-275
-10
31
178
373
535
799
894
910
932
927
705
613
392
285
206
127
-78
-236
-582
-567
-283
-681
-835
-532
-576
-714
-616
-558
-440
-232
-217
-270
-83
172
-89
156
319
-25
140
438
465
381
481
825
988
607
427
510
424
105
-107
-237
-125
-222
-505
-675
-550
-299
-448
-367
-415
-435
-233
-202
-404
-267
192
-61
-223
179
38
152
498
150
19
237
228
13
239
207
6
400
300
-49
74
171
157
28
36
-17
-104
70
-247
-179
57
-217
-29
-324
-132
103
-288
6
-4
-223
146
39
150
-4
-242
139
51
-2
29
-183
-29
217
76
65
29
-245
-20
198
82
-8
52
139
9
-192
77
-48
-42
-42
-263
94
93
-116
-38
-95
43
70
154
-87
146
-32
-119
151
87
-73
-97
131
-9
-55
15
27
61
-113
108
-41
-81
166
-188
152
-51
-74
310
-11
-140
0
64
-115
-54
8
-229
145
-54
-294
93
107
-72
266
126
-193
198
-117
101
-117
-204
156
-179
6
107
43
74
40
-94
78
2
206
40
1
-58
-131
-92
128
-143
127
-14
-320
159
-151
-69
333
-53
-37
76
-143
235
193
-402
156
69
-355
112
-184
105
77
-141
387
-296
348
357
-453
124
19
-136
-19
-338
18
166
-94
-48
29
97
171
10
-367
38
281
-66
-91
-3
323
-21
-266
114
8
11
-39
-86
66
-59
-11
77
22
167
26
-392
56
120
-8
97
-32
-27
131
-47
-77
-164
67
229
-147
144
-32
-153
-14
-271
159
242
-198
-61
149
-167
141
288
-262
-362
242
117
-39
55
-17
153
114
-123
-138
-45
102
-2
-33
20
-117
116
85
-154
-36
-39
26
39
-67
174
79
-63
-14
-117
-92
62
4
-130
7
175
144
-161
34
39
-96
127
27
-205
77
40
90
-77
-42
76
34
-96
31
146
67
-109
-212
137
-124
71
-13
-184
183
163
-88
-60
10
-52
3
37
-114
-15
73
-78
-96
279
60
-91
-4
-80
97
49
11
-123
-75
194
-27
14
-65
90
83
-86
-81
-54
53
63
63
-147
-175
166
64
-94
-12
23
144
-78
-53
-15
-8
130
-145
-140
35
226
37
-287
140
221
-58
-90
-124
84
31
-40
-95
5
159
9
2
53
-24
-65
40
25
-126
-180
207
187
-237
17
23
-10
57
14
-20
-98
114
164
-27
-57
-103
32
-72
-21
32
-202
66
71
29
-5
77
117
-143
17
54
-56
-149
63
151
17
-83
-4
69
-171
15
98
-92
-54
73
29
27
9
36
62
-100
38
92
-58
13
-75
42
100
-23
-29
-74
6
25
-97
-145
19
19
-5
-28
84
153
36
-93
-4
131
-72
-75
-15
87
114
-90
-66
27
136
-114
-88
38
10
-92
-143
47
48
69
-29
29
51
24
38
-73
-3
136
92
-73
-76
41
-85
-114
-33
27
-40
39
-33
-157
182
89
47
75
-117
45
-62
-5
31
2
103
-101
-4
106
-57
47
-35
-246
140
83
-151
189
86
-142
-132
53
104
-59
71
-21
-3
81
-111
-89
101
-19
-149
31
133
124
-22
-51
-10
-172
130
1
-107
54
0
63
-103
-72
176
51
-16
-74
33
207
-71
-360
-8
149
33
-150
-186
407
162
-231
70
-51
128
-54
-185
45
43
-13
11
39
68
65
-208
-4
40
20
33
-69
121
-205
109
131
-76
33
-120
32
78
42
-155
-121
117
84
-89
39
66
-85
174
-187
-46
189
-29
-80
-126
251
4
-146
116
-112
-43
93
-56
-45
182
-87
-114
137
68
-85
-49
-26
-51
139
-17
22
55
-138
117
38
-137
-43
49
-65
-60
100
56
-63
41
21
-34
14
189
-46
-218
-48
309
6
-146
-129
-47
246
-165
-44
62
11
82
-216
47
205
22
16
-99
-29
196
-37
-145
-205
-2
82
6
125
59
167
-12
-222
-67
164
-44
-135
0
-48
42
92
-35
-2
-35
-73
56
46
57
122
61
-80
-161
27
61
-155
49
-63
-34
111
-40
100
-82
-65
208
2
34
-69
17
67
-211
-38
158
-82
-18
86
-86
132
16
-91
53
-115
-101
83
69
18
161
-126
-200
145
31
99
-95
-166
145
-19
-121
35
10
80
2
3
88
55
-29
-50
-5
-55
-2
10
-13
13
-86
3
70
22
-64
11
78
11
-44
-102
51
41
27
-19
-39
34
-22
57
-40
-15
-20
-32
85
29
-48
-78
250
-16
-246
120
7
-78
37
-10
-107
25
149
-31
-17
74
-61
-20
-53
-50
189
-43
-99
179
-9
-191
64
180
-59
-129
-5
-56
39
133
-154
-118
93
18
-43
56
137
20
9
-15
6
108
-38
-191
-110
33
76
69
-65
-104
50
27
46
161
-61
-192
131
148
-139
-30
47
-171
-91
118
26
-22
17
16
97
64
-9
73
-43
-143
38
20
-132
6
19
-92
72
116
-22
-15
-18
30
48
-4
-74
-36
73
53
-5
-41
-42
-52
50
84
-117
-28
63
44
-73
2
89
-99
52
-8
-90
163
2
-95
14
2
9
56
48
-26
-127
41
111
-7
-47
-161
0
75
21
-61
-69
157
-27
-9
-1
42
69
-40
-19
-46
118
33
-130
16
28
-36
45
0
-76
-53
124
61
-205
0
32
69
36
-164
32
78
60
84
-35
-79
74
-22
-41
42
-59
-100
-46
82
-5
-51
44
-13
61
10
18
160
-74
-51
44
12
-16
-82
6
-25
-51
31
-11
-38
73
75
-50
-20
-5
42
34
-67
-19
24
-14
29
-26
40
42
-78
-58
73
53
-75
26
-19
6
59
-51
-31
1
-4
23
-2
-64
43
27
-29
0
-1
54
8
-11
38
18
7
32
-41
-60
-5
-42
-36
7
34
-25
-18
12
96
72
-128
-56
125
31
-71
32
-40
-46
83
42
-72
-65
40
-46
58
149
-107
-97
73
19
-62
16
10
-44
-76
28
149
29
-91
16
24
-50
62
66
-95
-16
20
-48
49
60
-108
-44
14
-40
47
108
-42
-41
49
23
-2
-13
-45
9
-8
-38
40
52
-35
-14
24
36
4
-91
-14
122
-63
-117
106
79
-84
-51
-18
28
81
0
-57
0
3
-56
3
60
-55
-39
66
60
2
34
80
-45
-75
41
27
-5
-26
11
-88
-29
31
0
-36
-60
-6
19
86
19
-89
58
129
-102
-58
124
-48
-18
-14
-13
26
26
49
-40
-30
35
-50
-43
-18
26
63
-26
7
35
8
83
-98
-144
159
13
-92
19
-10
38
11
-3
-54
14
36
-56
-35
33
25
7
-15
66
27
-56
-15
18
-74
-100
20
107
55
59
42
-50
54
-20
-116
-93
52
44
-107
-22
83
158
62
-187
18
45
-49
-45
-44
0
43
40
21
-1
19
2
-36
49
8
-107
5
43
6
-23
-10
-11
-12
18
-9
45
61
-53
25
-19
-5
52
-25
-72
13
6
6
0
-23
17
-6
-46
14
83
-34
56
-7
-17
48
-26
-26
-16
9
-30
-8
-24
16
-7
40
-8
-36
53
-22
0
38
-10
30
-31
-23
-10
-1
29
-32
-44
28
13
-16
96
-20
-85
61
43
31
-37
-30
-14
-105
-53
63
97
34
-7
16
0
-29
-59
1
25
29
11
-34
36
34
-49
0
24
-14
-41
-74
2
10
63
38
-60
59
36
-36
-7
10
-86
-44
130
-23
-81
53
82
-61
-37
33
45
3
-38
23
-3
-3
-25
-14
16
-34
-38
40
68
-10
9
-28
-19
56
25
-107
30
0
-42
36
46
8
-47
42
-17
-62
-2
33
-21
-44
44
46
0
-60
67
85
-60
-82
35
65
-33
-58
-10
66
-48
-16
60
-12
8
18
-39
47
12
-100
14
-9
-1
6
40
-5
-40
54
61
-35
-77
-12
37
27
-3
-96
34
90
16
-58
-51
45
47
-45
-29
27
27
-3
-30
26
20
-48
3
33
-64
-38
117
55
-86
-44
41
9
-4
0
-37
-3
41
-19
-46
38
50
-14
-46
-45
12
85
39
-53
-46
0
23
69
-2
-106
8
109
-28
-80
40
48
-37
-56
-14
48
60
-2
-13
-12
0
-22
22
60
-87
-45
39
25
-26
-56
55
3
55
-10
-62
36
61
-49
-35
69
-96
-28
69
-13
-48
35
25
-37
88
-5
-53
41
81
-94
-56
49
-27
39
-69
-3
34
45
3
-47
4
38
7
-28
-17
28
15
12
-50
-3
15
-14
40
-25
-66
24
30
3
-41
23
35
-36
81
-14
-68
55
36
-82
3
49
12
-100
15
33
23
6
-68
19
12
2
9
12
-37
17
18
-26
35
-11
-43
42
17
-26
-9
-59
20
103
-79
-4
84
-63
-26
-17
70
44
-97
46
-46
34
93
-54
-27
-13
30
-93
19
16
-58
62
-56
73
75
-41
16
27
-44
14
-17
-80
7
-3
4
-8
36
26
-8
77
-73
-11
75
-56
-20
-5
-11
-27
-8
30
8
48
-12
16
6
7
12
-54
31
-26
20
-25
-41
86
-99
11
19
-75
79
-17
49
59
-90
38
18
32
21
-89
-5
-14
-30
53
-43
-33
39
6
63
0
-17
41
-46
-6
4
-14
3
-39
31
36
-57
9
-13
-9
72
-39
4
11
-71
82
0
-45
60
-38
38
12
-82
83
-3
-102
74
7
-77
18
-5
41
58
-58
-4
23
-31
17
31
-54
-77
61
70
-40
-59
11
128
-26
-74
64
-77
4
26
-54
38
24
43
-20
-47
41
40
-48
-70
8
-18
9
73
-15
-5
79
-53
-30
42
-13
2
-21
-43
18
32
8
-36
-57
54
8
-44
38
15
-21
23
35
-17
22
-27
7
29
0
16
5
29
-23
12
-24
-73
-52
-48
-83
-70
35
16
24
-20
-14
87
43
7
98
74
68
63
10
-5
-23
2
-47
-76
-65
-54
-51
-13
53
-11
-47
44
-12
-53
29
-71
-65
64
-2
-3
109
37
-27
45
0
13
62
-37
-35
47
25
-20
35
34
-65
56
51
-130
32
70
-128
5
58
-134
-46
57
-79
-94
44
-3
-30
77
15
-9
52
57
14
16
42
5
5
21
-12
-14
27
-12
-32
31
16
-19
41
20
-69
-37
5
-16
-76
-34
35
-30
-37
42
17
-56
33
92
-28
-36
80
38
-74
-6
47
-47
-26
52
-3
-32
30
49
-10
-33
9
20
-20
-62
-12
6
-43
-3
44
17
0
33
48
6
-9
0
17
10
-51
-34
19
-27
-48
14
16
-11
22
30
-5
4
18
3
6
-4
-28
-13
4
-24
-49
-8
30
3
-16
20
39
12
8
19
-1
-12
17
4
-32
-3
24
-2
-3
9
9
12
-15
-16
16
-5
-28
-4
2
-11
-6
12
7
-11
-6
5
2
-6
-9
-2
-7
1
9
-8
-4
14
10
8
-3
-10
14
13
-12
-11
9
1
-6
8
0
-10
0
5
-1
-5
0
7
4
-3
2
9
4
7
6
1
7
2
-14
-7
-2
-14
-18
-13
-7
0
1
-4
5
14
6
3
9
4
0
1
-5
-15
-8
2
-5
-13
0
15
5
0
9
9
5
4
0
-2
0
-2
-2
3
0
-2
6
8
2
0
6
3
-2
-3
-4
-3
-8
-4
-2
-5
-2
1
0
-2
-1
0
0
-2
-2
0
4
1
0
7
6
3
3
3
-1
0
-1
-2
-3
-3
-1
-1
-3
1
2
0
0
1
3
1
0
0
-1
0
-3
-4
0
0
0
0
0
2
1
-1
0
0
-2
-2
0
2
0
-1
-2
0
2
0
-1
0
1
0
0
0
3
1
0
0
0
2
1
-1
-1
-1
0
-1
-1
0
-1
-1
1
1
1
0
-2
0
2
1
0
0
0
0
1
0
-2
0
0
-1
0
0
-2
-1
-2
0
0
0
0
-1
0
1
1
0
0
0
2
2
0
1
1
0
0
-1
0
-1
0
0
-1
-1
0
-1
1
2
-1
-1
0
2
3
0
1
3
0
0
0
0
0
-1
1
0
-2
0
-1
-1
0
0
1
-1
-3
-2
0
0
-1
0
0
2
0
2
2
-3
2
3
-1
-2
1
2
-2
-2
1
0
1
1
-3
0
3
-3
-1
-1
-2
1
0
0
1
1
0
1
2
0
2
0
-3
-2
1
0
-1
0
0
-1
2
1
2
0
0
0
-1
0
0
0
-1
0
0
0
0
1
1
0
1
2
0
-3
-2
0
0
0
0
-2
-1
-1
0
4
0
0
0
-1
1
0
0
1
0
0
0
1
-1
-1
0
0
0
0
0
0
0
0
0
0
-1
0
0
1
2
0
0
0
0
3
-1
0
2
-1
-1
2
0
0
0
0
0
-2
0
1
-1
0
0
-1
-1
-1
0
-1
-2
0
-1
-1
0
0
-1
-1
2
1
-2
0
0
1
0
0
2
0
1
0
0
3
0
-1
0
0
0
-2
-1
0
0
0
-1
1
1
0
0
0
0
0
0
0
0
0
0
0
1
-1
0
2
-1
0
0
-2
-2
-2
0
0
0
0
0
0
2
-2
0
2
0
1
0
1
0
-1
0
0
3
1
0
0
0
-2
-1
2
2
0
0
-1
0
-1
1
0
0
0
-1
0
2
0
0
0
0
0
0
0
2
0
-1
0
-2
-1
0
0
1
2
1
2
1
0
0
-1
1
0
-2
0
-1
0
-2
-2
2
0
0
0
-1
0
-1
-1
0
0
-2
-1
1
0
-1
-1
1
0
-3
3
2
0
1
2
0
-1
0
0
0
0
1
0
0
0
0
1
2
1
0
-1
0
0
0
-1
-1
-1
-2
0
0
0
-2
0
0
1
0
1
0
0
0
-3
-1
0
0
0
0
0
0
1
2
0
0
0
0
0
0
1
-1
0
0
2
2
0
1
0
-1
0
0
-1
0
0
0
1
-1
0
0
-2
0
-2
0
0
0
1
0
0
-2
1
0
1
0
-2
0
-2
0
-1
1
2
0
2
-1
-3
1
1
1
2
0
0
0
0
0
0
1
0
-3
-1
-1
0
0
-2
0
-1
0
0
0
-1
0
0
-1
0
1
1
1
1
2
0
1
0
0
1
0
1
0
-3
1
1
0
0
-2
0
0
1
0
0
1
-1
0
0
0
1
0
-1
0
0
0
-1
0
0
0
0
-1
0
0
0
0
-1
-2
-2
1
0
0
2
0
0
0
0
0
0
0
0
0
0
0
2
0
0
0
0
0
1
0
2
0
-1
0
-2
0
-1
-2
0
-1
0
1
1
0
0
0
0
1
0
-1
1
2
0
1
1
0
2
3
1
1
1
1
-1
-1
0
-3
-3
-3
0
1
0
0
-1
-1
1
1
1
0
0
-3
-1
0
0
1
0
-2
-1
-2
0
-1
0
1
0
0
-2
-2
0
1
0
0
0
2
3
0
0
0
0
0
-3
-1
0
0
2
0
0
1
2
1
2
2
0
0
0
1
0
0
-1
0
0
0
-2
0
1
0
0
-1
-1
0
-1
-2
0
-1
0
0
-3
0
1
-1
0
0
0
1
0
0
0
-1
-2
-1
0
2
0
0
0
1
1
1
-1
0
2
0
0
0
-1
0
0
0
1
0
2
0
0
0
0
0
1
1
-1
0
1
-1
-1
0
0
0
0
-2
-1
0
0
-1
0
0
0
0
0
0
0
0
0
-1
0
0
0
0
0
0
0
1
0
0
0
0
0
-1
0
0
0
2
0
-2
1
0
0
-1
0
0
0
0
0
0
0
1
1
1
0
0
0
0
-1
0
-1
0
0
0
0
0
0
0
-1
0
0
0
1
1
0
0
-2
-2
0
0
-1
0
0
0
0
0
1
0
0
0
-1
0
0
0
0
1
0
0
0
-1
-1
0
0
0
0
0
2
0
0
0
-1
-2
0
1
0
0
0
0
0
-2
-3
0
-1
-2
1
0
-1
0
0
0
1
0
0
1
0
0
0
0
0
-1
0
0
-1
-1
0
1
0
0
4
0
-1
0
0
1
0
0
0
0
0
2
2
0
0
0
-3
-3
-2
1
0
-1
0
0
0
0
-1
0
0
-1
-1
0
1
1
1
2
1
-1
0
1
0
0
1
0
0
0
0
1
-1
0
1
-2
3
2
-3
1
0
-4
0
0
0
0
0
0
-2
-2
-1
-1
1
0
0
-1
-1
0
-1
0
0
1
2
0
0
0
-1
0
0
1
1
1
3
0
0
0
0
0
-2
0
0
0
0
-2
-1
1
0
0
1
0
1
0
0
0
0
-1
0
0
0
1
2
0
-1
0
-1
0
1
-1
-3
0
-1
-2
0
0
-1
-1
-1
-1
0
0
1
1
1
0
1
2
0
3
0
-1
2
0
0
1
-1
-1
-1
-1
0
0
0
0
0
-1
-2
1
0
-1
0
0
0
0
0
0
1
0
0
0
1
1
0
0
0
0
0
-1
0
-1
-1
0
-1
0
1
0
0
0
0
0
1
0
0
0
0
0
0
0
1
0
0
2
0
0
0
0
0
0
-1
0
-1
0
0
0
-1
0
0
0
0
0
1
2
-1
0
1
0
0
0
1
1
1
1
0
-1
-2
-1
0
-1
0
0
3
0
-2
0
-1
1
1
0
0
-2
0
0
0
1
0
3
0
1
2
0
1
1
0
-2
-1
0
1
0
0
0
-2
0
-3
-2
0
-1
0
-2
0
0
-2
0
-1
0
0
1
1
0
2
0
1
0
0
1
2
2
1
-1
0
0
0
0
-2
-3
0
0
2
0
0
0
-1
1
-1
-2
0
0
0
1
0
-1
2
0
0
0
-1
0
1
0
-2
-3
0
0
0
2
1
0
0
0
2
0
-1
0
0
1
1
-1
-2
-1
0
0
-2
-1
0
1
1
0
-1
0
0
-1
0
0
0
0
3
0
0
1
1
2
0
0
1
1
1
-1
-2
0
0
0
0
-1
0
-1
-2
0
0
0
1
0
0
1
0
0
0
0
1
0
0
0
-1
0
-1
0
0
-1
-1
0
0
0
0
0
0
0
0
1
1
0
1
0
0
1
1
0
0
0
0
0
0
-1
0
0
0
0
0
-1
0
0
0
0
0
-2
-1
0
0
0
0
-1
0
1
1
0
0
0
0
0
0
0
-1
-2
0
0
-1
-1
0
1
1
0
0
1
1
0
-1
0
2
0
1
2
0
0
0
0
-2
-3
0
-1
0
3
2
1
0
1
1
2
0
-2
-1
-3
-2
-2
-1
0
-1
1
1
0
1
0
0
-2
-3
2
0
0
2
0
0
0
0
0
0
0
0
0
0
1
1
-1
0
-1
0
1
0
0
0
0
0
-3
-1
2
1
-2
0
1
-1
0
0
-1
0
1
1
2
1
0
0
-1
-1
0
-1
0
0
0
0
0
0
-1
0
2
1
2
0
-1
0
0
0
-1
0
0
-1
1
0
0
0
-1
0
0
0
-1
-3
-1
1
2
0
0
1
0
0
1
0
0
0
1
1
0
0
-1
0
0
0
-1
0
0
-1
0
0
0
1
-1
0
0
1
2
-1
0
0
0
1
0
0
0
0
0
-1
-1
1
1
0
0
0
-1
0
0
0
0
0
0
0
-1
1
0
-3
-1
0
0
0
0
0
1
0
0
1
-2
-1
1
2
1
0
0
3
3
0
0
0
0
1
-1
0
-1
0
0
1
0
0
0
-2
0
-1
0
-1
0
0
0
0
2
0
0
0
-2
-2
0
0
0
2
0
-2
2
1
0
0
-1
0
1
0
-1
0
-1
0
0
0
0
0
2
0
0
0
0
0
0
-1
-1
0
0
1
0
0
-1
0
-1
0
-1
-2
-1
0
1
0
2
0
0
0
1
0
-1
0
1
3
0
0
1
0
-2
0
0
0
0
0
0
0
-1
-1
-1
-1
0
2
0
0
0
0
-1
0
3
1
1
1
1
0
0
-2
-2
0
0
0
2
0
0
1
-1
0
0
0
0
0
0
-1
0
0
0
0
-2
-2
0
0
0
0
2
1
0
-1
0
0
0
0
2
0
0
0
-1
2
0
0
0
0
1
0
0
0
-1
0
0
-2
-1
0
0
0
0
0
0
0
0
-1
-1
1
0
-1
0
0
1
0
0
0
-1
0
0
-1
1
2
0
0
0
0
-1
-1
0
0
0
0
-1
0
-1
-1
-1
-2
0
1
0
1
1
2
2
1
0
0
3
0
0
1
-2
0
-1
-1
0
-1
0
1
0
0
0
1
-2
0
2
0
0
0
0
0
0
0
0
0
-1
0
0
-1
0
0
-1
1
0
0
1
0
0
0
1
2
3
1
-1
0
0
0
0
-1
0
1
2
0
-3
0
1
0
-2
-1
0
1
0
-1
0
0
1
0
-1
0
0
2
0
0
0
0
0
0
1
0
0
0
0
-1
-1
0
-1
0
0
-1
0
1
2
-1
0
1
-1
0
0
0
2
4
1
-1
-1
-1
-1
-2
-2
0
0
0
0
-1
0
0
-1
0
0
0
0
2
1
0
1
0
-1
0
0
0
0
0
0
1
1
2
0
0
0
1
0
0
-1
0
2
-2
-1
0
-2
1
1
0
0
0
0
-2
0
-1
-1
-2
0
0
0
1
-1
-1
1
0
0
0
0
1
0
-1
0
0
0
0
-1
0
0
3
1
0
0
0
0
0
0
0
0
1
-2
0
1
0
-2
0
-1
0
2
0
-1
0
0
-1
-1
0
0
1
-2
-1
-1
0
0
1
0
-1
0
0
1
3
0
0
0
0
0
1
0
0
1
1
1
-2
-1
0
-1
1
1
0
-2
-2
0
0
1
-1
0
0
-1
0
1
0
0
0
-1
0
0
0
0
0
1
1
0
0
0
0
0
2
0
2
2
0
0
1
0
-2
-1
0
-1
-1
1
3
1
0
0
0
-2
0
-1
0
1
-1
0
0
-1
-2
1
-1
0
0
-1
0
2
1
0
2
2
1
-2
0
-1
0
0
0
0
0
-1
0
2
3
0
0
0
2
0
-1
0
0
1
0
0
3
1
0
1
0
-1
-2
-3
0
0
0
0
0
0
-1
0
0
-1
0
-1
-1
0
-1
0
3
2
1
0
0
0
0
0
0
-2
0
0
0
0
0
1
1
0
-1
-2
-1
0
0
0
0
-1
1
0
0
0
-1
0
0
0
0
0
2
0
0
1
0
0
0
0
0
0
0
3
1
0
-1
-3
0
2
0
0
0
0
0
-1
1
0
1
2
-1
-2
-1
-1
-1
2
1
-2
-1
-1
0
1
1
2
-1
-1
0
-3
-1
0
-1
-1
-2
-2
0
0
0
0
0
0
2
1
1
1
1
0
1
2
1
1
0
1
2
2
0
-1
-2
-2
-1
0
0
0
0
0
0
-2
-1
-1
-1
1
0
0
0
-1
0
0
0
0
0
-2
0
1
0
0
0
-1
1
0
0
1
0
0
1
-2
0
0
0
4
2
0
-1
1
0
0
-1
-1
0
0
0
-2
0
0
0
0
-1
-1
-1
1
0
0
0
-1
0
0
0
1
1
0
-1
-1
0
2
1
0
1
0
0
0
0
-1
-2
0
1
0
0
1
1
0
-1
-2
1
2
0
-1
-1
0
-1
-2
0
0
0
0
-2
0
0
0
0
0
0
2
0
-1
2
2
0
3
0
-1
0
-2
0
0
-1
0
0
0
-2
-1
0
-2
0
0
1
2
0
0
0
1
1
0
0
0
0
0
-1
-1
0
0
-1
0
0
0
0
0
1
0
0
0
1
2
0
1
0
0
1
1
2
1
1
3
0
0
0
0
0
-1
-1
-2
-5
-2
-1
-4
-7
-2
-1
0
-1
0
1
3
3
3
4
5
5
3
2
3
2
2
2
-1
-3
0
0
-4
-4
-2
-4
-4
-1
-3
-6
-2
-1
1
0
-1
0
0
1
3
1
4
5
5
6
5
5
2
2
0
0
-2
-2
-2
-4
-2
-2
-3
-5
-6
-2
-3
-1
1
-1
-1
0
1
3
2
1
1
0
0
0
0
1
0
0
1
2
0
0
1
1
1
2
1
-2
0
1
0
0
0
1
0
0
0
0
0
-2
0
0
0
0
0
0
0
0
-1
-2
-2
-1
0
-1
0
0
-1
0
0
1
0
0
0
0
0
2
2
0
0
1
0
0
1
1
0
1
2
0
0
0
1
1
2
2
0
0
-1
0
-1
0
0
-2
-1
-1
-1
-1
-2
-2
-2
0
0
-1
-1
-1
0
-2
-2
2
0
0
2
3
1
1
0
0
1
0
0
1
3
1
2
0
0
0
-1
0
1
-1
-1
0
0
-1
-2
-1
0
-1
-2
-1
0
-1
-1
0
3
0
0
0
0
1
1
4
3
1
2
0
0
0
-3
0
0
-3
0
-2
-2
0
0
0
0
-1
0
1
-1
1
1
0
0
0
-1
0
0
-1
0
0
0
-1
-1
-1
-1
1
0
0
-1
0
1
2
1
2
0
0
3
2
1
3
0
1
0
1
0
-1
0
0
0
-1
0
-1
-2
0
-1
-2
-1
-2
-2
-1
-1
-2
0
-1
-2
0
0
-2
-2
-1
0
-1
1
3
1
0
2
2
3
3
0
2
3
0
2
4
1
0
0
2
1
0
0
1
1
0
-1
1
0
0
0
0
-1
-3
-1
0
-2
-2
-4
-4
-2
-2
-1
-1
2
0
-2
0
1
-1
1
0
0
0
0
-1
-1
1
1
3
2
1
0
2
2
2
0
0
2
2
0
0
0
-2
0
1
0
0
0
-1
-2
0
1
0
-1
-1
0
-1
-2
-2
0
-1
-2
0
0
0
0
1
0
1
0
0
0
1
0
1
1
-1
0
3
1
2
2
-1
0
0
0
0
0
2
-1
-1
0
-1
0
0
0
-1
-2
-3
-3
2
-1
-3
0
0
0
2
1
0
0
1
2
0
0
0
0
1
0
0
0
0
1
0
0
0
0
0
0
0
0
-1
0
0
-1
-1
-2
-1
0
0
0
0
0
0
-1
0
-2
0
0
-1
-1
0
0
0
0
-1
1
2
0
1
1
1
2
0
0
2
1
0
-1
1
3
1
-1
0
0
-2
-1
0
0
1
-2
-1
-1
-2
0
0
0
0
-3
0
0
-1
-1
-1
0
-1
0
0
0
3
2
0
2
1
0
2
0
0
-2
0
0
-4
0
0
-1
-1
0
0
0
1
1
0
0
0
0
1
1
1
0
0
0
0
0
1
-1
1
1
-1
1
0
0
-2
-2
-2
0
1
2
0
0
0
0
0
0
-2
0
0
-2
-1
0
0
1
0
-1
0
0
0
0
0
2
1
0
1
3
3
2
2
0
0
0
0
0
1
0
-1
0
0
0
-2
1
0
0
-1
-1
0
0
0
-1
-1
0
-1
-1
-1
-1
-1
-1
0
0
1
-2
0
1
-1
1
0
0
0
1
1
2
2
0
-2
0
1
0
1
1
2
0
-1
-1
0
0
0
0
0
-1
2
2
-1
0
1
0
-1
0
0
0
0
0
0
0
0
-2
0
0
-3
0
0
-1
0
0
0
-1
0
2
2
0
0
3
0
-1
1
0
0
0
0
0
-1
1
1
0
-2
-2
-2
0
1
0
1
0
0
0
1
-1
-2
2
0
-2
-1
-2
0
1
-1
0
1
-2
0
0
0
2
1
1
0
0
0
2
1
-2
0
1
0
0
0
0
0
0
1
0
0
0
-2
-2
-1
-1
0
-1
0
0
1
1
0
1
0
2
2
0
2
0
1
2
-2
0
0
-2
0
-1
0
-2
-1
0
1
1
0
0
0
-1
0
0
0
1
0
1
2
0
-3
0
0
0
0
0
1
0
-2
-1
-1
-1
-1
-1
-1
0
0
0
0
2
0
0
0
0
0
0
0
0
1
0
-1
-1
0
0
0
0
0
1
1
2
0
0
-1
0
0
0
0
-2
0
0
-1
0
0
0
0
0
0
1
0
0
0
0
0
0
0
0
0
0
0
1
0
0
0
0
1
-1
-1
0
0
1
0
0
0
-1
0
-1
0
0
0
1
1
1
2
0
0
0
0
0
1
-1
0
0
0
0
-1
-1
-1
-1
0
1
0
0
0
0
0
1
0
-3
-1
0
0
1
0
1
2
0
0
0
-2
0
1
0
1
0
0
0
0
-1
0
0
0
3
1
-1
1
0
-1
-1
0
0
-2
0
0
-2
0
0
0
0
-2
0
1
0
-1
0
1
-1
-2
0
1
0
0
0
2
2
0
0
0
0
-1
-1
0
-2
0
1
0
0
1
0
0
0
0
1
0
0
-1
0
0
0
0
0
0
0
0
0
1
0
0
-1
0
-1
0
-1
-1
0
0
0
0
0
0
0
1
-1
-2
0
0
0
0
1
1
0
0
0
1
2
2
1
0
0
1
0
0
0
0
-1
0
0
0
-1
-2
0
1
0
0
-1
0
0
0
0
0
1
0
-2
0
-1
-1
-1
-2
-2
0
1
0
-1
0
2
1
0
-2
0
0
0
1
0
0
1
1
0
0
1
0
-1
-3
-1
0
0
0
0
0
0
0
0
0
0
0
1
0
1
0
1
2
0
-3
-1
0
0
-1
-1
0
0
0
1
0
0
0
0
0
0
0
0
0
1
0
0
0
-2
0
0
0
1
0
0
0
0
1
0
0
1
0
0
0
-1
-2
0
0
0
1
0
0
-1
-1
0
-3
0
0
0
1
1
1
-1
-1
0
3
1
0
2
0
0
-1
2
1
-1
2
0
0
-1
-1
0
0
1
0
0
0
-2
0
-2
-1
2
0
0
0
-1
-1
0
0
-3
0
0
0
0
0
0
0
0
2
1
0
1
0
-1
1
2
1
3
2
0
-1
0
1
0
0
1
0
0
0
-1
-2
1
0
-2
-1
-1
-3
-2
-1
0
-1
0
1
0
-1
-1
0
0
1
0
0
0
0
1
0
-1
0
0
1
1
0
0
0
0
0
1
-1
1
2
0
0
1
0
0
1
1
0
0
1
0
-2
-1
-1
-2
1
0
1
0
0
0
1
1
-2
-1
0
0
0
-2
0
-1
-2
0
1
1
0
2
2
0
0
0
-1
-2
-2
0
2
2
-1
0
0
-1
0
0
0
1
1
2
0
-1
0
0
0
0
-1
0
1
0
0
-2
-1
1
0
0
-1
-1
1
1
2
4
2
1
0
-1
-1
-1
0
0
0
0
-3
-1
-1
-1
0
0
-1
0
0
-1
0
-1
0
0
-1
0
2
1
0
0
0
0
0
2
1
0
0
0
0
0
-1
0
2
3
2
0
0
0
0
0
0
-3
-2
-1
0
-2
-1
0
0
0
0
0
0
0
0
0
0
0
0
2
0
0
1
0
1
-1
-2
0
1
0
0
0
0
0
0
0
0
-1
0
1
-1
-1
1
0
0
0
0
1
0
-1
0
0
0
0
0
0
0
0
0
0
-1
0
0
0
0
0
0
0
0
1
3
0
-3
-1
1
0
0
0
0
0
3
0
-1
0
0
0
0
0
0
0
0
1
1
0
0
1
1
0
0
0
0
1
-1
-2
0
0
0
0
-2
-1
0
0
2
-1
0
0
0
0
-2
1
0
0
-1
0
4
2
0
0
-2
0
1
0
0
1
1
0
-1
2
1
0
-2
-1
0
0
0
0
-2
-1
0
-1
0
0
0
-1
-1
0
2
1
0
0
-1
0
-1
0
0
0
0
0
0
2
1
0
0
0
0
1
0
0
0
0
-1
-1
0
-1
0
-1
-1
0
-2
-2
-1
0
0
0
0
0
0
0
0
1
0
1
3
1
1
2
0
-1
1
0
-1
0
0
-2
0
0
0
1
2
0
-2
0
0
-1
0
-1
0
0
-1
0
2
0
0
-1
-1
0
-2
0
0
0
0
0
-1
0
0
-1
0
2
0
-1
3
2
-1
1
1
-1
0
1
0
0
0
0
0
0
-1
0
1
-1
0
-1
0
0
0
0
-2
-1
-2
0
1
1
0
-1
0
3
1
0
0
0
0
2
1
2
1
0
0
-1
0
0
-1
-2
-1
0
0
0
-1
0
0
-1
0
1
0
-1
-1
0
1
0
0
2
-1
0
2
1
2
1
0
0
-2
-1
0
-3
0
1
0
-1
-1
0
0
1
1
0
0
0
0
-1
0
0
0
1
0
2
1
1
1
0
0
0
3
0
0
0
-2
0
-1
-2
0
-1
-1
0
-1
0
1
0
0
0
-1
0
0
1
3
0
0
0
-1
-1
0
0
0
2
-2
0
0
0
1
0
0
0
1
0
1
0
0
-2
-2
0
1
0
0
1
0
-1
0
0
0
2
0
0
0
-1
-1
2
1
1
0
0
2
0
0
1
1
-1
0
0
-1
0
0
-1
-1
0
0
0
0
-1
1
-2
0
0
0
0
0
-2
-1
2
0
1
2
0
-1
-2
0
0
0
3
1
-1
0
1
0
-1
0
0
-1
0
0
-1
0
2
0
-1
1
0
1
2
2
0
0
0
0
1
0
0
0
-1
0
1
-1
0
1
0
-1
0
0
-2
-2
0
0
0
0
0
0
0
0
0
0
-2
0
0
0
0
0
0
0
0
0
0
1
1
0
2
0
-2
0
0
-1
0
1
1
0
0
0
0
0
1
0
0
1
-1
1
0
0
0
0
0
1
0
-1
0
0
0
0
-1
-1
2
0
-1
0
0
0
0
0
-1
0
0
-2
0
0
-1
1
0
-1
0
0
0
0
1
1
0
0
0
-1
-1
1
1
2
0
-1
0
0
-2
0
1
1
0
0
0
1
0
-2
0
0
0
3
-1
0
0
0
-1
1
1
0
-2
0
0
0
-2
0
-1
-1
-1
-1
1
2
2
-1
-3
0
-1
0
0
0
1
0
1
1
-1
0
0
0
1
0
3
2
-1
0
0
1
1
-1
-1
0
0
1
1
-2
-1
0
0
0
0
0
-1
-1
0
-1
0
1
0
0
0
1
1
-1
0
0
0
1
-1
0
1
0
0
0
1
1
0
1
0
2
1
0
0
0
0
0
-1
0
0
-1
0
0
0
-1
0
0
-2
-1
0
0
2
-1
-1
0
0
0
0
0
1
-1
0
0
1
0
0
0
0
0
0
0
1
0
0
1
0
-1
0
-1
-1
0
0
0
0
0
0
2
2
0
0
-1
0
1
1
0
0
0
0
0
0
-2
-1
0
0
0
-2
-2
1
0
-1
0
0
0
0
0
1
2
0
1
0
-1
0
3
1
0
0
1
-1
-1
0
0
0
0
1
0
-2
-1
0
1
0
0
1
0
0
0
-3
-2
-2
0
1
0
0
2
0
1
1
0
-1
-3
0
0
0
0
-1
0
1
0
0
0
0
0
0
0
0
0
1
1
0
1
0
0
1
4
0
-2
0
0
0
-1
-1
0
-1
0
2
0
-1
0
-1
-4
0
1
-1
0
1
0
0
0
0
0
0
-1
1
0
0
2
0
-1
0
-1
0
0
0
1
0
1
0
1
2
0
0
0
0
0
0
-2
-1
0
0
1
0
0
0
0
0
0
-1
-2
0
-1
0
0
0
-1
0
0
0
2
0
0
0
0
0
0
0
0
1
0
0
0
-1
-1
0
0
1
3
1
0
-1
0
0
-3
-3
0
0
-1
-1
0
0
0
0
1
0
2
1
-1
0
0
-2
0
0
1
1
0
2
1
-1
0
0
0
1
0
-1
1
0
1
-2
0
0
0
0
0
-1
0
0
-1
0
0
0
-1
0
1
-2
-2
0
1
0
-1
0
0
-1
2
0
0
3
1
3
0
0
2
-1
0
0
0
0
-1
0
0
2
2
-1
0
0
-2
0
0
1
0
-3
-2
1
3
0
-2
-1
0
1
0
-2
-1
0
-1
-1
-1
-1
0
0
2
1
1
0
1
3
1
-1
0
0
0
0
0
2
0
1
1
2
1
-1
0
0
-1
0
0
0
0
0
-1
-2
-1
0
2
2
0
0
0
0
0
-2
0
0
-1
-1
0
1
2
0
0
-1
-2
0
0
1
-1
0
0
0
1
2
1
0
0
0
-1
0
0
0
0
0
0
-1
0
1
-2
-1
0
2
1
-1
0
-1
0
0
1
0
-1
1
0
0
0
0
-1
-2
-1
0
-1
-1
0
0
0
0
0
-1
-2
0
1
1
0
0
0
0
0
1
1
0
0
0
0
1
0
0
0
0
1
0
0
0
0
-1
-3
0
0
0
0
1
0
0
0
-1
0
0
-1
0
0
0
0
0
-2
-1
0
0
0
-1
0
1
0
0
0
1
0
1
3
0
0
0
0
0
0
-1
0
2
-1
0
2
1
0
2
0
2
0
0
0
-1
0
-1
0
-1
-1
0
-1
-2
-3
-2
0
0
0
0
0
0
1
0
1
0
0
0
0
0
0
0
0
0
0
1
0
-1
0
0
0
2
0
0
0
-1
1
-2
0
2
1
0
0
0
0
-1
0
1
-2
-1
0
0
0
-1
0
0
0
0
0
1
0
0
0
0
1
0
0
-1
-1
0
2
1
2
0
0
-1
-1
1
0
0
-1
0
1
0
1
0
1
0
-1
0
0
0
-2
-1
0
0
0
-2
0
0
-2
-3
-3
0
0
0
1
1
0
-1
2
2
-2
-1
0
0
0
0
1
3
2
0
0
0
0
1
1
0
0
0
0
0
0
0
-2
-2
0
0
0
0
-1
1
0
-2
0
0
0
0
0
0
-2
0
0
0
0
1
1
0
0
0
1
1
0
0
1
0
0
0
0
0
1
0
0
0
-3
-1
0
0
0
0
0
1
0
0
0
0
1
0
0
1
0
0
0
2
0
1
-2
-2
0
0
-1
0
-1
0
0
0
1
1
-1
0
1
0
1
0
0
0
2
0
2
1
0
1
0
-1
0
0
-1
-2
0
0
-1
0
1
-1
0
1
0
0
0
0
0
-1
2
0
-1
0
0
0
0
0
0
0
-2
1
1
0
3
2
0
-2
0
0
0
1
0
-1
-3
0
1
-1
0
1
0
-1
0
0
1
0
-1
0
0
0
0
0
0
1
1
0
0
0
0
1
0
-2
1
0
-1
0
1
0
-1
0
0
-1
1
1
1
0
0
0
-1
0
2
0
0
0
0
0
-1
0
0
-1
-1
0
0
-1
0
0
1
-1
0
0
-2
0
0
0
0
0
-2
0
1
-1
0
1
1
0
0
1
-2
-1
1
0
0
1
0
0
1
1
0
0
0
0
0
0
0
0
-1
1
0
-2
0
0
-2
1
0
-1
0
-1
0
0
0
0
0
1
0
-1
0
0
0
2
0
0
1
0
0
1
-2
0
0
-1
0
0
-1
-2
0
0
-1
0
0
-1
0
0
0
1
1
-1
0
0
-1
0
1
0
2
2
0
0
0
-2
0
1
0
0
0
0
1
0
0
0
0
0
0
0
-1
0
1
1
0
0
0
0
-1
-2
-1
-2
0
0
-2
-1
0
0
2
0
0
0
1
1
0
0
1
2
0
1
0
0
2
3
0
0
0
0
-1
-3
0
-1
-2
-2
-3
0
0
1
2
-1
0
0
-2
0
0
0
3
0
0
-1
0
2
-1
0
0
0
0
0
-1
0
-2
0
1
0
2
1
-1
1
1
0
3
1
1
0
0
0
0
0
0
-1
1
1
0
0
0
-2
0
0
-2
0
0
-1
0
1
0
0
1
-1
-1
-1
0
-1
-2
-1
0
0
0
-1
-1
0
-1
-2
0
2
0
-1
0
-1
0
0
0
2
1
3
1
0
2
1
0
0
0
0
1
1
0
0
-1
-1
1
-1
-2
0
-2
0
0
-1
0
0
-1
0
2
0
3
2
1
0
0
0
-1
0
0
-1
-2
-1
0
0
1
0
1
0
0
0
0
1
0
0
1
-1
0
0
0
1
0
0
0
-1
0
0
-1
0
0
0
0
0
-2
-3
0
0
0
0
1
2
1
-1
0
1
0
2
2
1
2
0
-1
0
-2
-3
-3
-2
-1
-1
-2
-3
1
1
0
-1
0
2
0
2
1
0
1
1
1
3
2
2
0
0
0
0
-1
0
-2
-4
-1
0
0
0
-2
-3
0
0
0
0
0
0
-1
0
2
1
0
1
1
2
0
0
-1
-2
0
0
1
1
-1
0
0
-1
0
0
0
-1
0
0
0
1
0
0
0
0
0
1
1
1
0
0
0
-1
-1
-3
-3
-2
-1
0
-1
0
0
-1
-1
1
0
0
3
1
0
0
1
2
2
0
0
1
0
0
0
0
-2
0
0
0
0
0
1
0
0
0
0
0
0
0
0
0
0
0
-1
-2
0
0
0
-1
0
0
2
0
-1
0
0
-1
0
1
1
0
0
0
2
1
0
0
0
-1
-1
1
2
-1
-1
0
0
0
-1
-1
-1
0
0
-2
0
1
1
0
0
3
4
0
0
2
0
0
0
-2
1
0
-2
-4
-1
0
-1
2
1
0
0
1
1
0
-2
-2
-1
0
1
3
0
0
1
2
2
1
1
0
-1
0
0
-2
-1
-1
1
0
-2
-1
0
0
0
0
1
0
0
0
-1
0
-1
0
2
0
0
1
0
-2
-2
1
2
1
0
0
-1
0
0
0
0
0
-1
1
0
1
2
1
-1
-1
-1
1
0
-2
0
0
-2
0
0
0
0
0
0
0
1
0
0
0
0
0
-1
0
0
0
0
-1
0
0
0
1
1
0
0
0
1
1
0
0
1
1
1
2
0
0
0
0
0
-1
-1
1
1
0
-2
0
0
0
1
-1
-2
0
0
-2
-1
-2
0
0
0
1
1
0
0
1
1
1
0
-4
-1
2
2
-1
-1
0
0
0
0
0
-1
-1
-2
0
2
0
-3
-1
0
0
0
-1
0
1
0
-1
-2
0
0
0
2
1
1
1
0
0
1
1
0
0
0
0
0
1
-1
0
-1
0
0
0
-1
0
2
0
-2
-1
0
1
0
1
0
-1
-1
0
1
1
0
0
-1
1
3
0
-1
0
0
0
2
0
-1
1
0
1
1
0
0
0
0
0
0
-3
0
-1
0
1
-2
-1
0
1
1
0
-1
1
0
0
0
-1
0
-1
1
0
0
-1
-1
1
0
-2
0
1
2
5
1
-1
-2
-2
0
1
-1
-1
-1
0
2
2
3
-1
-3
-1
-2
0
-1
-1
0
0
3
3
0
0
0
0
1
3
2
0
-1
2
2
0
-1
-2
0
0
-1
0
0
-1
0
0
-1
0
0
-1
-1
0
0
2
0
-1
-1
0
2
0
0
0
0
0
0
0
3
1
0
1
0
-1
0
-2
0
1
0
0
0
1
0
-2
2
0
-2
1
0
0
-1
-1
2
1
0
1
0
0
1
0
0
0
0
0
0
-3
-3
0
0
0
0
0
-1
-2
0
1
0
0
1
0
-1
-1
0
0
0
2
1
0
0
0
0
0
0
0
1
0
0
0
-1
-1
0
0
0
0
-1
0
0
-1
-1
0
0
0
1
1
0
0
0
0
0
0
0
0
0
0
0
-2
-4
-1
0
0
1
0
0
0
0
0
1
1
0
0
2
2
1
0
-1
0
0
0
0
-1
-1
0
2
2
0
-2
0
-1
-1
0
0
-1
-3
-1
0
0
0
0
0
0
1
0
1
0
0
0
0
0
0
0
0
0
-1
0
1
2
2
-2
0
2
1
0
0
-2
-1
1
-2
0
0
-1
-1
0
0
0
1
0
-1
0
1
3
2
-1
0
0
1
1
0
-4
-2
0
0
0
-2
-1
0
1
-1
0
1
0
1
0
-1
0
0
0
-1
0
0
2
2
1
0
0
0
1
0
0
1
0
0
0
0
-1
0
1
0
0
0
-2
0
0
-1
-1
0
-1
0
0
0
0
2
1
0
-2
-2
-1
-1
-1
0
1
1
0
-1
0
-2
0
1
0
0
0
1
2
2
0
0
1
1
0
0
0
0
0
0
-1
0
2
0
-1
0
0
-1
0
1
0
-1
-2
0
1
-1
0
1
0
0
-1
-1
1
1
0
-2
-1
-1
0
2
0
0
1
0
0
-1
-2
0
1
1
-1
-1
1
1
1
0
-1
-1
-1
0
0
0
0
0
0
0
0
0
0
0
0
0
-1
0
0
1
0
-1
1
0
0
2
0
-1
0
0
1
0
0
-1
-1
0
0
0
0
1
0
-1
-1
0
0
0
0
0
-1
0
1
0
0
1
0
0
0
-1
1
1
0
0
-2
0
1
1
1
0
0
-2
-1
0
0
0
0
1
1
0
1
-1
0
1
1
0
-1
0
-1
1
1
0
0
0
1
0
0
-1
1
-1
-2
0
0
0
0
-1
0
0
-2
0
1
0
0
0
1
1
1
0
0
1
0
0
0
0
0
-1
0
-1
-3
0
1
0
-2
0
0
0
1
1
0
0
0
0
1
1
0
0
0
0
0
1
-1
0
0
1
0
0
0
-1
-1
0
0
0
-1
-1
0
0
0
0
0
0
-1
1
1
0
-1
-1
0
-1
-1
0
-1
1
-1
0
1
0
1
2
1
1
0
0
0
0
0
2
1
0
1
0
0
0
-2
0
-1
0
0
0
0
-1
0
0
-1
0
0
-2
-1
0
1
0
-1
1
0
1
0
-1
1
0
0
0
0
0
0
0
1
0
0
0
0
0
0
0
-1
0
0
0
0
0
0
-1
0
0
0
-2
0
0
-1
1
0
0
1
0
0
0
0
0
-1
0
-1
0
0
-1
0
1
0
0
0
0
0
0
1
0
0
0
0
0
1
2
0
0
2
0
0
1
0
0
0
0
0
-1
0
0
0
0
0
-1
0
0
0
0
0
-1
0
0
1
0
0
0
1
0
0
1
0
0
0
0
0
1
1
-2
0
0
0
0
0
-1
0
0
0
0
1
0
-1
1
0
-2
-1
-1
-1
2
0
0
1
1
-1
0
0
0
0
1
1
0
1
0
0
2
0
0
0
0
0
0
0
-1
0
0
0
0
0
-1
0
0
-1
-2
-1
0
1
0
0
0
-1
0
0
0
0
0
1
0
0
1
0
0
0
-1
-1
0
1
-3
0
0
0
0
1
0
1
2
0
0
0
-2
0
2
-1
0
1
-1
-1
0
0
0
0
2
0
0
1
0
0
1
1
1
0
1
1
0
0
0
0
0
0
-1
0
-1
-1
0
0
0
-1
-1
-1
-2
-1
0
-1
0
0
0
0
2
1
0
-2
-2
1
0
-1
1
0
0
2
2
0
1
1
0
0
0
0
3
1
0
0
0
1
0
0
0
-1
0
0
-2
-3
-2
-2
-1
-1
0
0
1
0
0
-1
-1
0
0
0
-1
-1
0
1
0
0
2
1
1
0
0
0
0
1
0
0
0
0
0
0
0
1
1
0
0
0
0
2
1
0
-1
-1
-1
-1
-2
-2
0
-1
0
0
0
1
-1
1
1
-1
0
0
0
0
0
0
0
0
0
0
-1
0
0
0
0
-2
0
0
0
1
0
0
0
0
0
-1
-1
0
0
0
0
2
0
0
0
-2
0
0
0
0
0
0
-1
0
0
0
-2
0
0
-1
0
0
0
2
0
-1
0
0
1
3
0
0
0
0
0
0
0
0
0
0
0
0
-1
-1
-1
-2
-1
0
0
0
0
0
0
0
0
1
0
0
0
1
0
2
0
2
2
1
0
2
0
0
1
-1
-3
-1
-1
1
3
0
0
0
-1
-2
0
-1
-2
0
0
-1
0
0
-1
0
0
-2
1
0
0
0
0
0
2
0
0
0
0
1
2
0
0
1
0
1
1
-1
0
0
0
1
0
-2
0
3
1
0
-1
-2
-1
0
0
-1
0
0
-1
-1
0
1
1
-2
0
0
1
0
-2
0
1
0
0
-1
0
2
0
-1
0
0
0
3
1
0
2
0
0
2
0
-1
-1
-1
1
1
0
0
0
-2
-1
0
0
-1
-1
0
0
0
-1
0
1
0
-1
0
0
0
-1
0
1
1
1
1
1
0
1
1
0
0
0
0
0
-1
0
0
1
2
0
-1
-2
-1
-2
-1
-1
-1
0
0
-1
0
0
0
2
2
2
-2
0
2
0
0
1
0
0
-1
0
0
-1
-1
-2
-1
-1
0
0
0
1
0
0
2
1
1
2
0
-1
-1
0
0
0
1
0
-1
0
-1
-1
-2
0
0
-1
-1
0
1
0
0
0
1
2
-1
0
1
1
-1
-1
0
0
0
-1
0
-1
-1
1
-1
0
0
1
0
-1
-1
0
0
-2
0
0
-1
0
0
1
-2
-1
-1
0
0
-1
2
3
0
0
0
0
1
0
0
2
0
0
2
0
0
0
0
-1
0
0
0
-1
-1
1
0
0
-1
-1
-1
-2
-1
1
0
0
2
-1
-2
0
1
1
0
0
0
0
0
0
1
0
-1
0
0
1
0
0
0
0
1
0
1
0
0
1
2
1
0
0
1
1
-1
-1
0
0
0
-1
0
0
-1
-2
-1
0
1
1
-1
0
0
0
-2
-1
0
0
0
2
1
0
0
0
0
0
0
1
0
0
0
0
1
0
0
0
2
1
1
-1
0
1
0
0
-1
-1
0
-1
-1
0
-1
0
0
-1
-1
0
0
0
0
-1
0
0
0
-1
0
0
0
1
0
1
1
0
0
0
0
0
0
2
0
0
0
-1
0
0
-1
1
1
0
-1
-1
0
0
-2
0
-1
0
0
-1
-1
-1
0
0
-1
0
2
3
4
2
1
1
0
1
-2
0
0
-1
0
0
1
2
-1
-2
-3
0
0
-2
0
0
-1
0
0
-1
-1
0
0
3
0
-1
0
0
0
3
1
-3
0
0
0
0
0
0
0
0
0
0
-3
-1
0
0
0
0
1
1
1
1
0
0
-1
0
-1
-1
0
0
1
0
0
0
0
0
0
1
0
-1
0
0
-1
0
0
1
0
0
0
0
1
0
0
0
0
0
1
0
0
0
0
0
-1
-1
0
-1
-1
3
1
0
0
-1
0
0
0
-1
0
-2
-1
0
0
0
0
0
-2
0
1
0
2
1
0
0
0
0
-2
0
0
1
0
0
-1
0
0
-1
1
0
1
2
0
0
1
-1
-2
-1
0
1
0
0
1
0
-1
-2
0
2
-1
0
2
1
0
0
-2
1
2
0
0
0
0
0
0
1
0
0
1
1
1
0
0
-2
-1
0
-1
0
-1
-1
0
-1
-2
-2
0
0
0
0
1
1
1
0
0
1
1
0
0
0
0
0
0
-1
0
0
0
-2
-1
0
0
1
1
0
2
2
1
1
1
0
-1
0
0
-1
-2
-1
1
2
-1
-1
-2
-1
0
0
0
1
0
0
0
0
0
-1
-2
0
2
2
0
-1
0
0
1
0
1
1
0
0
0
0
1
1
2
0
0
1
0
-1
-2
-2
0
1
0
0
-1
1
0
-4
-1
0
-1
1
0
-2
0
0
2
1
0
0
0
-1
0
1
0
0
-2
0
1
-1
1
0
-1
2
0
1
0
0
2
1
0
1
1
0
1
-1
0
3
0
0
0
-1
-2
0
-1
-1
0
-1
0
-1
-2
1
0
-1
2
1
-2
-1
0
0
-1
-1
0
2
0
-1
0
0
0
0
1
1
0
0
0
0
0
0
0
1
-1
-1
0
-2
-2
0
1
1
0
0
0
-1
0
2
1
0
0
0
0
0
0
0
1
3
2
0
0
0
0
0
-1
-1
-3
-3
-4
-3
-1
-1
0
0
0
0
1
2
0
1
3
3
3
0
-1
0
1
0
0
0
-1
0
-1
0
0
-1
0
0
-2
-1
0
0
1
1
1
0
0
-1
-2
0
0
0
1
1
0
1
0
0
1
0
0
0
-1
-1
0
0
0
0
1
1
0
2
2
1
0
0
0
-1
-1
-1
-2
-1
-2
-1
0
0
0
0
1
1
0
-1
-1
0
0
0
2
1
0
0
2
2
1
0
0
0
0
0
1
0
0
0
-1
0
0
0
2
0
0
2
0
1
1
-1
-1
0
-1
0
-2
0
1
0
0
-2
0
0
0
0
0
0
-2
-1
1
0
0
-1
-1
0
1
0
1
1
0
1
0
1
0
0
-1
-1
0
0
0
1
0
-1
-2
0
0
0
0
-1
-1
0
0
1
-2
0
2
0
0
-1
0
0
1
1
1
0
0
-1
-2
-2
-1
-2
-2
0
0
2
2
1
0
-3
-1
0
1
1
2
1
2
2
1
-1
-3
-1
0
0
1
1
1
0
0
-1
0
0
0
0
-1
-1
-1
-1
0
0
0
0
1
0
1
0
0
1
0
0
0
-1
-2
-1
0
3
0
0
0
0
-3
-3
-1
0
1
1
0
1
-2
-2
0
0
0
0
1
2
1
0
0
1
2
0
0
-1
0
2
0
0
0
0
0
0
0
0
0
0
0
1
0
-1
0
0
-2
-1
1
0
-1
0
0
0
0
0
-1
0
0
0
0
0
0
0
2
0
-3
-1
1
0
0
0
1
0
0
0
2
0
-1
0
-2
-1
0
0
1
1
0
0
0
-1
-1
-2
0
-1
1
0
0
0
2
0
0
0
0
0
0
1
0
-2
0
0
0
0
1
0
-2
0
-1
-2
0
-1
0
2
1
1
1
0
-1
-1
0
2
1
0
0
1
0
1
0
-3
-1
-3
-4
0
0
1
2
0
1
2
0
0
0
1
3
1
0
0
-1
-1
0
1
0
0
0
1
2
0
0
-1
-3
0
0
0
0
0
-2
-2
-1
-1
0
0
0
0
0
0
0
-2
0
2
2
1
-1
0
2
0
-1
-2
0
-1
-2
1
0
2
0
-2
2
4
1
0
-1
-1
0
0
0
0
1
0
1
0
-1
0
0
0
1
0
0
1
0
-1
0
0
-2
0
-2
-1
1
0
0
0
1
0
0
0
-1
0
1
0
-1
0
0
0
1
0
0
0
0
0
0
0
0
0
1
1
0
-2
-4
0
2
0
0
0
0
2
2
-1
0
-2
-1
0
0
0
-2
-1
0
0
2
2
2
1
0
0
1
1
0
-1
-1
0
-1
-1
0
0
0
1
1
1
3
1
0
1
-1
0
0
-1
1
0
-1
-1
-1
0
0
0
0
-1
-2
1
0
-1
0
0
1
0
1
2
0
0
0
1
0
-2
0
0
-3
-1
0
0
-1
0
0
0
1
0
-1
0
0
0
0
-1
0
1
1
1
2
2
0
0
0
0
0
-2
-3
-2
-1
0
0
-1
-1
0
0
1
2
0
1
1
0
0
-3
0
2
0
0
2
0
0
0
-1
0
1
-1
0
0
0
-1
0
1
0
-1
0
1
0
0
0
-2
0
0
0
2
0
0
0
-1
1
1
0
1
-1
0
0
-1
0
0
-1
-2
-1
1
0
0
2
-1
0
0
-1
1
0
-1
-1
0
0
0
2
1
-2
0
3
3
0
0
-1
0
0
1
0
1
1
0
0
0
-1
-2
0
0
1
0
0
1
2
1
-1
-3
-1
0
1
1
0
0
-1
-1
0
-1
0
0
-1
0
2
0
-3
-1
0
-1
0
-1
1
3
3
0
0
0
0
0
0
1
1
0
1
0
0
0
1
-1
-3
0
0
-1
0
0
0
0
0
0
-1
-1
0
0
0
-1
0
0
0
1
1
-1
-4
0
0
3
2
-2
0
1
0
1
1
1
1
0
0
2
0
-1
-1
0
1
1
0
-3
0
0
0
2
0
-2
-3
0
1
0
0
0
-2
0
-1
-1
0
-2
-1
0
1
0
0
0
0
0
2
-1
-1
0
1
0
0
0
0
0
0
0
-1
0
1
1
2
0
-1
0
0
2
0
0
0
0
0
0
2
1
0
1
0
1
2
0
-1
0
0
-4
-2
-2
-3
-2
0
0
0
0
0
0
0
3
0
0
0
1
0
0
1
1
2
0
0
1
1
1
0
0
0
-1
0
0
0
0
0
0
0
0
1
2
1
0
0
-1
-2
-2
-1
0
0
-1
-1
1
0
-1
0
1
1
0
-1
-1
0
1
1
0
0
0
0
0
2
2
0
-1
0
0
0
0
0
-1
0
0
-1
0
-2
0
-2
0
-1
0
0
0
1
1
0
0
1
0
2
4
2
0
0
-1
-1
-1
0
0
0
-2
0
0
0
-1
0
-2
0
0
0
0
-1
0
1
0
1
3
1
0
0
1
3
0
-1
2
0
0
0
-1
0
-1
0
-2
-1
-1
-1
0
0
0
0
0
-1
0
0
0
0
0
1
0
0
1
0
-2
-1
0
-1
-1
0
0
0
1
0
0
1
0
-1
0
0
0
-1
-2
-1
0
0
0
-1
0
0
1
2
-1
-1
-1
0
-1
-3
0
2
0
0
2
1
2
1
1
1
1
0
1
0
0
1
-1
-2
-1
-1
-2
0
0
-2
0
1
0
0
0
-2
-1
1
2
1
-2
0
0
0
1
0
0
-1
-1
0
0
0
1
1
1
0
0
3
2
1
0
0
1
0
0
2
0
0
-5
-2
-1
-1
0
-2
-3
0
-1
-1
1
0
0
0
0
0
0
0
2
2
0
0
2
3
1
1
0
1
0
0
-2
-1
1
0
-2
-1
-1
0
1
-1
-1
-2
-1
-1
0
0
1
1
0
0
0
1
0
0
-1
0
0
0
0
0
0
1
3
0
0
0
0
0
-1
0
-1
-2
0
1
1
0
1
0
0
0
-1
0
-1
-3
0
0
1
0
0
0
0
1
0
0
0
0
0
1
1
0
1
0
0
0
0
0
0
0
0
-1
-1
-1
0
0
0
-1
1
3
0
-1
0
0
-1
0
0
0
0
0
0
0
-1
0
0
-1
0
0
1
-1
-2
1
0
-1
1
0
0
-1
-1
0
0
1
0
0
0
0
0
1
0
0
0
0
1
-1
0
0
-2
-1
1
0
-1
-1
-1
0
0
0
0
0
1
3
3
1
1
0
0
1
1
0
-2
0
0
0
-1
0
0
-1
-1
-1
-1
0
-1
0
0
-1
-1
0
2
1
0
0
0
4
4
0
-2
1
0
-2
1
-1
0
0
-2
0
-2
-3
0
0
0
-1
0
0
0
0
-3
0
1
0
0
0
3
1
1
3
2
3
0
0
-1
-2
1
0
0
-2
-2
-1
-2
-1
-1
-4
-1
0
0
3
0
0
3
2
0
0
0
-1
0
2
2
-1
-4
0
1
-2
-2
0
0
0
-2
0
4
4
0
-1
0
0
0
0
-1
0
1
0
0
1
-1
0
0
0
-1
-2
0
0
1
0
0
0
-1
0
-2
-3
1
0
0
0
0
1
4
2
0
-1
0
0
2
0
0
1
0
0
-1
-2
0
0
0
-2
-2
1
0
0
0
0
0
0
1
-2
-1
0
0
0
0
0
0
0
1
0
0
1
2
3
2
0
-1
0
2
0
-3
1
1
-1
0
-1
-1
0
0
0
0
0
0
1
1
-3
-2
1
0
-1
0
1
0
1
0
0
0
1
0
1
1
0
2
1
1
-1
0
1
0
-1
0
0
0
0
0
0
0
0
0
-1
-1
-1
0
-2
0
-1
0
1
0
-1
0
1
0
-1
3
2
0
0
-2
0
1
0
1
2
1
1
1
0
0
0
0
0
-1
0
-2
-1
-1
-1
-2
-2
-2
0
0
0
0
0
0
2
1
2
0
0
0
1
0
0
0
0
0
0
0
0
-1
-1
-2
-1
0
0
0
0
1
0
1
0
0
2
0
-2
1
1
-1
0
0
0
0
0
0
0
-2
0
2
0
-2
0
0
0
1
0
0
0
1
1
0
0
0
-1
0
-1
-1
-1
0
0
0
0
0
0
2
0
0
0
0
1
0
2
-1
-2
0
1
2
0
0
0
0
0
0
-2
-1
1
0
0
-2
-2
0
1
0
0
1
-1
-1
-1
-1
0
0
0
0
-1
0
0
0
-1
-1
0
3
1
-2
-2
1
2
1
0
0
0
1
0
0
1
2
0
1
0
0
0
0
0
-1
-1
-2
-1
-1
-1
0
0
0
0
-2
0
1
0
-2
-1
0
0
0
2
1
0
1
0
0
0
-2
1
0
0
1
0
0
0
0
0
0
-1
0
1
0
0
0
0
0
0
0
0
0
0
0
0
0
-1
0
0
0
1
1
1
0
0
0
-1
-1
1
0
-1
0
0
0
0
1
2
1
0
0
0
1
0
-1
-2
0
0
0
-1
-1
0
0
-1
-1
0
0
0
1
-1
1
1
0
2
0
0
2
1
1
0
0
0
0
0
0
-4
-3
0
0
-2
0
0
0
3
1
-1
0
2
2
0
-1
0
1
0
-2
0
3
0
0
-1
1
2
0
0
0
0
2
-1
-1
0
-1
0
0
0
0
-1
0
1
0
0
0
-1
-2
0
3
2
0
-1
-2
1
2
0
0
-1
0
0
0
0
0
0
0
1
0
0
-1
1
1
0
-1
0
1
0
0
-2
1
0
0
0
0
0
-2
-2
2
3
0
-1
0
0
2
0
0
-1
0
0
-1
0
0
0
-1
0
0
0
-2
-1
0
0
0
0
1
0
1
1
2
1
0
1
2
1
0
0
0
0
0
-1
-2
-1
0
0
-1
-1
1
0
0
0
0
2
0
0
0
0
0
2
1
0
0
0
1
0
-1
0
0
0
-1
0
0
1
0
0
-1
0
0
-1
0
0
0
0
4
0
-2
0
0
0
0
0
0
0
0
0
1
0
-3
1
0
-1
-1
0
1
0
1
0
0
0
0
1
0
-1
1
0
0
0
0
0
-1
0
2
0
-2
-1
0
1
0
-2
-1
0
0
1
1
0
0
-1
-1
1
0
-1
0
0
0
1
0
-1
-2
0
0
1
1
0
0
0
-2
0
0
-1
0
0
1
-2
0
2
2
0
-3
-1
0
0
1
0
0
0
0
1
0
0
-1
0
3
0
-1
0
2
3
0
-2
0
2
1
0
-3
-1
2
-1
-3
0
0
-2
0
3
0
-1
-1
-2
0
-1
0
2
2
1
-1
-2
0
0
0
0
0
1
0
0
0
1
0
-1
0
-1
2
0
1
1
0
1
0
0
0
0
1
0
0
1
0
-1
-1
0
0
0
0
0
-2
-3
0
0
-1
0
1
0
0
0
-1
0
0
0
0
1
0
-1
1
1
1
0
1
0
0
0
0
1
2
0
0
0
1
-1
-1
1
2
0
1
0
-2
-1
0
-1
0
-1
1
0
-2
0
0
0
0
2
1
0
-1
0
0
0
0
0
0
3
0
0
0
-3
-1
0
1
1
-1
-3
0
1
0
0
1
0
0
1
1
0
0
0
0
-1
-2
0
0
-1
-1
0
0
0
0
0
0
1
1
1
1
0
0
1
0
0
0
0
0
0
0
0
0
0
0
0
0
0
0
0
0
-1
-1
0
0
1
0
0
0
0
0
0
0
0
0
-1
0
0
0
0
1
-1
0
0
-1
0
0
1
0
0
0
-1
0
0
0
0
0
0
0
0
2
1
0
-1
0
1
0
-1
0
-2
-1
2
0
0
0
-1
0
0
0
0
-1
0
1
0
0
0
0
1
0
-1
0
1
0
0
0
-1
0
0
0
-1
-2
-1
0
0
0
0
1
0
1
0
0
-1
-1
-1
0
1
0
-2
0
1
0
0
0
2
3
0
0
0
-1
0
1
1
0
0
0
-1
-2
-3
-1
0
0
0
1
0
-1
0
0
0
0
0
0
0
-1
0
0
-1
0
1
1
-2
0
3
0
-1
0
1
0
0
0
0
0
-2
0
0
-2
-2
0
1
0
-1
-2
0
1
0
-1
0
1
2
2
0
0
1
1
1
1
1
0
-1
-1
0
2
0
-2
-1
0
0
-2
0
1
1
1
-1
-1
-2
-1
1
0
0
1
1
1
1
1
-1
-1
-1
-1
0
2
0
-2
0
2
1
0
-3
-1
1
1
0
-2
-1
1
0
0
-2
-2
2
1
-1
0
3
1
2
-2
-1
2
0
-2
0
3
-1
-2
-2
0
1
-1
-1
0
0
1
0
-1
0
0
0
3
1
0
0
1
0
-2
0
0
-1
-2
0
0
0
-1
0
1
0
-1
-3
-1
0
1
1
0
0
0
0
-1
1
2
0
1
-2
-1
3
0
-1
0
0
0
2
0
1
-1
-3
0
1
0
0
-1
0
0
1
1
0
0
1
0
-2
-1
0
-1
-1
1
0
0
1
-1
-1
-1
-1
0
0
0
0
0
0
-1
2
3
1
1
0
0
1
2
1
0
-1
-1
0
0
0
-1
-1
-1
-1
0
2
0
-1
-2
0
0
-2
0
0
0
2
1
0
0
1
0
1
1
0
0
-1
0
0
1
3
0
0
0
-1
0
0
-1
-2
-2
-1
0
-1
-2
0
2
0
0
0
0
0
0
-1
0
0
0
0
0
2
0
0
-1
0
-1
0
1
0
0
1
1
0
0
0
0
0
0
1
2
2
1
0
-1
-1
-1
-1
0
0
0
0
1
-1
-1
0
-2
-2
0
0
0
0
2
1
0
-2
0
0
-1
0
0
0
-1
0
0
0
0
0
0
-1
-2
0
1
0
0
0
0
-2
0
0
-1
0
-1
-1
1
0
2
0
0
3
3
1
1
2
4
2
0
-5
-2
3
0
-1
0
-1
0
0
-2
-3
-3
0
-2
-4
-2
-1
-1
-3
0
-1
-3
-1
1
0
-1
0
1
1
1
0
3
5
2
1
2
3
2
2
3
3
5
3
1
2
2
2
1
0
-1
1
2
1
-1
-2
-1
0
-1
-1
-2
-3
-2
-3
-5
-7
-7
-3
-5
-6
-4
-1
0
-2
-1
0
0
0
1
1
2
3
4
2
0
1
2
0
2
1
2
2
2
4
0
0
1
0
1
1
0
0
1
0
-1
-1
0
0
0
-1
-1
-3
-5
0
-1
0
1
-2
-1
0
0
0
0
-1
2
0
-2
0
-1
2
1
0
1
0
0
0
1
0
0
0
1
2
1
0
-1
0
1
0
-1
-1
-1
-1
0
-1
-2
1
0
-1
0
0
1
1
0
-1
-1
0
1
-1
0
0
1
1
0
1
0
0
0
0
0
0
0
-1
3
0
0
0
-4
-1
0
1
1
0
0
1
-1
0
-1
0
0
0
2
0
-2
-1
0
-4
0
2
-1
0
0
0
3
3
1
0
0
2
1
0
-1
-5
-2
3
3
0
-2
-4
-1
3
2
0
0
2
2
2
0
-4
-2
-1
0
1
0
-1
-1
2
3
4
1
-2
-1
1
0
-2
-2
-3
0
1
-1
0
0
-2
0
0
0
0
-1
0
1
-1
-5
-2
0
0
-1
0
0
1
3
2
0
0
1
2
2
0
0
0
0
0
0
1
3
0
0
0
-1
-1
-1
0
1
0
0
0
-2
-4
-2
0
-1
0
-2
-2
0
-1
1
1
0
2
3
0
-2
0
-1
-1
2
2
1
-2
-1
1
0
1
0
0
1
0
1
-2
0
0
0
1
0
0
-2
0
0
0
0
1
0
-2
2
-2
-3
2
0
0
0
-1
0
-1
0
1
0
0
-1
0
0
0
0
-2
-1
1
0
-1
0
1
1
-2
0
0
0
2
0
0
0
0
1
2
2
1
1
0
0
-1
0
1
-1
0
1
0
-2
0
1
2
1
-1
-2
-1
-2
0
-2
0
0
0
0
-1
-2
-1
-1
1
2
0
0
1
0
0
-1
0
0
1
0
1
1
0
-1
-1
0
0
0
2
0
0
0
1
0
-1
1
2
0
-1
0
0
-1
0
1
-1
0
1
0
0
0
0
0
0
0
-2
-1
-1
0
1
-1
0
2
-1
1
1
-2
0
1
0
0
0
0
0
-1
1
0
-1
0
0
0
0
-2
-2
-1
-1
0
0
-1
0
2
0
-1
1
2
3
1
0
0
1
1
0
1
1
0
-1
-2
0
2
0
0
0
0
0
-1
-2
-2
0
-1
-1
-1
-1
0
1
0
0
0
2
2
-1
0
1
2
2
-2
-1
0
-1
0
-1
-1
0
0
-2
0
1
0
0
0
0
0
0
2
0
-1
-1
2
3
1
0
0
1
1
0
-1
-2
-1
0
-3
0
0
-3
-2
0
-2
-3
-3
-2
0
0
-3
-2
-1
0
1
0
-1
0
2
2
2
2
2
3
6
3
2
3
0
3
2
0
-1
0
0
0
0
0
-2
0
0
-3
0
0
-3
-1
-4
-4
0
-2
-3
1
0
-1
-1
-1
-2
0
1
0
-2
0
0
-1
1
0
1
0
-3
0
2
0
0
2
1
0
2
0
2
2
1
2
0
0
1
1
1
1
0
-1
-1
0
0
0
-1
-1
-1
-2
-1
-2
0
0
-2
4
4
0
0
0
1
1
2
0
-2
1
0
1
3
-3
0
0
0
2
-1
0
1
0
0
-1
-2
-2
-2
0
-1
0
0
-1
-1
0
0
-3
-3
-1
0
1
0
0
1
2
2
1
0
0
-2
-1
0
2
2
1
2
0
0
0
0
0
0
0
1
1
0
-1
-2
-1
-2
-1
0
0
1
2
0
0
0
-1
-1
-2
-1
-2
-3
0
-1
0
0
1
4
2
3
4
2
3
0
0
-2
-2
-1
-1
-2
0
0
-1
0
0
0
1
0
0
0
-1
-1
-1
0
0
-1
0
-1
0
2
0
1
-1
3
0
0
0
-3
-2
0
1
0
0
0
1
2
-1
0
0
0
0
0
0
0
0
-1
0
0
-1
0
0
0
0
-1
-3
0
0
0
0
0
0
0
3
3
0
0
0
-2
-1
-2
-4
-2
0
0
0
0
0
3
3
0
0
0
0
3
3
0
0
-1
-1
0
0
0
0
-2
0
1
0
2
0
3
4
3
2
0
0
0
1
-3
-4
-3
-2
-3
-3
-4
-4
-4
-4
-2
-2
0
3
2
0
0
0
2
3
2
1
0
0
0
0
2
0
1
3
2
3
2
4
3
0
0
0
-1
-2
-5
-2
0
-3
-6
-3
0
0
0
-2
0
1
1
0
-1
0
1
2
3
1
0
0
0
0
0
0
0
0
0
1
1
0
0
2
0
-1
0
0
-1
-2
-2
2
0
-4
0
-1
0
0
0
0
0
0
0
0
-1
-1
0
0
0
0
-3
-1
1
1
1
0
0
0
0
-1
-1
0
-1
-3
0
2
2
1
4
5
3
4
2
0
0
1
0
-3
-2
-2
-5
-5
-1
0
0
0
3
3
4
5
2
0
2
2
1
1
0
-1
-2
-3
-3
-4
-4
-4
-2
-1
0
0
0
2
2
3
0
1
3
2
0
0
-1
-3
-1
-1
-4
-3
-4
-3
-4
-1
0
0
2
3
3
5
5
4
2
2
3
0
0
0
-2
-2
-4
-5
-4
-4
-2
-1
-1
0
1
2
0
3
5
3
2
0
3
3
0
3
2
0
3
1
-1
2
0
-4
0
-4
-5
-4
-5
-1
-2
-4
-1
-3
-3
-3
0
3
1
3
3
1
-2
-3
-3
-2
0
0
2
4
3
4
5
5
5
5
4
0
0
0
-1
-1
-1
-4
-5
-1
-4
-4
-2
-2
-1
-1
-1
-1
0
1
-1
2
3
1
2
3
1
0
0
0
-2
0
-2
-2
-1
-1
0
0
0
0
1
0
0
2
2
1
0
1
-1
-2
0
-3
-3
0
-1
-1
0
-1
0
2
0
0
1
1
4
4
2
3
4
0
2
3
0
-2
0
2
0
-1
-4
-5
-5
-4
-2
-2
-3
-2
-1
0
0
-2
1
6
2
3
2
1
3
3
0
-2
0
0
0
0
0
-2
-3
2
2
2
0
2
0
-1
2
0
0
0
0
-3
-3
-3
-3
-3
-3
-3
-2
-1
-2
-2
1
4
1
4
5
4
6
6
4
2
5
5
2
0
0
2
-2
-4
-1
-2
-4
-4
-5
-8
-5
-3
-5
-4
-3
0
0
1
2
0
2
5
2
1
3
2
4
3
0
1
3
1
-1
1
3
1
0
1
1
-1
-2
-1
-2
-2
-2
-2
-1
-3
-3
-3
-1
-2
-1
-1
-3
-1
0
0
1
