0
0
0
0
0
0
0
0
0
0
0
0
0
0
0
0
0
0
0
0
0
0
0
0
0
0
0
0
0
0
0
0
0
0
0
0
0
0
0
0
0
0
0
0
0
0
0
0
0
0
0
0
0
0
0
0
0
0
0
0
0
0
0
0
0
0
0
0
0
0
0
0
0
0
0
0
0
0
0
0
0
0
0
0
0
0
0
0
0
0
0
0
0
0
0
0
0
0
0
0
0
0
0
0
0
0
0
0
0
0
0
0
0
0
0
0
0
0
0
0
0
0
0
0
0
0
0
0
0
0
0
0
0
0
0
0
0
0
0
0
0
0
0
0
0
0
0
0
0
0
0
0
0
0
0
0
0
0
0
0
0
0
0
0
0
0
0
0
0
0
0
0
0
0
0
0
0
0
0
0
0
0
0
0
0
0
0
0
0
0
0
0
0
0
0
0
0
0
0
0
0
0
0
0
0
0
0
0
0
0
0
0
0
0
0
0
0
0
0
0
0
0
0
0
0
0
0
0
0
0
0
0
0
0
0
0
0
0
0
0
0
0
0
0
0
0
0
0
0
0
0
0
0
0
0
0
0
0
0
0
0
0
0
0
0
0
0
0
0
0
0
0
0
0
0
0
0
0
0
0
0
0
0
0
0
0
0
0
0
0
0
0
0
0
0
0
0
0
0
0
0
0
0
0
0
0
0
0
0
0
0
0
0
0
0
0
0
0
0
0
0
0
0
0
0
0
0
0
0
0
0
0
0
0
0
2
1
1
1
0
-1
0
0
3
3
-1
6
2
2
-1
-1
0
5
3
6
11
0
7
-2
2
4
-2
2
-3
3
0
-16
4
-2
-4
-3
-8
-3
-13
-3
-1
-14
-9
-3
-6
-7
2
12
-2
0
-5
-5
3
-5
14
1
11
-2
-6
4
2
14
0
6
-2
-2
-2
-2
6
11
5
1
-3
-2
0
-8
1
-3
5
5
-10
-2
-10
-3
2
-10
-7
0
-1
-6
-11
4
8
8
10
3
4
3
5
3
3
1
7
1
3
7
1
0
-10
-2
-6
-9
-4
-7
2
-3
-1
0
-6
-5
1
0
1
5
5
4
-1
2
-3
0
-6
-3
7
1
0
2
2
0
2
-7
-5
0
8
1
1
10
-7
0
-5
-7
9
0
6
-1
-2
0
-11
11
-1
-6
2
-17
4
-5
0
-3
-15
15
-8
2
9
-4
20
0
13
-4
-10
12
-9
19
6
1
13
-14
3
-12
1
2
-17
9
-16
-2
-1
-14
0
-10
0
-13
-17
5
-10
2
2
3
7
-7
5
-2
-1
11
6
9
5
4
5
3
3
1
1
0
2
-2
5
1
-3
14
-5
5
2
2
10
-10
10
-12
1
20
-21
8
-12
-8
1
-18
7
-11
10
-2
-10
9
-20
11
7
-3
5
-8
5
0
-8
1
-2
2
0
-2
-2
-2
4
0
1
4
-7
14
1
-8
4
2
15
4
10
4
0
2
-1
1
1
-6
7
-3
-4
-5
-14
-6
-31
-5
-8
-12
10
-11
0
1
0
7
-4
16
5
12
22
6
29
14
8
10
-9
8
-3
-6
1
-4
0
-18
-5
1
-12
1
-11
-10
-11
-9
-2
-3
3
-9
-3
5
-9
8
4
0
6
0
15
-14
4
15
-5
8
9
14
-5
-14
12
-4
-10
4
-15
5
-2
7
1
-11
3
-6
-8
2
-2
10
8
-1
8
2
1
-1
0
1
-14
0
6
-6
-6
2
-6
0
1
11
10
-4
2
-12
-1
1
-7
1
-1
5
2
9
2
-10
7
-10
-4
-5
0
1
-6
14
3
4
8
-7
6
-5
-6
-3
-3
7
2
0
-3
-3
5
2
-9
0
2
-7
-1
0
9
2
-2
0
-7
13
-3
-3
1
-13
7
5
2
4
-13
14
5
-1
6
-16
5
-9
-8
5
-13
10
-6
2
18
-14
9
-6
0
2
-10
11
-9
5
0
-10
20
-2
6
1
-10
10
-10
7
0
-4
13
-10
2
-3
-9
5
-1
4
-5
-9
6
-12
-5
4
-1
16
-18
-23
-1
-5
44
30
16
10
-12
-9
-22
3
-4
3
17
10
6
-1
-13
-20
-17
-1
1
-2
4
-13
-12
-1
5
8
-1
6
7
3
3
-16
3
5
-1
-2
7
19
0
3
4
-8
-13
0
2
1
0
9
-1
0
2
-11
-4
-7
0
1
12
7
-2
-6
-7
-4
0
10
0
6
-14
-3
-6
2
4
1
12
-5
5
0
2
-8
3
-1
14
3
4
3
-8
4
-12
3
-6
-6
-5
-4
6
-1
-3
-4
3
-2
0
3
-4
4
-7
-2
2
6
14
0
7
2
-10
8
-4
-1
6
-6
1
-12
6
1
0
8
-14
0
-6
-2
4
-3
10
-4
8
-3
2
-3
-2
0
-1
14
-4
2
0
12
-9
-10
-1
-12
2
0
9
12
-13
2
-7
12
-18
8
14
-12
15
-16
0
-10
6
11
-4
14
-9
0
9
-14
10
-9
1
1
-3
-13
2
-1
3
1
0
10
-9
7
-3
-5
0
-9
20
-4
-3
10
-7
8
-9
0
-10
4
5
3
0
-2
-4
3
0
1
-2
0
7
0
5
-14
0
0
0
8
0
0
-2
3
0
-7
5
0
-10
4
-1
0
0
0
0
3
-1
8
3
1
0
-12
3
-2
4
4
-7
2
-6
-5
6
5
9
-2
-5
-4
-4
6
5
0
8
-9
1
-3
-4
12
-4
4
-4
-1
0
-1
0
-6
-4
1
0
3
-1
4
-7
-11
5
-4
0
1
0
-1
2
9
-5
10
1
3
4
1
8
-3
1
-8
2
2
-2
1
-2
0
-6
-10
4
-5
2
1
0
4
-4
4
-2
-2
2
-2
-3
5
1
3
6
4
10
-7
3
6
-2
1
0
5
0
-13
-2
-10
-4
-8
-13
6
-11
0
-1
-12
7
-11
13
6
1
15
-7
12
-17
5
12
-5
23
-3
4
2
-5
7
-9
9
2
-6
8
-12
9
-6
-6
11
-14
3
2
-7
3
-2
3
-5
-7
7
-3
8
-5
-9
-4
-14
5
-4
1
2
-6
0
-6
2
3
-1
5
2
8
11
-5
12
8
4
5
0
-4
-4
6
-4
-1
-2
-8
-4
-6
1
-9
-4
2
-6
0
8
1
-6
4
1
-1
-4
-2
4
-2
4
1
-6
12
7
7
0
-1
-4
-9
1
-6
6
2
-1
5
-3
5
-4
-9
3
-10
5
3
-6
4
-1
9
1
0
4
0
-4
-5
0
1
3
14
-3
0
-4
-7
-2
-6
3
-2
-14
4
0
-2
0
6
10
-5
-2
0
-3
-10
0
13
11
1
5
0
-5
9
-2
11
-8
-7
8
-22
12
4
-7
12
-29
22
-10
-5
18
-24
31
-15
4
2
-21
22
-14
4
7
-10
10
-11
4
12
-11
8
-11
-4
2
-5
11
1
6
9
-10
-1
6
-5
-2
1
7
-7
-4
-4
-1
8
-3
3
-9
5
11
-4
0
-8
-4
-3
-7
0
1
-1
-1
2
7
-1
6
0
-5
-15
-1
6
-3
18
0
3
20
0
2
0
-4
4
-10
4
5
-14
6
-5
-4
-3
-1
-1
-17
-2
-9
-20
0
-2
-6
10
6
8
4
15
8
5
17
0
7
7
8
19
6
-9
1
-7
-5
-11
-11
-18
-24
-11
-10
-14
0
-2
-14
10
0
-8
22
3
1
22
-1
13
14
20
25
-2
6
6
-4
3
-22
-4
5
-6
-8
-19
-16
-7
6
0
-7
0
3
0
-2
5
21
2
3
6
9
10
0
8
-11
5
7
-10
2
-20
-3
6
-17
-6
-8
0
-2
-6
-5
-12
0
9
7
0
9
0
8
5
-1
0
2
0
-2
6
-4
-3
-4
4
0
1
-3
-8
4
-3
6
-5
-1
4
1
-4
-5
3
9
10
1
3
0
-3
-2
-1
-2
-6
0
4
2
0
-1
-5
-2
-4
-9
-2
-2
3
5
-1
4
-4
2
6
-2
5
3
6
-4
-5
9
1
-1
-1
-7
-3
-6
-5
2
-7
5
1
4
12
-9
3
-5
5
3
-13
9
-5
8
4
-10
-2
-13
5
-3
-1
8
-1
7
0
3
1
0
3
0
3
0
-6
-2
0
-3
2
0
1
-1
6
1
-7
-3
-8
-2
0
7
0
-3
0
-1
4
1
0
-4
3
-1
2
0
-3
-3
-1
18
-2
5
1
-7
0
-1
13
-21
-5
8
-8
10
0
1
-6
3
11
-10
-1
10
-7
-5
5
-5
2
3
9
3
-10
-4
-1
0
10
3
-6
0
-9
-2
10
7
-3
-1
-3
-6
-3
-5
-1
7
6
-2
-4
2
0
9
-3
-1
-1
-8
14
8
0
11
-12
-4
0
-3
6
-3
0
-7
-1
-3
-4
3
7
4
-3
2
-6
6
-4
-1
3
-1
-7
-6
9
3
3
-3
-1
-4
-7
-4
13
0
-3
-2
-7
-4
-3
19
4
0
-10
-1
5
1
7
-5
10
7
-4
11
-2
0
-1
-9
8
-2
-3
6
-1
9
3
-22
-3
-4
-1
8
-5
2
-16
-3
3
-3
2
2
6
-10
-1
-4
-3
2
4
9
-2
5
0
-1
0
-3
7
0
0
4
7
-2
3
0
-1
0
4
2
-2
1
-5
-4
-4
10
5
2
-2
-5
2
-7
-9
6
-1
0
-4
-4
11
4
12
-7
-22
-6
-10
8
14
6
4
0
2
-3
-2
-5
0
12
-3
0
-6
-4
13
10
4
-8
-5
0
-1
-3
5
-1
0
3
-7
1
-1
1
-9
-2
8
-11
2
-6
-4
4
-4
17
-4
-2
8
-6
8
-9
3
8
-9
6
-1
4
9
-8
8
-3
-3
-2
-9
0
-12
8
9
0
11
-10
-7
16
8
-2
-4
5
0
-10
0
-6
-8
-4
2
11
14
2
0
7
-9
-14
8
0
-6
0
5
3
-2
-2
2
4
-5
0
3
-1
-5
-6
3
-3
-3
6
-10
4
5
-4
7
0
-1
2
3
0
-3
4
-10
1
11
-5
13
-3
-7
4
-3
11
4
-4
-7
-16
10
3
-9
-10
-4
9
-12
-4
-5
12
29
0
9
-14
-21
0
3
19
-5
7
9
-8
5
-6
0
-8
1
7
-5
16
-4
-2
-3
-11
10
-8
-1
-7
-7
13
-7
0
3
-3
2
1
2
-4
13
7
-12
-5
-5
0
14
7
0
-4
-1
0
-6
-4
2
1
1
-7
-4
7
5
-2
-3
4
5
3
-9
-12
-4
0
9
5
-1
8
5
-5
9
-2
-6
-5
-13
6
13
8
4
-2
-7
-10
-12
-1
-1
4
10
-6
0
7
0
-2
-3
5
3
2
0
-7
-3
0
2
3
-1
-2
0
1
-1
-7
0
4
0
-2
0
-1
0
1
-1
1
4
1
3
1
0
0
-1
-3
-1
3
1
-4
-3
3
-4
-3
4
-1
-5
3
6
-1
-2
0
-2
0
1
1
6
3
-3
2
-1
-9
-8
3
9
-1
1
2
-3
-2
-1
-4
-6
9
3
1
5
0
10
-6
-9
0
1
6
1
0
0
0
0
-5
-2
-1
0
1
-3
-8
-3
1
0
0
6
3
3
0
-9
-1
7
4
4
2
-7
0
1
-1
1
0
1
1
9
-1
3
2
-6
-7
-13
9
2
-4
8
3
-3
-2
-2
-6
0
-1
2
1
1
11
0
-2
2
-3
-2
0
2
-5
0
0
-9
9
0
-4
5
-8
0
2
1
1
1
-1
-1
-2
-5
6
0
0
3
1
7
0
-2
-4
1
2
-1
5
1
-3
-6
-5
0
3
7
0
3
5
-4
-3
-4
0
6
-2
-3
-2
0
5
-4
-4
4
1
-1
1
4
1
-3
2
-3
-4
2
-1
0
0
-1
-1
0
1
-4
-3
3
0
0
3
0
0
0
0
3
-3
-3
1
2
0
-1
2
3
1
1
-2
-3
3
0
-5
-1
-2
-2
5
-1
-1
1
-1
5
0
-4
-2
-3
4
1
0
2
-1
3
0
-1
3
4
-5
-2
2
-8
-3
2
2
7
4
-1
-2
-8
-2
-1
-2
0
2
2
-2
-2
5
4
-2
-3
-1
1
-3
3
5
-1
-1
0
2
0
0
-5
-1
-2
1
1
0
3
0
0
-3
-2
2
1
1
-1
-1
2
0
-1
0
0
0
1
1
-3
0
2
1
-2
-2
0
-3
0
2
0
0
1
-2
2
2
-1
4
2
-1
2
0
1
1
-4
0
2
0
2
4
1
0
0
-3
-10
-6
-3
-3
-2
-4
-3
-2
2
0
-1
1
-1
-2
-3
0
2
-1
3
7
7
3
4
7
6
4
0
0
4
-1
2
7
0
0
-1
0
0
-3
-1
-2
-4
-7
-6
-3
-3
1
2
1
-3
-7
-2
3
5
-1
3
5
-2
-4
0
0
1
-2
0
5
0
-3
0
0
0
-5
-7
3
7
-1
0
7
4
0
3
0
-4
0
2
0
0
1
-2
-1
4
-3
0
0
-1
0
-2
0
-2
-3
0
-2
-2
0
-4
0
1
-1
1
0
0
2
0
1
1
0
0
3
-2
0
3
-1
0
4
2
2
0
3
0
0
0
1
4
0
3
3
1
-4
-1
0
-7
-3
-4
-3
-1
1
0
-1
-2
-1
-1
-1
-2
-2
-2
-2
1
0
1
1
0
0
1
3
0
-2
-1
-2
0
2
0
1
5
4
3
3
3
0
0
1
-1
0
1
3
0
0
2
-1
0
-2
-2
0
1
1
-1
2
2
0
1
-1
-3
-3
-2
-4
-3
-2
1
-1
-2
0
0
-1
-2
1
-3
-3
-1
-1
-2
-2
2
5
0
1
2
0
1
-1
0
2
5
2
4
7
0
0
0
0
1
0
0
6
1
-4
-2
-5
-3
0
-6
0
1
-3
-1
-3
1
-2
-1
2
0
2
0
1
2
0
1
-1
2
5
1
5
0
-3
1
0
2
0
-2
1
0
0
-1
1
4
-3
-2
1
-2
-4
-1
4
1
-1
0
-2
-1
0
-2
-1
2
1
2
0
0
-2
-1
2
0
0
0
-2
2
-1
-2
2
0
1
-3
-4
1
0
0
0
0
1
4
1
-8
-3
2
1
-1
-4
-1
-2
0
0
-3
0
0
5
4
1
3
5
0
-1
0
0
2
1
0
0
0
0
0
-2
-1
1
0
0
0
-1
-3
-2
-5
-7
-3
0
-1
-2
1
2
1
1
-1
1
4
1
0
0
2
1
0
1
0
1
1
0
2
1
1
0
-5
-4
-1
-3
-2
-1
0
0
2
-1
1
1
0
1
0
3
2
1
2
0
-1
0
0
-1
-2
0
1
0
1
-2
-1
0
-1
-2
-1
0
0
1
-2
-2
0
1
2
0
0
-1
0
2
1
-1
0
3
0
0
0
0
1
-1
-1
-1
-1
0
0
1
0
0
1
1
0
0
0
1
-2
0
0
-2
-1
-2
-4
0
0
0
0
0
0
1
4
0
-2
1
0
2
1
0
-1
2
0
-1
-2
0
-1
-1
3
1
1
0
0
0
0
0
-2
-3
0
1
-2
0
2
-3
-1
2
-1
1
3
1
0
0
0
1
-2
-1
0
-2
0
0
-1
0
3
1
-1
-1
1
0
0
0
0
-1
0
0
-1
-3
-1
0
1
2
1
1
2
3
1
0
0
0
1
2
0
-1
-2
0
1
-1
1
1
0
1
0
0
-1
0
0
0
-1
0
0
-1
-2
-1
0
0
-2
0
0
0
0
0
0
0
1
0
-1
-2
2
0
0
0
-1
0
0
1
1
0
-1
-1
1
2
-1
0
2
0
0
0
1
0
0
0
1
1
0
0
0
0
0
0
0
-1
-1
0
0
-2
-1
0
0
0
0
0
-1
0
1
1
0
1
1
0
0
0
0
0
0
0
-2
0
0
-2
0
0
-1
0
1
1
1
1
0
-1
0
0
1
2
0
0
0
-1
0
2
0
-1
0
-1
-1
3
1
-2
-2
-1
1
0
-1
1
-1
-1
0
0
2
1
0
1
0
1
0
-2
-1
0
0
0
-1
0
-1
0
-1
0
1
0
0
0
1
0
0
1
0
0
1
0
0
2
2
0
0
0
-2
0
2
0
0
0
-1
-1
-1
-1
-2
-2
-1
0
0
-2
0
1
0
0
0
0
0
0
-1
1
1
0
0
1
1
0
0
0
0
1
1
0
0
0
0
0
0
0
0
0
0
0
0
1
0
-1
0
-1
0
0
0
-1
0
0
0
2
0
0
0
0
0
-1
0
0
0
0
0
-1
-1
0
0
-1
-1
0
1
0
0
0
0
0
0
0
0
-2
0
0
1
0
-1
0
2
3
0
0
0
1
1
0
0
0
0
-2
-1
0
0
0
0
0
2
0
-2
0
0
-1
0
0
3
2
0
0
0
-2
-1
0
0
0
0
0
0
-1
0
1
1
0
0
0
0
0
0
-1
0
1
0
0
-1
-2
0
0
-1
0
0
0
1
0
-1
0
1
2
0
-1
-1
0
1
1
1
-1
-1
-1
0
1
1
-2
0
0
-1
-3
0
1
0
0
-2
-1
0
0
2
1
-1
-2
-1
0
2
0
0
0
0
1
3
0
-1
0
0
1
0
0
0
0
0
2
0
-1
0
0
0
0
0
-1
1
0
0
2
1
0
-2
0
0
0
0
0
-1
0
0
0
-1
-1
0
1
0
0
0
0
1
1
0
1
1
0
0
0
0
-1
1
2
-1
-1
0
-2
1
0
-1
0
1
1
0
-1
0
0
-1
0
0
-2
-1
0
-1
0
1
0
0
2
0
0
0
1
3
-1
-1
2
1
0
0
0
-2
0
1
0
0
0
1
0
0
-1
0
0
1
0
0
0
0
-1
-1
0
0
-1
-1
0
1
0
0
0
0
0
0
0
-1
-1
0
-2
0
3
0
0
2
1
0
1
3
-1
-2
0
0
0
0
0
-2
0
2
0
0
2
0
-1
0
0
-1
-3
-1
0
-2
0
0
1
0
0
2
0
1
2
-1
-1
1
0
-2
0
1
1
1
-1
1
2
-2
0
2
-4
0
0
-2
1
0
-1
0
-1
2
1
-1
0
0
0
1
0
0
1
2
0
-1
2
0
-2
-1
0
0
-2
1
2
-3
-2
0
0
2
1
0
-1
0
0
0
0
-1
1
0
0
1
0
0
0
4
1
0
1
-2
0
-1
-2
-1
0
0
-2
0
1
-1
1
1
-2
-1
0
-2
-3
-1
2
0
0
0
2
1
-1
0
0
0
1
1
1
0
-1
3
0
0
0
0
-1
0
0
0
0
0
1
-1
0
1
0
0
0
0
0
-1
-2
1
0
0
0
-1
-1
0
1
0
0
0
0
0
0
1
0
-1
0
0
0
1
0
0
0
0
4
0
-1
0
-3
-2
1
-1
2
0
0
0
1
1
0
0
0
0
0
0
-1
-1
2
1
-2
-2
-2
0
0
-1
0
1
-1
-1
0
0
1
1
1
3
0
1
1
0
0
1
0
-1
-2
0
0
0
0
0
2
-2
-1
0
-1
-1
0
0
1
0
0
0
0
0
0
2
0
-1
1
0
0
0
1
1
0
0
0
0
0
0
0
-1
1
1
0
0
0
0
-3
0
3
-4
-1
2
0
0
1
1
-3
-1
0
-1
-2
0
0
0
2
1
1
0
0
0
0
-2
0
0
0
1
2
0
0
2
-1
-3
-1
-1
0
-3
0
-1
-1
2
0
2
1
0
-3
-4
2
2
0
0
1
2
-1
0
0
0
2
0
-2
0
4
2
0
1
-1
0
0
-1
0
0
0
-1
-2
-2
0
-1
0
0
0
3
0
-3
-2
-2
-4
-1
2
-1
0
0
0
1
0
2
2
0
-1
0
0
1
2
-1
2
2
1
2
4
2
0
1
0
0
-2
0
4
0
-1
0
1
-1
0
0
0
-1
-1
0
0
-5
0
1
-1
-2
-2
0
0
-2
0
0
0
0
-2
-1
2
0
-1
0
0
0
2
3
0
2
3
0
0
1
0
1
0
-1
0
-1
0
0
-3
0
-3
-3
0
0
1
-4
0
2
-2
0
0
-1
0
2
3
0
0
3
2
2
2
-1
0
2
-1
3
1
-2
-1
-1
-1
0
0
-1
3
1
-1
1
-1
-1
3
0
1
-1
-3
0
1
1
0
-1
0
0
0
0
-1
0
0
0
0
0
0
-1
1
0
-1
0
-1
-1
0
0
0
-1
0
2
3
4
0
-3
0
1
0
1
0
-2
-3
0
0
-3
3
5
0
0
0
-2
-2
0
0
0
0
-2
3
0
0
3
0
1
0
-1
0
1
-1
-6
-3
1
0
0
0
-1
0
3
2
-2
0
0
-2
-1
3
1
0
1
7
0
-1
4
0
-3
-2
2
-2
-5
-1
-5
-1
6
3
10
4
1
0
-8
-1
-4
-4
-2
0
5
0
2
5
0
4
-1
-2
2
0
2
-6
-3
5
-1
0
3
-2
0
-6
-7
-2
0
1
-4
10
3
-3
3
-1
1
1
-2
-10
1
6
0
1
3
5
-7
-1
0
1
6
1
10
-1
-13
-9
0
4
-4
-2
5
3
-6
1
3
7
8
-12
-8
-3
3
3
6
1
7
-25
3
-5
-11
36
-37
27
-10
14
0
-58
40
-13
4
-9
-7
28
-14
5
13
0
11
0
-5
21
0
0
18
-31
40
-34
-12
26
-31
29
-41
0
30
-35
0
0
-17
-2
-9
28
5
3
-23
25
-24
-6
17
-41
42
-5
23
-2
-5
17
-20
19
-15
36
-20
-7
14
-24
43
-23
-12
7
6
3
-17
1
37
-39
-18
17
3
9
-46
17
31
-21
-3
-5
12
-15
2
-6
21
-8
-5
31
-27
16
-10
-8
2
13
-32
28
-1
1
6
-20
53
-36
27
-1
-24
19
-23
20
-35
3
36
-57
27
10
-3
-12
12
7
10
-32
5
8
-27
42
-52
30
7
-12
2
-11
23
-12
-23
33
-14
34
-34
-15
55
-53
36
-25
28
-4
-11
17
-25
30
-29
-8
3
0
19
-6
8
8
-6
6
2
-3
8
-23
3
-6
-1
12
-49
12
-12
4
11
-5
29
-16
33
-26
33
3
-8
-15
21
-10
-11
13
-12
10
-39
25
-9
-12
40
-57
35
4
-27
31
-55
35
4
-3
-21
32
8
-16
36
-17
37
-29
-3
-8
-17
25
-46
43
-25
43
1
-30
36
-28
13
-39
36
-16
10
-15
-18
-3
-7
5
7
9
30
11
-6
56
-15
-4
-2
-51
51
-82
-19
21
-32
17
-42
56
22
12
2
23
15
11
-31
1
33
-50
24
-43
-9
9
-64
40
-8
43
-18
-1
25
-18
42
0
15
4
-27
2
-50
-9
45
-44
-24
47
-34
10
3
38
-7
9
16
-29
42
-24
-8
2
14
-2
-23
18
9
-3
3
7
-11
-14
1
-34
26
-4
17
-2
5
4
13
-18
35
-22
-25
37
-80
57
-47
3
27
-86
69
-31
12
-13
-1
71
-56
30
12
-6
3
-26
32
-16
23
-5
-37
29
9
-34
40
-8
26
5
-37
43
-52
46
-20
-28
1
6
-2
-6
22
-19
27
0
-25
14
-20
11
-5
-33
29
-27
-4
14
-47
42
10
-33
60
-34
14
25
-30
51
-39
-1
9
5
-6
0
4
-2
27
-37
43
-20
-1
10
-35
13
0
-32
28
-50
61
-29
-18
9
-7
34
-42
33
-16
17
0
-7
22
-17
13
-18
2
36
-39
2
4
-11
9
-22
-8
0
13
-6
-1
23
-27
15
-3
-19
25
-13
13
5
9
19
-1
-8
10
-34
18
2
-22
39
-26
17
5
-16
3
-22
14
-24
0
8
-11
16
-22
25
-25
9
8
-11
25
-35
55
-28
30
-3
-22
17
-22
25
-39
29
-3
-17
3
11
16
-22
19
-8
-18
-2
5
-2
-1
7
-16
33
-33
23
0
-12
11
2
16
-12
9
-25
3
10
-15
-4
-8
-6
-4
3
16
-15
14
-6
6
3
-14
37
-14
16
11
-27
27
-41
14
-3
-3
0
1
5
3
0
-19
19
1
1
-44
59
-17
13
-3
-13
20
-11
-3
4
-16
2
-22
9
-22
32
-2
-14
40
-44
52
-42
39
-19
9
6
-32
26
-48
33
-33
35
-11
24
-22
15
-10
5
13
0
11
-28
21
-38
31
-24
31
-36
12
17
-7
15
-33
42
-45
16
-6
-7
30
-48
44
-62
38
14
-21
54
-70
75
-53
30
-1
-46
64
-84
69
-44
16
7
-21
58
-69
90
-85
31
-3
-32
44
-31
39
-49
37
0
-40
78
-63
15
-21
24
47
-67
57
-91
44
-24
0
43
-32
62
-49
32
-38
54
-10
-17
45
-87
84
-111
63
-25
-64
126
-118
84
-3
-16
23
7
-20
30
-56
38
26
-75
109
-95
45
-16
-74
99
-81
58
-16
-22
91
-103
55
-6
-62
99
-92
47
22
-42
67
-87
56
21
-98
90
-55
4
61
-46
29
7
-38
36
-76
50
34
-92
70
-17
16
10
-25
55
-49
-24
37
-8
10
-70
-1
36
-4
38
-34
40
-1
6
-10
23
-25
0
-61
52
7
-43
63
-67
31
-66
55
0
2
29
-93
120
-50
59
-33
-43
87
-96
49
-58
27
-3
-23
65
-62
82
2
-31
-2
4
14
-17
-52
24
9
-55
48
-54
46
-45
27
25
-52
114
-95
80
8
-51
85
-59
70
-90
17
42
-22
-17
-12
52
-66
-14
-81
89
-50
-17
74
-104
188
-121
41
62
-87
116
-111
33
-4
-6
34
33
-44
-7
-11
-57
49
-61
30
0
-22
84
-25
28
-15
4
6
-37
-20
38
-24
39
-59
72
25
-39
46
-89
69
-38
-30
56
-60
30
-84
53
1
10
-38
-19
57
-8
14
3
36
-18
-36
29
7
26
26
10
-13
-20
55
-50
-2
-46
13
-14
-31
48
-88
70
-35
-61
115
-66
41
38
-44
124
-131
63
0
-52
12
-45
9
17
7
-43
74
5
-4
-5
-13
0
-39
-18
37
-38
21
46
-40
49
0
-46
25
-45
130
-69
5
90
-113
87
-109
27
-2
-47
-16
9
44
32
14
-18
-11
3
17
-34
-23
28
-14
-78
166
-104
60
-88
19
28
-80
89
-46
130
-47
23
-37
105
-138
-46
57
-92
95
-39
33
36
-92
63
-39
29
5
-96
126
-29
-31
12
34
21
-43
-5
38
11
-50
-19
66
-90
6
-19
68
-127
139
-62
-30
142
-132
112
-96
109
-53
-64
122
-20
-99
150
-137
66
-14
-15
71
-29
0
-102
109
-37
-84
61
-92
156
-204
149
70
-233
283
-272
163
39
-121
149
-69
-1
72
-132
151
-42
-74
75
-26
15
27
-38
24
14
-52
-2
36
-70
-49
14
-11
94
-138
80
-5
-72
51
-36
82
-70
15
77
-70
153
-132
54
88
-148
181
-136
63
-5
-94
157
-111
58
-6
-111
110
-101
0
29
-64
105
-74
-13
77
-53
23
9
-48
30
-4
-42
80
-31
-42
70
-67
45
68
-86
118
-44
33
30
0
10
71
-123
78
-15
-61
55
-124
4
-27
-32
105
-105
42
-31
-60
154
-123
144
-48
-56
187
-210
211
-17
-160
217
-217
100
-51
-73
101
-178
61
40
-82
106
-100
13
-102
118
30
-87
195
0
110
4
122
113
-66
54
9
-150
-19
-162
-78
-155
-68
-68
-169
20
-42
-62
105
-65
104
108
-13
242
-24
166
81
48
188
-105
81
24
-74
102
-187
32
-49
-125
16
-72
44
-60
-65
65
-57
-49
-9
-111
35
-70
63
-27
4
146
-107
197
-15
33
159
-117
222
-173
127
-120
-106
45
-285
192
-343
84
-83
-147
94
-97
88
23
98
263
216
174
420
117
234
153
-88
168
-330
-178
-311
-512
-265
-552
-312
-397
-172
-217
-3
250
242
458
650
732
577
933
747
677
302
259
228
-637
-549
-833
-1214
-908
-1225
-896
-507
-417
-56
-105
185
236
282
425
732
672
612
1983
1690
407
1701
1433
-509
-510
-700
-1638
-1697
-2195
-1420
-416
-534
519
751
436
759
153
-1018
-466
-1192
-1727
-356
-147
-192
1893
3768
1683
2467
4057
1806
-355
-708
-829
-2599
-3755
-2761
-1893
-2164
-1065
227
498
942
438
230
-646
-813
-947
-677
864
791
2560
5728
3929
2771
5465
3284
-910
-1818
-2587
-3933
-5733
-6232
-3869
-2747
-2747
-524
833
1671
1957
979
652
613
-371
-1050
1431
649
842
6040
4582
2000
5798
4746
-496
-1252
-2474
-3770
-5876
-6575
-4124
-3406
-2451
-30
913
1568
2797
1389
-440
153
856
-2301
-119
1763
585
5894
4495
2276
6442
4097
-1027
-355
-3142
-4726
-4843
-7756
-4812
-3129
-3282
-774
580
1676
2782
1403
438
1930
1557
-1282
1772
2183
2907
5907
2388
4041
6149
562
-2206
-1014
-4922
-5767
-6151
-6695
-3317
-3440
-1432
535
458
3286
1285
586
1396
988
406
66
1962
2544
5532
3384
2252
5385
3330
-2217
-1736
-2795
-5813
-4585
-7261
-4138
-1889
-2599
249
710
2553
1962
362
526
1327
269
-1121
2862
1057
5411
6201
508
6573
4790
-2272
-1080
-2649
-6931
-4257
-7283
-6240
-1504
-3429
-81
1021
1636
2886
1112
401
1770
877
-993
2997
797
4976
6705
375
5639
4996
-2218
-1031
-3226
-6755
-4265
-6556
-6783
-1137
-1593
-874
1270
2548
2019
474
588
589
1533
-1188
1952
2383
4508
6101
918
4519
4878
-2863
-853
-2848
-7583
-2662
-5806
-7724
-659
-581
-1578
263
2764
2785
84
-302
3130
765
-1739
3809
2403
5046
5001
1525
6446
1505
-2605
1731
-6822
-7603
-901
-8229
-7439
782
-1510
-1939
792
3222
1732
-1088
1173
3502
-1459
393
5732
1907
5830
5295
2289
5137
283
-2366
-1242
-7508
-6427
-3071
-8670
-4490
2113
-2606
-1248
4008
2582
-324
733
1656
1684
-1386
1930
4616
3378
4635
3534
4548
1962
-1558
263
-4279
-7973
-2668
-4929
-8874
140
1161
-4315
1373
5006
-295
4
2271
1326
6
-251
4230
3946
3409
3768
4810
3000
-1108
-113
-2649
-7533
-4712
-3516
-8101
-2537
1773
-2466
-205
4063
1139
-1267
2006
1135
485
6
3145
5127
3338
3898
4419
3369
-467
-1114
-1831
-5550
-6098
-3429
-5227
-6146
1413
-341
-4143
3826
3367
-3433
2891
3524
-1288
1983
3234
2501
4590
3817
2290
3632
295
-825
-1441
-4705
-4654
-4037
-5023
-4735
-1596
-411
-2090
-437
3327
69
-548
3344
2179
419
2735
4255
3225
4503
2707
2779
1749
-1103
-1628
-3460
-5467
-5248
-3726
-5431
-3084
841
-1356
-693
3508
1712
-969
2827
2519
-742
1860
3690
1071
4248
3845
365
3436
601
-2228
-723
-4335
-5253
-1621
-5135
-4989
1151
-1318
-2527
2211
1402
-845
1488
1404
531
1015
2566
2118
1274
5277
3066
-300
3716
1825
-3036
-129
-2150
-4343
-1494
-4189
-3180
-701
-2108
-1478
53
-235
31
1061
287
1307
2207
886
2417
2300
1899
3061
761
1152
2110
-187
-492
-266
-1625
-1611
-1451
-2716
-2008
-1600
-2069
-1252
-1490
-749
104
-782
310
1337
718
1004
1896
1767
1521
1562
1484
1296
1054
789
160
-10
-151
-649
-1085
-1095
-1188
-1638
-1533
-1425
-1214
-1154
-654
-248
-351
391
784
552
1030
1429
1011
949
1026
694
488
152
-165
-8
-316
-821
-410
-394
-786
-488
-150
-576
-357
224
-305
-79
379
63
100
411
416
270
276
249
292
131
-46
111
-95
-109
-153
-238
-100
-307
-186
81
-362
-204
141
-225
-67
212
-189
31
247
-149
184
291
-119
177
224
102
138
131
187
-27
-38
85
-87
-222
0
-70
-97
-10
-123
-135
-153
-214
-108
5
-115
-36
120
-98
20
261
82
5
316
115
-81
119
110
-58
-68
133
-80
-105
12
-88
0
21
-23
0
-45
-18
-9
-141
45
-9
-67
-7
-144
44
-13
-100
72
14
-115
77
89
-90
128
140
5
46
46
-24
52
21
-32
0
-3
55
77
39
-17
22
-29
-98
0
-35
-107
23
33
-78
25
61
-1
-77
25
17
-94
-10
11
-98
-51
26
40
45
47
81
27
3
68
-51
-91
-39
-40
-33
44
27
-50
50
61
-42
-20
-76
-75
49
31
53
126
133
65
40
46
-71
-48
31
-61
-63
-59
-50
-50
0
43
-27
27
27
-95
-50
38
-10
-105
-27
-15
13
53
0
69
80
48
26
16
27
12
35
-25
-29
-23
-61
-32
-36
-10
33
36
19
-45
-35
12
-4
18
-9
-5
68
11
-3
-23
-29
-7
4
42
10
-13
-23
-13
4
-32
-6
33
-31
-72
-54
3
19
49
51
-10
29
9
3
37
9
38
42
-10
-47
-8
48
34
-7
-17
16
-56
-51
-39
-61
-3
11
19
2
15
15
-60
32
32
-63
40
44
-31
-12
-32
-22
37
16
16
29
23
30
28
-13
-26
57
45
-51
-41
-51
-83
0
33
-29
24
17
-58
-41
-14
40
43
-12
-5
38
1
-26
19
42
47
27
15
-8
7
16
-27
-5
-21
-37
-37
-37
-15
14
28
-10
-28
0
16
5
-9
-17
9
20
3
20
32
19
24
8
-24
14
0
-6
29
-20
-46
-18
0
-7
-12
-11
-5
-7
15
-5
-23
48
13
-34
14
18
-4
26
28
-20
-15
-5
-24
-6
17
-22
-40
16
5
-3
23
-6
-31
5
15
13
39
11
1
23
-1
-30
-30
18
16
4
22
-2
-6
0
4
-2
-8
-10
-25
2
3
-31
0
1
-36
-32
5
21
6
10
5
0
-7
-12
9
33
22
-1
9
12
19
21
-13
-16
-14
-12
1
-11
-13
8
2
-8
0
-4
-10
16
2
-14
-1
5
0
0
13
-4
7
0
-20
0
-3
-7
10
10
3
-10
-20
-5
-3
-14
14
24
-3
16
25
4
17
37
-2
-56
-13
23
-21
-13
40
-12
-44
12
16
-35
-29
4
2
1
8
38
30
-18
-37
-3
11
-6
31
-1
-53
7
33
15
4
9
0
-31
-20
10
7
15
63
25
-41
-22
5
19
-11
-49
-4
2
12
16
-25
-2
30
7
-7
-5
-19
-10
3
-23
-37
15
52
18
-33
-47
14
42
-2
-2
7
13
21
12
-10
-28
14
51
2
-28
-14
-33
9
16
-12
6
-25
-25
16
2
27
29
-39
-22
0
2
17
9
36
27
-9
-2
-49
-66
34
50
9
15
4
-21
-30
-21
25
24
-49
-24
26
-18
-18
26
-9
-5
17
6
17
-17
-59
-14
18
44
92
58
50
86
18
-113
-109
-30
-16
-3
70
51
-20
-27
-49
-88
-1
73
-5
-59
7
4
-51
-7
29
5
-5
-19
-20
73
135
152
193
187
-11
-291
-553
-623
-402
48
511
827
868
619
109
-398
-593
-551
-529
-532
-480
-221
158
380
570
766
658
327
186
117
-144
-688
-943
-560
-18
465
829
511
-465
-1244
-1396
-825
282
1243
1787
1800
1199
178
-748
-1248
-1334
-1085
-561
99
288
231
231
152
100
18
53
113
198
414
891
861
-198
-1236
-1667
-1399
-534
572
1278
1370
928
387
223
288
254
-150
-798
-1299
-1324
-905
-441
37
244
168
114
354
934
1306
1450
1027
213
-530
-1068
-1176
-744
-162
-218
-586
-752
-615
-310
182
798
1156
1233
1026
791
233
2
35
-459
-987
-1087
-894
-920
-641
139
436
285
548
736
286
138
280
265
297
80
-475
-455
-115
-89
-97
128
-44
-770
-452
694
706
60
-25
-140
-99
140
115
139
150
-407
-402
350
135
-257
-197
55
279
243
223
-334
-682
-189
195
155
383
-209
-770
356
485
-404
331
728
-275
-610
-128
302
264
-16
237
-209
-289
671
-116
-436
376
249
-316
257
260
-393
35
95
-293
-541
20
522
-233
-900
-11
488
-148
54
-116
139
601
-226
99
210
60
171
-20
-18
56
-159
-185
161
-120
-80
-128
25
5
-96
267
403
-173
-626
457
17
-483
359
-337
-543
-165
498
117
-256
177
93
474
423
-69
-465
515
390
-792
-342
190
-40
-484
334
63
-270
350
-46
664
138
-424
364
-76
115
-312
-529
207
84
-99
-474
-80
453
5
-91
213
-68
-77
109
-256
32
288
163
-111
-141
176
-150
-92
18
-175
-164
383
401
-120
5
296
-366
-343
478
-66
-155
-376
-257
645
-366
151
421
-226
338
0
-469
-65
-56
-447
110
333
252
170
-290
-91
-1
50
262
464
-160
-130
144
-687
285
29
-267
780
157
-515
-519
-544
331
182
-753
104
167
105
947
138
-132
178
73
445
-108
-851
-233
-126
-180
455
87
-537
-137
934
459
-252
80
-155
-174
-119
6
-246
-295
142
-319
-348
494
224
-109
325
32
252
325
-162
161
-153
-224
-62
-340
-149
114
204
-94
61
164
-2
195
-144
-396
-175
-122
-77
-96
368
478
-443
55
924
149
-464
-356
32
1
-32
-42
-429
-206
238
542
405
-53
-537
84
266
-277
-107
40
273
126
-198
-132
-59
-201
-24
-242
-84
418
146
98
14
-111
45
33
-61
10
-50
-224
236
354
-9
-240
-351
371
567
127
-412
-376
127
58
-262
-385
-158
261
227
-61
42
230
41
-446
-339
-98
305
369
-164
-65
270
367
356
-177
-456
0
175
-132
-253
-324
-63
300
-126
-287
-215
-15
298
149
-14
150
234
246
91
43
329
272
395
312
-71
-261
-337
-227
-361
-327
-354
-339
-485
-721
-647
-885
-840
-20
961
902
442
244
722
1314
749
491
930
1049
855
694
391
-111
-659
-981
-1355
-1884
-1751
-1625
-1333
-865
-693
-784
-919
227
1201
1239
1140
888
1086
1549
1662
1447
1658
2075
1859
610
-290
-900
-1769
-1869
-1684
-1893
-2144
-1793
-797
-629
-1010
-1155
-1230
-779
384
1172
930
1306
2137
2194
1849
1748
2215
2073
1114
74
-536
-822
-1618
-2055
-2314
-1428
-309
-629
-989
-988
-1056
-1238
-1202
-1063
-838
74
1620
2641
1958
1691
1743
1592
2296
1969
125
-626
42
-216
-915
-1957
-2070
-885
69
309
-1111
-1482
-727
-1064
-1889
-1781
-1105
-888
-190
1006
1873
2388
2335
1438
732
2314
3621
967
-1307
-1376
-805
-859
-1242
-2060
-1457
812
1206
171
-657
-1180
-1428
-1075
-1723
-2602
-2272
-793
880
664
1613
2884
2865
1961
602
2632
4050
1114
-1674
-1848
-1499
-1009
-1302
-2169
-495
1221
1307
134
-129
-463
-2049
-2076
-2223
-2386
-1900
-610
338
475
1300
2210
3015
2658
912
1439
3838
2669
-634
-2058
-1981
-605
-1233
-2141
-668
940
1690
411
-647
52
-127
-1803
-2787
-3196
-1625
-105
-634
-661
521
2358
2993
2336
517
439
3112
4428
869
-2139
-1749
26
0
-2652
-2758
185
2328
1847
-903
-1194
671
683
-1646
-3390
-2601
-1086
-612
-385
-799
434
1290
1647
1882
1327
1006
2531
5086
2594
-1824
-3071
-347
550
-2472
-3453
-262
2679
2209
-669
-1749
723
964
-1748
-3006
-2079
160
-627
-1268
-1015
-506
573
398
187
1008
2327
1362
2549
6081
3104
-2366
-2208
1245
325
-2699
-3475
-55
2703
918
-1866
-1274
1766
737
-2900
-3037
-372
274
-509
-799
-1085
-488
-508
-1715
-970
406
1929
2659
1569
3770
6403
493
-3257
-140
468
-828
-2398
-1668
2095
1789
-4
-1341
-1783
-133
-1792
-4140
-1699
625
1128
360
-71
-1648
-731
-880
-2733
-2553
-774
2513
3889
2597
3030
6376
3860
-946
-1823
-1338
913
100
-2353
-96
1322
745
-847
-2834
-2387
-1900
-2564
-1436
52
683
1172
1761
-756
-3245
-1855
-1591
-1969
-2600
-626
3836
4639
2851
1724
4711
4942
1034
-1617
-530
1894
1234
-1549
-1821
109
212
-1815
-3460
-2950
-1998
-1381
-1108
-675
1152
1143
700
1259
-1876
-2978
-1747
-1714
-1501
-1690
450
3358
3853
3049
1816
4214
5946
1287
-1828
548
1986
-130
-3674
-2806
37
-70
-2575
-4405
-2266
142
-626
-1936
-434
2142
1651
138
639
-10
-731
-1836
-1972
-1247
-1130
298
1796
2241
2963
2252
1197
5603
5447
-546
-947
1810
2211
-743
-4117
-2850
445
-1416
-4685
-4512
-1356
903
-1545
-2515
662
2453
1249
231
363
646
314
-1940
-1618
-1036
-1239
-258
293
1840
2718
1477
961
3841
5723
3425
738
182
1671
1142
-3023
-5042
-2810
-1779
-2697
-4322
-3270
204
564
-932
-702
808
2186
1567
310
662
1009
245
-840
-1022
-1373
-1000
-517
-187
1136
2005
1995
2017
3264
4406
2957
728
583
1053
-505
-3090
-3745
-2469
-2011
-3446
-3676
-2166
-706
-107
-250
397
1369
1874
1413
1192
815
112
83
-451
-1296
-1921
-1203
-282
-320
57
1626
2774
2445
2419
3605
4419
2502
472
283
290
-1493
-3535
-3751
-2790
-2476
-2865
-3014
-2022
-18
239
-331
166
1430
1922
1377
939
395
857
668
-781
-1658
-1422
-331
-432
-882
-5
1766
2386
2168
2336
3269
4204
2604
666
195
22
-958
-2707
-3745
-3130
-2555
-3088
-2815
-1875
-699
343
487
572
1405
1786
1637
1359
595
572
637
77
-800
-1485
-978
-415
-737
-643
134
687
1710
2257
1705
2408
3692
2965
931
-268
9
-4
-1956
-3725
-3480
-2488
-2219
-2435
-2182
-869
614
785
493
621
1474
1752
1216
737
570
527
456
140
-642
-880
-772
-633
-522
-783
-789
119
1458
1622
1126
1565
3224
3357
1394
-204
-4
408
-1119
-3459
-3687
-2072
-1915
-2631
-2169
-729
758
906
289
852
1907
1580
863
764
375
274
331
32
-581
-499
-40
-369
-772
-686
-507
-623
-64
492
702
1578
2000
1734
1865
2262
1747
546
-573
-1267
-1631
-2396
-3121
-3088
-2541
-1748
-1087
-799
-16
846
1143
1193
1163
1212
1232
1137
650
278
225
203
-157
-687
-332
-71
-395
-511
-583
-664
-324
134
-69
-57
685
1391
1384
989
1247
1935
1613
199
-727
-788
-909
-1827
-2774
-2467
-1591
-1151
-982
-601
264
949
905
677
921
1037
699
551
291
16
-55
151
148
-229
-155
287
583
539
238
27
150
113
-344
-528
-421
-168
-80
-83
204
521
542
578
857
771
271
-168
-185
-126
-756
-1345
-1117
-840
-917
-1023
-859
-255
308
236
-19
246
745
771
571
397
444
606
506
218
-66
44
251
103
-168
-307
-143
116
68
-216
-229
33
82
-159
-334
-222
131
334
122
-27
207
707
919
467
38
93
255
-156
-939
-1077
-859
-890
-1050
-943
-560
-144
101
19
145
442
518
581
507
366
427
524
381
62
62
184
84
-98
-117
-54
-6
234
265
184
391
515
233
-177
-425
-547
-689
-1037
-1237
-1020
-641
-251
132
378
793
1442
1722
1348
815
608
473
-119
-985
-1391
-1252
-1169
-1223
-1117
-616
5
359
429
491
684
794
699
440
229
167
100
-50
-341
-466
-296
-135
-139
-257
-218
22
272
308
279
418
622
674
474
209
139
85
-93
-382
-803
-1031
-889
-899
-1152
-1090
-593
-124
139
431
901
1222
1243
1392
1597
1314
701
280
55
-386
-1099
-1491
-1366
-1219
-1186
-1039
-573
71
404
354
410
709
793
569
343
212
112
-44
-260
-464
-483
-375
-377
-325
-146
4
212
494
685
794
872
868
788
594
358
211
23
-278
-543
-720
-818
-884
-1033
-1069
-837
-618
-513
-333
9
375
657
839
905
946
1074
1157
890
438
192
98
-192
-731
-1047
-984
-871
-897
-819
-452
-18
182
135
186
384
498
402
185
53
84
68
-153
-367
-322
-162
-151
-143
-37
88
291
506
529
486
513
462
391
256
4
-196
-265
-302
-441
-692
-757
-553
-479
-530
-291
122
350
477
773
1118
1120
782
540
423
70
-523
-904
-931
-954
-1068
-1003
-650
-216
96
239
354
558
697
662
469
290
243
97
-223
-479
-530
-435
-319
-307
-213
76
327
484
654
869
1031
1010
999
1206
1169
760
359
125
-164
-722
-1308
-1525
-1525
-1632
-1599
-1302
-855
-433
-267
-90
303
575
554
474
412
434
405
204
102
70
47
107
210
344
509
604
689
860
871
756
636
463
191
-144
-416
-663
-942
-1198
-1356
-1384
-1323
-1253
-1116
-771
-457
-300
-123
142
363
403
426
531
587
580
651
693
668
707
754
778
780
771
800
791
668
449
242
70
-188
-592
-877
-943
-1069
-1243
-1251
-1120
-996
-953
-918
-749
-484
-272
-122
103
466
787
920
997
1130
1229
1158
987
911
967
928
684
472
379
219
-90
-396
-588
-692
-751
-841
-904
-867
-810
-789
-825
-855
-804
-694
-584
-460
-266
-15
221
364
543
787
914
932
953
1018
1027
905
790
756
621
382
190
68
-109
-342
-546
-710
-823
-887
-901
-977
-1003
-880
-697
-582
-537
-406
-190
-73
-86
35
270
394
390
493
715
849
822
735
779
776
633
530
434
280
130
16
-171
-322
-393
-580
-801
-863
-745
-703
-808
-852
-710
-481
-265
-206
-125
221
425
432
506
570
634
727
556
449
504
581
603
342
243
256
117
-64
-303
-379
-417
-649
-759
-758
-788
-714
-647
-700
-609
-391
-198
-220
-226
54
205
229
376
505
523
588
755
674
632
733
559
333
233
145
115
-21
-155
-99
-253
-123
-49
-443
-452
-421
-423
-405
-473
-349
-350
-289
-54
-110
78
187
173
260
210
391
317
177
241
210
383
217
57
188
128
230
-49
-109
194
-105
-452
-256
-191
-344
-417
-372
-295
-353
-388
-91
28
-14
79
65
104
144
227
73
89
105
-19
235
244
-71
71
324
233
-76
53
172
154
31
4
19
-49
63
-256
-237
151
-112
-321
-183
11
-26
-350
-97
0
-136
-80
-72
58
156
30
-59
112
247
68
129
83
-49
66
119
174
-89
-11
18
-139
57
-26
-61
108
48
11
-43
45
181
-73
-55
-129
-196
176
-102
-178
-43
253
-46
-255
113
66
-5
-279
317
173
-134
191
-132
-83
46
-76
-137
-226
184
141
-192
323
129
-57
163
-325
-55
28
30
160
-122
225
-106
14
226
-143
-12
-42
4
-24
-61
-10
2
-85
-96
-9
11
96
23
-33
-120
91
134
-72
68
183
-245
-419
90
-23
-64
196
122
-89
-81
199
-150
-9
178
-52
-2
-32
117
139
5
-52
-16
-146
-88
-26
-50
299
-38
-152
240
104
-185
-50
-1
-1
158
-7
-23
63
-19
-78
-24
-26
-97
32
-80
-115
88
82
-243
-34
125
30
206
81
97
-82
-116
143
-56
-129
124
175
-106
1
-97
-53
35
-136
-23
-119
-50
4
69
162
142
27
-292
125
100
-57
201
-114
-95
133
-11
-99
29
46
-81
-38
6
-4
-13
150
41
-109
22
57
26
-283
-161
225
27
5
-79
70
228
-70
-197
-62
206
-110
-174
207
52
4
20
66
-58
-163
-53
125
86
-145
-12
126
138
-160
-139
196
-28
-25
18
61
-16
-41
165
73
-119
-227
-4
23
-137
-12
172
282
-148
-43
154
-220
-103
39
133
73
-193
-193
184
142
-289
104
89
-52
134
35
103
20
-48
-23
94
-244
-227
240
-83
1
27
14
122
-92
-47
8
55
-252
-76
150
-33
181
42
77
5
12
179
37
84
-182
-158
-4
-124
-246
-216
291
96
-38
77
20
377
-23
-202
10
61
-84
-107
-234
278
160
-245
6
52
268
-32
-241
-65
49
-3
42
-235
27
232
-138
33
122
68
67
-47
-126
86
142
-39
-60
-211
-52
68
-9
73
-292
167
161
-346
219
187
-17
87
-90
98
-56
-122
125
-122
-115
200
-31
-68
82
-201
-72
69
-94
111
47
272
186
-308
125
81
-219
90
-121
-237
6
5
-17
-58
53
215
42
80
174
-107
-102
11
-64
-77
47
92
-5
18
-40
-196
-82
59
-9
-77
43
216
39
-40
183
-16
-161
-64
-13
103
-95
33
162
-105
115
62
-227
-34
15
-93
92
26
-99
133
-147
-166
173
134
109
-224
-165
222
103
19
105
7
-147
93
-107
-229
298
4
-276
-34
140
173
-78
-162
20
237
10
-110
17
-120
-73
-49
167
153
-186
32
80
-93
-37
175
-64
-247
68
122
223
13
-113
54
-21
-192
-225
165
44
-150
1
175
290
-147
-158
199
78
-196
-141
-3
90
95
-59
68
-70
-112
46
-83
-50
154
304
-84
-49
148
-234
-136
12
39
6
-110
-20
74
-104
-26
299
-50
5
118
-132
29
90
103
-130
-114
-6
-52
24
-67
-2
-152
123
265
-265
104
284
-274
27
327
-352
-98
338
-215
-103
117
2
-94
-79
148
44
-13
96
-58
-171
120
73
-159
168
40
-277
-54
0
68
197
-58
17
239
-125
-103
102
-228
-161
68
-38
89
146
-35
86
134
-112
-147
-6
9
-32
58
175
131
-64
-112
78
0
-211
-177
-18
118
-42
-92
139
100
136
11
-190
140
-31
-235
189
54
-74
52
-115
20
159
-95
-153
17
95
173
-113
-89
153
-93
-67
23
-63
62
16
29
-61
84
172
-7
-185
7
-26
-31
-14
-16
176
-74
-90
-70
207
-70
-237
54
65
163
150
-102
-100
98
-89
-71
150
-37
-113
40
38
18
35
-87
-73
129
37
-38
10
5
-27
-54
-153
-76
245
26
-43
15
-13
141
116
-175
-101
162
-84
-113
153
34
-116
6
-59
-44
89
-9
-25
15
-57
65
174
-21
-92
-9
-69
-40
68
17
-14
-7
0
140
16
-212
31
247
-78
-111
136
14
-184
-49
-44
-115
80
132
-14
39
110
-24
38
77
-69
-115
20
-82
-171
146
0
-8
59
-42
141
34
-48
14
-53
-3
12
-95
-14
34
34
-44
-37
80
91
56
47
-32
-200
-11
82
-36
-58
-8
60
37
-59
-49
160
-11
-17
25
-52
68
-119
-138
91
5
-18
41
18
94
53
18
-72
-17
57
-42
-31
-59
-47
26
38
6
32
52
-75
8
25
-34
-26
-83
75
21
-50
96
27
-36
83
-26
8
64
-62
-109
-48
-26
11
-25
39
60
-30
134
77
-82
20
-123
-48
43
-27
45
42
15
8
-48
-91
63
-64
-33
116
27
3
100
-95
-39
-15
-50
81
-48
-85
101
-20
-14
60
-94
121
6
-91
59
66
119
-81
-105
32
-58
10
5
-54
-68
52
80
-26
4
66
-43
-73
42
-11
51
75
-72
-31
14
35
41
-15
-77
-92
27
-25
-3
37
19
12
55
74
-82
-42
34
-34
3
21
86
-8
-21
16
-31
-31
66
-76
-21
-18
18
75
-93
39
-27
-51
93
-22
-82
71
-5
-64
81
118
-53
-71
38
-16
-41
137
-64
-34
90
-75
-27
-54
37
10
-77
87
56
2
9
-18
-22
-73
31
-18
37
26
-30
124
6
-77
-38
-101
30
-19
-9
90
-6
44
67
-10
-96
-37
14
-94
-4
84
46
64
-36
-10
30
-64
-103
17
108
18
20
-17
-52
57
24
24
-70
-141
68
-15
-32
100
-65
41
99
-5
20
-20
-33
51
-4
28
55
-77
-83
7
-107
-27
96
-46
-79
42
79
72
27
-31
2
-5
-10
5
-14
27
-9
-109
22
0
-29
18
15
71
1
-92
91
16
-104
6
6
16
73
17
71
25
-55
-9
-58
21
5
-111
-19
26
-5
39
-12
37
-21
0
63
-70
-93
48
18
15
-38
27
133
18
-43
-43
28
115
-35
-128
-42
-11
39
-24
-44
39
6
-9
4
-50
50
-19
14
96
17
76
34
-85
-14
8
-84
-17
-55
-172
5
71
-15
18
118
-3
1
147
1
-5
69
-34
-54
22
11
-102
59
24
-24
-11
-98
66
-36
-123
103
-14
-10
45
-56
7
-82
-88
68
-21
-25
80
119
120
-35
0
46
-71
18
84
-116
-42
101
-38
48
22
-62
40
-20
-55
-54
38
27
-53
-34
-57
41
16
-120
-46
92
18
43
26
-51
91
27
-39
1
-12
27
14
-11
8
-17
-8
59
-103
44
178
-89
18
7
-112
41
45
-91
-35
35
-22
3
1
53
-16
-55
18
-1
-2
-31
37
36
-45
-7
41
-5
-22
27
34
25
21
9
-19
-12
-26
-25
-27
34
7
-81
78
134
-41
-55
67
-50
-40
-45
-95
86
-28
-88
11
16
49
57
-76
15
142
-66
33
94
-30
-7
-11
-17
-29
-48
16
72
-36
7
42
-58
-19
0
-31
-38
7
-6
-49
-13
18
3
43
30
36
56
8
51
-9
-54
-36
-99
-47
71
-17
39
139
60
16
9
-36
-57
-101
-26
-4
-81
18
6
-62
-30
40
-11
21
70
47
13
64
74
-18
-19
2
-15
-52
-63
-43
-41
11
59
13
-9
70
40
7
31
-36
-47
-52
-28
-14
-14
-7
-11
-65
29
30
19
39
44
44
44
44
1
4
-42
-8
-32
-75
4
18
17
1
-48
-21
37
26
-49
-19
-19
0
30
3
3
70
11
-18
-1
-13
50
0
-67
-3
-32
1
41
-29
-26
24
-37
-23
61
-43
50
43
24
-25
-22
40
3
-29
33
16
-49
-4
-1
-100
27
60
-54
22
-13
18
28
-4
23
28
-19
20
-50
-17
38
14
-54
-8
60
-30
38
-14
8
-19
-97
40
-89
-41
183
-47
-52
51
123
-114
-40
120
-41
-32
43
67
-44
1
64
-124
35
80
-102
1
76
-102
-99
78
-59
-37
34
2
4
64
64
19
27
-6
-40
-38
-27
-36
-16
22
26
-14
14
20
59
-17
-1
57
28
-3
-27
-6
5
-65
-32
-10
-64
-3
52
-18
5
57
-16
51
21
2
-15
32
-46
-59
-37
-14
-28
-31
31
-4
4
87
84
10
46
21
7
-1
-38
-68
-44
-4
-57
-18
8
13
18
37
29
8
24
10
-26
-32
7
-44
-32
-4
-6
-8
11
28
9
31
27
21
10
-3
-21
9
-37
-50
-1
11
5
-11
0
18
8
-27
-16
10
13
-3
-9
27
48
10
3
21
21
9
-23
-14
4
-16
-29
-11
-13
-12
0
6
0
11
13
-3
4
-11
-23
-24
-28
-23
-21
2
14
10
22
30
26
19
7
21
1
8
1
3
-3
-8
9
-4
-2
6
4
10
-1
0
0
-2
-14
-6
4
-2
-10
-7
-2
-11
-13
-16
-4
-16
-9
-3
-7
1
8
8
11
11
15
13
4
-10
-9
0
-7
-5
8
6
10
15
10
-1
-3
0
0
0
-2
2
1
-2
-7
-8
-4
0
5
5
13
13
7
0
0
-4
-7
-2
-2
-8
-13
-9
-10
-10
-2
3
10
6
6
5
2
-4
-3
-1
-1
0
0
7
12
5
3
2
-1
-4
-5
0
0
1
0
3
1
-3
-1
0
-4
-5
-4
-1
5
4
2
3
2
5
1
-3
-5
-6
-6
-7
-7
-4
1
4
3
2
4
3
-1
-2
-2
0
0
0
0
3
7
6
7
5
0
-1
-3
-2
0
-3
0
0
0
-1
1
-1
-3
-1
-3
-1
0
-2
3
4
-1
1
1
0
1
-2
-2
0
-1
0
-1
-1
0
0
0
0
2
4
2
2
0
1
0
0
-2
-4
-2
-3
-4
-2
0
0
0
2
2
3
1
2
0
0
-2
-3
-1
-3
0
-2
0
2
1
4
3
2
0
0
0
0
-1
0
0
-1
0
0
0
0
0
1
0
0
-1
-1
-2
0
0
0
0
0
0
1
2
0
0
0
-1
-1
-1
0
-1
-2
0
0
0
2
0
0
0
1
0
0
0
-1
-1
0
-1
0
2
1
2
0
0
3
1
1
0
-1
-2
-2
0
0
0
-1
-4
0
1
0
0
1
2
-1
-1
0
0
0
0
-2
0
-2
-2
-1
0
0
0
0
-1
0
0
1
2
0
1
0
0
1
3
0
0
2
2
2
1
0
2
1
1
1
-1
0
0
0
0
-2
-3
-2
-2
-3
-1
-1
-3
-1
0
0
0
-1
0
0
2
0
-1
0
1
3
2
0
0
-1
0
0
0
0
-1
0
1
1
0
0
0
2
2
2
-1
-2
0
0
0
1
1
0
0
0
0
-1
-1
0
-1
0
0
-2
-3
-2
-2
0
1
-1
0
2
0
1
2
2
1
1
0
0
1
1
0
0
-2
0
2
-1
-1
0
0
1
-1
0
0
0
0
-1
2
1
0
0
0
0
1
1
0
-1
0
0
-1
0
0
0
1
-3
-2
0
0
0
0
1
0
1
0
-3
-1
-1
0
1
1
3
2
-1
-1
0
0
0
0
0
0
2
0
-2
-1
-3
0
1
0
2
1
0
0
0
-1
-1
-1
0
2
1
0
0
0
0
0
-1
1
1
2
2
1
-2
-2
0
0
1
1
3
0
0
0
-3
-5
-1
0
1
2
1
0
1
0
-3
-5
-4
-1
-1
0
0
1
-2
0
1
0
0
1
1
2
0
-1
0
0
-1
0
0
0
3
3
1
1
0
-1
-2
-1
0
-2
-3
1
2
2
1
-1
-1
-1
1
0
-2
-1
0
1
0
1
4
1
-1
-2
-2
0
2
1
2
-3
-3
0
-1
2
4
0
-2
-3
-1
2
4
3
0
-4
-2
1
2
1
-3
-5
-4
0
3
0
-2
-3
-1
2
2
2
3
1
1
6
4
3
1
-3
-1
-1
-5
-6
-3
-4
-3
-3
-1
2
2
2
5
1
2
2
2
-2
-4
-2
1
0
-3
-3
0
1
1
0
4
8
6
0
-1
0
0
-6
-12
-8
-4
1
1
-2
-1
6
10
8
4
1
3
-1
-2
-2
-2
2
-1
-2
-3
-3
3
3
5
2
0
4
2
0
-6
-10
-8
-4
3
1
6
8
6
-1
-11
-9
-8
-1
6
6
9
3
-4
-8
-11
1
7
8
7
4
3
-1
-2
-4
-8
-9
-7
-1
5
9
10
4
0
0
-2
-2
0
1
1
1
-2
-9
-11
-11
-5
3
8
11
8
5
1
0
-2
0
0
-7
-8
-10
-1
5
5
11
7
0
0
0
3
4
0
-4
-8
-6
0
-1
-1
-2
-4
-4
0
8
10
6
-1
-2
0
1
2
0
-2
-5
-6
-2
1
2
2
-1
-4
-1
2
3
6
5
0
-3
-4
-2
0
0
1
3
3
-3
-6
-2
-1
0
2
3
2
2
2
0
-1
-4
-6
-5
-1
3
7
5
1
0
-5
-6
0
4
7
6
4
0
-3
-8
-7
-4
0
5
6
4
-3
-9
-6
-3
2
9
12
7
0
-7
-12
-8
-3
3
9
10
3
-1
-6
-10
-5
1
4
4
1
-2
-2
0
3
5
1
-3
-4
-6
-3
1
4
4
3
1
-1
-5
-3
-2
3
5
5
0
-2
-5
-5
0
2
1
1
0
-1
-1
0
0
3
2
-1
0
-4
-2
0
0
3
2
1
0
0
1
1
1
-1
-3
-4
-1
-1
1
3
5
4
-1
-2
0
0
0
-2
-3
-2
0
2
1
-1
0
1
1
1
-1
-1
-1
0
1
-2
-2
-1
1
2
2
0
1
2
2
0
-4
-2
-1
0
1
0
0
0
0
0
0
0
-5
-4
0
0
1
1
3
4
1
0
-1
0
0
0
-1
-1
0
0
1
0
1
0
0
0
0
-1
-3
-1
-2
0
-1
-1
0
0
0
2
1
1
0
-1
0
1
0
0
0
0
0
1
0
-1
0
-1
-1
0
0
-1
0
0
0
3
0
0
0
0
1
0
0
1
0
-1
0
0
0
0
0
0
0
0
0
0
0
0
0
0
-1
-1
0
0
1
0
0
0
0
0
0
0
0
1
2
0
0
-2
0
0
0
-1
-1
0
1
0
0
0
0
0
1
-1
0
1
0
-1
-1
-1
0
2
0
0
0
0
0
0
1
1
0
0
0
-1
0
2
0
-1
0
0
0
0
0
0
0
0
0
-1
0
2
1
0
0
0
0
0
0
0
0
0
-1
0
-1
-2
0
-1
-1
1
1
1
0
2
0
0
-2
-3
0
0
-1
-2
0
0
0
1
1
2
2
2
0
2
2
1
0
-3
-3
-2
-2
-1
0
0
1
1
-1
0
0
0
0
-2
1
1
1
3
1
1
1
-1
0
0
0
-2
-2
0
-2
-1
2
0
0
1
0
1
0
0
0
0
0
-1
-3
-1
0
2
1
-1
0
2
0
-2
-4
-4
-1
1
0
0
3
2
3
5
3
0
0
-1
-4
-4
-3
-1
3
3
2
2
0
0
-3
-2
-3
-2
0
-1
1
0
-1
0
1
1
2
2
1
1
1
1
0
0
-1
0
0
-2
-1
-1
0
0
0
0
-1
0
0
0
1
2
0
0
0
-2
-2
0
0
0
-1
0
0
1
1
2
3
1
0
-1
-2
-3
-1
-2
-3
-1
0
2
2
3
4
2
2
1
1
1
-1
0
0
-1
-3
-4
-4
-1
-2
-1
0
0
2
4
4
4
0
0
-2
-1
-2
-2
-1
0
1
0
1
1
1
1
2
2
0
0
-1
-1
-4
-3
-2
-3
0
0
0
1
2
0
0
1
3
1
-1
0
-3
-2
-2
-4
-1
-1
0
0
0
0
2
2
2
1
1
0
-1
1
0
1
0
-1
0
1
1
0
0
-3
-1
0
0
-1
1
0
0
1
0
0
0
0
-2
-2
-2
-2
0
-1
-2
2
3
3
3
1
2
3
1
-2
-2
-2
-2
-1
-3
-1
0
2
1
2
3
4
2
0
-1
-2
-2
-4
-4
-3
-2
0
2
3
1
2
1
2
2
0
0
-1
0
-2
-2
0
1
0
0
0
0
0
0
0
0
0
0
1
0
0
0
0
0
-1
-1
0
0
0
0
1
0
-2
-1
0
1
0
-1
0
1
2
1
-1
-1
-1
0
-2
-4
-2
3
5
2
2
0
4
3
-1
-2
-2
-1
0
-1
0
-1
-3
0
0
-1
0
0
0
2
1
0
-1
0
0
1
0
0
2
2
2
0
0
0
-1
-3
-3
-4
-2
-1
-1
2
3
3
2
2
1
0
-1
-3
-3
-2
-1
0
1
1
3
3
3
0
0
-3
-2
-1
-1
-1
-2
-1
0
2
0
1
1
0
0
0
-1
0
0
0
0
-1
2
1
2
4
3
1
0
0
-3
-3
-4
-4
0
-1
0
2
1
2
1
1
0
0
2
0
-1
-1
-3
-4
-4
-2
-3
0
2
1
4
4
4
0
0
0
-2
-1
-1
-1
0
0
1
2
1
1
0
0
-3
-2
0
-1
0
0
0
0
-1
-1
-1
0
2
3
4
4
3
0
0
-2
-3
-4
-3
0
-1
-1
0
-1
0
1
0
0
3
0
0
0
1
0
0
2
0
0
-1
0
0
0
-1
0
1
0
-2
-1
0
0
-1
-1
0
0
0
-2
0
0
1
-1
0
1
1
1
0
0
0
0
0
0
1
0
0
-2
-1
0
1
0
-1
1
0
-1
0
0
0
1
0
1
1
0
0
0
0
-1
1
0
0
0
-1
-2
-1
-1
0
0
-1
1
0
0
2
1
0
-2
0
-2
-4
0
1
2
2
3
4
3
0
-1
-1
-4
-3
-1
-1
2
1
3
2
2
0
-2
-3
-2
-2
-2
-3
0
2
3
2
3
2
0
0
-5
-4
-3
-2
1
2
0
1
2
3
2
0
0
-2
-5
-2
-1
-2
0
2
3
3
2
0
1
0
0
-1
-2
0
-2
0
0
0
3
2
2
-1
0
0
-2
-4
0
0
0
0
-1
0
2
0
0
2
0
0
0
-1
0
-2
-1
-1
-2
0
1
0
3
2
0
1
-1
-1
-1
-1
-2
0
0
0
4
3
0
1
-1
-2
-2
-2
-2
0
2
1
2
0
0
1
-2
0
0
0
-1
0
0
-1
-1
0
-1
1
0
-1
1
2
0
2
1
1
1
-1
0
2
0
0
-2
0
2
0
-3
0
1
0
-1
-2
-1
-2
-1
0
0
0
0
0
0
1
-1
-2
1
2
2
-1
-2
0
0
0
0
1
1
-1
-1
1
1
2
0
0
1
0
0
-3
1
1
-1
0
0
1
-1
-1
0
0
2
0
-1
0
-1
-2
0
-1
0
0
0
0
0
-1
0
0
0
1
1
0
0
2
0
-1
0
-2
0
1
0
0
1
1
1
0
0
0
0
0
0
0
0
0
0
0
0
0
-1
0
0
0
-2
-3
0
0
0
0
0
2
0
-2
0
0
0
0
0
1
1
2
3
-1
0
0
-1
0
0
0
0
0
0
0
0
0
0
0
0
0
0
0
0
-1
0
0
-2
-1
0
0
1
0
0
0
0
1
0
0
0
0
0
0
0
0
-1
0
0
0
-1
-1
0
1
0
1
1
0
0
0
0
1
1
0
0
0
1
0
0
0
0
-1
-1
0
0
1
0
-1
0
1
0
-1
0
0
0
0
0
1
0
0
0
-1
0
0
0
2
2
2
0
0
0
0
2
0
-1
0
-1
0
1
0
0
0
-1
-2
-2
-1
-2
0
0
0
2
0
1
0
0
0
2
1
0
1
1
1
1
0
-1
-2
0
-1
-2
0
0
0
0
0
0
0
0
2
0
2
0
0
0
0
0
0
0
0
-1
-1
0
0
0
0
0
0
-1
-1
0
0
-1
0
0
1
0
0
1
2
1
0
1
1
0
1
0
-1
0
0
0
-2
-2
0
0
0
0
1
0
0
0
-2
-1
1
0
0
0
1
0
2
0
0
1
0
-1
-2
0
0
-1
0
-1
-1
-1
-1
-1
1
3
1
1
0
1
0
0
1
1
0
0
0
-1
1
2
2
1
0
0
0
-1
-3
-1
-2
-1
-3
-1
1
0
0
0
0
0
1
-1
0
0
0
0
0
1
0
0
0
0
2
1
0
0
0
0
-1
0
0
0
0
-1
-1
0
0
0
2
1
0
0
0
0
0
0
0
-1
0
-1
0
0
0
0
0
0
0
0
0
0
0
0
0
0
0
-1
1
1
0
0
-1
0
0
0
-1
-1
1
1
1
1
0
1
0
0
-1
1
0
0
1
0
-1
-1
0
1
-1
0
0
-3
-1
-1
-1
-1
-1
-1
0
1
0
1
3
4
5
5
3
6
3
4
3
0
0
-2
-2
-3
-3
-3
-7
-7
-4
-4
-4
-4
-5
-3
0
0
2
5
3
4
5
4
2
4
4
4
1
0
-1
0
0
0
2
0
-2
-1
-2
-2
0
-1
-1
0
-1
-3
0
-3
0
-1
0
0
0
0
0
2
2
1
3
1
1
1
-1
0
0
-1
3
1
0
0
-2
0
0
0
1
1
0
0
0
-1
0
0
0
1
0
-2
-2
-1
0
0
4
4
4
3
1
1
0
-4
-4
-4
-6
-6
-7
-8
-8
-7
-4
-2
-2
0
1
2
4
8
8
9
8
9
8
7
7
8
8
7
3
0
1
0
-3
-4
-6
-8
-10
-12
-15
-13
-11
-12
-11
-6
-5
-4
-1
-1
3
5
7
9
8
8
8
10
9
8
7
5
5
0
0
0
-1
0
0
-3
-4
-3
-5
-4
-1
0
0
-2
-1
-1
-1
0
0
-1
-1
-2
-2
-3
-3
-3
-4
0
1
2
0
1
3
4
5
6
5
4
4
2
2
1
0
-2
-3
-5
-6
-7
-7
-8
-8
-4
-1
-2
-3
-2
0
3
4
5
5
6
6
6
6
7
6
5
2
1
1
0
0
0
-1
-3
-4
-5
-3
-4
-4
-5
-4
-2
-2
-1
-1
0
1
3
3
1
1
1
1
1
0
-1
0
-2
-4
-3
-2
-1
-2
-2
-1
-1
2
2
2
3
3
2
1
1
2
1
1
2
2
0
1
0
-1
0
-1
-3
-1
-1
-3
-4
-2
0
-2
-2
0
-2
-1
1
0
1
3
2
1
2
1
0
1
0
-1
0
0
1
-1
-1
0
-1
1
2
1
0
0
0
0
0
0
0
0
1
0
0
1
1
-1
-1
-3
-4
0
0
0
0
-2
-1
1
1
0
-1
0
-1
-1
0
1
2
2
0
3
0
-1
0
0
0
0
1
1
0
0
0
-1
0
0
0
-2
0
0
-2
-3
-1
-1
0
1
0
0
1
0
0
1
0
1
0
0
0
0
2
1
0
1
0
-1
-1
0
0
0
0
0
0
-1
-1
0
0
-1
0
1
0
0
0
1
2
1
1
2
0
-1
0
1
1
-1
-1
0
0
0
0
0
1
0
0
0
-2
-2
0
0
-1
-2
-1
0
0
-1
0
0
0
1
0
0
0
0
1
0
1
0
1
0
0
-1
0
1
0
-1
0
0
0
-1
-1
0
2
2
2
2
-1
0
0
-1
0
0
1
-1
-2
-4
-2
0
0
0
0
2
0
-1
0
0
2
2
1
0
0
0
1
0
-1
2
1
1
0
-2
1
0
-2
-1
-2
1
0
0
0
2
1
1
0
0
0
0
-1
0
0
0
0
-2
-3
-1
-1
0
0
0
1
2
0
1
1
1
0
0
1
1
-1
0
-1
0
2
-1
-1
0
0
-2
-2
-1
-2
0
1
1
2
0
0
0
1
1
-1
-1
-1
0
0
0
0
-1
1
0
-1
0
0
0
0
0
1
1
0
0
-2
0
1
0
0
0
-2
0
0
0
0
0
-1
-1
-1
0
1
1
2
1
0
1
0
-2
0
-3
-1
1
0
0
1
0
0
0
1
-1
0
2
-1
0
1
0
0
1
-1
0
-1
-2
-1
0
1
1
0
0
0
0
0
3
1
0
-1
0
1
1
0
0
0
0
-1
-1
0
0
0
-1
0
3
1
0
0
0
-1
-3
0
0
0
1
0
1
2
0
0
-1
-1
-2
-2
0
0
0
1
0
0
0
0
-1
0
0
0
0
0
0
0
0
0
-2
3
0
-3
0
1
0
0
0
1
0
0
0
2
0
-2
1
0
-1
2
0
1
1
-2
0
2
-3
-2
0
-3
-3
0
0
0
0
0
-2
-1
0
-2
0
1
0
0
2
0
0
1
0
0
1
0
0
1
0
0
0
0
1
3
1
1
0
0
0
2
4
2
0
0
1
1
0
0
-1
-2
0
-2
0
-1
-2
-1
-2
-1
-3
-3
-4
-4
-3
-1
-1
-2
0
0
0
0
-1
3
2
1
6
5
5
8
3
4
5
1
0
4
0
0
4
0
-3
-1
-2
-4
1
0
-5
-1
-4
-4
-1
-4
-4
-3
0
-2
-3
2
-2
-2
4
2
3
6
2
0
4
0
-2
0
-4
-5
1
0
0
3
0
-2
1
-1
-3
3
0
-1
4
0
-1
2
0
0
5
1
0
2
0
1
-1
-2
1
0
-2
-2
0
0
-2
0
0
0
0
0
1
2
1
1
-1
0
1
-1
0
0
-1
0
-2
-3
-1
0
-1
0
-2
1
3
-1
0
2
3
0
-1
0
0
0
0
0
1
2
3
0
0
1
0
0
0
-1
-2
-2
-2
-1
0
0
1
0
1
0
0
0
1
2
0
0
0
1
1
2
1
0
0
0
-2
0
0
0
-1
-2
0
-1
-1
-1
-2
0
1
0
-2
2
2
0
0
0
2
-1
-3
-1
0
-1
0
0
-2
0
3
1
0
2
2
0
2
4
3
3
1
2
1
-1
0
0
-1
0
-1
-3
-1
-1
0
1
0
2
0
-2
-3
-5
-4
-2
-2
-1
1
0
0
1
0
1
0
0
0
0
0
-1
0
1
0
0
-1
-1
0
0
-1
0
2
1
2
3
1
2
0
0
-1
0
0
0
0
0
0
0
0
0
0
-1
0
0
-2
-1
0
-2
-2
0
0
-1
0
2
0
1
0
-1
0
-1
1
2
1
1
0
0
0
0
0
0
1
0
0
0
0
0
-3
0
0
-1
2
0
-2
2
0
1
-1
-2
0
-1
-1
0
0
0
0
2
0
-2
1
1
1
0
0
1
0
0
1
1
0
0
4
0
0
0
-4
1
0
-1
2
0
0
0
-1
0
1
-2
0
0
0
-1
0
-5
-3
2
1
0
1
5
4
0
2
0
-1
1
0
-2
-1
0
-1
-2
-1
0
-1
0
0
-1
0
1
-1
-1
1
-1
-1
0
0
0
0
1
1
1
3
0
2
1
-2
2
0
-1
2
0
-2
0
0
-1
0
1
-1
2
2
0
0
0
0
0
0
0
-1
0
0
0
0
0
-3
0
0
0
1
0
0
-1
-1
1
1
0
0
0
0
0
1
1
2
0
-1
0
0
0
0
1
1
0
0
0
-1
-2
0
0
-1
0
-2
1
1
0
1
0
-1
-1
-1
0
-2
-1
0
-1
-1
3
0
1
1
0
3
0
0
2
1
1
0
-1
1
0
0
0
-1
-1
0
1
-2
-2
0
0
0
-2
0
0
-1
1
0
1
1
0
-1
-3
-1
-2
0
-2
-2
1
1
0
4
1
0
2
0
-2
1
0
0
0
1
2
2
2
2
0
0
0
2
0
0
-1
-4
-1
-3
-1
-1
-1
-1
-2
-3
-2
-1
0
-2
-2
0
0
0
0
1
0
-3
0
1
2
3
2
0
1
3
2
3
3
2
0
3
2
3
5
3
4
3
1
2
0
-1
0
-2
-1
0
-3
-1
-2
-5
-3
-4
-6
-5
-5
-5
-5
-2
-4
-3
0
-3
-1
0
-1
1
2
2
2
3
2
1
0
0
0
2
0
0
1
1
1
4
2
0
0
-1
0
3
-1
0
3
1
4
3
1
3
1
3
3
0
0
-1
-1
-3
-5
-1
-2
-3
-2
-1
-3
-4
-3
-1
0
1
0
0
1
1
0
0
0
1
2
0
0
1
0
1
2
1
1
1
-1
0
1
0
0
0
-1
0
0
-2
-3
-3
0
1
0
0
0
0
-2
0
0
2
0
1
0
-1
0
-1
0
0
2
0
0
0
-1
1
2
0
3
2
0
1
1
1
1
0
0
1
-3
-3
-1
-2
-1
0
0
0
0
0
0
0
0
1
2
2
1
0
1
0
0
0
0
-1
-1
0
0
0
1
0
0
0
-2
0
0
0
0
1
1
0
1
2
1
0
1
0
-1
0
0
0
0
0
0
0
-3
-1
-1
-2
-3
0
-2
-1
0
-1
0
0
0
0
-1
0
0
0
0
1
0
0
0
0
0
1
-1
1
2
1
0
1
1
1
1
0
1
0
0
0
0
0
0
0
-1
-2
0
0
-1
-1
-1
0
0
1
2
0
1
1
0
0
-1
1
1
1
1
1
0
0
0
-2
0
-2
-2
0
0
-1
-1
0
0
0
-1
0
-1
0
1
1
0
1
2
2
0
-2
0
0
0
1
1
1
0
1
0
0
0
-2
0
0
0
0
-1
-1
1
-1
-2
0
0
0
0
-1
0
0
0
0
1
-1
-1
0
1
0
0
0
0
0
0
0
1
0
0
0
0
2
0
-1
1
1
0
0
0
0
-1
-1
0
0
-2
0
0
0
-1
1
0
0
0
0
2
1
2
0
0
0
2
0
0
0
0
2
1
0
-1
-1
0
-4
-3
-4
-3
-1
-3
-3
-3
0
2
0
1
0
0
2
2
1
0
-1
0
0
0
2
2
3
0
2
3
0
2
0
1
0
0
0
0
1
0
0
-1
0
-1
0
-2
-1
0
0
2
0
0
-1
-2
-2
-2
-1
-2
-2
0
0
0
1
1
2
0
0
-1
-1
0
0
0
1
1
0
0
0
2
1
-2
-1
0
0
-2
-1
-1
0
0
-1
0
1
1
0
-1
0
0
0
0
-1
0
1
0
0
0
0
1
2
1
1
2
1
0
-1
-2
-1
1
1
0
1
1
1
0
1
0
-1
0
0
-1
-1
0
1
2
0
-1
0
0
0
0
-1
0
0
0
0
0
0
1
0
0
0
0
0
0
0
0
0
-1
0
1
-2
-1
1
0
0
-1
1
2
0
0
0
0
3
0
-1
0
-1
1
0
-1
0
1
0
0
0
0
-1
0
-1
0
-1
0
1
0
0
-1
0
0
0
0
0
0
0
1
0
1
0
0
0
1
1
0
0
1
0
0
0
0
0
1
0
0
0
0
-1
0
0
1
0
0
0
0
0
2
0
-1
0
0
1
0
-1
0
0
0
-1
-2
0
0
0
-2
-2
0
0
0
-1
0
1
0
2
1
0
0
3
0
0
1
-2
0
1
-1
0
0
-1
0
1
0
-1
0
0
0
0
0
3
1
0
1
-2
-2
0
0
0
0
0
-1
0
2
-2
-2
0
0
2
3
0
0
-1
0
-3
0
0
-4
0
0
0
0
0
1
2
3
-1
-3
-1
-1
0
0
4
0
0
-1
-1
1
0
1
2
1
2
0
5
1
-1
-1
-2
0
0
0
-3
-2
0
0
-3
0
0
-2
0
0
0
1
1
0
0
0
0
0
0
0
1
0
0
0
0
0
1
1
0
1
2
1
0
0
0
0
0
-2
-2
0
0
-1
-2
2
0
-1
0
1
0
0
1
0
1
1
0
-2
-2
1
0
-3
-1
1
0
-1
-1
-1
1
0
0
1
2
3
1
0
0
0
0
-1
-2
0
-1
-1
0
0
0
0
0
0
1
2
2
1
1
0
2
0
-1
-1
-3
-1
0
-1
-2
-1
-1
-1
0
1
0
0
1
2
1
0
1
1
0
-1
0
0
0
1
0
-1
0
0
0
0
0
2
0
0
0
0
0
0
0
-1
-1
-1
0
0
0
0
0
2
0
-1
0
0
0
1
1
0
-1
0
2
0
0
0
0
1
0
1
0
-1
0
1
-2
-1
0
0
1
-1
-1
-1
-1
0
0
0
0
0
-1
0
3
1
0
-1
-1
0
-1
-2
-1
0
0
-1
-1
1
3
0
0
2
1
1
0
-1
0
0
0
0
0
1
0
0
2
1
0
0
-1
-1
-1
-2
0
0
-2
0
0
0
0
0
0
0
1
0
0
0
0
0
-1
0
0
0
0
0
-1
-2
1
1
1
2
2
-1
0
0
-1
0
1
1
0
0
1
1
0
1
0
-1
0
-3
-4
-1
0
0
0
0
0
0
0
0
1
1
0
1
0
0
0
0
-2
0
0
0
2
0
0
0
0
-1
-1
0
0
0
0
1
0
1
1
1
1
-1
2
0
-1
-1
0
0
0
-1
0
-1
2
1
0
0
0
0
0
0
-1
-1
0
0
0
-1
1
0
-1
0
0
0
0
0
1
1
-1
0
1
0
2
0
0
0
-1
0
0
1
1
1
0
0
0
2
1
0
-1
0
-2
0
0
0
0
0
-1
-1
0
-1
0
0
0
0
0
0
0
0
0
-1
0
0
1
1
0
0
1
0
-1
1
0
-1
0
0
0
2
0
0
1
0
-1
-1
0
1
-1
0
1
0
0
0
1
0
0
0
0
-2
-1
-1
-1
0
0
-1
0
1
0
1
1
0
-1
0
0
0
1
0
0
-1
1
0
0
0
-1
0
2
0
-1
-1
-1
0
0
-1
0
1
0
0
1
2
1
0
0
0
0
-1
0
3
1
-1
0
0
-1
0
0
0
0
0
-1
-1
-1
0
0
0
0
0
0
1
2
1
0
0
0
0
0
0
0
0
-1
0
2
-2
-1
0
-1
0
0
0
1
0
0
0
0
0
-2
0
2
0
0
0
0
0
-2
-1
1
0
0
3
1
1
0
0
0
0
0
1
-2
0
1
-2
0
1
0
-1
0
0
-1
0
-1
-2
0
0
-1
-2
1
0
2
3
0
-1
1
1
0
0
0
0
-1
1
0
-1
0
1
1
1
0
-1
1
0
-1
-1
0
0
0
0
-1
-1
0
0
-1
0
2
2
1
-2
0
1
1
1
0
0
0
1
1
0
-2
0
0
-2
0
-1
0
1
0
0
0
0
0
0
0
1
1
0
0
-1
-1
0
0
0
0
0
0
0
0
0
0
0
0
0
0
1
0
0
0
0
1
0
0
0
0
0
0
0
0
1
1
0
0
0
-1
-1
0
-1
-2
0
0
0
0
1
0
-1
0
0
0
0
1
0
0
0
-1
0
1
0
-1
0
0
-2
0
1
1
1
0
0
0
2
0
0
1
0
0
0
0
-1
1
1
0
-1
0
0
0
0
0
-2
0
0
0
0
0
0
0
0
0
0
0
0
0
0
0
0
-1
0
0
0
-1
-2
0
2
1
0
1
0
0
2
0
0
0
0
0
0
1
0
0
0
1
1
0
0
0
0
0
0
0
-1
-1
-1
0
-2
-3
-1
-1
0
-1
-1
-2
-1
0
0
-1
-1
0
0
0
3
1
1
2
0
0
2
1
1
2
2
1
2
2
2
2
1
1
3
1
0
1
0
-2
0
0
-2
-2
-3
-3
-2
-1
-2
-3
-2
-3
-2
-1
-3
-3
-2
-2
-2
-2
-2
0
-2
-1
0
0
2
1
3
2
1
5
3
2
4
3
2
3
1
1
2
2
2
2
0
-1
0
0
0
0
-1
-2
-4
-3
-2
-1
-2
-3
-2
-1
0
0
-1
0
0
0
0
0
1
0
1
0
0
1
2
0
0
2
1
1
0
1
0
0
1
0
0
1
1
0
-1
-2
-2
0
0
0
0
0
0
-1
0
0
0
0
0
0
-1
0
0
0
0
-1
-1
-1
0
-2
-2
0
2
1
0
0
2
0
1
0
1
0
1
1
0
-1
0
0
0
0
0
0
0
0
0
0
-2
0
0
0
0
0
0
0
1
0
0
1
0
0
1
0
0
1
4
1
0
-1
-2
-1
0
0
0
0
-1
-3
-1
-2
0
0
0
0
0
1
0
1
0
0
0
-1
0
1
1
2
3
0
0
1
-2
0
0
0
0
-3
0
-1
1
0
1
1
0
0
-1
-1
0
2
1
1
0
0
0
0
0
-3
0
-1
0
0
-2
-2
-1
0
0
-1
0
1
0
0
-1
0
0
0
0
-1
0
0
1
1
2
0
1
1
0
0
0
0
-1
-1
0
0
0
0
1
0
-1
0
0
0
-1
0
0
-1
0
-1
0
0
0
0
0
0
0
0
1
1
0
0
0
0
-1
0
-1
-1
0
3
0
0
0
-1
2
3
0
0
-1
-1
0
0
0
0
0
1
0
0
0
0
2
0
0
0
-1
1
1
0
0
0
0
0
0
0
0
0
0
-1
0
1
0
-2
0
1
1
2
0
-1
0
0
0
0
0
0
0
0
-1
0
-1
-2
-1
0
0
-1
0
-1
-2
0
1
0
0
1
0
0
0
0
1
0
-1
0
1
-1
0
0
1
2
0
0
1
0
-1
0
1
0
0
0
1
-2
-1
-1
-1
0
0
0
0
0
0
0
0
0
0
1
0
0
0
-1
1
1
-1
1
0
-1
0
0
0
0
0
-1
0
0
0
0
0
0
0
0
1
1
0
0
0
0
0
0
-1
0
0
0
-1
-2
0
1
0
0
2
0
0
-1
0
0
0
0
0
1
1
1
-1
-1
0
0
1
1
0
0
0
-1
0
0
-1
0
0
1
1
1
-1
-1
2
0
0
0
0
1
0
0
0
-1
0
0
0
0
-1
-1
1
0
0
0
0
1
1
0
0
0
-1
0
0
-1
0
0
0
0
-1
0
1
0
0
0
0
0
0
-1
1
0
-1
-1
0
0
0
-1
0
0
0
1
1
0
0
1
2
1
0
0
-1
1
0
1
0
-2
0
0
0
-1
0
0
0
0
0
-1
-1
0
1
0
0
0
0
0
0
-1
-2
0
2
1
0
0
0
0
2
0
-1
0
-1
0
0
0
0
0
0
1
-1
0
0
0
1
0
1
1
0
1
1
0
-2
0
-1
0
1
-2
0
0
-1
-1
0
0
-1
0
0
-1
-1
0
1
0
0
0
-1
1
0
2
1
-2
-1
0
2
1
0
1
0
0
-1
0
0
0
0
0
0
0
0
0
2
1
-1
0
0
-1
0
1
1
1
-1
0
-1
0
0
0
0
0
0
0
0
0
0
-2
-1
0
0
0
0
0
1
0
2
0
0
2
0
0
0
0
1
2
0
0
-1
0
0
0
0
0
-1
0
0
0
0
3
1
0
1
0
-1
-2
-1
0
0
0
0
0
0
1
-1
-2
-2
0
-1
0
0
0
0
0
0
1
1
0
-2
2
1
0
0
-1
-1
1
0
0
0
0
-1
1
2
3
2
0
0
-1
-2
-1
-1
0
0
-1
1
1
0
1
0
-1
0
0
0
0
0
0
-3
-1
0
0
0
0
1
0
0
1
1
0
0
0
-1
0
0
0
0
0
0
0
0
-1
0
0
2
1
-1
0
2
0
-1
0
0
0
1
0
0
1
-1
0
2
0
0
0
0
-1
-2
0
0
-1
0
2
1
0
0
0
0
0
0
0
0
0
0
0
0
0
0
0
-2
0
0
0
0
-1
-1
0
1
0
1
0
0
1
-1
0
0
1
1
0
-1
-1
1
0
0
1
0
2
0
-2
0
0
0
-1
0
0
0
0
0
0
0
-1
0
1
0
0
0
0
0
0
-1
-2
0
1
0
-1
-1
0
0
-1
0
2
2
0
-1
0
1
1
2
0
-1
-1
0
1
0
1
1
0
0
-1
-1
1
1
0
0
0
1
0
-1
0
0
0
-2
-2
0
1
-1
0
1
2
1
0
-1
0
1
0
0
0
0
1
0
0
-1
-1
0
1
1
0
0
1
0
0
1
1
0
0
0
-1
1
0
0
-1
-1
0
0
-1
0
0
2
0
-2
0
0
1
0
0
1
1
3
0
0
0
0
-2
-2
-1
-1
0
0
1
1
0
0
0
0
1
1
0
1
1
0
0
0
0
0
-1
0
0
1
2
0
0
-1
0
0
-3
-1
-1
-1
-1
0
0
1
0
0
-1
0
1
2
0
0
2
0
-1
-1
0
0
0
0
1
0
1
0
1
2
1
1
0
1
3
4
4
0
0
0
0
0
-1
0
-1
-5
-3
-3
-6
-6
-6
-6
-4
-5
-5
-3
-2
-3
0
3
2
2
5
6
4
4
4
4
5
5
4
3
2
2
2
3
1
0
2
0
0
-1
0
0
0
0
-3
-3
-2
-1
0
0
-2
-4
-5
-5
-3
-2
-1
0
0
0
-2
-1
0
1
1
1
1
0
1
3
3
2
2
2
3
2
1
2
2
2
4
2
0
1
3
1
0
0
1
0
-1
-1
-1
-3
-5
-6
-4
-5
-6
-5
-9
-8
-7
-7
-5
0
0
1
5
6
9
9
10
13
14
12
12
10
7
6
2
0
-2
-5
-6
-8
-11
-13
-12
-11
-10
-11
-9
-8
-3
-1
0
1
5
9
9
10
10
10
8
7
6
4
2
1
0
-1
-2
-3
-3
-5
-5
-6
-5
-4
-5
-5
-5
-2
0
0
1
2
2
2
1
2
4
2
1
0
0
0
2
0
-1
-1
-1
-3
-3
-3
-2
0
0
0
2
3
2
1
4
2
1
3
1
4
3
0
1
1
-2
-1
-1
-2
-1
-2
-2
-3
-2
-1
0
1
-2
-1
0
0
-1
1
0
0
0
-1
0
1
-1
0
0
-1
-1
-1
0
-1
-1
0
0
2
1
3
5
3
3
2
0
0
2
0
0
0
0
0
-2
-1
-1
-1
-1
-2
-2
0
0
-1
-1
-2
-3
-1
-1
0
0
0
0
0
0
1
2
1
3
3
1
3
0
1
0
-1
0
0
0
0
0
-1
0
0
0
0
0
1
0
0
0
0
0
0
1
0
2
2
-1
1
0
-1
-2
-1
-2
-3
0
1
-1
-2
-1
0
0
-1
0
1
0
0
1
1
0
0
0
0
2
1
0
2
2
0
2
3
2
0
0
1
0
0
0
0
-1
-2
0
0
0
0
-2
-4
-4
-3
-1
-4
-7
-3
-1
0
0
0
0
1
3
5
4
3
3
5
6
7
6
4
4
4
0
1
-3
-5
-4
-6
-7
-7
-7
-6
-6
-6
-6
-4
-2
-2
-2
-2
0
1
1
4
3
3
6
7
9
7
8
10
6
7
5
4
1
-2
-1
-5
-10
-9
-11
-14
-15
-13
-14
-12
-9
-6
-4
-1
4
4
7
12
16
15
19
20
17
18
16
16
13
9
7
4
0
-2
-6
-11
-12
-15
-17
-19
-20
-17
-16
-15
-11
-11
-6
-2
-2
0
3
3
6
7
8
10
9
7
9
10
6
4
3
2
0
0
-1
-1
0
-1
-2
1
2
3
4
1
3
6
2
3
2
1
1
0
0
0
0
0
0
-3
-2
-4
-5
-5
-6
-6
-7
-6
-8
-9
-6
-5
-3
-3
-4
-2
0
1
0
2
4
5
7
6
6
6
7
5
4
3
1
2
0
1
2
2
3
3
3
3
3
3
1
0
-1
-1
-3
-3
-3
-6
-3
-4
-5
-5
-5
-3
-3
-5
-5
-5
-5
-2
-5
-3
-2
-3
0
-1
-1
0
0
4
4
3
5
5
6
5
4
3
3
3
3
1
0
0
0
-1
-1
-2
-3
-1
-3
-1
0
-3
-4
-3
0
0
-1
1
0
0
2
2
1
0
1
0
-1
0
-2
0
-1
-1
0
-2
-1
0
1
1
0
0
1
3
2
2
2
3
3
2
2
1
0
0
-1
0
-1
-2
-2
-4
-3
-2
-2
-2
-2
-2
-2
0
2
1
1
1
1
0
1
3
1
0
-1
0
1
0
0
0
0
0
0
-3
0
0
0
0
0
-1
-2
0
1
0
-2
1
2
0
0
0
2
3
1
0
0
-1
0
0
0
1
-2
-1
0
0
0
-1
0
0
0
-1
2
0
-1
0
0
0
0
0
1
2
0
0
0
0
0
0
0
-1
-1
0
-1
0
0
0
0
-1
0
0
0
0
0
-1
-1
0
0
0
0
2
0
-1
0
0
0
-1
1
0
0
0
0
1
0
0
0
1
3
0
0
2
1
-1
0
0
-2
-3
-1
0
0
1
0
0
1
-1
0
0
-1
0
0
2
1
0
1
0
0
0
1
0
0
1
0
-2
-1
0
-2
-1
-2
-3
-1
-1
0
-2
0
0
0
1
1
1
5
3
2
4
1
1
2
1
-1
0
-1
-3
-2
-5
-3
-3
-2
-2
-3
0
0
-1
0
2
1
3
3
2
4
3
3
5
4
2
0
0
-3
-3
-2
-2
-2
-3
-4
-5
-4
-5
-4
-1
0
0
0
2
2
3
5
4
6
3
2
3
1
1
1
1
0
-3
-3
-4
-5
-5
-3
-3
-5
-2
-1
-5
-2
0
1
2
5
6
6
6
6
5
5
5
4
3
1
0
0
-2
-3
-4
-4
-6
-5
-4
-5
-5
-4
-4
-4
-2
-1
0
0
0
0
0
2
2
4
1
0
4
2
-1
-3
2
1
0
1
3
-1
0
4
0
-3
4
8
-10
0
15
-7
-9
11
3
-9
0
-1
-4
2
-2
-11
-6
5
-1
-6
-1
-2
1
7
-1
-4
7
7
0
4
3
-4
2
6
-4
-4
4
-1
-5
4
0
-9
0
6
-5
-5
7
0
-7
3
7
-5
-2
14
0
-12
3
12
-4
-9
2
2
2
-2
-6
0
7
0
-10
1
5
-4
-4
5
2
-5
0
5
0
0
5
0
-1
3
3
0
-2
-1
3
5
-3
-6
0
3
-4
-9
-3
1
0
-2
-3
1
5
0
-1
2
2
0
-1
0
0
2
2
2
-1
-3
2
7
-1
-6
5
7
0
1
2
0
4
0
-6
1
10
0
-7
3
6
1
-2
-3
0
2
-2
-3
-3
-3
-3
-3
-1
-6
-8
-2
-1
-5
-5
-2
-1
1
0
-3
-1
1
1
1
3
6
5
4
3
3
8
6
1
2
7
5
0
2
1
1
2
0
0
0
0
-3
-3
1
-2
-6
-1
1
-2
-3
-1
-1
-1
-3
-5
-3
0
-2
0
0
0
0
0
0
0
1
0
0
0
2
2
2
4
2
1
2
0
0
1
1
0
0
0
0
0
0
0
0
0
-2
-2
-1
0
0
-1
-2
-1
-3
-1
-1
0
1
0
1
0
0
0
1
0
0
1
1
2
0
0
0
3
0
0
0
1
0
-1
-1
0
1
-1
-2
-2
0
0
0
1
0
-2
0
0
0
0
-1
0
0
0
0
0
0
0
1
1
1
0
-1
1
1
0
1
0
0
0
0
0
0
0
1
0
1
0
0
2
-2
0
0
-1
0
0
0
-1
0
0
0
0
-1
-1
-1
0
0
0
0
0
0
-1
1
0
0
0
1
1
0
0
1
1
0
0
0
0
1
0
0
1
0
0
-2
0
0
-2
0
1
0
0
0
0
2
-1
-2
0
0
0
0
0
0
-1
0
0
0
0
-1
-1
0
1
1
0
2
2
0
-1
3
1
-1
0
-1
-1
0
0
0
0
0
0
0
0
0
0
2
0
0
0
-1
2
1
2
0
-1
-1
-1
0
0
0
0
0
0
-1
0
0
-1
-2
-2
0
0
0
0
0
0
0
0
0
1
0
0
0
2
2
0
0
1
1
1
0
-2
-1
0
2
1
-1
-1
0
-1
0
0
0
0
-2
0
1
0
-1
-1
0
2
0
0
0
0
0
0
0
0
0
0
0
0
1
0
0
0
1
0
3
0
-2
1
-1
0
1
0
0
0
0
0
0
0
1
0
0
0
0
0
-1
0
0
0
0
0
0
0
0
0
0
0
0
0
0
-1
0
2
0
0
0
0
0
0
1
0
-2
-1
0
0
1
1
0
0
0
0
0
0
2
1
0
0
0
0
0
0
0
0
0
0
0
-2
0
0
0
0
1
0
-3
0
1
0
-1
0
0
-2
0
1
0
0
0
0
0
2
0
0
0
0
0
0
1
3
0
0
1
0
0
0
0
0
-1
0
0
0
0
-1
0
-1
0
0
-1
0
0
-2
0
1
0
2
0
-1
0
0
0
1
1
2
0
0
0
0
0
0
-1
0
1
0
-1
0
-3
-1
0
0
1
0
1
0
1
3
0
-1
0
0
0
0
0
0
0
0
-1
0
0
0
0
-1
0
0
0
-1
-2
-1
0
0
0
0
0
0
0
0
0
0
0
0
0
0
0
0
-1
0
1
1
1
0
0
0
1
1
0
0
1
2
1
1
0
-1
0
1
1
0
0
-2
-1
-2
-2
-2
-2
-3
-3
-3
-3
-3
-3
-2
0
0
-1
-1
3
3
4
6
5
7
7
7
5
5
4
3
3
-2
-1
-3
-5
-6
-5
-5
-9
-8
-8
-7
-4
-2
-3
-1
0
0
2
3
4
5
3
4
4
4
3
3
1
2
4
0
0
0
-1
0
-1
0
-1
0
-2
-3
0
0
-1
0
0
0
0
0
1
2
0
-1
0
0
-3
-2
-1
-4
-2
-2
0
0
-2
0
1
0
0
1
2
2
2
2
2
2
0
0
0
0
0
0
0
-1
0
0
0
-3
-4
0
0
-2
0
0
-1
0
0
0
0
1
1
1
1
2
0
0
1
0
0
-1
-1
0
0
0
0
-1
0
0
0
-1
0
0
0
0
1
-1
0
0
-1
0
0
0
0
-1
0
0
0
0
0
-1
0
0
0
2
0
0
-1
0
1
0
0
0
2
2
2
0
0
0
1
0
0
-1
0
0
0
0
1
-1
-1
0
0
0
0
-1
0
0
0
-1
0
0
0
0
0
2
0
0
3
1
0
0
0
0
0
0
0
-2
0
1
0
0
0
0
0
0
1
-2
-1
0
-1
0
0
0
-2
-1
1
0
-1
0
0
0
0
1
0
0
0
0
2
0
0
-1
1
0
0
1
0
-1
0
0
0
1
-1
-1
0
0
0
0
0
-1
0
0
0
0
-1
0
0
0
0
0
-1
0
0
1
0
1
0
0
1
0
0
0
2
1
0
0
1
0
-1
1
1
0
0
-1
0
-1
0
-1
-2
-1
-1
0
0
-1
0
2
0
0
1
0
0
0
1
0
0
2
0
0
0
0
0
0
0
0
2
0
0
0
0
0
0
0
-1
0
0
0
0
0
0
0
-2
-1
0
0
-1
0
-1
-1
0
-1
0
-1
-1
-1
0
0
0
1
1
2
2
1
1
0
0
3
1
-1
1
1
-2
0
1
0
0
1
0
0
0
-1
0
2
0
-2
0
-1
0
0
-3
0
-2
-1
-2
-2
0
-1
0
-1
-3
-2
0
0
0
1
1
0
2
0
0
0
0
3
2
0
0
2
1
0
0
1
1
0
0
0
-1
0
0
0
0
-2
-1
-1
-1
-1
-2
-2
-2
-1
0
-1
0
0
0
0
0
0
0
0
1
0
1
2
1
0
1
1
1
0
0
2
2
1
0
0
1
1
-1
0
1
0
0
-1
0
-1
-2
-2
-1
0
-2
-2
-1
0
-1
-2
-2
0
-1
-2
0
0
0
0
1
1
0
0
0
1
2
0
1
0
2
0
0
2
1
0
0
0
0
0
0
-1
1
0
-2
0
-1
0
-1
-1
-1
-2
-2
0
-2
0
1
0
0
0
0
2
1
0
2
0
1
1
0
0
2
0
1
2
1
0
0
0
-1
-1
-1
-1
-1
-1
-4
-2
-2
-3
0
-1
-1
0
0
0
1
0
1
1
1
2
1
2
0
0
1
0
0
1
1
-1
0
0
0
0
-2
0
1
0
0
0
1
3
1
1
1
2
1
0
0
1
0
0
0
0
0
-2
-2
-2
-1
-2
-1
-1
-1
-1
0
0
-1
0
-1
1
1
0
1
-1
0
1
0
0
-1
0
2
0
1
0
0
0
0
1
0
0
1
0
0
1
0
-1
0
0
-1
0
0
0
-3
-1
1
-1
0
-1
0
0
0
0
0
0
0
0
0
0
0
0
0
1
0
1
1
2
0
0
-1
0
1
0
-1
-2
0
0
0
0
0
0
0
0
-1
0
1
0
0
0
1
2
0
0
0
1
0
-1
-1
-1
0
0
0
0
-1
0
0
-1
0
0
-1
-2
0
0
0
0
0
0
1
0
0
0
0
0
0
0
0
0
0
0
0
0
0
0
0
0
0
0
0
0
0
1
0
-2
0
1
0
0
-1
0
0
0
0
-1
0
0
0
1
0
-1
-1
0
1
0
0
0
1
0
0
0
1
1
0
-1
1
0
-1
0
0
0
0
-1
0
0
0
-1
-1
0
0
0
0
0
1
0
0
0
0
-1
0
0
0
1
0
0
0
0
0
0
0
0
0
0
0
1
0
0
0
1
0
0
0
0
0
0
0
-1
-1
0
-2
-2
-1
-1
-1
-1
0
0
1
0
0
0
0
1
0
-1
0
0
1
0
-1
0
0
0
0
1
0
0
1
0
0
1
0
0
0
0
1
0
0
0
0
0
-1
0
-2
0
0
0
-2
-1
0
0
-1
0
0
0
0
1
-1
-1
1
2
1
1
0
0
0
0
1
0
0
-1
0
0
0
1
-1
-1
0
0
0
-1
0
1
-1
0
1
1
0
0
0
-1
0
2
-1
0
0
-1
-1
0
0
0
0
0
-1
0
0
0
1
-1
0
0
0
0
1
0
0
-1
0
0
0
-1
-1
0
0
0
0
-1
-2
0
1
0
-1
0
1
0
0
1
0
0
1
0
0
1
-1
-1
-1
0
1
1
0
-3
0
0
0
0
1
0
0
-1
0
1
0
0
-1
-1
0
0
0
0
-1
0
-1
1
0
0
0
0
0
0
1
1
0
-1
0
0
1
-1
0
1
0
-1
0
0
0
-1
0
0
0
0
0
0
0
0
0
1
0
0
0
1
0
0
1
0
0
0
0
0
0
0
0
-1
-1
-1
0
0
0
0
0
2
0
0
1
0
0
0
1
0
0
0
0
0
1
0
0
0
1
0
-1
-1
0
0
0
0
-2
-2
0
0
0
0
-1
-1
0
0
1
-1
-1
3
2
0
-1
0
1
0
0
0
1
2
0
0
0
0
0
0
1
-1
-2
0
0
0
-1
0
0
0
0
-1
0
1
0
0
-1
-2
0
-1
0
0
0
0
0
0
0
0
-1
-1
1
0
0
0
0
0
0
-1
2
1
0
0
0
0
2
0
0
0
0
0
0
0
0
0
0
0
0
0
-1
-1
0
0
0
-2
0
0
0
1
0
0
0
-1
0
0
0
1
0
0
1
0
-1
0
-1
0
2
1
0
0
0
-1
0
0
-1
0
0
0
1
0
0
0
0
-2
-1
0
1
0
0
0
0
0
0
0
-1
0
0
0
0
0
0
-2
0
2
0
-1
0
0
1
1
0
0
0
0
1
0
0
0
0
-1
0
0
0
-1
1
0
0
0
1
1
-2
-2
1
1
0
1
0
0
0
0
0
0
0
-1
-2
1
1
0
0
0
-1
-2
0
2
0
-1
1
1
0
0
-1
0
-1
0
2
1
1
0
0
-1
0
1
-1
0
0
-1
0
0
0
0
0
0
-1
0
0
0
0
-1
1
2
0
-1
0
0
1
0
1
0
0
0
-1
0
0
0
-1
-2
0
0
2
0
0
0
0
0
2
0
0
0
-1
0
0
0
0
1
0
0
0
-2
0
0
-1
0
-1
0
1
-1
0
-1
2
1
0
0
0
1
1
0
-1
1
0
0
-1
0
1
1
-1
0
0
0
2
0
0
1
0
1
0
-2
0
0
1
1
0
0
-1
0
-2
-1
0
1
0
-1
-1
-2
-1
-1
0
-1
1
1
0
0
0
1
0
0
0
0
0
1
1
2
1
0
1
0
0
1
0
-1
1
0
-1
-2
0
1
0
0
0
0
0
-1
1
0
-1
1
0
-2
-1
0
1
0
0
0
0
0
0
-1
1
1
0
-1
0
0
1
0
1
1
0
1
0
0
0
0
1
0
-1
0
0
1
0
0
0
-1
0
0
0
0
2
0
-3
0
1
0
0
-1
-1
0
2
-1
0
0
-1
0
0
-1
-1
0
0
0
0
0
0
0
0
0
0
2
1
0
0
-1
0
0
0
0
1
1
0
1
0
-1
0
0
0
0
1
0
-1
0
0
0
0
1
0
0
-1
-1
0
0
0
0
-2
0
0
0
0
0
0
0
0
1
0
0
1
0
0
0
0
1
0
0
0
0
0
0
1
0
-1
-1
0
1
1
0
-2
-1
-1
0
0
-1
-1
0
-1
-1
-1
0
0
0
0
0
-1
0
1
1
2
2
0
0
0
2
1
1
1
-1
-1
-1
0
0
-1
0
-1
-2
0
0
-2
-3
-1
0
0
0
0
0
1
2
2
3
1
0
1
0
0
0
0
-1
0
-1
0
0
-3
-4
-2
-2
-3
-2
-4
-2
1
0
1
1
1
3
4
2
2
2
3
1
0
0
0
0
1
0
0
0
-1
-2
-1
0
0
-1
-1
-1
-1
-1
0
0
0
2
0
0
1
-2
0
0
0
1
0
0
-1
-3
-1
-1
-1
0
0
1
1
1
0
1
0
0
0
1
1
1
0
0
-1
0
0
-1
0
0
0
0
0
0
-2
0
-2
0
0
-1
0
1
1
0
-2
1
3
0
0
0
0
-1
-1
-1
0
0
0
1
2
1
-1
-1
1
0
0
0
2
3
1
0
0
0
-2
1
0
0
0
0
0
-1
0
-2
-1
-1
-1
0
-1
1
0
1
0
-2
0
0
0
0
0
2
-1
0
1
0
-1
0
0
-1
0
0
-1
0
0
0
1
1
0
0
0
0
-1
0
0
0
1
0
1
0
-1
0
-1
1
1
0
0
0
0
1
0
-1
0
-1
1
-1
0
-1
0
0
-1
3
0
1
0
-2
0
1
2
-1
1
0
1
0
-2
1
0
1
0
-1
0
0
-1
-2
0
1
0
0
-1
0
0
-3
1
0
0
0
0
-1
-1
1
0
2
0
-1
2
1
0
0
1
0
1
1
2
3
0
0
0
0
-1
0
0
0
-1
-1
-2
-4
-3
-1
-2
-1
0
0
0
0
1
0
0
-1
-1
1
0
0
1
3
0
0
1
-2
0
1
1
1
1
0
1
2
1
0
-1
1
2
0
0
0
0
1
1
1
-3
-2
0
-1
-2
-2
-1
0
-1
-3
-1
0
0
1
0
-1
0
0
0
1
1
1
0
1
1
0
2
1
-1
-2
0
-1
0
-1
-1
0
0
0
0
0
0
0
1
3
3
3
4
3
4
3
3
1
0
1
0
-2
-2
-2
-3
-3
-3
-5
-5
-5
-4
-4
-4
-5
-5
-1
0
-2
-1
0
2
1
2
4
3
3
4
4
5
5
3
2
2
3
3
0
-1
-1
-2
-1
-3
-3
-3
-2
-4
-3
-2
-2
0
-2
-1
-2
-1
1
0
0
0
4
5
9
8
7
8
6
8
6
5
2
0
0
-2
-7
-8
-8
-11
-12
-12
-10
-7
-9
-8
-7
-4
0
0
0
3
4
8
10
10
7
9
9
8
7
4
4
4
3
2
2
0
0
0
-2
-2
-3
-2
-2
-5
-3
-3
-3
-2
-2
-3
0
0
-2
0
0
-2
-3
-1
-4
-5
-3
-4
-3
-4
-4
-4
-4
-2
0
0
1
3
4
6
6
5
7
6
4
5
5
4
2
2
1
0
1
0
0
0
0
1
0
0
1
0
0
-2
-3
-1
0
-3
-3
0
-2
-1
0
-2
-1
0
0
-1
-4
-3
0
-1
-3
-3
-3
-1
0
-2
0
2
2
3
2
3
4
5
4
3
2
1
1
0
0
0
0
-1
-1
-1
-1
-1
-1
-2
-1
0
-1
0
0
0
0
0
-1
0
2
0
0
1
0
0
-1
-1
0
0
-1
0
0
-1
0
0
0
0
1
3
1
0
0
0
1
1
1
0
0
0
0
0
-1
0
0
-1
0
0
-1
-2
-1
0
0
0
-1
0
1
0
0
0
0
1
0
0
1
-1
0
0
1
0
-1
-2
0
0
0
0
1
0
1
0
0
0
0
1
2
1
-1
0
1
0
0
3
0
-3
0
-1
0
1
0
1
0
0
-1
0
0
-1
-2
-1
1
-1
-1
-1
0
0
0
0
1
0
-1
-2
0
1
-1
0
0
1
1
0
0
0
0
1
0
2
1
0
1
2
2
0
-1
0
0
0
-1
-1
-2
0
0
0
-1
-1
-1
0
-1
0
0
-1
0
1
0
0
1
0
0
0
0
0
0
0
0
1
0
0
1
-1
-1
0
0
1
2
0
0
2
0
0
0
1
0
0
0
-1
-1
-1
0
1
0
0
0
0
0
0
0
0
0
1
0
-2
-1
-1
-2
0
1
0
-1
-1
0
0
0
2
0
1
2
0
0
0
0
1
1
0
0
0
0
2
0
-1
1
0
-1
1
0
0
0
0
0
0
1
1
0
0
0
0
0
0
0
-1
-1
0
-2
-2
0
-2
-2
0
-2
-1
-2
-1
0
0
-1
-1
0
0
1
-1
-1
1
1
2
3
2
1
1
1
2
2
0
2
2
1
2
1
0
1
-1
0
0
0
0
0
-1
-1
0
-1
-2
-1
-1
-1
-1
0
0
-2
-1
-2
0
0
-1
0
0
0
-1
1
0
0
4
1
0
3
1
0
0
0
1
2
0
0
1
-1
0
1
0
-1
0
-1
0
0
0
0
-1
0
-1
0
-1
-1
0
-1
0
0
1
1
0
0
0
0
1
0
0
0
0
1
3
0
0
1
1
1
0
0
1
-1
0
0
0
0
-1
-1
0
0
0
0
-1
-1
-1
0
-1
0
0
-1
-1
0
0
0
0
0
0
0
1
1
0
0
0
1
1
1
0
0
0
0
0
0
0
0
0
0
-1
-1
0
0
0
0
0
0
1
0
-1
0
0
0
1
2
-1
0
0
0
0
0
-1
-1
-1
-1
0
0
0
0
1
2
0
0
-1
0
0
1
0
2
0
0
-1
0
1
0
-1
0
1
1
0
0
1
0
0
0
0
0
0
0
2
0
-1
-1
0
0
0
0
0
0
0
-1
0
0
0
-1
-1
0
1
0
0
-1
0
0
-1
1
1
0
0
0
0
0
0
-1
0
0
0
0
0
0
0
0
0
1
0
0
0
1
0
0
0
0
0
0
0
0
0
-1
0
0
-1
0
0
0
1
0
0
0
2
0
0
0
0
0
0
0
0
0
1
0
1
0
0
-1
-1
0
0
-1
0
-1
-2
-1
-1
-1
0
0
-2
-2
-1
0
0
0
0
0
0
0
0
0
0
0
0
2
2
0
2
3
2
3
1
0
2
0
1
0
0
0
0
0
0
0
0
-1
0
0
0
0
-2
0
0
0
-1
-1
0
-2
-1
-1
0
0
0
0
-1
-1
0
-1
0
0
-1
0
1
0
0
1
2
1
0
1
2
1
1
1
0
0
0
1
1
-1
0
-1
-1
0
0
0
0
0
-1
-1
-2
0
0
0
-1
0
0
-2
-1
0
0
1
0
0
1
0
0
1
2
0
1
0
0
1
1
1
0
0
1
1
0
0
0
0
0
0
0
-1
0
-1
0
0
0
0
0
0
0
0
0
1
0
0
0
0
0
-2
0
0
0
0
0
0
-1
1
0
1
-1
-1
1
0
0
0
0
0
0
0
0
1
0
0
0
0
0
1
1
0
0
1
0
0
0
1
-2
0
0
-1
0
0
0
-1
0
0
-1
0
0
1
1
0
0
0
0
1
1
0
0
0
0
0
0
0
0
-1
0
0
-3
-1
0
0
-2
0
0
0
0
0
0
1
0
0
0
0
1
1
1
0
1
0
1
0
-1
0
0
0
0
-1
0
-1
-1
0
0
0
0
-1
0
0
0
1
-1
-2
-1
0
0
0
0
-1
3
2
0
0
0
0
1
1
1
1
0
0
0
0
0
0
0
-1
0
-1
-1
0
0
0
0
0
0
0
-2
-1
0
-1
-1
-1
0
1
0
0
0
2
2
1
0
0
1
0
0
0
0
0
-1
0
1
0
0
0
0
0
-2
-1
-1
0
1
0
0
0
0
-1
-1
0
-2
0
0
-2
0
0
1
1
1
0
0
0
0
0
-1
0
1
1
1
1
1
2
0
-1
0
2
1
0
0
0
0
-3
0
-1
-2
-1
-1
0
-2
0
0
0
0
-1
-1
1
0
0
0
0
1
0
1
2
0
0
0
0
0
0
0
0
0
1
1
0
-1
0
0
0
0
0
0
0
0
0
0
-1
0
0
0
0
0
2
-1
-1
0
0
0
-2
0
-1
0
0
0
0
0
-1
0
0
-1
0
0
0
0
0
0
0
0
2
1
0
2
0
0
1
0
0
1
0
0
0
0
0
0
1
0
-2
0
0
0
0
-2
-2
0
0
0
0
0
1
0
0
0
0
1
0
0
0
0
0
1
1
-1
1
1
0
0
0
0
-2
-1
2
0
-2
-1
-1
-1
0
0
0
1
0
0
0
-1
0
1
-3
0
2
1
0
0
0
-1
-4
0
4
4
2
0
-3
0
0
-1
2
2
0
-2
0
2
1
0
-2
0
0
2
4
1
2
-3
-5
-2
-1
1
0
0
-1
0
0
1
0
1
0
-4
-2
-2
0
0
0
0
-1
0
-1
1
0
1
0
0
2
1
0
0
0
-1
3
0
0
0
0
-1
1
0
0
-1
0
-1
-1
0
0
0
0
0
0
0
0
0
0
0
0
-2
0
0
-1
1
-1
0
0
-1
0
0
1
1
0
-1
0
-1
0
2
0
1
1
0
1
0
0
2
1
0
0
-1
0
0
0
-1
-1
0
-2
-1
0
-2
0
0
-2
1
0
-2
0
0
-1
0
3
2
0
2
1
1
1
2
2
2
0
0
0
0
1
2
-2
0
0
-1
0
-2
-2
-2
-3
0
-4
-2
-1
-2
-2
-2
-3
-3
-1
-2
0
0
1
1
0
2
1
3
2
0
1
2
2
3
4
2
4
2
2
3
2
1
0
0
0
0
0
0
0
0
-1
-2
-1
0
0
-1
-1
-1
-3
-3
0
-2
-3
-2
0
0
-3
0
0
-1
0
0
0
0
0
2
0
0
0
1
1
1
2
1
1
2
1
1
0
0
2
-1
0
0
0
0
0
0
0
0
-1
-1
-1
-1
-2
-1
-1
-2
-1
-1
0
0
0
1
0
1
1
0
2
1
0
1
1
0
1
-1
0
0
-1
0
0
0
-1
0
0
-1
0
2
0
1
0
0
0
0
0
0
1
0
0
0
-1
-3
-2
1
0
-1
0
0
0
0
0
0
1
2
0
1
1
1
0
1
0
0
2
0
0
0
0
0
-1
0
0
-1
2
0
-1
0
0
1
-1
-1
0
-1
-1
-2
-1
0
0
-1
0
0
-1
1
0
0
0
-1
0
0
0
1
0
0
2
0
0
0
0
2
0
0
0
0
0
0
-1
-1
-1
0
-1
0
0
0
0
-1
0
0
1
1
2
1
-1
1
0
0
0
0
-1
0
0
0
-1
-2
0
0
0
1
0
0
0
1
0
0
0
1
0
0
0
0
0
0
-1
0
0
0
0
-1
0
0
0
0
0
0
0
0
0
0
-1
0
0
0
1
0
0
0
0
0
0
0
0
0
0
1
0
0
-1
-3
0
0
0
0
0
0
0
0
-1
1
2
-2
0
0
1
0
-1
0
0
0
-1
-1
-2
0
1
1
1
0
0
-1
1
0
0
0
0
0
1
-1
-1
0
0
2
1
0
0
0
0
0
0
0
0
0
-1
0
0
0
0
-2
0
0
0
0
0
1
-1
-1
1
0
-1
-1
0
1
-1
0
1
2
0
-2
1
0
-1
1
1
0
-1
0
1
1
0
0
1
0
0
0
-1
0
0
-1
0
0
0
0
0
0
0
0
1
-1
0
-1
0
0
-2
1
0
-1
0
0
0
0
0
0
0
0
0
0
-1
0
0
0
0
0
0
0
0
0
0
0
0
0
0
1
0
0
1
0
0
0
1
0
0
0
0
-1
0
0
0
0
-1
0
-2
0
0
0
0
0
0
0
0
0
-1
0
0
0
1
0
1
1
0
0
0
0
0
1
0
0
0
-1
0
-2
-1
0
0
1
0
0
1
-1
0
1
0
0
0
-1
1
0
0
1
0
0
0
0
0
-1
0
0
0
0
-1
-1
0
0
0
0
0
0
0
0
-1
0
0
0
0
0
1
0
0
0
0
1
-1
0
0
0
0
0
-1
0
0
0
0
0
0
0
1
0
0
0
0
0
-1
1
0
0
0
0
0
0
0
0
0
0
0
0
0
0
0
1
0
0
0
0
0
-1
0
0
-1
0
0
0
0
0
0
0
0
0
0
-1
0
1
1
0
0
0
0
0
1
-1
-1
1
1
0
0
0
1
0
-1
0
-1
-1
-1
0
1
0
-1
0
0
0
0
0
0
0
1
1
0
1
1
0
1
0
2
2
0
0
0
-1
-1
0
0
-1
0
1
0
0
0
0
0
0
-1
0
0
1
0
0
0
-1
-1
0
0
0
0
0
0
0
0
0
-1
0
0
0
0
0
0
0
0
0
0
0
0
0
-1
0
1
1
0
1
1
0
0
1
0
0
0
0
0
0
-1
0
0
0
-1
-1
0
0
-1
-2
-1
0
0
0
0
-1
-1
0
1
0
1
2
1
0
1
0
0
0
0
0
1
0
0
0
0
0
0
-1
0
0
1
-1
-1
0
0
0
0
0
0
0
0
0
-1
-1
0
0
-1
0
2
1
0
0
0
0
0
0
0
1
0
0
0
-2
0
0
0
1
1
0
-2
0
0
0
0
-1
0
0
-1
0
0
0
-1
-1
0
0
1
1
0
0
0
0
0
0
-1
0
0
0
0
0
0
0
0
0
0
0
1
-1
-1
0
1
1
0
1
1
0
0
0
-2
0
0
0
0
-1
0
0
-1
0
0
0
1
0
-2
0
0
0
0
1
0
0
0
0
0
0
0
0
0
0
0
0
0
-1
0
1
0
0
0
0
1
1
-1
1
0
-1
0
-1
0
0
0
0
-1
1
1
-1
-2
0
0
-1
-1
0
1
0
-2
0
0
0
0
1
1
1
0
-1
-1
0
-1
0
0
0
1
0
0
0
0
1
0
0
0
1
-1
0
0
0
0
0
0
0
1
0
0
0
0
0
1
0
0
0
0
-1
0
0
-2
0
0
0
0
0
0
0
0
0
0
1
1
2
0
1
1
0
-1
0
0
0
-1
-1
-1
0
0
-1
0
0
0
1
0
2
0
0
0
0
0
-1
0
0
0
0
-2
0
1
1
1
0
0
0
1
-1
-1
0
0
0
0
0
0
1
1
1
0
1
0
-1
0
0
0
-1
-1
0
-1
-1
-1
0
0
0
1
0
-1
0
0
1
1
-1
0
0
0
0
0
0
1
-1
0
0
0
0
0
0
1
0
-1
0
1
0
0
-1
0
0
0
0
-2
0
1
0
-1
0
0
0
0
1
0
-1
0
0
1
0
0
0
0
0
0
0
0
0
0
0
0
0
0
0
-1
-1
0
0
0
0
1
1
0
0
0
1
0
0
1
0
-1
-1
0
-1
-1
0
0
0
0
-1
0
0
0
0
0
1
2
0
0
0
0
0
0
0
0
0
0
0
0
-1
0
0
0
0
0
1
0
0
0
0
0
0
0
0
0
0
0
0
0
0
0
0
0
0
-1
0
0
0
-1
0
0
0
0
1
1
0
-1
0
1
0
0
1
1
0
0
-1
-1
0
1
0
0
0
0
0
-1
-1
0
0
0
0
0
0
0
0
0
0
0
0
-1
0
1
1
0
0
0
0
0
-1
0
0
1
-1
0
1
0
0
1
0
0
0
0
0
0
0
0
0
0
1
0
0
-1
0
0
0
0
-1
-2
-1
0
0
0
0
0
-2
-2
0
1
0
0
1
0
1
1
0
0
0
0
0
0
0
1
0
0
0
0
0
0
0
0
0
0
0
-1
-1
0
0
0
0
0
0
0
-1
0
0
0
0
0
0
0
-1
0
0
-1
0
0
0
1
0
0
0
1
1
0
0
1
1
1
0
0
1
-1
-2
-1
-1
0
0
-1
-1
0
-2
-3
-1
-1
-1
0
0
0
1
0
0
0
2
2
0
1
2
1
0
0
0
0
0
0
0
-1
0
0
0
0
0
0
0
2
0
0
1
0
-1
0
0
-1
0
0
-1
-1
0
0
0
1
0
0
0
0
1
1
0
0
0
1
0
0
0
-2
0
-2
-1
0
-1
0
1
2
0
0
0
0
1
1
-2
0
2
0
0
0
0
0
0
-1
0
-2
-2
0
0
0
-1
0
1
0
1
0
-1
0
0
-1
0
1
1
1
2
1
1
0
0
0
0
0
-1
0
0
0
0
0
0
0
2
0
0
0
0
0
0
0
0
0
-1
0
0
-1
1
0
0
0
0
0
0
0
0
0
0
0
0
1
1
0
1
0
0
0
0
0
0
0
0
0
0
0
-1
-1
-1
-2
0
-1
-1
0
-1
0
0
-1
0
1
0
0
0
0
1
0
0
2
0
0
0
0
1
0
-1
-1
0
1
0
0
1
0
0
0
0
0
-1
0
0
0
0
0
0
0
0
0
0
1
0
0
0
0
0
0
0
-2
0
0
0
0
2
0
0
1
1
0
0
0
0
0
-1
0
0
0
-1
-1
0
-1
0
0
0
-1
0
0
-1
0
-1
0
0
0
0
0
0
-1
0
1
0
-1
0
1
0
0
0
1
-2
0
0
0
0
-1
0
0
0
0
-1
1
1
0
0
1
0
0
-1
-1
-1
-2
0
0
0
0
-1
0
1
0
0
0
0
0
0
0
0
0
2
0
0
-1
-1
0
0
0
0
0
1
0
0
0
-1
-1
0
0
2
1
0
0
0
0
0
0
0
0
0
0
-1
-1
0
0
0
0
0
0
0
0
0
0
0
0
0
1
1
0
0
0
0
0
0
1
0
0
-1
0
1
0
0
-1
-1
1
-1
0
1
0
-1
0
0
0
-1
0
0
-1
-1
0
0
0
0
1
0
0
1
0
0
0
0
0
0
0
0
-1
0
0
0
0
0
0
0
-1
-1
0
0
0
0
0
0
0
1
0
1
1
1
0
0
1
0
0
-2
0
0
-1
0
0
-1
-1
0
1
-2
0
1
-1
1
0
0
0
0
0
-2
0
0
0
0
0
0
1
-1
0
0
1
0
-1
0
2
-2
-1
0
0
0
0
0
0
0
1
0
0
0
0
0
0
-1
0
0
0
0
0
0
0
1
1
0
0
0
1
0
1
2
0
-2
-1
2
-2
0
1
-1
-1
-1
0
0
0
0
0
1
0
0
0
0
0
0
0
0
0
0
0
0
0
0
0
0
0
0
0
1
1
1
0
0
2
2
0
0
0
-1
0
0
1
1
0
-1
-1
-1
-3
-1
0
-2
0
0
0
-1
-1
-2
-1
-1
0
1
2
2
2
0
1
3
0
0
1
3
2
0
2
1
0
0
0
-1
0
0
-1
-1
-1
0
0
-1
0
-1
-1
0
-1
-1
0
-2
-2
-1
-1
0
-1
-1
-2
-1
0
1
1
0
1
1
1
0
0
0
0
0
2
2
1
1
1
2
3
2
1
2
2
0
2
2
0
-2
0
0
0
-1
-2
-2
0
-1
0
-2
-2
0
0
0
-1
0
0
0
0
1
0
0
0
-1
0
0
0
-2
0
0
0
0
0
-1
1
2
0
0
0
0
1
1
1
1
0
0
1
0
0
0
0
-1
0
0
-2
-1
0
0
0
-1
0
0
0
-1
-1
0
0
2
0
-1
1
1
0
0
0
0
1
-1
0
1
0
0
2
-1
-1
0
-1
0
0
0
0
1
1
0
1
0
-1
1
-1
0
0
0
0
0
0
0
0
0
1
0
0
1
0
0
0
-1
0
0
1
0
0
-1
0
0
0
0
-1
0
0
0
0
-1
-1
0
0
1
0
0
0
0
1
1
1
0
0
0
0
0
-1
0
0
0
-1
0
-2
-1
-1
1
0
0
2
0
0
0
0
0
0
0
-1
0
0
0
0
0
0
1
0
0
-1
0
0
0
1
1
0
1
0
0
0
0
0
0
0
0
0
0
0
0
-1
0
0
0
0
0
0
0
0
0
0
0
0
0
0
0
0
0
1
0
0
0
0
0
0
0
1
0
-1
-1
-2
0
0
-1
0
0
0
0
0
0
0
0
0
1
0
1
2
0
0
0
0
0
0
0
0
0
1
0
0
0
0
0
0
0
0
0
0
0
-1
-1
0
-1
0
-1
0
2
0
0
0
1
0
-1
0
0
0
1
0
0
0
0
0
0
1
1
0
0
0
0
-1
-1
0
0
0
-1
0
2
1
0
-1
-1
-2
-1
0
1
2
0
0
0
0
0
0
0
0
-1
-1
0
0
0
0
1
1
0
0
-1
0
0
-2
1
0
2
0
0
1
-1
-2
0
1
0
1
1
0
1
1
1
0
-1
-1
-4
-1
-2
-1
3
1
3
1
-2
-1
-1
-5
-1
1
-1
6
-1
-5
4
-2
0
4
0
2
0
0
0
0
1
-1
-1
0
-2
2
2
-2
-1
0
0
-1
4
-1
-1
1
-4
0
5
2
4
0
-3
-5
-3
-1
-6
0
1
-1
4
1
0
4
0
0
0
-2
-2
0
-2
0
3
0
2
3
2
-1
-3
-2
