0
0
0
0
0
0
0
0
0
0
0
0
0
0
0
0
0
0
0
0
0
0
0
0
0
0
0
0
0
0
0
0
0
0
0
0
0
0
0
0
0
0
0
0
0
0
0
0
0
0
0
0
0
0
0
0
0
0
0
0
0
0
0
0
0
0
0
0
0
0
0
0
0
0
0
0
0
0
0
0
0
0
0
0
0
0
0
0
0
0
0
0
0
0
0
0
0
0
0
0
0
0
0
0
0
0
0
0
0
0
0
0
0
0
0
0
0
0
0
0
0
0
0
0
0
0
0
0
0
0
0
0
0
0
0
0
0
0
0
0
0
0
0
0
0
0
0
0
0
0
0
0
0
0
0
0
0
0
0
0
0
0
0
0
0
0
0
0
0
0
0
0
0
0
0
0
0
0
0
0
0
0
0
0
0
0
0
0
0
0
0
0
0
0
0
0
0
0
0
0
0
0
0
0
0
0
0
0
0
0
0
0
0
0
0
0
0
0
0
0
0
0
0
0
0
0
0
0
0
0
0
0
0
0
0
0
0
0
0
0
0
0
0
0
0
0
0
0
0
0
0
0
0
0
0
0
0
0
0
0
0
0
0
0
0
0
0
0
0
0
0
0
0
0
0
0
0
0
0
0
0
0
0
0
0
0
0
0
0
0
0
0
0
0
0
0
0
0
0
0
0
0
0
0
0
0
0
0
0
0
0
0
0
0
0
0
0
0
0
0
0
0
0
0
0
0
0
0
0
0
0
0
0
0
0
0
0
0
0
0
0
0
0
0
0
0
0
0
0
0
0
0
0
0
0
0
0
0
0
0
0
0
0
0
0
0
0
0
0
0
0
0
0
0
0
0
0
0
0
0
0
0
0
0
0
1
-1
0
0
0
2
2
1
4
0
0
0
-2
1
1
-1
1
-3
-3
-1
-1
2
0
0
0
2
1
0
-2
-5
-4
0
0
5
2
0
2
1
3
2
-2
0
-1
-5
-2
-2
-1
-1
-1
0
0
-2
0
3
0
0
1
-3
-2
1
0
3
0
2
4
-1
-1
0
4
0
0
-1
-2
2
0
-2
0
0
-1
0
0
2
0
0
1
0
0
-3
0
1
-1
0
-2
-2
1
2
0
1
0
-2
0
-1
0
1
1
-1
0
1
3
1
1
1
0
0
0
0
-1
-1
0
-2
-3
1
1
-2
4
-2
-5
5
-2
-2
4
0
-4
2
0
-4
6
1
-4
2
1
-6
0
1
-4
2
3
1
0
2
5
1
1
4
1
1
1
-5
-1
-4
-4
-1
1
0
-3
1
0
-4
-1
0
-6
-4
0
0
-1
0
0
-1
0
2
0
0
4
2
2
2
0
-2
-5
-1
2
-1
-1
0
2
3
3
0
1
7
3
0
1
1
2
3
2
0
-3
1
1
-1
0
0
-1
-1
-6
-4
1
-4
-4
-2
-1
-2
-4
-7
-2
3
-4
-6
1
-1
-2
-1
-1
3
2
1
4
2
-1
0
2
3
2
3
2
-1
0
-2
1
4
3
6
3
0
0
-3
-1
-2
-3
0
-1
-2
-5
-1
0
0
0
0
0
-1
-4
-5
4
0
-6
-3
1
4
0
-2
0
4
2
-1
0
0
4
4
-3
1
5
0
2
0
0
0
-4
1
-2
0
3
-1
5
1
-6
-1
4
0
-6
1
0
-5
3
0
-3
4
5
-5
-4
3
-4
-3
1
-3
0
0
1
2
3
0
-4
5
5
-3
0
4
-3
-6
3
1
0
4
0
-5
2
0
-3
-1
0
2
1
-1
-4
-4
1
-3
-1
5
0
-4
0
-1
0
6
0
-4
0
0
0
3
2
-3
0
6
0
2
-1
-3
1
0
-2
-2
1
0
1
0
-1
-2
0
0
-1
1
0
0
1
-1
-2
-1
-1
-1
0
0
0
-1
1
1
0
0
0
0
3
4
0
0
-1
-1
2
-1
-2
1
-1
0
2
0
1
0
2
0
-2
0
0
4
-3
-3
0
0
0
1
4
-2
-2
0
-4
1
-2
-1
4
-1
0
3
1
2
-4
-7
1
6
0
0
5
-3
0
3
-6
-1
4
-1
-3
3
3
0
1
0
0
0
-1
0
4
3
-1
-3
-1
0
0
1
-2
1
0
-4
2
-2
-4
4
0
-1
1
0
-4
0
4
0
2
-1
-5
4
1
0
0
-1
-3
1
0
0
1
1
0
0
-3
-5
0
0
0
0
0
0
2
2
1
2
1
0
-1
0
2
-1
3
3
-5
0
1
-5
-3
0
2
1
4
1
-2
0
2
-1
2
1
-4
1
0
-6
-2
3
0
-1
1
-4
-2
2
1
0
0
-1
2
3
-3
0
2
0
3
4
0
0
2
-3
-2
-2
-4
5
3
-2
0
-1
-1
5
0
-2
1
-6
-4
4
1
-2
5
-7
0
14
-9
-5
9
-17
1
22
-10
-7
6
-4
-8
0
10
7
-1
-6
-2
-6
4
1
5
30
-17
-27
13
0
3
30
-17
-25
13
-5
15
19
-11
-6
-25
6
25
-9
-6
-24
6
49
-10
-25
3
-23
-10
30
9
-4
-16
-23
15
32
26
-6
-61
-22
19
-54
256
206
-530
-173
322
-122
152
336
-341
-223
268
125
-218
-93
12
51
69
28
124
-169
-101
38
16
107
124
-163
-160
205
-31
-207
145
104
-122
39
30
2
-22
19
23
-109
-16
77
-2
6
103
-74
-110
39
-42
75
116
-120
-21
148
-87
-110
84
13
55
12
-94
-23
22
-44
7
117
-11
-49
-5
-2
18
-32
-49
41
49
11
-48
16
16
-39
21
-41
8
11
-39
79
64
-54
-19
19
-11
-28
-5
5
-5
3
7
43
0
-47
1
5
16
-29
-7
64
-13
-34
15
-17
-26
18
15
22
-17
-42
0
23
30
0
-19
4
9
0
-2
-6
-2
-23
-23
25
8
-20
25
22
3
4
-15
-11
-11
-9
-2
18
26
1
-4
8
16
-25
-16
4
3
-8
-3
13
-4
-16
4
11
-2
-2
3
-3
5
6
-18
-9
5
2
8
19
5
-14
-14
-7
1
9
2
-4
2
5
-13
-8
5
19
17
-22
2
23
-33
-25
20
6
-15
16
28
-12
-9
2
4
-1
-4
2
-16
-4
10
-18
-10
30
-5
-26
34
25
-29
4
28
-40
-9
37
-13
-3
11
-3
-4
9
-1
-13
12
-13
-21
4
8
4
-3
-1
-2
4
11
-5
4
26
-4
-10
6
-16
2
13
-19
-9
25
-7
-25
31
-4
-20
23
-6
-10
4
0
-6
6
7
-14
-3
6
-5
-1
19
9
-11
-14
3
1
-4
12
-1
-13
20
1
-14
13
-2
-2
1
-9
6
8
-2
-5
-3
0
2
1
-5
-1
12
-7
-9
5
0
5
1
-13
-1
10
-4
-4
5
0
0
0
0
6
5
-6
1
3
-15
12
15
-18
4
-4
-15
16
5
-8
12
-10
-3
27
-28
-10
34
-16
-11
22
-12
-7
20
-15
-13
13
-17
-2
13
0
0
1
0
3
-2
-12
10
8
-3
-1
8
0
-15
5
8
-15
-1
20
-2
-16
3
11
-8
-2
4
0
4
0
10
-2
-13
5
7
1
-2
-2
1
2
-5
-3
4
-5
-4
-2
6
2
-11
3
4
-7
1
11
-4
-8
9
0
3
3
-11
9
10
-7
0
0
-6
4
11
-8
-10
11
0
-11
-1
10
-7
-10
16
-1
-10
1
8
-4
-9
12
5
-6
0
8
-2
-3
0
-4
4
-3
-2
5
-2
-3
4
4
-10
0
11
-8
-2
13
-8
-4
12
-7
-7
11
-2
-10
7
3
-3
2
3
-1
-3
3
-1
-9
-1
7
-2
-9
2
8
-3
-4
2
3
-1
-3
0
5
0
0
12
-4
-3
13
3
-6
11
1
-4
8
-1
-4
0
-1
-5
-4
0
-7
-9
-3
-4
-6
-2
-4
-1
-3
-5
0
0
0
3
6
0
3
11
0
0
14
6
1
9
1
0
7
-2
2
5
0
1
-5
-1
-4
0
-1
-7
-2
-2
0
-7
-1
0
0
2
-4
1
0
-2
0
-1
1
1
0
-3
-4
-1
1
0
-5
0
3
0
-1
0
1
0
3
0
0
3
0
1
2
0
5
3
0
3
0
0
4
-3
2
5
-4
0
1
-6
-2
1
-8
2
-2
-6
5
-1
0
0
-1
0
5
-1
-2
10
-3
-4
9
1
1
-2
-14
2
19
6
-5
-10
-10
4
24
8
-11
-12
-16
9
21
0
-10
-8
-13
3
24
-5
-21
-3
-9
8
23
-13
-19
7
2
3
18
-2
-17
9
7
-10
5
12
-6
0
3
-15
9
21
-20
-5
8
-14
13
14
-11
-5
0
-3
-2
6
5
0
6
-15
-16
19
8
-4
9
-14
-19
17
1
-9
12
-7
-16
13
8
-9
4
-6
-8
21
1
-13
5
-7
-3
12
-3
-1
2
0
2
4
-1
-9
7
6
-1
6
-5
-13
-1
9
13
0
-7
-3
-6
0
12
0
-8
-2
-4
4
16
-8
-11
0
-5
11
10
-10
-6
-5
0
17
0
-9
2
-4
1
7
-7
-1
3
-7
9
0
-10
6
-4
-5
13
-4
-5
10
-8
0
7
-9
6
11
-12
-2
5
-4
5
3
-11
-2
0
4
10
4
-4
-8
-11
6
13
2
-2
-6
-3
5
3
0
-4
-8
4
6
-4
-6
-4
1
5
5
-4
-5
-1
3
7
0
-8
-3
3
10
4
-2
-1
0
-2
0
3
-1
2
3
-6
-4
-1
-2
6
6
3
-1
-10
-10
-1
10
13
5
-2
-11
-5
-3
2
6
-5
0
2
-2
0
-4
-1
0
2
5
-2
0
3
1
5
0
-12
-1
4
-2
7
6
-8
-6
2
-9
-6
11
0
3
14
-3
-1
4
-5
-1
1
-6
4
5
-5
-2
-5
-7
3
1
0
7
0
-2
0
-7
0
7
1
2
1
-1
-1
4
1
-1
0
-3
-4
-6
0
0
1
4
3
1
0
0
-5
0
4
6
-2
-2
5
-4
-2
6
-1
-3
5
-1
-3
6
-4
-5
7
-2
-6
5
-1
-6
1
1
0
3
0
-1
-2
-1
1
0
2
3
-2
-2
3
-4
-3
6
2
0
-1
-3
0
4
-1
2
3
-6
7
0
-6
8
0
-9
6
0
-6
7
-3
-3
4
-4
1
-1
2
1
-6
3
-1
-5
10
0
-8
8
-1
-5
5
-1
-3
2
3
0
-3
2
1
-3
3
0
-5
3
0
0
0
0
0
1
1
-6
2
1
-3
4
-2
-1
2
0
-2
0
2
0
0
2
0
0
0
2
-3
1
0
-3
4
-1
-2
1
0
0
-1
-3
-1
1
3
0
-4
0
0
2
4
-1
0
0
-2
-1
-2
-4
0
1
3
1
0
2
-2
2
7
-1
0
-2
-8
0
0
-3
-1
0
0
0
2
1
-2
0
0
2
0
-2
0
0
3
2
0
-3
-2
0
1
1
0
-1
1
2
0
-3
-1
0
0
3
0
-3
0
0
1
-1
0
0
-2
0
0
0
1
2
3
3
-1
-2
-3
-1
0
1
-1
-1
-1
0
1
0
2
0
0
-4
-4
-2
0
3
4
4
0
-1
1
0
1
3
1
0
0
0
3
3
1
0
1
0
0
1
0
-1
-1
0
0
-2
-2
-1
-3
-5
0
-2
-2
3
-4
2
2
-4
0
0
0
3
0
0
-1
-1
3
3
-3
0
0
1
5
-1
2
-2
-4
3
0
0
1
1
-2
-1
-2
-2
1
0
-2
0
0
1
3
-1
-3
1
3
0
0
0
-1
2
-1
-3
5
-4
-1
5
-4
-1
0
0
-3
-2
-1
0
0
-2
2
1
-3
1
2
-1
5
3
0
0
3
4
0
0
-2
1
0
-5
0
0
0
0
0
2
0
0
1
0
-2
2
3
-2
0
0
-1
-1
-1
0
-5
-2
4
-1
0
0
-1
2
-1
-2
1
0
-1
0
0
0
-3
6
0
-2
4
0
0
1
-4
1
2
-1
1
0
2
2
0
3
-1
-2
2
-1
0
0
0
-1
-1
1
0
-2
-1
2
0
-2
0
1
0
-1
-1
1
0
0
0
-1
2
0
-4
3
0
-3
0
0
-1
0
2
-1
1
4
-1
-2
3
2
2
0
-2
1
0
1
0
-1
-1
-2
0
1
-1
0
0
-3
-2
0
0
1
-1
0
1
2
2
-1
-1
2
1
0
2
2
1
-2
0
0
1
5
4
-5
0
2
-4
-2
-3
-4
0
-3
-2
1
1
-4
-4
5
-2
4
4
-3
5
-2
-1
4
0
-2
-1
0
-2
0
2
-1
1
3
-2
-2
4
0
0
3
-3
-7
2
7
-6
1
8
-11
5
7
-11
4
11
-12
0
13
-12
-7
11
-1
-10
10
1
-15
8
3
-15
14
9
-21
7
8
-16
7
3
-10
10
0
-6
4
-4
2
4
-7
0
5
-9
5
8
-10
2
11
-14
0
18
-12
-3
10
-5
-8
10
1
-10
15
2
-9
5
-3
-3
5
1
-13
5
8
-20
6
4
-9
12
-2
-16
8
1
-9
12
0
-6
19
-6
-17
16
3
-12
11
0
-6
15
-3
-11
17
2
-13
-2
11
-1
-4
-5
-4
9
0
-8
-1
7
1
-8
2
4
-2
0
0
0
1
6
-8
-8
9
1
0
-10
7
3
-18
16
0
-21
26
-1
-25
24
2
-19
16
0
-8
18
-3
-6
5
-1
7
-14
-3
17
-16
1
11
-18
2
8
-8
-5
5
-1
1
2
-8
2
5
-5
-1
-2
0
-2
4
6
-6
0
8
-3
-4
2
7
-7
-5
14
3
-6
4
-2
1
1
-5
15
-1
-18
18
-2
-13
13
-2
-5
3
-2
0
-5
-4
9
-7
0
6
-6
6
0
-7
6
-4
-1
8
-13
-4
7
-6
-3
12
4
-7
2
-3
-5
9
4
-5
5
-5
-9
13
9
-3
-1
0
-9
0
7
-4
-3
5
-3
-5
13
-2
2
10
-16
1
11
-9
3
4
-11
0
4
-2
-2
3
2
-6
-1
3
-3
4
4
-9
2
1
-4
7
0
-6
3
1
-1
4
0
-1
0
8
-2
-10
6
-5
0
5
-8
2
0
-3
6
0
-4
1
-3
0
4
-4
4
2
-8
8
-1
-3
7
-5
2
2
-6
3
2
-3
3
4
-4
0
3
-6
0
0
-4
1
2
-1
-1
2
-1
0
2
-3
0
3
-3
-1
7
-5
0
6
-11
3
8
-14
6
9
-13
6
3
-15
11
-1
-8
10
-3
0
6
-2
0
4
0
0
-3
0
2
0
3
-1
0
-1
-3
2
-3
0
2
-3
1
0
0
1
-2
-2
2
0
3
1
0
1
-1
3
1
0
0
-3
-1
1
1
0
-2
2
-1
2
4
-4
1
-1
-6
6
-3
-2
6
-9
0
5
-9
4
0
-9
10
-5
-1
10
-12
5
6
-8
6
-1
-8
8
-2
-1
3
-2
0
4
0
0
1
-2
0
0
0
2
-1
-1
1
0
1
2
3
-5
-2
0
-1
3
-1
2
-3
-5
2
0
-4
3
3
-3
-1
-2
4
-1
-2
6
-2
-3
5
1
0
-3
3
3
-3
3
-1
-1
2
-5
3
1
-3
3
-1
0
2
-3
0
0
-2
3
0
-2
1
-1
1
0
-7
0
1
0
0
0
-1
-2
0
3
0
0
2
0
0
-1
-1
1
0
-1
1
1
0
0
-2
0
2
0
0
0
0
-1
3
3
-2
-1
3
1
-3
0
0
0
2
-2
0
2
-3
1
0
-4
1
0
-2
3
3
-3
0
0
-4
0
0
1
0
0
3
-3
0
0
1
0
-2
0
-2
0
0
0
-2
0
2
-1
0
1
1
0
-1
1
0
1
0
0
3
1
-1
0
-1
0
0
-1
-1
0
3
2
0
1
0
0
-4
0
2
0
0
-2
-1
1
0
0
-3
0
2
0
0
1
0
-1
0
0
0
3
0
-1
0
-3
1
1
0
1
-2
0
0
0
-1
-1
1
1
-1
3
1
-3
0
0
0
1
0
0
0
1
1
0
0
0
-3
0
2
2
1
0
0
-3
0
1
-1
1
0
-1
0
0
1
0
1
1
-2
0
0
0
0
-2
-1
-1
-1
0
1
0
0
1
0
1
0
0
2
0
-3
1
2
-2
0
0
0
0
0
2
1
0
0
1
0
-3
0
1
-1
0
0
-1
3
0
0
2
0
-1
0
1
0
0
-1
1
0
-3
1
-2
-1
0
-1
1
0
0
1
1
0
-1
1
-1
-3
2
0
0
4
0
-1
0
1
0
0
1
0
0
0
-3
0
0
0
2
0
0
1
0
0
-1
-2
-4
0
-1
-4
2
1
1
3
1
2
0
0
1
0
-3
-2
0
0
-2
0
1
-1
0
1
2
2
0
0
3
1
-1
0
-1
-1
-1
1
2
0
0
1
0
-1
-1
1
0
0
0
-4
0
-2
-2
3
1
1
-1
0
0
0
0
-1
0
-1
2
5
0
2
0
0
-1
-1
0
1
0
0
0
0
-2
0
0
0
0
0
-2
-2
-1
1
2
0
-2
0
-1
0
2
3
1
0
1
0
0
0
0
0
-2
0
0
-4
0
1
0
0
0
1
-1
1
2
0
0
0
2
-1
0
2
-1
-1
2
0
-2
0
0
-1
-1
0
2
0
0
1
0
0
0
-1
0
0
-1
0
-1
0
0
0
2
-2
-2
1
0
0
2
1
-1
0
0
0
0
0
1
0
-1
0
0
1
0
-2
1
0
-2
2
0
-2
1
0
-1
0
1
3
1
-2
-1
0
0
1
0
0
1
0
0
1
1
0
0
-3
-2
1
0
0
0
-2
-1
0
0
0
1
0
-1
0
0
1
1
0
0
0
0
-1
0
0
0
0
0
-1
0
1
0
0
0
2
0
0
0
-1
1
0
0
0
0
0
-3
-3
0
0
0
0
0
0
1
0
0
1
0
1
0
-1
-1
-1
0
0
3
-1
-2
0
0
1
0
-1
0
0
0
0
0
1
0
-1
-1
0
0
0
0
0
0
1
0
0
0
0
0
0
0
0
-1
0
0
1
1
0
-2
0
1
0
0
0
1
1
0
0
-1
1
0
0
1
1
0
-2
-1
1
0
0
-1
-2
1
0
0
1
-1
0
1
0
-1
0
0
-1
0
0
0
0
-1
0
1
-1
-1
0
-1
0
0
-1
1
0
-3
-1
1
2
-2
0
2
0
0
0
1
0
0
1
1
2
0
-1
0
0
0
2
0
0
0
0
0
-3
-2
1
0
0
0
0
-2
0
0
0
2
1
0
0
0
0
0
0
1
-1
-1
0
-3
-1
1
-1
0
0
0
0
1
0
0
2
0
0
1
1
2
0
-1
1
4
0
0
1
0
0
2
-2
-2
0
0
0
-2
0
0
-2
-1
0
-2
0
-2
-4
0
0
0
0
-1
0
0
0
2
2
0
0
1
1
1
-4
-3
2
0
1
4
1
0
1
2
-1
0
-1
-3
0
1
1
0
-2
-1
0
-3
0
2
0
-2
-2
0
1
1
-1
-1
0
0
0
0
2
1
0
1
0
-1
0
0
0
1
1
0
0
1
0
-3
0
0
1
0
-1
0
0
0
0
0
0
-1
0
0
0
2
1
0
0
2
0
-1
0
0
0
1
1
-1
0
0
0
0
0
-1
0
1
1
2
0
0
1
0
0
0
0
-1
0
0
-1
-1
0
0
0
0
-1
-1
-1
0
0
2
3
0
0
0
1
0
-1
2
-1
0
3
1
2
0
-1
-1
-1
-1
0
1
1
1
0
-4
-2
1
0
0
0
1
0
0
0
0
0
-1
-1
0
1
2
0
4
0
0
0
-1
-1
-1
-2
-3
-1
1
4
0
0
2
0
1
0
1
0
-3
-1
1
0
-1
-2
-1
-2
-1
1
0
1
3
1
0
2
3
0
1
0
-3
-1
0
0
0
1
0
0
0
0
-1
0
-2
0
1
0
1
1
0
2
0
0
0
0
-1
-1
0
0
0
2
0
-3
1
-1
-1
0
0
1
-1
0
0
0
0
0
-1
0
-1
0
2
0
0
2
1
0
3
0
0
1
0
0
0
-1
0
0
-1
-2
0
0
0
0
-2
-3
-3
-2
0
0
0
0
0
1
-1
1
2
0
3
1
0
0
1
1
0
1
1
0
2
0
-3
-2
0
0
0
0
-4
-4
0
1
1
0
1
0
-3
1
0
0
3
1
-1
1
2
-1
0
0
0
1
1
0
0
-2
-1
0
-1
0
0
-2
-1
1
1
3
2
0
0
0
0
0
1
-1
0
0
1
0
-1
-2
0
1
0
0
-1
-1
1
0
0
0
1
4
0
-1
0
0
0
-1
-1
0
0
-4
-1
-1
0
1
-1
2
1
-1
-1
0
2
0
0
1
1
0
0
-1
2
0
-1
0
-1
0
-2
0
0
0
1
0
-1
0
0
0
0
1
1
2
1
0
-1
0
0
1
0
1
0
-1
-1
-1
-2
-1
0
0
0
0
-1
-1
1
0
0
0
-1
0
1
2
2
2
1
0
0
0
0
-2
-3
-1
-2
-2
0
1
0
0
0
0
1
0
-2
0
0
0
0
0
2
1
1
1
0
0
0
0
0
0
0
0
0
-2
-1
1
1
0
-1
-1
-1
-2
-1
0
-1
0
3
2
0
1
1
0
0
0
0
0
1
4
0
0
2
1
0
0
0
-3
1
2
0
0
-1
-3
-2
0
-4
-2
0
0
-1
0
0
0
0
0
0
-1
-1
-1
0
0
-2
0
-1
0
2
0
-2
0
1
0
-1
0
4
4
2
0
-1
3
1
0
1
3
0
1
1
0
1
0
0
0
-2
-2
-1
0
1
0
0
0
-3
0
2
0
0
0
0
0
-1
-2
-3
0
1
0
1
0
0
0
0
-1
-1
0
0
0
0
4
2
1
1
0
1
0
0
0
0
0
0
0
0
0
-2
-2
-1
-3
-3
-1
-1
1
2
3
1
0
0
0
2
0
-1
2
0
0
0
0
0
0
1
0
0
0
0
1
0
0
1
0
0
0
0
0
0
-2
0
0
1
0
-2
1
0
-5
0
0
-1
0
-2
1
0
-1
2
1
0
0
0
2
3
1
3
4
-1
-2
-1
0
2
1
1
-2
-2
0
0
0
0
1
1
0
-2
-2
-1
-1
0
0
2
1
0
0
0
4
-1
-2
0
0
0
-1
-1
1
1
-1
-2
0
0
-2
-2
0
1
0
0
2
0
2
1
0
1
0
1
1
1
0
0
0
-3
-1
-1
1
1
0
2
2
-1
-1
0
0
0
3
1
0
-1
0
0
-1
-2
0
1
-1
-4
0
3
2
-3
-4
-1
0
0
0
2
2
1
-2
-2
0
0
1
0
0
0
0
0
1
2
2
1
0
0
0
0
0
0
0
0
0
0
-2
-2
2
0
-2
-1
-1
-2
-2
0
0
1
0
0
0
-1
-1
0
0
0
0
1
2
2
2
0
0
-1
-1
1
2
0
2
0
3
0
-3
1
0
-1
0
0
0
0
0
-1
-3
-2
-2
-1
0
0
0
1
0
-2
-1
0
0
2
0
-1
3
0
0
1
-1
1
0
-1
2
-1
-1
0
0
3
0
0
0
0
3
0
0
3
0
-1
-1
0
-1
0
0
0
0
-1
0
-1
-2
-2
0
-1
0
0
1
0
-1
0
0
0
0
1
0
0
0
0
1
0
0
-1
0
-1
-1
1
1
0
0
0
0
0
0
-1
0
0
0
0
0
0
0
0
0
-1
0
0
0
-1
2
0
2
0
0
3
-1
0
0
-1
0
0
-2
0
0
0
0
0
0
-2
0
0
0
2
0
0
0
0
0
2
0
0
0
-2
0
4
0
0
0
0
1
-1
0
-1
1
-2
-2
1
-1
2
-2
-2
2
1
0
-1
1
1
2
0
0
0
1
-1
0
2
-4
2
2
0
1
-2
1
2
0
-2
-1
0
0
1
-1
0
3
-3
-1
-1
0
0
0
0
-1
2
0
0
0
0
-1
0
0
-1
1
-1
1
4
-1
0
1
0
0
2
0
2
2
-1
1
1
0
-1
1
2
-2
-1
1
0
-2
1
0
-1
-1
-2
0
1
2
-1
0
0
0
0
-2
-1
0
0
0
0
1
-1
-3
0
2
-1
0
-1
-1
1
-2
0
0
0
1
1
1
2
3
1
2
1
-1
1
-1
-3
2
-1
0
0
-3
0
-1
0
0
0
-5
-1
0
-2
0
0
0
2
1
0
5
1
0
3
0
1
0
0
0
0
1
1
1
-3
-1
1
1
0
-1
0
-1
0
-3
-2
-2
-2
-1
-2
-1
1
0
0
0
1
2
0
-1
1
3
0
0
2
1
3
2
1
1
2
-1
-1
-1
1
1
-3
-4
0
-2
-1
-2
-1
1
0
-2
-1
-1
0
0
0
0
0
2
0
-2
-1
1
1
0
0
1
0
2
-2
0
1
0
2
1
4
2
0
3
-2
-3
3
4
7
0
-9
-6
4
11
-3
-8
-10
4
7
6
-7
-11
4
8
-6
-12
-15
11
29
12
-17
-13
-19
12
10
-11
30
21
-2
-50
-63
1
100
67
2
-81
-78
0
24
58
-10
38
20
5
-8
-147
-24
43
102
120
-28
-169
-58
12
116
67
-118
-56
32
7
80
10
-38
2
-4
-93
-16
74
110
84
-87
-48
-37
-109
14
106
58
29
-33
-122
-38
7
58
127
-41
-76
-54
-32
77
96
29
-16
-38
-98
-14
20
18
121
-18
-39
0
-83
-36
1
1
141
65
-67
-10
-81
-51
73
1
32
45
-60
-6
13
16
5
-22
-23
-1
0
10
22
6
0
-16
-21
-16
-9
7
16
18
18
2
-23
2
-2
-15
-2
11
12
1
2
-2
0
-11
0
7
-5
-5
2
8
14
-6
-19
16
11
-14
0
-10
-2
6
12
0
-3
-1
-16
7
-1
-6
28
0
8
12
-26
-7
6
-13
1
11
11
10
0
-10
-25
-13
0
3
8
24
0
-13
-7
-13
8
15
5
5
-1
-8
2
1
0
6
-3
-6
-5
-7
-3
7
8
1
-4
0
1
4
4
0
-6
-7
-1
2
6
-2
-8
0
-3
0
-1
-1
8
2
0
3
-5
-7
-2
-2
11
14
0
0
-2
0
-2
1
6
4
0
-4
0
4
1
-5
-3
0
1
-1
-3
-2
-1
-4
-3
-2
1
0
-8
-4
2
7
5
-2
-3
-2
2
5
3
2
0
0
0
5
2
-2
-2
0
0
1
5
0
-1
-2
-1
1
0
-2
-3
0
2
1
-1
-1
-3
-1
-1
0
2
1
-1
0
1
1
-1
-1
-2
0
2
4
1
-2
0
0
2
1
0
0
1
2
0
0
2
0
-2
-3
-2
0
0
0
-2
-2
-1
-2
-1
1
1
-1
-1
1
2
-1
1
0
0
2
2
2
1
-1
0
1
2
3
2
-2
-2
0
0
0
-1
-1
0
0
-2
-1
-2
-1
0
0
2
2
-1
-1
2
0
-1
1
0
0
1
0
1
0
1
0
-1
0
0
1
0
-2
0
0
0
1
0
0
-1
-1
0
-1
0
0
1
1
-1
2
1
-2
-2
0
1
-3
0
0
0
0
0
2
0
-1
-2
0
0
0
0
-1
0
0
0
0
0
1
0
0
0
0
0
0
1
1
2
-1
0
2
-1
-1
0
-2
0
3
0
-1
-2
-2
0
1
0
1
1
1
0
-1
-2
-3
0
0
3
0
0
0
-2
0
-1
-4
0
3
5
2
0
-1
-2
-3
0
1
0
0
3
1
-2
-2
-1
0
1
0
0
2
2
1
0
-2
0
1
0
0
1
0
0
0
-3
-3
0
-1
-1
0
0
0
0
1
0
0
0
0
0
0
-1
-1
1
0
-1
1
1
0
0
-1
-1
0
0
0
0
0
0
-1
0
1
1
2
2
2
1
0
1
1
2
0
-2
-1
0
0
-1
-1
-2
0
-3
-3
0
-1
-1
0
0
0
0
0
0
1
1
1
1
0
3
1
0
0
0
0
-1
0
0
1
1
0
-1
0
4
-2
-1
2
0
-1
0
-1
-1
-1
0
0
0
0
1
-2
-1
2
-2
0
0
-3
2
1
-2
2
0
-2
1
0
0
1
0
0
1
0
1
-1
-1
1
1
-1
1
0
-1
1
-2
-6
4
0
-4
-2
3
4
-8
4
5
-2
-4
1
9
-9
0
11
-3
-6
-4
11
-3
-17
10
7
-7
-10
11
9
-11
-9
18
2
-17
1
14
-4
-14
13
-2
1
-2
-3
11
-16
-3
19
-11
-12
25
-7
-10
21
-5
-11
18
-9
-7
27
-24
-2
38
-20
-7
29
-28
26
-2
-32
-78
178
-38
-413
475
-36
-428
164
266
-243
-239
415
-80
-75
-1
197
100
-187
122
89
84
-173
29
92
47
-231
-57
236
-179
-249
69
185
-349
-28
166
-68
-76
-38
166
-79
38
-24
116
91
-69
75
91
135
-184
198
41
-82
79
-127
166
-148
-81
77
-32
-128
-52
107
-176
-15
8
-41
9
-28
16
-9
103
-75
4
166
-54
-32
128
25
-56
60
24
-7
6
-18
6
40
-66
-19
49
-47
-37
-19
36
-36
-39
11
42
-34
-13
53
13
-6
-43
59
-6
-53
23
-1
-5
-34
5
18
-61
-14
2
-21
-34
-38
19
24
-33
0
135
2
17
108
30
18
10
-35
-10
-17
-146
-11
-8
-114
-15
54
5
38
62
15
45
-1
5
-11
10
20
-26
74
82
23
74
138
-5
-33
26
-116
-169
-129
-144
-184
-91
6
-5
102
291
289
231
415
334
126
215
63
-213
-230
-365
-569
-577
-589
-492
-363
-322
20
345
392
681
991
987
928
806
628
248
-277
-685
-1006
-1418
-1594
-1536
-1487
-1209
-786
-269
170
697
999
1585
1897
1656
2015
1969
1511
1160
833
192
-506
-1129
-1813
-2278
-2808
-3167
-3200
-3042
-2632
-2118
-1114
19
844
1615
3011
4699
3470
3996
5625
3293
1903
2276
824
-1697
-2222
-2779
-3638
-3843
-3979
-3151
-2554
-2188
-1186
-283
84
503
759
1129
1329
693
898
1195
1328
1120
2105
2299
3752
4052
1854
5386
3578
531
645
-58
-2831
-5549
-4437
-6096
-6180
-6168
-4997
-3986
-3756
-1877
-1355
437
1097
1123
2432
3923
2481
2512
3726
2079
418
1708
1548
-1158
1211
2135
2320
2251
2191
4506
2121
573
-252
-1103
-3656
-5642
-4821
-5785
-5579
-5376
-3187
-2580
-2403
47
488
1445
2310
2816
3348
3819
3197
3061
2885
1328
679
915
-49
-676
1004
1065
2531
3630
2459
4186
4295
1531
-202
388
-2426
-5232
-4632
-5614
-5564
-5333
-4511
-3472
-2563
-1636
-714
655
1185
1757
1742
2679
2544
1519
1343
1087
853
47
590
1649
1948
2625
5054
5555
4110
5898
4962
2135
690
-629
-2846
-5398
-6257
-6662
-6526
-7107
-5415
-4180
-4035
-1446
-521
300
2005
2505
2229
3604
3389
1592
1956
1584
475
437
1146
1522
2174
3567
5058
5130
4984
5456
3841
1695
54
-1347
-4003
-5777
-6401
-7255
-7086
-6777
-5374
-4684
-3099
-1082
-356
1243
2994
3167
3031
4442
3589
2047
2110
1372
-42
-91
284
548
1300
1758
4057
5701
3409
4166
5670
2047
-1283
-471
-2591
-7028
-6749
-6514
-7729
-7233
-5713
-4570
-2959
-1788
-409
1485
2428
3160
3098
4200
3557
2495
1904
1095
229
-1229
-190
-7
132
1112
3006
5674
4392
4067
6006
4390
176
-829
-994
-5318
-7325
-6932
-7575
-8291
-6918
-5297
-4655
-2672
-1361
292
1566
2848
2966
3259
4632
2586
2597
2192
758
67
143
339
-186
1740
1671
3315
5777
3774
3525
5477
3393
-871
-653
-995
-5473
-6925
-5527
-6693
-7766
-5575
-4319
-4039
-2359
-810
349
1304
2729
2534
2957
4228
2514
2468
2182
1153
528
423
935
298
1266
1653
2890
4721
2781
2733
4480
1867
-1417
-1183
-2203
-6099
-6971
-6449
-7753
-7688
-6103
-5394
-3812
-2209
-983
1167
2040
3246
3538
4247
4407
3242
3746
2570
1986
1497
1309
1503
1367
2394
2169
3795
5181
3228
3068
4354
1776
-1636
-1515
-2947
-6775
-7649
-7310
-8557
-8248
-6315
-5921
-3988
-2083
-1106
860
1933
3323
3080
3644
4542
3119
2699
2596
2262
716
1163
1685
1188
2645
3216
3882
6037
5596
3916
6028
4187
-194
-534
-1740
-5593
-8108
-7832
-8934
-9310
-7910
-6828
-4695
-3111
-1048
1121
1982
4049
4358
3852
5304
4785
2501
2638
3139
-81
157
1774
42
566
2536
2925
3872
5132
3318
4066
4231
-71
-1261
-1451
-4791
-7670
-7219
-7828
-8594
-7039
-6260
-4532
-3143
-1696
577
1110
2664
3814
3248
3789
4900
3496
2203
3860
2495
723
2298
2000
1154
2225
2881
2910
4374
2983
2031
3846
626
-1917
-1662
-2744
-5995
-6837
-5536
-7175
-6559
-5487
-4056
-2954
-2612
219
792
1263
3294
3822
2928
4038
4518
2050
2289
2481
502
346
800
385
868
2141
2331
3879
4864
2689
3621
3452
-169
-1764
-2034
-4174
-7611
-6883
-6828
-8021
-6788
-5788
-3906
-3671
-1891
731
810
2017
4053
3712
3210
5305
3956
2181
3647
2580
452
1763
1873
693
2345
3060
2842
4731
4371
2646
3825
2283
-691
-1595
-2304
-4927
-7145
-6439
-7127
-7152
-6726
-4968
-3641
-3691
-550
483
737
2526
3678
2984
3422
4539
2695
2357
2955
1536
632
1547
1059
640
1901
2602
2734
4448
4375
2619
4308
2624
-587
-528
-1922
-5008
-6126
-5995
-7029
-6756
-6283
-4520
-3413
-3313
-425
960
717
2066
3748
2777
3146
4257
2894
2226
2529
1786
424
1191
878
358
1688
2072
2126
4074
4163
2353
3738
2627
-109
-943
-2114
-4357
-6057
-6530
-7113
-6733
-6970
-5210
-3535
-3545
-1042
1186
1337
2276
4913
4221
3702
5563
4182
2590
3335
2343
170
1071
539
-733
1202
1723
933
3100
4904
2045
2718
4320
573
-1291
-1055
-3163
-6450
-6793
-6713
-7737
-8200
-6403
-4600
-5426
-2681
331
-101
1486
4406
4645
4292
5981
6022
4144
3869
3666
1448
853
635
-1000
458
1051
239
2419
4305
2964
2501
4213
2396
-298
-856
-1574
-4392
-6772
-6090
-6471
-8019
-6875
-4107
-4607
-3752
376
1013
1001
3652
5062
4080
4894
5057
3642
3059
1938
1022
-240
-601
-1502
-1098
462
-221
983
3075
3722
2423
3092
3907
1102
-115
-643
-2087
-4429
-5624
-5501
-6476
-6956
-5736
-4340
-4720
-3060
-176
126
1074
3707
4659
4639
5800
6066
5363
4213
3686
3016
856
-164
-385
-517
-574
-204
777
2271
3180
2303
3110
3517
1105
-209
-561
-2873
-5645
-6108
-6536
-8022
-8184
-6131
-5467
-5752
-2826
-44
-39
1522
4425
4333
4485
5848
4933
4265
3962
2561
1724
945
-739
-731
123
-494
404
2185
2983
3742
4157
3711
3509
2457
249
-1089
-2400
-4822
-6505
-6561
-7486
-7911
-6256
-5499
-5315
-3077
-670
-263
1243
3640
3743
4402
5946
4935
4472
4529
2817
1313
288
-849
-2114
-2069
-1712
-1317
145
1064
2792
4401
3426
3715
4549
2273
56
-262
-2143
-5721
-6124
-6190
-8415
-7686
-5892
-6304
-4964
-1899
-875
344
3288
4173
3733
6309
6332
3823
4841
4497
1663
968
1072
-1081
-1446
-766
-1160
61
799
1508
3538
3542
1813
3323
3098
-372
-631
-1174
-3866
-5491
-5269
-6304
-7143
-5494
-5170
-4712
-2642
-1026
-439
1020
3617
3345
3738
6359
5202
3782
4904
3990
1364
1326
829
-1724
-1352
-862
-1410
-350
1029
1599
3306
3634
2117
3919
3343
97
-746
-842
-3585
-6190
-5074
-6368
-7129
-5432
-4941
-4181
-2531
-297
179
1661
3853
3277
4002
5520
4803
3159
3137
3349
735
-395
-87
-1458
-2100
-1553
-886
-167
927
1526
3587
4131
1600
3602
3799
-59
-1079
-899
-3261
-6284
-5406
-6086
-7112
-5967
-4769
-3639
-2924
-582
646
1836
3426
3509
3756
4405
4662
3096
1985
2717
1462
-875
-553
-818
-2474
-2142
-886
-731
-168
927
1872
3925
2156
1448
4350
1892
-1055
-368
-746
-4498
-5162
-4582
-6502
-6059
-5611
-4522
-3443
-3077
-1014
951
1516
2479
4220
4362
4578
5594
4864
3557
4419
3266
568
687
-310
-2500
-2116
-1237
-1524
-561
959
2110
4011
2921
2804
5173
2269
-435
335
-1432
-4879
-5139
-5553
-6801
-6246
-5697
-4176
-3378
-2598
-521
988
1527
2456
3948
3717
4234
4907
4290
3265
3281
3226
734
42
-301
-1931
-2283
-1779
-1131
-918
-72
1196
2931
2601
1415
3552
2837
-292
-102
-536
-3028
-4041
-4669
-5467
-5230
-5228
-4723
-2997
-2923
-2394
743
748
850
3444
3173
2986
3939
3908
3273
2888
2713
2343
1190
-525
-585
-1249
-2870
-2131
-1000
-1475
-985
1284
2896
1989
1808
4120
2576
-228
91
-764
-3167
-4548
-4500
-5324
-5870
-4773
-3569
-3112
-2734
-250
1434
981
2568
3896
3324
4087
4080
3429
4011
3110
1798
2378
1367
-1402
-753
-755
-3501
-2882
-1262
-1902
-1844
787
2084
2046
2508
3609
3910
1387
1167
854
-1243
-3344
-3946
-4072
-5860
-5086
-4236
-3502
-3176
-1859
514
307
1469
2992
2991
3433
4138
3705
3876
4132
2356
2020
2598
-335
-1652
-199
-2526
-3757
-1780
-1395
-2296
-508
1671
1638
2699
2862
3606
3113
1148
1038
240
-2216
-4075
-3320
-5013
-5953
-4389
-3939
-3836
-2952
-629
91
581
2106
3370
3377
3708
4714
3847
3688
3745
2319
1791
1444
-721
-1574
-965
-2894
-3123
-1438
-1780
-1573
593
1224
1838
3863
2903
3320
3813
1707
822
329
-1886
-3780
-3586
-5306
-5470
-4512
-4492
-3496
-2833
-882
-175
322
2328
2789
2531
3621
4443
3188
3386
3854
2377
1606
1323
-12
-1448
-1622
-2526
-3019
-2516
-2344
-1490
-157
562
1592
3958
2910
2754
4400
2267
669
619
-1166
-3692
-3520
-4695
-5459
-4398
-4411
-3637
-2686
-1434
-681
605
1466
2074
2761
3181
4098
3319
3630
3980
2907
1979
1718
914
-1318
-1251
-2090
-3454
-2851
-2819
-2443
-1255
-153
-12
2540
3516
1573
3971
4101
767
1013
758
-2494
-3325
-3517
-5299
-4874
-4597
-4396
-3226
-2469
-1435
-25
993
1671
2837
3094
4099
4600
3489
4190
4461
2435
1792
1761
-605
-1371
-1741
-3342
-3079
-3084
-3186
-1867
-978
-694
597
2745
2235
1660
3625
2251
578
907
-811
-1970
-2665
-4017
-3780
-3566
-4000
-2920
-2302
-1872
-739
-6
636
1348
2052
1854
3123
3907
2522
3510
4436
2487
2012
2624
334
-644
-718
-2636
-2841
-2905
-3537
-2302
-1205
-1471
254
2604
2233
2188
3581
3096
1256
769
-75
-1922
-3149
-4223
-4437
-4466
-5025
-3744
-2807
-2912
-990
201
10
1820
2865
1881
3525
4674
2981
3506
4677
2718
1694
2770
105
-1134
-439
-2870
-3160
-2759
-3396
-2656
-1152
-1005
164
2345
2967
3156
3355
4219
2690
1569
901
-838
-1832
-3984
-4206
-4272
-5246
-4599
-3272
-3293
-2421
-278
-421
802
2354
1770
2526
3941
3159
2997
3777
3443
2693
2234
1904
359
-239
-1278
-2114
-2888
-3674
-2750
-3390
-2214
-1081
-839
1083
2718
2683
2524
4594
3279
1580
1840
470
-1623
-2729
-2936
-4384
-4640
-4151
-3595
-3502
-2720
-1012
-875
316
1713
1685
2502
4059
3650
3549
4414
3662
3317
2861
1566
766
-191
-1685
-2326
-2966
-4521
-3698
-3458
-3708
-1899
-933
-47
2115
3594
2596
4459
5092
2546
2451
1801
-197
-2244
-2497
-3682
-4810
-4475
-3913
-3658
-3822
-1605
-1106
-921
1299
1558
1412
3553
3583
2687
4428
3545
3093
3332
1916
1331
987
-942
-1825
-1361
-3709
-3588
-2657
-3825
-2357
-1044
-782
431
2558
3027
2350
4209
3889
2001
1628
1128
-802
-2410
-2519
-3626
-4097
-4038
-3181
-2893
-2836
-1005
-501
-140
1235
1667
1560
2837
3007
2700
3826
3005
3179
3531
1985
1601
1114
-700
-1659
-2092
-3751
-3979
-3939
-4454
-3062
-2467
-1364
149
1380
3438
2916
3770
5250
3069
2425
2741
195
-1174
-1462
-3550
-3584
-3938
-4337
-3310
-3597
-2592
-1302
-1066
40
1434
1150
2315
3616
2907
3950
3950
3367
3557
2838
1407
1111
126
-1809
-1867
-3195
-3974
-4045
-4396
-3432
-3085
-1770
151
415
2382
4249
2771
4550
4835
2052
2566
1332
-837
-1701
-2908
-3911
-4337
-4430
-4064
-3851
-3160
-1491
-985
-139
1629
2086
2106
3798
3690
3318
4252
3341
2976
2997
2039
520
490
-604
-2339
-2372
-3161
-3790
-3848
-3381
-2994
-2163
-854
433
1227
2311
4381
3411
3809
4520
2656
2004
474
-442
-2059
-3740
-3938
-4345
-5081
-4303
-3206
-3463
-1616
-505
-150
1321
2180
2186
3091
3739
3333
3807
3578
3255
2755
2499
1352
444
-70
-1566
-1942
-2848
-3466
-3779
-3860
-3675
-3228
-2177
-998
335
729
2972
3970
3157
4748
4324
3154
2629
1349
354
-1554
-2600
-3291
-4191
-4548
-4126
-3899
-3470
-2080
-1499
-340
934
1431
2037
3174
3388
3287
3761
3435
3017
2470
2386
1195
342
-180
-1369
-1570
-2780
-3058
-3245
-3810
-3254
-3032
-2215
-866
-52
939
2058
3486
3825
3324
4555
3542
1998
1900
599
-1132
-2135
-2931
-3926
-4099
-4266
-3857
-3321
-2791
-1551
-630
160
1434
1905
2115
3302
3026
3169
3323
2774
2619
2120
1591
750
123
-714
-1305
-2140
-2710
-2729
-3634
-3485
-2809
-2781
-1715
-411
466
1282
2868
4096
3439
4255
4424
2755
2170
1383
-302
-1780
-2736
-3681
-4105
-4610
-3966
-3585
-3341
-1631
-1110
-221
1017
1806
1729
2731
3405
2599
3302
3195
2563
2174
2309
1109
478
277
-1170
-1306
-2399
-2830
-3476
-3758
-3568
-3575
-2729
-1848
-546
247
1795
2446
4370
4357
3926
5736
3097
3077
1959
-67
-839
-2941
-3495
-4172
-4866
-4675
-3648
-3653
-2349
-1382
-332
684
1192
2447
2241
3194
3172
3187
3075
2844
2223
1883
1752
-95
432
-902
-1529
-1843
-2718
-2681
-3474
-2982
-3086
-2482
-1989
-827
119
958
2019
2340
4296
3120
3354
4041
2083
2167
652
-143
-1265
-2889
-2971
-3442
-4367
-3710
-2993
-2951
-1974
-974
95
322
1433
2095
2090
3025
2770
3082
3013
2672
2317
2056
1469
253
367
-849
-1644
-1728
-2778
-3047
-3301
-3192
-3064
-2617
-1835
-781
163
950
2285
2698
3389
4230
3420
3644
3061
2215
1166
-191
-816
-2493
-3322
-3857
-4168
-4353
-3712
-3248
-2740
-1422
-593
285
879
2322
2207
2715
3672
2935
3579
2909
2850
2283
1212
1128
-39
-615
-1336
-1802
-2292
-2769
-2928
-3092
-2783
-2856
-2128
-1136
-629
507
1575
2135
2700
3875
3387
3362
3501
2312
2115
487
-79
-1294
-2736
-3143
-3979
-4056
-4247
-3505
-2951
-2418
-1022
-379
317
1390
2092
2033
3097
3144
3059
3325
2846
2756
1980
1470
695
61
-842
-1294
-2001
-2495
-2822
-3174
-3068
-3094
-2776
-2102
-1248
-636
664
1502
2319
3024
2926
4104
3514
2512
3414
1666
917
106
-1198
-1788
-3270
-3755
-3601
-4394
-3358
-2827
-2349
-975
-575
596
1075
1810
2048
2260
2941
2617
2676
2504
2300
1579
1241
684
-190
-119
-1241
-1099
-1556
-2202
-1928
-2737
-2185
-2675
-2295
-1643
-1294
-446
422
1167
1914
2597
2493
3394
3620
2545
3134
2371
1460
421
-495
-1336
-2942
-3512
-3793
-4259
-4055
-3270
-2784
-1863
-848
107
755
1603
2340
2208
3103
2951
2756
2891
2158
1965
1020
966
-39
-503
-587
-1379
-957
-1721
-1732
-1272
-2268
-1687
-1981
-1812
-1359
-1524
-519
-319
208
867
1187
1596
2169
2046
2320
2340
2653
1717
1609
1561
105
-179
-1233
-1604
-2745
-3205
-3047
-3707
-3101
-2768
-2330
-1298
-945
197
848
1263
2295
2097
2790
2923
2446
2774
2198
1827
1327
936
378
-415
-592
-949
-1437
-1546
-1506
-1853
-1654
-1145
-1744
-1270
-731
-1220
-806
-450
-481
-161
35
502
1012
847
1791
2144
1620
2016
2345
1776
1138
1633
439
-114
-294
-1543
-1948
-2479
-2889
-3153
-2706
-2740
-2181
-1334
-1213
0
333
617
1546
1436
1643
2263
1972
2063
2013
1806
1461
1010
833
118
-268
-509
-1103
-1180
-1208
-1736
-1444
-1320
-1519
-1112
-862
-520
-249
134
620
319
1025
1083
328
1015
395
312
-132
-101
-249
-911
-182
-510
-328
183
691
908
895
2211
1673
1318
2118
1165
513
227
-235
-1330
-1816
-1889
-2373
-2482
-1981
-1854
-1566
-851
-486
-12
202
855
696
899
1706
938
1644
1392
1478
1064
1231
999
385
617
-133
178
-615
-412
-606
-1192
-706
-1294
-958
-1147
-946
-687
-768
-216
-146
174
335
632
597
626
984
468
666
632
313
336
-188
559
-478
-574
78
-1094
-715
-987
-771
-1314
-843
-321
-680
400
788
1268
1276
2361
2458
1550
2535
1678
1094
392
202
-781
-1973
-1818
-2464
-2954
-2651
-2337
-2297
-1770
-1108
-500
-401
584
933
623
2027
1303
2069
1619
2010
1819
1021
1856
388
903
43
-12
-179
-1035
-360
-1383
-1066
-1139
-1486
-1038
-1197
-867
-767
-504
-167
-87
262
420
689
542
945
766
764
962
430
565
889
-469
-29
-22
-1591
-813
-1649
-1557
-1641
-1431
-721
-637
623
802
1847
1887
2464
3099
1960
2647
2086
1124
538
179
-1323
-1778
-2481
-2926
-3244
-3177
-2577
-2819
-1560
-1403
-483
-96
450
1314
804
2405
1681
2267
2532
2149
2370
1774
1804
953
795
12
-4
-486
-1211
-499
-1686
-1323
-1369
-1783
-1335
-1565
-951
-950
-578
-87
-120
329
333
428
465
449
443
282
412
273
288
419
185
480
346
475
594
519
505
860
999
246
1148
274
302
-167
-705
-785
-1941
-1560
-2082
-1959
-1804
-1549
-878
-1043
-95
175
221
1018
1116
1191
1708
1631
1742
1680
1557
1464
1071
1078
323
335
-50
-605
-413
-1017
-998
-1235
-1393
-1340
-1702
-1356
-1379
-1089
-761
-425
161
370
684
1049
1342
1292
1583
1440
1657
1467
1158
1312
585
501
-290
-644
-1230
-1956
-2027
-2507
-2350
-2413
-1870
-1455
-1316
-284
-49
474
1077
1384
1642
1916
1938
2241
1753
1789
1685
979
832
205
-197
-832
-1028
-1459
-1647
-1592
-1752
-1293
-1166
-447
-153
390
1406
1245
1749
2068
1793
1357
910
584
-603
-1100
-1475
-2068
-2340
-2218
-1957
-1854
-1432
-817
-587
-173
370
575
942
1377
1439
1704
1788
1900
1564
1704
1314
1015
803
397
214
-343
-355
-787
-1139
-1194
-1494
-1708
-1722
-1523
-1536
-1266
-728
-541
7
342
873
1122
1260
1823
1604
1664
1710
1615
1297
1065
934
316
-18
-570
-1136
-1612
-2130
-2340
-2568
-2362
-2232
-1796
-1283
-851
-220
92
955
1004
1326
1916
1607
1880
1638
1451
1129
633
586
-156
-108
-414
-447
-94
-260
35
323
631
526
726
742
493
-174
-338
-1000
-1776
-2143
-2271
-2461
-2529
-1784
-1647
-1129
-481
-4
463
741
1467
1164
1896
1846
1883
1860
1801
1734
1122
1443
566
729
303
-148
252
-632
-418
-650
-911
-1016
-1199
-1201
-1409
-1300
-1309
-1269
-1145
-845
-653
-481
86
210
640
988
1106
1349
1351
1512
1514
1014
1419
1077
845
841
601
403
-280
-317
-1142
-1603
-2016
-2403
-2493
-2618
-2041
-2018
-1309
-733
-314
500
875
1501
1426
2292
2066
1873
2293
1355
1378
610
415
-445
-722
-882
-1323
-922
-977
-378
-125
85
801
1054
1038
1409
1345
807
717
58
-447
-1302
-1596
-2217
-2429
-2156
-2421
-1566
-1529
-890
-375
-95
382
498
854
914
1206
1222
1410
1260
1403
1279
1165
1155
855
780
655
509
153
-37
-291
-996
-1087
-1545
-1862
-2060
-1833
-1925
-1532
-1010
-682
41
307
1042
1295
1725
2122
2031
2351
2274
2070
1822
1379
846
87
-526
-1213
-1982
-2399
-2616
-2907
-2753
-2401
-2062
-1689
-984
-473
-88
664
918
1425
1858
1916
2321
2160
2062
1818
1419
972
246
88
-637
-919
-911
-1098
-861
-780
-290
-297
359
630
612
1041
782
790
147
114
-705
-1108
-1503
-1795
-1796
-1900
-1367
-1410
-911
-594
-225
1
293
876
567
1376
1281
1442
1438
1499
1440
1129
1272
742
930
409
464
216
-396
-306
-1118
-1302
-1896
-1975
-2159
-2114
-1657
-1411
-681
-262
725
1073
1604
2238
2336
2529
2429
2244
1599
1058
331
-537
-1348
-1873
-2494
-2699
-2645
-2568
-2132
-1810
-1337
-856
-258
45
652
1106
1337
1736
2003
2051
1867
2020
1476
1259
806
344
-135
-577
-793
-1155
-1141
-1251
-999
-728
-499
-198
377
764
778
1242
1045
1078
427
210
-295
-1064
-1443
-1732
-1947
-2220
-1837
-1677
-1429
-998
-471
-140
214
971
786
1504
1631
1767
1869
1862
1926
1270
1728
872
785
704
-95
59
-777
-794
-1551
-1601
-1918
-2203
-1608
-1905
-1009
-843
-55
581
909
1559
1903
2211
2010
2337
1755
1345
696
53
-894
-1594
-2067
-2623
-2683
-2636
-2342
-2132
-1514
-1093
-649
-78
520
935
1397
2075
2119
2599
2311
2469
1916
1383
1101
185
-239
-893
-1181
-1727
-1805
-1815
-1805
-1292
-1004
-151
66
1179
1551
1747
2193
1892
1670
704
460
-742
-1525
-2038
-2642
-2740
-2974
-2292
-2273
-1601
-916
-482
210
582
1345
1274
1951
2032
2143
2200
2027
2090
1549
1502
1101
624
165
-383
-708
-1550
-1640
-2044
-2206
-1869
-1818
-1164
-640
126
740
1217
1926
2342
2251
2414
2489
1620
1206
576
-312
-1382
-1892
-2376
-3082
-3026
-2895
-2728
-2360
-1734
-1057
-663
231
920
1199
2212
2409
2749
3035
2984
2687
2356
1887
1044
365
-333
-1122
-1643
-2127
-2208
-2328
-2035
-1542
-1217
-264
214
711
1571
1837
1796
2084
1740
1159
576
-9
-761
-1720
-1891
-2318
-2743
-2407
-2232
-2030
-1506
-1029
-431
-266
603
926
1145
1973
1964
2407
2202
2688
1932
1831
1554
460
380
-737
-984
-1612
-1998
-1962
-2227
-1660
-1575
-799
-248
507
1186
1452
2447
2137
2332
2114
1701
1209
51
-82
-1406
-2154
-2454
-2975
-3100
-2986
-2367
-2257
-1544
-768
-466
178
829
1082
1581
2180
2316
2571
2835
2608
2446
2179
1415
920
162
-650
-1262
-1771
-2184
-2374
-2224
-2024
-1617
-1006
-294
363
805
1728
1938
1942
2395
1810
1412
675
-62
-787
-2041
-2149
-2933
-3150
-2832
-2755
-2164
-1765
-801
-372
167
1136
1280
1912
2473
2691
2675
2943
2805
2044
2125
1023
389
-260
-1182
-1673
-2306
-2470
-2604
-2580
-1957
-1690
-906
-177
756
1207
1761
2690
2311
2455
2491
1566
983
8
-776
-1966
-2730
-3002
-3765
-3455
-3226
-2784
-2088
-1358
-331
53
1134
1757
2126
2849
3293
3277
3481
3553
2747
2635
1823
836
188
-793
-1531
-2118
-2514
-2831
-2703
-2509
-1982
-1412
-675
364
894
1821
2646
2749
2863
2949
2089
1357
324
-739
-1914
-3026
-3286
-4012
-3854
-3457
-2915
-2114
-1268
-163
472
1390
2105
2481
2928
3225
3024
3020
2786
2002
1843
909
229
-365
-1238
-1677
-2107
-2308
-2485
-2210
-1900
-1373
-729
-33
781
1381
1940
2481
2646
2302
2508
1542
953
-35
-1040
-1901
-3137
-3250
-3958
-3854
-3402
-2980
-2108
-1417
-230
245
1173
1924
2248
2859
3098
3208
3276
3050
2455
2304
1157
566
-247
-1120
-1728
-2238
-2439
-2671
-2252
-2067
-1438
-677
-178
822
1398
1822
2331
2601
1993
2213
1342
551
-346
-1233
-2010
-3155
-3113
-3808
-3590
-3158
-2831
-1873
-1262
-178
412
1382
1993
2512
3139
3420
3342
3567
3222
2473
2439
1015
480
-541
-1516
-2196
-2968
-3103
-3439
-3013
-2559
-1920
-915
-124
994
1779
2360
3164
3301
2849
3175
2016
1149
240
-1121
-2103
-3380
-3787
-4714
-4608
-4224
-4034
-2720
-1998
-460
540
1699
2843
3456
4239
4539
4602
4429
3955
2891
2372
763
-267
-1419
-2579
-3237
-3828
-3747
-3791
-2984
-2287
-1267
-79
744
2010
2539
3163
3547
3500
2785
2635
1398
269
-764
-2243
-3098
-4371
-4596
-5151
-4996
-4236
-3711
-2365
-1525
2
908
1985
3121
3553
4439
4708
4601
4797
4014
3022
2598
753
-348
-1528
-2892
-3569
-4315
-4229
-4212
-3522
-2542
-1454
-101
970
2493
3226
3832
4424
4372
3430
3230
1962
456
-746
-2269
-3384
-4657
-4963
-5424
-5087
-4410
-3517
-2040
-1008
696
1778
2850
3927
4349
4783
4804
4546
4185
3040
1989
1253
-732
-1591
-2804
-3932
-4267
-4701
-4169
-3837
-2825
-1320
-357
1180
2439
3361
4164
4350
4713
4163
3057
2756
924
-448
-1613
-3232
-4272
-5113
-5535
-5679
-5028
-4288
-3099
-1539
-337
1459
2521
3936
4481
5238
5344
5117
4853
4146
2875
1493
733
-1457
-2513
-3466
-4753
-4900
-4923
-4433
-3589
-2412
-708
486
1852
3220
3968
4592
4440
4595
3957
2343
2145
810
-1182
-2439
-3900
-4529
-5616
-6213
-6043
-4901
-3929
-2546
-593
981
3116
4165
5311
6008
6470
6204
5274
4651
3432
1211
-216
-1435
-3909
-4843
-5614
-6286
-5784
-5186
-3855
-2018
-448
1821
2966
4351
5515
5464
5722
5054
4708
3057
1418
550
-1572
-3167
-4425
-5436
-6410
-6509
-6052
-5804
-4000
-2872
-1079
867
2109
3883
4791
5622
5698
6040
5385
4521
3564
2492
646
-1254
-1861
-4018
-4571
-5248
-5841
-4733
-4195
-2793
-1006
215
2202
3400
4170
4759
4861
4442
3811
3043
1837
2
-818
-2066
-3995
-4708
-5355
-5957
-5971
-4846
-4527
-2812
-692
653
2884
3933
5195
5811
5736
5644
4591
3695
2467
1282
176
-1349
-2820
-3150
-4203
-4628
-4289
-4205
-3129
-1956
-830
929
1602
3020
3785
3796
4125
3594
3254
2754
1833
1221
-449
-1431
-1842
-3786
-4438
-4685
-5592
-5275
-4672
-4199
-2450
-1058
495
2487
3278
4687
5309
5239
5165
4252
3305
2361
884
15
-1266
-3163
-2977
-3972
-4487
-3698
-3680
-2457
-1178
-362
1605
2042
3034
4092
3572
3764
3554
2865
2619
1674
1099
-576
-1557
-1681
-3742
-4438
-4447
-5089
-5092
-4039
-3514
-1897
-312
906
2967
3300
4384
4996
4181
3894
3117
1883
865
171
-1097
-1230
-2773
-2553
-2324
-3031
-2066
-1671
-967
62
596
1646
1700
2007
2507
1800
1795
1670
1135
1437
853
632
-9
-1117
-780
-2049
-3354
-3000
-3436
-3977
-3113
-2550
-1733
-210
777
1976
2788
3569
3723
3152
3045
2195
1056
441
-128
-1079
-1203
-2131
-2197
-1529
-2210
-1584
-862
-690
351
578
1168
1565
1280
1642
1610
998
1223
1220
1045
1337
893
211
-587
-689
-1783
-3094
-3239
-3463
-3808
-3299
-2554
-1674
-183
875
1992
2849
3454
3778
3150
2856
2094
662
0
-326
-1742
-1545
-1723
-2444
-1163
-1146
-1053
1
296
790
1244
1198
1382
1202
1001
1125
543
278
825
760
922
961
239
-487
-594
-1644
-2783
-3148
-3307
-3481
-3278
-2184
-1106
71
1522
2300
3042
3541
3467
2682
2136
1143
-125
-876
-1080
-1888
-1614
-1363
-1757
-636
-259
-459
493
848
819
1180
1036
690
609
411
260
159
189
722
1137
1513
1582
1119
202
25
-1426
-2831
-3238
-3876
-3911
-3687
-2642
-1372
78
1636
2617
3499
4070
3916
2972
2292
1087
-342
-1293
-1653
-2189
-2092
-1691
-1980
-555
171
-367
877
1225
725
1319
1121
428
556
423
56
184
232
778
1487
1913
1713
691
-25
-294
-2158
-3447
-3535
-3957
-4165
-3405
-2281
-1009
614
2021
2673
3221
3779
3398
2176
1884
681
-766
-1103
-1384
-1629
-1086
-1172
-1019
396
325
-119
922
980
364
511
538
333
-12
-67
326
347
162
1137
2413
2047
1093
496
-137
-1263
-2989
-3813
-3894
-4040
-3775
-2642
-1067
167
1666
2949
3309
3516
3486
2422
1201
350
-955
-1685
-1661
-1434
-1054
-155
-182
437
1649
1184
719
1128
424
-340
-248
-851
-1043
-887
-720
308
466
857
2357
3178
2453
1462
540
-619
-2077
-3985
-4451
-4489
-4191
-3486
-1838
169
1347
2835
3691
3467
3248
2735
1022
-350
-1045
-2204
-2601
-1786
-830
133
989
1371
2050
2285
1154
484
386
-734
-1366
-1086
-1193
-729
-266
438
1589
1590
1789
3199
3439
1358
-11
-1041
-2213
-3962
-5155
-4561
-3718
-3212
-1817
342
1525
2520
3530
3197
2279
1758
1002
-251
-962
-1489
-1919
-1297
-154
138
1077
1716
1169
1521
1427
30
-555
-528
-1152
-1618
-1266
-773
-138
350
1193
2068
1860
1986
2800
2543
621
-1170
-2204
-2887
-4168
-4698
-3872
-2648
-1563
-522
881
2090
2612
2345
1677
1082
699
-11
-1146
-982
-701
-1225
-346
1215
1235
1575
1895
1071
1035
616
-1164
-1464
-849
-1594
-1457
-346
-100
504
1350
1676
2100
1996
1732
2204
1844
-335
-1822
-2513
-3340
-4047
-3808
-2987
-1755
-603
423
1910
2601
2198
2020
1464
252
74
-317
-1479
-590
-3
-859
268
1650
1179
1577
1466
79
184
-448
-2049
-1780
-1257
-1417
-402
469
1116
1948
1437
1726
2424
1530
1069
2297
1496
-887
-1838
-2108
-3227
-4187
-3413
-2466
-1486
-582
476
1919
2112
1264
1165
858
-262
-546
-650
-726
-344
-234
270
1212
1675
1669
1903
1375
152
-114
-823
-2214
-1890
-1123
-1209
-417
294
639
1349
1229
1841
2253
1286
1492
2412
1021
-837
-1681
-2439
-3280
-3858
-3200
-1958
-1048
-480
366
1380
1506
1421
1301
455
270
626
-18
-508
210
381
-122
415
1100
1001
1286
1003
-6
-36
-612
-2105
-1777
-1175
-1064
360
820
940
2170
2014
1727
1688
614
506
1689
282
-1714
-1601
-2031
-3043
-3107
-2411
-1745
-659
-154
226
1727
1844
1015
1052
364
-116
223
-677
-838
640
-23
7
1668
1459
1032
1351
180
-703
-194
-1316
-1881
-853
-817
-482
418
642
860
1616
1129
1047
1945
1167
1063
2326
858
-1613
-1935
-2512
-3772
-3727
-2643
-1226
-239
184
1027
1746
1180
844
683
-315
-129
429
-260
144
1081
57
0
1521
893
303
1408
77
-815
162
-1199
-2036
-644
-730
-1060
333
451
588
1659
1323
1647
1790
818
1858
2905
-387
-2554
-1457
-2429
-4052
-3594
-1991
-823
-279
-166
1180
2226
945
470
659
-147
-111
274
-419
75
904
53
438
1400
626
981
945
-629
-65
473
-1378
-957
392
-692
-501
842
548
702
1080
867
1221
956
909
2484
1629
-2094
-2652
-1793
-3143
-4040
-2751
-815
45
80
771
1852
1257
608
665
-342
-447
614
156
-91
979
535
-70
752
659
623
1018
-306
-601
686
-519
-1924
-333
-28
-895
-210
657
854
1404
1146
1276
1459
708
1470
2596
197
-2451
-1840
-1958
-3247
-3240
-1815
-649
-90
123
799
1396
904
86
-652
-324
162
221
169
672
1269
545
754
1407
839
702
441
-883
-484
562
-1628
-2137
49
11
-664
0
975
1467
810
1029
2235
1475
361
2162
2215
-1397
-2829
-1761
-2290
-4025
-3386
-1294
-362
-408
-152
1028
1212
249
184
172
-101
753
977
375
1388
1253
-49
397
707
300
793
-281
-1016
529
-350
-1906
-510
72
-813
325
1326
945
1400
1596
1552
1175
595
791
1768
889
-1852
-2786
-2017
-2174
-3344
-2878
-1294
-278
9
60
843
1171
868
328
-580
-108
1111
589
-119
1023
440
-193
971
842
829
655
-551
-107
901
-1130
-1803
190
94
-481
-207
633
1276
811
755
1395
1051
751
2146
2411
-106
-2172
-2314
-1925
-2952
-3356
-1826
-352
-44
-206
447
909
421
193
-26
-225
367
1074
928
1300
1190
108
478
883
467
316
-644
-1077
153
-34
-1709
-1011
86
-285
-272
371
1150
1356
922
1236
1505
755
859
2193
1373
-1586
-3016
-2145
-1977
-3105
-2594
-946
-134
262
253
271
821
770
-498
-754
430
991
558
721
1727
1199
-49
487
1660
784
-1257
-1213
550
293
-1639
-1085
676
-35
-863
107
1408
1173
801
1442
1535
661
816
1786
1153
-1127
-3097
-2625
-1905
-3241
-3192
-944
4
-87
111
238
514
531
-368
-213
818
640
378
1063
1439
624
207
543
1409
1207
-495
-848
367
-170
-1627
-1140
-174
-333
-345
209
1230
1344
787
1364
1743
851
789
1762
1387
-761
-2848
-2431
-1489
-3061
-3302
-1237
-381
-500
120
195
367
645
-109
-350
717
1163
724
823
1368
729
-160
88
1041
883
-344
-927
-59
546
-402
-1015
-247
223
-310
-62
1251
1549
1223
1502
1463
800
661
1340
1203
-678
-2568
-2885
-1873
-2246
-2786
-1432
-34
-480
-513
292
136
489
507
-353
301
1425
1598
956
758
780
487
-116
250
1116
136
-1135
-474
238
-611
-990
-366
-139
-101
-107
642
1659
1369
1134
1576
1180
728
1696
1304
-724
-2666
-3018
-2183
-2460
-2642
-1351
-103
28
174
131
-235
156
153
-684
-278
1097
1308
881
1271
987
211
101
316
734
83
-983
-375
517
-328
-1118
-334
185
46
-44
377
1554
1779
1509
1518
731
672
1780
1315
-904
-2863
-2743
-1774
-2591
-2897
-1585
-289
-194
-266
-152
126
603
382
-140
320
1036
1427
1203
1083
917
354
215
771
775
-14
-645
30
777
-79
-1162
-779
35
-171
-564
453
1421
1097
1036
1324
808
458
1577
1885
-456
-2414
-2078
-1662
-2599
-2657
-1529
-595
-373
-232
-246
-295
28
234
-142
-161
1029
2062
1129
560
1040
675
-158
187
1189
753
-677
-571
834
34
-1639
-851
376
22
-293
570
1592
1361
708
854
847
319
994
1319
-650
-2155
-2192
-2099
-2667
-2829
-1687
-158
-204
-790
-67
412
-34
-78
-137
168
847
1155
1184
1172
583
-81
558
909
1013
848
-637
-917
754
512
-1552
-951
434
-70
-464
375
1563
1415
914
1417
1263
237
1028
2047
-359
-3070
-2716
-1492
-2227
-3066
-1691
-110
-146
-497
-296
309
607
58
-366
69
1051
1516
870
651
1274
452
-560
-8
648
1009
-7
-1131
121
756
-1191
-1317
427
521
-14
389
1628
1849
1200
1317
1047
456
917
1473
-300
-2312
-2481
-1779
-2217
-3082
-2212
-900
-311
-512
-453
295
490
271
248
336
920
1845
1275
668
1250
817
-84
-5
774
1065
-372
-1194
180
360
-1366
-1557
-339
111
316
593
1393
1834
1261
1312
1100
374
823
1735
521
-1654
-2229
-1927
-1772
-2788
-2670
-1081
-195
-379
-437
99
392
645
335
-17
727
1492
1330
858
1004
470
-2
164
141
790
561
-1130
-855
553
-686
-2181
-810
324
287
121
587
1804
1871
1306
1025
597
791
1558
1071
-1213
-2329
-2111
-1849
-2934
-2735
-906
-338
-564
-411
-292
45
667
673
127
477
1631
1807
627
453
607
-151
-379
90
730
815
-465
-769
697
-101
-2054
-1208
298
31
-142
831
1687
1574
1179
1266
868
266
943
1504
-193
-2020
-1938
-1552
-2328
-2851
-1755
-301
-219
-864
-741
53
416
75
-520
222
1615
1518
645
846
1436
726
55
230
1142
1076
-883
-1442
293
352
-1850
-1497
684
502
-622
295
2025
1857
946
1168
1289
709
1579
1690
-799
-2382
-2187
-1688
-2338
-2701
-1638
-518
-539
-811
-470
219
273
-28
50
569
1056
1328
1069
950
882
191
-197
178
891
751
-630
-659
536
-139
-1732
-930
434
64
-237
805
1775
1756
1048
766
782
936
1493
951
-994
-1803
-2058
-2009
-2334
-2523
-1406
-602
-712
-816
-252
212
-22
-43
264
857
1262
1328
910
1016
771
297
490
357
892
1015
-546
-1019
447
141
-1388
-675
282
280
15
238
1306
1488
774
708
822
677
1291
1210
-1195
-2422
-1304
-1049
-2350
-2313
-1013
-463
-693
-890
-529
237
126
-10
60
474
1425
1367
222
660
1131
268
201
839
1016
365
-633
-522
356
-260
-1626
-832
194
-506
-166
1271
1694
1569
1379
1226
1187
1084
1148
-215
-1906
-2559
-2146
-1791
-2714
-2288
-697
-365
-828
-749
204
874
501
-181
461
1685
1457
317
732
1434
602
180
85
747
717
-373
-554
177
192
-1271
-1333
136
327
-115
199
1521
1850
1219
1008
1209
832
854
802
-1085
-2233
-2161
-1788
-2198
-2722
-1426
4
-449
-1300
-645
329
266
-109
137
872
1305
1174
824
1022
930
461
179
401
514
-311
-774
-417
390
-130
-1325
-265
681
-108
145
1171
1587
1566
920
871
1318
1350
785
-781
-1974
-2306
-1932
-1974
-2564
-1939
-784
-462
-984
-938
138
570
215
82
822
1676
1256
731
1364
1020
196
276
558
302
-304
-477
-256
217
-15
-713
-55
487
69
566
1450
1888
1841
1136
761
700
566
46
-1556
-2480
-2257
-1846
-1924
-2094
-1385
-334
-587
-870
-203
312
407
376
378
998
1250
803
638
983
531
-63
477
618
-182
-108
-5
-56
271
-176
-349
239
18
276
1349
1593
1613
1659
1273
1115
1123
404
-1023
-2139
-2516
-2484
-2752
-2531
-1890
-999
-507
-713
-324
316
392
411
533
979
1552
1143
461
1035
906
-92
83
164
-261
-309
-261
-127
296
30
-385
57
289
613
1092
1234
1536
1652
1278
1015
945
505
-374
-1631
-2486
-2112
-2190
-2456
-2112
-1242
-648
-895
-637
88
345
314
477
743
1192
1361
662
784
875
417
452
86
-259
-289
-91
28
220
239
198
385
404
922
1204
1133
1419
1417
1341
1003
789
192
-835
-1852
-2564
-2273
-2222
-2199
-2156
-1471
-743
-696
-364
62
410
604
594
879
1468
1435
855
956
462
481
464
-371
-422
-246
-199
-35
169
-13
79
230
438
1070
1174
1538
1820
1568
1313
945
446
-325
-1398
-2335
-2220
-2222
-2653
-2314
-1751
-1051
-737
-664
-96
355
512
657
808
1332
1600
967
595
761
577
11
-386
-426
-136
0
-51
235
546
419
408
674
923
1274
1363
1267
1365
1181
896
340
-578
-1456
-2119
-2116
-2275
-2403
-2042
-1661
-1182
-833
-535
-17
267
478
686
899
1250
1437
829
501
763
328
-467
-359
-326
-132
142
-21
558
1013
537
645
924
1059
1272
1211
1251
1404
1082
635
164
-634
-1582
-2059
-2281
-2616
-2367
-2016
-1773
-1193
-876
-743
-339
133
347
627
944
1102
848
565
952
88
-1033
-667
-111
-239
-438
-153
1103
1604
666
925
1679
1788
1695
1143
1310
1696
863
88
-250
-920
-1635
-1923
-2324
-2232
-2197
-2064
-1748
-1322
-894
-752
-256
445
821
972
1241
1175
883
741
278
-144
-367
-387
-278
-264
-13
702
999
771
1147
1451
1335
1546
1400
1324
1429
961
438
233
-626
-1356
-1649
-2066
-2021
-2133
-2240
-1667
-1506
-1348
-801
-646
-114
414
611
1022
1204
1155
733
294
14
-46
-326
-390
99
382
723
1017
1326
1740
1715
1630
1666
1821
1670
1199
796
563
-194
-990
-1425
-1923
-2102
-2325
-2559
-2263
-2008
-1867
-1662
-1170
-642
-192
189
527
932
893
386
365
355
-4
-125
-114
224
601
629
1024
1536
1799
1758
1492
1700
1702
1413
1188
785
509
-159
-1072
-1312
-1681
-2126
-2299
-2473
-2203
-1966
-1873
-1393
-1062
-595
-123
112
442
578
648
651
424
279
293
319
204
233
527
859
1119
1073
1225
1529
1440
1371
1129
911
775
79
-412
-767
-1287
-1563
-1984
-2139
-2011
-2114
-1911
-1544
-1166
-676
-331
-40
285
454
633
719
620
421
477
675
575
571
777
1196
1276
1101
1411
1654
1571
1471
1373
1375
1016
272
-196
-432
-1000
-1555
-1904
-2056
-1857
-1908
-1994
-1666
-1274
-908
-671
-494
91
420
192
261
530
616
587
540
923
1474
1453
1408
1749
1978
1915
1551
1454
1678
1304
578
164
-145
-460
-984
-1649
-1817
-1819
-2017
-2135
-2122
-1822
-1496
-1331
-998
-526
-189
12
89
152
288
514
579
611
1001
1350
1434
1533
1666
1892
1804
1621
1597
1475
1196
738
236
-112
-451
-841
-1232
-1566
-1759
-1920
-2050
-2072
-2023
-1905
-1644
-1358
-1113
-730
-316
-34
205
387
795
1231
1348
1451
1683
1950
1991
1809
1714
1651
1440
1211
812
424
139
-215
-518
-909
-1200
-1262
-1505
-1749
-1750
-1548
-1405
-1316
-1171
-882
-643
-640
-468
-121
80
180
549
1109
1432
1508
1701
2070
2141
1915
1692
1677
1508
943
461
191
-69
-500
-933
-1113
-1213
-1493
-1744
-1730
-1720
-1738
-1667
-1472
-1214
-1011
-838
-572
-226
-37
87
479
893
1150
1373
1625
1915
2002
1923
1842
1673
1400
1055
645
193
-204
-621
-975
-1237
-1517
-1701
-1818
-1839
-1856
-1772
-1580
-1369
-1091
-878
-663
-420
-162
-10
194
598
868
1044
1258
1547
1794
1755
1683
1691
1618
1290
907
567
277
-140
-586
-858
-1092
-1342
-1543
-1658
-1691
-1605
-1482
-1381
-1189
-908
-688
-439
-218
-43
208
550
832
982
1122
1406
1722
1756
1610
1525
1490
1395
1049
655
390
112
-153
-557
-905
-1054
-1214
-1367
-1584
-1629
-1512
-1377
-1266
-1123
-872
-581
-376
-294
-121
180
470
578
661
951
1179
1238
1267
1322
1317
1209
966
798
550
265
-22
-508
-656
-668
-971
-1311
-1405
-1210
-1164
-1265
-1178
-941
-737
-472
-297
-219
24
303
457
600
707
814
1204
1374
1225
1265
1430
1354
986
758
461
242
86
-332
-644
-794
-971
-1188
-1249
-1337
-1373
-1190
-1045
-920
-829
-591
-265
-5
45
175
604
758
686
727
996
1201
1133
1091
1109
1094
898
561
301
195
17
-277
-506
-679
-782
-921
-1084
-1172
-1156
-1020
-966
-988
-793
-427
-207
-173
-88
167
411
500
495
609
872
1038
934
787
837
899
734
410
236
225
58
-244
-432
-489
-547
-713
-846
-850
-776
-713
-721
-672
-459
-286
-222
-81
108
287
413
457
516
667
815
855
839
871
895
770
620
465
309
193
-5
-174
-331
-496
-586
-675
-753
-869
-883
-733
-695
-707
-607
-394
-203
-179
-92
122
360
471
417
516
724
813
736
627
669
681
495
237
127
153
40
-225
-378
-395
-417
-559
-675
-632
-557
-541
-586
-546
-425
-288
-166
-122
-33
135
253
279
295
383
479
507
497
470
439
430
384
267
150
76
29
-63
-187
-229
-254
-331
-393
-414
-394
-424
-453
-369
-271
-236
-203
-71
65
116
135
179
268
312
328
316
313
396
377
286
261
251
218
81
-10
-12
-73
-158
-240
-255
-261
-330
-376
-353
-302
-316
-289
-198
-139
-82
-35
45
122
185
242
284
320
319
310
311
291
250
196
162
122
33
-44
-67
-100
-159
-211
-226
-233
-312
-329
-251
-235
-265
-250
-107
15
-16
-66
69
246
248
169
183
305
346
228
142
178
227
149
-8
-33
27
-5
-125
-196
-164
-116
-164
-229
-200
-140
-130
-155
-121
-56
-14
10
15
47
92
130
143
110
105
125
129
100
65
37
4
26
51
24
-24
-24
25
31
-25
-80
-72
-34
-73
-129
-90
-41
-64
-79
-30
21
0
-33
5
60
28
-6
54
96
40
11
80
106
30
7
60
51
-36
-63
-13
0
-55
-120
-84
-6
0
-46
-49
32
66
-15
-71
10
88
-5
-74
24
101
33
-43
-11
44
33
-30
-53
24
51
-56
-82
22
57
-25
-59
5
40
11
-24
-16
45
52
-17
-12
56
49
-13
-25
2
31
26
-4
-5
23
52
9
-66
-46
5
-31
-78
-70
-28
21
-9
-43
28
65
16
-17
24
33
8
-8
-48
-43
22
79
37
-46
-19
72
57
-37
-44
7
0
-43
-4
53
41
33
20
15
31
-7
-47
-28
-21
-55
-79
-52
-5
14
-2
7
52
49
3
-29
0
59
35
-20
-30
-9
4
-18
-30
0
1
-3
5
-16
18
54
18
-35
-18
83
46
-38
-32
-7
45
16
-52
-49
30
43
-78
-55
42
6
-58
-26
59
56
12
-11
3
49
8
-61
-39
26
2
-68
-38
31
34
-25
-23
38
8
-14
4
9
30
23
11
2
48
75
-25
-41
4
-25
-38
-39
-29
-4
12
-13
-44
48
92
17
-1
20
47
9
-77
-56
21
29
-29
-39
17
21
-14
-17
1
36
23
-17
-12
-12
-25
-28
-15
2
8
-3
1
3
-22
-21
15
22
6
14
8
-1
6
-8
-24
11
48
4
-28
8
24
18
8
-8
14
44
17
-13
-3
24
4
-34
-26
-13
-16
-26
-41
-40
-30
-16
-9
-11
-8
18
30
16
6
14
51
45
2
-1
29
29
-30
-42
10
17
-41
-58
10
16
-31
-29
4
43
21
-13
10
59
44
-17
-12
24
17
-32
-49
-10
-2
-49
-81
-35
22
-5
-38
10
60
51
8
28
71
42
11
14
48
18
-41
9
41
-33
-83
-24
32
-29
-106
-61
29
15
-82
-81
35
68
-19
-66
14
110
40
-78
0
136
72
-82
-17
142
75
-74
-53
93
93
-83
-106
37
77
-63
-176
-25
93
-44
-147
-17
126
2
-99
56
123
2
-75
3
94
22
-90
-45
34
19
-21
-36
-11
37
50
-16
-55
28
71
-28
-63
30
71
12
-43
3
60
36
4
-23
-6
20
-1
-11
-30
-24
-10
-41
-57
-50
-21
4
-12
-25
-9
15
5
-30
-18
40
49
0
13
56
45
11
-5
23
68
43
-16
-2
44
13
-56
-53
1
-1
-33
-21
6
7
-25
-42
-12
15
0
-38
-15
23
-1
-27
-16
14
11
2
17
17
15
21
20
19
15
10
1
8
12
-4
-4
-3
-8
-11
-17
-13
-3
-4
-15
-16
3
3
-17
-2
30
12
-28
-17
23
3
-41
-25
22
22
-16
-17
14
19
-11
-9
24
23
-10
0
38
18
-33
-18
28
15
-39
-32
27
35
-21
-48
9
54
10
-38
-6
51
40
-19
-32
13
27
-21
-42
-2
22
-5
-42
-25
16
9
-23
-31
11
37
2
-21
3
35
20
-17
-10
20
25
-7
-16
22
30
-11
-24
14
26
-3
-26
-1
32
8
-24
-19
6
12
-19
-29
-8
0
-6
-22
-22
0
3
-9
-14
-2
17
3
-2
10
19
21
10
1
12
19
13
5
7
19
16
-2
1
18
6
-23
-19
11
5
-36
-39
2
4
-38
-46
-5
17
-9
-26
0
25
15
-2
1
23
21
8
8
17
19
8
3
11
9
0
-2
5
9
-3
-8
-3
-1
-2
-10
-11
-5
2
-3
-17
-6
7
0
-9
-3
2
-2
-4
0
0
-3
-2
-1
1
-4
-14
0
5
-2
-10
-3
5
3
3
-3
0
11
12
0
0
11
16
11
2
1
6
11
0
-7
0
-2
-2
-1
-8
-3
-4
-2
1
-5
0
-4
-6
1
-3
0
-4
-8
2
-2
-2
-1
-4
5
3
-1
0
3
9
-1
-5
6
6
2
0
-2
3
7
6
0
-3
3
4
1
-4
-7
-2
3
-2
-10
-2
4
1
-4
-4
2
2
-2
0
0
0
1
-3
-1
-1
-4
0
0
1
-2
-4
2
-1
0
4
5
2
1
2
1
5
4
2
4
3
1
0
0
1
2
0
0
1
0
-2
-5
-3
-3
-3
-1
-7
-8
0
-2
-2
-1
-3
1
0
-1
0
3
5
1
0
2
4
5
1
-1
4
6
2
0
1
0
0
0
2
0
-2
-1
-2
-2
-1
-2
-3
-5
-4
0
1
0
0
0
0
-5
-2
2
-2
-1
0
4
7
5
2
-1
3
4
0
0
-3
1
0
-2
1
0
2
1
0
1
-2
-3
-4
0
1
-3
-2
0
3
0
-5
-1
0
0
-1
0
1
3
1
-1
1
6
-1
-3
0
2
1
2
-1
0
5
-1
-2
-2
1
0
-1
1
1
1
2
-3
-8
0
6
-3
-12
-3
15
6
-19
-12
16
14
-15
-20
11
21
-9
-22
5
28
2
-21
-5
22
15
-15
-18
13
24
-9
-24
7
23
-3
-21
0
23
2
-16
-2
10
2
-11
0
10
-2
-7
0
3
0
-2
2
4
-1
-5
2
5
-5
-10
-1
5
-1
-11
-6
7
0
-9
0
7
4
-1
-5
3
6
7
2
-2
4
4
-1
-6
0
4
-4
-8
1
6
1
0
5
6
3
2
0
0
1
-2
-5
-5
0
-1
-3
-5
-4
-1
-3
-5
0
0
2
2
0
3
3
5
0
1
7
6
0
0
3
-5
-3
-4
-3
-4
-5
1
0
-5
-3
3
2
-1
-1
4
7
0
-5
0
4
0
0
0
-3
3
6
-4
-5
0
6
2
-11
-8
14
11
-16
-12
12
14
-5
-10
5
13
1
-5
1
7
-1
-4
-2
-5
0
3
-1
-11
-8
5
4
-7
-7
7
8
-3
-5
2
5
-2
-2
2
2
-2
0
2
-3
-6
0
11
5
-4
0
5
6
-3
-5
2
0
-5
-8
-4
4
1
-3
3
6
4
0
0
9
1
-6
-3
-3
-2
-2
-2
-1
-2
-4
-2
-5
-1
0
1
6
6
3
3
5
2
0
-2
-3
-4
-5
-6
-4
1
3
3
7
12
10
7
3
-1
-2
-3
-2
-5
-6
-5
-2
1
1
-1
2
4
0
-2
0
-1
0
-1
-3
0
1
-5
-3
0
0
0
2
2
1
1
5
7
-1
-2
1
1
-1
-5
-2
-2
0
0
0
2
0
0
2
2
0
1
1
-1
0
1
3
3
-1
-2
0
0
-3
-6
0
0
-1
0
0
0
-1
0
1
1
0
-1
-1
-2
-1
-4
0
0
-1
1
0
0
2
0
1
1
1
0
-1
0
1
0
0
0
0
-2
-2
3
3
0
0
2
0
0
0
0
0
0
0
2
0
-3
-1
-2
0
-1
0
1
-1
-1
0
0
0
0
0
2
1
0
0
-2
1
0
1
0
0
1
1
0
0
0
1
1
0
0
1
0
0
0
-1
-3
-1
0
-1
0
-1
-2
2
0
-2
0
1
0
0
2
1
0
0
-2
0
4
0
0
1
0
-1
-2
0
1
2
0
0
1
2
0
-2
0
0
-2
-2
1
1
0
-1
-2
-1
-1
-1
0
2
-1
-1
-1
0
-1
0
0
0
2
0
0
1
6
2
0
0
1
2
0
0
-1
0
-2
-3
1
0
0
0
-3
1
-1
-2
1
0
1
1
0
-2
0
1
-5
0
0
0
0
0
2
1
4
0
2
1
-3
-2
0
0
0
0
0
0
1
0
0
3
2
-3
-1
-1
0
1
1
3
0
-2
-1
1
0
0
0
0
0
-1
-2
0
0
0
-1
0
1
3
0
-2
2
1
0
3
0
1
-1
-1
4
2
0
-1
-1
0
-3
-3
2
2
-3
-1
-2
-1
3
0
0
0
0
0
-1
0
1
2
-2
-2
4
2
0
0
2
0
-1
0
-1
-2
-1
2
0
0
0
0
2
0
-1
1
2
0
-2
1
3
2
-2
-2
-1
0
-4
-2
1
0
0
0
-2
0
1
0
1
-1
0
1
0
0
4
1
3
0
0
2
0
1
-1
0
1
-1
0
-2
-2
0
-2
-1
0
0
1
0
0
-1
-1
-1
1
1
2
1
-1
0
3
0
0
0
0
0
-2
1
-1
0
1
0
0
-1
1
1
0
0
-2
0
0
-1
0
-2
0
1
-2
2
2
0
0
4
0
-2
-2
-1
1
-1
-1
0
-3
0
0
-1
0
0
1
1
-1
1
2
3
3
-2
0
0
-1
-2
0
0
-1
0
0
-1
3
-1
-3
1
0
0
0
-1
0
0
0
0
0
1
0
1
-1
-1
0
1
0
0
2
0
0
-2
1
1
0
0
0
-2
-3
0
-1
0
1
0
-1
1
2
0
-1
0
1
-1
0
0
-2
0
-1
-1
1
0
3
1
0
0
0
1
-1
-1
0
0
0
-1
0
0
0
2
-1
0
2
0
-2
0
1
2
0
-1
0
1
-2
-3
0
1
1
-1
-1
0
0
0
3
0
-4
3
5
0
0
3
-2
-4
-1
0
0
1
2
2
-1
-2
0
1
0
-2
1
2
-2
-2
0
-1
-3
1
2
0
1
1
3
0
-4
-1
3
-2
1
2
-3
0
0
-1
-1
1
0
0
2
1
-1
-1
-1
0
1
-2
-3
2
2
0
0
0
-4
-1
2
0
-3
-1
0
1
0
0
1
1
0
2
1
-1
3
2
0
0
0
0
1
2
0
1
1
-1
1
-2
-2
-2
-1
-1
-1
2
0
0
0
-2
-2
0
1
-2
0
1
0
0
0
1
1
1
2
0
0
1
0
-2
-2
0
0
-1
-2
1
2
0
1
1
0
1
0
0
-1
1
0
-2
0
2
1
-2
0
0
0
0
0
0
0
0
-3
-1
0
0
0
0
-1
0
-1
0
3
1
0
0
2
0
1
1
1
0
-2
-2
-1
2
0
-2
0
1
-1
1
2
-1
0
2
0
0
0
0
4
0
0
0
-3
0
1
-2
0
0
0
0
-2
-4
-1
0
-1
0
-1
-1
4
6
-1
-2
3
0
-1
-1
-1
1
-1
2
4
-1
-2
2
2
1
-1
0
1
-1
-1
0
2
-1
-2
1
0
-3
2
2
0
-2
0
2
-1
-3
1
3
0
-1
0
0
-3
1
-1
-2
0
0
0
0
0
0
0
4
3
0
-2
0
2
1
1
0
1
-4
-1
0
-2
-1
1
3
0
-3
0
-1
0
1
2
-1
-3
1
1
2
0
-2
0
1
1
-1
-2
-1
0
-1
0
0
0
0
-1
0
1
-3
0
1
0
2
0
0
-1
-1
0
0
1
-1
-3
2
3
0
1
0
-2
-1
-1
4
0
0
2
0
1
0
-1
0
0
-3
0
3
1
0
-2
-2
0
-1
0
3
3
0
-2
0
-3
-1
2
1
1
0
-3
-1
3
-1
0
2
0
0
1
-1
-3
1
0
-1
-1
0
1
0
-3
0
1
0
2
0
0
0
-1
0
0
1
1
-1
-1
-2
0
1
1
2
1
-1
0
0
-3
-1
-1
0
-1
2
2
-1
1
1
0
1
1
0
0
-1
-2
0
0
1
4
-2
-5
0
0
-1
0
1
0
0
2
0
0
0
0
0
-3
-2
0
3
0
-3
0
4
1
-1
0
1
-1
-1
2
1
0
0
-1
0
-1
0
0
0
0
0
0
-1
0
-2
0
0
0
-1
0
3
0
-3
0
2
0
0
1
0
0
0
-2
1
0
-1
-1
-3
-1
0
0
0
0
1
1
0
2
3
1
1
1
0
0
0
1
1
0
1
0
-4
0
0
-2
-1
0
0
-4
-2
1
0
-1
0
2
2
0
-1
0
0
0
0
0
1
0
1
0
0
0
1
3
0
0
0
0
0
0
0
0
-3
-1
0
0
3
-1
0
1
-1
-1
0
0
0
0
2
0
-1
0
0
0
-2
-1
1
0
0
0
1
2
2
0
-1
-1
0
0
-1
-1
2
0
-3
1
0
1
2
0
0
-1
1
1
0
1
0
0
1
0
0
2
0
0
0
0
0
1
0
-1
0
-3
-3
-1
-1
-1
1
0
0
0
-1
0
-1
-1
0
0
0
-1
0
-2
0
3
-1
1
2
0
0
-3
0
0
0
1
0
-1
1
2
0
0
2
3
0
0
2
0
0
0
2
2
0
1
-1
-2
2
1
0
0
-3
-4
0
0
0
0
-3
-5
-1
0
-1
-3
3
0
-3
0
-1
-1
0
0
2
2
1
2
1
1
0
1
0
1
3
0
0
1
-1
0
3
2
0
0
0
0
0
-1
-2
0
-3
0
1
-3
-1
0
-2
0
0
-3
-1
-2
-4
-1
0
0
-3
0
2
1
0
0
0
0
2
0
1
0
1
3
2
0
0
4
3
0
0
1
-1
0
1
-1
-2
-1
-1
0
-1
-2
-2
-1
-3
-2
-3
-1
0
-4
-2
2
0
-1
0
3
0
1
3
1
-1
2
2
0
2
2
0
-1
3
2
0
0
3
1
-1
1
2
0
-2
2
2
-4
0
0
-2
0
0
0
-1
-1
-2
0
-1
-6
0
0
-4
1
0
-3
0
0
-3
0
3
-1
0
0
0
1
2
2
1
1
2
3
0
0
3
1
0
2
1
0
0
0
0
-2
-2
0
-2
0
2
0
-2
1
-2
-1
0
-3
-6
0
0
0
0
0
0
-1
0
4
3
2
2
2
0
-3
1
0
0
4
3
0
3
2
-2
-1
0
-3
-2
-2
-1
1
-2
0
0
-3
-1
0
-1
-2
0
0
0
0
2
0
0
1
0
0
-1
-1
0
0
0
0
0
2
3
0
0
0
0
1
0
2
-3
-2
4
0
-2
0
0
0
0
-1
4
0
0
1
-1
0
-2
-2
0
-1
2
0
0
0
2
-1
-1
0
-1
-1
0
-1
0
0
0
-2
-3
0
-2
0
1
2
2
0
0
1
-1
-1
1
0
0
1
0
-1
-1
0
2
0
0
3
-1
-3
0
1
1
3
1
-1
-3
0
0
1
1
-1
0
0
2
0
1
0
-3
-1
-1
0
-3
-2
3
1
-2
0
4
2
-4
-1
0
-3
-2
1
0
-2
-1
0
2
0
0
5
0
-4
0
1
-2
-2
4
2
1
5
4
2
-2
0
0
-4
-4
-1
-2
0
2
0
0
1
2
0
0
-1
-4
1
0
-1
1
1
1
0
0
1
-2
0
2
0
0
0
0
0
1
2
-1
-2
0
0
-2
0
0
-4
-3
2
1
0
2
0
0
1
0
0
0
0
0
0
0
2
1
-2
2
1
-1
1
1
0
-2
-1
0
0
0
0
3
0
1
2
0
0
1
0
0
1
0
0
0
0
1
-1
0
1
-3
1
0
-3
0
-1
-2
-2
-1
-2
-3
-2
-3
1
0
0
1
1
0
1
1
-2
1
2
1
2
0
0
0
1
0
0
0
-1
0
1
1
0
0
0
2
2
-1
-1
-1
0
-1
-3
1
0
0
-3
-3
1
0
0
0
0
-1
0
0
-1
0
0
0
0
1
0
-1
3
0
-2
2
0
2
2
-2
3
1
0
1
0
0
-1
0
-2
-1
-2
-2
0
-2
0
0
1
1
1
0
-2
0
0
0
0
3
1
0
2
0
0
1
3
1
1
0
-1
-2
0
-1
-1
0
0
0
0
0
-3
0
1
0
0
-2
-1
0
0
1
2
1
2
3
1
3
1
0
-2
-1
0
0
0
0
1
0
1
0
0
0
-2
0
-1
0
1
-1
0
0
0
0
1
-1
-1
0
0
2
0
-1
0
0
0
-1
0
1
-1
-2
2
1
-1
0
2
1
0
0
1
3
0
1
0
0
0
-1
0
0
-1
-3
-1
0
-1
-2
-2
-1
-1
1
2
1
1
2
0
-2
1
1
-1
0
0
-1
-2
0
0
1
2
0
0
0
1
0
-1
0
1
0
0
0
-2
0
0
0
2
0
0
1
-2
0
0
-2
-1
0
0
0
-1
1
2
-2
0
0
0
0
0
-1
1
1
0
2
1
0
2
2
-1
0
1
0
0
-1
-1
0
0
0
0
-1
0
0
0
-2
-1
2
0
0
0
-1
1
0
-1
-1
1
2
1
-3
0
0
-1
1
2
0
-1
1
0
2
-1
0
3
0
-2
-1
-1
0
0
0
0
0
2
-1
-1
0
0
-2
0
-1
-1
2
1
-1
0
2
0
-2
0
0
0
0
0
0
-2
0
2
0
0
-1
-1
0
2
-2
-1
2
0
0
-1
0
0
-1
2
1
0
2
1
0
-1
-2
-2
0
0
-1
-1
0
0
1
5
0
0
3
-1
-1
2
0
-2
0
0
0
1
1
-1
0
0
0
0
-1
0
0
0
-2
0
0
-1
0
1
-1
-1
2
0
0
-1
0
3
0
2
3
0
0
0
-1
0
2
0
2
3
0
0
1
0
0
-4
-5
1
-2
0
0
-3
-1
0
-1
-2
-1
-1
0
0
0
0
3
0
1
4
0
2
3
0
0
2
-1
1
1
-1
0
1
0
0
0
-1
-1
0
-1
-1
0
0
1
0
-2
0
-1
-3
0
-1
-1
1
0
0
-1
-3
4
1
-1
1
1
1
0
-2
-2
0
0
-4
-2
4
2
-3
0
0
3
5
-1
-1
-1
0
-1
1
0
-1
1
0
2
0
-1
1
-1
1
0
-3
0
1
3
1
-2
1
3
0
1
-1
-3
-3
-3
-1
-1
-1
2
1
1
0
0
0
-1
1
2
-2
1
5
-2
-1
1
1
6
2
2
0
-1
0
-4
-2
0
-1
2
0
0
1
-3
-1
-2
-1
0
-1
1
0
-1
0
0
2
-4
-3
-2
-1
-2
-5
0
3
4
2
4
3
0
1
2
2
2
1
0
-3
-1
0
3
0
2
3
-4
-1
0
1
0
0
1
-4
-2
-2
-1
1
-2
-1
3
0
-3
1
1
0
-2
-1
1
-2
-2
0
3
0
0
2
2
-1
-3
1
2
-1
2
3
0
2
1
0
2
1
0
1
0
0
-4
-2
1
-2
-1
-1
-1
0
-1
2
2
0
1
-2
1
0
-3
0
0
-1
0
-1
-2
-1
0
-1
0
-2
-1
0
0
2
1
3
0
0
2
-2
1
0
0
3
0
2
1
1
2
-1
1
0
-3
0
0
-3
-2
-1
2
2
0
0
3
2
0
-1
-1
-2
-1
3
1
-1
0
0
3
4
0
-2
-1
2
2
-2
-1
-4
0
4
0
-3
-2
0
-2
0
0
-2
0
-1
-1
0
0
0
0
0
0
-1
1
2
0
1
3
-1
1
0
-3
1
1
0
1
2
0
-2
0
1
0
-1
0
0
3
-1
-2
1
0
0
0
0
-2
0
2
-1
0
0
0
-2
-1
2
-2
-3
0
1
0
-1
0
0
1
2
2
0
-1
1
2
1
0
1
1
0
0
0
1
0
0
-1
-1
0
-4
0
0
-1
0
0
-4
0
0
0
2
-1
0
-1
0
1
0
1
-1
-2
0
0
2
1
-1
0
0
-1
0
2
2
0
0
0
2
0
-3
1
-3
-3
2
0
0
0
-1
-2
-3
-1
1
1
0
0
0
1
4
0
0
2
0
-1
1
2
-4
-3
2
3
-4
-3
4
0
-5
0
2
0
-3
2
-1
-3
0
0
0
1
4
0
0
0
0
0
0
0
1
0
1
1
-2
-2
1
2
0
0
0
1
-1
-2
1
1
2
2
0
-3
-1
0
1
-4
-2
0
-3
0
-3
-3
2
0
-1
2
1
0
2
0
0
1
0
3
4
-1
0
2
-3
1
4
-5
-1
1
1
0
-2
0
2
0
-2
0
-1
1
3
-1
0
0
0
-4
-2
0
0
-3
0
2
-2
-1
1
3
1
0
0
0
0
0
1
1
0
0
1
0
-2
-5
0
2
0
0
0
1
3
-4
-2
7
0
-2
0
3
0
-3
0
2
-1
-4
0
1
0
-1
3
6
-2
-2
0
0
0
-2
-2
-2
1
0
-1
-2
-3
-2
0
0
-1
1
4
-1
0
4
1
3
2
0
3
-2
0
2
0
1
0
-2
-1
2
2
-1
-3
2
1
-6
0
3
-3
-3
1
3
3
0
-5
0
3
0
1
2
-1
-2
2
0
2
0
-8
-2
2
-5
0
0
-7
-3
-1
-4
0
3
-1
-1
-1
0
2
-1
2
6
0
0
5
1
-1
0
-4
-2
7
4
0
0
2
-3
-1
8
-2
0
2
-5
0
3
-2
-2
-1
-1
3
1
2
1
-2
-4
1
0
-1
1
-1
0
0
1
4
-4
-5
1
4
-1
0
0
0
0
-5
1
0
-1
0
0
1
-2
0
0
0
1
-1
0
0
-1
1
-1
-3
0
4
2
0
4
1
0
-1
-1
0
0
1
-1
0
0
1
0
0
4
-3
-1
0
0
-1
-3
-1
1
3
1
1
0
-1
2
-1
0
1
-2
0
1
-1
-1
-1
2
0
-3
0
-1
-4
2
3
1
-2
-1
3
-1
-1
2
0
-2
4
2
-4
1
-3
4
3
-5
5
2
-1
0
0
-1
-2
0
1
0
-4
0
1
0
-2
-5
0
5
0
-1
0
-1
3
-1
-3
0
4
4
-3
-1
-2
2
3
-3
-3
0
0
1
0
-1
0
0
0
0
0
-1
-2
3
5
1
0
-3
1
2
1
-1
-3
0
0
-2
-1
0
2
0
0
-1
0
0
0
-1
1
2
-2
2
1
-2
0
3
0
-2
1
2
1
0
-6
-2
1
0
-2
-3
-2
2
3
-1
3
2
-5
2
-1
-2
6
1
-5
6
1
-6
6
5
-3
0
-1
-4
1
0
-7
1
2
-5
1
1
-2
3
0
0
0
0
2
-1
0
6
-1
-5
4
0
-10
5
-1
-9
7
-3
-1
6
-8
0
11
-8
0
11
-4
0
7
-2
1
2
-3
2
0
-3
0
2
-4
-1
4
-5
-2
2
-6
1
7
-3
-2
1
4
1
0
1
0
0
2
0
-1
0
0
4
-3
-5
9
0
-6
-2
0
4
-6
-6
1
-1
0
4
-1
-5
4
4
-1
-6
-2
6
0
-5
4
5
-5
2
7
0
0
5
0
-5
5
1
-3
1
-1
-5
7
1
-8
6
-1
-8
4
0
-3
3
-2
2
5
-3
1
1
-4
0
-3
-5
0
1
2
-1
1
0
-3
3
1
-9
9
9
-15
10
10
-16
10
5
-17
16
0
-18
20
-3
-16
18
-7
-14
22
-6
-13
17
-8
-4
15
-9
-9
5
-4
-4
11
-1
-10
13
2
-13
10
3
-13
11
0
-9
17
-14
-4
21
-28
7
23
-27
16
6
-22
22
-9
-12
30
-23
-9
32
-17
-11
22
2
-15
1
2
-4
3
3
-4
0
0
0
11
-10
-9
11
-8
6
0
-16
14
7
-14
7
-2
-10
17
-6
-8
18
-9
-9
16
0
-20
7
14
-10
-6
7
2
0
2
-1
4
0
0
4
-5
2
-3
-9
9
-1
-16
8
13
-13
-3
11
-2
0
9
-4
-4
4
1
1
-9
10
11
-26
17
13
-34
24
6
-40
29
3
-26
20
-9
-7
14
-4
6
-12
2
24
-29
6
27
-37
11
13
-34
26
0
-26
25
-10
-2
22
-19
10
8
-23
25
-11
-18
35
-26
-5
36
-33
0
24
-22
0
15
-8
-3
13
-10
-9
15
-5
-10
11
2
-2
3
7
-4
-6
15
-4
-26
27
3
-32
25
-8
-9
18
-28
17
9
-31
13
10
-2
-22
24
13
-47
45
8
-51
37
1
-22
16
12
-10
-14
29
-15
-24
45
-13
-24
24
-4
0
1
-3
-1
-12
10
-5
-9
26
-20
-16
26
-4
0
0
6
10
-18
19
11
-21
16
3
-15
11
17
-14
-15
15
-9
-5
11
-12
-4
-8
-7
1
-4
-2
-7
5
-5
4
12
-32
17
5
-35
53
-1
-25
37
-18
9
22
-8
11
-14
20
3
-21
44
-28
-12
34
-38
29
7
-51
34
-3
-22
17
-13
-3
-6
-11
13
-7
-4
0
-18
0
3
-8
8
-5
-9
21
-2
-11
18
3
-4
1
0
5
0
3
-4
3
16
-9
2
3
-9
18
3
-14
8
5
-1
4
-4
-1
11
-1
-6
-3
-5
5
11
-7
-4
2
-6
5
-6
-14
17
-5
-18
8
-5
-1
5
-8
-3
-4
-7
6
11
-12
-13
7
6
4
6
0
5
9
6
3
1
6
6
-3
0
6
-4
0
0
-9
-3
-6
-1
5
-9
-6
0
-9
-1
6
-2
-4
0
0
0
-2
-1
3
3
1
0
-1
-2
2
4
0
4
3
7
5
-3
1
1
-4
-2
-3
-2
1
-1
0
3
0
3
1
0
-1
-1
5
0
-1
8
-2
-1
-1
-6
0
0
1
0
0
1
-7
-8
-3
0
0
-6
-5
-2
1
5
4
4
2
3
8
3
2
0
0
2
0
-1
-3
2
3
-2
-1
2
3
-1
0
0
-3
0
1
-1
-4
-10
-2
0
-3
-1
-3
1
2
-4
-2
2
2
1
1
0
4
5
-3
-2
-1
-3
3
5
-2
-3
3
5
2
0
-4
0
2
-6
-3
0
-2
3
1
-5
-2
-2
0
-1
-1
4
0
-2
2
3
-1
2
4
-2
1
1
3
5
-2
-5
-2
0
1
-1
-3
-2
0
-1
0
4
4
-2
-6
0
6
0
0
3
-1
-2
-1
0
4
3
0
0
-1
-2
0
2
3
-1
-2
0
5
0
-3
2
1
-2
-7
-3
3
3
-4
-2
-1
1
3
0
0
-2
0
-2
1
7
1
-3
-3
0
-1
0
1
-3
0
-1
0
4
3
-3
0
1
0
2
4
-1
-5
-1
3
4
-3
-1
-3
-2
4
7
4
-4
-7
-6
-1
6
9
1
-11
-12
-2
12
15
4
-9
-12
-2
10
15
8
-9
-18
-4
8
12
5
-7
-13
-9
2
8
4
0
-7
-6
3
9
5
0
-3
-8
-3
3
5
0
0
-1
-4
0
0
0
4
2
-1
-5
-1
2
5
3
1
-3
-3
0
0
0
1
0
-2
0
3
0
-3
2
4
0
-1
0
-2
-2
1
0
-2
0
-2
2
5
0
-2
-2
-7
-1
7
5
0
-2
-2
-2
2
7
3
-2
-5
-5
0
6
4
-3
-6
-4
0
6
10
1
-5
-5
-1
4
3
3
-1
-4
-3
-2
5
7
0
-4
0
0
-1
2
3
-5
-6
0
2
1
-2
0
0
-3
-2
-1
1
1
0
0
2
-4
1
8
1
-7
2
5
-6
-4
7
0
-9
1
7
-5
-6
11
5
-6
1
2
-6
-2
7
2
-4
5
6
-4
-1
5
2
-4
-2
-3
-8
4
7
-1
-3
0
1
-2
0
0
-4
-6
1
4
-3
-2
6
1
-4
0
8
0
-11
0
6
-4
-7
1
3
0
1
4
3
-5
-7
-1
0
3
-1
-7
2
11
-4
-5
8
4
3
-1
-1
4
0
0
7
9
-8
-7
4
0
7
0
-22
-4
2
-4
9
0
-12
-2
1
-1
10
7
-6
-9
-6
13
15
-1
2
-8
-11
11
1
-2
2
-16
-4
9
0
2
0
-13
-2
15
-2
0
11
-7
0
9
-1
-1
-1
0
3
7
-4
-7
6
-3
0
13
-10
-9
4
1
7
4
-8
-6
2
0
3
0
-10
-3
4
0
-1
-3
-2
1
0
6
0
-1
8
0
0
0
0
4
-2
0
5
-1
-5
-4
1
7
0
-5
3
-5
-6
5
3
5
2
-8
-3
4
-4
-7
4
4
-3
0
-1
2
2
-2
3
12
-1
-15
7
14
-3
-5
-1
10
8
-11
-5
10
2
-13
-3
8
3
-14
-9
9
-1
-9
-9
3
12
-2
-6
3
0
-4
-3
1
5
-2
0
0
-3
2
5
1
-11
-4
4
-1
-3
-4
9
15
-8
-4
8
9
3
0
12
16
-7
-8
13
8
4
0
-2
12
0
-17
0
4
-4
-4
-16
-4
9
-13
-5
10
-13
-9
0
-8
-2
0
-1
1
-4
-3
4
0
0
0
3
3
-4
-2
3
0
-1
3
8
2
-1
4
4
7
3
0
4
4
7
4
-2
5
2
-8
3
-1
-7
1
-4
-6
1
-9
-10
9
-6
-7
11
-15
-3
18
-13
-5
11
-7
2
13
0
2
10
-4
-2
9
-9
-5
11
-13
-2
12
-8
0
7
-9
-3
13
-5
-2
7
-8
2
7
-7
9
5
-10
5
-1
-4
14
-5
-7
6
-11
0
11
-7
0
-3
-15
9
7
-2
9
-8
-4
6
-4
4
6
-10
-2
4
0
4
-4
-3
3
-2
0
0
-3
3
-4
-7
5
6
0
3
0
-4
1
0
3
12
0
-6
-2
-5
2
9
2
3
-7
-10
-4
1
11
4
-2
-7
-14
-3
6
9
2
-8
-8
-5
1
11
-1
0
5
-5
4
8
1
0
-2
1
8
1
-5
-5
-8
0
4
5
1
-11
-2
0
0
7
4
-5
-1
3
0
0
-2
2
6
0
-1
1
2
3
0
2
0
-9
7
7
-18
-12
-5
-1
9
-2
-11
-12
-7
11
18
9
-6
-16
-7
4
24
19
-7
-8
-11
3
28
16
-2
-7
-11
0
11
2
2
-2
-19
-11
3
1
-4
-6
-5
-3
-7
3
8
-4
-5
-3
3
16
3
1
5
-9
2
23
7
-11
0
3
-7
-2
3
5
3
-17
-14
4
0
1
7
-5
-16
-12
8
9
7
4
-11
-3
7
3
8
1
-4
5
3
-5
1
3
-1
4
-1
-3
4
0
-1
1
-2
0
-7
-4
8
-5
-6
3
-7
-2
11
1
-3
-2
-6
0
3
4
2
-3
0
2
3
0
0
0
1
3
-1
-5
-2
2
5
3
1
-2
-6
-2
6
-1
-5
2
-2
-4
3
-3
-3
0
-1
4
1
-2
1
2
0
3
3
-2
-1
-2
-3
-1
0
-1
1
10
1
-5
0
-1
-1
2
0
-4
-4
-1
5
4
0
1
6
2
-2
-2
-2
-1
2
2
-2
1
2
-2
0
0
1
-1
0
0
-1
0
-1
-2
2
0
0
4
0
0
0
0
0
-5
-3
-5
-3
4
1
1
1
0
2
0
-1
0
0
-3
1
2
1
1
3
0
0
3
0
0
-2
-1
-3
0
4
0
4
0
-6
0
0
0
1
-2
-4
-2
-3
2
0
0
5
-3
-2
5
0
-3
0
-1
0
4
2
2
5
-3
-2
3
-1
-2
0
0
0
1
-1
-2
2
-1
-5
-1
0
-1
-3
0
-1
-6
-3
-2
-1
1
-1
2
0
0
5
5
7
4
2
7
5
4
3
2
3
1
1
1
-2
0
0
-3
-4
-3
0
1
-4
-4
-3
-4
-3
0
-2
-3
-4
-1
0
0
1
-3
0
0
0
2
1
4
3
0
1
1
2
-1
0
2
-5
-4
0
0
0
1
-1
2
3
1
7
2
0
4
4
7
2
-7
-4
4
5
3
-2
-15
-7
0
4
6
-3
-14
-7
4
11
10
-8
-13
-7
1
16
10
-7
-16
-10
10
19
10
-8
-13
-13
2
17
11
0
-16
-17
3
19
15
0
-12
-14
-3
10
11
3
0
-11
-16
3
13
6
3
-3
-15
-15
4
17
5
-7
-15
-15
-6
13
19
6
-11
-16
1
12
7
7
-7
-16
1
12
13
-2
-14
-2
10
15
-1
-9
-11
-6
17
19
-2
-16
-11
0
16
19
-7
-22
-14
-2
19
15
-4
-18
-15
-2
10
25
0
-17
-14
-8
10
18
15
-8
-18
-11
4
21
10
-3
-6
-12
-1
11
8
0
-10
-2
0
-1
3
3
3
1
0
-1
-2
-2
5
2
-8
-13
-7
7
11
8
-1
-7
-16
3
21
4
-4
-11
-8
2
6
8
-2
-14
-12
-4
8
15
6
-6
-6
0
4
11
3
-7
-9
-6
1
5
5
2
-6
0
3
2
5
0
-3
-2
1
7
3
-5
2
0
-9
1
-2
-2
0
-5
11
7
-8
8
1
-4
7
-13
-4
0
-12
7
3
-1
12
1
-8
11
-14
-8
17
-10
-1
7
-4
1
0
3
0
-5
3
8
-3
-4
11
-5
0
11
-8
-8
3
8
-6
4
7
-7
-13
-3
11
-2
2
1
-18
-4
10
8
5
-4
-5
-4
-3
13
14
-5
-6
-4
-12
3
12
3
-4
-16
-1
4
5
14
2
-10
-9
0
5
10
7
-3
-11
-14
-1
10
10
1
1
-6
-15
1
12
6
-2
-8
-4
-3
0
9
0
-12
-2
4
2
3
3
-1
-1
5
-2
-6
5
3
6
1
-15
-8
5
6
5
-7
-16
5
13
13
2
-24
-9
10
11
14
-12
-25
1
7
17
14
-13
-3
3
-5
2
-2
-1
7
0
0
-5
-19
6
16
0
-1
-13
-6
2
0
17
6
-25
1
20
-7
-15
11
6
-13
18
19
-31
-6
18
-8
3
4
-18
3
7
-13
14
18
-22
0
8
-22
4
28
0
-18
5
8
-4
14
0
-25
-4
12
1
11
-4
-23
0
10
5
2
-6
-9
3
7
0
13
-4
-20
2
12
-2
2
4
-7
0
-3
3
13
-7
-5
6
-8
0
13
3
-8
-2
-10
2
24
-10
-16
6
-10
5
11
-4
3
-17
-6
28
-5
-15
5
-2
-2
7
16
-8
-25
9
10
-6
13
0
-18
0
3
3
9
-1
-5
-3
3
12
5
1
-6
-6
11
2
0
11
-15
-15
11
-1
4
12
-22
-12
10
0
6
1
-25
-6
20
1
-8
3
6
1
-1
-4
-3
0
10
15
-7
-24
-3
4
11
17
-13
-13
0
-5
22
34
-13
-54
-38
-1
25
47
47
15
-27
-40
-8
22
26
-9
-47
-42
-22
24
77
55
-7
-43
-41
-13
17
24
-7
-40
-41
-1
37
41
37
0
-41
-25
7
28
24
-18
-37
-19
-9
17
55
16
-32
1
5
-3
30
11
-28
-33
-13
23
25
-4
-14
2
3
4
18
9
-25
-47
-22
8
26
23
-2
-15
-30
-25
18
41
15
1
4
-11
-7
13
4
-18
-21
-19
-8
32
44
35
15
-31
-27
9
8
7
6
-21
-9
11
0
12
18
5
-8
-19
-7
8
5
-1
-7
-32
-21
20
-15
-25
39
17
-19
17
-13
-43
-11
-15
1
15
-10
19
31
14
17
-8
-1
18
-26
-6
21
-31
-4
42
2
0
27
9
-8
-2
1
-22
-15
19
7
-12
3
20
3
-23
-11
8
-32
-22
34
8
-17
17
5
-31
-1
13
-19
-17
13
-9
-18
18
0
-15
17
13
-8
20
19
-23
4
16
-18
-2
14
8
0
8
27
2
-17
7
-7
-29
-5
13
-5
-21
11
17
-3
4
12
-7
-34
-2
7
-31
-3
41
0
-30
11
14
-20
3
28
-16
-22
21
15
-17
-9
8
11
16
4
-3
3
18
20
10
-7
-44
-26
14
10
14
12
-5
-7
4
3
-16
-18
11
8
-19
-5
-6
-4
13
11
-9
-14
10
14
-1
-5
0
-8
-15
13
7
-10
10
11
3
3
2
7
-5
-9
-4
-14
0
28
23
-7
-14
0
14
16
-7
-26
-18
-6
-5
-10
13
37
13
-9
-27
-43
-5
35
7
-29
-27
-2
19
23
13
-6
-14
-5
4
4
17
15
-8
-14
0
17
14
-5
-14
4
30
31
-1
-15
2
8
1
-20
-11
6
5
17
5
-13
-9
-2
-5
-1
-7
-41
-20
25
30
12
-25
-41
-27
11
37
11
-7
-9
-6
5
13
11
0
-4
-2
2
8
6
13
19
4
-15
-24
-19
11
34
8
-27
-31
8
36
18
-24
-40
-9
14
11
9
0
1
0
-18
-10
12
6
-4
-13
-14
7
13
3
1
6
0
-5
3
1
-9
-26
-20
21
59
27
-24
-35
-18
31
35
-3
-25
-18
-3
-1
1
13
8
-9
6
11
-6
-15
-16
10
19
-2
-32
-24
29
23
-10
-2
13
22
-14
-46
-20
15
30
9
-2
3
0
0
5
15
12
-8
-24
-7
-7
-16
-8
6
43
32
-16
-23
-11
9
13
-7
-20
-20
-1
6
6
12
17
-3
-11
11
5
-9
-7
8
13
-16
-10
24
2
-9
23
13
-33
-34
8
24
0
-11
4
6
-7
-1
8
-17
-12
23
13
-20
-13
8
10
-5
-1
26
12
-14
-20
-8
12
1
9
8
-16
-5
-8
3
18
0
-10
-21
-25
4
43
40
-7
-39
-25
2
26
8
11
38
-5
-32
-32
-40
30
58
23
0
-49
-39
10
2
0
13
12
5
-8
-20
-8
16
5
-1
18
-4
-28
-10
8
26
12
-26
-14
8
-1
31
44
-34
-69
-21
65
91
-23
-76
0
2
-19
20
32
13
-34
-40
19
28
-7
-12
-16
-14
31
26
-21
0
4
-30
-1
23
13
8
11
-7
-33
-22
39
43
-47
-44
44
39
-23
-31
-7
14
22
-2
-21
1
4
3
11
-10
-18
10
13
-2
-7
-19
3
37
0
-44
-25
40
56
-19
-54
-7
36
30
-10
-28
-5
9
13
21
0
-38
-36
11
41
19
-30
-26
11
14
-8
-24
-11
31
50
9
-45
-51
-2
37
56
21
-51
-42
21
32
-10
-20
12
11
-6
-6
-10
-1
19
5
-21
-7
17
12
-3
-16
-7
21
7
-31
-28
14
44
17
-19
-33
-22
5
16
24
32
0
-52
-52
7
39
37
35
5
-47
-63
-6
50
58
37
-37
-80
-28
24
51
33
-20
-54
-29
20
50
39
-26
-68
-19
43
45
8
-24
-22
-4
-2
0
6
2
6
17
-11
-31
-9
30
40
0
-45
-49
11
67
53
-18
-64
-58
-8
64
79
12
-77
-85
0
74
65
3
-47
-42
-5
29
35
3
-23
-33
-6
25
15
5
0
-25
-33
-2
46
31
-20
-20
-4
-14
-12
20
39
12
-27
-30
2
9
-3
3
18
16
-14
-18
-3
-3
10
14
5
-9
-18
-2
8
2
1
0
-5
-1
6
5
-18
-9
19
20
-5
-32
-8
26
17
-1
-16
-17
-4
9
24
22
-14
-46
-9
44
31
-7
-28
-2
2
-23
18
43
-3
-50
-31
22
29
9
1
-12
-18
-11
-6
20
48
-3
-58
-19
24
20
4
1
-7
-21
-1
22
13
-8
11
20
-51
-24
49
10
-21
6
-1
-29
0
26
18
0
-21
-15
18
10
-10
6
-4
-18
12
1
-2
20
-15
-16
19
17
-5
-18
-4
14
9
-22
-22
16
22
-18
-14
26
-9
-8
31
-28
-13
48
-3
-37
6
11
-9
4
11
8
-33
-7
50
-33
3
37
-66
28
31
-70
39
39
-57
-5
32
3
-9
-10
13
13
-20
-6
0
16
34
-49
-34
56
-3
-19
51
-22
-52
28
0
-18
26
13
-26
-17
11
-6
30
33
-66
6
55
-62
-3
55
-25
-9
5
-5
14
-5
-16
11
6
-14
9
6
-22
19
8
-39
16
38
-8
-15
-10
0
10
7
13
-17
-47
30
58
-34
-24
27
-17
-8
30
1
-20
-18
9
45
-12
-55
19
31
-20
0
10
-12
-9
10
33
-36
-55
68
43
-56
-20
17
14
-7
-10
22
-1
-2
19
-33
-21
34
37
0
-61
-6
73
-21
-66
27
41
8
-1
-31
-41
-3
58
28
-26
-13
-25
0
30
-15
-10
38
11
-16
-12
-21
-21
23
54
6
-25
-22
-25
11
-1
-12
42
29
-27
-26
4
-11
-10
35
35
-2
-27
-35
-1
19
3
14
18
-4
-17
-20
10
21
-20
-18
16
13
-6
9
3
-24
-21
7
26
10
-9
0
3
-19
-12
7
4
8
16
3
-7
-11
-15
2
16
8
5
11
-3
-20
-3
-1
-4
11
20
3
-20
-23
-4
9
10
3
0
-4
-7
20
11
-19
-9
0
6
23
-6
-6
7
-36
-8
39
-3
-14
10
-12
-8
9
12
9
-26
-19
25
11
-6
6
-6
-20
12
31
-14
-36
25
25
-27
5
14
-29
-1
29
6
0
-8
-6
5
-2
-5
0
-1
5
6
4
-14
-19
19
2
-28
23
21
-27
1
7
-18
-5
5
16
13
-18
0
9
-20
5
31
-5
-25
6
28
-17
-33
26
12
-20
12
-1
-16
12
17
7
-17
-18
18
3
-13
10
2
-4
-3
-11
11
8
-12
0
0
5
4
-22
-9
31
10
-17
-3
0
-2
-1
9
11
-13
-10
15
1
-20
9
18
-15
-8
18
5
-21
0
13
0
2
-7
-8
3
-3
3
18
-8
-8
16
-12
-18
7
8
5
3
8
0
-16
-14
0
17
17
3
-15
-23
-11
13
23
10
-7
-9
-14
-6
12
5
-1
12
4
-20
-2
4
-13
0
13
9
0
-16
-12
8
5
-1
20
13
-26
-11
12
3
4
1
-9
-8
4
7
0
1
-5
-10
2
10
5
-3
-7
6
9
-13
-10
7
6
3
5
4
-8
-18
-6
8
17
5
-10
-3
-1
4
5
-2
-3
-2
1
1
1
2
-4
-8
1
6
0
-2
1
1
-5
-7
4
4
4
4
-4
-3
-2
2
3
-1
0
-5
-7
5
6
2
-4
-6
0
1
3
2
-1
1
-2
0
12
-4
-9
4
4
-2
-5
1
-3
-12
3
13
8
-3
-10
0
6
-3
1
7
-5
0
3
-12
1
2
-10
8
2
-11
6
5
-13
8
19
-2
-4
-2
-2
8
-2
-8
15
-1
-30
4
10
-9
13
0
-12
0
-5
0
17
11
-5
4
-3
-13
6
1
-1
5
-3
0
-6
-7
4
5
-8
-3
6
-6
-6
6
4
3
0
-3
0
-4
1
8
0
5
1
-6
0
-6
-12
9
10
-4
7
7
-11
-4
-5
-11
8
11
5
3
-7
-15
-9
1
6
13
8
-5
-4
-7
-7
10
11
1
4
0
-13
-6
2
1
9
11
3
-16
-17
0
2
8
5
0
3
-7
-11
-6
-1
7
8
6
3
-9
-11
-7
5
14
10
1
-5
0
1
-8
-9
5
21
18
-12
-30
-14
12
22
0
-14
-1
7
0
-15
-9
5
26
17
-24
-18
-1
-4
17
15
-11
2
3
-16
0
2
-11
24
18
-21
-7
-6
-5
25
12
-15
-2
-3
-4
7
-6
-8
15
4
-8
-3
-3
9
11
-1
-8
-6
12
1
-16
1
7
2
2
-13
-8
20
11
-19
-15
1
13
12
-6
-10
3
8
-3
0
-3
-11
14
4
-16
2
13
-3
1
3
-16
-9
17
7
0
3
-4
-7
-4
3
7
0
-5
4
7
-14
-10
17
-4
-17
18
15
-18
-4
8
-11
-2
14
-5
-9
15
8
-17
1
3
-7
2
2
0
10
3
-5
1
4
-1
-4
4
-4
-8
6
3
-5
-2
0
-5
-2
7
1
-4
4
0
-4
0
4
-4
-5
7
0
-3
4
-1
3
4
-2
0
-1
-6
1
5
-3
1
3
-3
-2
2
0
0
5
4
0
1
5
1
-5
-5
4
6
-5
-5
4
2
-2
-7
-1
4
0
1
0
-1
0
-7
2
2
-8
1
3
2
0
0
3
-1
-1
1
0
-1
3
1
2
3
-3
-4
0
2
0
-1
4
6
-2
-3
0
3
-1
-7
6
3
-5
0
2
2
-1
-2
2
0
0
-6
-7
6
3
-5
2
2
-1
4
-1
-3
6
1
-6
5
0
-3
1
1
-3
-2
5
-2
-4
0
0
2
1
-2
2
0
-5
0
3
0
0
-2
-1
2
2
-1
2
1
-2
-1
0
3
2
3
0
4
6
0
-5
-4
0
0
-3
3
4
1
-1
-9
-9
-9
-8
5
12
10
13
2
-13
-16
-11
2
12
17
26
14
-19
-33
-32
-18
12
18
16
30
26
-24
-39
-2
4
-10
-1
29
11
-57
-72
-19
-1
-6
36
92
94
62
30
18
3
-38
-44
-41
-53
-47
-31
-39
-21
48
70
28
17
34
-4
-84
-112
-72
-47
-30
3
39
52
42
43
53
53
40
68
119
76
-12
-4
40
-28
-117
-64
13
-54
-108
-38
-3
-61
-71
0
16
-16
12
58
26
-19
3
29
3
-12
48
103
61
0
3
18
-51
-114
-70
-12
-25
-47
-23
7
-11
-33
10
65
87
76
105
126
52
-26
-19
-15
-86
-109
-19
16
-48
-32
48
43
-19
1
51
26
-19
-8
-14
-63
-77
-46
-48
-55
-9
38
23
1
42
59
17
24
68
62
23
18
49
28
-9
9
13
-15
-40
-39
-23
-52
-66
-25
-7
-17
-28
-10
6
-26
-17
25
15
-6
1
27
13
-27
0
32
10
1
22
40
23
-7
20
42
10
13
19
-2
7
12
-19
-23
2
10
-9
-17
6
13
15
0
-21
9
-11
-48
-31
-43
-53
-22
-18
-36
-12
11
-6
-2
27
14
13
49
35
24
57
38
4
25
25
-7
-2
9
-18
-32
-27
-38
-33
-25
-21
0
6
-1
-6
11
2
-11
5
6
11
10
1
2
7
-3
-3
3
-2
-7
-1
1
-6
-6
7
0
-14
-3
5
-10
-19
0
5
-8
10
24
9
5
15
13
13
0
-3
19
6
-30
-8
18
-21
-36
9
12
-26
-7
19
5
-9
-9
2
6
-7
-12
16
17
-8
1
15
5
-6
2
4
-2
6
1
2
11
-1
-5
6
-1
-3
11
-1
-8
8
-3
-8
7
-12
-15
14
-10
-15
18
-3
-19
11
-3
-19
7
-14
-18
12
-12
-20
21
8
-14
22
21
-9
9
18
-4
3
14
-4
-1
7
-4
3
9
-3
1
8
-12
-11
5
-3
-11
0
0
-5
-3
0
7
2
-11
4
2
-11
-1
5
-2
-1
2
-3
-1
6
-5
-2
7
-2
0
5
0
-2
3
-2
0
6
-1
-1
5
0
-5
-1
2
-1
-10
-1
3
-6
-4
2
1
0
0
0
0
2
0
-3
4
0
-2
5
4
0
-1
3
4
0
2
3
-4
1
8
0
-3
1
4
-6
-11
5
1
-10
-4
5
0
-10
4
10
0
2
2
2
-1
0
5
-6
-5
-2
0
0
-5
-1
0
-2
3
5
0
1
0
-2
2
-1
0
2
-1
1
0
-6
0
8
-3
-1
7
1
-1
4
2
-3
0
1
-1
0
0
-1
-2
-3
0
2
0
-3
-1
1
4
-1
-2
0
-6
0
0
0
2
-3
-2
-1
-1
3
3
0
-1
0
-2
0
2
1
-2
-1
0
2
5
-1
2
2
2
5
0
0
2
1
0
4
2
0
0
0
1
0
-6
-3
-1
-6
-1
-4
-5
-3
-1
0
1
-1
-3
0
-1
1
2
-3
0
-2
1
2
-1
0
4
2
1
6
2
-1
1
2
2
0
0
-2
-4
0
0
2
1
-1
0
0
0
-2
-2
0
0
1
0
0
-1
-1
0
0
-1
0
-1
-2
-1
2
5
-2
-3
1
0
0
-1
-2
1
0
0
-1
0
3
-2
-3
-2
-2
4
3
1
1
1
2
0
1
1
0
-2
-1
1
4
2
-1
-2
-1
0
0
1
-3
-3
0
0
3
-3
0
-1
-6
0
3
0
-1
-2
-1
2
2
3
0
0
1
0
1
-1
-1
1
-1
-2
1
5
0
0
0
-4
0
2
2
0
-2
-4
0
2
1
3
0
-1
-1
0
-1
-2
-3
-3
2
3
0
0
0
-1
0
0
2
-1
-1
2
0
1
1
4
3
-1
-1
0
0
-2
2
2
-1
-2
1
2
-1
-2
0
-1
0
0
0
-3
-4
0
1
-1
-2
0
4
1
0
0
0
0
1
1
2
2
0
1
1
2
0
-1
0
-1
-5
-3
3
3
-1
-1
-4
-1
1
0
0
0
-2
0
5
3
-1
0
3
-1
-3
0
0
2
0
4
1
-3
1
0
-3
-1
-1
0
0
2
1
-2
0
-5
-2
3
2
2
0
0
-3
-4
2
1
-2
3
4
0
0
0
-1
-2
-1
1
1
1
0
-1
-2
-1
0
0
0
0
2
1
0
1
2
1
-2
-2
0
2
0
0
1
-2
-2
0
-1
-3
-1
2
0
-1
1
2
4
-2
-1
0
1
2
0
-2
0
5
3
-1
3
0
-3
1
0
-2
2
0
-2
0
-3
-4
0
-2
-2
3
2
0
0
0
1
2
1
-2
-1
-2
-1
-1
-2
0
0
0
0
0
-2
-1
0
1
0
0
1
1
2
0
1
1
0
0
0
0
-2
0
1
0
2
-3
-1
1
-1
-1
0
2
0
0
-1
2
1
-3
0
0
-1
0
-2
0
1
-2
-1
-1
0
3
2
0
0
0
1
1
-1
-1
0
1
0
0
0
-1
0
0
1
-1
-3
-1
0
0
1
-1
0
2
0
-1
-2
0
2
0
0
-1
0
0
0
2
2
1
0
-2
0
0
-2
0
1
2
4
0
-3
0
1
2
0
-2
-2
2
2
0
-2
0
0
-2
-1
-4
-2
1
1
0
0
1
-1
0
0
0
0
-1
0
1
1
0
0
0
1
2
0
-2
1
1
0
0
-1
0
1
-1
0
1
0
0
0
1
0
0
0
0
-1
-1
0
-1
0
1
-1
2
0
0
1
0
0
0
-1
0
0
-1
0
0
-1
-1
0
0
-1
0
0
-1
1
1
2
1
0
1
1
0
0
0
0
0
0
0
1
-1
0
1
0
-1
0
-1
-1
1
0
0
1
0
-1
2
1
0
0
0
-2
0
0
2
2
-1
-1
-4
-3
0
0
-1
0
0
0
-2
0
5
1
0
-1
0
2
-1
0
0
-1
-1
0
0
-1
2
1
-1
0
2
0
-1
1
0
0
1
-1
1
4
1
1
0
0
0
-3
-1
3
1
0
-1
0
-2
-1
2
0
0
0
-1
2
2
-1
0
0
-1
0
0
0
0
0
0
1
1
0
-1
-1
1
1
1
0
-3
0
0
3
0
1
0
0
-1
1
3
0
-1
0
-1
1
1
-3
0
2
0
-2
0
0
-1
0
0
0
-2
-2
0
0
0
0
0
0
1
-1
0
0
0
0
0
2
0
-1
0
0
0
1
0
0
0
0
0
0
0
-2
-3
0
0
0
1
-1
1
2
-2
0
0
-2
0
0
0
0
1
0
0
0
0
-1
1
2
0
1
0
0
0
0
0
0
-2
0
0
-2
-1
3
-1
-1
0
-1
1
0
-3
2
1
2
0
-3
3
0
0
5
0
-1
1
1
-2
0
1
0
0
-1
0
0
0
-3
-5
0
-2
0
1
2
2
-2
0
2
0
-1
0
-1
0
0
2
4
2
2
-2
-2
3
0
-1
3
0
0
2
0
-1
0
-1
-1
0
1
0
0
0
-1
1
1
-2
-1
0
3
2
-2
-1
0
0
-3
-2
0
-1
0
0
0
2
1
1
0
0
0
-3
-2
-1
-1
-1
0
-1
1
2
0
-1
1
1
4
2
0
2
0
-1
0
2
1
-1
0
0
0
0
0
-1
-1
0
0
0
1
0
-2
0
0
0
0
0
0
0
-2
0
1
-2
-3
0
3
0
-1
1
2
0
-1
-1
2
2
0
-1
0
0
0
1
0
-2
-1
0
0
-1
0
0
-1
0
1
3
1
0
0
1
0
0
1
0
0
0
0
1
-1
-2
-2
-2
0
0
-1
-1
-2
-2
0
0
0
2
-1
0
0
0
1
0
1
2
1
1
0
-1
-1
0
2
0
0
0
0
2
0
-1
1
0
-2
-3
0
1
0
1
1
1
-2
-1
2
0
0
0
-2
1
0
-1
2
1
-1
-1
-1
0
0
0
0
-1
0
0
0
3
1
1
1
0
3
2
2
0
0
2
1
1
0
-3
-1
0
-1
0
1
-3
-2
0
-1
-2
-2
-2
2
0
-2
0
-1
0
1
0
0
2
1
0
2
4
0
-1
2
0
-3
0
1
0
2
2
0
-1
0
-1
0
1
-1
0
3
0
0
0
0
0
0
-1
-2
-1
0
1
0
-2
0
0
2
-2
0
1
-1
0
-1
0
1
1
0
2
0
-2
0
0
0
2
1
-1
-1
1
0
0
1
0
1
0
0
0
0
0
2
0
0
0
0
0
-3
0
1
0
0
-1
0
1
-1
-2
0
0
0
0
-1
0
-1
0
0
1
1
-2
-2
2
1
2
5
1
-2
-3
1
2
2
-1
0
0
0
2
0
-2
-1
-1
0
2
0
-3
-2
-1
-5
0
3
0
3
0
0
0
1
3
1
-2
-2
1
0
0
2
2
1
0
0
0
-2
-1
0
-2
0
0
1
2
1
0
1
2
-1
-1
0
0
0
0
0
0
0
-1
-2
0
0
-4
0
3
1
1
1
-1
0
-1
1
0
1
2
1
3
-1
0
0
-2
0
0
0
1
0
0
0
-1
-2
-1
0
0
1
1
0
0
0
0
1
0
2
0
0
0
0
-1
0
1
-2
2
-1
-3
0
0
1
2
0
-2
-1
0
1
0
0
2
1
0
-1
0
2
0
-2
0
0
0
1
-1
0
0
0
0
0
1
0
0
-1
-1
0
0
2
1
-2
0
0
-2
-1
0
0
0
2
1
2
1
-1
0
0
-1
-2
0
0
-1
0
0
0
0
0
-1
0
2
1
0
-1
0
0
1
1
1
1
-2
0
1
0
2
1
-1
-1
0
-1
0
0
-1
0
-1
0
1
0
0
1
0
0
-1
0
0
0
2
2
-2
-1
2
0
-1
1
0
-3
0
1
0
0
0
0
0
0
0
1
0
0
0
0
0
0
0
0
-1
-1
3
4
0
2
-2
-3
1
0
0
-1
-4
1
0
0
0
-1
-1
-2
2
0
0
0
-1
0
2
0
0
1
-1
0
1
0
1
-1
0
1
0
0
1
2
1
0
0
0
1
1
1
2
-1
-3
-1
0
-1
0
0
-3
-2
-2
-2
1
0
-3
-4
0
-2
-4
0
-1
-3
-1
-1
0
4
5
0
0
2
1
0
2
5
2
0
1
3
2
2
4
2
0
2
2
2
1
0
-1
1
-2
-2
-2
-4
-1
1
1
-4
-4
-3
-5
-1
-3
-7
-5
-2
-4
-5
-3
-3
-2
0
-3
-1
3
4
0
0
3
1
3
5
6
4
2
4
5
5
0
1
3
1
1
1
0
-1
-2
-2
-1
0
-1
-2
-2
-3
-3
-3
-1
0
0
-4
-2
1
0
0
2
2
0
0
1
2
0
1
2
0
2
0
0
1
0
0
0
0
0
-2
0
0
-1
0
0
0
0
-1
0
0
-1
0
0
0
-1
2
1
-3
-2
0
0
0
0
2
1
-1
-1
0
0
1
-2
0
1
1
0
-2
1
0
0
1
-2
0
1
0
0
1
0
-1
0
-1
2
-2
-1
0
0
1
0
0
1
0
0
4
2
0
0
-1
0
0
-1
2
-1
-3
0
0
-1
0
0
0
1
-1
0
0
-1
0
-3
-1
0
1
0
-2
-1
5
2
0
1
0
0
2
3
0
-1
1
0
-1
1
1
-2
0
-2
-2
0
0
0
0
1
0
-1
1
3
0
-5
-1
0
-1
0
0
0
1
0
0
2
0
0
2
-1
0
1
0
2
2
-2
0
1
0
-1
0
0
-2
0
-1
0
2
0
1
1
0
-1
-2
-1
2
1
-2
0
-1
-1
2
-3
0
2
-1
2
1
-5
0
2
0
1
1
0
0
0
0
0
-1
0
0
2
0
-1
0
-1
-1
0
0
0
0
0
0
-1
-2
0
0
1
1
0
1
1
-1
2
0
0
0
-1
0
0
0
0
0
1
0
0
0
-1
-1
0
0
0
3
1
0
3
0
1
-2
-3
0
1
0
-2
0
0
-1
0
0
0
-1
0
0
-2
-2
1
1
-1
-1
2
3
1
-1
2
3
0
-1
-1
1
-2
0
0
0
2
0
-1
0
0
2
1
0
0
1
-3
-4
0
-2
-2
0
0
0
0
0
0
-1
0
-1
-1
0
0
0
0
2
2
0
0
1
3
1
1
2
0
0
0
0
1
-1
-1
0
1
1
0
0
0
-1
0
-3
-2
-3
-2
0
-1
1
1
-1
2
2
-1
0
0
0
2
-2
0
1
0
0
-2
1
2
0
0
-2
0
0
0
0
2
3
3
0
0
1
3
0
0
4
0
-2
0
2
0
0
1
0
0
0
0
-3
-4
-3
-2
-4
-2
0
-2
-3
0
0
0
-1
0
3
-1
2
6
0
0
3
4
2
0
-1
0
0
0
0
0
-2
0
0
0
-1
-2
0
1
0
0
1
0
0
0
-1
0
0
-2
0
0
-1
0
0
0
2
1
0
-3
-1
1
0
-2
-2
0
-2
-1
3
1
-1
0
1
3
2
1
0
0
2
2
0
0
0
2
2
0
-3
-2
0
2
0
0
0
1
2
2
0
-4
-3
-4
-3
0
-2
-4
-3
0
-1
-2
-2
0
2
3
0
-2
0
2
4
2
1
4
1
1
1
0
0
2
1
0
-1
-1
0
2
1
0
0
-1
-2
-4
-1
0
-1
-1
0
0
0
-1
-2
-1
0
1
-1
0
0
0
0
0
2
1
0
1
0
1
0
0
3
3
0
0
0
-1
0
3
0
-1
0
1
1
0
-2
-1
0
-1
-1
1
0
-1
-1
1
2
-1
0
0
-1
-1
1
0
-1
0
0
1
1
0
0
0
1
2
-1
0
0
0
1
3
4
0
-1
2
2
-3
0
1
0
0
0
0
-2
0
-2
-2
4
-1
-3
-1
-1
1
-1
-3
2
-1
-2
1
0
0
0
0
5
2
0
-2
0
5
0
-3
1
1
1
2
-3
-1
3
-1
0
-1
-1
0
3
1
0
-1
-1
0
1
3
-1
-1
-2
1
4
-1
-2
-1
-4
0
0
-4
0
-4
-1
1
-4
-1
1
0
2
-1
0
3
-2
2
1
0
1
2
4
0
1
1
-1
0
0
0
3
0
0
4
-1
-1
-1
-1
0
0
0
-2
-3
2
0
-1
-2
-2
0
0
0
-4
-1
1
-1
0
0
0
1
1
0
-1
0
0
1
1
1
0
1
0
0
-1
0
4
0
1
2
2
0
-4
0
0
-2
1
0
-1
2
1
-1
0
0
0
1
0
0
2
0
-2
1
-1
0
1
0
0
-2
0
0
-3
0
1
1
2
-1
0
0
-1
0
0
-2
-2
0
0
2
2
-1
0
2
-2
1
0
-2
2
0
2
0
0
1
1
-1
-1
0
0
0
0
0
-1
0
0
-1
0
0
1
0
-2
0
0
0
0
0
1
1
0
0
-1
0
1
0
-2
-1
0
3
0
0
0
-1
0
0
0
-3
0
3
0
-1
0
0
-1
0
0
-2
0
0
1
0
1
