0
0
0
0
0
0
0
0
0
0
0
0
0
0
0
0
0
0
0
0
0
0
0
0
0
0
0
0
0
0
0
0
0
0
0
0
0
0
0
0
0
0
0
0
0
0
0
0
0
0
0
0
0
0
0
0
0
0
0
0
0
0
0
0
0
0
0
0
0
0
0
0
0
0
0
0
0
0
0
0
0
0
0
0
0
0
0
0
0
0
0
0
0
0
0
0
0
0
0
0
0
0
0
0
0
0
0
0
0
0
0
0
0
0
0
0
0
0
0
0
0
0
0
0
0
0
0
0
0
0
0
0
0
0
0
0
0
0
0
0
0
0
0
0
0
0
0
0
0
0
0
0
0
0
0
0
0
0
0
0
0
0
0
0
0
0
0
0
0
0
0
0
0
0
0
0
0
0
0
0
0
0
0
0
0
0
0
0
0
0
0
0
0
0
0
0
0
0
0
0
0
0
0
0
0
0
0
0
0
0
0
0
0
0
0
0
0
0
0
0
0
0
0
0
0
0
0
0
0
0
0
0
0
0
0
0
0
0
0
0
0
0
0
0
0
0
0
0
0
0
0
0
0
0
0
0
0
0
0
0
0
0
0
0
0
0
0
0
0
0
0
0
0
0
0
0
0
0
0
0
0
0
0
0
0
0
0
0
0
0
0
0
0
0
0
0
0
0
0
0
0
0
0
0
0
0
0
0
0
0
0
0
0
0
0
0
0
0
0
0
0
0
0
0
0
0
0
0
0
0
0
0
0
0
0
0
0
0
0
0
0
0
0
0
0
0
0
0
0
0
0
0
0
0
0
0
0
0
0
0
0
0
0
0
0
0
0
0
0
0
0
0
0
0
0
0
0
0
0
0
0
0
0
0
0
0
0
0
0
0
0
0
0
0
0
0
0
0
0
0
0
0
0
0
0
0
0
0
0
0
0
0
0
0
0
0
0
0
0
0
0
0
0
0
0
0
0
0
0
0
0
0
0
0
0
0
0
0
0
0
0
0
0
0
0
0
0
0
0
0
0
0
0
0
0
0
0
0
0
0
0
0
0
-1
1
3
-3
-5
6
0
-9
3
5
0
-2
0
0
0
1
5
-1
-5
4
6
-2
-6
1
4
-3
0
2
6
4
-8
-18
-4
15
7
-7
-3
5
0
-4
-4
-8
-1
9
9
-2
-6
1
-1
0
3
-1
2
5
6
-6
-5
7
-6
-7
10
4
-5
-2
4
2
-2
-13
-8
14
12
-8
-12
6
8
-5
2
2
-15
3
21
-13
-20
23
18
-21
-8
20
0
-12
4
0
-15
5
18
-7
-17
7
12
-7
-6
3
6
5
-7
-10
5
6
-10
-6
8
1
0
7
0
-7
0
6
-2
-5
1
1
-4
-1
7
2
-5
-1
2
4
2
-3
-3
1
1
0
1
3
-1
-4
0
1
0
-6
-5
3
2
-4
0
6
1
-8
0
7
0
-4
4
0
-8
3
6
-4
-5
3
6
0
-4
0
4
1
-3
0
5
-1
-2
3
-3
-5
3
7
-4
-10
0
6
4
4
0
-7
-7
0
4
1
0
1
1
0
0
-2
1
0
-2
0
3
3
-4
-1
3
0
-1
0
0
0
-2
0
4
-3
-1
1
0
4
3
-1
-4
-3
1
8
2
-7
-5
0
3
2
0
0
-2
0
5
4
-7
-3
3
0
-1
1
1
0
2
0
-2
-2
1
3
0
-6
-2
2
-2
2
1
-2
2
4
-2
-7
-2
7
9
1
0
-12
-14
11
23
2
-12
-14
-15
4
57
36
-69
-77
28
62
27
3
-44
-46
18
31
6
5
-6
-20
-8
3
15
20
-6
-25
-9
15
9
-11
-6
7
3
0
2
-6
1
21
4
-22
-11
10
5
1
7
0
-9
-10
-1
4
12
5
-11
-12
6
6
-11
0
17
2
-13
-3
2
1
10
0
-24
-6
23
12
-1
-5
-17
-6
11
3
1
8
-1
-4
1
-3
-4
-3
-2
13
13
-6
-8
0
-4
0
-1
-8
5
18
5
-6
-12
-13
-6
0
6
14
7
-6
-9
-9
-1
13
4
-7
1
4
0
7
9
-4
-13
-5
5
11
12
12
-4
-21
-8
6
5
8
6
-10
-8
6
0
-1
0
-9
-9
2
6
6
7
0
-8
-7
-5
2
8
0
-5
0
0
-3
0
3
-1
0
1
0
-2
0
-2
-1
6
7
4
-3
-6
0
-1
0
3
2
1
3
1
0
1
-7
-8
2
2
4
5
-1
-3
-2
-2
0
0
-3
0
0
-3
0
2
0
4
2
-3
0
-2
-5
-3
0
-1
1
5
5
3
-2
-8
-3
3
0
1
0
0
5
4
-2
-2
-4
0
7
5
-3
-3
0
1
1
-2
-4
1
6
5
4
-3
-9
-2
-3
-3
-3
-4
5
9
1
-4
-5
-5
1
0
0
3
4
7
3
0
-9
-7
0
2
2
-1
-1
3
4
1
1
-4
-3
3
3
4
-1
-6
0
6
3
-2
-1
0
-1
-3
0
-1
-2
4
5
-1
-6
-4
2
1
-3
-5
-2
3
3
0
-1
-1
-1
1
6
2
2
2
2
0
-2
-1
0
1
0
-3
1
1
0
-2
-4
-1
1
3
3
1
-2
-7
-8
-3
0
4
9
9
2
-5
-13
-9
-1
2
7
11
10
2
-5
-8
-7
-2
0
4
6
4
-1
-3
0
-1
-5
-3
0
4
4
0
0
1
2
0
-1
-1
-1
-2
0
3
0
-4
-1
-1
0
2
0
0
0
2
0
-3
-2
0
1
0
0
0
1
2
0
-1
-2
-1
1
1
1
1
1
0
0
-2
-2
0
-2
-1
0
1
3
3
2
0
-1
-1
-3
-3
-2
-2
1
3
2
0
0
1
1
-5
-7
-3
-3
3
6
2
4
6
2
-3
-9
-9
-4
1
7
11
7
2
1
-1
-1
-4
-5
-2
1
3
0
0
0
1
3
0
-3
-5
-5
0
0
-1
2
3
4
5
1
-4
-6
-5
-2
2
4
6
6
2
-3
-4
-6
-4
-2
0
4
3
4
4
0
-4
-6
-4
-1
0
1
3
1
0
0
1
2
3
3
0
-1
-2
-1
0
0
0
0
2
0
1
0
-4
0
1
0
0
0
0
2
1
0
0
-1
-1
0
0
0
0
0
0
-1
0
1
0
0
0
-1
0
1
0
-3
-4
-1
2
1
3
0
0
3
3
-2
-5
-5
-3
2
7
5
3
2
1
0
-4
-8
-8
-1
6
10
6
2
0
-3
-2
-5
-6
-2
0
2
5
6
1
-1
-2
-3
-2
1
0
-2
0
1
2
4
0
-2
-4
-4
-3
0
0
1
1
1
2
0
0
-2
-1
1
1
0
2
4
3
1
0
-1
-1
-1
-1
1
2
2
1
-2
-3
-3
-2
0
2
3
0
-3
-5
-4
-1
1
4
8
7
3
-1
-8
-10
-7
-1
4
8
8
2
-2
-3
-3
-2
-1
0
2
2
0
-1
-1
-2
0
2
3
2
0
-2
-5
-1
0
0
2
4
4
2
0
-3
-4
-2
0
1
1
0
-1
-1
-1
0
0
1
0
0
-1
-2
1
3
2
1
0
-2
0
0
3
2
0
0
2
2
1
-1
-3
-1
0
0
-3
1
0
-2
0
0
0
0
0
0
1
0
0
0
0
2
1
2
0
-2
-1
-1
0
0
-1
-2
1
1
0
0
-1
0
-1
3
4
2
3
1
0
-2
-1
1
-1
0
1
0
0
-1
-4
-1
-2
-4
0
0
0
1
-1
-2
-1
-1
0
0
4
3
1
0
0
0
-1
2
0
0
4
4
0
0
0
0
0
0
0
-2
0
0
-2
-4
-3
0
0
0
1
0
1
1
0
-2
-1
1
0
-2
1
0
0
0
-1
-1
-2
0
2
0
1
4
0
0
1
0
0
0
0
0
1
0
2
2
-1
0
0
-1
0
0
0
0
0
-1
-2
0
-1
-2
-1
0
-1
-3
0
-2
0
1
0
1
1
1
1
0
0
0
2
1
0
-2
-3
0
1
0
2
2
3
1
-2
-1
0
1
0
0
0
-1
0
1
1
0
-1
0
0
3
2
-1
-4
-4
-1
1
0
-1
2
0
0
0
-3
-1
-1
0
0
-1
0
2
0
0
-1
-3
2
3
1
0
-1
0
0
0
-1
-1
2
1
1
1
-1
0
0
0
0
1
0
-1
0
0
1
0
-3
-1
0
0
0
0
0
0
-1
-2
-1
0
1
0
0
2
2
0
-1
0
1
0
0
-1
0
1
2
2
0
0
-2
0
0
0
1
1
0
2
0
-1
0
0
-2
0
0
-1
0
0
-2
-3
0
1
1
0
-1
-1
0
0
0
-3
0
2
0
1
1
1
1
-4
0
2
2
4
1
0
-1
-2
-1
0
2
0
-1
-1
0
2
0
0
-1
0
0
-1
0
1
0
-1
-2
-1
1
2
2
-1
-1
-1
-1
0
0
0
-1
0
0
0
0
1
1
-2
0
1
2
0
-1
0
-1
0
-1
-1
0
0
0
-2
1
3
2
0
0
0
-1
-1
0
0
1
1
2
0
0
0
-1
-1
1
0
-1
1
0
-1
0
1
0
-1
0
0
0
0
0
-3
-1
1
-1
1
2
0
0
1
0
-1
0
0
-1
0
0
0
0
-2
0
-2
-2
0
1
1
3
-1
0
2
-2
-1
-1
-2
0
0
0
2
0
0
-1
0
0
1
-1
-2
0
1
0
1
2
2
0
0
0
0
0
0
0
0
2
1
0
0
0
1
0
1
0
0
-3
-3
-1
-2
-1
0
1
2
0
0
0
0
-1
0
2
3
0
-3
-1
-1
0
1
0
0
0
0
2
2
0
0
2
2
0
1
1
0
0
0
-1
0
1
-2
0
-1
-3
0
-1
-1
0
1
1
0
0
0
1
0
0
0
0
0
-1
0
2
-1
-1
0
-1
0
0
0
0
0
1
0
0
0
2
2
0
0
0
-1
0
0
2
0
1
0
0
0
0
0
-1
-1
0
0
-3
0
0
0
-1
0
1
0
0
0
2
0
-4
0
1
0
0
0
0
0
0
0
0
0
0
0
1
2
-1
0
1
0
0
0
1
0
0
1
-2
0
0
1
1
-1
2
1
0
-1
0
0
-1
0
0
0
0
-4
-2
0
-1
-2
0
1
-1
0
0
0
0
-3
0
0
0
0
0
1
3
0
0
1
0
0
-1
0
0
0
0
1
3
1
0
-1
-1
0
0
0
0
1
0
0
0
0
0
0
-2
-2
0
1
0
0
1
0
0
-1
0
0
-1
-2
0
1
0
0
0
0
-1
-1
-1
-2
-1
-1
0
1
2
0
0
0
0
1
0
0
0
1
0
0
1
0
0
1
0
0
0
0
-2
0
-1
-2
0
0
0
0
-1
0
0
-1
0
0
-1
0
2
1
0
0
-1
0
0
0
1
2
2
-1
-2
0
-1
0
0
0
1
1
1
-1
-2
0
1
1
1
0
-1
0
-1
0
1
0
0
-1
-3
0
0
-1
-1
0
0
-1
0
0
-2
0
2
2
0
0
0
-1
0
1
2
1
2
-1
-1
0
0
-2
0
0
-1
0
0
0
1
0
0
2
2
0
0
0
4
1
0
1
0
0
1
-1
0
0
0
0
0
1
0
0
0
0
-1
-1
0
-2
-1
0
0
1
0
0
2
0
0
0
0
-1
-2
1
0
0
1
0
1
0
-3
-1
0
0
2
1
1
0
0
-1
-2
0
1
1
-2
1
0
0
2
1
0
1
0
0
0
-1
0
1
1
-1
0
0
0
2
0
-1
0
-1
2
0
-1
0
-4
-1
0
0
0
0
1
0
0
1
-1
0
0
-1
1
0
1
0
1
2
0
0
0
0
0
0
0
0
-1
1
0
1
1
0
1
1
-1
-1
0
-1
0
-1
0
0
-2
-1
0
0
-1
0
0
0
1
1
1
0
2
2
0
-2
0
0
-1
0
0
1
0
0
0
0
0
0
0
0
0
0
0
0
2
0
0
0
0
0
0
-2
0
0
0
1
0
0
0
0
0
-1
0
0
-1
-2
-1
-1
0
1
1
1
2
3
0
0
0
2
0
0
0
1
3
1
0
1
-1
-3
-1
-2
-3
-1
0
1
0
0
1
0
1
-1
-2
0
0
0
3
1
0
-1
0
0
0
-1
0
1
-1
0
0
-1
-1
0
0
-1
2
2
0
1
0
1
1
0
-1
0
2
2
1
-1
0
1
0
-1
-4
-3
0
3
2
-3
-3
1
4
2
-3
-4
0
4
1
-1
-4
0
6
1
-2
-3
3
4
0
-1
-5
0
4
0
-2
0
1
0
0
1
-2
-1
0
-2
0
-1
-2
0
0
0
-1
0
2
1
-1
0
1
0
0
-1
0
3
0
-2
0
0
1
1
-1
-1
0
2
2
-1
-3
0
2
0
-1
-2
0
0
0
0
-1
0
0
0
-1
0
0
0
0
0
0
0
0
0
-1
0
0
-1
-1
1
0
0
0
0
0
0
1
2
0
0
0
0
0
0
0
2
1
0
0
0
2
0
-2
-4
-1
4
3
-3
-8
-3
9
11
-9
-19
8
20
-5
-23
-6
21
25
-26
-47
34
59
-14
-38
-9
34
39
-30
-56
12
43
-4
-40
-20
20
21
-10
-17
0
16
13
-2
-2
3
0
7
10
-3
-5
-2
4
8
-1
-8
-5
-2
3
0
-4
-4
0
6
4
-3
-8
-4
8
7
-9
-13
0
11
3
-13
-5
11
9
-1
-5
4
12
2
-6
0
0
-3
1
2
-2
-3
-5
2
12
0
-15
-2
14
8
-9
-16
-1
6
-1
-10
-4
4
0
-4
3
6
-1
0
4
2
1
3
0
1
7
3
-5
-6
1
3
-1
-4
-2
4
0
-6
-1
2
1
-3
-2
2
3
3
2
0
0
1
3
0
-5
-3
0
-1
-3
-2
-2
0
1
1
3
0
0
4
3
0
-2
0
0
0
1
-1
-2
2
0
-2
-1
0
1
-1
-1
0
1
1
2
1
0
-2
0
0
0
1
0
0
0
0
0
-2
0
0
0
0
2
0
0
0
-2
-1
0
0
1
0
-2
0
1
-1
-1
0
1
2
2
0
0
0
-2
-2
0
0
1
1
2
0
-2
-2
-1
1
0
0
1
3
2
0
1
0
0
0
0
0
0
-2
-1
0
-1
-1
0
0
-1
-1
0
1
0
1
0
1
1
0
-1
0
0
0
1
1
0
1
-1
0
2
1
-1
-1
1
0
1
0
-1
0
-1
-1
-1
0
0
0
0
0
0
0
0
2
0
0
-1
0
0
-2
0
0
-2
2
0
0
0
0
0
2
1
0
0
0
-2
0
0
0
0
0
0
0
1
0
0
3
0
0
1
-2
0
-1
0
-1
0
-1
0
0
0
1
1
0
0
0
0
-1
0
0
-2
0
-1
0
1
0
0
1
2
0
0
0
0
0
0
0
0
0
-1
2
0
-1
0
1
-1
0
1
0
1
0
-1
0
-1
0
0
0
0
0
0
1
0
-2
-1
0
2
1
2
2
0
-3
-2
0
0
0
1
3
1
-2
-1
0
1
0
-1
3
1
-1
0
-1
0
0
-2
0
0
0
0
0
0
0
2
2
1
1
0
-1
0
1
1
0
-2
-2
-3
-1
1
0
-1
-4
-2
3
5
0
0
1
0
0
2
1
1
-1
-2
0
-1
-2
0
1
0
-1
0
0
0
0
0
0
1
0
0
0
0
2
0
-1
0
1
0
0
-1
-1
-1
0
0
0
0
0
0
0
-1
0
0
-1
0
0
0
0
0
0
0
1
0
1
0
1
0
0
0
-1
-1
0
-1
-1
0
-2
-1
1
1
1
1
3
3
1
0
-1
0
1
0
0
-2
-2
0
0
0
0
-1
0
0
0
0
1
0
1
0
0
1
1
0
0
0
0
0
-1
0
-1
-2
0
0
-1
-2
0
1
0
0
-1
0
1
0
1
0
-1
0
0
1
1
-1
-1
1
0
0
1
0
2
1
-1
2
1
-1
0
0
1
0
-2
0
0
-1
0
1
0
-4
0
1
0
0
-1
-1
1
-1
0
0
-3
0
1
0
1
0
0
1
0
2
1
-1
0
0
-1
0
0
0
0
0
1
0
-1
-2
-1
0
-1
0
0
1
1
3
0
0
0
0
0
0
-2
1
1
0
0
0
-2
-1
0
0
-1
0
0
0
1
0
0
-1
0
1
0
0
0
3
0
-2
1
0
0
-2
0
1
-1
0
-1
-2
1
0
-1
0
0
0
0
0
0
0
0
3
2
0
0
0
1
-1
-1
0
0
0
0
0
-1
-1
-1
-2
-2
0
0
0
0
1
0
0
0
0
0
2
0
-1
-1
2
3
0
0
0
0
0
0
-1
0
-2
0
0
0
0
0
1
0
0
-1
0
0
0
-1
0
1
0
0
0
0
-1
0
1
0
0
0
0
0
0
-1
0
-1
-1
0
0
1
0
-1
2
3
-1
0
0
0
1
-1
0
1
0
0
0
-1
0
0
-1
0
1
1
-1
0
0
-1
-1
-2
0
-1
0
0
0
0
0
0
1
1
1
1
0
0
1
0
1
1
0
0
0
0
0
0
0
0
0
0
0
0
1
0
0
0
0
0
-1
0
0
0
-1
0
0
1
0
0
0
0
0
0
0
0
0
-1
0
0
0
0
-1
2
0
-1
1
-1
0
1
0
0
0
0
-1
0
0
0
0
1
0
0
0
0
0
0
0
-1
-1
-2
-1
0
0
0
0
0
0
1
0
1
1
0
2
1
0
0
-2
0
1
-1
-1
1
0
0
1
0
1
0
0
0
0
-1
-3
0
0
0
-1
-2
-1
-1
0
0
0
1
1
0
1
1
-1
0
0
0
0
-1
1
0
0
1
0
2
1
0
1
1
-1
-3
0
0
-2
0
0
0
2
0
1
0
-1
0
-2
0
0
-1
0
0
-1
0
1
0
-2
-2
-1
-1
1
2
-1
0
2
-2
-2
1
1
1
4
0
-2
0
-3
-2
1
0
0
3
2
0
1
0
0
0
0
0
2
0
-3
1
0
-3
0
0
-2
0
0
-1
0
0
0
1
2
0
1
1
1
-1
-1
1
-2
-3
1
0
-3
-1
-1
-3
-2
-1
0
0
0
1
2
2
4
3
2
3
-1
0
3
3
0
0
-1
-1
0
0
0
2
0
-1
0
0
-4
-2
-3
-2
-1
-4
-5
0
0
-4
0
3
4
4
0
0
2
2
0
0
2
1
0
0
0
0
-2
-2
0
0
-2
0
1
0
0
0
0
3
0
-2
0
0
-1
1
0
-2
-1
0
1
0
-2
-1
1
0
-1
1
3
0
0
0
-1
0
0
-2
0
1
0
0
1
0
1
1
0
1
0
-2
-1
-1
0
0
0
0
0
0
0
0
-1
-1
0
0
0
1
2
1
2
3
1
0
-2
-1
-3
-1
0
-3
-3
0
0
1
2
1
1
2
2
0
0
0
1
1
1
-1
-3
0
0
-3
0
2
0
0
0
-1
0
0
2
1
0
0
-2
0
0
-3
0
0
-4
-1
0
-3
0
2
1
0
-1
1
3
0
3
1
-2
0
0
-4
3
2
-2
0
-1
-1
1
1
-1
-4
0
1
-4
-2
2
0
2
4
-2
0
2
0
0
3
0
-1
0
1
1
-3
1
6
-5
-2
3
0
-1
0
0
0
0
0
0
0
-1
-5
0
0
-8
-7
2
3
-5
-1
9
4
-3
0
6
2
-6
-5
2
0
-4
-1
2
6
2
-3
3
9
1
-9
1
11
-5
-12
7
11
-2
-12
-2
13
-1
-21
2
17
-4
-12
2
8
-2
-9
-2
6
0
-8
2
6
-4
0
6
-2
-1
6
0
-2
5
0
-4
13
2
-16
16
17
-22
-5
23
0
-14
-1
6
1
-11
-4
6
9
-3
-22
7
23
-20
-19
16
3
-4
-6
-12
24
7
-35
8
30
-17
-16
12
9
1
-8
0
10
0
-3
0
6
5
0
-1
0
1
8
-6
-8
12
-3
-12
6
-2
-4
5
-5
2
9
-7
-1
2
-2
0
-4
-5
1
2
1
-9
-5
15
-7
-20
21
8
-22
6
16
-11
-3
15
-2
-10
9
7
-11
0
15
-2
-9
4
10
-2
-7
6
0
-11
9
8
-17
0
11
-9
-1
2
-8
5
4
-12
4
10
-13
-4
10
-6
-8
9
4
-13
-2
10
3
-2
-3
-1
11
3
-20
2
28
-9
-29
17
24
-21
-17
21
14
-14
-13
10
19
-5
-26
6
35
-6
-40
9
44
-11
-45
12
40
-13
-32
6
22
2
-22
-13
22
11
-27
-6
23
5
-16
-17
12
29
-22
-32
27
21
-19
-10
5
16
3
-25
12
31
-19
-14
18
4
-1
-8
-7
23
6
-25
-6
18
19
-18
-46
16
51
-26
-51
11
40
2
-48
-7
46
2
-26
1
2
13
16
-16
-6
24
-1
-16
33
12
-33
26
32
-27
-15
1
-2
5
-32
-31
38
-5
-79
-7
65
12
-103
-23
127
-5
-115
29
79
-3
-22
-9
29
58
2
-26
1
46
49
-39
-40
51
22
-24
4
-14
-6
4
-35
-4
-8
-31
19
-11
-63
9
20
-36
8
16
-11
7
-7
36
43
-62
15
101
-38
-37
77
-10
-66
32
48
-45
-76
41
49
-85
-28
25
-23
37
-16
-62
68
52
-51
-38
44
66
-42
-41
96
46
-102
-45
78
63
-55
-87
83
87
-111
-64
88
43
-60
-16
48
-24
-33
9
-8
15
7
-22
13
5
-34
3
21
-16
18
11
-33
23
1
-35
30
-1
-46
21
41
-10
-19
8
47
-4
-87
-14
67
63
-46
-67
64
16
-56
1
58
-1
-63
14
29
-12
-23
-10
13
20
-12
-45
26
83
9
-36
8
7
-40
-34
7
11
-5
22
25
-18
-11
-18
-15
49
-12
-59
11
37
23
-41
-47
51
54
-12
-63
-29
73
33
-43
28
42
-55
-32
8
-8
-9
4
3
1
60
8
-45
26
-26
-51
32
11
1
10
-20
23
53
-8
-25
-5
-10
-3
-4
-12
-3
11
-8
-3
8
-18
28
15
-76
11
61
-47
-18
37
11
-17
-33
7
37
14
-16
24
47
-27
-27
18
8
-21
-42
-7
41
-4
-33
45
15
-41
5
42
26
-40
0
30
-80
-56
86
-10
-74
34
-5
29
30
-32
57
-8
-69
41
24
-35
-21
22
39
-63
-36
73
8
-44
16
52
14
-15
27
11
-59
10
16
-30
22
16
0
0
-6
3
-18
-8
-8
-60
24
67
-49
0
60
-5
-21
-8
-12
-63
-21
66
-29
-31
64
-32
10
59
-67
-9
5
-26
55
12
0
44
-8
11
3
-73
13
12
-27
52
-10
-28
73
65
-72
-80
136
97
-246
-124
240
78
-227
-156
128
109
-159
-108
142
107
-115
-21
218
60
-169
-7
114
-1
-62
-36
38
64
-11
-67
72
35
-53
8
-19
19
-18
-74
13
53
-91
-63
40
17
-50
-8
105
-26
-23
21
-6
46
-32
30
92
-146
-8
201
-61
-136
24
86
-62
-49
72
-40
-6
84
-13
-101
77
7
-125
127
46
-93
82
-16
-101
68
-57
-87
60
45
17
9
0
6
-35
-58
48
-39
70
104
-148
54
114
-173
-49
151
-24
-18
0
-4
87
-46
-65
13
41
-66
-31
77
-68
10
65
-64
19
69
-82
15
97
-103
-51
61
-2
1
4
-14
75
49
-70
-90
37
92
-40
-28
11
-24
79
-73
-105
139
-40
11
26
-65
111
-48
-99
92
15
-93
53
82
-47
-11
22
-36
-6
14
-36
-14
31
42
-78
-40
106
12
-34
-65
113
119
-206
-9
126
-77
13
-4
-84
123
21
-152
71
6
-138
116
82
-78
19
29
7
37
-81
-3
147
-80
-42
68
-73
-24
15
-77
22
73
-80
27
110
-43
-15
-5
29
-15
-56
90
-20
-52
30
-44
48
-56
-103
175
6
-85
53
41
22
-41
-45
45
55
-91
-12
50
-49
27
6
-30
84
-74
-70
165
-80
-141
122
55
-55
-1
-8
13
54
-39
-24
15
-13
66
-33
-106
90
31
-39
54
-87
-23
152
36
-118
-108
122
53
-115
-59
41
61
-13
23
-12
-8
12
5
127
-79
-173
161
87
-133
-131
91
112
-98
-44
32
81
-2
-73
23
105
-68
-124
179
33
-142
21
13
52
-58
-130
70
126
-55
-160
97
90
26
-33
-118
202
29
-120
7
-105
67
3
-88
45
33
-50
-25
124
-62
-23
134
28
-28
-51
-21
92
-58
-238
165
109
-165
73
21
-72
108
-29
-74
111
13
-69
-8
122
-97
-92
141
-125
-2
125
-100
-18
66
-1
9
-49
-18
91
-67
36
23
-136
124
64
-89
-7
24
17
6
2
-49
-41
132
-32
-117
98
-91
19
103
-93
52
53
-85
67
96
-181
-51
16
69
6
-188
152
51
-66
48
43
-41
-15
108
-67
21
7
-143
58
103
-121
-130
120
113
8
-100
-47
95
71
-24
-138
23
175
-17
-107
-6
16
13
-73
-17
36
-21
-12
21
65
-42
-128
136
151
-138
-49
22
73
77
-246
-8
208
-84
17
41
-64
103
-39
-113
113
27
-105
19
51
34
-38
-184
69
115
-117
-40
67
89
-33
-115
62
109
-51
-60
77
1
4
-33
-17
92
-88
21
6
-145
186
18
-230
138
91
-68
16
-20
-25
52
-20
-22
60
-30
-1
-27
35
-28
-102
80
-36
10
86
-23
-72
37
110
-140
-9
88
37
-3
-117
56
24
-61
-54
64
34
-43
56
-30
81
2
-92
47
-2
29
-108
-29
176
-37
-94
-41
85
35
-141
55
63
27
-11
-71
79
-57
-126
127
45
-29
0
-50
77
92
-179
-45
217
-102
1
58
-149
118
13
-106
34
-3
-24
67
-11
-26
56
-53
17
-22
-23
77
-30
-65
40
61
-22
-58
-14
95
29
-23
-65
-52
129
-64
-142
154
130
-161
12
138
-133
7
35
-70
62
-34
-35
54
-80
-7
81
-26
14
7
-31
110
-71
-126
139
10
-13
0
-31
116
-51
-139
29
98
-34
-129
97
105
-98
-13
79
-33
85
-20
-135
143
-78
-74
41
-15
48
-35
7
-6
36
-88
22
145
-111
31
50
-69
-60
117
-23
-118
131
-1
19
-15
-105
85
19
-72
35
-39
72
12
-97
99
6
-10
-72
18
73
-63
-86
0
80
-90
48
0
37
77
-125
172
5
-125
37
14
34
-95
-42
28
35
-54
-13
69
-22
-1
10
40
38
-55
-71
56
49
-84
-51
57
40
-35
-75
112
52
-102
97
0
-35
22
-75
-20
81
-60
-69
162
-96
-6
86
-121
152
-8
-130
112
48
-168
25
117
-179
81
38
-63
80
-64
47
-15
-51
75
-95
85
77
-191
164
1
-150
116
-49
-12
15
-21
75
-25
-65
87
-20
-75
100
-35
0
19
-66
33
-37
28
-49
-3
131
-96
-13
128
-70
-36
38
-26
71
-106
22
98
-121
10
41
24
-15
-21
70
-52
-28
87
-102
-30
55
-5
-28
-24
137
-99
-76
170
-83
-1
24
-16
57
-48
-57
48
41
-120
59
55
-86
80
10
-49
-12
18
67
-96
21
117
-75
-55
52
62
-127
16
85
-62
8
-54
107
-57
-133
208
-16
-106
101
12
-140
38
16
-53
72
-63
64
0
-58
143
-95
12
135
-144
51
33
-96
59
-83
4
5
-72
120
-33
-68
94
8
26
-18
-64
67
37
-46
-20
9
0
-35
-31
29
-1
-5
94
-37
-39
101
-32
-77
-6
46
-36
-35
79
-39
1
46
-92
87
51
-79
45
-11
0
3
-44
-42
-3
26
-95
91
11
-70
192
-63
-23
66
-72
25
-14
-59
49
27
-83
-8
75
0
-54
74
35
-63
30
-72
-21
120
-110
-3
116
-125
38
32
-81
19
21
34
-59
56
25
0
-13
-32
89
-130
37
37
-58
71
-90
39
95
-79
-40
58
24
-29
3
7
-32
-6
-20
5
-30
-67
130
71
-100
-1
36
24
25
-132
36
140
-108
-9
18
12
-8
-100
117
-1
-145
77
117
7
-89
-16
45
-12
-46
-18
109
-12
-60
47
-33
95
-85
-107
155
-27
-35
-20
37
23
-64
9
4
87
-67
-77
149
-43
-100
23
51
12
-75
39
82
-62
-44
71
-11
-66
20
53
-26
17
34
-52
9
-31
38
-28
-39
103
-62
29
23
-33
-16
-24
36
-18
-7
21
47
-61
0
78
-64
-8
26
-29
1
13
16
-64
23
104
-115
24
54
-43
67
-27
-84
56
51
-124
43
39
-88
56
0
1
-31
25
37
-82
86
25
-67
39
-3
27
-21
-103
76
36
-74
-45
91
-8
-8
47
-108
140
26
-136
88
53
-81
-31
14
8
1
-40
-34
49
63
-68
7
38
-33
43
-15
-2
-18
-16
36
-76
46
1
-18
-2
6
63
-24
-19
11
85
-135
37
114
-159
50
58
-80
30
-10
-79
145
-56
-71
135
-97
34
12
-82
127
-85
-38
152
-103
-5
47
-37
14
-24
53
-108
70
72
-211
139
76
-136
34
102
-16
-57
7
33
-9
-15
6
-28
4
14
0
-86
70
84
-163
70
101
-66
-43
0
65
-48
-66
38
69
-44
-51
68
17
-11
-7
-5
15
18
-32
-2
26
-31
-12
-5
-20
28
50
-48
26
15
-36
46
-83
57
35
-106
55
27
-34
-25
52
-8
-35
43
-1
26
-50
14
20
-71
53
-29
32
10
-82
95
7
-57
13
37
-19
-50
63
-22
-5
-6
-53
76
-27
-14
65
-102
69
31
-151
196
-14
-131
94
-6
8
-56
-28
99
-44
-65
83
-22
12
18
-75
97
-3
-97
71
-45
32
33
-99
74
10
-37
-1
28
25
-87
32
61
-65
2
22
8
-4
-88
88
75
-173
56
79
-74
27
-45
47
49
-139
55
91
-81
-9
36
26
-28
-36
38
10
-3
2
-1
-32
11
37
-43
21
-23
-29
87
-58
-15
55
-26
-8
-14
40
5
-49
23
3
1
14
-13
-12
25
-9
-19
37
-12
-6
-24
19
2
-22
42
-4
-46
6
38
-21
-15
15
37
-21
-42
48
24
-44
-39
46
9
-13
-31
43
37
-128
114
-32
-52
84
-64
67
-41
-20
75
-89
-26
109
-29
-38
55
-27
-28
-1
9
31
-21
7
0
-14
28
-16
12
20
-34
14
-16
-15
32
-55
58
13
-63
34
0
-4
14
9
4
-11
-65
40
17
-37
71
-93
35
77
-158
99
55
-69
22
-30
54
-25
-65
103
-7
-59
10
-2
58
-56
-21
76
-69
44
-13
-30
91
-101
4
45
-29
5
-5
3
0
11
-23
5
26
0
-45
40
16
-39
37
-23
-15
30
-36
41
4
-55
68
-70
22
30
-47
69
-37
-18
8
7
-3
0
-4
30
-34
-37
95
-101
12
86
-73
3
3
32
-2
-53
36
38
-52
4
41
-22
-3
-16
61
-63
0
71
-93
80
-40
-43
103
-78
-8
55
-62
63
-28
-52
119
-107
24
67
-94
71
-23
-36
81
-42
-47
87
-27
-43
52
-46
43
-18
-78
111
-17
-82
77
27
-59
3
31
-17
-11
0
-3
9
-6
-24
26
44
-87
29
70
-92
70
0
-92
88
-11
-40
50
-17
-14
15
38
-39
-40
61
-49
12
66
-93
22
33
-71
68
-15
-75
87
7
-42
26
-20
-3
28
-27
-4
38
-17
11
0
-7
-4
-13
54
-48
-28
77
-31
-23
45
-57
27
15
-57
35
-18
25
0
-30
12
17
26
-67
29
49
-67
24
20
-13
0
-11
14
6
-29
14
17
-64
39
40
-61
22
19
-17
6
-24
22
40
-67
9
93
-100
-13
94
-61
-11
26
10
7
-31
-36
78
-11
-106
98
30
-65
11
17
1
-22
1
-8
23
19
-56
13
35
-20
-15
33
-24
15
9
-60
73
-13
-55
45
16
-35
-14
50
-13
-25
6
16
5
-47
21
32
-34
-11
21
24
-18
-17
19
30
-20
-39
64
-37
-9
44
-91
74
14
-88
55
19
-41
22
7
-31
63
-37
-23
69
-68
-2
66
-64
-18
100
-65
-38
89
-65
11
4
-23
43
-58
49
9
-32
63
-52
24
17
-59
35
-24
3
4
-39
47
18
-41
13
58
-59
4
31
-63
60
-37
-34
91
-55
-9
52
-23
11
-15
-4
33
-52
7
16
-18
24
-32
36
14
-48
55
-27
-32
53
-35
-26
39
8
-30
1
40
-9
-34
17
43
-33
-58
53
21
-52
7
30
7
-22
-9
29
-6
-37
8
23
-20
-10
22
6
3
-3
-1
21
-11
-8
10
-14
11
6
-36
33
23
-67
30
28
-37
-8
15
20
-45
24
21
-34
42
-23
-9
37
-33
-24
45
-19
-26
47
-33
12
16
-39
29
-5
-19
3
9
7
-23
18
3
-5
4
-14
20
-2
-7
1
25
-18
-17
57
-35
2
16
-1
3
-37
46
-41
-16
39
-57
31
15
-33
23
2
-2
5
-21
18
3
-21
16
7
-11
4
8
-11
5
-4
19
-25
10
38
-73
59
2
-68
60
-21
-23
17
-5
-3
6
-1
6
17
-27
33
0
-32
39
-20
-8
4
-3
8
-23
16
7
-20
23
2
-15
21
5
-20
14
6
-26
7
-11
3
-17
-22
49
-43
1
42
-35
30
7
-14
28
-8
2
-1
-13
18
-21
-8
6
4
-2
-19
31
-4
-5
10
-2
5
5
-8
-14
33
-30
-19
28
-24
-2
10
-8
8
8
-10
28
-17
-1
29
-46
24
8
-26
15
-12
16
-11
-20
44
-19
-25
44
-11
-24
35
-20
-12
34
-36
19
16
-40
32
-9
-16
29
-23
0
23
-22
12
15
-30
23
1
-28
35
-16
-3
12
-22
20
-11
-9
17
-16
-6
16
-11
-5
23
-15
-6
24
-13
-3
13
-17
9
2
-10
7
-2
-1
5
2
-8
10
-5
-10
13
-15
2
10
-11
6
2
-4
12
-3
-2
5
0
-1
-5
1
-5
-9
5
-4
-12
9
2
-10
16
0
-4
17
-5
3
8
-9
6
6
-15
9
-5
-16
18
-11
-4
13
-11
-2
8
-5
0
8
-9
3
8
-5
1
3
-7
1
5
-11
7
0
-6
6
-3
0
0
4
-5
3
3
-7
6
-8
2
1
-5
6
-4
0
2
-4
1
5
-5
4
3
-4
7
-2
-1
5
-3
0
2
-7
0
4
-7
3
2
-3
3
-1
-2
0
-1
-1
2
0
0
5
-4
4
1
-2
7
-3
-1
3
-5
-4
3
-3
-1
5
-4
2
2
-1
3
0
-2
2
-2
1
1
-5
0
0
-3
0
-1
0
3
-1
0
1
0
1
0
-1
0
3
-2
0
1
-1
0
0
1
2
1
2
0
-3
0
1
-4
0
1
-4
0
0
-2
-1
0
-1
-1
0
1
1
0
0
1
0
-1
1
0
0
2
1
0
0
0
0
0
0
1
0
0
0
0
0
0
0
0
0
0
0
0
0
0
0
-1
0
0
-1
0
-1
0
0
-2
1
0
-2
1
0
0
-1
0
0
-1
1
0
0
1
0
1
1
1
1
0
-1
0
0
0
-1
0
0
0
0
3
1
0
1
0
-2
0
1
-1
0
0
-2
0
0
-1
0
-2
-3
-1
0
0
1
0
-2
1
0
2
1
0
0
0
0
1
0
-1
0
0
1
1
1
2
0
0
0
0
0
0
-1
-1
0
-2
-1
1
0
0
1
-1
0
-1
-1
0
0
0
0
-1
0
0
1
0
0
-1
1
0
0
1
0
0
0
1
0
-1
1
0
0
1
0
0
1
0
0
0
1
1
0
0
0
-1
0
0
0
0
-1
0
-3
-2
0
-3
-2
0
0
0
0
-1
-1
1
2
1
2
1
1
3
2
0
0
0
1
0
0
0
0
0
0
0
0
-1
0
0
0
0
-2
-2
0
-1
-1
1
0
0
2
0
0
0
1
0
0
1
0
1
0
0
0
0
0
0
1
0
0
0
0
0
1
0
0
0
0
0
0
0
-1
-1
0
-1
0
0
0
0
0
0
0
0
0
0
1
0
0
0
0
1
1
0
-1
0
0
-1
0
1
0
0
0
0
0
0
-1
-2
0
0
-1
0
2
0
0
0
1
2
0
0
1
0
1
1
0
0
0
0
0
0
0
-1
-1
-1
0
0
-1
0
0
0
0
0
-1
-1
1
1
0
0
1
0
0
0
1
1
1
-1
0
0
0
0
-1
-1
-1
0
0
0
0
0
1
0
-1
-1
-2
0
0
0
0
0
0
2
0
0
0
-1
0
0
0
0
0
0
1
0
0
0
0
0
0
0
0
0
0
0
0
0
0
0
0
-1
0
0
0
0
0
0
0
0
0
0
0
0
0
0
0
0
1
0
1
0
0
0
0
0
-1
0
0
0
0
0
0
-1
-1
-1
0
0
0
0
0
0
0
1
0
0
0
0
0
0
0
1
0
0
0
0
0
-1
0
0
-1
1
0
0
0
0
0
0
0
0
0
0
-1
-1
0
-1
0
1
0
0
0
0
1
0
0
0
0
0
0
0
-1
1
0
0
1
0
0
0
2
2
-2
0
0
1
0
0
0
0
-1
0
0
0
0
0
-1
1
1
0
0
-1
-3
-2
0
0
1
1
0
0
0
0
0
0
1
1
0
0
0
0
1
0
-2
0
0
1
0
-1
0
0
1
0
0
1
0
0
0
1
0
-1
-1
-2
0
0
0
1
0
0
0
0
0
-1
0
0
1
1
0
0
-1
-1
-1
0
0
0
0
0
0
0
1
0
0
0
0
0
1
0
1
0
1
1
0
1
0
1
1
0
0
0
0
1
-2
0
0
-1
0
0
1
0
0
0
0
0
-3
-2
0
0
0
-1
0
0
-1
0
0
1
0
0
0
1
2
0
1
1
1
2
0
1
0
0
2
1
0
0
1
0
-1
0
0
0
0
0
0
-2
-1
-1
-1
0
0
-1
-2
0
-1
-1
-1
0
0
-1
2
0
0
1
0
2
1
1
0
0
0
0
0
0
0
0
0
0
0
2
0
0
0
0
0
-2
0
0
-2
0
1
0
0
0
0
0
0
1
-1
0
0
-1
0
0
0
-1
0
0
0
2
0
0
0
-1
0
1
1
0
0
0
0
1
2
0
0
0
0
-1
0
0
-1
0
0
0
2
0
0
0
0
0
0
0
0
0
1
-1
-1
0
0
0
0
1
0
0
0
0
0
0
0
0
0
0
-1
0
1
0
0
-1
0
0
0
0
-1
2
0
0
0
-1
-1
0
-1
0
1
0
-1
0
0
-1
0
0
0
0
0
0
0
0
0
0
0
1
-1
0
1
0
0
0
0
0
0
0
1
2
-1
0
0
-1
0
0
0
-1
-2
0
0
0
0
0
0
0
1
1
0
-1
0
0
0
0
0
-1
0
0
0
1
1
0
0
0
0
0
-1
0
1
0
1
0
0
0
0
1
0
-1
-1
0
1
1
-1
0
0
-1
0
0
-1
0
0
0
0
0
-1
0
0
0
0
0
0
0
0
0
-1
-1
0
0
0
0
0
-2
1
1
1
0
0
0
1
2
0
-3
-1
0
0
1
0
0
1
0
0
0
-1
-1
-1
0
0
0
0
-1
0
0
0
2
1
0
0
0
1
1
0
1
0
0
0
-1
-1
0
0
-2
0
0
0
-1
0
0
0
0
1
3
2
0
0
0
0
0
0
-1
-2
-3
0
0
0
-1
-1
0
-2
0
0
0
0
1
3
3
1
0
0
0
0
0
0
0
0
0
0
0
-1
-2
0
0
-1
-1
0
0
0
0
0
0
0
0
0
0
0
0
0
0
1
2
0
0
0
0
0
0
0
1
0
-1
0
0
-2
0
0
0
0
0
0
0
0
0
-1
0
0
0
1
0
-1
0
0
-1
0
1
0
0
0
-1
0
-1
0
1
0
1
0
0
-1
-1
0
-1
0
0
1
0
0
0
0
0
0
0
0
0
0
-1
-1
0
0
2
0
0
0
-1
-1
0
0
0
0
1
0
0
1
-1
0
0
-1
-1
0
0
1
0
1
1
0
-1
0
-1
-1
0
0
0
1
1
0
0
0
-1
-1
0
0
0
0
0
0
1
0
-2
0
1
0
-2
0
0
1
0
0
0
0
0
-2
0
1
0
0
1
1
-1
0
1
1
0
0
2
0
0
-1
0
1
1
0
-1
0
-1
0
0
0
0
-1
-1
0
0
0
0
1
-1
1
-1
0
0
0
0
-1
1
1
0
0
0
0
-2
1
0
-1
0
2
0
-1
0
0
1
1
0
0
0
1
0
0
1
0
1
0
-1
0
2
1
-2
0
0
-1
0
-1
0
-1
0
0
-1
0
0
0
0
0
0
0
0
-1
0
0
0
0
0
1
0
0
1
0
1
0
0
0
0
0
0
1
-1
1
1
0
1
1
1
-2
1
0
-2
1
0
0
0
0
-1
0
1
3
5
3
5
4
1
0
-6
-8
-7
-10
-11
-10
-10
-12
-10
-5
-2
1
3
5
7
8
13
12
13
17
21
20
16
19
16
11
7
0
-9
-17
-25
-30
-30
-32
-31
-27
-16
-11
-3
13
35
48
45
31
22
9
-12
-26
-39
-49
-52
-49
-31
-16
0
32
60
90
103
123
150
142
123
97
71
7
-62
-138
-216
-267
-363
-415
-462
-451
-400
-424
-284
-65
36
189
424
705
747
842
987
870
711
492
286
-48
-380
-712
-903
-976
-1253
-1210
-1067
-968
-936
-992
-322
-681
-704
-65
-251
-112
292
901
944
1298
2278
2407
1982
2691
2729
1506
1143
940
-125
-1440
-1590
-1842
-2844
-2773
-2389
-2324
-2141
-1580
-1010
-712
-290
172
503
795
1236
1316
1577
1604
1839
1930
694
1627
1258
-434
101
121
-954
-1282
-146
-742
-1138
872
397
-613
1868
1319
-361
646
985
-636
-1733
-349
-1140
-2413
-1494
-1072
-1284
-1410
-461
-236
-397
154
236
535
919
1099
839
1490
2021
550
863
1753
22
-497
414
-254
-876
-238
416
-147
548
2164
457
1114
2617
813
-255
164
311
-2295
-2938
-1133
-2569
-3994
-1993
-1026
-2609
-1473
652
-198
-293
1553
1425
658
1866
1613
855
1350
1111
159
15
538
-730
-988
609
-48
-303
1034
1668
1709
870
2188
2087
209
577
21
-1144
-1797
-2206
-2602
-2756
-2705
-3023
-2188
-1493
-1718
-1126
390
795
26
1894
2374
1378
2288
1878
1892
1364
530
822
129
-343
-621
-335
-1
-215
309
801
1633
1708
950
2079
1877
438
-126
-180
-1083
-2658
-2653
-2924
-3129
-3294
-3208
-1836
-1860
-1693
-109
452
482
1060
1898
1869
1808
1690
1759
1645
922
737
399
302
-295
-625
4
194
-29
415
1441
1880
1151
1431
2465
1018
71
72
-521
-1780
-2615
-2534
-2915
-2997
-3140
-2441
-1682
-1698
-1151
-248
492
306
928
1879
1560
1986
2288
1942
2161
1733
1226
833
471
-166
-791
-344
-298
-553
261
809
1296
1644
1141
1923
1665
120
-94
-445
-1567
-2615
-2884
-2575
-3283
-3456
-2193
-1749
-2134
-961
225
-170
277
1553
1585
1095
1941
2601
1735
1171
2252
1655
-4
366
469
-684
-1021
57
136
-159
659
1881
2009
746
1837
2282
92
-650
-299
-1216
-3125
-2951
-2441
-3433
-3613
-2373
-1759
-2205
-1253
45
56
142
1167
1602
964
1555
2234
1697
958
1648
1838
292
106
654
166
-624
-4
1029
535
359
1930
2621
799
993
2697
840
-1117
-256
-81
-2585
-3305
-1848
-2836
-4020
-2731
-1863
-2305
-1755
-375
150
250
1036
1812
1582
1628
2187
2078
1182
1148
1582
432
-241
2
-36
-648
-812
402
627
162
910
2274
1951
638
1854
2221
88
-599
26
-994
-2735
-2605
-2452
-3355
-3324
-2646
-2244
-1766
-1291
-392
406
564
929
1617
1554
1259
1874
1948
854
1260
1834
403
-131
482
170
-998
-482
637
146
199
1214
2162
1696
955
1992
1856
-96
-761
-160
-1322
-3170
-2560
-2332
-3629
-3191
-2116
-2276
-1959
-777
-342
-311
540
1094
967
1274
1877
1964
1863
1626
1838
1685
570
224
58
-229
-959
-928
189
67
-87
995
1840
1286
785
1888
1503
-244
49
163
-1141
-2084
-1942
-2082
-3008
-2833
-2252
-2149
-1763
-1332
-505
93
54
652
1331
1403
1285
1892
2588
1715
1552
2496
1566
176
428
842
-774
-1276
610
263
-831
655
1954
917
376
1865
1607
-185
88
321
-977
-2207
-2132
-2383
-3678
-3549
-3003
-3051
-2570
-1881
-821
-261
80
1018
1432
1579
1718
2020
2334
1993
1484
1930
1744
455
50
516
-351
-1386
-301
69
-572
129
1240
1288
1268
1534
1816
1344
455
302
-277
-1282
-2131
-2405
-2632
-3295
-3056
-2364
-2147
-1882
-899
-23
-82
350
1129
1440
1228
1558
2272
2270
1675
1556
2418
1033
-298
431
-2
-1569
-1492
-101
-647
-920
625
1358
1177
1255
1831
1961
903
416
472
-453
-1732
-1940
-2055
-3106
-3063
-2379
-2530
-2290
-1359
-759
-522
13
710
927
1132
1456
1770
2011
2000
1837
1899
1946
968
458
664
-144
-1052
-458
-92
-870
-142
974
609
998
1762
1354
1100
1074
380
-509
-832
-1635
-2699
-2683
-2963
-3339
-2839
-2310
-1995
-1540
-604
-57
114
797
1265
1301
1469
1935
2014
1794
1738
1728
1430
613
307
181
-553
-974
-559
-311
-527
253
950
921
1572
1904
1427
1449
1296
266
-331
-683
-1757
-2520
-2644
-3045
-3191
-2700
-2324
-1960
-1182
-529
-89
496
947
1287
1383
1698
2060
1865
1839
2098
1854
1204
1114
841
40
-514
-415
-615
-1147
-542
24
-8
303
1308
1688
993
1437
1701
611
-69
-229
-950
-2156
-2510
-2550
-3141
-3133
-2611
-2355
-1897
-1216
-613
-42
437
1008
1416
1691
2116
2205
2263
2347
1911
1611
1372
500
-224
-403
-726
-1411
-1274
-493
-587
-390
567
1075
1180
1223
1479
1455
727
198
-122
-881
-1821
-2372
-2605
-3017
-3190
-2839
-2387
-2021
-1564
-725
-109
209
752
1391
1697
1854
2358
2571
2419
2355
2258
1824
1043
517
110
-542
-1076
-1000
-799
-815
-347
293
630
1154
1437
1299
1377
1111
439
-194
-709
-1521
-2231
-2498
-2914
-2868
-2707
-2269
-1924
-1610
-497
-344
-64
636
1101
1286
1356
2377
2291
2043
2677
2476
1868
1354
1175
290
-721
-923
-1094
-1666
-1657
-667
-569
-555
707
1604
1013
1124
2017
1258
41
2
-261
-1802
-2548
-2266
-2605
-3191
-2736
-1927
-1842
-1576
-640
57
36
508
1215
1301
1465
1860
1987
1925
2016
1828
1417
1171
704
62
-397
-672
-848
-1177
-890
-372
-278
58
844
1483
891
1104
1699
698
0
-136
-506
-1713
-2286
-1901
-2410
-2689
-2206
-1683
-1547
-1290
-357
68
138
645
1210
1394
1522
1984
1964
1968
2151
1925
1500
1040
825
107
-746
-969
-1036
-1522
-1666
-745
-396
-548
416
1565
1188
882
1981
1771
310
136
332
-837
-2116
-1851
-1715
-2735
-2651
-1546
-1537
-1722
-719
257
-60
187
1252
1256
1129
1836
2071
1709
2236
2359
1663
1355
1253
445
-469
-668
-1205
-1682
-1703
-1252
-1085
-846
-27
656
1236
1092
1443
1870
1166
458
216
-170
-1368
-2116
-2017
-2413
-3064
-2581
-1917
-2078
-1681
-567
-116
-208
607
1304
1154
1495
2119
1828
1825
2320
1832
1212
1092
772
-164
-583
-794
-1152
-1328
-1245
-676
-516
-195
449
1262
1389
831
1608
1638
452
-35
-37
-588
-1939
-1928
-1628
-2347
-2513
-1726
-1237
-1629
-1033
180
-98
-80
1017
1158
1068
1610
2004
1697
1981
2104
1536
1539
972
420
-52
-454
-944
-1365
-1145
-1302
-1003
-517
-205
160
972
1515
895
1305
1847
679
-216
116
-493
-1999
-1945
-1643
-2514
-2613
-1673
-1409
-1674
-933
20
-80
89
887
1021
956
1534
1747
1502
1991
2168
1563
1756
1522
619
376
30
-838
-1436
-1146
-1469
-1888
-1003
-475
-726
134
1514
937
763
2044
1574
153
303
485
-1243
-2064
-1196
-1970
-3015
-1921
-1346
-2032
-1383
-170
-240
-180
817
1104
841
1438
1950
1529
1691
2259
1767
1467
1567
927
139
-158
-548
-1518
-1775
-1560
-2078
-1846
-802
-593
-355
1052
1795
1305
1866
2577
1623
653
793
289
-1339
-1739
-1513
-2358
-2775
-2186
-1820
-1979
-1538
-647
-455
-277
388
792
887
1318
1801
1838
2035
2408
2237
1919
1907
1445
535
109
-277
-1220
-1774
-1695
-1967
-2079
-1310
-774
-558
469
1560
1430
1481
2425
2061
769
616
544
-902
-2020
-1760
-2072
-2967
-2658
-1784
-1873
-1849
-613
-9
-238
383
1211
1157
1162
1828
2013
1609
1707
2156
1599
1042
1243
753
-161
-423
-538
-1468
-1909
-1628
-1829
-1936
-1403
-698
-384
217
1259
1435
1473
2125
1954
1087
820
656
-384
-1352
-1373
-1694
-2457
-2381
-1802
-1891
-1947
-948
-392
-549
114
933
1011
1115
1772
2058
1689
1832
2226
1780
1105
1297
1012
-106
-336
-447
-1204
-1892
-1864
-1823
-2235
-1980
-1251
-726
-491
448
1634
1393
1794
2638
2024
1266
1182
945
-533
-1354
-955
-1723
-2636
-2183
-1622
-2015
-1988
-832
-509
-705
206
1062
782
1193
2178
1765
1614
2249
1921
1439
1359
1221
723
142
149
-352
-1042
-1115
-1390
-1823
-1962
-1674
-1384
-1183
-701
-127
797
1266
1014
1674
2193
1290
849
1241
425
-769
-653
-699
-1692
-1928
-1387
-1366
-1730
-1410
-611
-711
-773
164
276
178
1072
1366
1202
1536
2018
1736
1455
1737
1155
708
596
-44
-344
-1070
-1418
-1503
-2200
-2167
-2077
-1786
-1285
-903
-92
442
1343
1781
1571
2384
2186
1423
1392
923
132
-658
-952
-1372
-1944
-1895
-1943
-1704
-1490
-1282
-592
-402
-180
296
683
727
907
1460
1380
1344
1630
1525
1220
1117
898
480
270
-108
-315
-707
-1168
-1114
-1547
-1780
-1628
-1465
-1273
-976
-264
139
646
1518
1667
1721
2336
2160
1457
1319
995
60
-797
-1023
-1469
-2196
-2248
-1932
-1959
-1915
-1120
-692
-634
0
662
608
827
1621
1571
1332
1738
1916
1357
1108
1260
719
96
-56
-223
-726
-1139
-1199
-1307
-1523
-1673
-1370
-1042
-997
-485
267
475
745
1759
1810
1149
1890
1891
532
173
342
-644
-1926
-1671
-1647
-2532
-2390
-1572
-1341
-1400
-478
364
173
622
1536
1435
1315
2051
2141
1563
1759
1945
1218
824
868
277
-434
-554
-795
-1518
-1799
-1742
-2107
-2209
-1938
-1793
-1266
-811
-310
541
1012
1275
2119
2617
1871
2312
2780
1474
892
1016
196
-1191
-1532
-1455
-2265
-2760
-2169
-1677
-2023
-1536
-398
-519
-457
553
759
623
1379
1874
1596
1802
2317
1896
1400
1527
1163
329
80
-87
-885
-1290
-1430
-1870
-2111
-2072
-1989
-1666
-1170
-845
-94
687
882
1042
2155
2385
1156
2259
2665
779
685
1125
-152
-1634
-1248
-1256
-2731
-2388
-1377
-1772
-1779
-625
-190
-591
43
732
520
650
1330
1449
1206
1503
1693
1149
977
1073
355
144
161
-446
-651
-702
-1216
-1415
-1232
-1606
-1659
-952
-800
-726
210
755
567
1089
2239
1276
1116
2501
1302
289
749
499
-1231
-1817
-849
-2150
-2822
-1317
-1415
-1791
-703
89
-423
-109
1008
484
291
1415
1459
812
1433
2042
1052
916
1450
851
145
248
385
-681
-936
-593
-1374
-1769
-1512
-1623
-1772
-1162
-911
-801
214
706
612
1180
2147
2000
1157
2354
2366
483
810
1047
-646
-1665
-924
-1633
-2912
-1838
-1599
-2167
-1429
-744
-677
-486
204
469
644
1061
1469
1732
1574
1882
1803
1422
1293
911
912
154
-93
192
-901
-1013
-960
-1654
-1926
-1671
-1730
-1893
-985
-837
-653
454
744
749
1206
2255
1586
1150
2675
1576
513
1178
501
-961
-1288
-986
-2245
-2531
-1703
-2212
-1871
-1278
-1113
-664
-333
130
453
769
1196
1674
1660
1760
2174
1798
1471
1631
1217
489
551
633
-817
-663
-213
-2092
-1742
-1264
-2473
-2339
-1239
-1495
-1671
-30
52
83
1157
1432
1680
1598
2313
2771
1333
2039
2453
419
212
473
-1050
-2188
-1614
-2199
-3204
-2188
-1957
-2355
-1322
-679
-753
41
640
699
1149
1512
1794
1790
1784
2022
1828
1361
1356
1256
442
258
243
-478
-697
-929
-1229
-1336
-1747
-1598
-1663
-1653
-1310
-1209
-710
-313
70
420
871
1327
1201
1771
1774
1438
2354
1118
1174
1808
-122
178
-233
-1299
-1618
-2103
-2168
-2629
-2298
-2155
-1679
-1068
-1009
52
340
344
1228
1330
1178
1798
1771
1376
1702
1488
909
925
643
-47
-2
-208
-846
-612
-645
-1183
-948
-805
-853
-1202
-628
-165
-1192
-65
138
-570
164
291
194
173
797
618
551
1059
937
1061
809
920
1531
203
476
1542
-806
-128
158
-1582
-1178
-1421
-1836
-1912
-1439
-1522
-1025
-341
-558
623
538
543
1415
1137
902
1642
1534
742
1567
1288
458
849
662
-252
-14
-127
-839
-533
-777
-985
-823
-977
-924
-819
-776
-411
-475
-259
280
-13
220
600
376
452
521
712
446
73
864
-203
-268
158
-964
-428
-844
-812
-591
-652
-214
-150
365
450
733
1014
1666
875
1518
2151
145
1564
464
-648
-2
-1603
-1478
-1666
-2067
-1946
-1487
-1313
-1341
-308
-329
-216
646
617
609
1350
1347
1155
1529
1470
1178
1034
893
463
335
-115
-287
-394
-974
-740
-1036
-1158
-993
-1127
-819
-687
-731
-240
-95
-140
315
244
428
510
405
762
445
424
705
258
272
301
49
-29
-110
-36
-396
-92
-264
-523
221
-877
1
29
-1043
529
-544
-359
256
-464
169
-40
146
273
370
549
730
627
1053
1239
214
1818
371
112
1051
-1285
-60
-1257
-2009
-1028
-2239
-1740
-1254
-1326
-837
-298
-90
302
576
845
1040
1019
1497
1220
1180
1526
921
912
866
248
364
-14
-434
-63
-859
-677
-612
-1185
-633
-1058
-841
-592
-662
-366
-219
35
102
256
351
609
274
581
655
167
659
295
230
254
50
51
-127
-89
-237
-181
-178
-287
-135
-220
-130
-115
-197
36
204
-406
360
380
-751
650
-381
-359
43
-646
83
-473
-30
157
-41
439
361
553
372
885
791
130
1417
200
346
505
-600
72
-1370
-918
-1081
-1896
-1002
-1400
-986
-720
-504
25
-86
487
676
562
1016
1174
875
1224
1151
852
857
570
454
63
71
-99
-354
-410
-377
-671
-641
-592
-829
-565
-721
-438
-489
-293
-153
-173
47
63
235
17
515
238
231
609
167
521
166
297
356
-131
249
3
-231
74
-459
-46
-216
-829
521
-1083
-159
48
-1091
431
-805
89
-66
-167
523
14
690
606
760
646
1225
1024
380
1607
231
485
332
-742
-73
-1621
-1152
-1400
-2034
-1174
-1663
-1062
-535
-789
294
175
318
1221
430
1151
1275
701
1324
928
1045
826
679
755
292
287
-19
-127
-531
-526
-783
-1004
-812
-1099
-902
-816
-705
-664
-280
-279
-87
137
180
497
217
738
484
372
708
194
333
198
9
132
-294
94
13
-730
545
-618
-406
137
-954
40
-897
-162
-538
-312
93
-291
694
282
924
703
1335
1349
611
2020
392
1028
412
-437
-21
-1630
-1216
-1778
-2040
-1860
-1758
-1427
-1031
-787
-75
-17
325
1006
455
1283
1224
1133
1360
1122
1205
770
789
474
284
139
-189
0
-555
-366
-580
-754
-705
-909
-705
-928
-560
-632
-529
-92
-207
28
343
369
399
700
649
536
717
500
418
122
415
-331
-255
24
-1071
-223
-943
-695
-763
-846
-386
-683
-72
-107
233
512
708
814
1069
1408
699
1607
815
679
840
-416
141
-1036
-1192
-1319
-1820
-1644
-1767
-1476
-1056
-1153
-376
-76
-298
883
303
853
1208
981
1473
1023
1601
936
953
977
451
513
40
322
-328
-223
-296
-727
-522
-855
-754
-898
-729
-766
-623
-415
-358
-36
-49
374
309
494
695
600
603
722
628
178
708
-134
62
-173
-515
-471
-782
-636
-876
-500
-707
-223
-289
134
479
533
803
1428
1231
1076
1879
860
1111
352
285
-433
-1225
-961
-1881
-1801
-1921
-1721
-1644
-1398
-843
-773
-342
30
343
378
971
1107
1078
1552
1478
1505
1288
1411
1013
589
716
110
-142
-242
-509
-799
-742
-922
-1022
-948
-914
-806
-901
-498
-325
-528
-51
127
-172
139
182
73
-103
250
6
53
248
253
360
344
695
339
600
779
423
456
1054
447
417
1145
56
546
-160
-194
-681
-1264
-1134
-1655
-1489
-1606
-1186
-1017
-837
-231
-117
154
412
738
584
968
1206
898
1255
1175
1083
835
844
599
258
273
-8
-79
-254
-403
-456
-679
-817
-902
-1092
-997
-1142
-1001
-835
-716
-436
-255
163
228
489
900
684
974
1042
983
884
899
1111
404
847
609
31
198
-452
-534
-1240
-1327
-1420
-1930
-1486
-1496
-1182
-856
-524
56
41
636
855
970
1146
1280
1564
971
1583
1199
666
947
107
65
-562
-605
-941
-1129
-809
-1135
-598
-482
-233
-45
547
657
546
1447
713
1158
587
465
98
-671
-578
-1301
-1235
-1548
-1290
-1257
-1107
-745
-587
-228
-233
418
207
668
878
921
1220
1039
1404
1025
1128
894
812
679
198
472
-239
-284
-547
-939
-1015
-1356
-1243
-1400
-1101
-1057
-742
-360
-127
83
471
799
705
1020
1423
1079
1293
1504
868
1030
395
140
-380
-927
-1090
-1608
-1603
-1694
-1592
-1365
-1099
-800
-473
-193
90
454
523
868
1178
1120
1365
1469
1274
1189
960
655
229
0
-499
-558
-820
-935
-785
-762
-483
-341
-144
544
272
796
1077
619
1059
360
301
-231
-758
-1026
-1392
-1500
-1639
-1310
-1227
-881
-532
-185
3
319
614
523
948
974
1010
1148
1254
1184
1025
1230
799
698
524
145
-57
-526
-618
-1131
-1242
-1301
-1492
-1243
-1126
-836
-568
-120
136
593
728
1038
1522
1024
1653
1403
962
1014
289
20
-747
-1000
-1464
-1748
-1710
-1733
-1477
-1270
-878
-680
-257
-71
246
578
736
1154
1272
1527
1530
1568
1392
1144
822
471
43
-288
-518
-918
-915
-957
-1029
-798
-609
-363
8
92
677
856
716
1367
862
856
544
115
-320
-939
-1183
-1681
-1793
-1925
-1756
-1551
-1377
-815
-582
-158
207
656
825
1142
1528
1519
1631
1690
1741
1250
1374
973
535
345
-161
-430
-916
-996
-1405
-1411
-1349
-1373
-1001
-741
-348
69
525
601
1457
1055
1411
1651
890
1144
357
85
-646
-996
-1455
-1825
-1723
-1963
-1536
-1386
-1055
-584
-326
134
285
694
832
1045
1230
1278
1435
1285
1367
1138
887
679
259
0
-469
-585
-929
-1082
-1028
-1030
-947
-658
-421
4
319
470
1211
1102
1114
1526
1046
866
414
122
-578
-1124
-1314
-1897
-1919
-2027
-1799
-1483
-1283
-614
-390
88
408
705
870
1100
1350
1210
1511
1429
1315
1226
1074
785
381
238
-278
-576
-801
-1090
-1235
-1245
-1131
-1058
-737
-342
-5
337
673
1210
1039
1341
1397
1013
749
395
-64
-778
-1012
-1516
-1827
-1897
-1850
-1753
-1418
-1006
-710
-206
44
555
659
927
1350
1253
1504
1532
1774
1273
1514
1344
601
710
61
-285
-833
-1002
-1333
-1655
-1360
-1502
-1173
-855
-401
10
388
806
1233
1149
1333
1509
865
821
383
-87
-818
-1068
-1452
-2007
-1834
-1913
-1702
-1436
-876
-595
-155
344
532
881
1021
1434
1340
1622
1790
1615
1718
1514
1353
839
614
96
-496
-783
-1309
-1496
-1703
-1587
-1507
-1299
-821
-445
93
379
1106
1344
1383
1856
1596
1241
1073
412
-237
-853
-1416
-1917
-2287
-2268
-2304
-2013
-1592
-1208
-598
-177
327
761
1128
1385
1686
1867
1975
1980
1961
1786
1413
1060
601
-17
-500
-825
-1402
-1526
-1585
-1712
-1405
-1167
-848
-303
171
527
1069
1389
1525
1548
1580
1168
674
265
-461
-1153
-1761
-2141
-2573
-2648
-2453
-2172
-1709
-1160
-507
8
519
1029
1380
1668
1890
2124
2083
2061
1988
1687
1332
908
452
-116
-597
-951
-1317
-1529
-1564
-1477
-1376
-1063
-689
-419
184
417
833
1255
1403
1608
1554
1576
1057
660
105
-721
-1390
-1998
-2474
-2800
-2830
-2660
-2288
-1844
-1206
-489
49
789
1286
1801
2085
2384
2554
2379
2392
2023
1642
1090
585
-11
-692
-1024
-1486
-1719
-1847
-1730
-1584
-1360
-846
-501
93
524
989
1473
1642
1826
1750
1685
1144
736
152
-596
-1250
-1890
-2283
-2729
-2721
-2625
-2310
-1817
-1309
-528
-81
640
1171
1572
1979
2186
2475
2353
2413
2217
1879
1451
923
419
-373
-857
-1322
-1795
-2015
-2072
-1951
-1753
-1346
-864
-296
199
667
1197
1429
1697
1627
1688
1400
797
527
-287
-821
-1467
-1941
-2210
-2501
-2253
-2108
-1679
-1171
-609
-45
420
962
1295
1629
1838
2078
2137
2117
2081
1832
1458
962
498
-228
-797
-1263
-1769
-1995
-2105
-1986
-1756
-1348
-778
-293
483
888
1413
1826
1939
2007
1826
1720
992
620
-74
-856
-1415
-2120
-2406
-2752
-2687
-2462
-2103
-1513
-974
-291
322
828
1401
1834
2119
2449
2633
2593
2432
2280
1747
1202
655
-74
-715
-1314
-1709
-2138
-2344
-2239
-2118
-1790
-1232
-747
-55
617
1069
1776
2008
2146
2202
2017
1417
933
217
-616
-1407
-2032
-2592
-2957
-2965
-2869
-2484
-1965
-1291
-583
101
877
1411
1970
2371
2678
2769
2811
2693
2286
1983
1412
656
62
-672
-1411
-1822
-2331
-2523
-2585
-2333
-1917
-1533
-641
-85
773
1269
1885
2419
2300
2537
2187
1875
1130
394
-277
-1380
-2063
-2749
-3233
-3408
-3440
-2874
-2492
-1591
-701
77
1003
1692
2269
2684
3016
3109
3062
2890
2391
1868
1288
424
-307
-993
-1821
-2218
-2631
-2712
-2678
-2375
-1764
-1314
-400
246
1102
1813
2049
2791
2685
2672
2283
1921
1196
158
-323
-1549
-2235
-2956
-3465
-3601
-3683
-3097
-2637
-1731
-793
141
1130
1837
2554
2891
3238
3109
3152
2733
2314
1767
1045
423
-462
-1108
-1746
-2348
-2636
-2721
-2648
-2379
-1832
-1192
-482
217
1070
1713
2089
2633
2841
2754
2536
2049
1674
406
-272
-1047
-2313
-2931
-3618
-3963
-3969
-3831
-3006
-2306
-1207
-48
920
2007
2817
3306
3738
3725
3633
3207
2627
2002
1088
312
-662
-1503
-2067
-2821
-3090
-3096
-2931
-2632
-2018
-1073
-543
442
1261
1836
2537
2585
3113
2939
2659
2291
1514
1209
-332
-815
-1660
-2924
-3187
-3776
-3991
-3692
-3273
-2481
-1576
-476
665
1403
2475
3012
3216
3674
3303
3250
2772
2032
1532
396
-213
-1124
-2020
-2434
-2985
-3073
-2995
-2533
-2107
-1484
-426
31
873
1677
1955
2513
2458
2700
2367
2033
1657
735
633
-803
-1221
-1814
-2950
-3161
-3620
-3625
-3325
-2840
-1894
-990
80
1258
1936
2884
3218
3216
3608
2912
2605
2122
1295
536
-331
-792
-1767
-2276
-2394
-2863
-2621
-2237
-1730
-1312
-389
388
789
1570
1902
2165
2329
2006
2272
1899
1384
818
494
-356
-1305
-1584
-2428
-2998
-3241
-3324
-3123
-2515
-1753
-808
438
1194
2263
2919
3037
3197
2944
2361
1693
1202
301
-295
-830
-1344
-1592
-1738
-1943
-1638
-1278
-1123
-449
44
254
629
944
1055
891
1181
983
971
657
795
1022
341
102
257
-336
-1243
-1242
-1595
-2479
-2564
-2285
-2451
-1980
-1112
-326
567
1384
2336
2782
2865
2937
2469
1912
1150
551
-231
-851
-1138
-1691
-1567
-1542
-1681
-1126
-701
-427
34
678
732
843
1118
1007
705
777
635
431
371
637
1048
528
548
622
224
-683
-1012
-1388
-2534
-2799
-2773
-2995
-2497
-1664
-970
143
1051
1856
2639
2688
2864
2506
1978
1569
618
137
-422
-1067
-1360
-1446
-1440
-1581
-1171
-722
-535
61
633
703
839
1079
861
474
546
294
222
-16
284
1024
202
420
644
-36
-524
-841
-1237
-1887
-2302
-2021
-2127
-1887
-787
-408
429
1422
1771
2434
2365
2352
1982
1221
846
146
-423
-779
-1394
-1423
-1240
-1460
-1227
-640
-405
-53
570
910
956
946
1164
896
412
447
400
87
25
485
830
295
261
521
-99
-894
-1083
-1511
-2224
-2655
-2480
-2281
-2039
-1086
15
695
1647
2486
2767
2759
2500
1911
1171
380
-253
-806
-1167
-1588
-1375
-1010
-1023
-621
-77
241
617
911
929
781
724
339
-15
-181
-382
-465
-244
-303
511
1091
732
1027
857
388
-411
-997
-1507
-2242
-2617
-2640
-2341
-1784
-849
41
1092
2028
2450
2811
2633
2287
1403
617
75
-913
-1149
-1296
-1809
-1252
-581
-749
-165
437
595
827
824
1049
516
352
310
-262
-147
-191
-247
-45
232
1092
913
840
858
405
-472
-1343
-1641
-2650
-3087
-2814
-2621
-2201
-897
259
992
2195
2951
3131
2811
2639
1825
761
177
-697
-1224
-1550
-1487
-1663
-1110
-337
-680
80
760
279
912
1203
478
420
299
-82
-432
-447
-279
-50
167
326
1821
1704
805
1295
686
-940
-1519
-2133
-3032
-3017
-3066
-2608
-1354
-681
214
1677
2287
2304
3102
2678
1569
1474
511
-582
-870
-1042
-1282
-1358
-1099
-273
47
71
652
1039
617
771
849
228
-44
-236
-387
-107
-463
-272
602
354
464
1875
1560
460
707
273
-1109
-1733
-2193
-2609
-2673
-2702
-2009
-867
-390
209
1579
2069
1890
2344
2056
1057
630
183
-494
-859
-447
-504
-890
-121
421
191
491
713
223
456
135
-346
-49
-652
-840
-224
-377
-102
619
1000
1217
1543
2186
1283
395
8
-1283
-2237
-2939
-3285
-2699
-2687
-2127
-439
324
905
2057
2495
2437
2206
1847
992
358
-212
-1050
-976
-1009
-683
-544
-499
570
501
358
917
595
226
152
-177
-400
-540
-813
-517
37
52
654
1366
1150
1439
2131
1304
413
139
-1059
-1976
-2441
-2866
-2672
-2437
-2067
-954
-247
410
1533
1797
1847
2094
1622
1134
538
169
-304
-726
-662
-308
-23
-488
196
902
158
183
464
-215
-492
-366
-476
-495
-510
-225
322
387
653
1230
1237
919
1169
1696
594
-108
-255
-1371
-2117
-2437
-2346
-2339
-2029
-1369
-500
278
996
1597
1713
1839
1666
1169
568
-15
-216
-600
-866
-226
198
-343
115
839
288
270
334
-256
-174
-395
-583
-193
-307
-331
322
350
365
1091
1008
800
1191
1466
883
233
-428
-1309
-1794
-2489
-2664
-2112
-1738
-1334
-347
478
978
1441
1368
1530
1507
712
425
99
-239
-382
-666
-215
527
-56
-125
812
456
132
283
98
-188
-559
-351
-188
-444
-377
-5
299
394
527
1047
1077
761
1284
1071
263
-71
-1111
-1680
-2026
-2617
-2130
-1555
-1413
-551
259
620
1218
1250
1234
1297
798
448
179
195
-86
-441
24
634
520
111
515
484
-126
12
-94
-566
-563
-351
-396
-76
-23
-235
358
439
324
647
752
569
547
1025
762
-4
-509
-856
-1408
-2258
-1996
-1571
-1625
-1037
-38
344
646
1259
953
857
940
413
232
-32
-89
-230
-265
213
679
319
39
727
301
-240
184
-155
-584
-380
-207
-256
200
-33
-311
646
478
129
824
819
448
954
1205
227
-209
-880
-1628
-1884
-2231
-2295
-1550
-1111
-924
150
797
877
1086
1068
937
733
387
107
289
285
-74
235
652
773
330
56
406
257
-373
-525
-414
-458
-470
-314
-7
107
-54
195
837
475
170
907
619
133
743
1072
215
-380
-454
-1159
-1807
-1710
-1828
-1569
-738
-652
-158
682
600
462
781
581
381
587
82
225
726
116
-54
906
907
-363
132
849
-31
-258
-1
-383
-447
-385
-510
-31
115
-240
363
875
588
292
832
988
249
594
1074
63
-875
-934
-1367
-2005
-1885
-1484
-984
-589
-145
277
590
758
388
471
754
456
212
136
438
578
-21
119
1192
618
-332
463
381
-469
-424
-334
-526
-471
-332
-137
207
203
119
456
766
402
176
750
577
110
615
711
-207
-818
-1201
-1481
-1663
-1912
-1496
-611
-531
-436
446
812
550
607
688
631
774
423
95
793
598
-279
450
965
-197
-405
171
-192
-495
-564
-613
-225
-88
-225
297
582
226
276
665
612
360
633
612
274
616
733
-36
-588
-909
-1463
-1855
-1674
-1409
-1111
-487
-144
46
522
651
419
330
386
346
356
86
225
836
309
44
748
956
7
-261
453
116
-492
-426
-586
-464
-194
-423
79
631
-58
58
831
266
46
754
511
165
684
936
85
-872
-949
-1181
-1785
-1819
-1454
-846
-515
-360
194
654
640
282
445
686
476
463
267
365
616
169
67
716
871
-169
-231
402
-74
-495
-529
-504
-168
-104
-223
218
499
30
273
598
53
358
689
0
114
1053
976
-295
-683
-752
-1531
-2018
-1699
-1269
-834
-522
-189
342
614
541
372
593
682
511
423
65
431
582
-210
53
1003
492
-478
251
599
-208
-454
-444
-333
-49
-304
-166
460
188
-8
447
521
364
410
499
368
816
1110
148
-553
-716
-1302
-1877
-1808
-1326
-822
-517
-197
58
415
524
127
188
556
362
122
217
462
643
183
-26
699
1036
84
-308
350
254
-420
-709
-519
-299
-254
-150
184
515
474
37
321
723
-41
1
605
285
328
1142
547
-1002
-672
-834
-1779
-1523
-1113
-788
-338
-422
-330
459
467
55
269
534
578
578
169
106
810
206
-354
539
944
142
-380
368
250
-613
-706
-631
-431
-181
-231
99
642
378
57
524
402
42
417
513
299
909
1130
-222
-992
-769
-1155
-1784
-1577
-858
-328
-373
-382
112
485
272
17
263
714
671
324
64
611
763
-271
70
859
572
167
83
305
67
-330
-871
-793
22
12
-329
155
594
43
-60
650
271
-176
650
767
-290
830
1761
-601
-1379
-356
-1191
-2082
-1477
-925
-431
-335
-561
81
643
286
-67
389
627
545
399
-105
447
727
-135
240
876
510
368
-17
-112
248
-403
-999
-434
-115
-76
217
210
172
379
180
250
253
90
553
595
-124
713
1912
-472
-1577
-296
-1048
-1978
-1573
-1037
-310
-177
-891
-109
812
152
-191
471
815
714
538
-247
373
1014
-409
47
1270
668
191
150
228
323
-602
-1274
-690
-236
-37
-228
67
742
422
136
245
265
75
394
662
-192
725
1940
-568
-1633
-208
-1028
-2121
-1526
-949
-387
-227
-577
69
756
347
-173
351
827
523
404
158
558
637
-216
56
351
618
587
-89
-33
614
-44
-1180
-539
-145
-214
-77
-169
170
407
142
-74
386
622
342
533
478
983
1688
-705
-1804
-211
-1242
-2238
-1031
-718
-274
283
-737
-151
806
-130
-302
295
595
690
379
-84
607
905
-340
155
1070
597
235
61
3
385
-36
-1395
-636
212
-349
-206
-36
433
598
14
16
346
302
463
484
-13
924
1665
-682
-1715
-262
-984
-1990
-1163
-586
222
-38
-916
-51
700
67
-457
194
777
661
399
-249
617
1005
-526
-20
888
513
244
64
-43
381
-207
-1370
-517
-8
14
121
-69
447
318
-123
310
182
-31
510
593
-20
948
1928
-640
-1514
-262
-934
-1736
-1068
-709
-175
22
-838
-345
505
85
-477
4
785
809
386
52
533
517
7
180
255
764
772
-112
-43
376
-193
-1048
-836
-301
142
-115
-48
652
296
226
311
-174
226
728
217
-116
706
1649
-426
-1672
-349
-719
-1721
-1137
-892
-491
-105
-589
-233
242
137
-28
34
532
770
681
10
349
764
46
272
258
575
823
-187
-59
452
-214
-934
-713
-392
80
222
-222
150
587
408
-1
28
462
611
679
-150
627
1771
-922
-1582
-406
-876
-1407
-1185
-911
-105
247
-1007
-518
544
11
-450
127
609
673
948
-18
279
1037
-105
16
691
497
76
29
-20
18
-186
-1126
-534
144
-90
87
135
332
433
256
111
136
388
793
206
53
1396
610
-1339
-999
-873
-1171
-1025
-1176
-852
218
-455
-1035
57
330
119
37
356
819
1000
458
-96
951
523
-340
580
637
20
375
52
-283
195
-668
-994
-242
-54
232
147
152
708
454
218
398
326
806
773
-44
1099
352
-1440
-744
-897
-1463
-1291
-1260
-523
112
-610
-711
-82
51
202
179
155
857
1239
74
-252
968
149
-459
668
518
-32
262
86
92
233
-840
-795
43
-75
43
169
288
693
373
-94
504
606
517
179
549
1013
-724
-1263
-1001
-1218
-991
-1274
-1372
-51
-150
-917
-389
-4
153
332
149
296
1147
931
-248
386
933
273
155
677
603
202
365
-53
95
28
-937
-780
-250
-196
40
156
283
600
410
58
411
462
748
480
596
793
-514
-1080
-1113
-1193
-1082
-1321
-1054
-257
-469
-861
-554
-159
272
246
186
832
1140
633
184
605
722
271
318
803
356
7
87
26
165
-416
-967
-481
-43
-133
0
179
640
743
219
294
495
632
231
426
1087
-373
-1172
-838
-980
-1141
-1547
-1482
-306
-44
-1076
-875
-144
344
363
146
435
1110
1111
258
319
641
278
46
684
330
-196
266
-57
98
37
-747
-534
76
8
70
280
608
733
530
454
318
707
605
275
918
-484
-1288
-762
-1184
-1246
-1294
-1413
-722
-48
-814
-749
-300
16
446
397
512
767
1100
523
415
580
167
206
595
613
-214
-161
79
110
2
-807
-755
-15
48
-31
156
416
664
638
531
515
661
427
515
1112
-431
-1327
-958
-970
-985
-1405
-1630
-860
-154
-879
-860
-522
-185
448
518
324
632
1069
423
442
518
251
369
589
775
214
179
-33
111
342
-421
-745
-156
198
-23
185
204
376
664
346
239
431
431
170
564
366
-762
-1078
-990
-547
-828
-1511
-1087
-278
-410
-749
-597
-361
244
448
325
674
959
655
447
596
403
218
586
702
168
-67
-54
169
129
-439
-698
-366
-41
99
261
365
684
712
692
770
599
373
519
730
-469
-1317
-1220
-979
-852
-1452
-1567
-963
-353
-630
-791
-451
-65
493
687
586
727
879
537
510
461
190
296
463
317
73
-108
78
230
-181
-448
-267
-6
-63
99
388
563
596
594
684
470
363
248
364
51
-967
-1176
-1036
-882
-1126
-1486
-1142
-600
-608
-686
-356
-134
216
478
665
733
679
809
624
549
369
292
585
458
113
-100
57
244
148
-224
-469
-83
130
36
250
585
750
763
797
900
743
228
471
302
-827
-1210
-1332
-901
-1079
-1556
-1288
-974
-572
-552
-490
-370
81
483
602
876
766
796
758
449
297
451
484
245
34
-81
218
185
-24
-196
-197
188
131
109
273
710
863
663
708
567
310
159
173
-413
-1047
-1429
-1224
-896
-1293
-1329
-1191
-797
-497
-556
-546
-185
249
513
753
655
738
803
645
367
365
499
215
37
-192
114
350
32
-55
-122
-9
165
216
385
722
646
680
892
686
332
58
199
-285
-999
-1309
-1257
-1012
-1261
-1277
-1069
-851
-636
-471
-252
7
316
596
829
771
653
580
630
464
213
323
115
-35
-143
-11
174
-41
-15
-36
0
85
128
414
547
572
727
744
533
245
41
147
-96
-736
-1000
-1089
-1002
-1099
-1230
-1052
-932
-768
-714
-469
-81
204
469
753
912
735
685
723
612
203
-68
27
68
36
-23
128
216
230
242
340
579
646
777
903
977
884
622
489
307
-186
-698
-997
-1199
-1309
-1524
-1552
-1350
-1194
-1036
-831
-532
-86
320
585
833
874
920
872
684
581
401
220
25
-1
38
-10
-15
19
80
19
7
137
340
522
567
507
493
502
311
38
-176
-287
-495
-763
-900
-971
-993
-1063
-1025
-941
-901
-725
-505
-250
-19
156
389
552
525
492
501
460
417
384
442
476
445
505
626
656
601
615
656
737
676
530
411
155
-111
-417
-682
-914
-1177
-1338
-1437
-1532
-1555
-1502
-1367
-1131
-861
-541
-209
65
317
504
647
764
790
824
919
1014
1069
1097
1102
1076
1031
983
964
807
489
207
-2
-177
-487
-882
-1149
-1300
-1429
-1519
-1536
-1448
-1226
-1010
-736
-432
-207
30
186
340
506
599
710
856
984
1060
1074
1063
1066
994
825
690
585
507
393
200
1
-198
-400
-621
-840
-1006
-1093
-1144
-1162
-1108
-983
-819
-681
-543
-408
-258
-68
85
177
253
392
608
719
722
805
966
1073
1022
958
991
906
558
172
-31
-99
-275
-617
-879
-977
-976
-997
-1046
-1024
-900
-725
-561
-415
-291
-130
6
102
202
268
342
406
521
689
811
920
1022
1067
973
882
952
978
693
293
103
25
-215
-611
-894
-1021
-1141
-1266
-1334
-1280
-1121
-883
-632
-465
-321
-96
154
320
377
441
627
828
881
829
895
1060
1073
903
707
653
664
479
18
-366
-329
-235
-502
-909
-1032
-913
-864
-916
-925
-743
-428
-243
-244
-253
-126
103
272
311
329
475
763
952
923
866
903
953
805
424
135
168
218
-21
-381
-622
-737
-816
-923
-1028
-1051
-930
-740
-625
-561
-424
-186
52
163
166
212
401
607
659
646
752
896
903
788
675
659
660
563
379
215
124
-54
-286
-479
-656
-802
-925
-999
-1029
-977
-840
-670
-512
-370
-207
-44
161
380
430
472
658
799
830
836
879
859
709
539
347
140
-11
-96
-180
-331
-546
-698
-716
-744
-838
-881
-774
-609
-512
-443
-317
-144
26
164
269
366
494
678
841
889
849
828
829
717
498
315
221
110
-85
-293
-441
-551
-686
-819
-886
-869
-811
-743
-651
-547
-430
-292
-146
-2
131
258
397
542
669
763
831
894
927
871
710
541
407
271
103
-77
-238
-375
-500
-636
-767
-848
-870
-854
-799
-726
-611
-435
-262
-144
-30
133
287
399
514
645
762
837
865
849
778
674
549
401
257
100
-72
-194
-310
-465
-593
-659
-679
-706
-757
-697
-570
-492
-392
-273
-151
5
113
177
280
398
493
548
584
622
632
583
490
387
308
246
140
2
-88
-127
-204
-344
-440
-465
-452
-453
-529
-516
-328
-268
-308
-243
-117
39
148
138
160
322
477
451
354
370
418
385
273
165
132
132
77
-43
-140
-145
-150
-260
-363
-366
-329
-312
-334
-341
-282
-200
-139
-99
-58
12
119
215
229
217
290
373
353
258
206
253
262
154
35
0
13
-38
-189
-265
-203
-201
-284
-310
-269
-210
-171
-179
-166
-89
-6
52
71
62
110
213
245
173
129
191
242
182
89
58
87
87
3
-74
-85
-59
-53
-124
-176
-119
-68
-85
-118
-130
-63
7
-19
-41
12
82
95
44
36
96
111
60
29
37
52
53
14
-29
-20
-2
-26
-64
-79
-53
-26
-39
-62
-61
-23
19
-6
-48
-26
29
56
13
-24
20
68
74
24
-40
16
100
49
-33
-42
20
75
6
-83
-52
14
15
-44
-112
-83
13
13
-76
-94
-13
46
35
-12
-11
70
114
68
13
1
68
77
-31
-60
-18
-12
-5
-39
-69
-9
32
13
-10
-1
38
45
21
2
-15
-10
-1
-27
-69
-70
-31
-25
-38
-34
-25
27
72
35
27
71
97
90
38
17
48
36
-5
-48
-66
-32
-25
-64
-73
-48
-10
3
-19
-30
1
39
30
-8
-17
2
29
19
-26
-23
19
28
12
2
8
28
43
21
-6
5
20
12
-7
-19
-7
-7
-24
-28
-28
-32
-32
-28
-25
-14
-5
-18
0
31
30
25
31
44
52
39
16
7
12
8
-1
-15
-28
-5
1
-16
-14
-9
4
22
13
-1
3
10
3
-3
-26
-48
-25
-26
-43
-42
-44
-18
2
0
9
13
31
51
46
33
23
26
31
25
5
-14
-12
7
3
-20
-27
-17
3
11
-9
-23
-11
8
11
-11
-32
-18
13
14
-13
-26
3
33
19
-8
-15
9
25
4
-22
-23
12
31
-1
-22
-5
21
21
-13
-30
-3
18
6
-18
-16
18
32
2
-18
2
23
13
-7
-20
-2
21
2
-21
-14
3
7
-6
-28
-19
9
0
-20
-20
-2
20
13
-16
-9
21
35
19
-7
-1
29
30
1
-19
-6
17
12
-15
-24
-2
11
0
-15
-16
0
9
-6
-17
-3
11
2
-12
-10
6
13
-1
-9
0
12
9
-7
-10
3
15
2
-15
-5
15
12
-6
-13
-1
14
5
-11
-9
3
10
0
-11
0
18
10
-4
-1
7
7
-8
-21
-13
0
-6
-20
-18
-2
6
4
-3
5
28
26
16
12
16
19
9
-8
-13
-7
-12
-30
-29
-19
-13
-12
-13
-2
15
17
11
17
24
20
15
10
2
-2
-2
-8
-17
-20
-19
-14
-13
-10
-6
-3
7
14
15
19
18
15
16
19
10
-4
-7
-3
-2
-13
-27
-16
-2
1
-12
-19
-6
13
10
-9
-14
1
17
7
-8
-7
3
11
2
-7
-2
9
13
9
7
9
15
12
6
1
0
-1
-1
-11
-17
-9
-4
-11
-20
-15
0
7
0
-10
0
20
22
1
-8
4
12
7
-5
-14
-6
5
5
-9
-11
0
9
10
0
-4
9
16
10
1
-1
4
6
-6
-8
0
1
-1
-7
-11
-2
3
-5
-12
-6
-1
-4
-13
-11
-6
-3
-5
-9
-8
-2
5
5
3
5
15
17
15
15
17
17
15
13
8
5
3
-3
-5
-4
-10
-14
-13
-13
-15
-16
-16
-20
-17
-15
-10
-9
-8
-5
-1
7
11
11
15
21
27
28
28
29
30
27
21
16
13
9
1
-6
-15
-18
-21
-25
-27
-29
-29
-27
-27
-23
-21
-17
-15
-11
-6
-7
-2
1
3
6
9
11
13
15
17
18
22
26
22
19
22
20
14
11
9
4
-3
-10
-13
-16
-20
-24
-30
-29
-28
-28
-29
-27
-24
-12
-10
-11
-5
5
9
10
9
17
28
28
24
26
30
30
27
22
19
18
15
7
0
-1
-4
-10
-18
-17
-18
-26
-27
-28
-29
-27
-28
-25
-17
-16
-14
-9
-4
2
1
4
11
19
24
22
22
25
26
26
22
18
19
20
12
3
0
0
-4
-9
-13
-15
-13
-14
-18
-19
-13
-10
-9
-7
-4
-3
-2
-2
-2
0
0
3
5
1
0
3
4
2
3
5
2
4
6
0
-1
0
1
0
0
0
1
2
0
0
4
3
2
2
1
1
1
1
-1
-2
-3
-6
-5
-3
-3
-4
-4
-5
-4
0
2
0
-1
3
3
1
1
1
3
2
3
0
-3
0
0
-1
0
0
1
0
0
0
-1
2
2
1
1
1
2
4
0
0
3
4
1
-1
0
3
0
-1
-5
-2
0
-2
-5
-4
-2
-2
-4
-4
-3
0
0
0
0
2
4
0
1
0
1
4
2
0
0
2
0
-2
0
0
-3
-3
-2
0
0
-1
-1
0
0
1
0
0
1
1
1
1
2
3
0
-1
1
0
-1
-1
0
-1
-3
0
0
0
0
0
1
0
0
0
0
0
2
1
0
0
0
0
0
0
-1
0
1
1
-1
-3
0
0
-2
-2
0
-1
-3
-1
1
-1
0
2
0
-1
0
0
0
2
1
-1
-1
1
1
1
3
1
-2
0
0
0
0
0
2
3
0
0
1
0
0
-1
-1
-1
-2
-2
-3
-2
-1
0
1
0
0
-1
0
1
0
1
1
0
1
2
0
0
0
-1
0
0
0
0
1
0
-1
0
0
-1
0
0
-1
-2
0
2
0
-1
0
1
0
0
1
0
0
0
-1
0
0
0
-1
-2
0
0
0
-1
-1
0
-1
0
2
1
3
2
0
0
0
0
0
0
0
0
-2
-1
0
0
-1
-1
0
0
0
0
0
1
0
1
0
0
0
0
0
0
0
0
1
1
0
0
0
0
0
-2
-1
-1
1
-1
-1
0
0
0
0
2
0
0
1
0
1
2
-1
-1
0
0
0
0
0
0
1
0
0
-2
-3
-1
0
-2
0
-1
-1
1
1
-1
0
0
2
1
1
1
0
0
1
1
0
-1
-1
0
-3
0
0
0
1
0
-1
0
2
0
0
0
0
-1
0
1
1
-2
-2
0
0
1
0
0
0
-2
1
0
-1
-1
-2
0
1
0
0
0
0
0
0
0
0
0
0
1
0
0
0
1
2
0
1
1
0
-1
-2
0
1
1
1
1
1
0
0
-1
-3
0
1
1
0
-4
-2
-2
-2
0
0
-2
0
2
0
0
1
0
1
0
-2
-1
-1
-1
1
4
4
2
3
3
1
0
2
2
0
-2
-2
-1
-4
-3
-1
-1
0
0
0
0
0
1
0
0
1
2
2
1
1
1
0
0
1
1
1
-1
-1
0
0
0
-2
-1
0
-3
0
-1
-3
-1
0
0
0
-1
0
2
0
-1
0
2
2
3
2
2
3
1
1
0
0
0
0
0
0
-1
0
0
-2
-4
-1
-2
-4
0
0
0
-1
0
1
0
0
1
-1
-2
0
0
1
0
1
1
2
4
3
1
4
1
0
0
0
0
0
-1
-1
-1
-2
-3
-2
-3
-1
-1
-2
-2
0
1
3
3
1
1
1
0
0
0
-1
1
-1
-2
-1
-1
-2
-1
0
0
1
0
0
2
1
-1
0
0
-1
0
-1
0
-1
0
2
0
0
1
0
0
1
0
1
3
2
1
0
0
0
0
-2
0
1
0
3
2
0
1
0
-1
-1
-2
-2
-1
0
0
-2
-1
-2
-1
0
0
0
-1
2
0
0
3
1
0
1
0
-2
0
1
2
0
0
0
0
0
1
0
-1
0
0
1
0
1
0
0
0
0
-1
1
0
0
1
0
0
0
0
-1
-1
0
0
-1
-4
0
0
0
0
0
-1
0
0
-1
0
0
-2
0
0
1
1
1
2
2
2
1
1
3
2
-1
0
0
-1
-1
0
0
-1
0
0
0
0
1
2
1
0
0
-1
-2
0
0
-1
-1
-1
-1
-2
-1
-1
0
1
1
0
0
0
1
0
0
0
1
0
1
2
2
0
0
0
-1
1
-1
0
0
0
1
0
0
0
0
0
0
0
0
0
0
0
-1
-2
0
0
0
0
0
0
0
0
-1
-1
-1
-1
-1
0
0
0
0
0
2
0
0
3
1
1
2
2
0
0
-1
0
-1
-1
0
0
0
0
0
0
0
0
0
0
0
0
0
-1
-1
0
0
0
0
1
0
0
-2
0
1
-2
0
-2
-1
1
0
-1
-1
1
1
0
2
1
0
0
2
1
0
0
1
0
0
0
-1
1
-1
0
0
-1
-1
-3
0
0
-2
-1
-1
-3
-1
0
0
0
0
1
0
0
0
0
1
2
0
0
0
0
2
1
-1
-2
0
0
0
0
-1
-1
-1
0
0
0
0
0
0
0
0
3
1
1
0
0
0
1
0
-1
-1
-1
1
0
0
0
0
0
-2
1
1
0
0
0
0
0
2
0
0
0
-1
0
0
1
0
-3
-1
0
0
0
0
-1
0
0
0
1
1
0
-2
0
0
0
1
0
0
0
0
0
0
2
0
0
1
-1
2
0
-1
0
0
0
-1
1
-1
0
0
0
0
0
0
-2
-1
2
0
-1
0
0
0
-2
2
2
-1
0
1
1
0
0
0
2
0
0
0
0
0
0
-3
-2
-1
0
0
1
0
0
1
0
-1
0
-1
0
0
0
0
0
0
0
-1
0
0
1
1
0
1
1
0
0
0
1
0
2
0
0
1
1
1
0
-1
-1
-1
0
0
-2
-5
-1
0
-1
0
0
0
0
0
-1
0
2
1
0
2
2
0
0
0
0
0
0
2
1
-1
-1
-4
-2
0
0
0
-1
0
1
3
0
0
0
1
0
1
0
0
1
0
0
0
0
0
0
-1
0
1
0
-2
-1
-1
-1
0
-1
0
0
1
0
0
1
0
1
0
0
0
-1
0
0
1
1
-2
-2
-1
-1
-1
-2
0
-1
-1
0
0
0
3
2
1
0
1
1
2
1
0
2
2
0
1
0
1
0
0
-1
-1
-1
0
0
0
1
0
0
3
0
0
0
0
0
1
-2
0
0
-3
-4
-4
-5
-3
-4
-5
-3
-4
-3
-1
-2
-2
2
4
3
5
7
6
5
8
8
10
9
6
4
4
2
0
0
-2
-5
-6
-5
-8
-9
-7
-6
-6
-8
-7
-3
-4
-3
0
1
3
3
3
2
6
9
6
5
6
4
3
3
1
1
-2
-1
-4
-6
-2
-4
-4
-2
-2
-3
-2
-1
-1
0
2
2
1
3
4
2
0
1
2
0
-1
1
1
0
0
-1
0
0
-1
1
-1
0
0
3
1
0
0
1
3
0
0
0
0
-1
-1
-2
0
0
-1
-2
-2
-1
-2
-1
0
-1
0
0
0
0
0
1
0
-1
-1
1
2
0
0
0
1
2
2
0
0
0
-1
-1
-2
-2
0
1
1
0
0
1
0
0
0
0
0
0
0
0
0
-1
-1
0
0
0
0
0
-1
0
0
0
0
0
0
0
0
0
-1
0
1
4
3
1
2
3
0
0
0
0
-2
0
-1
-2
-1
-2
-4
-3
-1
0
-2
0
0
0
0
0
2
1
0
2
2
1
2
2
1
0
0
0
1
0
-2
0
-4
-4
0
-4
-4
-1
1
1
1
0
0
1
1
2
2
2
0
2
0
1
1
1
2
2
0
0
0
0
-2
0
-1
-1
-2
-3
0
-2
0
-2
-2
0
1
-1
0
1
0
0
-1
0
0
0
0
1
0
0
0
1
1
1
1
0
1
1
0
-1
-3
0
0
0
0
0
1
0
0
1
0
0
1
1
0
0
0
0
0
1
-2
0
0
0
-1
0
0
-2
0
0
0
-2
0
0
0
-1
0
1
1
2
0
-2
0
0
0
0
0
0
1
0
1
0
1
0
0
1
0
1
1
0
1
-2
-1
1
0
0
-1
0
0
0
1
0
0
0
0
0
0
0
0
0
-1
0
0
-2
-1
0
3
0
-1
0
0
0
0
1
0
1
0
0
0
-2
-2
0
0
1
0
0
0
1
0
0
1
1
1
1
0
0
-1
-2
-1
1
1
0
0
0
0
-1
-1
-1
-1
0
1
0
0
0
-1
2
1
0
2
1
2
2
0
0
0
-1
0
0
0
0
-1
-1
0
0
-1
-1
0
-1
0
0
0
-1
0
1
0
1
1
0
0
0
1
0
0
0
-1
-1
0
-1
0
0
0
0
0
0
0
0
1
0
0
0
1
0
0
0
-1
0
-1
-2
1
1
1
-1
0
0
0
0
1
1
0
0
0
-1
-1
-3
0
1
-4
-1
0
0
0
2
2
0
0
2
2
2
0
2
1
1
0
0
3
-2
-2
-1
-4
-1
-2
1
0
-2
0
-1
0
1
-3
1
3
-2
0
2
0
-2
2
0
-1
0
0
-1
0
2
0
1
1
-2
1
1
-1
0
1
0
0
0
0
-1
-1
0
0
0
0
1
0
0
0
1
0
0
0
0
0
0
0
-1
1
-1
-1
1
0
1
0
1
0
0
1
-3
0
1
0
-1
0
-1
1
1
-1
0
1
1
0
2
3
-1
0
2
0
-2
-1
0
-1
-1
0
0
-1
1
-1
0
1
-1
-1
-2
0
-1
0
0
-1
0
0
0
0
1
0
0
0
0
2
0
-1
0
3
2
1
1
-1
0
2
0
-2
0
-2
0
1
-1
1
1
1
3
1
0
0
1
1
0
1
-1
-1
0
0
-2
-2
0
0
-1
0
0
-2
-1
-1
-2
-1
0
1
0
0
0
1
0
0
1
0
1
1
2
1
0
0
0
2
0
0
0
0
1
-2
0
2
0
-1
-1
-1
0
-1
0
0
-2
-1
1
-2
-1
-1
-1
-1
-2
0
0
0
0
-1
0
0
0
2
2
0
2
2
1
0
0
1
0
0
0
0
0
0
0
-2
0
1
0
-1
0
0
0
-1
-1
0
1
0
0
0
0
2
-1
-1
-1
-1
0
0
0
1
2
0
-1
-1
1
-1
0
0
0
1
0
0
0
2
1
0
-1
-1
0
0
2
0
-1
-2
0
1
-1
1
0
-3
0
-1
0
1
0
-3
-1
2
1
0
-1
0
0
0
0
1
0
1
1
-2
0
2
1
-2
0
2
0
0
1
0
0
0
-1
-1
2
0
-2
0
0
0
0
2
1
-2
-1
0
0
0
0
-1
-1
0
0
1
0
0
0
-1
2
2
0
-1
0
-1
0
0
-1
0
0
-2
0
1
0
0
-1
0
0
-1
0
0
0
0
0
1
1
0
1
0
2
1
-1
-1
0
0
-1
0
0
0
0
1
0
-2
-1
-1
0
0
-1
0
1
2
1
1
0
0
0
-1
0
0
-1
0
0
0
0
0
-1
-1
0
2
1
0
0
2
2
0
0
0
0
0
0
-1
1
2
3
1
0
0
1
-2
0
0
-1
0
-1
0
1
0
0
0
0
-2
-1
-2
0
0
0
-2
-2
-1
0
2
-1
0
0
-2
1
0
-2
0
1
0
0
0
0
1
1
0
0
0
1
0
0
2
0
1
1
0
0
0
0
0
-1
-1
0
0
0
0
0
0
-1
0
0
0
0
-2
1
0
0
-1
-1
-1
0
0
0
0
-1
1
1
0
1
0
-1
-1
0
2
0
-1
-1
0
1
0
1
-1
0
2
-2
0
0
0
-1
0
1
0
0
0
1
1
0
0
-1
-1
0
0
-1
0
0
-1
1
0
-1
-2
0
-1
0
1
0
1
0
0
0
0
1
0
0
1
0
2
1
1
0
-2
0
1
0
-2
0
1
0
-1
0
1
-1
-4
-2
1
0
-2
0
3
1
0
1
2
-1
-1
0
2
1
0
1
0
0
0
-1
0
1
-1
0
3
2
0
-2
-2
0
1
-1
-2
0
0
0
-1
0
0
0
0
-1
-1
-1
0
-1
-1
0
0
0
0
1
0
0
2
0
0
1
2
1
2
2
0
0
1
-1
0
0
0
0
-1
0
1
0
0
0
-1
0
-1
-1
0
1
-2
-1
0
0
0
0
0
0
0
-1
-1
-1
0
0
0
0
1
0
-1
0
0
2
2
1
1
0
0
0
1
2
1
1
1
0
0
0
-1
-1
0
1
1
0
0
-2
-3
0
1
0
-1
0
-1
-3
-1
-1
-1
-2
0
1
1
2
0
0
0
1
1
1
0
1
2
1
1
0
0
0
-1
0
0
0
-1
-2
-2
1
2
0
1
0
-3
0
0
0
0
0
0
1
0
0
0
-1
0
1
0
1
1
0
-1
-1
0
0
0
-1
-2
0
0
1
0
1
2
1
1
0
0
1
1
0
0
0
-2
0
0
0
1
0
0
-1
0
-1
-1
-1
-2
0
-1
0
1
0
0
3
1
0
1
1
0
1
1
0
-2
-1
0
-1
0
0
-2
-1
1
1
1
1
0
0
1
1
-1
-1
-1
-1
0
0
1
0
0
0
0
2
0
0
0
0
0
-1
-2
1
0
1
-1
0
2
0
0
0
0
0
0
0
0
0
0
0
0
-1
0
0
0
0
-1
0
0
0
0
-2
-1
0
0
1
2
1
4
1
0
0
-1
0
-1
-2
0
0
0
0
0
0
-1
-2
0
0
0
0
-2
0
-1
0
2
1
1
0
0
0
0
0
1
2
-2
-1
2
0
0
0
0
0
-1
1
-1
-1
-1
0
1
0
0
-1
0
0
0
0
1
1
0
-1
-1
0
0
1
0
0
0
-2
-1
0
0
0
0
1
0
1
0
-2
1
0
0
0
0
2
1
0
0
0
0
0
0
-1
0
0
-2
0
0
0
0
-2
0
0
-1
0
0
-1
-2
0
0
0
1
-1
0
0
0
0
0
-1
0
0
0
2
0
0
-1
1
3
0
0
0
2
1
0
1
0
0
0
0
0
1
0
-1
0
0
0
-1
-1
1
0
-2
-1
0
0
-3
-1
0
-1
-1
-1
0
1
0
-1
1
1
0
0
1
2
1
2
1
0
0
1
1
2
-1
0
-1
-2
1
-1
0
0
-1
0
-1
0
-1
0
1
0
0
0
0
-3
1
2
-1
-1
-1
2
0
-1
-1
-1
0
3
1
0
0
1
0
0
0
1
2
1
0
1
0
0
1
0
-1
0
-1
0
0
-1
-1
-2
0
0
1
0
-1
-2
0
0
-1
0
0
1
1
1
0
0
1
0
0
0
-1
0
0
0
1
0
1
0
-3
-1
0
0
0
0
-1
0
3
2
1
0
0
0
0
1
0
1
0
0
-1
-1
0
0
0
-1
-2
0
0
0
0
0
0
0
1
-2
0
2
2
0
0
0
0
1
0
0
-2
-2
0
0
0
-1
0
0
0
1
0
0
0
0
-4
-1
3
1
0
1
3
0
0
1
0
1
0
0
0
0
3
0
-1
0
0
-1
0
-3
-3
-1
-1
0
-1
1
0
0
0
-1
0
-1
-1
1
0
1
0
0
1
0
0
0
-1
0
0
1
2
1
1
0
1
0
0
0
0
0
0
-1
-2
-1
0
0
-1
0
0
-2
-1
0
1
0
0
0
1
0
0
0
0
0
1
2
-1
0
1
0
0
0
1
0
0
0
0
1
0
0
0
0
1
-1
-1
0
0
0
0
-1
-1
-1
-1
-1
0
-1
0
0
0
2
0
1
2
0
0
0
1
0
0
2
0
-3
0
1
-1
0
0
-2
0
1
0
0
0
2
1
0
1
0
0
1
2
1
-2
-1
0
0
0
0
0
-2
-2
0
1
-1
0
0
1
0
-1
-2
-1
0
0
-1
-1
0
0
0
0
1
2
0
1
3
0
-3
-2
-1
0
0
1
1
1
0
0
1
0
1
1
0
-2
0
0
0
0
0
-1
-1
0
-1
0
0
-1
0
0
1
-1
-1
1
0
1
0
0
0
0
0
0
0
0
-1
0
-2
-1
1
0
0
2
-1
0
1
0
2
0
0
0
-1
0
0
0
1
1
3
0
0
2
-1
0
0
-1
-2
-1
0
0
0
0
-1
-1
0
0
0
-1
-1
0
0
-3
-2
0
0
-1
0
1
0
2
1
2
2
2
1
1
0
1
0
-2
-1
-1
0
0
0
1
2
1
1
1
0
2
0
0
0
-3
-1
0
0
0
0
0
-1
0
0
2
0
-1
-1
0
0
0
-1
-2
0
0
0
-1
-2
0
0
0
0
0
2
1
0
0
0
1
2
1
1
0
0
0
-1
1
-1
0
1
0
0
0
0
0
1
0
0
-2
0
-1
-1
1
0
0
-1
-3
0
0
0
0
0
2
0
-2
-1
0
1
0
1
0
0
1
1
1
0
1
0
0
1
0
0
2
1
0
-1
0
0
0
-1
-2
-1
0
-2
0
1
0
0
0
-1
0
0
0
0
0
0
1
0
1
0
0
0
0
0
0
0
0
0
0
0
3
2
2
0
0
-1
-3
-2
0
0
0
0
0
0
-1
0
0
0
-1
-2
0
0
-1
0
2
2
0
0
0
0
0
-1
1
0
0
1
0
-1
0
0
-1
0
0
0
0
-1
1
1
0
0
0
0
0
1
0
-2
0
0
0
-1
0
-1
-1
1
0
0
-1
0
3
0
0
1
0
0
1
0
-2
0
-1
0
0
0
0
0
0
1
-1
0
0
-1
-1
-1
0
0
1
1
0
-1
1
1
0
-1
0
0
0
-2
0
2
1
1
-1
-1
0
0
0
0
0
0
0
1
0
0
0
0
0
0
0
0
0
1
1
-1
-1
-1
-1
1
0
0
0
0
0
2
0
-1
0
0
0
1
-1
0
0
-1
1
0
-1
0
0
0
0
0
0
0
0
0
0
0
-1
-1
-1
0
1
0
0
0
0
1
0
0
0
1
1
0
1
1
0
0
0
0
0
0
0
0
0
-1
0
0
0
0
0
0
-2
-1
0
0
2
0
-1
0
-1
0
0
-1
-1
-1
0
0
0
-2
0
0
1
1
0
0
0
1
3
0
0
1
0
-1
0
0
-1
0
-2
0
2
0
0
1
0
-2
0
0
0
0
0
1
0
0
0
1
-1
0
4
0
0
0
-3
0
0
0
0
0
0
1
1
-1
0
0
-2
0
-1
-1
0
0
2
1
0
0
0
0
0
0
0
0
0
0
0
0
-1
-1
0
1
0
2
1
-1
0
0
0
0
1
0
0
0
0
0
0
-1
0
-1
0
1
0
0
0
0
0
0
0
0
0
0
1
1
0
-2
0
0
0
0
0
0
0
-2
-1
0
0
0
0
0
0
2
1
0
1
0
0
0
0
0
1
0
0
0
-2
0
0
1
0
-1
0
0
0
0
0
0
2
0
0
0
0
-1
1
-1
0
1
0
0
-1
0
0
0
0
-1
-1
-1
0
0
0
0
0
2
0
0
1
1
0
0
1
0
0
1
0
-2
0
1
2
0
0
2
0
0
1
0
-1
-1
-2
0
0
-2
-1
0
0
0
0
1
0
1
1
1
0
1
0
0
0
-1
-1
0
-2
0
0
1
1
1
0
0
0
0
0
0
0
0
0
0
0
-1
0
0
-1
0
-1
-1
2
0
0
1
-1
0
1
0
0
1
3
1
1
2
0
0
0
-1
-1
0
-1
0
-1
0
0
0
0
0
0
-1
0
0
-2
0
0
1
1
1
1
0
0
0
0
0
0
-3
-2
-2
-1
-2
0
1
0
1
0
2
4
3
3
1
1
1
-1
-1
0
0
-2
-3
-3
-3
-1
-1
-2
-2
-2
-2
-1
0
0
0
2
2
3
4
3
3
1
1
0
-1
1
-1
-1
-1
-2
0
0
-1
0
0
0
0
-1
0
0
0
1
0
0
1
0
0
0
1
0
0
0
0
0
0
0
-1
0
-1
0
1
0
0
1
0
-1
-1
0
0
-3
-2
0
0
-1
-1
0
0
0
0
1
1
0
0
3
3
4
1
0
1
0
-1
0
0
-2
-2
0
1
-1
-1
0
-2
0
0
0
1
1
1
0
0
0
0
1
0
1
-1
0
2
0
-2
0
-2
-1
0
0
-1
-1
-3
0
2
0
0
1
-1
-1
0
0
-1
0
0
0
0
0
2
2
-1
0
0
-1
0
0
0
0
0
2
1
0
1
1
0
0
0
-1
0
-2
-1
1
-1
0
1
2
0
0
0
1
0
0
0
-1
-2
-2
0
0
0
1
0
-1
-1
2
0
-1
0
1
-1
0
0
-2
1
1
0
3
0
1
3
1
0
-1
-3
-1
-2
-2
0
0
-1
0
0
0
2
2
1
-1
0
0
-1
0
0
0
0
0
0
0
0
1
2
1
0
0
0
0
-1
0
-1
0
0
0
1
1
0
0
0
0
0
0
0
-1
0
1
-1
-1
0
0
1
2
2
1
0
0
-1
-1
0
0
0
0
0
0
-1
-2
-1
0
-1
0
0
0
-2
-1
-2
0
0
0
3
3
3
2
2
0
-1
0
0
1
2
1
1
0
-1
1
1
1
0
-3
-1
-2
-4
-4
0
0
1
0
3
0
-2
0
0
0
0
0
1
0
-2
-2
0
2
3
2
1
0
-2
-1
-1
0
1
0
0
0
0
0
0
0
0
0
0
0
-1
-1
0
1
0
1
2
0
-3
0
-1
0
0
-2
-1
0
0
1
1
0
-1
0
1
0
0
0
1
1
0
2
0
1
0
0
-1
-2
0
0
0
0
-1
-1
-1
-1
-1
-2
-1
-1
0
1
3
2
2
1
0
1
0
0
0
1
1
1
2
2
2
0
-1
-3
-8
-7
-5
-3
0
0
3
6
6
5
2
0
0
-2
-5
-6
-2
0
1
3
3
6
6
0
-2
-6
-7
-5
-4
-3
-1
3
6
4
6
7
4
2
0
0
-3
-3
-3
-2
0
0
3
1
0
0
-3
-5
-4
-3
-5
-2
0
2
4
4
5
4
1
-1
-1
-1
-3
-1
1
1
0
0
0
1
1
1
0
1
2
1
-1
0
0
-1
-1
0
-2
0
0
-1
0
1
0
1
0
0
0
-1
-2
-3
-3
-1
0
0
2
3
2
2
2
1
0
-2
0
1
0
0
0
2
2
0
0
1
-1
0
-2
-1
-1
-1
-1
-2
0
-3
0
1
0
-1
-1
1
0
0
-1
0
-1
0
0
0
3
1
1
3
0
0
0
0
0
1
2
-1
0
0
1
0
-1
0
-1
-2
0
-1
1
2
0
-1
0
1
0
-1
0
0
0
0
0
0
-1
-2
0
0
0
0
0
0
0
0
0
-1
0
0
0
0
0
1
1
0
0
0
0
1
0
0
0
1
0
0
-1
1
2
1
3
1
1
0
0
-1
-2
-1
-2
-2
-2
-3
-3
0
1
-1
0
1
1
1
0
0
1
0
-1
-2
-2
0
0
0
1
3
3
3
3
0
0
-2
-3
-1
-1
0
-1
-2
1
4
3
3
2
0
-3
-2
0
-2
-5
-1
1
0
0
2
1
0
2
1
0
0
0
-3
-2
0
-1
-2
0
0
-1
-1
0
0
0
1
1
1
2
0
0
2
0
0
0
0
2
0
-1
2
1
0
0
-1
0
0
2
2
3
0
0
0
-1
-3
-5
-6
-4
-4
0
0
0
4
3
2
2
0
-2
-3
-3
-3
1
3
2
3
4
3
3
0
0
-1
-3
-2
-1
-2
0
0
0
1
-1
-2
0
-1
-2
-2
-1
0
0
3
4
2
3
5
1
0
0
0
1
-2
-1
0
-2
0
0
0
0
-1
-2
-3
-4
-2
-1
0
0
0
1
0
1
0
1
3
2
3
2
1
2
1
0
0
0
-1
-3
-4
-3
-1
0
-1
0
0
0
0
0
0
0
3
4
1
1
0
0
1
0
0
0
-1
-1
0
0
0
1
-1
0
0
-3
-4
-4
-5
-2
-2
0
1
0
3
4
3
3
1
0
-1
0
-1
-2
0
1
3
2
2
0
0
0
-1
-1
-1
-1
0
0
-1
-1
0
0
0
-1
-1
-1
-1
0
-1
0
2
2
2
0
0
1
0
-2
-2
-2
-3
0
0
0
1
1
3
4
3
1
1
0
0
0
-1
-3
-1
0
1
0
0
0
0
-1
-3
-2
0
-1
0
-1
0
0
0
2
0
0
1
1
2
2
-1
1
0
0
0
-2
0
0
-1
0
1
0
2
0
-2
0
-1
-1
0
0
0
0
3
2
3
0
0
0
-3
-1
-2
0
2
0
0
1
1
0
0
-1
-2
0
0
0
1
0
0
1
0
0
-3
0
0
-3
-1
0
-1
2
3
0
1
0
0
0
0
0
0
0
0
0
0
0
1
1
2
1
1
0
0
1
0
2
2
1
3
1
0
0
-1
-1
0
-1
0
0
-2
1
-2
0
1
-2
-1
-4
-3
-4
-4
1
4
3
4
3
2
1
0
-6
-8
-7
-7
-3
3
7
9
11
10
6
3
-2
-6
-11
-12
-9
-6
0
4
9
12
10
6
4
-2
-5
-8
-9
-4
-4
-2
2
5
7
7
4
0
-3
-7
-7
-3
0
0
0
2
3
2
0
-1
-3
-3
0
0
0
3
1
2
4
1
1
-1
-4
-2
-1
1
2
4
2
-1
-2
-2
-2
-2
-3
-1
0
2
2
4
3
0
0
0
-2
-5
-5
-1
0
4
5
4
4
0
0
-1
-3
-2
0
0
-1
-3
-3
0
0
0
1
3
4
2
0
1
-1
-2
0
0
-1
-1
0
0
1
0
0
0
0
-2
-1
-2
-1
-1
-1
1
1
0
1
1
3
3
3
3
0
-2
0
0
1
1
0
3
1
0
0
0
-2
-3
-4
-2
-1
-2
0
0
1
0
0
-1
-3
-2
-1
-1
-2
-2
0
1
4
2
1
1
0
1
3
2
2
2
1
1
1
-1
-1
-1
-2
0
0
0
1
0
-2
0
0
-2
-1
0
0
0
2
2
3
2
-1
0
-2
-4
-2
-3
-2
0
0
0
0
0
0
2
3
2
2
0
0
-1
1
2
0
0
0
0
0
0
0
-2
-2
-1
-1
-1
-1
0
0
0
0
0
1
1
2
2
0
0
1
0
-1
0
0
0
0
0
0
-1
0
0
0
-2
0
-1
-3
-1
0
-1
0
-1
0
0
0
0
1
0
0
0
0
0
0
0
0
-1
0
0
0
0
0
2
0
2
1
0
2
2
0
0
4
2
-1
-1
0
0
0
-3
-3
-3
-1
-2
-2
0
-1
-1
-1
0
1
1
2
2
1
2
0
0
0
0
0
0
0
1
2
0
-1
0
-3
-1
0
-2
-1
0
0
2
1
0
2
2
0
1
0
0
0
0
0
-1
-1
-1
0
0
-2
0
-1
-2
0
0
0
-1
0
-2
-1
0
0
0
0
0
2
3
1
1
0
0
1
0
0
0
-1
0
-2
-1
0
0
1
0
3
1
0
1
1
0
1
1
-1
-2
-1
-3
0
-3
-1
0
0
2
0
0
0
0
0
0
0
-1
-1
-1
-1
1
0
1
0
2
1
1
2
0
1
2
0
0
0
0
-1
-1
0
0
-1
0
0
1
0
0
-1
0
0
-1
0
0
0
0
0
1
0
1
0
1
0
0
1
-2
0
0
1
0
0
2
1
0
-1
-1
0
-1
-1
0
-1
-2
-1
0
-1
-2
0
0
0
2
5
3
3
2
2
2
0
0
-2
-1
1
0
1
1
0
-1
-2
-1
-2
-1
-1
-3
-3
-2
-1
0
2
-1
0
3
1
1
2
0
0
0
0
0
0
0
0
1
0
0
1
0
0
1
1
-1
-1
1
1
-2
-1
-2
-2
0
1
1
0
2
1
2
3
0
0
0
0
0
0
0
-2
0
-1
-1
1
0
0
0
0
1
0
1
0
1
0
-2
0
0
-2
-2
-2
0
-1
-2
0
2
3
0
0
-1
-2
-3
-1
0
-1
1
4
0
0
1
0
0
0
0
1
0
0
0
1
0
0
0
0
2
2
1
1
0
-1
0
-1
-1
0
0
0
-1
-1
0
0
2
1
-1
0
-1
-1
0
1
0
0
0
0
0
-2
-3
-2
-1
0
0
1
1
0
0
1
0
2
0
1
0
1
0
1
4
1
-2
-3
-2
-1
-1
0
0
-1
0
-1
0
0
-1
-1
-1
0
0
-3
-1
0
0
0
1
0
1
2
2
1
1
0
0
0
1
0
0
1
1
2
1
0
0
0
-1
-1
0
0
1
0
0
0
0
-2
-1
-1
0
-2
-2
0
0
0
0
0
0
0
1
2
1
2
0
-3
0
0
-1
0
0
0
2
0
-1
0
0
0
0
0
0
0
0
0
-1
-4
-1
0
0
0
0
0
1
1
0
0
0
0
0
1
0
-1
-1
1
0
-2
-2
-1
0
1
2
0
-1
1
0
0
1
1
0
-1
0
0
0
-2
-1
0
0
0
-1
0
0
0
1
-1
0
-1
-2
-1
0
0
0
-1
0
-1
1
2
-1
0
0
2
1
1
0
0
0
0
0
0
-1
0
2
0
0
0
0
0
0
2
0
0
0
-1
0
-1
0
0
-3
0
0
0
0
-1
0
0
1
0
1
0
-1
0
0
0
0
0
0
0
0
0
0
0
0
0
0
0
1
0
0
0
-1
0
0
0
1
-1
0
-1
0
0
1
0
1
0
-1
0
-1
0
0
0
0
0
-2
0
0
0
0
0
0
0
1
0
0
0
0
1
-1
0
2
0
0
1
0
1
1
-1
-2
-1
0
0
0
0
0
0
0
0
2
0
0
0
-1
0
0
1
0
1
0
0
0
1
0
1
0
-2
-1
-1
-1
1
0
0
0
0
1
0
0
0
-1
0
-1
0
0
1
1
0
0
0
1
0
0
-2
-1
0
1
-1
-2
0
0
0
1
1
1
2
0
-2
-2
0
2
2
0
1
0
0
0
-1
-3
0
2
0
0
0
0
0
0
-2
-1
0
1
2
1
-1
1
0
0
-1
-2
1
-1
-1
0
-1
0
0
1
0
-1
-1
-2
0
0
0
0
2
1
0
1
0
-1
0
0
0
0
1
2
0
0
0
-2
-1
2
0
0
0
0
-1
2
0
-1
0
-1
0
-1
-1
0
-1
0
0
0
0
-2
0
0
0
0
0
1
0
0
0
0
1
0
-1
0
0
0
0
1
0
2
2
2
4
2
1
0
-1
-1
-1
0
-1
0
0
0
-1
-2
-2
-1
-1
-1
-3
0
0
-2
0
0
0
0
-1
0
1
1
1
2
4
0
0
0
1
1
0
1
2
3
2
0
1
1
1
0
0
0
0
-1
0
0
0
-1
0
0
-1
-2
0
0
-1
0
0
0
0
0
0
0
0
0
0
1
0
0
0
-1
0
0
-1
-2
-2
-2
-1
0
0
1
0
3
1
0
2
1
2
0
0
0
1
1
0
1
0
0
1
0
0
0
-3
-3
-1
-1
-2
-1
-2
1
1
0
0
0
-1
0
0
0
0
0
0
1
0
2
1
0
0
0
2
0
0
0
0
-1
0
1
0
0
0
0
1
1
2
1
1
-1
-2
0
-1
-1
-3
-1
0
-1
0
1
0
0
0
0
0
1
1
0
0
0
0
0
-1
-1
0
0
2
1
1
2
0
0
0
0
0
0
0
-1
-1
-1
0
1
0
0
0
0
2
1
0
0
-2
0
0
-1
0
-2
0
1
0
0
0
-1
0
0
0
0
0
-1
1
0
-1
1
0
0
1
1
0
-1
1
2
-1
0
1
0
0
1
0
0
0
-1
0
0
0
-1
0
0
-1
0
0
-2
0
0
0
-1
0
0
0
0
1
0
0
-1
-1
0
1
-1
-1
0
0
1
0
0
0
0
0
0
1
0
-1
0
1
0
0
1
2
0
0
1
1
1
0
0
-1
-1
0
1
1
-1
-2
0
0
0
-1
-3
1
0
0
0
-2
0
1
0
-1
0
0
0
0
-2
1
2
0
0
0
0
0
0
2
1
0
1
0
0
1
0
0
-1
-2
0
0
0
0
-1
0
0
0
0
-2
-1
-1
1
1
0
0
0
0
0
0
0
1
1
0
0
0
1
0
0
2
2
0
-1
0
-1
0
0
0
0
0
1
0
-2
0
0
2
0
0
0
-1
-2
-1
0
-1
0
-1
0
0
0
0
0
0
0
0
0
-1
0
0
0
2
1
1
0
1
0
-1
-2
1
2
1
1
0
-1
-2
0
0
0
0
-1
0
0
0
0
-1
-1
-1
-1
0
0
0
-1
0
0
0
0
0
0
-1
0
0
-2
0
2
0
1
0
-1
1
1
1
1
-3
-1
-2
-1
1
0
1
0
0
-1
0
1
0
2
1
-1
0
0
0
0
1
0
0
0
-1
-1
0
1
0
-1
-1
-1
-1
0
0
0
0
-1
1
0
-1
-1
0
1
0
0
0
0
1
0
0
3
0
-1
2
2
0
0
0
-1
2
1
0
0
0
0
0
0
0
-2
0
0
0
0
0
1
0
0
0
0
-1
-2
1
0
0
0
0
0
0
2
-1
0
0
0
0
0
1
1
0
0
0
0
0
-1
0
-1
0
2
0
0
0
1
0
2
0
-1
0
1
0
-1
0
-2
-2
0
0
0
1
-1
-1
0
0
0
0
-1
-1
1
0
0
0
1
0
0
-1
-1
0
2
0
0
0
0
0
1
1
0
-1
0
0
0
0
-1
0
0
0
-1
-1
0
0
0
0
-1
0
2
0
0
0
-2
0
1
0
0
1
1
0
0
1
0
3
1
0
-1
0
0
0
2
-2
-1
2
-2
-1
0
0
0
0
0
-2
0
2
0
1
0
0
1
0
0
1
-1
0
0
0
1
1
0
-1
-2
0
1
0
0
-1
-1
1
0
0
-1
0
0
0
0
0
0
0
0
-1
0
1
0
-1
-1
-1
1
0
0
1
1
1
1
2
1
0
3
0
-1
0
0
0
-1
-2
0
0
1
2
-1
1
-1
0
-1
0
0
0
0
-1
0
0
0
0
1
0
-1
1
-1
0
1
0
0
0
0
0
0
0
-1
0
1
3
0
1
0
1
2
0
0
0
-1
-2
0
0
-1
-1
1
0
-1
0
0
-1
0
0
0
1
-1
0
1
1
0
0
0
-1
0
0
0
0
0
0
0
1
1
-1
0
1
0
0
0
0
0
0
0
0
1
1
0
1
-1
-1
-3
0
1
-1
0
0
-1
0
-1
0
1
-1
1
2
2
1
0
-2
-1
1
2
2
1
-1
0
0
0
2
-2
0
1
-2
0
0
0
2
0
1
0
0
0
0
-1
-2
-1
-1
0
0
-1
-1
0
0
0
0
0
1
0
0
-1
0
0
0
1
0
1
0
-1
-1
0
0
1
0
0
0
1
0
1
0
0
0
0
0
0
0
0
0
0
0
0
-2
0
1
1
-1
0
0
0
-1
0
0
0
1
0
0
0
0
0
1
2
0
0
0
0
0
-1
0
0
0
1
2
0
-1
0
0
-2
0
0
0
1
0
0
0
-1
0
0
0
0
-1
1
2
0
0
0
0
1
1
1
0
0
0
0
0
0
0
-1
0
0
-1
-1
0
-2
0
0
-3
0
1
0
0
-2
-2
0
0
0
2
1
2
2
0
-2
0
0
0
0
0
0
1
0
0
2
0
0
-1
0
-2
-2
0
-1
0
0
0
0
-1
-1
-1
0
0
0
1
0
0
2
1
0
0
0
-1
0
2
0
0
0
0
0
0
-1
0
0
-1
0
1
0
-1
2
1
0
0
0
1
0
0
0
1
0
-1
-1
-2
-1
0
0
0
0
0
0
0
0
0
0
0
0
0
0
-1
1
0
-1
0
0
0
0
0
-1
1
0
1
0
0
0
0
0
1
1
1
0
0
0
0
-1
0
-1
0
0
-1
1
0
-1
0
-1
0
0
-1
-1
-1
0
0
0
0
0
0
0
2
1
-2
0
0
-1
0
0
0
0
1
1
0
0
1
1
0
0
2
1
1
0
0
0
0
1
0
0
0
-1
0
-2
0
0
0
-1
0
0
0
0
0
0
0
0
0
-1
-1
-1
0
1
1
0
0
1
0
-3
-1
0
0
0
0
0
0
2
2
0
-1
0
2
0
0
1
1
1
-1
0
0
0
-2
-1
0
0
0
0
0
-1
0
0
0
-1
-1
0
0
1
1
0
-2
-3
0
2
-1
-2
0
0
1
1
1
0
-1
0
0
1
0
2
3
0
-1
0
0
0
-1
0
0
1
0
0
0
0
0
-1
0
0
0
0
0
0
-1
-2
0
0
0
2
0
0
0
0
1
0
-1
0
0
0
0
0
1
-1
-2
0
1
0
1
0
0
0
-2
1
1
0
0
-1
-1
-1
0
0
-1
0
0
0
0
0
0
1
0
-1
0
0
1
0
-1
0
0
1
1
1
0
-1
0
1
0
0
0
0
-1
1
2
0
-2
0
0
0
0
0
-1
-1
0
0
1
-1
0
2
0
0
0
-1
0
0
0
2
0
0
-1
0
1
0
0
-1
-1
0
0
0
0
0
0
0
0
0
-1
0
0
0
1
-1
-1
0
0
0
3
0
1
0
-1
0
1
0
2
2
2
2
-1
-1
0
0
1
-1
-2
-2
-2
0
0
-1
0
0
0
-1
0
-2
-1
1
0
0
0
-1
-1
0
0
1
1
-1
1
0
0
1
0
2
0
-1
0
0
0
-1
0
-1
0
0
0
1
1
0
0
-1
-2
0
0
4
0
0
0
0
1
-1
0
0
-1
-1
0
1
0
0
0
-1
0
0
-2
-1
1
0
0
0
0
1
0
0
0
0
-1
-3
0
1
1
0
-1
0
0
0
0
-1
2
1
0
-1
-1
0
0
0
0
0
1
0
1
1
0
0
0
0
-1
0
0
-1
0
0
0
0
0
0
-1
0
0
-1
0
0
0
1
1
0
1
0
0
0
1
0
-1
-1
-1
0
0
0
0
0
0
-1
0
1
-1
0
0
-2
0
2
0
0
1
0
0
0
0
0
0
0
0
-2
-2
1
-1
0
0
-1
0
0
0
0
1
1
0
0
-1
2
0
-2
0
0
-1
0
0
0
-1
1
0
-1
0
0
0
0
0
-1
2
0
-1
3
-1
-1
1
0
-1
0
1
1
1
0
0
0
0
0
0
0
-2
-1
0
-2
1
1
-1
-1
0
0
2
1
0
0
0
1
1
0
0
1
0
1
2
0
0
0
-2
-1
-1
-2
-1
0
0
0
0
-1
0
-1
0
0
-1
0
0
0
1
1
0
0
0
0
1
0
0
1
1
1
0
0
0
0
1
0
0
0
0
1
0
0
0
0
0
0
0
0
-1
-1
-1
0
0
0
-3
-1
0
0
0
0
1
2
0
-1
0
0
1
0
0
1
0
0
0
1
2
0
0
0
0
0
0
0
0
0
0
0
0
1
1
0
0
0
0
1
-1
-2
-2
0
0
-2
0
0
0
0
-2
-1
1
2
0
0
0
0
0
1
1
2
2
0
0
1
1
0
0
0
0
0
0
0
0
-2
-4
-1
0
-1
0
0
1
0
-2
-1
0
0
0
-1
0
2
3
2
0
-1
-1
1
1
0
0
-1
-2
0
-1
0
1
0
-1
0
1
-1
0
0
1
1
0
1
0
0
0
0
-1
-1
1
0
-2
0
0
0
-2
0
1
0
0
1
0
0
2
0
0
1
1
1
0
-2
1
0
0
0
0
-1
0
-1
-2
0
0
-1
0
0
1
1
-2
-2
0
0
0
0
0
0
0
-1
1
1
0
0
-2
-1
1
1
0
1
0
1
1
-1
-1
-1
0
1
0
-1
0
1
0
0
0
-1
0
0
-2
2
0
-1
-2
0
0
2
0
-2
0
1
0
0
0
0
2
0
0
1
-1
0
-1
0
1
0
0
0
0
0
0
0
0
0
0
-1
-1
-1
0
0
0
0
0
0
1
0
0
0
0
-2
1
1
0
0
0
0
0
-2
0
0
0
0
0
-2
0
1
1
0
0
0
-2
0
1
0
0
0
0
0
0
0
0
0
-1
0
0
0
0
2
2
0
0
1
-1
-2
-1
-1
0
0
0
0
-1
1
2
1
0
0
0
-2
-2
0
0
0
0
0
0
0
0
0
1
0
-1
1
0
0
1
0
-2
0
0
0
0
2
0
0
-1
0
-2
-2
0
0
-1
-2
0
2
1
0
1
1
0
0
0
0
2
0
0
0
2
-1
0
3
-1
0
0
1
2
0
0
-2
-2
1
0
0
0
-1
-1
0
0
-2
-1
0
3
2
0
0
-1
-1
0
0
0
0
-1
0
0
-1
0
0
0
1
0
0
0
0
0
0
1
0
1
1
1
0
0
1
0
0
0
0
0
0
1
0
0
0
-2
-2
0
0
0
0
-1
-2
0
0
0
0
0
1
1
0
2
-2
-1
1
-1
0
0
0
2
3
0
0
-1
0
0
1
0
-1
1
1
1
0
-1
0
0
0
0
1
1
0
0
-2
-2
-2
-2
0
-1
2
0
-1
-1
0
0
0
1
0
0
0
0
0
0
0
0
0
-1
-1
0
0
1
0
-1
1
0
1
3
1
0
-1
1
-1
-2
0
0
0
0
0
1
1
-1
1
2
-1
0
0
0
0
0
0
-1
0
0
-1
0
0
0
0
0
0
0
0
-1
0
1
0
1
0
-2
0
0
-1
0
1
0
1
1
0
0
-1
0
0
0
1
2
0
-1
0
0
0
0
2
1
0
-1
0
0
0
0
0
0
-2
-1
0
-1
0
0
-1
0
0
0
1
1
0
0
-1
-2
0
0
2
0
-1
0
0
0
0
1
1
0
-1
0
0
1
0
0
0
0
1
1
0
1
0
0
-1
1
1
0
1
1
0
0
0
-3
0
0
0
0
0
0
-2
0
0
0
0
0
-3
-1
1
1
0
0
0
0
0
1
0
-1
0
0
1
2
0
0
-1
-2
1
0
0
0
0
0
0
0
-1
0
0
0
0
2
0
-2
-2
0
2
0
1
0
-2
-1
0
1
0
-2
0
0
0
1
0
-1
-4
0
1
2
1
0
0
0
0
0
-1
-1
0
0
1
1
0
1
0
0
0
0
0
0
-1
0
1
2
0
-1
-1
0
1
0
1
1
-2
-1
-1
0
0
-1
0
0
0
0
-1
1
0
0
0
0
-1
-1
2
0
0
2
0
0
-3
1
0
0
1
0
2
-3
-2
0
0
0
0
0
0
-1
0
0
1
0
0
0
-1
0
2
3
-1
-1
0
-1
0
1
0
-1
-2
-1
0
-3
0
1
0
1
0
0
0
0
1
-1
0
0
0
0
2
0
0
1
1
-1
0
0
0
-1
0
1
0
0
0
1
-2
-3
0
0
0
-1
-3
-1
-2
-2
0
0
2
0
0
1
2
0
0
-1
-1
0
0
1
0
1
1
0
1
0
0
0
2
2
0
0
-2
1
2
0
-1
0
-1
0
1
-1
0
1
0
-2
-1
-1
0
-1
0
0
0
0
0
0
-2
0
1
0
0
-1
0
1
0
0
1
2
2
1
0
-2
0
1
0
0
0
-1
-1
2
0
-1
1
0
1
0
0
0
1
1
2
1
-1
-4
-2
0
0
0
-1
-3
-1
0
0
1
1
-1
0
0
0
0
0
1
0
0
0
1
0
2
2
0
1
0
0
1
1
0
1
0
0
0
-1
0
0
0
0
-1
-1
0
0
0
0
0
0
0
-2
0
1
0
-3
0
1
0
1
1
-2
0
0
0
1
0
0
0
1
2
0
0
0
0
2
0
-1
0
0
0
2
-1
0
1
0
-1
-1
0
0
-1
-1
0
0
0
0
0
0
0
-1
0
-1
0
0
-1
-1
0
1
0
0
0
-1
0
0
0
0
1
0
0
0
-2
0
1
1
0
