0
0
0
0
0
0
0
0
0
0
0
0
0
0
0
0
0
0
0
0
0
0
0
0
0
0
0
0
0
0
0
0
0
0
0
0
0
0
0
0
0
0
0
0
0
0
0
0
0
0
0
0
0
0
0
0
0
0
0
0
0
0
0
0
0
0
0
0
0
0
0
0
0
0
0
0
0
0
0
0
0
0
0
0
0
0
0
0
0
0
0
0
0
0
0
0
0
0
0
0
0
0
0
0
0
0
0
0
0
0
0
0
0
0
0
0
0
0
0
0
0
0
0
0
0
0
0
0
0
0
0
0
0
0
0
0
0
0
0
0
0
0
0
0
0
0
0
0
0
0
0
0
0
0
0
0
0
0
0
0
0
0
0
0
0
0
0
0
0
0
0
0
0
0
0
0
0
0
0
0
0
0
0
0
0
0
0
0
0
0
0
0
0
0
0
0
0
0
0
0
0
0
0
0
0
0
0
0
0
0
0
0
0
0
0
0
0
0
0
0
0
0
0
0
0
0
0
0
0
0
0
0
0
0
0
0
0
0
0
0
0
0
0
0
0
0
0
0
0
0
0
0
0
0
0
0
0
0
0
0
0
0
0
0
0
0
0
0
0
0
0
0
0
0
0
0
0
0
0
0
0
0
0
0
0
0
0
0
0
0
0
0
0
0
0
0
0
0
0
0
0
0
0
0
0
0
0
0
0
0
0
0
0
0
0
0
0
0
0
0
0
0
0
0
0
0
0
0
0
0
0
0
0
0
0
0
0
0
0
0
0
0
0
0
0
0
0
0
0
0
0
0
0
0
0
0
0
0
0
0
0
0
0
0
0
0
0
0
0
0
0
0
0
0
0
0
0
0
0
0
0
0
0
0
0
0
0
0
0
0
0
0
0
0
0
0
0
0
0
0
0
0
0
0
0
0
0
0
0
0
0
0
0
0
0
0
0
0
0
0
0
0
0
0
0
0
0
0
0
0
0
0
0
0
0
0
0
0
0
0
0
0
1
0
-2
1
1
0
-1
0
2
0
-2
-1
1
2
0
-2
-4
1
5
-3
-4
-1
8
-1
-10
6
9
-3
-7
1
1
-9
-6
15
11
-11
-10
4
14
-3
-23
8
18
3
-19
-11
33
7
-23
-15
19
18
-14
-25
5
29
-3
-18
-6
26
1
-15
-11
14
14
-20
-10
4
22
-10
-13
4
14
-4
-15
12
9
0
-15
9
6
1
-7
-8
11
0
-5
-11
8
-1
7
-13
1
3
6
-5
-20
20
-7
8
-17
2
12
2
0
-2
3
5
-1
-2
6
-13
18
-9
6
-22
9
21
-16
6
-17
23
-7
-7
2
-5
22
-26
3
6
-4
15
-19
14
5
-1
4
-17
15
-8
-12
3
-1
1
-5
-10
20
-11
9
9
-20
24
-30
23
-6
-7
18
-26
30
-16
4
1
-7
15
-14
-8
7
1
-2
0
-13
27
-19
12
1
-11
19
-23
22
-13
-4
16
-11
19
-18
-5
6
-11
17
-16
7
4
-8
4
-10
24
-17
-6
-15
23
1
-7
4
3
32
-38
20
-17
31
-13
-12
9
-3
22
-33
19
-16
30
-34
5
1
5
9
-38
40
-16
25
-24
1
11
1
-11
0
-4
2
-2
-29
22
-27
8
-22
7
1
-9
0
1
9
-1
10
-2
16
-11
13
-8
13
10
-10
13
-2
15
-2
-8
15
-2
0
-5
-9
11
2
-1
-4
-1
-2
2
-5
0
15
-17
-2
-7
1
15
-23
-2
10
3
9
-24
-3
23
-9
-2
-25
11
27
-22
-9
-4
22
13
-27
1
6
13
-1
-20
15
12
0
-8
-9
19
6
-12
2
-3
10
5
-12
-1
-7
11
8
-16
-4
0
1
10
-12
0
0
-3
7
-4
4
-3
-1
2
2
6
-2
-8
-2
0
5
2
-13
6
-1
0
-5
-8
9
0
9
-1
2
3
-5
5
-4
7
-7
6
5
-8
3
-11
4
3
-6
5
-4
-3
10
-17
3
4
-9
10
-22
13
0
-11
20
-22
10
7
-10
31
-33
23
0
-20
44
-45
32
-19
8
28
-25
16
-34
21
19
-8
9
-31
9
22
-13
16
-32
21
13
-22
25
-36
24
-4
0
-8
-23
-7
-9
-2
26
10
-21
-20
-32
7
14
20
-13
17
-1
9
4
-21
20
12
18
6
-18
-8
1
8
15
-12
-11
-2
-3
12
-19
7
-11
1
23
-14
9
-18
15
12
-8
-7
-9
11
4
2
-1
0
8
0
5
-2
-5
0
-3
1
-3
6
-12
-5
1
2
11
1
0
4
-1
-2
-3
0
0
-1
-12
-13
-1
-10
2
-6
4
6
-8
3
-3
8
8
3
3
0
1
4
5
2
4
-1
6
-1
0
-1
-8
6
-2
0
0
-1
5
0
-2
-1
-2
0
0
-4
0
1
-1
2
-4
4
0
-2
2
-4
1
1
-1
-3
-4
-9
-1
-4
-1
0
-3
2
-1
3
5
4
1
4
0
4
3
1
6
2
3
1
0
0
1
1
0
0
-1
-3
-3
-1
-4
-5
-3
-5
-4
-4
-3
-4
-3
-3
-1
0
1
2
2
1
2
2
1
0
0
1
4
4
4
7
4
6
2
1
0
-1
0
0
0
0
0
0
0
0
-1
-2
-3
-3
-1
0
-1
0
0
1
1
0
0
0
-1
-2
-3
-2
-2
1
0
0
3
1
1
0
-4
-5
-7
-6
-7
-7
-3
-2
0
0
0
0
2
1
1
4
6
7
9
8
8
6
5
2
2
2
3
2
1
2
1
0
0
0
-1
-3
-4
-6
-6
-6
-10
-11
-11
-10
-10
-10
-5
-4
-1
2
3
5
5
4
5
7
6
6
6
8
5
5
5
3
3
2
0
-2
-2
-5
-7
-9
-9
-7
-6
-4
-4
-1
0
3
3
5
7
6
8
6
7
6
3
2
0
-1
-2
-3
-5
-4
-5
-3
-3
-3
-2
-3
-1
-1
0
-2
0
2
0
0
0
2
0
3
2
2
1
1
0
1
0
-1
-1
-1
0
-2
0
-1
-2
-1
-2
-2
-1
-1
1
2
2
3
4
5
2
2
0
-1
0
-2
-1
-1
0
0
0
1
0
0
0
0
1
0
-1
1
0
0
-1
0
-2
-3
-1
-1
0
-1
0
0
1
1
0
3
1
2
1
-1
0
-3
-2
-3
-2
0
-1
1
2
4
3
3
3
1
1
-1
-2
-2
-4
-2
-2
-2
0
1
2
2
3
1
0
0
-1
-2
-2
-1
-1
0
0
0
1
1
1
4
-1
2
1
0
0
-3
0
-2
0
-3
0
-3
0
-1
1
-3
-1
4
0
8
0
5
3
0
-5
0
2
-2
-3
-4
6
-2
1
-3
3
0
-1
0
0
3
-7
0
-2
4
-2
-4
2
2
3
-1
2
0
-1
0
1
0
0
-3
0
0
1
-2
1
3
-2
11
1
2
0
-4
0
-5
-2
3
-5
-2
-2
3
4
-4
3
1
2
-9
6
-6
7
-2
0
1
-1
8
-7
8
-8
-1
-3
-3
1
-2
8
0
0
2
2
-3
-2
5
2
-3
-4
-2
1
-4
2
6
-3
4
-11
6
1
4
1
5
3
-3
0
-6
5
3
2
-10
0
-6
10
-9
-5
4
-5
-1
-10
-1
-3
1
0
-2
12
-4
14
0
3
12
0
1
-6
3
0
-3
-2
-2
0
-8
3
9
-2
-1
-3
6
3
-1
-2
-3
-3
0
-1
-1
-2
-2
-1
-3
3
0
4
0
1
0
0
-4
-2
-2
3
2
-2
1
0
5
1
5
0
4
3
0
4
0
4
0
-5
-1
-3
-1
-4
0
-7
-1
0
-3
0
-4
3
1
-2
1
7
4
0
4
0
1
-2
-5
-3
-2
-6
-3
-1
0
3
-1
3
2
1
0
0
-1
-2
-2
-3
0
0
3
5
6
7
8
5
2
2
-2
-4
-5
-8
-6
-4
-5
-1
0
2
2
3
3
1
0
0
0
0
-1
0
0
-1
0
-1
0
0
0
0
0
1
0
0
0
0
0
-2
-2
-2
-1
0
0
1
1
1
2
2
0
1
0
0
0
0
0
0
0
0
0
-1
0
0
0
-1
0
0
0
0
1
1
2
0
1
0
0
-1
-2
-1
-2
-1
-1
0
0
0
1
0
0
0
0
0
1
0
0
1
0
0
0
-1
-1
-1
0
-1
0
0
0
0
-1
1
1
0
1
2
2
1
2
1
1
0
0
0
0
0
-1
1
-1
-1
-3
-3
-2
-2
0
-2
0
-1
-1
0
-1
-1
-2
0
0
2
2
4
3
3
3
0
1
0
0
0
0
1
0
1
0
-1
0
-3
0
-3
-1
-1
0
-1
-2
0
-1
-1
0
0
0
1
1
3
3
3
3
1
-1
-1
-1
-3
-5
-3
-2
0
0
2
2
1
0
-1
0
-1
-1
0
1
3
3
5
5
3
0
0
0
-2
-2
-3
-2
-2
-2
-2
0
1
0
1
1
1
0
0
-1
-4
-5
-5
-4
-3
-1
0
2
2
4
3
2
4
2
2
3
0
1
0
-1
-2
-2
-2
-3
-1
-1
1
1
0
0
1
0
1
0
0
1
0
2
1
0
1
0
1
0
0
0
0
0
0
0
-1
-1
-2
-1
-2
-1
0
0
1
0
0
0
-1
0
0
-1
0
0
1
1
1
2
0
1
0
0
-1
-1
0
-2
0
0
1
1
1
2
1
0
-1
-1
-3
-2
-2
-2
0
0
0
1
1
2
0
2
0
0
0
-1
-1
0
0
0
-1
0
1
0
0
0
0
0
0
0
1
0
0
1
0
0
-1
-1
0
0
0
0
2
2
1
0
-1
-1
-3
-4
-2
-1
-1
0
0
0
2
0
0
2
2
0
1
1
0
2
0
2
1
0
0
0
0
0
-2
-2
-3
-2
-2
-1
0
2
2
1
1
0
0
-2
-4
-3
-2
0
0
2
3
3
2
2
1
0
-1
-1
0
0
0
0
0
0
-1
-1
-2
-3
-2
-3
0
0
0
0
1
2
0
1
1
0
1
1
1
1
2
1
0
1
1
0
0
-2
-2
-2
-3
0
-1
0
1
1
3
3
1
0
0
0
-1
-1
-2
0
0
0
0
1
0
0
-2
-1
-1
-1
0
0
2
0
0
1
-1
0
0
0
0
0
0
1
1
1
1
0
0
0
0
0
0
-1
0
-1
0
1
0
0
-1
0
0
0
0
-1
0
-1
0
0
0
0
1
0
1
0
0
0
-1
0
0
0
1
0
2
1
0
0
0
-1
-2
-1
0
0
1
0
2
3
0
0
0
0
-2
-2
-1
0
0
0
0
0
0
0
-1
0
0
-2
-1
0
1
1
1
2
1
1
0
1
1
0
0
0
0
-1
-1
0
-1
0
-1
-1
0
-1
0
-2
0
-1
0
0
1
0
0
2
2
-1
0
0
-2
1
-4
5
2
4
1
4
1
-2
2
-2
1
0
3
-4
1
0
-2
-1
-3
0
-3
-4
0
-2
-3
4
-4
2
3
8
2
3
2
-1
2
-7
5
0
-4
0
3
3
-2
-3
2
-4
1
0
-7
-1
0
0
1
0
1
2
0
3
-2
2
-6
1
5
0
4
-11
-1
3
-3
5
0
6
5
-4
5
-1
1
-1
0
-7
-5
4
0
-2
-4
-5
3
1
-7
2
-7
1
7
0
3
0
-6
0
4
0
-2
3
10
4
3
-3
0
0
0
5
-3
1
0
-1
-2
-5
-3
-5
0
6
2
0
0
-4
5
-4
-1
-2
-1
10
-5
5
-4
-5
2
-10
7
-3
1
2
-1
10
-5
0
-1
-6
4
-4
2
1
-2
10
-6
7
-3
0
10
-15
8
-5
0
4
-10
9
-4
2
9
-5
6
-11
-1
9
-7
6
-10
4
5
-9
9
-6
6
0
-10
13
-5
-1
-4
-8
6
-7
7
3
0
2
-4
6
-2
-3
0
-2
0
-4
-1
3
1
2
3
0
4
2
-2
3
-4
-1
2
-1
1
-8
-4
3
2
-1
-5
5
12
-4
-3
-7
9
7
-17
6
-9
9
-3
-13
25
-6
6
-6
-6
20
-18
-3
0
-2
7
-21
9
11
-3
1
-4
24
-2
-13
0
8
14
-23
-3
8
7
-10
-16
13
16
-5
-16
0
3
9
-16
3
8
-2
1
-16
14
4
2
-6
-10
11
-2
-1
-9
6
11
-3
-10
-1
7
1
-3
-3
5
-4
-6
12
-3
5
-11
7
12
-28
14
-9
18
-18
-20
35
-15
11
-28
26
22
-34
6
-5
50
-18
-26
28
4
16
-47
13
27
-20
-8
-8
34
-10
-33
12
20
-7
-26
-13
33
-4
-31
11
11
29
-27
-16
28
-2
0
-26
-9
35
-19
-1
-4
5
48
-42
10
-1
3
23
-56
29
-1
-8
12
-32
43
-12
-16
22
-21
29
-26
-3
24
-16
22
-14
9
15
-15
8
-9
1
13
-20
-2
-13
1
-6
-22
5
-11
0
-16
-5
15
0
-3
-4
22
8
-7
13
10
27
8
10
9
16
18
-7
2
-5
3
-13
-15
0
-14
-7
-30
-2
-10
-34
-10
-12
1
-22
-9
21
5
0
0
19
24
-1
11
17
27
6
6
0
22
10
-9
5
-12
28
-26
-6
-5
9
0
-44
6
0
3
-30
-5
23
0
-16
-11
24
7
-28
-8
12
19
-17
-26
27
8
0
-34
6
36
-23
-17
-15
43
5
-47
5
27
30
-28
-11
49
13
-18
-19
26
29
-22
-11
13
16
-8
-31
2
9
-3
-16
-16
15
0
-15
-9
8
21
-12
-13
15
13
3
-21
8
20
-15
-15
-10
26
0
-21
1
10
14
-19
0
15
4
-16
-17
17
10
-4
-10
15
18
-6
-3
2
17
-6
-8
2
-3
-1
-17
5
6
-1
-6
-12
9
3
-3
-8
-1
13
-5
-5
6
10
2
-19
2
12
-1
-10
-6
11
0
-19
2
13
0
-4
-2
17
-2
-9
7
4
9
-9
0
11
-5
-1
-7
10
4
-14
5
7
1
-6
-13
9
5
-19
3
0
7
-1
-18
22
-2
4
0
-6
22
-12
-5
0
-6
6
-9
2
3
2
9
-2
0
0
1
-3
-4
1
-3
0
-5
3
0
-3
5
-8
8
0
-5
4
-6
8
-4
0
4
-3
9
-7
0
4
-4
0
0
4
3
-4
0
0
-2
0
0
0
1
0
1
2
0
-1
0
0
0
-1
1
-3
-3
4
-2
1
0
-2
3
0
0
-3
4
2
-2
1
1
5
-3
1
4
0
0
-7
4
1
-5
0
-7
1
-2
-2
0
-1
0
-3
0
3
3
0
-2
4
2
0
-2
4
1
-3
4
-1
2
0
-6
4
-4
0
-2
-1
2
0
3
0
-1
0
1
1
0
0
1
0
1
2
-1
5
3
0
0
1
0
-2
-1
0
-1
-3
0
0
1
0
0
0
0
0
-3
-1
0
-3
0
0
5
3
-6
3
5
0
-2
-4
0
-5
-9
-2
0
1
-6
-4
10
2
0
-4
7
12
-7
0
5
6
2
-11
3
15
4
-9
-3
15
2
-16
-5
7
4
-13
-9
8
6
-8
-10
4
7
-5
-11
0
12
5
-10
0
9
1
-6
-5
8
10
-4
-3
4
4
-2
-10
0
6
0
-4
-3
2
2
-5
-4
4
5
1
-5
3
7
-2
-5
-6
8
6
-4
-2
4
8
-4
-5
5
4
-5
-9
3
7
-2
-4
1
3
0
-7
3
6
0
-2
-2
7
-1
-5
-1
2
1
-6
-4
2
1
-5
-3
2
5
-6
-1
2
4
0
-5
2
0
2
0
-2
0
1
5
3
-2
2
2
1
-1
1
2
-2
-2
2
0
-1
-1
2
0
-6
0
4
3
-3
-2
4
0
-3
-2
0
0
0
-3
-3
-2
2
4
1
-1
0
1
1
0
2
1
-3
0
-4
-2
4
0
0
-2
0
-3
-3
1
1
0
0
0
2
4
1
2
3
2
0
-1
0
1
0
-1
-4
-3
0
-1
-1
-2
1
0
-3
-2
1
3
0
-1
0
2
1
1
0
-1
3
2
2
0
0
0
0
0
-1
1
-3
0
0
-4
1
0
0
-2
-2
2
0
-1
-3
-3
5
-1
0
0
0
3
-1
0
0
0
0
0
0
2
1
3
0
-2
-1
-1
0
0
0
2
1
0
0
0
2
0
-2
-1
-2
0
0
0
5
0
-2
0
-3
-2
-1
0
1
0
3
1
0
0
0
-1
-1
0
0
-1
1
0
-1
2
0
0
0
0
0
0
0
1
-1
0
0
0
1
0
-2
0
-2
1
0
0
0
0
-2
-1
0
0
0
0
3
3
0
1
0
-1
0
2
0
-1
-2
0
0
-1
2
0
0
1
-2
0
0
0
0
0
0
-1
2
1
-1
-2
1
-2
-2
0
0
0
-2
0
0
0
0
-1
1
0
-1
0
0
0
-2
-1
2
1
-1
2
2
-1
-1
1
0
0
0
-2
1
3
-3
-2
-1
-3
-3
0
0
0
-2
0
1
1
4
2
2
1
1
2
3
5
2
0
1
0
-2
0
0
0
-2
-3
2
-1
-1
-1
0
0
-4
-2
0
0
-3
0
0
0
-1
-1
0
-1
0
0
1
2
2
2
0
0
0
0
-1
1
1
2
-1
-2
3
-1
-1
2
0
1
1
1
1
0
-2
0
1
-5
-3
-2
-1
2
-3
0
0
-3
-3
-1
0
0
0
0
2
4
5
4
1
0
-1
0
-2
0
2
0
0
2
1
-2
0
-1
-2
0
-2
0
1
-1
-3
-1
0
0
0
5
5
3
2
1
-1
0
1
-1
1
0
-1
0
0
-3
-2
-1
-2
-2
2
2
-2
-1
0
-2
0
1
0
0
0
-1
1
3
0
0
0
0
-1
1
0
1
1
-1
1
0
2
2
0
0
0
0
-1
-3
-2
-1
0
3
0
-4
0
0
-2
0
1
0
0
1
2
1
1
0
0
2
1
0
0
1
-1
0
0
0
-1
-1
-2
-2
0
-1
0
0
0
0
0
1
0
0
0
1
2
0
0
0
0
0
1
0
-1
0
-1
1
0
-1
-1
-1
0
-1
0
0
0
0
0
0
0
1
1
-1
0
0
0
1
1
1
1
-1
1
0
-2
1
-1
-1
1
0
0
1
0
-1
0
0
0
-2
1
-1
-1
3
0
2
0
0
3
0
0
0
0
0
-2
0
0
0
0
1
0
-2
0
0
-2
0
0
-1
1
0
0
3
-1
-1
1
0
1
0
0
1
-1
-1
0
1
-1
0
1
-1
0
0
0
-1
0
2
0
2
0
-1
-2
0
0
-2
0
0
-1
0
0
-1
-1
-1
3
-1
1
4
-1
-2
0
0
1
0
0
-1
0
3
0
-1
0
0
0
0
0
0
0
-1
-1
0
0
0
-1
0
0
0
0
0
0
3
3
1
0
-1
1
0
-3
-1
1
0
-1
0
0
0
2
0
0
0
-1
0
2
0
0
2
0
0
2
0
1
-3
-2
0
0
-2
-1
-2
1
0
-1
2
1
-1
-4
-2
0
-1
0
3
0
0
2
0
0
1
1
-1
-1
-2
-2
2
1
1
0
0
2
1
0
0
0
0
0
3
0
-1
0
-1
0
0
0
0
0
-1
0
0
0
0
0
-2
-1
0
0
0
-3
0
0
-3
1
0
2
2
0
0
0
0
-1
0
0
0
1
3
0
-1
1
0
-3
-1
0
1
1
0
1
-1
1
1
0
0
-1
0
0
0
0
-2
0
2
0
0
0
0
0
0
-1
0
-4
-1
1
-2
0
0
0
0
0
2
2
0
1
0
1
2
0
-2
0
-2
0
0
-1
2
3
2
1
0
0
0
-2
-2
0
-3
1
-1
-1
2
1
0
0
0
-1
-1
2
0
-1
0
0
0
0
0
0
0
0
0
0
2
0
-1
2
-2
-2
2
1
-2
1
2
-2
3
2
-2
0
1
1
1
0
0
0
0
-4
-1
0
-2
-1
1
2
-1
0
0
-2
2
1
0
2
1
3
0
-1
0
0
-1
0
0
2
1
-1
-2
-3
0
0
0
1
0
0
1
0
1
0
-1
0
0
0
-1
0
1
0
-1
1
0
1
0
-3
-1
3
2
0
0
1
1
-1
0
0
-2
0
0
1
0
0
0
0
0
0
-3
-1
-2
0
0
0
0
0
2
1
0
-1
0
2
2
0
0
2
0
-1
2
0
-1
-1
0
0
-2
-1
0
0
-1
0
0
0
-4
1
3
-3
-3
0
0
0
0
0
4
0
-3
2
0
0
1
2
0
-1
0
1
-2
-2
1
1
0
1
0
5
0
-2
5
-1
-1
1
-2
0
-1
0
1
-3
0
0
0
-1
-2
0
-3
-5
0
4
-2
2
4
0
2
0
0
1
-2
-1
4
0
-2
1
-1
2
0
-1
2
0
0
0
-2
0
2
0
2
1
1
1
0
0
-1
-2
-2
-1
-2
1
0
0
-1
-1
1
-1
0
-2
1
1
-1
0
1
0
0
0
0
0
0
3
2
0
0
2
0
0
-1
0
0
0
0
0
0
0
-2
0
2
0
-1
0
1
0
0
0
-1
-1
-2
0
1
0
0
-1
1
0
0
0
1
0
0
0
2
3
0
0
1
1
1
-2
0
0
1
0
-2
0
-1
-2
0
1
0
-1
0
1
-1
-2
-2
0
2
0
1
0
0
0
-1
-1
2
1
-1
0
1
-1
0
0
1
0
-1
0
0
1
0
0
0
0
-2
-3
0
0
0
1
2
2
0
2
1
0
0
0
0
0
0
0
0
2
1
0
1
0
-1
-1
-1
0
0
-1
0
-1
-2
-3
0
0
0
-1
0
3
-2
0
3
0
0
-2
-2
-1
-1
0
0
0
0
1
1
0
-2
-3
0
2
0
3
3
0
1
0
-2
-4
-3
-4
-3
1
1
3
7
7
5
5
5
2
0
-1
-6
-6
-3
-5
-7
-2
-2
-4
0
0
2
5
3
5
5
0
0
1
-8
-3
-1
-8
5
2
-5
0
0
0
4
3
5
0
0
1
0
1
-5
-11
0
-3
-9
-4
2
-13
-5
15
-2
27
39
4
66
29
-4
59
-39
-36
6
-124
-58
-48
-124
-21
-36
-28
40
-4
61
77
44
126
53
97
155
-10
45
101
-140
-84
-58
-229
-113
-111
-234
39
1
-161
153
87
-81
159
46
73
164
14
220
196
11
155
95
-102
-186
-192
-195
-447
-328
-51
-228
-172
196
165
162
182
254
474
231
-90
581
420
-424
201
307
-477
-333
-289
-285
-409
-655
-132
30
-384
-84
432
240
31
379
542
299
115
283
358
12
-186
-7
-45
-362
-435
-195
-230
-460
-225
8
-46
-2
162
282
266
166
230
249
123
49
63
67
-139
-72
-77
-284
-236
-66
-129
-210
114
339
35
78
573
121
-142
213
-20
-245
-210
-192
-141
-231
-304
-60
-38
-295
-111
25
-149
-131
3
122
65
121
388
445
340
456
493
392
107
68
129
-253
-266
-131
-326
-278
-217
-240
-285
-283
114
-140
-261
471
231
-315
474
287
-433
-59
-102
-151
-292
-229
243
130
-78
251
267
139
-58
-262
-78
-41
-753
-349
118
-698
-393
227
-175
-168
486
977
537
657
1924
1555
480
1595
1400
74
-4
-323
-491
-1236
-1741
-1284
-1174
-1908
-1540
-637
-1262
-1336
-629
-662
-409
-255
-123
673
781
609
1334
1459
1237
1392
1357
1328
941
801
1010
992
207
153
1077
-271
-1286
112
-1365
-2394
-1563
-2439
-2127
-1931
-1901
-984
-400
-401
419
1150
948
941
1386
1326
1019
956
859
1017
693
389
712
217
29
-218
141
605
-408
-120
1080
97
-1478
566
-411
-1753
-953
-1132
-906
-992
-865
-190
278
-690
-95
772
-781
-695
268
-965
-524
10
-604
241
485
381
699
951
1388
615
1085
1722
1809
1114
1245
2807
1540
-708
2295
293
-2382
-715
-2206
-2323
-2887
-3028
-2098
-1939
-2431
-1533
206
-1137
-702
1048
75
836
1135
1074
1991
1599
1352
2194
1831
1373
1056
2097
2103
910
1625
1645
1583
-1178
-693
-107
-3974
-3660
-2827
-4250
-4001
-2267
-2848
-923
2
-421
1554
1817
634
1855
1948
799
1491
1015
609
1180
712
419
961
1111
75
1182
1654
995
1712
1269
1687
1832
-1312
840
498
-3732
-1151
-1758
-3419
-2004
-2233
-1789
-1164
-1291
-1263
263
-680
-1337
710
-442
-173
846
396
1104
1507
990
1833
2217
1326
1385
2270
2195
1439
1743
1757
2370
201
-1274
1933
-2139
-3722
-1173
-3125
-3693
-2432
-2587
-2270
-1038
-1996
-606
653
-1204
260
1433
268
851
2106
1358
1162
2319
1716
1145
1902
1382
387
2006
1672
181
1312
1811
159
-1780
553
-1260
-4267
-2326
-2936
-4036
-3028
-2605
-2106
-1325
-1250
-472
1072
73
3
2085
720
768
1335
1449
710
581
1958
812
765
1769
1136
2036
2634
1274
1646
2886
1091
-1554
708
-15
-4386
-2760
-1829
-4626
-3692
-2093
-3558
-1922
-1564
-2002
451
-84
-897
2004
719
1000
2308
1257
2264
1934
1878
2127
1905
1946
1526
1672
1184
2534
1379
484
2010
1596
-2158
-375
515
-5484
-3227
-3108
-5643
-4356
-3873
-4098
-2393
-1609
-2033
1206
1222
-79
2645
2838
1321
2332
2616
1553
2039
1624
1613
1492
1966
1282
1418
2551
2172
2312
1351
2709
1971
-2305
625
-780
-5636
-3166
-4074
-5363
-4411
-3851
-3542
-2244
-1649
-1382
516
187
330
2023
1259
1819
2560
1611
2565
3086
1630
1942
3327
1970
779
2887
1657
1727
2583
845
1893
2456
-2210
-625
307
-5853
-3968
-4208
-6033
-5118
-4268
-4398
-2899
-1216
-2704
733
1133
-770
2884
2281
1013
3693
2741
1624
3835
2208
1487
3102
2137
906
2465
1497
1801
3285
597
1863
2779
-984
-1505
849
-4183
-4836
-3125
-5514
-5144
-4010
-3666
-3085
-689
-1555
482
2141
114
2169
2833
1291
1965
3066
589
2268
2135
-117
2031
1773
245
1466
2357
661
3494
2334
1199
3176
1926
-1588
284
-613
-5758
-3308
-4501
-6343
-4649
-4141
-4682
-2007
-1095
-2065
1925
1108
448
3023
2111
1263
3009
1771
548
3170
355
415
2612
1424
1
3074
1798
1547
3886
1101
1381
2228
-394
-3048
-487
-4250
-6208
-4521
-5467
-5561
-4853
-2878
-3158
-630
-239
75
2727
866
1985
2937
1293
2203
2734
658
2514
2909
556
2533
3404
1524
2028
3922
1077
2775
3365
-16
1260
2033
-2275
-2138
-61
-5110
-4602
-3475
-5006
-4601
-3484
-2893
-2488
-280
-1210
617
1870
-143
2040
2497
511
1769
2857
-32
1989
2572
154
1665
2746
1044
1415
3473
510
2986
2963
27
1372
1933
-1795
-2509
-101
-4764
-4458
-3748
-4727
-4459
-3459
-2909
-2478
-106
-1176
549
1569
781
1782
2001
1283
2076
2217
455
2427
1633
368
1682
1850
1064
1462
2423
813
3195
2564
535
2213
2320
-645
-964
383
-3597
-3263
-3289
-4728
-4199
-3734
-3504
-3002
-1070
-1818
-63
1318
175
1342
2476
1060
1606
2618
630
1904
1507
685
1607
1699
985
1985
3477
445
3485
4320
600
1825
2810
-152
-2302
-638
-2545
-5322
-4777
-3931
-5311
-5047
-2840
-3093
-1583
-858
-62
1011
1212
1425
1873
2033
1488
2268
1286
1495
2290
730
1550
2483
1401
1719
3437
1179
1355
4028
1032
-151
1845
294
-2035
-1821
-1624
-3692
-4693
-3577
-4159
-4601
-3290
-2885
-2347
-1256
-538
-89
765
1222
1478
1841
1748
2520
2061
1661
2780
1601
977
2333
1835
605
2535
2572
214
2636
3251
606
1045
1883
78
-1320
-1383
-1573
-4024
-4480
-3391
-4732
-4332
-3421
-2732
-1882
-1233
81
542
1192
1825
1918
2070
2372
2508
1769
2284
2469
1346
2044
2412
1422
1838
2952
1474
999
2767
1804
155
1082
500
-601
-1443
-2537
-2237
-4299
-5171
-4275
-4855
-5062
-3802
-2608
-2576
-997
65
279
1099
1677
2039
1330
2306
2184
1656
1702
1944
1755
647
2100
1526
466
2161
2150
298
2011
3138
594
1165
1810
376
-676
-1278
-1456
-3395
-3975
-3927
-4591
-4219
-4132
-3387
-2386
-1744
-731
132
686
1169
1914
1629
1887
2337
1987
1542
2116
1892
852
2028
1679
895
2068
2402
743
1593
2915
1041
606
1105
473
-698
-2111
-1433
-2759
-4578
-3739
-4278
-4751
-3880
-3680
-3114
-1867
-1419
-400
167
567
1549
1476
1506
2098
2352
2315
1433
2929
2202
900
2668
1908
872
2041
2201
42
1466
2144
-337
299
210
-284
-1069
-2768
-1188
-3021
-4484
-3534
-3969
-4107
-4017
-2876
-2548
-2099
-783
-165
472
870
1795
1927
2048
2473
2930
2697
1817
3701
1996
1173
3017
1196
368
2139
841
-662
1410
1219
-727
627
537
9
-595
-1626
-103
-3277
-3530
-2430
-4254
-4597
-4004
-2228
-4396
-2126
293
-1201
1071
1815
2235
3291
3207
3106
3570
3623
1671
2251
2630
-404
950
654
-565
653
415
288
267
2071
945
234
2131
991
-74
-700
-486
-1967
-3570
-3807
-3709
-4580
-4936
-3175
-3596
-2383
-1103
-247
1107
1233
2479
3694
2867
3190
3534
2863
2078
1162
1863
-165
-244
10
-736
126
-173
470
145
1903
1820
387
2215
1874
961
-1043
297
-786
-4104
-2637
-3804
-4823
-3998
-3895
-3886
-2608
-1479
-961
239
1192
1434
2305
3315
2650
3104
2891
3095
2157
1114
2445
-32
312
901
78
263
993
1004
172
2443
1412
393
2056
1290
-253
-1014
-564
-2370
-4363
-3699
-4299
-5321
-4497
-3715
-3397
-2103
-701
429
1640
2316
2977
3755
3701
3687
2956
2605
2662
979
261
791
-892
-1402
106
-512
-1157
1101
600
-217
2583
1454
514
2404
1404
-193
-208
-189
-2205
-3216
-3196
-4019
-4530
-4410
-3704
-3710
-2921
-1321
-816
64
1366
1684
2377
3542
2996
2728
3462
2736
1874
1159
1076
-346
-986
-143
-1099
-1179
257
-248
-297
1978
1513
880
2491
1559
811
-75
-743
-1328
-4127
-3910
-4229
-5756
-4790
-4571
-4174
-2590
-1415
-315
1224
2607
2737
3622
4219
4521
3171
3209
3381
1821
1076
469
804
-1730
-838
363
-1674
-13
975
-186
1416
3175
1264
2081
2949
1470
240
-581
23
-3321
-4513
-3159
-5468
-5695
-4262
-4785
-3698
-2102
-1198
481
1533
2666
3282
3864
4750
4295
3049
3804
2617
1470
865
-266
-323
-2503
-1422
-1333
-2525
-826
-130
-884
1057
2685
586
2559
2265
1366
708
-776
-64
-3229
-3968
-3492
-5115
-4901
-4077
-4366
-2430
-1680
-626
1968
1678
3206
3976
3723
3819
4088
2270
2182
2197
63
370
-919
-493
-2185
-1678
-164
-2245
-222
1102
-115
1230
3599
1166
2201
3044
1451
530
-510
569
-3552
-3752
-2700
-5989
-5035
-4273
-5318
-3682
-2180
-1820
644
1612
2549
3580
4388
4026
4135
4313
2711
2463
1627
1622
-1387
-333
-258
-3465
-351
-1336
-1482
488
633
508
3322
2562
1535
3258
2124
1237
-1351
702
-1810
-5167
-2812
-4476
-6112
-4591
-3882
-4405
-2142
-1375
541
1505
2107
4040
3537
3865
3692
3716
2926
1957
1210
1286
248
-2010
-353
-1716
-2841
-1467
-1664
-1372
-432
200
394
2291
1743
1917
2071
2178
1164
-694
946
-2152
-3276
-2998
-4294
-5107
-4436
-3604
-4105
-1587
-1029
702
2097
2604
4033
3872
4145
4039
3052
2926
2628
495
1191
-185
-1068
-1607
-1969
-1756
-3093
-1105
-1511
-1142
603
426
1292
3049
1713
2073
2711
1849
411
-618
328
-3107
-3838
-3385
-4780
-5276
-4218
-3658
-2948
-1258
-158
1786
2506
3851
3998
4761
4627
3827
3209
3436
1734
80
911
-1407
-1562
-3153
-1725
-2962
-3392
-839
-2001
-385
699
891
1977
3836
1866
3012
3431
2587
238
153
798
-3979
-3548
-3493
-5154
-5693
-3939
-4134
-3139
-1406
-547
1925
1692
3762
4181
4009
5149
3889
3453
3984
2261
961
1144
-1051
-638
-3002
-2735
-2020
-4674
-2046
-1774
-2271
168
687
705
3953
1979
2931
3451
2326
1916
-1114
1003
-2348
-4684
-3024
-4625
-5756
-4196
-3674
-3295
-1605
-651
1541
1535
2874
4039
3318
4151
3863
3122
2652
2910
781
433
177
-1310
-1803
-3256
-1608
-3717
-3067
-986
-1939
-436
1514
1315
2915
4094
2936
4292
2732
3144
104
-399
-352
-4768
-4097
-5023
-5763
-5900
-4529
-4121
-2689
-1000
337
2455
2623
4311
4447
5107
4665
4127
3628
3222
2178
402
979
-1834
-1248
-3164
-4005
-2375
-5319
-2661
-2018
-2090
280
1465
2215
4680
4192
4994
4688
3353
4246
-977
276
-1620
-5277
-4657
-5901
-6244
-6034
-4369
-3948
-2036
-530
1394
2289
3511
4490
4057
4986
4268
3759
2990
3102
1486
793
571
-1609
-712
-3404
-2955
-2385
-4848
-2295
-2086
-2200
-217
1307
1303
3162
4051
3459
3366
3214
2697
-788
-350
-1546
-4722
-4287
-4770
-5396
-4912
-3638
-2913
-1562
-644
1420
2019
2337
4227
3162
3959
4204
3245
2691
2513
2115
286
-108
-595
-2115
-2709
-3002
-3037
-3759
-3211
-1496
-1926
-222
1561
1916
3065
4402
4295
3555
3701
3003
1080
-862
-813
-2930
-4913
-4236
-5233
-5359
-4433
-3574
-2454
-1718
40
1656
1628
3478
3768
3506
4351
3779
3397
2779
1952
1447
540
-1097
-729
-2455
-2656
-3007
-3345
-2368
-3190
-1273
-734
-114
1677
2076
2796
3882
3527
3042
2819
1866
976
-1304
-1541
-2238
-4681
-4126
-4380
-5088
-3829
-3495
-2270
-1337
-464
1730
1694
2931
3857
3587
4368
4040
3628
3187
2105
1586
895
-1521
-1260
-2439
-3650
-3410
-4503
-2841
-3379
-2485
-300
-357
1497
3077
2853
4304
4573
3436
3745
2104
1692
-150
-2092
-1590
-3962
-4788
-4393
-4947
-4423
-3676
-2844
-1351
-687
1048
2213
2468
4118
3724
4070
4190
3826
3028
2164
1957
-73
-110
-1588
-2765
-2882
-3723
-3445
-4602
-2285
-2773
-2266
459
405
2068
3035
4154
3984
4335
4820
2884
2201
2023
-7
-2229
-2058
-3084
-5277
-4905
-4330
-5209
-3942
-2888
-2131
-470
209
2320
2345
3799
4488
3503
4794
4020
3166
2413
1894
440
-175
-1308
-2759
-2487
-3865
-3559
-3988
-3295
-2258
-2737
-446
297
1050
2775
3342
3655
4214
4201
3320
2484
1694
534
-1311
-2236
-2773
-4299
-4737
-4457
-4643
-3927
-2977
-2048
-849
388
1845
2481
3346
4225
4017
4071
3777
3370
2473
1623
892
-512
-955
-1706
-2796
-2938
-3088
-3103
-2920
-2535
-1656
-1120
-295
694
1373
2443
2929
2959
3295
3115
2845
1689
956
236
-888
-1985
-2834
-2835
-3800
-4247
-3691
-3391
-3113
-2325
-1144
-280
616
1829
2791
3182
3817
3855
3721
3542
2762
2018
1199
221
-842
-1493
-2116
-3065
-3202
-2981
-3098
-2663
-1956
-966
-677
531
1747
2154
3120
3568
3542
3307
3279
2461
1186
682
-335
-1669
-2800
-2931
-3703
-4692
-4139
-4066
-3796
-2964
-1980
-808
239
1577
2619
3541
4309
4245
4426
4315
3511
2679
1744
871
-610
-1658
-2308
-3100
-3821
-3917
-3435
-3299
-2445
-1681
-460
428
1059
2482
2849
3220
3700
3525
3080
2501
2050
812
-211
-893
-1924
-2696
-3492
-3491
-3916
-4117
-3449
-3215
-2426
-1691
-694
447
1143
2341
3024
3536
3902
3849
3887
3205
2717
1889
800
-42
-1169
-2056
-2647
-3340
-3696
-3166
-3381
-2524
-1835
-998
332
606
2191
2829
3223
3953
3716
3573
3297
2191
1283
160
-748
-2057
-3446
-3210
-4467
-4789
-4211
-4072
-3296
-2524
-1126
-49
941
2371
2994
3693
4141
3968
3902
3404
2756
1914
951
197
-894
-1679
-2329
-2991
-3122
-3439
-2829
-2879
-2049
-1265
-715
657
716
2272
2600
2801
3706
3258
3372
2955
2281
1372
731
-276
-1659
-2256
-2883
-3598
-4117
-3586
-3513
-3421
-2514
-1753
-945
-171
967
1718
2354
3014
3434
3355
3270
2900
2293
1617
735
123
-894
-1341
-2153
-2404
-2500
-2752
-2465
-2184
-1394
-1105
-282
523
1088
1785
2064
2740
2714
2843
2723
2139
1838
1422
288
-375
-912
-1818
-2471
-3473
-2961
-3828
-3975
-3067
-3090
-2087
-1378
-248
675
1340
2315
2842
2974
3293
3105
2816
2759
2121
1876
1256
959
273
-81
-345
-1122
-1182
-1481
-1683
-1973
-2256
-2093
-2619
-2528
-2399
-2353
-1669
-1330
-258
674
1580
2847
3366
3710
3956
3966
3251
2410
1748
617
-484
-1843
-2302
-3119
-4101
-3859
-3899
-3527
-2986
-1909
-911
-247
976
1690
2134
2603
2786
2681
2558
2432
1990
1509
1238
701
270
-262
-644
-803
-1417
-1572
-1808
-1957
-1931
-2427
-1814
-1862
-1729
-827
-431
339
1018
1924
2458
2677
3491
3373
2817
2935
2038
1454
235
-654
-1168
-2830
-2998
-3593
-3786
-3595
-3327
-2367
-1910
-842
-43
690
1324
1780
2138
2181
2438
2351
1923
1907
1499
919
657
277
-151
-425
-614
-570
-928
-1070
-917
-1290
-1190
-1595
-1214
-1002
-1276
-291
-139
324
1044
1396
1783
1859
2062
2021
1731
1371
1023
329
-13
-860
-1582
-1784
-2476
-2718
-2837
-2562
-2386
-1927
-1071
-559
197
853
1505
1910
2258
2477
2508
2534
2429
1995
1732
1383
681
357
-197
-811
-1081
-1464
-1919
-2043
-2272
-2362
-2507
-2462
-1969
-2066
-1393
-686
-245
539
1269
2075
2363
2773
3250
3265
2823
2797
2191
1497
640
-351
-863
-2116
-2592
-3032
-3303
-3239
-3140
-2282
-1939
-1230
-423
243
805
1161
1812
1899
2091
2286
2041
2009
1775
1398
1204
760
320
-24
-342
-654
-1181
-1201
-1560
-1828
-1977
-2101
-1758
-2024
-1327
-784
-450
314
1063
1758
1931
2450
2816
2686
2484
2402
1752
1251
621
-420
-877
-1803
-2511
-2845
-3051
-3265
-2952
-2511
-2052
-1510
-769
0
247
1102
1454
1703
2156
2302
2263
2190
2177
1770
1547
920
716
381
-532
-429
-1096
-1445
-1759
-2176
-1849
-2438
-1821
-1460
-1176
-308
196
1082
1303
1891
2390
2316
2191
2202
1747
1444
629
199
-434
-1352
-1574
-2381
-2322
-2672
-2584
-2150
-2058
-1434
-1009
-437
15
522
956
1360
1691
1996
2051
2169
2189
1824
1740
1281
939
649
-77
-217
-871
-1213
-1722
-2114
-2048
-2630
-2209
-1919
-1678
-889
-266
520
1150
1688
2360
2464
2491
2615
2056
1827
908
364
-366
-1522
-1846
-2634
-2763
-3032
-2877
-2409
-2146
-1457
-884
-236
229
835
1299
1662
1980
2241
2219
2250
2256
1752
1638
1229
666
231
-328
-646
-1405
-1680
-1999
-2377
-2284
-2265
-1834
-1432
-760
16
661
1268
2001
2355
2396
2564
2232
2096
1159
719
214
-949
-1397
-1969
-2313
-2702
-2677
-2374
-2224
-1766
-1166
-685
-247
427
748
1056
1519
1737
1745
1912
1971
1779
1609
1422
1236
808
570
163
-250
-644
-1197
-1581
-1894
-2102
-2105
-1904
-1593
-1032
-435
264
774
1387
1966
1987
2154
2067
1924
1313
631
441
-565
-1258
-1586
-1972
-2293
-2342
-1894
-1773
-1343
-842
-400
-83
353
714
821
1294
1447
1594
1725
1740
1765
1558
1286
1101
605
263
-227
-615
-1007
-1553
-1578
-1829
-1785
-1557
-1155
-627
-43
428
1093
1723
1622
2027
1817
1744
1007
485
257
-979
-1291
-1826
-2035
-2495
-2302
-1982
-1953
-1351
-926
-291
-68
593
853
1166
1536
1596
1787
1718
1828
1576
1549
1213
778
627
78
-291
-778
-998
-1424
-1753
-1579
-1731
-1541
-1173
-632
-152
473
1057
1433
1941
2167
2053
1936
1715
1143
258
-167
-836
-1868
-2200
-2529
-2881
-2923
-2451
-2163
-1805
-913
-363
106
776
1234
1477
1888
2083
2054
2147
1997
1737
1585
1166
655
172
-154
-675
-1234
-1435
-1609
-1853
-1687
-1375
-1057
-471
-34
682
1338
1597
2019
1959
2094
1641
623
722
-430
-1234
-1658
-2164
-2359
-2655
-2279
-2094
-1760
-1204
-627
-279
453
789
1177
1750
1760
2088
2037
2185
1869
1576
1411
801
363
-281
-562
-1289
-1689
-1822
-2067
-1880
-1832
-1276
-798
-94
369
884
1746
1806
1934
2081
1944
1499
589
421
-431
-1496
-1690
-2292
-2467
-2724
-2407
-1993
-1871
-1224
-685
-254
128
689
1059
1396
1735
2081
2246
2284
2267
2056
1672
985
564
-185
-889
-1241
-1824
-1893
-1993
-1715
-1357
-855
4
215
1112
1682
1602
1814
1746
1655
379
110
-292
-1775
-1979
-2328
-2509
-2689
-2001
-1571
-1289
-429
18
468
604
1225
1060
1265
1615
1288
1505
1629
1426
1288
1358
1036
602
325
35
-520
-957
-1102
-1435
-1506
-1268
-1182
-840
-272
35
315
1038
1335
1223
1512
1504
1343
314
351
-96
-1477
-1502
-2028
-2311
-2535
-2215
-1856
-1789
-933
-477
-70
502
1040
1347
1694
2208
2342
2413
2454
2276
1915
1374
621
42
-779
-1447
-1653
-2069
-2000
-1811
-1421
-970
-334
481
742
1405
2202
2149
2038
2196
1819
866
-122
-561
-1808
-3043
-3250
-3751
-3988
-3743
-3039
-2346
-1610
-524
536
1360
2125
2871
3267
3580
3671
3613
3135
2752
2123
1296
498
-441
-975
-1977
-2303
-2522
-2817
-2540
-2121
-1525
-944
105
801
1338
2117
2694
2501
2334
2405
1615
709
-273
-872
-2076
-3024
-3303
-3858
-3800
-3503
-2961
-2280
-1518
-541
265
987
1675
2310
2643
3065
3410
3247
3072
3004
2346
1615
744
-62
-901
-2012
-2254
-2659
-2954
-2533
-2089
-1574
-744
207
836
1530
2311
2752
2582
2642
2309
1581
713
-418
-1256
-2497
-3364
-3876
-4237
-4131
-3903
-3113
-2196
-1346
-228
849
1656
2368
3101
3374
3654
3826
3460
3059
2651
1847
864
-27
-742
-1720
-2287
-2473
-2659
-2471
-2016
-1434
-809
23
685
1177
1729
2342
2288
2039
2163
1626
786
-215
-864
-1811
-2935
-3186
-3737
-3760
-3419
-2941
-2124
-1497
-439
365
1068
1849
2398
2772
3141
3469
3272
3030
2785
2104
1334
381
-406
-1234
-2117
-2252
-2525
-2517
-2105
-1505
-762
-26
839
1513
2092
2580
2789
2397
2027
1683
631
-502
-1400
-2149
-3259
-3931
-3986
-4201
-3844
-3241
-2386
-1453
-513
615
1486
2223
2829
3267
3397
3598
3661
3066
2756
2385
1598
646
-279
-771
-1954
-2399
-2519
-2839
-2503
-2027
-1269
-665
347
1047
1605
2334
2785
2648
2341
2413
1460
479
-598
-1543
-2671
-3736
-4108
-4660
-4531
-4110
-3414
-2492
-1459
-211
871
1992
2774
3558
4078
4261
4563
3974
3291
2711
1671
419
-976
-1563
-2706
-3305
-3077
-3254
-2678
-1944
-925
-42
983
1881
2349
3161
3364
3075
2651
2316
1402
-40
-898
-1813
-3048
-3854
-4118
-4496
-4406
-3680
-3104
-2154
-1088
8
1126
2038
2868
3482
3965
4158
4329
3865
3237
2689
1666
527
-692
-1335
-2466
-3255
-2984
-3264
-3010
-2219
-1267
-439
661
1656
2204
2994
3330
3029
2523
2269
1183
-261
-1468
-2522
-3825
-4961
-5088
-5335
-5160
-4138
-3181
-1845
-484
916
2175
3215
4232
4629
4982
5116
4950
4359
3266
2444
1146
-311
-1826
-2757
-3743
-4716
-4323
-4178
-3611
-2432
-1141
216
1454
2632
3405
4207
4577
4321
3419
2986
1808
-193
-1427
-2996
-4338
-5608
-6129
-6139
-6115
-4927
-3753
-2370
-247
1348
2883
4358
5364
5960
6026
5892
5541
4315
2916
1615
100
-1534
-3276
-3895
-4703
-5351
-4409
-3795
-2753
-1268
187
1624
2641
3627
4039
4389
4155
3338
2305
1714
14
-1680
-2626
-3966
-5010
-5914
-5710
-5487
-5093
-3606
-2295
-775
882
2464
3745
4534
5284
5637
5320
4940
4621
3181
1803
863
-689
-2351
-3483
-3642
-4691
-4826
-3513
-3097
-1884
-308
1013
2242
3319
3946
4063
4498
4106
2823
1771
1092
-841
-2587
-3740
-4669
-5688
-6530
-5758
-5328
-4518
-2775
-1009
812
2551
3984
5006
5683
5849
5459
4812
3913
3052
1229
-424
-1187
-2523
-3798
-4224
-4018
-4329
-3626
-1814
-1150
145
1695
2457
3339
3901
3571
3406
3299
2573
1163
-22
-453
-2147
-3275
-4374
-4982
-5393
-6024
-5150
-4484
-3233
-1379
45
1926
3563
4525
5317
5703
5514
5103
4142
3356
2426
499
-868
-1872
-3104
-4463
-4575
-4218
-4527
-2956
-1107
-166
1498
3100
3954
4577
4869
4278
3634
3474
2303
180
-1178
-1403
-3466
-5242
-5503
-6131
-6636
-6369
-5053
-3677
-2120
13
2130
3936
5166
6091
6552
6400
5400
4177
3134
1537
484
-1354
-3210
-3633
-4129
-5022
-5323
-3742
-2756
-2244
251
1715
2222
3674
4492
4438
3996
3376
2981
2227
1523
-115
-2165
-1499
-2372
-4968
-5106
-4659
-5181
-5863
-4123
-2423
-2199
185
2317
3423
4387
5231
5787
5312
4440
3490
2245
1014
444
-1533
-3277
-3231
-3635
-4264
-4299
-2914
-1794
-1100
914
2069
2927
3737
4106
4258
3461
2525
2253
1738
507
-1086
-2545
-2078
-3084
-5364
-4822
-4484
-5383
-4617
-2980
-1777
-737
1257
3226
4075
4547
5481
5188
3989
3538
1852
642
-364
-1401
-1999
-3767
-3641
-3002
-3186
-2751
-1516
175
453
1760
3204
3189
3260
3580
3420
2273
1598
1395
1272
107
-1323
-2245
-2215
-2961
-4902
-4902
-4186
-4566
-4353
-2525
-950
-193
1445
3299
4177
4524
4612
4656
3860
2732
1292
106
-492
-1296
-2351
-3415
-3023
-2336
-2091
-2018
-797
866
918
1613
2859
2519
1956
2060
1775
879
221
415
1346
454
-832
-1208
-769
-1415
-3870
-3657
-2681
-3946
-3889
-2060
-1229
-538
724
2430
3181
3144
4014
3638
2467
2187
958
-107
-448
-1243
-1455
-2317
-2449
-1416
-1014
-1119
-275
1468
1361
1302
2723
2675
1183
1246
1578
455
-526
-42
1719
695
-1063
-764
-323
-1550
-4271
-3884
-3016
-4358
-4259
-2237
-1101
-245
1245
2886
3955
3815
4299
4121
2660
1999
743
-621
-1023
-1621
-2455
-2799
-2615
-1909
-994
-754
80
1678
1585
1569
3031
2422
902
1416
1627
424
-195
240
1838
1082
-1138
-927
-317
-1696
-4087
-4288
-3212
-3953
-4144
-2042
-621
455
1776
2804
3837
4047
3393
2806
1987
985
-547
-1311
-1238
-1837
-1783
-1362
-1620
-943
589
583
-165
1583
2206
396
720
1369
-107
-501
544
280
298
745
2690
3315
633
-110
362
-890
-3992
-5011
-3998
-4188
-4928
-3106
-283
379
1486
3157
4167
3958
3279
3141
1899
340
-924
-1357
-1479
-2134
-1430
-405
-1488
-836
1579
1250
-173
1477
2620
437
-175
1086
342
-1221
-576
384
130
-38
1663
3623
1522
-471
230
-145
-3118
-5278
-4207
-3858
-4973
-3639
-579
642
1421
3278
4432
4235
3625
2875
1650
128
-1232
-1863
-1663
-2020
-1594
362
5
-614
1759
2570
221
23
1876
274
-1512
-186
99
-1408
-646
1057
1302
1229
2213
4657
3199
-301
-695
-944
-3431
-6534
-5985
-4187
-4643
-3881
-664
1320
2285
3378
4010
4450
3375
2047
1441
36
-1077
-1684
-1910
-1184
-748
-121
466
46
787
1724
700
-489
507
309
-1323
-396
551
-57
172
1602
2154
1867
1999
3289
3156
-131
-1573
-1700
-3370
-5605
-5973
-4143
-3436
-3433
-927
1561
2369
3102
3510
3211
2743
1770
500
-548
-758
-841
-1267
-365
658
1014
1105
543
511
817
-84
-1445
-629
-95
-1280
-689
681
669
726
1075
1335
2194
1545
1385
3314
1256
-2173
-2283
-1962
-4351
-6655
-4649
-2176
-2568
-1470
2184
3107
2560
2959
3005
1852
166
-623
-895
-1188
-1158
-1124
272
1701
1628
1744
1274
262
535
412
-1619
-1612
173
-825
-1329
506
1116
464
1243
1769
1413
1575
1382
2182
1417
-1363
-2312
-2060
-2942
-5083
-4441
-2340
-1471
-1081
543
2049
2220
1780
1319
1338
662
-539
-506
-34
-177
-231
871
1457
1207
1920
1030
-1034
-369
203
-1795
-2339
-398
6
-660
322
1632
1532
1125
1315
1989
1919
735
1875
2646
-964
-3065
-1739
-2180
-4577
-4610
-2289
-1115
-1040
233
1720
1911
1682
1210
746
488
-25
-660
-588
288
-92
-279
1246
1593
1366
1136
-152
-221
608
-611
-2052
-728
205
-676
-506
1178
1534
816
1285
1661
1262
917
1245
1786
-239
-2541
-2621
-2262
-3296
-4908
-3364
-1041
-1296
-809
1596
2485
1633
1366
1638
1442
344
-109
130
273
334
47
1070
1691
1000
820
-665
-1430
-413
-735
-1619
-710
748
395
163
1187
1720
1169
917
1215
1210
1071
1072
2421
1352
-1887
-2555
-2110
-2849
-4515
-3691
-1173
-129
-611
228
1426
1130
222
-217
287
345
245
307
760
1436
914
597
962
1024
1115
439
-1101
-442
593
-835
-2090
-456
660
-547
-47
1780
1534
498
1307
1850
850
-76
904
1884
-668
-2694
-2126
-1763
-3326
-4245
-2323
-496
-162
13
939
1955
1688
420
211
877
690
-211
-445
580
1097
433
501
1242
1499
692
-1408
-1570
216
-96
-1755
-631
1690
489
-513
846
1311
70
-51
965
1158
997
1036
2596
1893
-1947
-2945
-1923
-2505
-4692
-4049
-816
435
-92
785
1917
1433
288
-678
-413
139
41
-154
487
1730
1357
797
1383
1182
525
284
-931
-1432
236
310
-1265
-569
946
487
-349
96
962
832
595
506
1275
1739
520
1419
1754
-1612
-3283
-1810
-1999
-4210
-3516
-586
263
-754
352
1707
1070
565
283
57
626
722
-436
361
1851
784
-3
1180
1486
26
211
-42
-1026
-280
320
-816
-1273
281
255
-389
170
413
951
1655
850
948
2138
1097
1225
1142
-1960
-3189
-2102
-2409
-3309
-2687
-1329
-95
142
350
691
864
708
-321
-464
709
971
-136
283
1679
1051
261
1280
1307
323
686
-283
-1249
-89
-8
-1311
-1154
236
170
-292
600
1009
891
1308
931
1039
1543
844
1735
909
-1892
-2589
-2402
-2668
-3669
-2961
-895
309
242
183
925
1320
251
-891
-134
883
407
-60
1004
1872
946
104
829
897
183
-168
-1030
-869
245
-4
-1069
-489
547
369
-352
103
968
926
717
957
1565
1340
857
1904
479
-2611
-2594
-1813
-2471
-3196
-1965
-292
62
-63
288
566
463
-121
-550
121
1073
978
378
1014
1468
391
-26
756
768
-13
232
-508
-1057
375
261
-1435
-1076
469
641
-632
-411
1220
1427
702
702
1355
1667
876
1386
1008
-1736
-2520
-2128
-2226
-3322
-2970
-665
297
-304
-107
994
1056
37
-398
25
837
1169
217
499
1840
1062
-295
525
1152
429
0
-697
-800
142
-83
-1530
-783
498
171
-286
179
1229
1111
829
988
1312
1540
709
1372
1235
-1299
-2607
-2363
-1651
-2734
-3090
-840
1082
-10
-798
1065
1520
-197
-1140
-37
794
518
-18
639
2218
1382
-137
891
1598
232
-182
-772
-1092
299
27
-1604
-1258
166
650
-83
-389
593
1377
989
794
1465
1574
1163
1761
469
-2270
-2456
-1936
-2233
-3184
-2746
-514
590
-359
-456
453
663
88
-346
265
1296
1264
314
782
1737
693
-154
496
484
586
-442
-1935
-246
1181
-694
-1979
203
1243
-287
-575
510
1061
907
743
1013
1694
1493
873
1840
278
-2989
-2622
-1304
-2390
-3761
-2182
104
66
-540
97
483
739
384
-742
45
1757
1212
-11
903
2075
766
-438
642
915
222
-662
-1451
-329
855
-641
-1778
128
868
192
25
438
1148
1138
873
797
1319
1367
736
1225
-299
-3142
-2472
-963
-2492
-3418
-1577
499
365
-357
175
794
478
-270
-585
697
1715
833
20
1130
1581
104
-472
495
1478
166
-2132
-1014
1273
331
-1643
-685
799
17
-347
491
720
927
1288
1234
1399
1399
903
1472
1176
-2056
-3633
-1934
-1075
-3194
-3680
-673
1104
-455
-776
601
964
373
-751
-187
1554
1378
145
328
1740
1074
-644
-154
1177
1175
-461
-1548
-95
1019
-390
-1789
-509
967
-19
-691
310
1283
1178
811
964
1411
1324
702
1281
-23
-2562
-2837
-1595
-1641
-2765
-1887
-228
286
-219
-587
-44
779
73
-900
413
1831
1336
451
836
1463
423
-369
335
1326
900
-982
-934
866
779
-1170
-1491
-42
390
-692
-526
1506
1988
911
352
1155
1603
521
773
785
-1343
-2497
-1946
-1449
-2034
-2587
-1730
85
214
-642
-548
710
932
-546
-220
1622
1584
225
197
1464
1020
-432
105
944
1089
62
-1705
-677
1335
-26
-2117
-526
1313
204
-692
539
1451
852
379
757
1220
1038
752
1363
169
-2066
-2631
-1932
-1413
-2302
-2420
-943
473
-81
-980
-381
694
177
-798
387
1617
1352
657
826
1504
499
-64
423
1099
1039
-1104
-1403
923
1111
-1212
-1489
372
703
-457
-535
1304
2018
614
122
1359
1691
431
998
1250
-1357
-2842
-2308
-1244
-2168
-2749
-1076
395
24
-618
-269
200
437
-254
-311
1041
1387
773
345
960
1021
351
194
866
1371
-958
-1899
822
1608
-1036
-1562
660
1048
-529
-752
1118
1582
327
136
1566
1828
74
531
1647
-1310
-3360
-2344
-1225
-2252
-3201
-1588
476
187
-567
-279
195
607
-344
-740
1104
1726
661
317
936
1256
340
-362
468
1611
-435
-2089
164
1684
-615
-1812
380
1299
-259
-783
906
2125
1150
166
1186
2244
849
214
1033
-816
-3254
-2958
-1490
-2328
-3190
-1633
24
-132
-376
-317
-149
955
588
-414
1025
2061
963
342
1258
1279
-43
-369
632
797
-1078
-1467
342
1184
-744
-1548
414
1144
-294
-421
1449
2013
885
575
1552
1658
692
988
760
-1713
-3101
-2490
-1538
-2302
-2959
-1361
69
-505
-571
-228
27
785
289
46
1183
1914
1247
485
963
968
237
-301
668
992
-1049
-1425
166
993
-934
-1442
526
744
-367
144
1641
1544
495
521
1549
1132
437
1244
-485
-2547
-2797
-2434
-2245
-2656
-2253
-694
223
-467
-644
418
1001
111
22
1499
1742
959
361
1105
1445
6
-557
562
912
-1109
-1480
279
1174
74
-846
486
1209
-69
-130
1385
1727
661
576
1820
1591
302
749
352
-1784
-3374
-2995
-1774
-2606
-2979
-1119
287
-375
-947
-22
801
334
-435
381
1811
1526
265
688
1965
1226
-609
-163
1550
58
-1706
-401
1406
302
-1456
-107
1184
-177
-771
1012
1928
1024
538
1339
1924
1253
828
358
-1240
-2627
-2976
-2218
-2206
-2747
-1711
28
-26
-882
-403
393
379
-262
89
1660
1607
826
1083
1399
1047
-9
-52
1017
-2
-1237
-463
842
506
-721
-32
761
-2
-310
583
1319
1210
475
1331
2499
1324
736
394
-1041
-2392
-3440
-2610
-2325
-2693
-1670
-874
-798
-745
-465
152
212
5
646
1658
1769
962
609
1496
1117
-263
219
1092
-585
-1550
-18
859
-257
-837
389
1086
-138
-231
1299
1857
1210
915
1474
1918
1158
467
-564
-1616
-2634
-3390
-2381
-2163
-2697
-1393
10
-300
-509
-204
337
514
-2
448
1791
1834
800
671
1419
1078
-167
330
755
-1080
-1161
207
309
-409
-332
619
619
-182
686
1485
1432
1272
1023
1715
1758
834
272
-1242
-2242
-2486
-2935
-2728
-2193
-1715
-1045
-745
-611
-230
-53
31
4
175
1062
1546
1119
691
929
1071
414
417
200
-865
-817
275
130
-338
329
625
205
65
580
1196
1336
1328
1514
1834
1651
1126
9
-1527
-2303
-2818
-3010
-2679
-2483
-2066
-913
-390
-690
-461
294
225
-206
218
1245
1754
1294
938
1175
921
213
323
-33
-889
-508
423
291
-287
255
1093
700
-201
576
1613
1441
895
1050
1667
1560
712
-441
-1571
-1962
-2629
-3008
-2674
-2288
-1721
-1082
-753
-539
-134
231
203
72
618
1442
1452
1162
1036
910
510
349
446
-549
-1041
-120
516
-42
-117
803
992
464
352
874
1479
1371
1006
1387
1764
1371
364
-1137
-1942
-2168
-2697
-2970
-2605
-2029
-1299
-810
-716
-338
90
90
-23
326
1071
1369
1117
1012
1011
773
476
278
-348
-838
-416
332
130
-28
716
926
388
482
981
1367
1533
1254
1316
1671
1226
415
-917
-1991
-2314
-2601
-2960
-2931
-2375
-1529
-973
-782
-453
79
156
52
126
784
1402
1363
944
726
941
827
202
-720
-899
-259
65
-404
-289
777
884
350
696
1124
1448
1483
1303
1401
1766
1600
783
-685
-1480
-1690
-2338
-2959
-2945
-2295
-1780
-1384
-1244
-706
102
139
81
475
1016
1293
1095
757
706
877
918
-463
-1267
-332
525
-130
-887
1262
2722
932
65
1627
2623
1882
864
1049
1877
1818
491
-1294
-1556
-1416
-2470
-3389
-3127
-2227
-1807
-1850
-1484
-755
-46
268
348
633
1082
1579
1310
867
855
1131
490
-1205
-1195
59
122
-687
-482
1103
2023
1057
579
1546
2400
2064
843
1282
2025
1249
-59
-1314
-1651
-1811
-2753
-3439
-2986
-2140
-1907
-2052
-1512
-482
-24
-201
49
828
1503
1542
966
564
1412
1120
-1584
-1679
418
341
-1372
-992
1360
1922
828
416
1710
2956
2193
1078
1883
2501
1218
-133
-882
-967
-1720
-2989
-2862
-2391
-2589
-2255
-2009
-1770
-939
-450
-426
150
776
1261
1474
1088
878
1045
517
-597
-739
2
-89
-385
8
718
1623
1753
1179
1542
2076
1873
1477
1171
1009
587
-270
-1078
-1700
-2159
-2430
-2781
-2830
-2361
-1585
-1293
-977
-251
197
542
641
629
1053
1204
296
-418
-83
96
-558
-831
-380
207
931
1050
969
1708
2505
2245
1633
1794
2126
1547
99
-717
-732
-1191
-2169
-2699
-2720
-2354
-2103
-2437
-2013
-894
-386
-134
214
618
1170
1240
365
-53
423
417
-267
-500
-9
505
729
609
758
1586
1994
1741
1588
1879
1971
1327
235
-323
-582
-1221
-1807
-2107
-2168
-1961
-1962
-2216
-1857
-1251
-1038
-759
-267
280
694
528
376
520
664
539
269
421
1033
1230
1011
1127
1609
1747
1461
1429
1587
1539
995
151
-238
-423
-1122
-1842
-2033
-1986
-2135
-2290
-2204
-1875
-1373
-1146
-873
-299
116
497
635
653
963
1031
901
1018
1044
1097
1214
1282
1308
1082
1060
1149
1165
790
118
-23
17
-522
-1228
-1412
-1256
-1337
-1859
-2045
-1563
-1164
-1225
-1187
-685
-109
220
95
365
859
838
863
1073
1388
1576
1542
1570
1704
1612
1378
1059
1079
946
97
-265
-123
-587
-1262
-1523
-1395
-1375
-1752
-1990
-1660
-1216
-1148
-1235
-991
-403
-20
-81
79
545
885
920
1088
1411
1611
1677
1751
1833
1561
1211
1107
1151
311
-455
-126
-91
-973
-1620
-1409
-1029
-1389
-1973
-1756
-948
-812
-1270
-1082
-189
103
-175
-194
530
965
557
557
1103
1407
1480
1206
1163
1438
1262
798
701
600
210
-64
-202
-454
-746
-864
-1051
-1231
-1263
-1410
-1473
-1279
-1157
-850
-413
-306
-93
280
470
674
795
1058
1315
1065
1014
1274
1214
1064
866
699
635
174
-372
-386
-369
-698
-1084
-1151
-1097
-1339
-1486
-1395
-1387
-1305
-1048
-783
-494
-401
-145
460
777
686
718
1096
1405
1198
1022
1344
1466
1121
784
702
538
66
-240
-310
-576
-815
-851
-966
-1114
-1200
-1115
-1017
-1123
-1097
-700
-330
-217
-131
312
738
660
555
823
1091
1137
1012
1061
1244
1133
753
437
297
190
-225
-595
-573
-610
-877
-1001
-989
-986
-1047
-1037
-889
-699
-465
-206
-15
243
476
495
547
724
823
898
971
945
944
924
714
382
212
140
-144
-471
-499
-497
-719
-915
-900
-855
-919
-1015
-952
-738
-511
-425
-285
66
362
404
443
666
885
887
821
927
1038
924
699
513
367
185
-71
-311
-495
-594
-595
-686
-911
-941
-767
-711
-812
-792
-494
-204
-107
6
218
359
446
506
579
686
702
715
783
762
610
395
297
231
-26
-186
-141
-270
-499
-540
-433
-508
-759
-766
-506
-406
-535
-543
-238
121
133
-63
47
473
625
362
291
615
800
580
322
299
422
332
5
-109
-28
-68
-279
-487
-426
-304
-449
-564
-433
-311
-322
-333
-202
-40
12
-4
63
258
344
304
319
407
462
386
263
238
233
188
102
-16
-47
-42
-150
-294
-343
-289
-230
-286
-392
-301
-86
-75
-208
-138
69
132
91
114
184
264
283
201
160
267
304
137
11
89
144
0
-157
-113
-23
-135
-279
-212
-107
-156
-207
-124
-20
11
8
-18
-30
76
155
64
33
163
213
135
44
32
88
88
7
-39
-2
28
-21
-103
-117
-73
-62
-105
-128
-68
-3
-7
-41
-57
-8
26
-20
-60
-10
62
62
-6
-19
72
96
13
-29
37
120
74
-32
-10
76
31
-74
-57
31
30
-47
-38
31
15
-56
-56
3
15
-40
-66
-21
6
-42
-95
-78
-6
12
-39
-38
25
68
62
28
33
52
62
90
62
3
25
65
59
23
-42
-32
30
7
-83
-129
-46
15
-50
-80
-35
14
36
-1
-33
4
22
15
-14
-7
37
3
4
49
7
-31
4
35
43
19
0
33
59
22
-58
-45
20
-39
-85
-19
-6
-73
-49
45
40
-39
0
93
78
10
-10
42
89
43
-22
16
64
20
-56
-60
-10
-1
-57
-110
-69
0
-23
-102
-86
17
35
-30
-52
17
88
60
-2
13
69
50
-3
-4
23
23
13
30
20
-4
-6
20
46
12
-55
-41
43
25
-82
-94
-3
15
-53
-51
-18
-8
20
33
-4
-31
-1
33
37
8
-34
-30
43
27
-78
-50
35
0
-48
14
50
-7
8
95
88
31
20
38
80
71
-21
-58
20
52
-58
-139
-59
22
-12
-89
-104
-23
32
-3
-68
-77
-2
59
15
-85
-60
88
131
21
-45
47
149
131
37
-4
63
123
70
-43
-64
-2
19
-45
-122
-115
-67
-44
-95
-137
-83
7
10
-52
-15
72
90
57
42
51
57
66
16
-46
-17
18
-17
-40
-21
-19
-10
26
40
11
20
33
11
25
28
-6
-11
15
3
-37
-32
-28
-45
-16
-1
-40
-44
2
20
-22
-31
8
12
-20
-52
-41
-4
15
4
-32
-11
72
86
7
-9
83
103
4
-17
48
48
-23
-40
20
33
-32
-81
-20
71
4
-125
-74
83
61
-97
-85
62
70
-25
-38
7
17
7
17
-7
-17
30
38
-2
-12
12
9
-4
13
19
2
6
5
4
17
8
-18
-7
33
15
-46
-36
15
12
-52
-71
3
55
-3
-64
-10
78
42
-51
-44
36
66
0
-63
-39
27
25
-58
-81
-3
44
1
-41
-3
47
39
11
19
50
38
7
27
46
-1
-54
-15
41
-8
-85
-48
33
28
-39
-35
31
45
13
0
6
-8
-27
-1
-2
-61
-72
-7
28
-16
-45
-4
45
55
19
6
43
58
19
8
21
-16
-42
6
13
-61
-69
8
10
-47
-32
10
11
8
19
12
-4
24
43
22
5
11
29
21
-4
-13
-8
-1
-10
-24
-21
-21
-27
-14
-1
0
-10
-10
11
6
-33
-49
-7
28
9
-21
6
69
82
41
10
37
75
42
-9
-9
-2
-27
-59
-66
-59
-67
-66
-39
-16
-4
-23
-30
11
40
17
-21
6
70
58
-13
-23
46
79
19
-28
8
60
53
-3
-39
-12
29
7
-44
-43
-14
-2
-18
-34
-33
-12
11
4
-14
-4
4
5
1
-13
-3
16
24
16
6
21
23
5
2
-1
-7
-20
-18
-5
-23
-23
-7
-4
12
13
7
9
19
40
15
-10
13
28
21
-6
-26
0
4
-28
-48
-33
-9
-22
-38
-16
6
11
4
11
34
41
20
4
8
17
5
-27
-31
-1
4
-25
-36
4
34
7
-4
25
41
29
4
7
26
10
-13
-25
-13
9
-24
-48
-17
3
-6
-34
-20
20
13
-10
-19
8
32
2
-13
-1
12
19
-8
-19
-4
8
12
-8
-12
7
17
19
3
-3
12
21
5
-18
-4
7
-11
-22
-14
1
0
-17
-13
4
10
-12
-26
2
30
10
-11
5
38
37
9
5
25
34
20
-2
-11
-3
-1
-17
-26
-27
-30
-25
-10
-2
-25
-30
5
23
10
-14
-21
15
32
5
-24
-6
42
37
-4
-12
10
39
20
-14
-11
5
14
-6
-23
-18
-11
0
-3
-4
2
4
9
6
-3
-9
0
4
-4
-8
-7
-3
-2
-9
-7
0
1
0
9
10
0
-5
3
8
1
-8
-3
12
14
6
-1
0
6
1
-9
-12
-6
-1
-1
-5
-10
-5
5
7
6
10
9
11
6
0
-4
-4
0
2
2
-1
-3
0
3
0
-2
-1
1
0
-5
-5
-3
-1
-2
-6
-2
2
0
-6
-3
4
5
0
1
3
3
2
-5
-2
8
8
0
-4
4
8
2
-4
-2
6
-2
-4
-2
-2
0
-2
-5
0
3
-2
-2
2
2
-1
-7
-3
3
0
-3
0
-1
0
1
-1
1
1
2
1
0
0
0
5
4
2
2
3
5
0
-3
0
-3
-1
0
-5
-3
0
-3
-2
0
0
0
0
2
3
0
0
0
2
2
0
0
0
1
-3
-5
-6
-3
0
-5
-5
-2
1
-2
1
4
1
3
3
3
1
1
2
2
2
0
1
2
6
2
0
3
1
0
1
0
0
-2
-4
-4
-3
-3
-5
-2
-3
-2
-2
-1
2
-1
-2
-2
0
2
-1
-3
1
0
-1
0
0
0
0
2
0
2
5
1
-1
2
4
2
0
0
3
0
2
-1
-2
6
4
-3
1
3
0
1
-2
-1
2
0
-4
-4
-5
0
-2
-6
-4
0
1
-3
-6
0
1
0
-3
-3
0
1
-2
-5
-1
3
1
-1
1
6
5
1
2
6
6
7
4
3
5
8
6
1
4
2
4
1
-1
0
0
1
-1
-3
-3
-2
-1
-6
-7
-7
-6
-5
-7
-10
-8
-4
-7
-6
-4
-3
0
0
0
1
1
3
5
1
0
8
12
4
2
7
9
6
5
2
3
7
2
-4
-1
2
-1
-5
-5
-4
-1
-6
-7
-3
-2
-5
-7
-6
-3
0
-6
-4
0
0
0
-3
0
2
2
3
2
3
4
5
3
3
3
5
2
0
1
0
0
2
-3
-1
-2
-3
-3
-3
0
0
-2
0
1
-1
0
0
-3
0
-1
0
3
0
0
0
-1
0
1
-1
-1
-5
-8
0
-2
-2
2
-2
0
2
4
1
0
6
3
3
4
0
5
7
1
4
4
7
6
0
0
1
3
2
-3
-4
0
-4
-7
-7
-2
-3
-4
-5
-2
-4
-3
0
-3
-2
-1
-4
-6
-2
1
-1
-2
-6
-3
4
-2
-2
2
0
2
4
1
1
7
8
5
3
9
9
3
4
6
6
1
-1
-1
1
1
0
0
-2
0
-1
-2
-4
-3
-5
-10
-5
-5
-5
-4
-5
-1
0
-3
-3
1
0
-1
-2
0
0
4
2
0
4
3
2
0
2
2
1
2
1
3
4
7
2
-1
2
2
0
2
1
-1
0
0
0
-4
0
0
-3
0
-2
-1
0
-3
-2
0
-1
-5
-5
-2
0
-2
-1
-4
0
1
-1
0
0
2
1
2
0
0
3
3
2
1
4
1
5
4
-1
0
0
1
2
1
-2
1
4
-3
0
-1
0
-1
-1
-3
-2
1
-1
-3
-6
-1
0
-2
0
-2
1
0
0
0
-2
0
0
0
0
0
0
1
0
5
4
3
5
2
2
9
6
1
8
4
-2
4
5
2
6
-2
0
3
-3
1
-3
-9
-3
-6
-8
-11
-11
-5
-9
-9
-3
-2
-3
-4
-7
-7
-2
-1
-1
0
5
5
2
5
7
4
5
6
4
4
4
5
5
7
4
4
8
3
2
3
4
1
-4
1
1
-2
-2
-3
-4
-3
-3
-3
-4
-3
-3
-3
-4
-4
-2
-3
-2
-5
-4
-2
-3
0
-1
0
0
0
4
3
5
5
2
7
9
9
9
8
10
8
6
9
6
4
2
4
3
-2
-3
0
0
-4
-6
-7
-6
-7
-8
-11
-11
-9
-11
-8
-9
-8
-5
-7
-6
-7
-5
-1
-1
0
0
3
1
4
6
8
9
11
7
5
9
6
6
6
4
4
4
1
0
1
0
0
0
2
-1
-4
0
-4
-3
-4
-5
-3
-4
-3
-4
-2
-3
-4
-1
-2
-2
-1
-3
-3
-2
0
1
-1
0
1
3
3
2
3
4
0
4
5
3
2
2
2
1
0
0
-1
1
0
0
0
-1
-1
-1
0
0
-3
-3
-2
-5
-2
0
-2
0
-2
-1
0
-1
-1
-1
0
0
3
2
0
2
0
1
1
0
0
0
1
2
0
0
0
0
0
0
0
0
2
0
1
0
-1
-1
-2
0
-3
0
0
-2
-2
-3
-1
-1
1
0
-5
-1
-1
0
3
0
0
0
3
1
1
0
1
3
0
-1
2
1
-2
-1
1
-1
0
6
1
0
2
0
0
3
1
0
1
1
0
2
0
0
3
-1
0
0
0
0
-1
-6
-4
0
-3
-2
-2
-2
-6
-5
-4
-1
0
-3
-4
-4
-2
-2
0
3
2
0
0
4
5
4
5
3
5
6
5
4
3
6
3
4
3
0
3
0
-2
1
1
0
-2
0
-2
-4
-1
-3
-3
-1
-2
-5
-3
-2
-1
-4
-2
0
-5
-3
0
-1
0
-4
0
-2
-5
-2
-4
-1
-1
-1
0
0
3
3
3
4
2
4
6
3
2
5
5
3
4
5
5
2
3
3
0
-2
-1
-2
-3
-4
-6
-6
-7
-7
-3
-6
-6
-4
-4
-4
-3
1
0
-1
2
2
2
0
1
3
3
4
5
2
3
4
2
2
0
0
0
0
0
0
1
-1
-2
-4
-1
-1
-3
-1
-2
2
1
0
1
1
0
0
1
1
0
0
0
3
3
2
-1
-1
0
0
2
1
0
-1
0
3
0
2
1
-1
0
1
-1
-1
1
0
-2
-2
0
2
0
-3
-2
-3
-3
-1
0
-3
-3
-4
-3
-1
0
-1
-2
-1
-4
0
4
0
3
1
0
4
3
4
1
1
4
3
4
3
2
3
1
1
-1
0
1
1
-1
0
0
-1
0
-4
-2
-2
-4
-3
0
0
-2
0
-1
-2
0
-2
-1
2
4
0
0
0
-2
0
1
2
2
0
1
0
0
-2
-1
2
5
2
0
2
0
-1
0
1
0
0
0
0
-3
0
-2
-6
-1
-3
-5
-3
1
-2
-2
0
-2
0
3
4
4
0
2
0
4
8
4
2
3
3
1
0
0
0
0
-1
-1
0
0
-1
-4
0
1
0
-2
-4
-1
-1
-1
-5
-2
0
-2
-1
-3
-3
0
0
1
0
0
3
1
0
2
3
4
3
3
0
5
6
2
0
1
3
0
-2
0
1
1
0
-2
-1
-3
-3
-1
-1
-2
-4
-2
-6
-3
1
-3
0
0
-2
-2
0
1
1
1
3
2
2
2
3
1
-1
0
0
-1
-1
1
2
0
0
0
-3
0
0
-1
2
1
3
0
0
1
0
0
-2
0
-1
0
3
0
-1
0
0
-1
-3
-4
-1
0
1
1
-1
1
-1
0
0
1
0
-1
0
0
2
1
2
0
0
0
0
1
0
0
0
-1
0
1
-1
0
0
0
0
-1
0
1
0
0
-3
-1
-1
0
0
0
2
0
0
-2
0
1
-1
0
1
0
-3
0
3
2
2
0
0
0
0
2
-1
-3
-2
2
0
-2
-3
-1
0
2
1
0
2
1
3
0
-1
0
2
1
0
4
3
2
2
0
0
0
-4
-3
-2
-4
-5
-4
-3
-3
-5
-1
-3
-3
-2
-2
0
0
1
5
3
2
6
7
5
6
5
3
5
6
4
0
0
1
3
1
-3
-6
-5
-3
-3
-5
-4
-2
-1
1
-2
-6
-6
-2
0
-4
-4
1
0
-1
0
3
2
0
-4
-3
0
1
0
0
0
0
0
0
2
3
2
3
3
5
6
3
2
3
2
2
5
1
0
1
-3
0
-2
-4
-1
-4
-3
-5
-5
-3
-3
-1
0
-1
0
-1
0
0
-1
-1
-1
-1
4
3
0
1
0
2
5
2
3
1
0
3
2
1
0
0
2
2
-3
-1
-4
-5
-1
-3
-4
-2
-3
-2
0
-2
-4
-5
-3
-3
0
0
0
1
2
3
0
0
3
2
2
3
3
2
2
3
6
6
4
3
1
1
1
5
1
-1
2
1
1
0
-3
-3
0
-3
-1
-3
-6
-2
-4
-5
-5
-4
-1
-3
-3
0
0
-2
-5
-2
0
2
2
2
2
2
2
6
4
1
4
4
6
2
1
3
3
2
1
0
-1
-2
0
2
0
-2
-4
-2
-2
0
0
-1
-1
-3
-1
-2
0
-1
0
1
1
-1
-2
0
0
0
0
-2
-1
4
1
-2
-2
-1
0
2
3
1
-1
0
2
5
2
0
-1
2
4
2
-2
-3
1
2
0
0
-1
-1
0
2
0
-4
-2
2
2
-1
-3
0
0
1
1
-2
-2
0
0
2
0
1
0
0
2
1
0
-1
-1
0
-1
0
-2
0
1
0
0
0
0
-1
0
1
0
-1
0
1
0
1
0
0
0
0
3
1
1
0
0
-2
0
2
0
-1
-1
0
0
-3
-2
0
-1
-2
1
0
0
0
0
4
1
1
1
1
3
-1
0
0
-1
1
0
0
-2
0
0
-1
0
0
1
2
1
0
0
0
-2
-1
0
0
1
-1
-1
-2
-1
0
-1
0
1
3
2
1
0
-1
0
1
0
1
1
0
-1
0
1
0
0
0
-2
0
1
0
-1
-2
1
2
-1
0
-1
-2
-1
0
4
0
-2
-1
0
0
-1
0
2
0
-1
0
0
0
0
0
0
1
0
-1
-1
1
3
0
0
2
0
-1
2
2
-2
-1
1
0
-2
0
0
-3
0
0
0
0
-1
0
1
0
0
0
-1
0
0
0
1
2
0
-2
-1
-1
0
0
0
-1
0
1
1
1
0
-2
0
0
0
2
0
-3
-2
0
1
1
0
0
0
1
0
0
0
0
-1
-3
0
0
0
0
-2
0
0
0
3
2
2
1
1
1
1
-1
-1
0
-2
-1
0
0
0
-1
-2
2
1
-2
-1
0
-1
-3
0
0
-1
0
1
0
0
0
0
1
-3
0
1
0
4
0
0
1
0
-3
0
1
0
1
3
3
3
2
0
1
0
0
0
1
0
0
0
-1
0
0
-3
-3
0
-1
-2
-1
-2
-4
-2
-2
-2
-1
0
-2
0
1
-1
0
0
1
1
2
2
3
2
0
0
0
0
3
1
2
2
-1
1
1
-2
0
0
0
1
0
0
3
1
-1
1
-1
-1
0
-3
-1
-1
-2
0
0
0
0
-2
-1
-1
-1
-3
-2
0
1
0
2
2
2
2
0
1
1
2
1
0
0
1
0
-1
0
0
0
0
-6
-5
-5
-6
-3
-4
-4
0
0
0
0
-1
0
1
0
1
1
2
2
2
4
4
5
4
3
4
1
2
3
1
0
1
2
0
0
0
-1
0
0
-1
-2
0
-4
-1
-1
1
0
-5
0
0
-3
0
-2
-4
-4
-5
-3
-1
-1
-3
0
-1
-1
0
0
3
1
3
2
1
3
0
3
5
2
3
3
2
2
2
0
1
2
-1
0
0
-2
0
-1
-2
-2
0
0
-2
0
-4
-2
0
-3
-2
-1
0
0
-4
-4
-4
0
2
-2
0
1
-1
1
0
0
2
0
0
2
0
-1
0
3
3
1
1
1
3
2
0
0
0
1
0
0
1
-1
0
0
-1
0
1
0
-1
0
0
-1
-1
-1
0
0
-1
0
-1
-1
0
0
0
0
0
-1
0
0
1
0
0
0
0
0
1
0
1
1
0
0
-2
1
1
0
0
0
3
1
1
2
0
0
0
0
-1
0
1
-1
-1
-1
-2
-3
-1
0
0
-1
0
0
-2
-2
-1
0
1
-1
-1
0
1
3
0
0
2
0
0
0
1
0
-1
0
1
2
0
0
2
1
0
0
-1
0
-1
0
0
0
0
1
0
-1
0
0
-3
0
0
0
-1
-2
-2
0
0
0
0
-1
0
-2
-1
2
1
3
1
0
0
1
2
0
1
3
1
0
2
2
0
-2
-1
0
-1
-2
-1
0
0
-1
0
-1
0
0
-1
1
2
0
0
1
0
0
1
1
1
0
0
0
0
0
0
0
0
-1
0
0
0
0
-1
0
1
0
0
1
0
-1
0
0
0
0
0
0
-2
0
0
0
0
0
0
0
0
0
0
-1
0
1
0
0
1
1
0
2
1
0
0
0
0
-2
-2
-1
0
0
0
0
1
0
0
-1
0
0
0
0
1
1
2
3
3
0
0
0
-3
-1
0
-1
0
1
0
0
1
0
0
2
0
0
0
-1
0
0
-1
0
0
-1
-1
0
-1
0
0
0
0
0
0
0
0
-1
-1
0
0
0
0
-1
-1
0
0
0
0
3
4
1
0
0
0
1
-1
-3
-1
0
0
1
0
-2
0
2
1
0
0
0
2
0
0
0
-2
0
0
0
1
-1
-2
-1
0
0
-1
0
0
3
0
1
0
0
0
0
1
-1
-1
0
-1
0
1
2
1
1
1
1
0
0
0
-2
-2
-2
0
0
0
-1
0
1
1
-2
-2
-1
-3
-1
0
0
0
1
3
3
0
2
1
1
2
1
0
3
0
0
0
0
0
-1
0
-1
0
0
0
-1
-3
0
0
0
-1
0
0
1
0
1
1
0
3
0
-1
1
-3
0
0
-1
1
-1
0
0
-2
0
0
0
0
-1
0
0
1
1
0
0
1
1
0
0
-1
0
0
0
0
0
2
2
-1
0
0
-2
-1
0
0
1
0
0
1
0
0
0
-1
0
0
0
-5
-3
1
0
0
-1
-1
2
1
0
2
0
0
0
0
1
4
1
0
2
0
2
0
-1
0
0
0
1
-2
-3
-3
0
0
0
-1
-1
0
0
0
2
1
0
1
0
0
2
1
1
2
0
-2
-2
-1
0
1
0
0
0
0
0
0
-1
-3
-4
0
2
0
0
0
0
2
2
2
0
-1
-1
0
4
0
-2
1
3
0
-2
0
4
0
-2
0
-3
-2
-2
-4
-1
0
1
2
3
0
0
0
3
1
-1
-3
-1
0
0
0
1
0
0
1
0
-2
-1
2
0
-2
0
0
-1
0
0
0
0
2
1
-2
1
4
0
-1
0
-2
-1
0
3
0
-1
0
-2
-1
1
0
0
2
1
0
0
0
1
1
0
-2
-1
0
0
0
2
0
-1
0
1
-2
-2
0
1
0
0
0
0
1
1
0
-2
0
0
0
0
-1
-2
0
0
0
0
0
0
0
0
0
0
1
-3
-1
0
0
1
0
0
-1
0
1
0
-2
0
2
0
0
0
0
0
2
0
-3
-2
1
3
0
0
0
1
0
-1
0
0
0
1
-1
-1
1
2
0
0
0
0
-1
0
0
0
0
0
0
0
0
0
-1
0
0
0
0
-1
-1
0
0
-1
0
1
0
-1
0
-2
0
0
0
2
4
1
1
1
0
1
0
-1
0
0
0
0
0
0
1
-1
-2
0
-1
-3
0
-1
-1
-2
-1
0
0
2
1
0
0
1
0
0
1
1
0
0
0
0
0
0
0
1
3
3
0
0
0
-2
-2
-1
0
0
0
0
0
0
0
0
0
0
0
-1
0
-3
-2
0
-1
0
2
3
1
0
0
0
-1
0
1
1
1
0
1
0
-2
-1
-1
0
0
1
0
0
0
0
0
0
1
0
0
0
0
1
0
-2
-1
0
2
0
-2
-1
1
0
-1
-1
-1
1
0
0
0
0
0
-1
0
0
0
0
-1
-3
0
1
3
1
0
0
0
1
0
0
-1
2
2
0
0
1
0
-1
0
-2
0
-1
-4
1
-1
-3
0
1
0
0
0
1
0
0
0
-1
0
0
0
0
0
-2
0
1
0
0
0
0
1
0
-1
-2
0
2
0
0
2
0
0
0
0
0
0
0
1
0
0
0
0
1
1
0
0
-1
1
1
-1
-1
0
2
-2
0
-1
-2
0
0
0
0
0
-2
0
1
0
-1
0
1
1
1
0
0
1
0
0
-2
-1
-1
0
1
0
-1
0
1
0
0
-1
0
0
2
2
0
0
0
1
2
-1
-1
0
0
-1
0
0
0
-1
-1
0
1
0
0
0
0
0
0
0
-1
-3
-2
3
0
0
1
0
0
0
1
4
1
0
0
0
0
0
0
0
-2
0
0
0
-2
-1
0
0
0
0
2
0
0
0
-2
-2
1
1
0
0
1
1
1
2
-1
-1
0
0
0
0
0
-1
0
0
0
1
0
0
0
0
0
1
0
1
0
0
2
0
-3
-2
-1
0
0
0
1
1
0
-1
-1
-2
1
0
0
1
0
2
0
-1
1
-1
-2
-1
1
2
0
1
0
0
0
0
0
1
1
0
-1
0
-2
0
0
0
1
-1
-1
1
0
0
-1
-1
2
0
1
0
-1
0
0
1
0
0
0
0
0
-1
0
0
0
0
0
-2
-1
1
1
1
-1
0
2
0
-1
-1
0
-2
-2
0
0
0
-1
0
1
0
0
0
0
0
-1
2
3
0
1
1
1
1
1
3
2
-1
-2
0
1
0
0
0
-1
-2
0
0
-1
0
-2
-3
0
0
1
1
-1
-1
-2
-1
0
-1
0
1
0
0
1
1
2
0
-1
0
0
1
0
0
1
2
2
1
0
1
0
-2
-2
-2
0
1
-1
-1
-4
-2
1
1
1
0
-2
0
1
1
1
0
0
-1
-3
-2
0
1
1
3
0
0
0
0
-1
0
3
0
0
2
1
1
0
-1
0
0
-1
-1
0
0
0
1
1
0
-1
-2
-2
0
-1
0
0
-1
-2
-2
1
0
0
0
0
2
0
0
0
0
0
1
0
0
0
2
1
0
-1
-1
0
1
1
1
1
2
2
1
0
-1
0
0
0
0
0
0
0
0
0
-2
-3
-1
0
-3
-1
-1
-1
0
2
1
0
-1
-1
0
0
-1
0
1
-1
0
0
1
4
0
0
2
-1
0
1
0
0
1
0
0
0
-1
0
-1
0
0
0
0
0
0
0
-1
1
0
1
0
-1
0
1
1
2
0
0
-1
-1
-1
0
0
0
-2
-2
0
1
0
0
-1
-1
-1
-1
1
1
1
2
1
0
0
0
0
0
0
0
0
0
0
1
1
0
1
1
0
0
0
0
1
0
1
0
-1
0
1
0
2
-2
-4
-3
-3
-1
-2
-1
0
0
-1
0
1
0
-2
0
2
0
3
5
0
-1
0
2
3
0
3
0
1
1
-1
0
-1
-3
-1
0
-1
1
-1
-3
0
0
0
0
-1
0
0
-1
1
0
-2
0
0
1
1
1
0
0
-1
0
2
1
-1
0
1
1
0
0
-1
0
0
0
0
0
-3
-2
0
2
0
0
2
0
0
0
0
1
1
2
0
-2
0
0
-1
-3
0
0
1
0
-2
0
1
1
0
0
0
0
1
0
0
0
1
0
0
-2
-1
0
1
0
0
0
2
0
-2
0
0
-2
0
0
0
-2
-2
1
2
0
-3
0
0
0
1
1
0
0
2
0
-1
-1
-2
0
0
0
3
2
0
2
1
1
1
1
2
0
0
-1
-1
0
-1
-3
-1
-1
-1
0
-1
0
-1
-1
1
0
0
0
0
0
0
0
1
0
2
1
-2
0
-1
0
0
0
-2
0
1
-1
0
2
1
2
2
0
1
1
0
0
2
0
2
2
0
-1
-1
-3
-1
0
-2
0
0
0
0
0
-1
0
0
-1
-2
0
0
1
0
0
1
3
2
0
2
0
0
0
-1
-1
-1
-1
-1
0
0
0
0
-1
0
0
3
1
1
2
1
0
-1
0
2
-1
-2
-2
0
2
0
-3
0
0
0
1
0
0
0
1
1
1
2
1
1
0
-1
0
-1
-3
-1
0
0
1
1
0
-1
-4
-1
2
-1
-3
-3
0
0
0
0
1
3
3
1
0
0
0
0
0
3
1
0
1
-1
0
0
-1
-2
-1
-1
0
1
-3
-1
1
1
0
-1
0
0
0
1
2
0
0
0
0
0
0
0
-1
-1
0
0
2
0
1
-1
0
0
0
0
0
1
0
0
0
0
2
0
-1
-2
0
0
-1
0
0
0
-1
-1
0
0
0
-1
0
0
0
-2
1
0
0
0
0
2
0
2
1
1
2
0
0
0
0
0
0
0
-3
0
0
0
0
-1
1
0
0
-1
-1
2
-2
-2
0
-1
1
2
0
-1
1
0
-2
2
0
0
0
-1
0
1
-1
0
2
0
1
0
0
-1
0
1
0
1
0
0
0
0
0
-2
0
0
0
0
0
1
0
0
0
-1
1
0
-1
1
0
0
0
0
1
0
-1
-2
0
2
2
-1
-1
-1
-1
0
0
-1
0
0
-1
0
-1
0
1
0
1
2
0
0
0
0
1
1
1
0
0
-2
0
0
1
0
-2
-1
1
0
0
0
-1
1
1
0
0
-1
-1
1
2
-1
-2
0
0
0
-1
0
0
0
0
1
2
2
2
0
-3
-2
0
0
1
1
0
0
-2
-1
1
-2
-2
0
-1
0
0
0
0
0
0
0
0
0
2
1
1
1
0
0
0
1
0
0
-2
1
1
1
0
0
-2
-2
0
0
0
0
-1
-1
0
0
0
0
-1
-1
0
1
0
0
0
-1
0
1
1
0
0
0
0
1
1
1
0
0
0
1
0
2
2
0
0
0
0
-1
-2
0
0
2
1
0
0
0
-1
0
0
0
-1
-1
-2
-1
0
-1
0
0
0
0
0
0
0
1
0
0
1
0
0
0
0
1
1
0
0
0
0
1
0
0
0
-2
0
0
0
0
0
1
0
-3
0
0
-1
0
0
1
0
-3
-1
1
2
1
-1
-1
0
1
-1
0
0
0
0
0
0
0
0
1
1
0
0
0
1
0
0
0
0
0
0
0
0
0
0
0
0
0
-1
-1
-1
0
-1
-2
0
1
0
0
0
0
1
-1
0
2
0
0
1
0
-1
0
0
0
-1
-3
-1
0
-1
0
1
3
1
2
0
1
1
1
1
-1
0
0
-1
0
0
0
-2
-1
1
-1
-1
1
1
1
1
1
0
1
0
0
1
0
0
0
0
-1
-2
-2
0
0
-1
-2
0
1
-1
-1
0
0
0
-1
0
1
0
2
0
2
2
0
0
0
0
0
-1
-1
1
0
-2
0
1
0
0
0
-1
2
1
0
0
0
0
0
0
2
1
0
1
-1
0
-1
-4
-1
1
0
-1
0
0
0
1
0
1
1
0
0
0
1
0
0
1
2
1
-1
0
0
-1
-2
-2
-1
-1
0
0
1
0
0
0
-2
0
0
-2
0
2
2
1
0
0
2
3
1
1
0
0
1
0
-1
0
-1
-1
0
0
1
-1
0
-1
0
1
0
1
0
0
2
0
0
0
0
0
0
0
0
-1
-2
-2
0
0
-2
0
0
0
1
-1
0
1
-1
1
1
0
0
0
2
1
0
1
0
-2
0
0
1
1
-1
0
0
0
0
0
0
2
0
0
1
2
0
0
0
1
1
-1
0
0
-2
-2
-1
0
0
-2
0
0
0
-1
-1
0
1
0
-1
-2
0
0
-2
1
1
0
-1
-1
2
2
0
0
1
0
-1
-2
0
0
3
2
1
1
0
-1
0
0
0
-2
-1
0
0
1
0
-1
0
0
-1
-1
0
1
1
0
0
0
0
0
-3
-3
1
2
1
1
2
4
0
0
0
-1
-2
-1
0
-1
-1
0
0
1
0
0
1
0
0
0
0
-1
-3
-3
0
0
2
3
1
3
0
-2
0
-1
-2
0
-1
0
2
1
2
0
0
-1
0
3
1
0
-1
0
0
1
3
2
2
0
-2
-3
-2
1
0
0
-1
-2
0
0
1
0
-2
-1
0
1
-1
-2
0
0
-1
-1
0
1
-1
0
-2
0
3
0
2
0
-1
1
1
1
1
0
1
1
0
-2
0
3
3
0
-4
3
6
0
-1
0
-1
0
1
-2
-5
-3
-1
0
-1
0
0
1
0
-2
-1
0
0
0
0
-1
0
1
0
0
0
0
3
1
1
-1
-1
1
0
-1
0
1
1
2
-1
1
0
-2
-3
-2
-1
0
0
0
0
0
1
1
0
-1
1
1
0
0
0
0
0
-2
-2
0
0
0
0
-1
1
0
0
0
0
1
0
0
0
0
0
1
0
0
2
1
0
0
-1
2
1
1
0
0
2
1
0
0
0
-1
0
0
-1
-1
-1
0
0
-2
-1
0
0
0
0
-1
-1
1
-1
1
1
0
1
0
0
0
0
0
0
1
0
0
0
0
0
1
0
0
0
-2
-2
1
-2
-1
0
0
-1
0
0
0
2
2
0
0
0
0
0
0
1
0
-1
1
1
0
-1
0
0
-2
0
-1
-1
0
2
0
0
1
0
-1
0
1
1
1
0
0
0
-2
-1
0
0
2
-1
-1
0
-2
-1
0
0
0
0
-1
2
1
0
2
-1
0
1
0
1
0
1
0
-2
0
0
-1
0
0
0
1
-1
0
2
-1
-1
0
0
0
0
2
1
0
2
3
1
0
0
-2
0
-2
-1
0
-1
1
0
-1
0
0
0
1
0
0
0
-1
0
0
0
0
0
0
0
0
0
1
0
-1
0
0
0
0
-2
0
0
0
0
0
0
0
0
0
1
0
0
0
0
0
2
0
0
0
0
0
0
1
1
0
0
-1
1
-1
-1
0
-2
2
1
-1
3
1
0
-1
-1
0
-1
-1
0
-1
0
0
0
-2
-1
0
0
0
0
1
0
0
3
0
-2
-1
1
0
0
1
0
0
1
0
1
0
0
0
0
-2
2
0
-2
1
-1
0
0
-2
0
0
0
0
-2
-2
0
1
0
0
0
1
0
1
2
0
0
1
0
-1
0
0
0
0
0
0
0
0
0
0
0
0
-1
0
0
0
0
0
0
-1
0
2
2
0
-3
0
2
0
-3
-1
1
-1
0
0
0
0
0
0
0
2
0
-1
-1
1
1
-1
0
0
1
1
0
0
0
1
0
-1
0
0
-1
-1
0
1
1
0
-1
-1
0
0
0
0
2
0
0
0
0
0
0
0
0
-1
0
1
-1
-1
0
0
0
1
0
-2
0
0
0
1
0
0
0
0
1
-1
1
1
-1
1
1
-1
1
1
0
0
0
0
-1
-1
-1
0
1
-1
-1
-1
0
0
-2
0
0
0
0
0
0
0
0
2
0
-1
0
0
0
0
0
1
0
0
0
0
-1
0
1
1
0
0
1
1
0
0
1
0
-2
0
0
-1
0
0
0
0
-1
-1
0
0
0
-1
-1
0
0
1
0
0
0
0
1
0
0
0
1
3
1
-1
0
1
0
0
0
-1
1
2
0
0
0
0
1
1
-1
0
0
0
0
-2
0
0
-1
0
-1
-1
0
0
-2
-1
0
0
0
0
0
0
0
0
0
1
1
1
1
1
0
0
0
-1
0
-2
0
1
0
0
1
1
1
2
0
1
0
0
-2
0
-1
0
0
0
0
0
0
0
0
-1
-2
-1
-1
0
0
-3
0
0
0
1
1
2
0
0
1
1
1
0
0
-1
0
0
0
1
0
0
0
0
0
0
-1
-1
0
0
-2
0
0
0
0
-2
0
2
-1
0
0
0
0
1
0
-1
0
0
0
0
0
0
-1
-1
1
0
0
0
0
0
0
1
0
0
0
-1
0
0
-1
0
1
0
0
0
0
0
0
0
-1
0
0
-1
1
0
-2
1
0
-1
-1
-1
0
0
1
0
1
3
0
-1
0
0
1
0
0
0
0
0
0
0
0
0
0
0
0
-1
0
-1
-2
0
0
0
-1
-1
0
-2
0
1
1
1
2
2
0
0
0
0
0
1
0
-2
0
-2
1
1
0
1
1
0
0
2
0
-2
1
1
1
0
1
0
0
1
0
0
0
0
0
-1
0
-1
-1
0
0
1
0
0
0
1
0
-1
0
1
1
0
1
0
0
0
0
0
-2
0
1
-2
0
1
0
-1
-1
1
1
0
0
0
0
0
0
0
0
0
0
1
0
0
0
-1
-1
0
0
0
0
0
1
0
0
1
0
0
1
0
1
1
1
0
0
-1
-1
0
1
0
0
0
0
-2
-2
-1
0
0
0
0
0
0
1
-1
-1
0
-1
2
1
0
0
0
1
0
0
0
0
0
0
1
0
0
-1
0
0
-1
0
0
0
0
1
1
1
1
0
-1
0
1
1
2
1
0
0
0
0
-2
-1
0
-1
-1
-2
0
2
0
-1
0
0
-2
-1
1
0
0
1
0
1
1
1
0
0
0
0
0
-1
0
0
0
0
0
0
2
0
0
0
-1
-1
-2
-2
0
0
0
0
0
1
0
-1
2
-1
-1
0
0
4
-1
0
0
0
0
0
0
0
-1
1
1
0
1
0
0
1
0
0
0
0
0
0
0
0
0
-2
0
1
-2
1
0
0
2
0
1
1
0
0
0
0
0
-1
-1
0
0
0
0
0
-1
0
1
0
0
0
0
1
0
0
1
0
0
1
-1
0
2
-1
0
-2
-2
0
0
0
1
0
0
0
0
-1
0
1
0
1
3
1
0
1
0
0
0
0
1
0
-1
0
-1
0
0
-2
-2
-4
-2
-1
0
0
0
0
-1
2
2
1
3
3
3
0
0
1
-1
0
0
1
1
2
3
0
0
1
-2
-1
-2
-2
-2
-2
0
0
2
1
1
0
0
2
1
0
1
-1
-2
0
0
0
0
1
1
2
0
-1
0
0
-1
0
-1
-2
0
0
1
0
-1
-2
-1
0
-2
-1
-2
0
1
0
3
0
-1
0
0
0
0
0
0
1
1
1
1
0
-1
0
1
0
0
0
0
0
0
0
-1
-2
0
0
0
0
0
-1
0
1
1
1
0
0
0
2
0
0
0
-1
0
0
0
0
1
0
0
0
1
0
0
0
-1
0
-1
0
0
-2
0
0
-1
0
-1
0
1
0
0
-2
0
0
1
0
0
-1
0
2
0
0
0
0
1
1
2
1
0
-1
0
0
1
1
0
0
0
0
0
0
-1
-1
0
0
-1
-1
-1
-2
0
-1
0
0
0
0
0
0
0
0
0
1
1
0
0
1
0
0
1
0
1
1
1
1
1
0
-3
0
1
0
0
-1
0
0
0
0
-1
-2
0
-1
0
1
0
0
-1
0
0
0
2
0
-1
0
0
0
0
0
0
0
2
1
0
0
1
0
0
0
0
1
0
-1
0
0
0
-1
0
0
0
0
0
-2
-1
-2
0
0
-1
1
3
0
1
2
0
0
0
-1
0
1
1
-1
0
0
0
1
2
2
0
0
-1
-1
0
0
0
0
0
1
0
0
1
0
-1
-1
-1
0
0
0
1
0
0
0
0
-1
0
0
0
1
1
0
0
-1
-1
1
0
0
0
0
-1
0
0
0
0
2
0
-1
-1
0
-1
0
1
1
2
2
0
-1
0
0
0
1
0
0
0
0
-1
0
0
-2
0
0
0
1
-1
0
-1
-1
0
1
2
0
0
0
0
0
0
2
0
0
0
0
0
0
-2
0
-2
-3
0
0
-2
0
-2
0
0
-1
0
-1
0
0
0
4
1
0
1
1
3
4
0
0
0
1
0
0
1
0
0
0
0
-1
0
0
-1
0
-4
-4
-3
-2
1
0
0
0
-3
0
1
0
1
0
0
0
2
0
0
0
-1
0
0
0
1
0
1
1
0
1
0
0
0
1
0
-2
-1
0
0
2
1
-1
0
0
0
1
0
-1
-1
-2
0
0
1
3
0
2
0
-1
-2
-2
0
0
-1
0
0
0
1
1
0
2
0
-1
1
0
0
1
-1
0
1
0
1
2
1
0
-2
0
1
0
-2
-1
0
-2
0
0
0
0
-2
-1
0
-1
0
0
1
1
3
0
0
1
1
1
0
0
0
0
-1
1
1
-1
0
0
0
1
0
0
1
0
0
-2
-4
-2
0
0
0
0
0
1
1
0
0
1
1
0
2
0
0
0
0
-1
-2
-1
0
0
0
-1
0
0
0
1
0
1
2
1
2
1
2
1
0
0
0
-3
-2
0
-1
-1
-1
-1
0
0
0
-1
0
1
0
0
1
0
1
0
0
1
0
1
3
0
1
2
0
0
0
0
1
0
-2
-1
0
-2
0
0
-1
0
0
-1
1
1
0
0
0
1
0
0
1
1
0
0
0
0
-1
0
-4
-1
1
-2
-1
1
-1
0
2
0
1
1
0
-1
0
0
0
0
0
0
0
0
0
0
2
0
-2
0
0
-1
0
0
0
2
2
1
0
0
1
0
0
0
1
1
0
0
0
0
-1
0
0
0
-3
-1
0
0
1
0
0
0
0
1
0
-1
0
-1
0
1
0
0
0
0
-1
0
0
-1
1
0
0
0
0
0
0
0
2
1
0
1
1
0
0
0
-2
-2
0
0
1
0
-1
0
-3
1
0
-2
0
0
1
2
0
-1
-1
0
0
1
1
0
0
1
0
0
0
0
2
2
2
0
-2
-1
-1
0
-1
0
0
2
1
0
0
-2
-1
0
0
0
0
-1
0
3
0
0
0
-1
0
0
0
0
1
0
0
0
-1
-1
-1
-1
0
0
0
-1
0
1
0
0
2
1
0
1
0
0
-1
-1
-1
0
0
0
0
0
0
-1
0
0
-1
1
1
2
3
0
0
0
0
0
0
1
0
-1
-4
-2
-2
0
1
0
1
0
-1
0
0
0
-4
0
0
0
0
1
2
0
-1
0
3
1
0
2
1
-2
-3
0
1
1
-1
0
1
0
0
0
0
0
-1
0
0
-1
0
0
0
0
0
-2
0
0
0
0
0
0
0
1
0
0
0
-2
-1
-2
0
2
2
1
1
0
0
0
0
0
1
0
-1
0
1
0
0
-1
-2
0
1
1
-1
0
1
0
-1
-3
0
3
2
1
0
0
-1
-2
0
0
2
0
-1
0
1
2
1
1
0
-1
0
0
-1
0
0
-1
-1
-1
-1
-1
-1
-1
-1
-1
0
0
0
-1
1
2
1
0
0
0
0
3
2
1
0
0
0
0
1
2
1
0
0
1
0
0
0
0
0
-1
0
0
-1
-1
-1
-1
0
0
0
0
0
0
0
0
1
0
0
1
0
0
0
1
0
0
0
1
0
0
0
0
-1
-1
-1
0
1
0
0
-2
-1
-1
-2
0
0
0
0
0
1
1
0
1
0
-2
-1
0
1
0
0
1
0
0
0
0
0
0
0
0
0
2
3
2
0
1
1
0
1
0
-1
-3
-1
0
-2
0
-1
-4
-2
0
-2
-1
-1
-6
-4
-2
-1
0
0
0
0
1
2
2
2
2
0
4
4
3
4
2
1
4
1
2
4
2
1
4
2
1
2
0
-3
-1
0
-1
1
0
0
-3
-3
-6
-4
-3
-4
-5
-4
-5
-4
-4
-5
-4
-4
-3
0
0
-1
-1
-1
0
0
0
3
4
4
4
6
4
3
5
5
4
3
4
4
5
0
0
3
2
0
0
-1
-1
0
-2
-3
-2
-5
-3
0
-2
-3
-2
-1
-2
-3
-5
-1
0
-1
-1
1
0
1
2
0
0
2
2
2
3
4
0
1
1
1
2
0
-1
-2
0
0
3
2
0
-1
-1
-2
-1
0
-1
-1
0
-2
-1
-2
-3
-1
0
-2
-1
-2
0
1
1
2
2
0
1
0
0
0
1
2
2
2
2
0
0
0
0
0
1
1
2
1
-3
0
1
-1
-2
-2
0
-1
-2
-3
-2
1
0
-2
0
0
-1
0
0
0
1
0
0
0
2
1
0
3
1
-2
-1
0
-1
0
0
0
1
1
3
2
0
2
0
-1
1
-1
1
1
0
-1
0
0
0
-3
-1
1
-1
-1
0
0
0
1
-3
-2
0
0
0
2
1
1
1
1
0
0
0
-1
0
2
0
-2
-2
0
0
1
0
0
0
-1
1
-1
-1
0
-2
0
2
0
3
3
0
0
-1
-2
1
4
1
1
0
-2
-3
-2
2
6
5
1
-7
-11
-5
2
8
9
7
0
-13
-15
-8
4
15
16
4
-8
-15
-12
-2
9
13
10
-1
-11
-13
-9
1
11
11
8
0
-6
-9
-6
-1
4
6
6
3
0
-5
-4
-3
0
4
6
6
1
-4
-7
-5
-3
3
5
6
2
-4
-7
-7
-2
3
7
4
1
-3
-6
-3
0
4
2
0
-1
0
0
0
5
0
-1
-3
0
6
3
1
-4
-3
0
-1
2
3
4
0
-5
-4
0
2
1
-1
1
2
0
-3
-2
0
0
3
3
0
-2
-3
-2
0
0
3
4
0
-2
-1
0
-1
0
1
0
-4
0
0
2
2
1
0
0
0
0
2
2
0
1
-2
-2
0
0
2
1
0
-4
-4
-2
0
0
3
1
-1
-1
-2
0
0
1
3
0
1
-1
0
0
0
2
1
0
0
0
-1
0
-2
-1
2
-1
0
2
1
1
0
0
0
0
0
0
-1
0
0
0
1
0
1
0
-1
-1
1
0
1
2
0
0
1
0
-1
-1
-1
0
0
0
1
1
0
-2
0
0
-1
0
0
-1
0
0
0
0
0
1
1
0
0
0
0
0
0
1
0
0
0
0
-1
-1
0
-2
0
-2
-1
1
-1
0
0
1
0
0
0
0
0
0
1
0
1
3
2
0
0
0
0
0
0
0
0
-1
0
0
0
0
-1
0
1
0
0
1
0
0
0
-1
0
-1
0
0
0
0
0
0
0
-1
-1
0
-2
0
2
0
0
0
1
0
0
2
1
1
3
2
0
0
2
0
-2
0
0
0
-3
-1
0
-1
-1
-1
-1
0
0
-1
-1
0
0
1
0
1
1
0
0
-1
-1
0
1
1
1
-1
0
0
0
-1
0
-1
0
3
0
-2
0
1
0
1
-2
-1
1
1
0
-1
1
1
0
2
0
-1
0
0
-1
1
-1
-1
0
-1
-1
0
0
0
0
0
0
1
0
0
-1
1
0
0
0
-3
1
0
0
0
-1
0
0
0
0
0
0
1
0
0
0
-1
0
2
1
0
1
0
-1
2
0
-2
0
-1
0
-1
0
1
-1
0
0
0
0
0
0
-1
0
1
0
0
-1
-1
0
0
0
0
-1
-1
0
-1
0
1
0
2
0
0
1
0
0
-1
0
-1
0
0
0
0
0
0
0
0
-1
0
0
0
2
0
-1
-2
0
0
0
-2
0
0
-1
0
0
0
0
-1
0
-2
0
1
0
0
1
2
1
1
2
2
0
0
1
0
0
0
0
0
0
-1
0
0
0
-2
0
0
0
0
0
0
0
-1
-3
0
1
0
0
0
-1
2
0
-2
2
0
0
0
1
2
0
0
-1
-1
0
0
0
0
-2
0
0
-1
0
2
1
0
1
2
0
-2
0
1
0
-1
0
0
0
0
0
0
0
-2
-1
0
0
0
1
0
0
1
0
-2
0
1
0
-1
-1
-1
-1
1
1
0
0
-1
-2
0
0
0
0
0
0
0
0
0
-2
-3
1
0
0
0
0
0
-1
2
1
0
1
2
1
0
-1
1
1
-1
-1
1
0
-2
-1
1
2
-1
0
1
1
0
1
-2
-1
0
0
0
0
0
0
0
-1
0
1
0
0
0
0
0
0
-1
0
0
0
1
0
0
0
0
0
-1
-1
0
0
0
0
-1
-1
2
0
0
0
0
1
0
-1
0
-1
0
0
-1
-1
-1
0
0
0
2
1
2
1
1
1
-1
0
0
-1
0
-2
0
0
-1
-2
0
0
0
1
0
0
0
-1
0
-1
-3
-1
0
1
2
0
0
0
0
1
1
1
1
0
0
-2
0
0
0
0
0
0
0
0
-3
-2
0
0
-2
-2
-1
-1
2
1
2
0
0
1
2
3
2
0
0
-1
0
0
0
0
1
2
0
0
0
0
-1
-1
0
0
-1
-1
-1
-2
0
0
0
0
0
1
1
0
1
2
1
1
1
-2
-2
3
-1
-2
0
0
-1
-2
0
0
-1
1
3
2
0
0
1
0
0
0
0
0
1
3
2
0
2
2
1
0
0
0
-3
-2
-1
-3
0
1
0
0
2
1
0
0
0
0
0
0
-2
0
2
1
0
0
0
1
1
0
-1
-1
0
0
0
0
0
-1
0
0
0
0
0
-1
-1
0
0
-2
-1
1
0
1
0
0
0
1
0
-2
0
1
0
0
0
1
1
1
1
1
1
0
0
0
0
1
0
0
0
-1
0
0
-2
-1
0
0
-1
-1
0
0
-1
-1
0
0
0
0
0
0
2
-1
0
0
0
-1
0
0
1
1
0
0
0
0
0
0
2
0
0
0
0
-1
0
-2
1
0
-1
0
0
-1
0
0
0
-1
0
0
0
0
-1
0
0
0
0
1
1
1
1
1
1
0
2
2
1
2
0
0
0
0
-2
0
0
-3
-1
0
-3
-1
-1
0
1
0
-2
-2
0
1
-1
0
0
0
0
-1
0
0
1
1
0
1
-1
0
1
-1
2
2
-3
1
0
-2
6
0
1
3
-2
3
1
-1
3
-2
-6
1
6
-4
-3
11
-20
-2
36
-29
-12
38
-32
-3
30
-39
10
24
-38
22
16
-32
25
0
-22
34
-9
-28
31
-1
-22
19
2
-14
13
4
-17
7
18
-16
-1
10
-18
6
8
-19
11
7
-17
0
6
0
0
-3
-2
6
0
-9
7
7
-7
5
2
-4
-2
-2
4
-7
3
20
-25
1
37
-30
-6
31
-24
0
14
-26
13
10
-22
11
3
-11
9
-6
-4
10
-5
-1
3
-4
0
2
0
3
2
-3
1
2
-1
2
-3
-2
5
-4
0
6
-4
1
4
-5
0
1
-5
3
4
-6
1
1
-4
2
-1
-4
2
-2
-1
4
-5
2
0
-7
8
0
-12
10
2
-8
5
-1
-1
7
-1
1
6
-2
0
2
0
0
0
3
-1
-5
3
0
-3
4
2
0
2
0
0
0
-2
-5
-4
-2
-6
-4
0
0
0
3
3
0
2
2
1
3
1
1
3
0
-1
1
0
-2
-2
-1
0
-2
-5
-4
-2
0
-4
-3
2
0
-1
1
2
2
3
5
5
4
2
0
0
0
0
0
2
1
0
-1
-5
-2
-3
-3
-1
-2
0
0
1
0
0
0
-4
-1
0
0
0
0
3
1
0
2
0
-1
2
2
-1
0
1
-1
0
0
0
0
0
0
-1
-2
-1
0
1
0
-1
-2
0
-1
0
0
2
0
0
1
0
0
-1
1
0
-2
0
0
0
0
0
0
1
2
1
0
0
0
0
0
0
0
0
1
0
0
-1
-1
0
0
-1
1
0
0
-1
0
1
0
0
0
0
0
0
0
0
-1
-1
0
-1
0
0
0
0
0
1
0
0
0
0
0
-1
-1
0
0
1
0
0
0
1
1
0
1
0
0
0
0
1
0
0
0
-1
0
0
-2
-1
-1
-1
2
0
-2
0
1
0
0
0
0
0
0
-2
0
0
1
0
0
0
0
0
0
0
1
2
1
0
1
2
0
0
0
0
0
-1
-1
0
0
-2
0
-1
-2
-1
-1
-2
0
0
0
0
0
0
1
1
2
1
1
2
1
0
1
2
1
1
0
0
0
-2
-1
-1
-2
-1
-1
-1
-2
0
0
-1
0
1
1
0
0
-2
0
-2
2
2
0
3
4
0
0
1
-1
0
1
0
0
0
0
0
0
-2
-2
0
0
0
0
-2
-1
1
0
0
1
0
1
2
0
1
-1
-1
0
0
1
0
0
1
-1
-3
0
-2
-2
0
0
0
0
0
0
0
0
0
0
0
2
0
1
0
0
1
1
0
-1
0
0
-1
0
-1
-1
0
0
0
-1
0
1
2
0
1
3
2
1
0
0
-1
-1
2
0
0
0
0
-1
-3
-2
-1
0
0
0
-1
-2
-2
0
1
-2
0
0
0
2
2
2
1
2
1
1
-1
0
0
0
0
-4
-1
0
0
-1
0
-1
0
1
1
1
0
1
0
0
-2
0
3
0
0
-1
-1
0
0
-1
-1
0
-1
0
2
-1
3
4
0
2
0
1
0
-1
-1
-2
1
2
0
1
-1
0
0
0
1
1
-1
-1
0
-2
0
-2
0
2
-1
0
0
0
3
3
0
3
0
-2
-2
-5
0
0
-3
0
0
0
-1
0
0
0
1
2
1
2
1
2
1
0
0
1
3
1
0
-1
-2
-1
0
-1
0
0
-1
-2
-2
-1
0
0
0
0
0
0
0
0
0
1
1
2
0
1
0
-1
1
0
0
0
-1
-2
0
-1
0
1
0
-1
-2
0
0
0
0
1
1
0
0
0
-1
0
1
0
0
-1
0
0
0
0
0
0
0
0
0
0
1
0
-1
0
2
0
1
0
-1
0
1
1
0
0
0
0
0
0
0
0
-1
0
0
1
0
-1
-1
0
1
0
-1
1
0
0
0
0
0
-1
1
0
-1
-1
0
1
0
0
0
1
1
-1
0
0
1
0
-1
1
0
0
0
0
0
0
0
-3
0
3
0
0
1
0
0
1
1
0
0
0
1
0
0
0
0
0
0
0
0
-1
-1
-1
-1
-4
-2
-2
-2
-1
-1
-1
0
0
0
-1
0
1
1
1
1
4
2
2
1
2
2
0
3
0
0
1
0
1
0
-1
0
0
-1
-1
-1
0
0
0
0
0
0
-1
0
0
-1
-3
0
-2
-2
-1
1
0
-1
0
0
-2
0
2
-1
1
2
0
0
1
1
0
0
2
2
2
0
0
1
0
0
1
0
0
-1
-3
0
0
-1
0
0
-2
-3
-3
0
1
1
1
0
0
0
0
-2
-2
1
1
0
2
0
0
-1
0
1
2
0
0
0
-1
-1
-1
0
-1
0
1
0
0
0
0
1
0
0
0
0
2
0
0
3
-1
0
0
-2
-1
0
0
-1
0
0
-1
-1
-2
-1
0
0
1
1
0
-2
-1
0
0
0
0
2
0
0
0
0
0
0
1
0
0
1
0
1
0
-1
0
0
0
0
0
1
-1
0
0
0
-1
0
0
0
0
-2
-1
0
1
0
0
-1
0
0
0
1
-1
-1
1
-1
-1
0
0
0
0
3
1
0
0
3
3
1
0
1
1
0
0
-1
-1
-1
-2
-2
0
0
-2
0
0
0
-1
-2
-1
0
0
0
1
1
0
0
0
0
-1
0
0
0
0
0
1
2
0
-1
0
0
-1
1
1
0
1
0
1
-1
-1
0
0
-1
0
0
0
-2
0
-1
-1
-1
0
3
0
-1
2
0
-1
-1
0
0
0
1
1
3
1
0
1
0
0
1
0
-1
0
1
0
-1
-1
0
-1
0
0
-1
0
-1
-3
0
0
-1
-2
0
1
0
1
0
0
1
1
2
2
2
1
0
-1
0
0
0
0
1
-1
0
0
0
-1
0
0
-1
0
-1
-2
0
0
0
-2
0
3
1
0
-2
0
0
0
0
0
1
0
1
0
0
0
1
0
3
1
0
0
1
0
-2
-2
-1
-3
-1
1
0
0
0
2
1
0
0
0
-1
-1
-4
-2
1
0
0
0
-1
0
1
1
0
3
1
-1
0
-1
-1
2
0
0
-1
1
2
0
0
0
0
1
2
-1
-2
0
1
1
-1
-1
0
0
2
1
0
0
1
0
0
1
0
0
0
-1
-1
0
0
-2
-2
0
0
0
0
-2
-2
0
1
1
2
1
0
0
0
1
-2
0
1
0
-2
0
0
0
0
0
2
0
1
-2
0
0
0
1
1
-1
0
-1
0
-1
-3
0
0
0
3
0
0
0
0
0
1
0
1
2
0
1
0
0
-1
-2
0
0
2
2
0
0
-2
-1
0
0
0
0
1
-1
-2
0
-1
-1
-2
0
2
0
1
0
0
-1
-2
1
1
0
0
0
-1
0
0
1
1
0
1
0
0
2
2
-2
0
2
0
0
-1
-1
0
-2
0
0
0
0
0
0
0
-1
0
1
-1
-1
-1
-1
0
2
1
0
-1
0
0
-1
0
0
-1
0
-1
-4
0
2
0
-2
0
2
-2
0
1
0
0
0
1
3
1
-1
1
1
0
0
-1
0
0
0
0
1
-1
0
1
-3
0
2
0
0
0
0
1
1
0
2
2
0
0
0
0
-3
-1
0
0
-1
0
-2
-2
0
0
0
0
0
0
0
0
0
1
1
0
1
1
0
0
1
0
1
1
0
0
0
-1
0
0
-2
0
1
-1
0
1
1
1
0
-2
-1
0
0
0
0
0
-2
0
1
-1
-1
1
0
0
-1
-1
0
0
-1
1
3
0
0
1
2
1
2
2
2
2
0
-2
0
1
1
0
-1
-1
0
-1
-1
0
-2
-3
0
0
-1
0
0
-1
0
0
0
0
-1
0
2
0
1
0
3
0
0
0
0
1
0
0
1
0
-2
-2
-1
0
-2
-3
0
0
0
0
0
0
1
-2
0
0
0
2
0
2
2
0
0
0
0
-1
0
-1
-1
2
1
0
2
0
-2
-1
0
0
0
0
-2
0
0
-1
0
0
0
0
0
1
0
0
0
0
0
0
-2
-1
-2
0
3
1
0
1
0
-1
1
1
-1
0
1
0
0
-1
0
0
0
0
0
1
1
2
0
1
-1
-2
0
0
-2
-3
-1
0
0
0
0
2
3
0
0
1
0
0
0
-3
-1
0
-2
0
1
-1
0
2
2
2
0
1
2
0
-1
-1
0
0
-1
-1
0
2
0
1
1
0
2
0
-1
-1
0
0
-1
1
1
0
-1
-1
1
0
-1
0
1
-1
-3
0
0
1
1
0
0
-1
0
1
0
-1
-1
0
0
1
1
-1
0
1
0
0
1
1
-1
-2
1
0
-2
-2
-1
0
1
0
0
0
0
0
1
-1
0
0
0
3
0
0
2
0
1
1
0
-2
0
0
0
0
-2
-1
0
-3
-1
0
-1
-1
1
-1
0
1
0
1
1
0
2
1
1
2
2
4
0
-1
0
-1
-1
0
-1
0
0
0
-1
0
-2
-4
1
0
-2
0
0
0
1
0
1
1
3
2
-1
1
0
0
0
0
0
-1
0
0
-1
-1
-1
-2
-1
0
-1
0
0
0
0
0
-1
2
0
0
0
0
0
0
1
2
-1
0
2
0
0
0
0
0
0
0
0
0
-1
0
1
0
1
-1
2
1
0
-1
0
0
-1
-4
0
2
-1
-1
0
-1
-3
0
0
-1
0
0
0
-1
0
1
0
0
3
1
-2
1
2
0
0
0
-1
0
1
3
0
-1
-2
0
1
-1
0
0
0
0
-1
0
3
0
0
3
0
-2
0
-1
-2
0
-1
-2
0
0
-2
-2
0
0
0
0
0
1
0
0
0
0
0
0
0
0
3
0
0
1
0
0
1
0
0
0
0
1
0
0
0
0
-1
-1
1
0
0
2
0
-2
1
0
4
0
-2
0
-1
-1
1
-2
-3
0
1
1
-1
-3
-2
3
2
0
0
2
0
-1
0
0
0
0
1
-1
-1
2
2
0
0
2
0
0
0
0
0
-1
-1
1
0
-1
0
0
0
-1
-3
-1
1
-1
-3
-1
-1
0
1
0
1
-1
-1
2
0
0
0
2
2
0
1
2
1
1
0
0
0
-1
-1
0
1
-2
1
4
-1
-4
-3
0
0
0
0
-1
0
1
1
-1
0
0
0
0
0
0
0
1
-1
-1
0
0
0
1
0
-1
0
0
-1
1
3
0
1
1
1
0
-1
0
-1
-2
0
0
0
0
1
0
1
0
-1
0
0
0
-2
1
0
-1
1
0
0
1
0
0
-2
0
2
0
-1
0
0
1
0
-1
1
0
0
-2
0
1
0
1
-1
-1
1
0
0
0
0
2
0
0
1
-1
0
0
-1
-1
-2
-1
-1
0
0
0
1
2
0
0
2
1
2
1
2
0
-1
0
-1
0
0
-1
-1
1
0
-1
0
-2
-1
-1
-3
0
5
-2
0
1
0
2
-1
0
2
1
0
1
0
0
1
-5
0
4
0
-1
0
1
0
0
1
-3
-1
5
-3
0
11
-7
-4
23
-26
7
31
-57
35
13
-55
47
-9
-26
37
-20
-1
16
-18
7
2
-6
2
9
-9
-4
22
-23
1
19
-20
11
4
-6
7
-12
7
-1
-10
14
-12
-5
12
-10
0
5
-3
0
1
2
0
2
2
-1
4
0
6
4
-7
8
-4
-7
12
-6
0
5
-7
7
-13
0
8
-21
13
0
-14
12
-6
-2
6
-4
5
2
-8
7
0
-6
6
0
-4
7
-4
-1
7
-5
4
3
-4
5
2
-4
3
1
-4
0
-2
-1
-1
-4
3
-1
-1
2
-3
-2
1
0
-3
1
2
-3
1
2
-3
2
2
2
3
2
0
2
1
-4
7
-1
-6
6
-5
-3
2
-3
0
-2
-1
0
-6
2
-2
-2
4
-1
1
3
1
0
4
0
0
1
0
0
2
-3
0
1
-1
-2
0
0
-2
1
1
0
-1
0
0
-1
1
0
0
0
2
0
-1
2
0
0
1
0
0
-1
-1
-1
-1
-1
0
-1
0
0
0
0
0
0
1
0
0
-1
0
2
1
1
2
0
0
0
0
-1
2
2
-2
0
2
-3
-2
1
-1
-2
1
2
-1
-1
0
0
0
1
2
0
1
0
-1
0
-2
-2
0
-1
-1
0
0
0
0
0
-2
0
2
0
3
3
2
0
-1
1
2
-1
0
1
0
-1
1
-1
-3
0
0
-1
-1
0
0
0
0
-1
0
0
-1
1
2
0
0
2
-1
0
0
0
-2
0
0
-2
-1
0
0
0
0
0
1
1
1
-2
-1
1
4
1
0
1
1
0
0
0
0
0
0
-1
0
0
1
0
-1
-1
2
0
-1
-1
0
-1
0
0
0
-1
0
1
1
0
0
1
1
0
0
1
0
0
0
0
0
1
0
0
0
0
-2
0
0
-1
0
0
0
0
0
0
0
0
0
0
0
-3
0
1
0
0
0
0
-1
-1
0
0
0
-1
1
0
-3
-1
0
0
0
2
1
-1
1
2
0
-1
-1
-1
0
0
-2
0
2
3
0
0
3
2
0
3
3
-2
0
2
-3
-2
0
0
-2
-2
0
-2
0
0
0
2
2
1
4
0
0
-3
0
0
-1
2
1
-1
-3
5
1
-3
3
-3
0
0
-6
3
0
-2
2
0
0
1
-4
-2
2
0
1
4
0
-2
1
-1
0
-1
-4
2
-1
0
2
0
0
1
-2
1
2
0
0
0
4
-1
0
0
0
0
-2
3
1
-2
-1
-2
-3
0
0
-2
-2
0
0
-1
3
0
-1
2
0
0
3
1
2
0
0
2
0
1
0
0
1
-1
-1
-2
-2
0
-1
0
0
-2
0
1
0
0
0
1
0
2
2
-1
0
1
-1
2
0
-1
-1
-2
0
0
0
1
0
0
0
-2
-1
0
0
0
0
0
2
0
-1
1
0
2
2
1
-1
-1
0
2
0
-2
1
-1
0
0
-2
-3
1
0
-2
0
0
0
-1
0
-1
1
2
1
1
-2
0
2
0
-1
1
0
0
1
0
-1
1
1
0
0
0
0
0
0
0
0
1
2
0
0
0
0
0
0
-1
-2
-1
-1
1
-1
-1
0
0
2
0
0
2
0
-1
0
2
0
1
2
-2
0
1
-1
0
0
-1
0
3
0
-2
1
0
1
1
-3
3
-3
-5
3
-1
0
0
0
2
2
0
-1
0
0
0
0
-1
-1
1
0
-1
0
0
-1
1
4
1
0
3
0
0
0
0
1
-1
-3
-1
1
-1
-3
0
0
2
0
0
3
0
0
1
0
-2
-1
-1
0
0
-1
-1
-1
2
3
-1
0
1
1
1
2
1
0
-1
0
1
0
0
-2
-1
0
0
-1
-1
-1
0
0
0
0
2
1
0
0
0
-1
-2
-1
0
-2
0
1
1
0
0
-1
0
1
0
-1
0
1
1
1
0
0
-1
0
-2
0
-1
-1
1
3
1
-1
0
-1
0
0
0
1
1
1
0
0
0
0
1
0
0
-1
0
0
-3
0
2
0
1
0
0
1
0
0
0
-1
-1
-2
-1
0
0
1
1
1
1
0
-1
0
0
0
-1
0
0
1
0
-1
0
0
-1
0
3
2
0
4
3
1
0
0
-1
-2
-3
-3
0
-1
0
0
1
0
-1
0
1
-1
-1
0
0
1
0
1
1
-2
1
0
0
0
0
0
-2
-3
0
-1
0
1
1
1
0
0
0
-1
0
1
-1
0
0
-1
1
0
0
0
-2
0
2
1
-1
-2
0
0
0
-1
1
0
0
0
1
0
0
0
0
0
-1
-1
0
0
0
0
0
0
2
0
3
1
-2
0
0
0
0
0
0
0
0
0
0
0
3
0
1
0
-2
0
0
1
0
0
0
0
0
-1
1
1
-2
-1
-1
-4
-2
-2
-4
-1
-2
0
0
0
1
2
0
0
1
1
-1
0
1
1
5
3
2
2
4
3
2
3
0
0
0
1
-1
-2
-1
-4
-1
-3
-5
-2
2
0
-4
0
3
1
0
0
0
0
1
-1
-2
-1
-1
-1
1
0
-2
0
0
0
1
2
1
3
1
1
0
1
4
0
0
0
-2
-2
-2
-1
-1
-1
1
0
0
1
0
0
0
-1
0
-1
0
0
-2
0
1
0
0
2
2
0
2
0
0
1
-1
-1
1
0
-2
-1
2
0
0
0
2
3
1
-1
0
0
-1
-1
-1
1
1
-1
0
1
0
-2
0
0
0
-1
-1
0
-2
-1
0
0
3
2
1
1
0
0
0
2
0
0
0
-1
0
0
0
0
3
2
0
0
0
-2
-2
-1
-4
-3
-1
-2
-3
-2
0
0
2
1
0
2
1
1
2
3
2
2
2
0
0
0
0
2
1
-3
-3
-1
-3
-2
0
-2
-2
-1
-1
-3
0
1
1
2
0
0
-1
-1
1
1
1
2
0
0
1
0
0
1
0
0
0
-1
0
0
3
1
0
2
0
-1
0
0
2
2
-1
0
0
0
-1
-1
0
-2
-1
-1
-2
-1
-3
-1
1
0
0
0
0
-1
0
-1
0
3
0
0
1
0
0
2
3
1
3
2
-2
-2
0
-1
0
0
-2
-2
-1
-1
-3
-4
-3
-3
1
0
0
2
1
0
2
1
0
2
3
1
0
2
1
2
0
2
1
0
1
0
-3
-3
0
-1
0
0
0
0
-1
0
-1
0
-1
-1
-1
-1
0
-1
-1
0
-1
-1
3
2
1
2
3
1
1
1
0
0
0
1
0
0
-1
-1
-1
-1
-1
0
-3
0
0
-2
0
-3
0
1
-1
0
1
3
2
0
2
3
2
0
-1
0
0
-1
-2
0
0
1
0
-2
-1
0
0
1
0
-1
0
0
0
1
0
1
0
1
0
-1
0
2
0
0
2
2
0
-1
-1
-3
-4
-1
-3
-5
-1
0
-1
-1
0
0
0
1
1
1
0
2
1
1
4
4
3
2
0
0
2
0
0
-1
0
0
0
-1
2
0
-6
-1
0
-3
-3
1
0
0
-1
1
1
1
2
0
0
0
-1
-2
3
2
-2
0
-2
0
-1
-1
0
0
0
-1
0
2
0
0
3
1
0
3
0
-1
1
0
0
1
0
0
0
1
1
0
1
0
0
-1
0
0
-2
0
-1
-2
-2
0
0
0
0
-1
-3
0
1
-1
0
-1
1
0
0
0
0
0
-2
0
1
0
1
1
1
0
0
-1
0
2
1
-2
0
3
1
0
-1
0
0
2
0
-2
0
-1
0
0
-1
1
-1
0
0
-1
-3
-1
2
0
-2
0
1
1
0
-1
-1
1
0
-3
1
0
-1
1
1
0
0
0
1
4
-1
0
0
-1
0
-1
2
1
0
2
1
0
0
0
-1
0
-1
-1
0
-2
-1
2
0
0
0
1
0
-1
0
0
0
-2
0
0
-3
-1
0
-1
0
0
0
3
3
0
3
1
1
2
0
-1
0
-1
-2
0
0
-2
-2
-2
-1
0
-1
0
-1
-2
0
1
0
0
0
0
2
0
1
1
0
0
0
0
0
0
1
0
0
-1
-2
1
1
2
0
-2
0
0
2
1
1
-2
-1
0
1
0
0
0
0
0
-1
-1
-1
-2
0
0
-1
-2
-1
0
0
0
-2
-1
1
1
1
0
1
0
0
2
1
0
0
0
1
2
0
0
1
0
0
-3
-1
0
0
0
-2
-1
1
2
0
0
0
0
0
0
0
2
1
0
0
0
0
0
-1
1
0
0
-1
0
-2
0
0
-1
-1
0
1
-2
-1
0
0
1
0
0
1
0
-1
-1
0
0
0
0
2
0
1
2
1
0
2
0
0
1
1
0
0
0
1
0
0
0
0
-1
-2
-1
-1
-4
-1
-1
-3
-1
-1
-1
0
-1
0
3
0
0
1
1
0
0
0
0
1
0
1
0
0
2
0
0
3
0
0
0
0
1
0
0
0
-1
-1
0
0
-1
-1
0
0
0
0
1
0
1
1
-2
-1
-1
-2
-1
0
0
0
0
-1
-5
0
1
-1
2
2
1
0
0
1
2
4
3
1
-1
1
2
0
1
0
-1
-3
0
0
-4
-3
-3
-2
-2
-5
-4
-1
-1
-1
0
0
1
2
1
2
0
2
5
2
3
1
1
1
4
2
-1
1
0
0
-1
0
-1
-1
-1
-3
-3
-1
-1
0
0
-2
-2
1
0
0
0
1
1
-1
0
1
0
0
2
0
-2
0
0
-1
0
0
-1
1
2
0
0
1
1
2
2
0
0
-1
0
0
0
0
0
0
0
0
-1
-2
-4
-1
0
0
0
0
0
0
0
0
1
0
0
0
2
1
2
1
-1
0
1
0
0
-1
0
-1
0
1
-1
0
0
0
-1
0
0
0
0
0
0
0
0
0
-1
0
2
0
0
1
0
-1
1
3
0
0
0
0
0
0
-1
0
0
-3
-1
-1
-2
0
1
0
0
0
0
0
1
0
1
0
0
0
0
0
-2
-1
0
0
0
0
0
3
1
0
0
0
0
0
0
-1
0
0
0
0
0
0
2
2
0
0
1
-1
1
0
0
0
0
-1
-2
0
2
0
0
0
0
0
-2
-3
0
1
0
0
0
0
0
-1
0
1
1
-1
1
1
0
0
0
0
-1
-1
0
0
1
0
1
1
0
0
1
1
0
0
0
-1
-1
-2
-1
-1
0
0
0
0
-1
0
0
0
0
0
0
0
0
0
0
0
-1
0
1
0
0
-1
0
-1
0
1
-1
-1
1
2
0
0
0
0
0
-1
0
0
0
0
0
2
1
0
0
0
0
-2
-1
0
-1
1
0
1
1
-1
-1
-1
0
0
0
2
1
-1
0
0
-1
0
0
-1
0
0
0
1
1
-1
-1
1
0
-1
1
1
0
0
3
1
0
1
0
-2
0
1
-2
0
2
0
2
0
2
0
-1
0
0
0
0
0
-2
1
0
-2
0
0
1
0
0
1
-1
-1
0
0
0
1
0
-1
-1
0
-1
0
0
0
0
1
0
-1
0
3
1
0
0
0
-1
0
0
0
0
1
0
0
3
-1
0
1
0
0
-1
0
1
0
0
-2
-3
-1
0
0
0
-2
-1
0
-1
0
-1
-2
0
1
0
0
0
3
1
2
0
0
2
2
1
0
1
2
0
1
2
0
