0
0
0
0
0
0
0
0
0
0
0
0
0
0
0
0
0
0
0
0
0
0
0
0
0
0
0
0
0
0
0
0
0
0
0
0
0
0
0
0
0
0
0
0
0
0
0
0
0
0
0
0
0
0
0
0
0
0
0
0
0
0
0
0
0
0
0
0
0
0
0
0
0
0
0
0
0
0
0
0
0
0
0
0
0
0
0
0
0
0
0
0
0
0
0
0
0
0
0
0
0
0
0
0
0
0
0
0
0
0
0
0
0
0
0
0
0
0
0
0
0
0
0
0
0
0
0
0
0
0
0
0
0
0
0
0
0
0
0
0
0
0
0
0
0
0
0
0
0
0
0
0
0
0
0
0
0
0
0
0
0
0
0
0
0
0
0
0
0
0
0
0
0
0
0
0
0
0
0
0
0
0
0
0
0
0
0
0
0
0
0
0
0
0
0
0
0
0
0
0
0
0
0
0
0
0
0
0
0
0
0
0
0
0
0
0
0
0
0
0
0
0
0
0
0
0
0
0
0
0
0
0
0
0
0
0
0
0
0
0
0
0
0
0
0
0
0
0
0
0
0
0
0
0
0
0
0
0
0
0
0
0
0
0
0
0
0
0
0
0
0
0
0
0
0
0
0
0
0
0
0
0
0
0
0
0
0
0
0
0
0
0
0
0
0
0
0
0
0
0
0
0
0
0
0
0
0
0
0
0
0
0
0
0
0
0
0
0
0
0
0
0
0
0
0
0
0
0
0
0
0
0
0
0
0
0
0
0
0
0
0
0
0
0
0
0
0
0
0
0
0
0
0
0
0
0
0
0
0
0
0
0
0
0
0
0
0
0
0
0
0
0
0
0
0
0
0
0
0
0
0
0
0
0
0
0
0
0
0
1
0
0
0
-1
-1
-1
-1
-1
-1
0
0
1
0
-1
0
0
0
0
0
0
0
0
2
2
0
2
0
0
3
-1
-1
0
0
0
0
0
0
2
2
-2
0
0
0
0
0
0
-1
-2
0
0
0
-1
0
2
0
0
1
2
1
0
-1
0
0
0
0
-1
0
1
0
0
0
2
1
0
0
0
0
-1
-1
-1
0
0
0
1
0
0
0
1
0
0
0
0
0
-2
-2
1
-1
-2
0
0
-2
0
0
0
1
1
0
0
0
0
0
0
0
1
1
1
0
0
-1
0
0
0
1
1
0
0
0
1
2
0
-1
-1
0
-1
-1
0
0
0
0
0
1
1
0
1
2
0
0
0
-2
-1
0
0
0
0
0
0
1
0
-1
0
-1
-1
0
1
0
0
0
0
0
0
1
0
2
1
0
0
0
0
0
0
0
0
1
-1
0
0
0
-1
-1
1
1
0
0
-1
-1
-1
-2
-2
1
0
1
2
1
-1
-1
0
0
0
-1
0
1
-1
0
0
1
0
1
0
0
0
-2
0
0
0
0
0
0
0
0
0
0
0
0
0
0
-1
-1
2
0
-1
0
0
0
0
-1
0
0
0
0
1
0
-2
0
1
0
0
0
0
0
0
0
0
0
0
0
1
0
-2
0
1
-1
0
0
0
0
0
1
1
0
-2
0
0
-1
0
0
0
1
1
0
-2
-1
1
1
0
0
-1
0
0
0
-1
-1
0
0
0
0
0
0
1
-1
-1
0
0
1
0
-2
1
2
0
0
0
0
0
0
1
0
0
0
0
2
0
0
0
0
1
1
0
0
0
0
0
0
0
-1
0
-1
0
0
-2
-2
-2
-1
0
-2
-1
0
0
0
0
0
0
0
1
0
1
0
0
1
1
1
2
2
0
0
0
0
1
1
0
0
0
0
0
0
0
0
0
0
-1
-1
0
0
0
-2
-2
0
1
0
0
-1
0
1
0
1
0
-2
1
1
0
0
0
0
-1
-1
0
0
0
0
0
0
0
0
0
0
2
0
2
1
0
1
0
0
0
0
0
0
-1
0
0
0
0
0
-2
-1
-2
0
1
-1
-1
0
0
1
1
0
-1
0
1
0
0
1
1
0
0
1
0
0
0
0
0
-1
0
0
0
-1
0
0
-2
-2
0
0
1
0
0
2
1
-1
-1
0
1
0
-1
0
0
0
2
0
0
1
0
0
0
0
0
0
1
1
0
0
-1
0
-1
0
1
0
-1
0
0
0
0
0
-1
0
0
0
0
0
0
1
1
0
-1
-1
1
0
0
1
0
1
0
-1
1
-1
0
0
0
0
0
-1
0
-1
0
-1
0
2
0
-2
0
0
0
0
0
0
0
0
0
0
0
0
2
0
0
-1
0
1
0
0
0
1
0
2
1
1
1
0
-1
0
0
0
0
0
0
-1
-1
0
1
0
-1
0
0
0
0
0
0
0
-1
0
0
0
1
0
1
0
1
2
0
0
0
0
0
0
-1
0
0
0
0
0
0
-1
-3
-1
0
1
-2
0
3
0
-1
0
-1
1
0
0
2
3
1
0
-1
0
0
-2
0
1
1
1
0
0
-1
0
3
1
-1
0
0
0
0
-1
-1
-1
-2
1
3
0
0
0
0
-1
-1
-2
1
-1
-1
0
0
0
-1
-1
0
0
0
0
0
-1
0
0
1
0
1
1
0
1
1
0
0
0
0
0
0
2
0
0
0
0
0
0
-2
-1
0
-2
-1
0
0
0
0
0
0
0
0
0
0
0
0
1
0
0
-1
-1
-1
-1
0
0
0
0
2
0
0
0
-1
0
2
0
0
0
0
-2
-1
0
1
0
0
0
1
0
0
0
0
1
1
0
0
-1
0
0
-1
-1
0
0
0
0
0
0
0
1
0
-1
-2
0
0
0
1
0
0
0
-1
-1
0
-1
0
2
0
0
0
-1
0
0
0
0
1
1
0
-2
0
2
2
0
0
1
1
0
-1
0
0
1
0
-1
0
0
0
0
-1
-1
-2
-2
0
-1
-2
-1
-2
-1
0
0
-1
0
0
-1
0
1
1
1
3
3
3
1
3
4
2
2
2
2
3
3
1
0
3
0
0
0
0
0
-1
-2
-1
-3
-3
-1
-1
-2
-2
-5
-3
-3
-4
-2
-2
-3
-1
-1
-1
-3
-3
-2
0
0
0
0
0
0
1
2
2
3
3
4
5
3
4
4
4
4
4
3
1
2
1
-1
-1
0
-1
-2
-2
-2
-1
-5
-3
-3
-4
-3
-3
-2
-1
-1
-1
-1
-2
0
-1
0
1
2
2
2
1
2
2
2
2
1
1
3
1
0
0
1
0
0
0
0
0
0
0
-2
0
0
0
-1
-3
0
-1
-2
-1
-1
-2
-1
-1
0
-1
-1
0
0
1
0
0
1
-1
1
1
1
2
2
1
0
3
1
0
0
0
0
0
0
0
-1
0
0
0
0
0
0
0
1
0
-2
-1
0
0
0
0
-1
-1
-1
0
1
0
0
0
0
0
-1
0
0
0
0
0
0
0
0
0
1
0
0
0
0
0
0
1
0
0
0
1
1
0
1
0
-1
1
0
-2
1
0
-1
0
0
0
0
0
-1
-1
0
0
0
0
0
-1
-1
1
0
-1
0
-1
-1
1
1
0
0
0
0
0
0
-1
0
1
1
1
0
0
1
0
-1
0
0
-1
0
0
0
0
-2
0
0
0
0
1
2
0
0
-1
-1
1
0
1
1
0
0
0
0
0
0
-1
0
0
0
0
0
0
1
0
0
0
-1
0
1
0
0
0
1
0
-1
0
0
-1
2
2
0
0
0
0
0
1
0
-2
0
0
0
-1
0
1
0
0
1
-1
0
2
0
-1
0
0
0
0
0
1
0
0
0
-1
0
0
0
0
0
0
0
0
1
0
0
0
-1
0
0
0
-1
0
0
0
2
1
-1
0
0
-1
0
0
-1
0
0
0
1
0
-1
0
1
0
0
0
-1
0
0
1
0
0
0
0
1
0
0
0
0
0
1
1
0
-1
0
0
2
2
0
0
-1
0
0
0
0
-1
0
0
0
0
0
-1
-1
0
0
0
0
0
-2
0
0
-1
0
0
0
1
1
0
0
0
3
0
0
2
2
2
0
1
0
0
0
0
0
0
0
0
-1
-2
0
0
0
0
-2
0
0
0
0
0
0
0
1
0
-1
-1
0
0
-1
-1
1
0
0
0
0
-2
0
0
1
0
0
0
0
3
0
0
0
0
1
0
0
2
0
2
0
0
2
0
-1
0
0
-1
1
1
0
0
-1
-1
0
-1
0
0
0
-1
0
0
-1
0
-1
0
0
0
1
0
0
0
0
1
0
-1
2
1
0
1
0
0
0
3
1
0
0
0
0
0
0
0
0
0
0
0
0
-2
0
-1
0
0
0
-1
0
0
-1
-1
-3
0
0
0
0
1
0
0
1
1
0
0
0
1
2
0
0
1
0
0
0
-1
1
0
0
0
1
0
0
-2
1
0
0
1
0
0
0
0
2
0
-1
-2
-1
1
0
0
0
-1
0
0
0
-1
-1
-1
0
0
0
0
-1
1
1
0
0
0
0
0
0
2
2
0
0
0
0
0
-1
0
0
0
1
0
0
-1
0
1
0
0
0
0
0
-1
-2
-1
0
0
1
1
0
0
-2
0
0
1
1
0
0
1
-1
-1
-1
0
0
1
0
0
0
-1
0
1
0
-1
0
1
1
1
0
-1
-1
0
1
0
0
0
0
0
0
0
1
0
0
0
0
0
-1
-1
0
0
0
-2
0
-2
-1
0
0
0
-2
-1
0
1
0
1
1
0
0
0
1
2
0
0
2
0
0
0
0
0
0
1
0
0
1
-1
0
-1
-1
0
-3
0
0
0
1
3
1
0
0
-2
0
0
-1
0
0
0
1
0
0
0
0
-4
-2
0
0
-2
0
2
0
-1
0
4
0
0
1
-1
3
-1
2
0
0
7
-7
2
-1
1
0
-3
1
-8
32
-69
50
17
-81
83
-47
0
25
-28
14
-1
-1
-1
2
4
0
0
11
-14
9
1
-26
35
-19
-8
25
-13
-5
17
-8
-7
22
-23
4
10
-12
9
-3
4
-7
5
9
-8
1
7
-3
-3
6
-12
9
-3
-9
16
-21
9
0
-11
5
-3
0
-1
-4
2
1
1
1
-4
4
4
0
2
2
-2
5
1
-3
7
1
-3
3
-1
-3
7
-7
1
4
-6
0
0
-1
-2
6
-5
-2
3
-5
3
-4
-1
3
-5
2
-1
0
4
-5
5
5
-5
4
0
-4
1
1
0
-1
2
0
-5
4
-2
1
4
-4
0
3
-1
-2
9
-2
0
4
-4
0
1
-1
-1
1
-1
-4
-1
-2
0
1
0
0
0
0
-2
0
3
0
1
-1
-1
-1
0
0
-1
1
-1
0
0
0
1
0
2
0
2
0
1
1
0
3
0
0
0
-1
0
0
0
-2
-1
-1
0
0
-1
2
1
0
0
-1
0
2
1
0
-1
0
0
0
0
0
1
-1
-1
0
0
0
0
0
2
0
0
0
-1
0
0
0
0
1
0
1
2
0
2
0
0
0
0
0
-1
0
0
-2
-1
0
-1
0
0
0
0
0
-2
-2
0
0
1
1
0
0
1
1
0
0
0
0
2
0
0
0
0
0
0
0
0
-2
0
1
0
0
-1
0
-1
0
1
0
-1
0
0
0
0
0
0
0
0
0
0
0
-2
-2
0
1
-1
-1
1
0
-1
-1
0
-2
0
1
1
0
0
1
0
0
-1
1
0
0
1
0
0
0
1
0
0
0
2
1
0
0
0
0
-1
2
2
0
-1
0
0
0
0
0
-1
0
1
0
0
0
0
0
-1
-2
-1
0
-1
0
1
1
0
0
0
0
0
-1
-1
0
0
0
0
0
0
1
2
2
0
0
0
0
0
0
0
1
0
-1
0
0
0
0
1
0
0
-1
1
2
0
0
0
-1
-1
-2
-2
0
0
-1
0
0
0
-2
0
0
0
1
1
0
1
2
0
2
2
1
0
0
0
-1
0
-1
-1
-1
0
0
0
-1
0
0
1
0
-1
0
2
1
1
1
0
0
1
2
1
0
0
0
-1
-2
0
-1
-2
0
0
-2
-1
0
-1
1
1
-3
1
4
-2
-3
2
12
-4
-8
11
0
0
-1
-5
6
0
-11
5
4
-1
-11
1
17
-36
2
43
-33
-2
12
-7
19
0
-1
3
-6
-18
6
8
-8
0
11
0
-16
15
-4
8
51
-194
176
131
-300
126
5
-15
69
-109
34
49
-23
14
-17
-23
26
10
-3
-25
25
-13
-69
147
-55
-117
105
27
-40
-37
12
16
51
-33
-59
26
27
14
-8
10
-52
16
36
-9
-27
-5
29
13
8
-70
40
43
-43
28
-31
-27
58
-17
-22
16
-35
45
23
-35
-11
-14
53
-5
-35
28
-34
13
32
-39
5
4
-14
27
5
-21
-9
-2
18
12
-20
-14
20
5
-8
-18
22
20
-34
-1
24
-23
3
26
-15
-5
-12
9
25
-9
-10
-1
0
3
11
-2
-4
-3
-16
26
-5
-10
5
-14
13
-2
0
6
-7
4
0
-3
0
-7
8
10
-16
1
0
-1
11
-7
-1
6
-1
1
0
1
-2
-5
12
5
-12
-5
2
8
-3
-7
1
-2
0
4
-2
-1
0
0
-3
-3
7
0
-2
6
-4
-2
3
5
3
-6
-4
5
1
-3
2
-5
3
1
-4
7
-2
-1
2
-7
0
2
-4
0
0
2
-3
-3
2
-1
1
3
-4
1
3
-2
0
-1
2
2
0
3
-3
-1
2
1
0
-4
1
1
-4
0
1
-2
0
0
0
0
3
2
-2
-2
0
0
-1
1
2
0
0
0
0
0
-1
0
0
1
-1
0
4
0
0
1
0
1
0
-1
0
0
0
0
2
3
-2
-2
0
2
1
-1
1
0
-3
-4
-1
-1
-2
-1
0
0
0
-3
0
1
-1
0
1
0
-1
2
3
1
1
1
0
2
3
0
-1
0
1
0
0
0
-4
-1
0
0
-1
0
0
0
0
1
0
-1
1
0
-1
0
2
0
0
0
0
1
2
0
-1
0
-1
-2
-2
-3
-3
0
1
0
0
-1
0
0
1
0
0
2
1
1
1
0
0
1
0
0
0
0
0
0
0
0
-1
-2
1
2
0
0
1
0
0
0
0
0
0
-1
0
0
0
0
0
0
1
0
1
0
0
0
0
-1
-2
0
0
0
0
0
0
0
1
1
0
-2
0
0
0
-1
0
0
0
1
1
1
-1
0
1
0
0
0
0
0
0
-1
0
1
0
0
0
0
0
-1
-1
0
0
0
-1
-1
0
0
0
1
0
2
2
0
0
1
0
0
2
0
0
0
0
0
-1
-2
-1
-1
-1
0
0
-1
-1
0
0
0
1
0
0
0
1
0
0
1
0
0
0
0
-1
0
2
0
0
0
2
0
-1
0
0
0
1
0
-2
-2
0
0
-2
-1
0
-1
0
0
0
0
0
2
0
0
3
1
0
0
-1
0
0
-3
1
0
0
2
-1
0
0
0
0
0
0
0
0
0
-1
0
0
0
0
0
0
0
0
1
0
0
0
0
0
0
-1
-1
0
0
-1
-2
-1
1
1
0
0
0
0
0
0
1
0
0
0
0
0
0
0
0
2
0
-3
-1
1
1
1
0
1
0
0
0
0
-2
-1
0
-2
0
-1
-2
0
1
0
-1
-1
0
0
-1
0
1
0
0
1
1
0
2
3
1
1
0
0
0
2
1
0
-1
0
0
0
-3
-2
-1
0
0
0
0
-1
0
0
0
-2
-1
1
0
0
1
1
0
1
0
0
2
0
0
0
0
-1
0
0
0
1
0
1
0
0
0
1
3
0
0
0
0
0
-2
0
1
0
-1
0
0
-3
-1
1
0
0
-1
0
0
-1
0
0
0
0
-1
0
1
-1
0
0
0
0
0
0
1
0
0
0
0
0
1
0
0
1
0
0
0
0
0
0
-1
0
0
0
-1
-2
0
0
0
0
-1
-1
0
0
-1
0
1
1
0
-2
0
1
1
0
-1
0
2
2
1
0
2
1
1
1
1
1
0
0
-1
0
0
-1
-2
-3
-1
-1
-1
-2
0
-1
0
0
0
0
0
-2
0
-1
1
2
0
2
3
1
2
0
0
3
0
0
1
0
0
1
0
-3
-1
-1
0
0
-1
0
-1
0
-1
-2
0
0
2
0
0
1
1
1
0
2
1
1
1
0
-1
0
1
0
0
-1
0
0
-1
0
0
-2
-1
0
0
0
0
0
0
0
0
-1
0
0
1
1
-1
0
1
0
2
0
0
1
1
0
1
0
0
-1
0
1
0
0
0
0
-1
-1
-2
0
0
-1
0
0
0
1
0
0
0
1
1
0
0
0
0
0
1
0
0
0
0
0
0
0
1
0
0
0
-2
0
0
0
-2
-1
2
0
1
0
0
0
1
2
0
1
0
0
0
0
-1
-2
0
-1
0
0
-1
0
-1
0
0
0
1
-1
1
0
-1
-1
0
0
0
0
0
0
0
0
1
0
0
1
1
0
-1
0
0
1
0
-1
0
-1
0
-1
0
0
0
0
1
0
0
-2
0
2
-1
-1
2
0
1
0
0
1
2
3
1
0
0
2
0
0
1
1
0
-2
-1
-1
-1
-1
0
0
-1
1
1
3
-2
-3
1
-2
0
1
1
0
1
0
-4
2
-1
-7
4
-4
-7
18
3
-5
14
-6
-5
10
-18
-8
8
-11
0
6
-15
4
15
-11
1
13
-11
3
19
-16
-2
21
-12
-2
17
-16
0
22
-12
-1
14
-11
8
14
-13
3
11
-9
-2
-7
-16
2
2
-6
-2
-1
1
2
-4
-4
1
0
6
3
-5
6
4
-3
8
-1
-8
9
-5
-11
7
-7
-3
16
-2
0
14
-1
1
5
-7
-3
-1
-7
-5
-5
-2
0
1
6
3
1
5
0
-3
0
-3
-3
2
-1
-3
5
5
2
7
4
-2
2
0
-6
-1
-2
-7
-3
-1
-5
-3
-3
-2
0
5
3
-2
2
4
-2
4
4
-3
4
3
-6
0
3
-3
3
2
-6
2
1
-4
0
-1
-1
0
0
-1
1
1
1
1
1
0
-1
0
2
-1
0
4
-1
0
3
-2
-1
0
0
1
1
-4
-3
-2
0
-2
0
0
2
2
-1
-1
1
0
-1
-2
0
1
1
0
-1
0
0
0
0
1
2
0
1
0
0
0
-1
0
2
1
0
0
-1
0
2
0
0
-1
0
-2
-1
0
0
0
0
0
0
0
0
-1
0
0
1
1
0
-2
-1
0
0
0
0
0
1
3
0
-2
0
0
-2
-3
-1
0
-1
0
0
-1
-1
-1
0
0
0
3
2
0
-2
0
2
1
0
1
2
3
0
-1
2
3
0
0
2
0
0
-1
0
0
0
0
0
0
0
0
0
-2
0
-1
-1
0
-2
0
0
-1
-1
0
0
-1
-1
0
0
0
0
0
0
0
1
1
2
0
0
1
-1
0
0
0
0
0
0
0
0
0
2
2
0
0
0
0
0
0
0
0
-1
-1
0
0
0
1
0
-1
0
0
-1
0
0
0
-1
-1
0
-1
0
0
-1
-1
0
0
0
1
0
0
0
0
2
0
0
1
1
1
0
0
2
0
0
0
0
0
0
-1
-1
-1
-2
-2
0
-2
-2
-2
0
0
0
0
0
0
-1
0
1
2
1
2
2
3
3
1
0
-1
-2
0
-2
-1
0
-1
0
0
1
1
0
0
0
0
-2
0
1
0
0
0
0
1
0
-3
-1
-1
-2
-1
-1
0
1
1
-1
0
2
1
0
-2
1
2
1
-2
0
3
0
-1
-1
-1
0
-4
0
5
4
-1
0
1
0
0
0
0
-2
0
7
5
5
3
-8
-7
-8
-16
-11
-15
0
9
20
34
3
7
6
-20
-37
-36
-25
-28
-16
15
25
38
63
36
26
10
19
7
-3
15
-83
-49
-65
-21
-187
-305
258
325
281
53
136
299
-12
-173
-331
-210
-114
-206
-238
-204
-107
41
81
78
246
210
209
170
69
40
-88
10
-37
-60
-54
-74
37
-1
-14
-68
-13
57
23
-10
-81
-29
23
11
-65
-105
-61
11
-61
-126
-79
7
60
-11
-8
38
118
178
127
105
115
103
93
29
-30
-80
-24
11
-111
-97
-160
-85
-168
-87
420
-48
-33
79
126
140
-114
-36
-238
-83
5
-181
-263
-78
39
89
108
-15
195
156
185
167
9
-19
26
125
-77
-48
-42
-37
49
-78
-89
-28
24
28
-32
12
-28
-3
27
-69
-64
-4
18
-1
-31
-21
-15
-35
-16
-42
-51
15
56
55
-21
-29
53
100
74
7
4
55
74
16
-60
-81
-47
-24
-29
-34
-5
-12
16
18
22
19
0
41
42
6
-6
24
9
-27
-54
-53
-22
-12
-48
-46
0
34
48
12
-10
16
45
21
-4
17
12
28
12
-3
-26
-18
20
-16
-9
-31
-19
24
-7
-3
-13
0
26
13
34
-32
-24
-3
-33
-19
-45
-26
-16
11
26
19
33
54
31
38
11
-11
0
-44
-25
-7
-20
-26
-6
38
29
-7
14
25
20
7
-28
-5
-20
-28
-23
-13
1
-5
27
26
30
26
12
5
-4
-10
-26
-22
-21
-4
-4
-6
-3
5
13
0
-2
-5
4
3
-2
2
4
17
3
-1
7
4
2
-10
-17
0
-4
-16
1
4
17
0
-1
20
5
-2
-18
-10
-4
-19
-24
-2
7
20
11
5
29
12
15
-11
-17
-2
-15
-10
-14
-2
3
4
0
-1
-1
-5
0
-5
-1
1
10
14
13
17
15
16
5
-4
-1
-3
-2
-5
-10
6
5
-3
-12
-13
0
-9
-30
-24
-7
6
-4
-7
19
26
18
3
6
19
1
-10
-10
-4
-3
-13
-6
3
3
3
5
11
5
4
2
2
-7
-15
-7
-7
-7
-8
1
11
6
5
4
10
6
-5
-3
-1
0
0
-6
2
4
1
-3
-6
0
-2
-5
-9
0
4
0
5
9
15
7
-2
6
4
-2
-12
-8
4
0
-7
-4
7
8
0
-7
-5
1
-6
-9
-7
0
10
1
4
3
7
4
-4
-6
-7
-3
-3
-1
-5
1
6
7
4
0
4
8
2
-2
3
4
8
-5
-11
-7
-7
-4
-8
-3
6
11
7
5
10
10
1
-11
-12
-9
-11
-14
-9
-3
7
9
8
10
2
5
3
0
-3
-5
-2
1
2
3
3
0
3
-1
-6
-9
-5
0
-1
3
3
6
9
3
0
-4
-4
-8
-6
-3
0
2
-1
1
3
5
2
0
3
2
0
-1
-9
-3
2
-1
3
0
-2
-1
-7
-1
0
-2
3
1
7
11
1
4
-2
-3
0
-4
-2
-2
-2
2
0
-2
2
0
3
2
-8
4
0
0
5
-6
4
-4
-4
2
-7
0
-2
-2
0
1
3
5
2
1
3
-2
0
0
0
0
-8
-1
2
1
0
-1
3
1
2
0
-1
0
-2
-1
2
2
2
-1
-2
0
-1
-2
0
1
0
0
0
0
0
-1
-2
0
0
-3
0
0
0
2
2
0
0
-1
0
1
-1
-1
0
2
3
1
0
0
0
-1
0
0
-3
-2
0
-2
2
0
0
3
1
0
0
-2
0
0
0
0
0
0
-1
-1
0
0
0
-1
0
0
0
0
2
-2
1
1
0
0
-2
-1
0
2
1
0
0
0
0
0
1
2
0
-1
0
0
-1
0
-1
0
-1
0
-1
-2
-1
0
1
0
0
3
2
-1
0
2
0
0
-2
0
0
-1
0
0
0
0
-1
0
-1
0
0
-2
-2
-2
-1
0
1
2
1
1
3
0
0
0
0
1
1
2
4
3
-2
-1
0
0
-2
-2
0
0
-2
0
1
0
-1
-3
-1
0
0
0
1
1
0
0
0
1
-1
-2
-1
1
0
1
0
1
0
-2
0
0
0
0
0
1
0
0
1
1
0
0
2
3
0
-1
-1
0
0
-1
-1
0
1
0
0
0
1
0
0
0
0
2
0
-1
0
0
0
-2
0
1
0
0
0
0
1
-2
-1
2
0
0
0
2
0
0
0
0
0
0
1
0
0
-1
-2
0
0
0
0
2
2
1
-2
0
1
-2
-1
1
0
-2
0
0
-1
1
1
0
0
1
0
-2
-1
-1
0
0
0
2
1
0
0
0
1
1
0
0
0
1
-1
-3
0
0
-2
-1
-1
-1
0
0
0
0
2
1
-1
2
0
-1
-2
-1
-1
0
1
0
0
1
2
1
0
1
0
0
-1
-1
0
1
0
-1
0
0
2
0
0
0
1
1
-1
0
0
-1
-1
-2
0
1
0
0
0
0
-1
0
1
-1
-1
0
0
0
0
0
1
0
2
3
0
0
0
0
-1
-3
-3
-1
0
0
-2
2
2
1
1
3
1
0
-2
-1
0
0
-2
0
0
0
0
0
0
0
-2
-2
0
2
0
0
1
1
1
0
0
2
0
0
0
0
1
0
1
0
1
0
-2
0
0
0
-1
-2
0
0
0
0
-1
2
0
-2
0
0
0
0
-1
2
2
-2
0
-1
0
0
-1
0
-1
0
0
0
0
1
0
0
0
0
0
1
2
1
0
0
-1
0
1
0
-1
0
1
-1
0
-1
0
0
0
0
0
0
1
1
-1
-2
1
0
-2
0
-1
0
1
1
-1
-1
1
0
1
2
0
2
2
3
1
0
1
0
-1
0
-1
0
0
-1
-1
0
0
0
0
0
-1
0
0
0
0
1
0
-1
0
0
0
0
1
0
0
0
0
-1
-1
-1
-2
0
0
0
-1
0
2
0
0
0
0
0
0
0
0
1
0
0
1
1
0
1
0
0
0
1
0
0
1
-3
-1
1
0
0
0
1
0
0
0
-1
0
-2
-2
1
0
0
0
0
0
0
0
1
0
-4
-2
0
0
0
0
0
0
2
0
1
1
1
0
-1
2
0
0
1
0
-1
0
0
-1
0
0
0
-1
-1
0
-1
-2
0
-1
-1
0
-1
0
0
1
2
0
0
1
0
0
0
0
0
2
2
0
2
2
0
0
-1
0
0
-1
0
0
0
0
0
0
0
-2
-1
0
-2
0
0
-1
-2
0
0
-1
2
0
0
1
1
0
0
1
0
0
0
0
1
0
0
-2
0
1
2
0
2
0
0
2
0
0
0
0
1
0
0
-1
1
-1
0
0
-1
-1
0
0
0
-1
1
0
0
0
0
0
0
-1
0
0
0
0
-2
-1
0
0
1
0
0
0
2
1
0
1
2
0
1
1
-2
-2
-1
0
0
0
1
0
-1
0
2
1
0
0
0
0
0
0
1
0
0
0
0
-1
0
0
-1
-1
0
-1
1
0
-1
0
-1
0
0
-2
-2
0
0
0
0
0
2
3
0
1
2
1
1
0
0
1
-1
-1
0
0
-1
0
0
1
0
0
0
-2
0
-1
-1
-1
0
-1
1
0
-1
1
1
0
0
-2
0
1
0
0
0
0
1
1
0
2
1
0
0
-2
0
-1
-1
0
-1
0
0
0
1
0
0
-1
0
0
1
1
0
0
-1
-1
-1
0
0
0
1
0
0
1
1
1
0
0
0
0
-2
0
-1
-1
0
0
0
0
0
0
0
-1
0
1
2
1
0
-1
0
-1
0
1
2
1
1
2
0
0
1
-2
-2
0
0
0
-1
1
0
-1
0
-1
0
0
0
0
1
0
-1
1
0
0
0
0
0
-2
1
0
0
0
-1
0
0
0
0
0
1
0
0
1
-1
0
1
0
0
1
0
0
0
0
0
-1
0
0
0
0
0
-1
-1
-1
-1
-2
0
-1
-1
0
0
2
0
0
0
2
2
1
0
2
2
0
0
2
0
1
2
1
0
1
0
0
0
1
0
0
0
0
-1
0
0
0
0
-1
-1
-3
-2
-1
-3
-3
-2
-3
-2
-2
-2
-1
-3
-1
0
0
0
1
0
0
0
0
2
2
2
3
2
3
4
3
2
2
3
2
2
2
1
0
0
0
0
0
-1
-1
0
-2
-3
-2
-1
-1
-1
-2
-1
-2
-1
-1
0
0
-1
0
-1
0
2
0
0
0
1
3
0
0
0
-1
0
1
0
-2
1
0
1
1
0
0
0
0
0
0
1
0
0
1
-1
-2
0
-2
0
0
-1
0
0
0
0
1
0
0
0
0
1
0
0
1
0
0
0
1
1
1
-1
0
1
0
0
-1
0
-1
-1
0
0
0
0
0
0
0
0
0
0
-1
0
0
0
-1
0
0
0
0
2
1
1
0
1
0
0
0
-2
0
-3
-2
0
0
-1
0
1
0
0
0
0
0
1
0
0
0
1
1
-1
1
1
0
2
0
-1
0
0
-1
-2
0
-2
-1
0
-1
0
0
0
1
0
0
0
1
0
-1
0
0
0
2
1
1
1
2
1
0
-1
-1
1
-1
-1
0
0
0
0
0
0
0
0
0
1
0
1
1
0
0
-1
-1
-1
-1
0
0
0
0
0
0
0
0
-1
-1
0
0
0
0
1
0
0
0
0
1
0
0
2
0
0
0
1
0
0
0
0
0
0
0
0
-1
-1
-1
0
0
0
1
0
0
0
0
-1
0
0
-1
-1
0
0
0
0
0
0
0
-1
0
0
1
1
-1
1
1
0
0
0
0
0
0
-1
1
1
0
0
0
2
1
0
0
0
0
-1
-2
0
-1
-1
-2
-1
0
0
1
0
1
1
0
1
0
0
0
0
-1
0
0
0
0
0
0
0
1
0
-1
1
0
0
0
0
0
0
-1
-2
1
0
-1
0
1
1
0
0
0
-1
0
0
0
1
0
0
0
0
0
0
0
-1
0
0
0
0
1
1
2
1
0
0
0
0
-1
-2
0
0
-1
0
0
0
0
-1
-3
-1
0
0
0
0
0
0
0
0
-1
0
0
0
0
2
0
0
0
0
1
0
0
0
0
1
0
1
0
0
0
0
-1
-3
-1
1
0
0
0
0
0
0
0
1
-2
-3
0
0
0
0
0
0
0
2
1
0
0
0
0
0
0
0
-1
0
-1
-2
-1
0
0
0
0
1
3
3
1
0
1
2
0
-2
-1
0
0
-1
0
0
0
0
0
0
0
0
0
-2
-1
1
1
1
0
0
1
1
0
-1
-3
0
0
-3
0
0
0
1
1
1
0
0
1
0
-1
0
0
0
1
0
0
1
2
1
0
-1
-1
0
0
0
0
-1
-1
0
2
0
0
1
0
0
0
-1
0
0
0
0
0
0
0
0
1
0
0
0
-1
0
0
0
1
0
0
0
0
0
-2
0
0
0
0
0
0
0
-2
1
1
0
1
0
2
1
0
0
0
2
1
0
0
-1
0
1
0
-1
-1
0
-1
-2
0
0
0
0
-2
-1
0
0
1
0
0
0
0
-1
0
1
0
0
2
0
0
1
0
-1
-2
3
0
0
1
0
0
0
0
0
1
1
0
0
0
0
0
0
0
0
-1
0
0
0
0
0
0
0
0
0
1
-1
-1
0
0
-1
0
0
0
0
0
-1
0
-1
1
2
1
2
1
0
1
0
1
1
0
0
0
1
1
-1
-2
-3
-3
0
0
0
-2
-1
1
1
2
1
0
-1
-1
0
0
0
1
-1
0
0
0
0
0
1
-2
0
0
0
2
2
0
1
1
-2
0
-1
2
3
-2
-3
0
2
0
0
-1
-1
0
1
0
0
-2
-1
1
-1
0
0
0
-1
-1
0
0
0
0
1
0
0
-1
0
0
0
0
0
0
-1
1
3
0
1
-1
-2
0
0
0
0
0
1
0
-1
0
0
0
-1
0
0
-3
1
0
0
0
0
0
-1
2
0
1
0
0
0
-1
0
-3
0
0
0
0
0
0
-1
1
0
1
0
0
0
0
0
0
1
0
0
-1
0
0
-1
0
0
-1
0
0
0
-1
-1
0
0
0
1
0
1
0
-1
0
0
0
0
0
0
0
0
-1
2
0
-2
0
0
0
0
0
0
-2
0
1
1
1
0
0
0
0
-1
1
-1
-2
0
0
0
-1
0
0
0
1
0
0
0
-1
-1
0
0
1
0
1
2
1
-1
0
2
1
0
-1
1
0
0
0
-1
1
0
-2
0
-1
0
1
-2
0
1
0
0
-2
-2
2
0
0
2
0
0
-1
0
1
0
1
1
-2
0
0
0
0
0
0
0
1
0
-4
-1
0
0
1
0
0
2
0
0
0
0
1
-1
-1
0
1
0
0
-1
0
1
1
2
0
0
0
1
1
0
1
-1
0
1
0
0
0
-1
-1
-3
-1
-1
-2
0
0
0
0
0
0
0
-1
0
1
1
1
3
0
0
1
0
1
0
0
0
0
0
-2
0
-1
0
0
-1
0
0
0
-2
-1
-1
0
0
0
1
1
0
0
0
0
0
0
0
1
0
0
0
0
-2
-1
0
-1
0
0
0
0
0
0
0
1
2
2
0
0
1
0
0
0
0
0
0
0
0
0
0
0
0
-2
-1
0
-2
-1
-1
0
0
1
1
1
0
2
1
0
0
1
0
1
1
0
1
0
1
0
0
0
0
0
0
-1
-1
0
0
-1
0
0
0
-2
-2
0
-1
0
0
0
0
1
0
0
0
0
0
0
0
0
0
0
1
1
1
1
0
0
1
0
0
1
0
0
0
-1
0
0
0
0
0
0
0
-2
0
0
-1
-1
0
0
0
0
0
0
0
1
1
0
0
0
0
-1
0
1
0
-1
-2
0
0
0
1
1
1
0
-1
-1
1
1
1
3
2
3
2
1
0
-3
-5
-8
-13
-18
-19
-20
-16
-8
1
11
24
28
31
30
21
13
-4
-22
-31
-40
-42
-33
-22
-6
25
47
70
89
82
71
52
9
-42
-85
-133
-170
-170
-165
-123
-59
9
100
180
241
268
276
237
152
66
-57
-173
-258
-330
-357
-322
-254
-166
-22
100
207
327
356
358
349
235
122
30
-116
-238
-272
-335
-333
-243
-212
-119
32
51
122
238
169
170
195
64
37
21
-78
-63
-42
-71
5
45
61
104
106
86
47
-15
-83
-145
-225
-229
-268
-215
-116
-59
55
203
268
303
386
324
282
165
61
-78
-219
-289
-429
-373
-394
-358
-218
-94
-2
91
271
258
331
335
305
314
203
122
105
0
-183
-173
-248
-379
-370
-353
-322
-208
-108
-32
306
321
238
673
459
274
373
161
-107
-254
-306
-581
-451
-500
-529
-210
-171
-92
114
284
180
325
328
175
309
165
91
191
166
39
123
132
-11
42
-78
-111
-98
-218
-236
-163
-161
-243
-123
-40
-97
-53
26
31
27
46
32
100
51
1
89
48
10
18
93
17
23
111
10
45
61
-15
-5
-38
-114
-88
-133
-190
-103
-57
-66
38
104
63
132
112
62
117
44
15
55
20
-53
-13
-67
-115
-143
-202
-170
-256
-178
-191
-164
-37
-96
7
116
195
200
380
598
494
602
728
561
406
296
24
-308
-544
-995
-1087
-1223
-1543
-1198
-1069
-1020
-353
165
402
719
2333
1483
1573
3421
1377
1570
1532
449
-374
-966
-1324
-2195
-1711
-2396
-1957
-1078
-1532
-776
-100
-76
36
896
438
694
1308
573
918
1057
750
669
1031
478
536
787
-55
328
37
-421
-584
-492
-876
-1137
-731
-937
-701
-586
-366
145
374
101
900
1810
-18
1388
2023
-219
810
582
-525
-961
-863
-1403
-1931
-1179
-1944
-1185
-802
-1229
-102
-38
5
455
845
480
1105
1382
819
1434
1914
1545
1104
2368
2857
390
2581
2755
6
1108
72
-1093
-2167
-2633
-3290
-3646
-3156
-3654
-2455
-1689
-1689
-687
334
278
816
1916
1207
2148
2622
1781
2175
2422
1442
706
1096
-60
-683
-530
-752
-736
-289
-269
17
1961
-51
1141
2192
369
630
-314
-330
-2019
-2272
-2696
-3132
-2222
-3186
-1694
-883
-985
-273
981
974
630
2319
1035
1666
2024
980
1041
924
562
-936
228
-532
-1006
488
529
560
1944
3361
975
3219
3174
335
1415
-88
-1952
-2586
-3660
-4739
-4109
-4554
-4586
-2513
-2302
-1441
-101
878
1041
2078
2336
1581
3194
2142
1252
2002
1325
294
215
423
-350
227
1089
549
2142
3855
1481
2899
3995
581
398
-229
-2117
-3882
-4696
-5036
-5246
-5149
-4915
-3122
-2392
-1868
-185
1065
965
1839
3327
1491
3078
3316
1057
1889
1923
-65
-356
1090
-1342
-672
1037
339
436
2223
3990
592
3131
3689
-207
1038
-350
-1913
-3352
-3975
-4108
-4986
-4643
-3974
-3249
-2932
-1181
-434
109
1153
1556
2662
1725
2499
3522
1298
1931
2336
467
316
831
-531
-580
1197
230
868
2376
3123
2694
2145
4339
1431
689
1349
-1889
-2492
-3428
-4636
-5627
-4992
-5417
-5414
-3101
-3406
-1869
21
502
1095
2730
3265
2060
4033
3112
1508
2510
1611
110
17
348
-1380
-109
534
-15
1617
1841
3278
2153
2532
3167
605
901
-642
-2089
-3357
-4505
-4810
-6270
-5393
-5152
-5009
-3343
-2057
-1108
603
1786
2156
3768
3246
3422
4365
2505
2113
2336
1155
-191
174
-236
-1355
332
281
727
2129
2562
3756
2481
3209
2736
615
725
-1491
-2688
-3917
-4850
-5413
-6006
-4968
-4951
-4000
-2272
-1570
-347
1525
2068
2779
3892
3446
3860
4018
2840
2525
2400
1368
533
412
-366
-322
39
75
1400
1273
1920
3681
1948
2054
2638
437
-54
-1132
-2823
-3864
-4557
-5487
-5890
-5018
-5152
-4469
-2622
-1951
-1018
1085
1782
2186
3868
3513
3494
4155
3143
2544
2315
1544
309
131
-311
-578
-435
62
1294
1130
1886
3622
2208
1839
2791
750
-20
-696
-2361
-3412
-4066
-5274
-5599
-4922
-5075
-4537
-2775
-1695
-1127
1130
2195
2453
3728
3932
3726
3721
3259
1943
2104
1394
-168
-54
-328
-855
-814
239
810
1072
1884
3032
3249
1853
2591
2085
101
-737
-2014
-3027
-4625
-5108
-5534
-5735
-5162
-4972
-3356
-2375
-1444
221
1604
2150
2758
3717
3257
3782
2989
2332
2341
1185
725
-163
-390
-911
-712
-431
89
1330
1324
2267
3417
2507
1782
2684
1161
-557
-913
-2385
-3693
-4428
-5262
-5873
-5403
-5454
-5177
-3172
-2401
-1698
915
1819
2030
3834
4149
3598
4596
3478
2240
3146
1403
161
320
-476
-1188
-1140
-245
23
791
1805
2240
3701
2601
2335
3224
989
30
-725
-2484
-3648
-4414
-5711
-5635
-5039
-5948
-4331
-2569
-2512
-784
1301
1991
2364
3960
3668
3922
4729
2806
3357
3378
1460
1227
1082
-399
-1019
-410
-905
-212
702
1078
1905
3271
2436
1816
3223
903
-247
-468
-2624
-3392
-4267
-5789
-5722
-4881
-5946
-4726
-2457
-2877
-1177
1275
1448
1983
3802
3428
3388
4558
3144
2317
2998
1881
-18
419
-317
-1974
-1109
-1147
-819
231
826
1608
2364
3281
2100
2226
2531
444
-502
-979
-2342
-3731
-4343
-5025
-5174
-5051
-4753
-3641
-3005
-1742
-153
817
1478
2680
3408
2881
4139
4286
2562
3135
3406
1068
616
855
-1382
-1429
-910
-1539
-655
496
943
1136
2892
3042
1385
2683
2290
-117
-22
-972
-2394
-3615
-4621
-4794
-5302
-5144
-4451
-3253
-2384
-1363
496
1265
1617
2824
2975
2508
3471
3317
2194
2524
2881
749
484
828
-1480
-1535
-844
-1369
-1179
532
991
794
2935
2717
1481
2823
2131
69
-37
-322
-2460
-3511
-3823
-4971
-5350
-4965
-4522
-3899
-2705
-1430
-147
836
1805
2888
2910
3289
4148
3795
2998
3203
3208
1141
911
824
-1305
-1269
-950
-1562
-803
447
686
1181
2729
2896
1773
2593
2328
161
-42
-594
-2596
-3671
-4208
-5073
-5402
-4973
-4458
-3516
-2621
-1361
140
997
1771
2425
3286
3261
3618
4047
3153
3777
2680
1708
1833
94
-816
-1004
-1287
-2086
-1053
-386
-504
700
1096
2046
2022
1435
2237
1577
-109
-35
-459
-2953
-3353
-3458
-5025
-5024
-4058
-3948
-3725
-1648
-1062
-557
1274
1381
1863
2882
2751
3116
3842
3106
3047
2917
1931
1291
295
-586
-1189
-1613
-2057
-1522
-924
-850
179
965
1590
2188
1842
2330
2156
695
462
-58
-1924
-2943
-3101
-4548
-4770
-4023
-4208
-3381
-2267
-1535
-403
533
1197
2026
2726
2730
3307
3789
2982
3242
2797
2157
1707
446
-27
-724
-1509
-1956
-1582
-1481
-1283
-301
101
905
1813
1590
1741
2201
957
336
231
-1665
-2788
-2972
-4438
-4929
-4179
-4407
-3933
-2578
-1711
-851
569
1496
1893
3207
3362
3338
4384
3847
2979
3632
2598
1126
1319
-90
-1183
-1214
-1904
-2215
-1633
-1245
-1005
397
498
1243
2941
1643
2012
3010
1053
593
391
-1404
-2419
-3000
-4042
-4267
-4006
-4136
-3699
-2422
-1982
-1205
387
559
1242
2478
2317
2788
3705
3134
2626
3502
2543
1131
1668
368
-909
-927
-1502
-1912
-1812
-1349
-1119
-410
153
861
2313
1642
1872
3027
1444
762
921
-817
-2239
-2331
-3472
-4143
-3525
-3637
-3507
-2098
-1482
-1210
215
840
961
2004
2273
2611
3278
3027
2824
3296
2888
1432
1751
996
-665
-672
-1230
-1791
-1983
-1653
-1138
-775
-59
541
2181
2241
1541
3102
2350
610
768
-180
-2127
-2691
-3239
-4122
-4082
-3799
-3563
-2693
-1778
-1211
48
630
939
2199
2122
2354
3466
2858
2651
3178
3000
2065
1324
1485
21
-803
-827
-1732
-1990
-1809
-1486
-1182
-483
169
585
2195
2163
1247
2761
2073
250
494
-163
-2231
-2764
-2763
-4151
-4036
-3510
-3622
-2643
-1908
-1126
110
708
1351
2363
2667
2801
3649
3354
2889
3466
2525
1840
1563
262
-280
-1157
-1823
-2335
-2668
-2227
-2599
-1741
-736
-588
257
1485
2468
1451
2095
3167
1132
500
803
-626
-2465
-2326
-2607
-4237
-3334
-2867
-3384
-2114
-1339
-1013
195
1074
1265
2245
2807
3063
3606
3183
3451
3481
2075
2111
1527
-383
-397
-938
-2403
-2483
-1956
-2568
-2422
-1022
-1000
-482
605
1321
2228
1434
1854
2761
967
395
774
-666
-2058
-1718
-2454
-3520
-2711
-2707
-2992
-1906
-1426
-1244
43
618
798
1922
2316
2577
3136
3058
2969
3026
2203
1864
1547
-287
-380
-567
-2353
-2290
-1814
-2680
-2415
-1334
-1166
-563
256
1052
2237
1736
1637
3109
1764
478
1154
168
-1778
-1933
-1999
-3423
-3321
-2821
-2955
-2319
-1623
-856
-2
704
1091
1988
2560
2363
3010
3314
2596
2572
2814
1481
1394
558
-646
-361
-1729
-2441
-1821
-2386
-3075
-1677
-1248
-1540
-78
652
1128
2332
1980
2259
3291
1404
848
1525
-793
-1951
-1634
-2786
-3843
-3284
-2727
-3267
-2221
-1080
-928
218
836
1244
2272
2259
2411
3328
2821
2212
2997
2566
876
1494
1152
-933
-751
-771
-2265
-2306
-2139
-2810
-2469
-1955
-1572
-716
138
721
1923
2797
2127
3034
3081
1258
1300
726
-1286
-2054
-2098
-3504
-3684
-2910
-3403
-2686
-1499
-1175
-512
762
1137
1491
2328
2212
2562
2908
2362
2052
2444
1931
624
1052
616
-918
-778
-966
-2075
-2173
-2034
-2607
-2170
-1612
-1360
-284
447
661
1992
3124
1996
2881
3422
1220
1439
949
-972
-1727
-2293
-3208
-3678
-3266
-3435
-2876
-1793
-1475
-540
559
923
1465
2227
2096
2555
2935
2265
2425
2167
1773
1572
571
633
26
-1101
-1054
-1452
-2417
-2491
-2323
-3063
-2596
-1667
-1364
-440
698
1236
2325
3721
2610
3355
4036
1722
1613
1342
-652
-2063
-2099
-3167
-4417
-3404
-3596
-3620
-2057
-1584
-864
714
902
1329
2438
2072
2275
2825
2343
1856
2265
1794
1265
1357
152
389
-131
-1484
-837
-1428
-2803
-2216
-1911
-2981
-2149
-1037
-1200
-200
1068
1101
2260
3518
1821
2990
3568
682
1461
1212
-1471
-1800
-1579
-3556
-3757
-2587
-3708
-2845
-1457
-1511
-393
930
996
1438
2700
1969
2296
3113
1943
1907
2382
1272
1059
1140
-496
119
-525
-1896
-1048
-1868
-2667
-2147
-1862
-2558
-1718
-722
-749
390
1178
1433
2412
3343
2201
2805
3335
963
1303
909
-1165
-1632
-1976
-3104
-3664
-2915
-3438
-2952
-1745
-1776
-604
528
514
1344
2285
1875
2258
2878
2263
1990
2132
1895
1046
1139
640
-408
-6
-952
-1450
-1338
-1961
-2402
-1927
-1984
-2271
-1069
-914
-275
711
1152
1705
2126
3058
2253
2162
2553
1146
770
-20
-1099
-2068
-2525
-3302
-3747
-2943
-3430
-2449
-1262
-870
202
1232
1703
1896
2973
2473
2477
3221
2207
1924
2095
1445
395
379
165
-1446
-1118
-1088
-2406
-2073
-1841
-2561
-2456
-1471
-2193
-1581
-166
-511
488
1567
1901
2038
2741
3690
2249
2252
3275
1141
554
610
-1051
-2117
-2552
-3172
-3745
-3591
-3211
-2712
-1784
-1014
-162
832
1149
1744
2382
1964
2406
2743
1798
1979
1831
1075
551
264
-123
-712
-1208
-935
-1059
-2000
-1201
-1471
-1994
-1482
-1491
-1424
-870
-297
-88
669
1481
1621
1698
2338
2999
1841
1914
2932
741
608
646
-1202
-1848
-2396
-3023
-3598
-3227
-3020
-2712
-1412
-1047
-431
889
925
1027
2282
1756
1640
2806
1896
1506
2136
1235
611
841
-67
-630
7
-1216
-1176
-548
-1868
-1546
-1361
-1912
-1960
-1163
-1049
-803
228
481
1165
1722
1779
2245
2134
1998
2725
1175
1359
1800
-484
-220
-648
-2165
-2589
-2663
-3100
-3387
-2498
-2324
-1644
-749
-404
873
981
1073
2326
2068
1454
2826
2280
1212
2068
1652
640
627
603
-492
-603
-376
-1245
-1479
-804
-1902
-1946
-1020
-2019
-1854
-797
-1051
-1142
246
278
414
1370
1336
2036
1873
1644
2819
1988
711
2412
737
-664
200
-1319
-2145
-2424
-2603
-3220
-2842
-2313
-2240
-1223
-752
0
582
1220
1479
1907
2052
1819
2421
1685
1433
1638
977
374
442
117
-904
-331
-552
-1410
-850
-665
-1747
-1014
-782
-1711
-978
-530
-875
-367
482
51
956
973
882
1663
1020
1362
1276
1808
858
764
2000
-421
406
168
-1438
-1267
-1819
-2536
-2561
-2065
-2674
-1436
-980
-1062
386
886
652
1602
2331
1207
2368
2230
1404
1842
1215
880
347
272
-600
-513
-792
-1191
-955
-877
-1122
-1340
-165
-1594
-802
-470
-1196
-253
-749
-216
87
111
213
958
565
785
1681
801
1409
1381
1944
714
1306
1987
-765
815
-170
-1710
-1379
-1770
-2790
-2474
-1894
-2395
-1123
-1075
-114
489
586
1539
1520
1956
1457
2220
1956
1149
1530
1241
377
15
456
-965
-526
-683
-1308
-494
-1250
-789
-571
-1086
-293
-439
-1023
486
-674
-521
593
-778
159
-8
-75
182
179
391
516
567
447
983
549
879
538
891
1353
-278
1662
527
-428
916
-919
-826
-1090
-1791
-1843
-1674
-1905
-1571
-804
-938
-206
274
612
625
1234
1551
803
1771
1489
798
1330
827
354
457
44
-299
14
-650
-493
-114
-979
-335
-483
-725
-355
-534
-359
-231
-238
-98
60
-2
238
57
427
161
237
649
-396
643
-181
-646
110
-808
-873
-569
-589
-924
-225
-61
-46
315
753
968
983
1248
1244
2207
173
1734
1593
-845
1351
-1037
-664
-1262
-2160
-1347
-2563
-2018
-1533
-1724
-1260
-328
-652
438
412
641
1578
630
2022
1328
1278
1749
966
1215
725
590
237
54
-181
-347
-535
-529
-659
-922
-413
-859
-726
-456
-520
-498
-253
-110
-207
174
-50
204
236
-51
441
92
87
333
-89
184
18
-219
104
-202
-84
-97
-108
121
-145
84
137
51
-41
278
66
-61
403
64
159
41
460
-13
-516
833
-1080
-102
-389
-948
-350
-1213
-152
-837
-233
119
178
683
1116
962
1505
2109
453
2657
702
598
1465
-1388
498
-2026
-1507
-1797
-2799
-1687
-2353
-1518
-1208
-704
-262
396
225
1226
1001
740
2043
681
1514
1238
926
1111
395
898
-22
233
-120
-362
-177
-805
-426
-790
-690
-792
-790
-486
-780
-260
-337
-201
229
19
363
472
367
456
489
346
171
213
77
-150
-178
-133
-271
-334
-141
-336
-126
-90
-206
94
42
107
159
250
328
167
315
329
121
222
122
17
80
-211
-24
-144
-273
-90
-205
-125
-187
-56
-12
-168
-48
358
-642
488
-323
-436
93
-861
-135
-825
-236
-434
-193
194
352
700
963
1004
1732
908
1315
1640
29
1019
-266
-397
-971
-1501
-1352
-2168
-1782
-1640
-1741
-1097
-841
-475
49
105
826
795
918
1463
1197
1334
1426
1127
1217
586
884
174
19
178
-663
-76
-755
-470
-690
-669
-655
-698
-510
-556
-331
-326
0
-153
154
111
167
186
175
271
100
226
194
66
131
67
21
-57
-54
-12
-192
-86
-33
-188
-93
17
-126
11
55
97
131
164
271
231
227
156
216
35
18
-5
-73
-110
-120
-139
-125
-156
-164
-75
-128
-65
15
8
35
83
70
86
1
126
21
60
47
76
81
-38
103
0
-34
-4
-31
-11
-102
6
-76
-66
-1
-93
63
-70
35
40
-4
25
63
88
97
-56
398
16
-220
698
-711
239
-432
-371
-447
-697
-61
-778
271
14
511
756
921
1309
1082
1171
1171
757
452
246
-262
-686
-1101
-1205
-1634
-1680
-1460
-1466
-1187
-781
-553
-147
43
414
555
668
960
955
1022
1075
1091
903
849
746
484
336
218
-1
-157
-253
-391
-555
-606
-623
-786
-678
-677
-612
-571
-349
-303
-189
38
-14
265
178
395
338
329
483
205
381
220
109
181
-71
10
-118
-130
-143
-166
-108
-195
-63
-138
-107
11
-108
38
64
22
123
60
118
45
39
15
5
-46
-85
57
-128
15
24
127
17
-27
706
-698
606
-4
-746
306
-905
-253
-994
-89
-628
-307
559
-1
1104
842
1311
1537
1159
1608
1029
1078
327
350
-273
-1077
-941
-1653
-1829
-1923
-1570
-1792
-1221
-801
-620
5
14
614
552
805
1112
1070
1249
1257
1322
1177
1010
998
616
455
308
59
-114
-237
-472
-644
-725
-966
-935
-1010
-918
-858
-752
-415
-509
-115
-69
39
224
219
475
221
536
366
306
459
167
352
185
150
216
50
157
-17
-74
232
-454
100
-187
-545
-137
-691
-325
-828
-264
-487
-330
250
89
832
734
1125
1567
1119
1559
1388
921
728
295
-144
-951
-1075
-1579
-1994
-2016
-1899
-1965
-1633
-1147
-916
-322
-116
492
645
830
1231
1186
1289
1312
1413
1197
1089
1169
681
630
458
135
24
-242
-282
-638
-651
-751
-987
-892
-880
-911
-755
-543
-491
-240
-85
107
239
332
561
519
665
604
714
588
327
615
-21
-110
-85
-712
-697
-808
-908
-963
-637
-366
-322
327
771
788
1260
1907
1166
1810
1643
776
996
46
-336
-1173
-1385
-2114
-2361
-2218
-2566
-1990
-1867
-1348
-928
-433
20
261
988
787
1526
1499
1590
1825
1625
1707
1263
1349
823
663
354
109
-39
-452
-325
-722
-649
-898
-832
-704
-1138
-472
-916
-661
-647
-604
-672
-711
-337
-784
-119
-227
75
444
595
1032
1198
1584
1369
1802
1709
1177
1740
928
651
363
-182
-848
-1486
-1611
-2407
-2372
-2362
-2236
-1849
-1422
-873
-465
134
243
766
923
898
1364
1223
1402
1271
1607
1172
1026
1338
280
605
-34
-359
-755
-1025
-1267
-1650
-1364
-1583
-1287
-957
-633
-64
295
642
1496
1317
1695
2103
1436
1659
945
641
-243
-818
-1208
-1976
-2086
-2100
-2162
-1890
-1434
-1187
-633
-336
48
538
521
1149
1216
1474
1623
1738
1727
1600
1633
1090
1207
541
403
13
-448
-799
-1168
-1363
-1755
-1566
-1679
-1387
-1186
-694
-266
112
599
907
1609
1193
2070
1634
1500
1366
625
337
-742
-1012
-1712
-2093
-2229
-2091
-2006
-1723
-1001
-956
-257
-38
473
688
924
1563
1290
1671
1851
1645
1500
1423
971
555
168
-16
-814
-754
-1070
-1346
-1011
-1255
-784
-771
-205
211
234
1036
1343
1107
1921
1355
1299
977
313
-24
-1012
-1326
-1946
-2288
-2442
-2351
-2174
-1886
-1273
-761
-354
180
781
931
1170
1716
1602
1667
1922
1530
1846
1386
1102
1296
288
338
-167
-590
-1139
-1194
-1522
-1812
-1472
-1436
-1367
-748
-212
-75
546
1118
1386
1495
2053
1770
1586
1438
678
136
-565
-1447
-1861
-2340
-2701
-2527
-2353
-2049
-1504
-799
-454
59
749
901
1159
1664
1808
1769
1820
2146
1563
1494
1561
625
498
161
-386
-1031
-923
-1429
-1751
-1383
-1539
-1398
-974
-415
-216
262
997
1212
1324
1856
1635
1410
1074
616
-105
-878
-1340
-1896
-2394
-2347
-2253
-2169
-1636
-1178
-751
-308
116
547
661
1047
1485
1609
1836
1990
2477
1825
2108
2036
1045
1043
436
-253
-978
-1091
-1767
-2029
-1721
-1855
-1592
-1042
-441
-129
495
1162
1487
1664
1983
1911
1533
1214
600
-88
-959
-1564
-2129
-2748
-2851
-2736
-2689
-2178
-1596
-1149
-454
107
709
1071
1507
2126
2085
2348
2678
2291
2281
2042
1485
874
398
-246
-962
-1302
-1716
-1932
-2053
-1666
-1672
-1138
-617
-75
406
801
1570
1701
1693
2121
1772
1246
892
232
-714
-1548
-1940
-2810
-3039
-2987
-2976
-2628
-2105
-1375
-1024
-107
420
956
1572
1950
2574
2489
2882
2993
2461
2597
1977
1335
691
147
-693
-1378
-1549
-2184
-2269
-2205
-1918
-1820
-1143
-578
-210
662
798
1586
1751
1668
2166
1547
1327
699
117
-789
-1747
-2025
-3031
-3190
-3156
-3062
-2634
-2060
-1183
-684
317
812
1390
1933
2192
2508
2474
2809
2267
2303
1934
1201
836
88
-405
-1176
-1271
-1759
-1890
-1662
-1677
-1244
-956
-436
-69
566
836
1096
1777
1552
1625
1936
1233
951
585
-322
-948
-1682
-2252
-2715
-2966
-2774
-2655
-2168
-1509
-1014
-278
287
831
1373
1838
2126
2644
2538
3001
2673
2321
2410
1294
887
209
-518
-1421
-1654
-2060
-2489
-2156
-2039
-1727
-1224
-443
-147
607
1186
1142
1999
1863
1730
2083
1330
956
362
-248
-1343
-1856
-2370
-3273
-2911
-3218
-2784
-2284
-1668
-882
-370
696
891
1709
2111
2353
2699
2719
2921
2366
2577
1862
1232
780
-30
-760
-1540
-1635
-2443
-2384
-2118
-2194
-1553
-1084
-452
28
888
1161
1596
2184
1914
2116
2143
1239
1040
244
-789
-1545
-2362
-3060
-3536
-3535
-3461
-2927
-2290
-1424
-593
336
1056
1702
2348
2546
3046
2904
3055
3172
2109
2636
1515
810
415
-470
-1304
-1864
-1871
-2865
-2203
-2073
-2001
-1149
-700
-80
371
1329
1235
1995
2295
1898
2313
1747
1396
516
93
-889
-2100
-2095
-3217
-3379
-3224
-3118
-2624
-1992
-1082
-591
414
991
1668
2153
2566
3047
2875
3029
3334
2090
2323
1685
299
75
-831
-1608
-2340
-2240
-2789
-2823
-2199
-1976
-1526
-698
140
426
1446
1762
2008
2662
2071
2185
2075
916
528
-177
-1211
-2227
-2539
-3205
-3809
-3368
-3317
-2926
-2096
-1194
-479
387
1548
2003
2776
3556
3677
3840
4222
3630
3001
3032
1432
591
-161
-1475
-2504
-3006
-3321
-4005
-3416
-2993
-2796
-1526
-806
98
1201
1894
2566
3062
3419
2962
3043
2557
1137
818
-545
-1811
-2717
-3489
-4309
-4540
-4167
-4124
-3190
-2083
-1201
115
974
2205
2606
3349
3797
3564
3808
3696
2579
2528
1779
319
-166
-967
-2114
-2680
-2609
-3046
-3076
-2076
-1804
-1379
-58
362
1021
1901
2084
2535
2692
2471
2006
2091
676
202
-554
-1882
-2468
-3273
-3700
-4056
-3641
-3409
-2642
-1661
-757
361
1132
2080
2755
2946
3561
3343
3364
3085
2985
1743
1683
1086
-674
-499
-1617
-2451
-2767
-2741
-3012
-3063
-1769
-1895
-1082
284
405
1446
2313
2284
2742
3211
2436
2121
2257
516
32
-681
-2104
-3065
-3320
-4312
-4474
-3786
-3729
-2570
-1637
-345
633
1490
2788
2961
3677
3878
3653
3723
3342
2701
1718
1574
-64
-1018
-1382
-2778
-3295
-3386
-3499
-3420
-2828
-1612
-1335
-53
1127
1536
2506
2920
3035
3294
2869
2207
1696
992
-538
-1278
-2146
-3559
-3968
-4406
-4739
-4478
-3712
-2721
-1779
-2
1256
2188
3604
4137
4286
4831
4152
3620
3244
2449
1031
50
74
-2309
-2595
-2664
-4036
-3920
-3339
-3108
-2700
-1328
-180
136
1635
2426
2603
3447
3476
3336
3507
2884
1646
1601
441
-1509
-1883
-2956
-4631
-4752
-4897
-5314
-4665
-3428
-2350
-1144
732
2120
3044
4217
4843
4529
4931
3960
3238
2498
1506
14
-1153
-1084
-3162
-3401
-3060
-3946
-3426
-2615
-1841
-1407
-233
1209
1103
2141
2959
2611
3181
2923
2811
2807
1630
1014
774
-666
-2112
-2127
-3688
-4478
-4799
-5055
-4777
-4228
-2740
-1588
115
1870
2810
4352
4771
4960
4871
4132
3248
2496
1033
0
-317
-2714
-2005
-2719
-3893
-2709
-2984
-2203
-1607
-615
440
408
1747
2240
1777
2603
2393
2247
2032
1392
2229
1037
-547
688
-877
-2275
-1991
-3077
-3230
-4368
-3628
-3245
-3551
-1723
-684
413
1775
2816
3923
3674
4059
3803
2668
2247
1431
448
-598
-844
-1160
-2832
-1553
-2194
-3263
-1187
-1477
-1248
-147
325
1012
409
1562
1852
556
1777
1701
987
1480
1543
2037
643
-446
1256
-1497
-2372
-1772
-3389
-3592
-4108
-3044
-2935
-2656
-162
-61
1620
2914
3144
4243
3371
3191
2693
1242
582
-80
-905
-1951
-1385
-1299
-2658
-606
-777
-1536
878
579
54
1543
1031
595
463
247
161
-741
160
355
-355
938
1711
1858
244
1328
1656
-1583
-715
-1459
-2880
-3277
-3767
-2637
-2978
-2648
-48
444
1134
2964
3009
3444
2890
1845
2032
-302
-453
-523
-1739
-1677
-1004
-172
-1255
375
538
-107
1133
280
605
433
-422
-66
-832
-642
-504
-992
703
612
711
1938
2637
3277
173
1408
1387
-2849
-1951
-2649
-4437
-3467
-4256
-2778
-1485
-1456
1198
2213
2994
3611
3897
4032
1911
1784
1243
-1684
-1001
-1550
-2345
-1983
-981
-417
-632
875
296
536
1288
12
366
225
-584
-820
-869
-578
-963
-358
1049
819
1692
2249
3455
3273
-289
2098
280
-4048
-1794
-3894
-5220
-3665
-4390
-2233
-1306
-649
2124
2412
3419
4394
3869
3818
1942
1279
732
-2091
-1502
-1342
-2818
-1940
-203
-852
266
1294
520
1060
869
291
158
-508
-920
-973
-1376
-642
-383
-461
1607
1773
1386
2911
4147
2519
-644
1162
-638
-4834
-3136
-3831
-5601
-3617
-3441
-1885
224
-93
2979
3673
2947
4279
3629
2291
965
196
-558
-2461
-1812
-1131
-1704
-513
954
978
1555
2064
284
976
754
-1697
-1014
-853
-2396
-1840
-749
-465
214
541
2873
2773
1920
3121
4217
2553
-1819
240
-1343
-6114
-3440
-4207
-5824
-2422
-2776
-1258
1875
1194
2456
4235
2939
2320
3182
1352
-674
-506
-994
-2497
-1605
-299
-1248
586
1851
-124
2437
1913
-1261
1219
73
-2386
-107
-1145
-1607
181
-1019
369
856
367
2355
1253
1373
1449
2803
1528
-2819
916
-1183
-5048
-1979
-2673
-3680
-1584
-1687
-502
1282
707
1629
2647
1974
1481
1441
967
-623
-757
40
-1749
-815
548
-308
865
1245
706
1617
662
-613
413
-721
-1401
-679
-1228
-705
-920
61
1083
392
1443
1937
1879
1040
1302
3875
-1189
-2741
1308
-3222
-5009
-1124
-2898
-3105
-472
-1344
504
1655
664
1925
2072
1141
1007
1049
356
-791
-128
-759
-561
405
-144
983
1262
270
899
1060
-488
-1278
-244
-771
-1704
-890
-302
-425
-214
900
1215
1139
1887
1565
1861
577
2117
2106
-3511
-324
-394
-5224
-2502
-1419
-3182
-1237
-812
-466
1408
392
1107
1959
817
1367
694
775
124
-220
275
-744
640
65
54
1575
246
267
1606
-433
-1287
498
-1012
-1257
-384
-769
-218
-691
211
1101
-153
540
1635
1416
743
349
3833
747
-4039
1541
-845
-5372
-1608
-1436
-2922
-1075
-943
394
1522
-16
1083
2305
759
565
1913
545
-307
20
-367
40
-533
-382
1034
793
65
990
1494
-560
-811
185
-861
-1138
-937
-421
109
-1093
193
1592
299
592
1902
1949
3
840
4066
-2109
-3273
1541
-2965
-4580
-1181
-1472
-1511
-615
-1028
1688
1439
-948
1029
2313
-184
-208
1869
241
-550
620
40
13
730
448
493
1327
263
333
755
-1289
-682
-60
-1526
-116
-290
-885
523
-222
300
1262
-336
1085
1677
-171
330
1890
2419
-2277
-1714
1883
-3526
-3409
-293
-2427
-755
-776
-1800
2101
878
-1422
2046
1781
-553
700
1595
-208
-588
670
-418
-88
419
53
1210
1051
160
1064
959
-1324
-675
340
-1830
-926
-156
-1051
-137
-299
174
1026
310
1007
1517
1128
-84
2167
3379
-3110
-1678
1653
-3886
-3100
-206
-2328
-589
-627
-1396
1622
565
-782
1107
1470
28
166
1343
18
-456
1196
-60
351
1335
686
849
736
314
5
-34
-1125
-1566
-705
-106
-1343
-787
1949
-225
-343
2901
648
-225
2181
956
-103
1
2113
1361
-4166
-774
284
-4338
-2115
-944
-1661
442
-1185
-428
2330
-141
-616
1763
891
-163
1110
624
-290
1098
444
-845
185
985
61
-368
1054
-103
-265
515
-1204
-601
311
-467
-879
394
431
-598
225
1071
698
738
1037
1002
232
767
2604
-1878
-2136
749
-2908
-3306
-1047
-1567
-1218
-585
-772
881
674
-380
471
917
785
691
860
775
770
534
-245
818
523
193
550
171
254
168
498
-615
-1014
15
-601
-1381
-396
362
-219
357
1324
1314
1210
1120
1412
591
115
2385
-690
-3264
42
-1803
-3341
-1496
-1568
-734
-67
-1945
150
1724
-737
-46
1367
466
518
1293
208
544
1656
-708
-16
1663
225
201
554
744
525
-490
-289
-676
-896
2
-1183
-989
1355
-379
-1151
2021
1203
-962
1546
1468
-456
250
1831
1562
-3124
-1363
792
-3653
-2601
-367
-1703
-370
-675
-826
1535
515
-802
824
1278
34
504
1560
170
-63
640
-146
356
-137
554
802
-579
678
829
-859
-1058
-45
-488
-1142
-522
193
313
-457
425
1873
239
129
1973
589
-542
1231
2652
-1503
-2695
561
-1974
-3441
-845
-1142
-1012
108
-1297
183
1624
-677
-218
1786
537
462
1170
546
591
785
-292
312
825
59
335
70
609
-29
-327
125
-1170
-617
-263
-856
-4
492
-212
-124
1631
535
6
1380
667
620
484
1515
208
-2623
-400
-1074
-3188
-1241
-1472
-1220
382
-1814
-726
1890
-502
-327
1378
525
901
1287
389
665
1390
-213
-387
1223
311
629
631
-118
828
11
-1030
-949
-804
-421
-526
-754
476
267
-518
795
916
453
600
993
1232
-83
1458
2309
-1975
-1820
161
-2061
-2797
-1583
-1166
342
-665
-2694
1246
1294
-2487
98
1861
-39
852
1532
672
793
674
316
953
931
624
682
-82
-201
543
-245
-1119
73
40
-1004
-270
12
-126
304
-30
294
709
-95
878
1936
-382
-8
2807
193
-2950
-622
-128
-2837
-2692
-1054
-735
-302
-1248
-1342
1177
601
-1273
118
1723
715
46
1440
898
722
848
-189
762
837
-39
59
351
609
131
-866
-670
-131
-685
-889
-425
341
27
-249
908
901
549
536
818
1162
-114
829
1813
-1741
-1604
275
-2498
-2556
-515
-1896
-622
98
-1771
412
1282
-653
-13
1202
973
885
828
432
1393
725
-836
573
1024
267
-269
353
813
-102
-494
-886
-859
143
-641
-1456
551
648
-566
653
1417
703
150
928
1196
123
310
2147
293
-2663
-593
-1138
-3031
-1577
-1263
-1289
-86
-802
-799
841
42
-417
616
815
1018
1346
800
595
1141
380
-283
988
683
-555
482
562
-278
358
-53
-1069
73
-343
-1156
155
309
-354
411
1104
775
536
814
762
625
962
693
-1084
-1366
-885
-2169
-2125
-1246
-1369
-826
-220
-805
-465
601
-31
-11
1027
884
981
977
329
987
1515
-313
59
1671
-347
-760
855
428
53
-174
-1067
-600
-257
-1128
-151
458
56
416
247
769
921
177
509
561
651
1289
4
-1890
-915
-1080
-2809
-1798
-988
-1267
-673
-374
-397
409
708
-122
589
1208
727
1143
651
250
1400
629
-517
1547
662
-1054
571
445
-73
203
-817
-911
-242
-419
-359
221
703
768
378
747
1154
556
284
364
584
1145
254
-1518
-1207
-961
-2444
-2237
-1310
-1260
-794
-927
-780
90
529
18
133
1029
996
785
947
507
861
1163
-352
607
1580
-792
-258
920
-117
5
78
-1074
-497
17
-415
94
589
494
290
447
677
520
485
272
399
1337
703
-1114
-1283
-1173
-2068
-2324
-1859
-1333
-884
-994
-807
-215
590
365
132
928
1230
1369
1282
277
838
1504
84
321
1286
-336
-373
400
57
69
-172
-748
-371
-824
-721
420
334
265
952
736
780
1017
660
354
925
1170
110
-943
-1791
-1522
-1999
-2878
-2066
-1007
-938
-1026
-700
6
644
611
438
945
1322
1158
761
523
709
1147
282
288
799
-95
33
199
-35
357
62
-535
-654
-614
-319
-52
503
718
643
930
769
520
663
451
741
1042
265
-1125
-1427
-1602
-2255
-2076
-1673
-1065
-346
-656
-407
165
386
653
494
912
1282
1008
823
315
647
835
-170
68
358
-80
181
-45
83
443
-533
-954
-629
-479
-347
-21
909
1209
834
1060
824
787
921
265
719
787
-1043
-1544
-1470
-1978
-2234
-2389
-1740
-625
-611
-856
-155
997
1022
702
1083
1405
1289
1155
464
715
1277
91
116
369
-458
49
-214
-436
243
-146
-394
-507
-702
-153
-26
181
831
962
713
583
803
933
321
582
1129
-158
-1237
-1574
-1526
-1872
-2271
-1976
-1156
-802
-1247
-786
-86
59
640
530
852
1707
1394
882
546
1083
928
414
167
-70
466
-44
-706
25
27
-425
-674
-903
-152
294
145
1080
1262
875
907
638
778
367
346
700
-289
-1472
-1854
-1423
-2001
-2199
-1852
-1107
-236
-707
-802
78
638
703
546
869
1312
1305
1009
442
721
1061
413
262
-20
188
196
-555
-233
126
-293
-461
-782
-675
27
256
807
1023
737
869
764
518
380
267
980
79
-1642
-1501
-1387
-1896
-2029
-2035
-1104
-285
-1007
-1108
-230
129
470
513
504
1382
1592
979
515
926
1389
674
462
139
407
720
-125
65
533
188
-29
-676
-556
319
397
600
687
561
825
364
171
258
103
956
-184
-1697
-1420
-1420
-1811
-1977
-1969
-1047
-233
-1016
-1201
-310
256
681
359
203
1160
1430
692
210
885
1277
500
329
193
385
601
-102
-129
304
-72
-407
-530
-499
9
310
669
951
805
838
704
595
372
328
810
-134
-1459
-1568
-1519
-1802
-1922
-1848
-1123
-375
-885
-1024
-110
312
558
449
632
1393
1446
691
465
827
963
505
473
307
370
437
-134
-141
130
-283
-441
-535
-618
111
301
522
835
605
931
808
601
438
165
968
-3
-1798
-1500
-1367
-1763
-1818
-2056
-1041
-138
-995
-1005
-204
213
579
399
451
1157
1329
551
330
880
971
408
613
676
158
434
163
-46
161
-270
-328
-185
-568
31
372
573
987
516
699
837
472
423
127
584
336
-1398
-1600
-1050
-1276
-1484
-1624
-821
-1
-414
-726
-336
335
625
332
523
890
989
594
7
351
754
203
408
691
144
360
198
-245
102
-269
-619
-275
-479
-224
152
192
626
653
493
690
778
624
133
506
464
-967
-1395
-1324
-1658
-1322
-1719
-1537
-295
-364
-672
-368
-8
834
1066
707
999
1344
1048
341
256
662
99
251
581
-196
-55
284
-130
-306
-429
-391
-169
-450
-407
492
1106
775
408
647
964
814
368
-186
700
479
-1540
-1709
-1105
-1196
-1414
-1799
-1216
-84
-507
-1209
-568
131
366
291
293
928
1232
727
446
791
711
648
743
47
101
319
61
-121
-186
-173
-61
-235
-507
-94
891
1018
450
512
946
893
499
-272
221
695
-1329
-2028
-1582
-1411
-1270
-1787
-1587
-299
-161
-902
-644
46
628
816
702
897
1219
1243
732
435
679
904
758
-216
-186
293
142
-336
-503
-1
106
-422
-600
-43
947
1089
746
781
1150
1250
520
158
529
-57
-1210
-1982
-1828
-1555
-1679
-1692
-1296
-864
-535
-781
-653
131
615
812
955
963
1274
1055
794
498
338
691
1
-489
-263
-69
2
-430
-533
-1
56
-311
-155
581
1056
1137
781
954
1338
1012
164
74
-15
-1083
-1706
-1723
-1702
-1429
-1646
-1537
-794
-623
-631
-388
-267
244
789
756
1097
1174
883
912
616
340
800
214
-301
-112
-74
264
-74
-474
314
45
-237
270
358
995
1159
654
1162
1149
634
289
-67
-273
-1218
-2056
-1631
-1451
-1723
-1646
-1366
-847
-574
-689
-479
185
484
671
915
1089
1160
789
674
644
603
322
-187
-30
-372
33
316
-116
230
333
-75
425
683
688
1234
1124
1060
1193
768
639
38
-445
-1056
-1797
-2050
-1476
-1777
-2573
-1733
-1155
-530
-519
-791
237
959
725
879
1115
1372
1234
612
602
741
278
434
-49
-238
-114
-253
148
-28
-310
48
142
283
614
498
656
887
763
734
619
243
-214
-548
-626
-1028
-1423
-1383
-1189
-1068
-1132
-946
-426
-272
-284
-325
-67
479
624
508
691
675
500
819
410
-321
56
-48
174
-12
-389
314
666
117
325
589
877
1204
819
990
1307
1016
732
132
46
-306
-1195
-1428
-1410
-1583
-1683
-1683
-1495
-1097
-1069
-985
-595
84
261
515
771
939
802
752
908
7
-93
107
-176
188
-214
125
795
551
611
861
997
1491
1122
1108
1325
931
716
10
-511
-447
-1189
-1759
-1579
-1800
-1700
-1659
-1809
-1303
-1035
-1022
-580
-87
305
573
462
928
754
116
403
59
212
278
-42
455
798
808
1121
1327
1489
1710
1546
1478
1498
992
776
227
-154
-500
-1276
-1400
-1486
-1738
-1972
-1904
-1639
-1447
-1403
-1334
-736
-370
-170
142
114
359
360
285
431
315
407
640
746
950
1229
1320
1534
1742
1637
1616
1566
1429
1057
649
264
-253
-647
-1056
-1480
-1637
-1790
-1927
-1895
-1969
-1910
-1704
-1541
-1146
-918
-662
-207
-53
316
547
625
1010
1156
1285
1435
1498
1613
1667
1527
1438
1311
1158
1006
443
85
-20
-394
-729
-1148
-1479
-1505
-1671
-1850
-1886
-1795
-1539
-1364
-1266
-854
-527
-275
131
244
490
914
1215
1454
1451
1700
2009
1909
1842
1687
1457
1352
1000
508
168
-199
-426
-789
-1218
-1375
-1682
-1803
-1763
-1869
-1779
-1565
-1404
-1116
-812
-597
-298
-37
173
389
673
1007
1174
1265
1551
1733
1667
1612
1513
1410
1255
915
536
236
9
-297
-708
-919
-1150
-1400
-1454
-1470
-1517
-1511
-1344
-1094
-987
-750
-457
-283
-28
122
233
449
708
866
948
1145
1394
1473
1398
1335
1250
1099
923
610
324
195
-63
-364
-638
-884
-947
-1117
-1275
-1286
-1231
-1088
-955
-866
-647
-423
-284
-74
20
96
340
436
532
646
753
986
1054
1018
1070
1055
1034
901
599
464
313
10
-197
-405
-579
-761
-955
-920
-942
-1004
-932
-834
-655
-477
-436
-241
-9
88
195
282
490
601
526
644
793
823
806
703
669
669
538
307
106
-7
-104
-293
-495
-618
-729
-802
-885
-931
-914
-845
-724
-630
-484
-324
-199
-58
97
193
285
421
508
593
676
757
812
778
733
662
584
477
264
91
6
-90
-232
-401
-504
-542
-643
-761
-817
-767
-678
-655
-565
-383
-217
-107
-25
106
263
385
440
469
602
750
694
597
629
610
495
325
178
141
8
-181
-256
-325
-391
-505
-597
-560
-563
-605
-583
-539
-420
-341
-312
-167
-60
30
122
193
344
420
414
482
557
585
521
439
456
383
261
186
57
-43
-106
-214
-330
-380
-385
-431
-500
-450
-394
-398
-331
-260
-191
-68
28
85
187
282
346
370
368
392
376
358
318
214
165
136
59
-6
-89
-160
-176
-202
-258
-321
-305
-249
-267
-271
-220
-171
-117
-72
-43
12
92
134
153
202
241
232
232
247
204
148
139
106
35
-13
-54
-95
-101
-130
-193
-210
-162
-157
-195
-174
-119
-80
-44
-32
-20
67
137
106
87
154
205
162
122
133
130
118
68
-20
-26
-7
-63
-128
-138
-123
-126
-134
-109
-98
-75
-16
-7
-11
28
35
36
63
68
41
25
69
81
16
14
46
32
32
5
-30
-4
10
-41
-88
-30
7
-50
-31
-1
-14
33
6
-33
43
38
14
29
18
62
25
-38
17
-11
-50
-33
-80
-39
-4
-57
-33
-9
5
34
12
38
54
33
69
39
7
34
0
10
26
-38
-14
18
4
14
-38
-30
42
5
-30
-27
-31
8
-9
-83
-73
-15
-17
-66
-49
-2
4
38
35
1
55
87
58
38
33
68
64
32
27
-18
16
64
-53
-74
12
-14
-45
-64
-68
-14
-14
-44
-52
-23
37
13
-35
12
58
29
-14
-2
19
-8
-7
-10
-23
22
30
3
26
30
30
30
0
9
10
-9
5
1
-2
10
-4
10
8
-31
11
15
-70
-16
65
-35
-78
38
49
-40
-42
8
7
-22
-34
-42
-33
11
1
-47
10
56
0
13
53
22
35
36
12
56
29
-23
45
44
-28
-3
16
-13
-29
-30
-4
-21
-67
-24
3
-42
-57
-28
-7
-14
-30
-25
-4
26
15
-17
20
46
24
26
25
41
50
10
37
47
-18
6
26
-30
-22
-13
-32
-10
-15
-32
-3
14
3
0
12
5
-8
2
-13
-22
-5
-16
7
17
-29
19
54
-19
-12
23
2
-4
-23
-5
41
-9
-30
17
5
-4
-16
-44
10
23
-32
0
37
17
24
20
0
14
23
-6
-32
-11
11
-13
-34
-10
13
2
-21
-9
25
18
-6
1
19
23
15
-11
-8
23
1
-35
-15
-2
-24
-26
-14
-17
-6
5
0
10
35
23
4
21
28
-13
-26
9
-3
-31
-8
5
5
13
6
12
17
-1
4
10
-12
-16
0
-9
-28
-9
3
-25
-21
14
6
-13
16
36
6
13
43
14
1
25
4
-13
-13
-25
-19
-20
-22
-11
-13
3
18
-4
2
22
11
-2
-13
-5
7
-21
-29
4
-1
-17
8
20
-2
7
34
13
-2
24
10
-9
10
0
-13
-3
-7
-8
-3
-17
-9
0
-5
-9
-17
-8
11
-6
-18
4
15
5
-10
-1
17
5
-1
7
7
17
19
-1
0
20
25
0
-13
10
15
-20
-25
-6
-9
-25
-16
-4
-18
-6
15
-2
-3
22
19
0
1
16
-3
-25
3
0
-39
-26
2
-7
-20
-4
16
30
32
15
24
56
24
-10
2
7
-14
-40
-31
-10
-30
-27
-10
-23
0
14
-12
8
38
27
18
21
32
20
4
7
-3
-6
-9
-22
-14
-17
-35
-23
-8
-9
-13
-12
12
20
2
0
11
28
18
-12
-7
10
0
-13
-18
-3
15
5
-6
14
29
17
4
22
28
-2
-14
7
-7
-35
-18
-1
-21
-29
-9
-4
-26
-18
11
-5
-22
15
29
-8
0
43
27
-6
18
47
10
-13
17
15
-24
-21
0
-13
-19
-4
0
-11
-4
6
-5
-10
0
-8
-3
6
-5
-11
3
13
6
-12
-1
25
11
-22
-1
26
-6
-39
-4
21
-19
-32
10
22
-1
-3
17
27
15
0
1
17
12
-7
-4
12
10
-4
-5
6
8
-8
-20
-7
1
-14
-22
-4
2
-12
-9
4
3
-4
0
9
-1
-11
4
15
-9
-20
12
19
-11
-12
22
16
-11
-4
11
4
-3
-6
-6
2
3
-7
-3
17
14
-3
4
23
17
0
1
13
7
-12
-14
0
-5
-24
-25
-9
-15
-28
-21
-13
-18
-18
-6
-4
-5
3
13
13
17
22
22
24
33
28
15
21
30
14
-1
3
7
-4
-17
-22
-19
-13
-22
-37
-28
-9
-20
-31
-12
0
-2
-12
-4
16
16
5
0
19
32
9
-2
20
30
6
-2
4
11
7
-3
-8
-7
7
-6
-23
-1
3
-13
-12
1
4
-3
-4
2
7
3
-6
2
13
0
-4
9
7
-1
1
2
0
0
0
0
0
-1
-5
1
1
-4
-5
-3
0
-1
-15
-12
8
-4
-19
0
12
-9
-7
17
9
-5
7
21
12
0
8
20
3
-4
8
5
-6
-3
-3
-10
-8
-12
-16
-6
-8
-18
-8
3
-5
-11
-1
5
-1
-2
6
7
3
8
10
2
8
16
5
3
18
9
-2
6
6
-5
-5
-4
-8
-8
-10
-12
-14
-10
0
-11
-16
4
6
-2
0
2
10
15
0
1
13
8
-3
-3
-3
-4
-3
-4
-7
-2
8
0
-4
12
14
2
4
21
8
-2
12
8
-10
-3
3
-17
-18
-2
-13
-22
-9
0
-13
-5
7
-2
0
6
2
1
6
3
-2
1
6
-5
-6
7
-1
-2
11
1
-2
16
14
-2
3
18
5
-3
10
4
-8
-1
5
-8
-14
2
-4
-15
-2
0
-8
-6
0
0
-5
-5
1
0
-4
0
0
0
0
-2
1
4
0
4
8
3
5
9
5
2
3
0
-5
0
1
-5
-5
-1
-3
-9
0
3
-1
3
9
0
-1
4
1
-3
0
-1
-4
0
1
-2
-5
1
7
0
0
0
1
6
3
-7
-4
1
-1
-6
-6
-3
0
0
0
0
2
9
7
1
0
4
6
1
-4
-5
-2
-1
-5
-5
-1
0
1
-1
-3
5
7
0
-2
5
0
-5
0
-2
-4
1
1
-5
2
10
1
-1
9
8
0
0
6
1
-2
1
0
-6
-1
1
-8
-11
0
-3
-13
-9
-4
-10
-7
0
-2
-2
4
6
3
7
9
6
8
9
9
5
6
5
4
5
2
-1
1
0
-5
-5
-6
-7
-8
-5
-7
-8
-5
-3
-4
-4
0
0
-1
1
0
0
3
1
2
5
1
3
5
3
2
2
7
3
0
4
3
2
2
3
0
2
1
-1
-4
-3
-5
-8
-10
-7
-7
-8
-5
-2
0
0
2
0
0
2
0
0
0
-2
0
3
2
3
5
7
8
6
5
4
1
1
0
-5
-8
-4
-2
-3
-5
-2
2
-1
-3
1
1
0
-4
0
2
-1
0
-1
0
3
0
0
4
3
0
1
3
0
-2
0
-1
0
-1
-2
1
2
-1
0
1
2
0
-2
2
3
-3
-2
0
0
0
0
-1
-1
-2
0
-3
-4
-1
-2
0
1
-2
-1
0
0
0
1
2
1
1
0
-1
0
1
0
0
0
0
0
1
0
0
1
-1
0
1
-1
-1
-3
0
2
1
-1
1
1
1
0
0
2
0
0
0
0
-2
-2
0
1
0
-2
0
0
-1
0
0
0
2
-1
-1
1
1
0
1
1
2
1
1
0
-3
-1
0
0
0
1
2
0
0
0
0
0
-1
0
-1
-1
0
1
0
0
1
0
0
0
-1
-2
1
2
0
0
-2
-3
-2
0
0
0
0
0
0
0
0
0
0
0
0
1
1
2
1
0
1
1
2
1
0
0
1
0
0
0
1
0
-1
-2
-1
0
-1
-2
-1
-1
-2
-2
-1
-1
-2
-1
0
0
0
3
1
-1
0
1
1
1
1
1
0
0
0
0
0
0
0
1
0
1
1
0
1
0
2
0
0
1
0
-2
-1
0
0
0
0
0
0
0
-1
0
-1
-1
-1
0
2
0
-1
0
0
0
-1
0
0
-2
0
0
0
-1
0
0
0
0
1
0
-1
1
1
1
2
1
1
1
0
0
2
0
0
1
0
0
-1
0
-1
-2
0
-1
-1
0
-1
-1
0
0
0
-1
1
3
1
0
1
0
0
0
0
2
1
0
-2
-1
-1
-2
-1
0
0
0
0
0
0
2
1
-1
0
1
0
0
1
0
1
2
0
0
1
0
0
0
-1
-1
0
0
0
0
0
0
0
0
-1
-1
-1
-1
-2
0
1
0
1
1
-1
0
1
0
0
0
0
-1
0
1
1
0
0
0
0
1
-1
-1
0
-1
2
0
0
0
-1
2
0
0
0
0
0
0
0
1
0
0
0
0
0
1
0
0
0
1
2
0
-2
0
1
2
-1
-2
1
-1
-3
-1
0
0
0
0
0
0
0
0
0
0
0
0
0
1
0
0
1
0
-1
1
1
0
0
0
1
0
0
0
-1
0
0
0
0
0
0
0
0
0
0
0
0
-3
0
0
-1
-1
0
0
0
0
1
0
0
1
1
0
2
1
0
0
0
0
-1
0
2
1
-2
0
0
0
-1
0
0
-1
-1
-1
0
0
0
-1
-1
0
0
0
0
0
0
0
0
0
1
0
0
-1
0
0
1
0
0
0
0
0
0
0
0
0
0
0
1
0
0
0
0
0
0
0
1
0
0
0
0
1
0
-1
-2
0
0
0
0
1
0
0
0
0
0
0
0
0
0
-2
-1
1
0
1
1
0
0
-1
-1
1
1
1
-1
-1
-1
0
1
0
0
1
3
0
0
-1
1
0
-3
0
-1
-2
0
0
1
1
0
0
1
0
-1
-2
0
-1
-1
0
0
1
0
1
1
1
0
0
0
0
0
0
0
2
0
-1
0
0
0
0
0
1
0
0
0
-1
0
1
-1
0
0
0
0
0
-1
0
0
1
0
0
0
0
0
0
0
0
0
0
1
2
0
0
-1
-3
0
0
0
0
-2
-1
1
0
0
0
-1
2
0
1
1
0
0
-1
-1
0
1
1
0
1
0
0
1
-1
0
1
0
0
1
1
0
0
-1
0
-1
-1
-1
-1
-1
0
1
0
1
1
0
0
0
0
0
-1
-1
-1
1
0
0
2
0
0
0
0
0
0
0
-1
-1
-1
-1
-2
-1
1
2
1
1
1
-1
0
0
-2
0
0
-2
0
0
1
2
0
-1
2
2
0
0
1
0
0
0
0
2
1
0
0
1
2
0
-1
0
-1
0
-1
-1
-2
0
0
0
0
0
1
1
2
0
0
0
-1
1
0
0
1
0
-1
0
0
0
0
0
0
0
-1
0
0
0
-2
-2
-3
0
3
0
0
-1
0
1
1
0
0
0
-1
1
1
1
1
0
0
0
2
1
0
0
0
1
2
3
1
-2
-1
0
1
1
-2
-2
0
0
0
-1
0
-1
-1
0
0
0
0
0
0
3
0
-2
0
2
1
-1
-1
0
0
2
-2
-1
0
1
-1
-2
1
0
-1
-2
-1
0
1
0
0
0
0
-1
0
0
0
0
0
2
1
2
0
0
0
-3
1
0
0
1
0
0
0
0
-1
-1
0
0
-1
-1
0
0
0
-1
0
0
0
2
0
0
2
0
0
0
0
0
1
0
-2
0
0
0
1
-1
0
0
-1
-4
-1
1
2
1
1
0
2
0
-1
0
1
0
0
-1
0
1
0
0
-1
-3
-2
0
0
-1
0
0
0
-1
-1
1
3
1
-1
-1
1
0
0
2
-1
0
0
-1
0
0
0
0
0
-1
-1
0
0
0
0
-2
0
3
2
0
1
1
-1
0
0
0
1
0
0
1
-1
-1
-1
0
1
0
1
0
-1
1
0
0
2
2
0
0
0
0
1
0
1
0
-1
0
-1
0
0
1
1
-1
0
0
0
-1
0
-1
-3
0
0
-2
0
0
0
-1
-1
0
0
0
0
0
1
0
0
0
0
1
1
1
2
2
0
1
0
-1
1
0
1
1
0
2
0
0
0
-1
0
0
-2
0
0
-1
0
1
0
-3
-1
-1
0
0
0
-2
-1
0
0
-1
0
0
0
0
0
1
0
0
0
0
0
0
0
3
3
1
2
0
0
0
-1
0
0
0
0
0
-1
0
0
2
0
-2
0
0
-1
-1
0
0
0
0
-3
-2
-1
1
0
-3
0
0
0
1
1
0
0
0
0
0
0
1
3
2
0
3
2
-2
-1
0
0
0
0
1
0
1
0
-4
0
1
-1
0
-1
-1
0
-2
-2
-2
-1
-1
0
1
2
0
0
0
1
1
1
0
0
0
0
4
2
2
-1
-3
0
1
0
0
-1
-1
0
2
0
0
-1
0
1
0
-1
-1
0
1
-1
-2
0
0
-1
0
1
1
0
-1
0
-1
1
0
0
0
0
2
0
0
-1
0
0
1
2
0
0
-1
-2
-1
0
-1
0
-1
0
0
0
0
0
1
0
0
1
0
0
0
1
2
1
2
3
0
1
0
0
0
1
0
-3
-1
-1
0
0
1
0
-2
0
1
-2
-4
0
1
0
-2
0
0
-1
1
-1
-1
2
2
-1
0
1
-1
0
3
2
1
0
0
0
-1
0
1
-1
0
-1
0
0
0
0
0
0
-2
-1
-1
0
0
0
0
1
1
0
0
0
0
0
0
-2
-2
1
0
-2
0
0
-1
0
0
-1
0
1
0
0
0
0
0
0
0
0
1
1
0
-1
0
0
0
1
0
2
2
1
0
1
0
0
-2
-1
1
-1
-1
1
-1
0
1
2
1
-1
-2
0
1
-3
-1
-1
0
-1
-1
0
0
2
1
-1
0
2
0
0
1
0
0
0
0
0
-1
-1
0
-2
0
1
1
0
0
1
1
-1
1
0
-1
-2
0
1
0
0
0
1
0
0
1
1
0
1
1
0
0
1
0
1
0
-1
0
0
0
-1
-1
-1
0
-1
-1
-1
0
0
-1
-1
0
0
0
0
-1
-1
0
4
3
0
0
1
0
0
0
0
-1
-3
0
0
-1
-1
-1
-2
-1
1
0
0
1
0
1
1
0
1
0
0
1
1
0
2
2
1
0
-1
0
0
-1
0
-2
-2
-1
-1
-3
0
0
-1
0
0
0
0
-1
0
0
0
1
1
0
0
1
0
1
0
0
0
0
2
0
-2
0
0
0
0
2
3
0
2
1
0
1
0
1
0
1
1
1
1
0
0
0
0
-3
0
0
-3
-1
-4
-3
-1
-1
-2
0
0
0
0
1
0
0
0
0
-1
0
0
0
0
0
0
0
0
0
0
0
1
1
0
1
1
0
-1
-1
0
0
1
2
1
1
1
1
0
1
1
0
-2
0
-1
-2
0
0
0
-1
0
-1
0
1
-1
0
0
0
-1
-2
0
0
1
-1
0
1
0
0
0
1
1
0
0
1
0
1
1
0
1
0
2
2
0
1
0
0
-1
-2
-1
-2
0
1
1
-1
0
0
1
0
-1
0
0
0
0
-1
0
0
1
1
-1
0
0
0
0
0
-2
-1
1
-1
0
0
0
0
0
2
0
0
-1
0
0
0
1
0
1
2
2
2
0
1
0
-1
-1
-1
-1
-1
0
0
-1
0
1
0
1
-2
-1
0
-1
0
0
0
1
0
0
2
0
1
1
0
0
-1
0
2
0
1
4
0
0
0
-1
-1
0
-1
-3
0
-2
-1
0
-2
1
-1
-4
0
0
0
0
-2
1
1
0
0
1
0
1
0
1
0
0
3
1
0
1
0
0
0
-3
2
2
0
0
0
1
0
-1
0
0
0
0
0
0
0
1
0
0
0
0
0
0
0
0
0
0
0
1
1
1
0
0
1
0
-2
-1
0
0
0
-3
-1
-1
-1
0
-1
-1
0
-1
0
0
-1
0
1
2
0
0
-1
0
0
1
1
1
1
1
1
0
-1
1
0
-1
0
0
0
-1
-2
0
0
0
0
0
1
2
1
1
-1
0
1
0
1
2
0
0
-2
-2
-2
-1
0
1
1
1
0
-1
0
1
0
0
-1
0
1
1
0
0
1
0
-1
-2
0
1
0
1
1
1
0
1
0
-3
0
1
0
0
0
1
1
-2
-3
-3
-1
0
-2
0
-1
-1
1
0
1
1
0
0
0
0
0
0
-2
0
2
0
-2
0
0
-2
-1
0
3
1
-2
-1
0
0
0
-1
1
2
0
1
2
1
0
1
1
1
0
0
-1
-1
0
0
-2
-1
0
0
1
0
-1
-2
-2
0
0
0
0
0
1
1
1
-2
0
0
-1
1
2
0
-1
0
1
-1
0
0
0
0
1
0
0
0
2
0
1
2
0
0
2
0
0
0
0
-1
0
0
0
-1
0
0
0
0
0
0
-2
-3
0
0
0
0
0
-2
0
0
0
1
0
2
1
0
2
0
-1
0
1
0
0
0
0
-1
-2
-2
0
0
2
0
-1
0
0
0
0
2
1
2
0
-2
-1
0
0
0
0
0
-1
0
0
-1
0
2
3
1
0
0
-1
0
2
1
0
1
0
0
0
-1
0
-1
-2
0
-1
0
0
0
0
0
0
0
0
0
0
1
0
0
0
0
0
0
0
0
0
1
0
-2
-1
0
0
0
0
0
0
-1
0
2
0
1
0
0
0
0
0
-1
0
2
1
-1
-1
0
0
0
0
0
0
0
1
-1
0
1
3
0
0
1
0
1
-1
-2
0
0
0
-1
-1
-1
0
1
0
-1
0
0
-1
0
0
0
0
-1
0
1
0
1
1
0
0
1
0
0
0
2
1
0
0
0
0
1
0
-1
1
-1
-1
0
0
1
0
0
0
1
0
0
0
0
2
0
-1
0
-1
-1
0
0
0
1
-2
-2
0
1
0
0
-1
0
-1
-4
-1
-2
-1
1
-1
0
1
0
2
3
0
0
0
2
3
0
1
1
1
1
1
0
0
0
0
0
0
0
0
0
0
0
-2
0
0
0
-1
1
-1
0
0
-1
0
-1
-1
0
0
-1
0
-1
0
1
0
0
-1
1
0
0
1
0
0
0
1
0
0
0
0
1
0
1
0
0
1
0
0
1
1
1
0
0
0
0
0
-3
0
1
0
0
0
-1
-1
1
0
-2
0
-1
0
1
1
0
0
0
0
1
1
3
0
0
2
-2
-3
1
-1
-1
0
0
-2
-1
0
0
-1
0
0
0
2
-3
-2
1
1
0
0
0
0
-1
2
2
0
0
1
0
1
1
1
0
0
0
1
0
0
-2
-1
1
0
-1
0
-1
-1
-1
1
0
-3
0
-1
-1
0
0
1
1
0
-1
0
0
0
1
1
0
0
0
1
0
0
1
0
0
-1
-1
0
0
0
0
-2
-1
1
0
0
2
0
0
0
-1
-1
0
-1
0
3
1
0
1
0
0
0
0
0
-2
-1
0
0
0
1
0
0
0
-2
0
1
0
0
1
0
-1
1
1
0
1
1
-2
0
1
0
-1
2
0
0
1
1
1
1
0
0
-2
-2
0
-2
0
0
-2
0
-1
0
0
1
0
0
0
-1
-1
1
1
2
2
1
1
2
1
0
0
0
1
1
0
0
-1
0
-1
0
-1
-3
-2
-1
0
0
-1
-2
0
0
0
0
0
-1
0
0
0
1
1
0
0
0
0
0
2
0
0
2
0
0
0
-3
0
0
-2
-2
0
1
-1
0
2
0
-1
0
0
-2
0
0
0
0
0
1
0
0
0
0
-1
0
0
0
1
0
0
1
0
0
0
0
2
1
0
0
-1
0
0
0
-1
-1
0
0
0
0
0
0
0
-1
-1
0
0
-2
0
0
-1
-1
-1
0
1
0
0
0
0
0
2
1
0
0
0
0
1
-1
0
-1
-1
0
-2
1
0
0
1
2
1
0
0
0
0
1
0
-1
-1
-2
-1
-1
-1
-1
0
1
0
-1
0
0
-1
1
0
0
1
2
0
2
2
1
1
1
1
1
1
0
0
0
0
-2
-1
-1
-2
-2
0
-3
-1
0
-2
-1
0
0
-1
0
-2
0
4
2
1
0
1
1
0
2
0
-1
0
1
0
0
-1
-1
-1
0
0
0
0
0
0
-1
0
0
-1
0
2
0
0
0
1
0
0
0
0
-1
-1
0
0
0
1
0
-1
0
0
1
0
0
1
0
0
0
0
0
0
0
0
1
0
0
0
0
0
-3
2
0
0
0
0
0
0
0
0
0
0
0
0
0
2
0
0
1
-1
2
0
-1
0
0
-1
0
-1
-1
0
0
-1
0
1
0
-1
0
0
0
0
0
0
-1
0
0
-2
0
0
0
0
0
0
1
1
0
0
0
2
0
-1
1
0
0
1
0
0
3
0
0
0
-1
-1
-1
0
0
0
0
0
0
0
0
-1
0
0
-1
0
1
-1
0
2
1
0
0
0
0
0
0
-1
0
1
3
0
0
1
0
-1
0
0
1
1
0
-1
0
0
-1
0
0
0
0
0
-2
0
0
0
0
0
0
0
0
-2
0
0
0
0
0
0
0
0
0
0
0
0
-1
1
2
0
1
2
1
0
0
2
2
0
0
0
0
-1
0
0
0
0
0
-2
-3
0
-1
0
0
0
-1
0
0
0
1
0
0
2
0
-1
2
3
1
0
0
0
-1
0
0
0
0
0
-2
0
0
0
0
0
1
0
-1
0
3
0
1
2
1
0
-1
-1
-1
0
0
0
-3
0
0
0
0
0
1
0
1
0
-1
0
0
0
-1
0
0
1
0
0
1
1
0
0
1
0
-1
0
0
0
-1
0
0
-1
0
2
1
0
0
0
1
0
0
0
0
0
0
1
-1
0
-1
0
0
-1
0
0
-1
0
1
-2
-2
0
0
0
1
0
0
1
1
0
-3
0
2
1
-2
0
0
0
0
-1
-1
0
0
1
0
0
0
2
-1
-1
0
0
0
2
0
-1
-1
0
0
0
1
0
0
0
1
0
-1
1
-1
0
0
1
0
-1
0
0
0
0
0
0
1
0
0
0
0
0
2
0
0
1
0
0
0
0
0
0
0
-1
0
0
0
0
0
1
-1
-1
2
-1
0
1
0
0
0
1
1
0
0
-1
0
2
0
0
0
0
0
-1
-1
-2
0
1
2
-1
-1
1
0
0
0
0
0
0
1
0
-1
0
0
-1
-1
0
0
1
0
-2
0
0
-1
0
0
-1
0
0
3
1
0
0
0
1
0
0
0
0
1
-1
0
1
0
-1
-1
0
0
-1
0
0
1
0
-1
-1
0
1
1
0
0
1
1
0
1
0
0
0
0
0
-1
0
-2
0
0
-2
-1
-1
0
-1
0
0
-2
-1
0
0
0
0
1
1
1
1
0
0
0
0
2
2
1
0
0
1
1
0
-1
0
-1
0
-1
-2
0
-1
-1
0
0
-1
-1
-2
0
1
0
0
0
-1
0
1
1
1
0
0
0
1
0
0
1
0
2
1
1
0
0
0
-1
0
-1
-1
-1
0
1
0
-1
0
1
0
0
-1
0
0
0
0
0
0
0
0
0
-1
-2
1
1
0
0
0
-1
0
-1
-1
0
-1
-1
1
0
0
0
-1
0
2
0
1
0
0
1
1
1
2
0
2
-1
-1
0
0
0
0
0
-2
-2
0
1
-1
-1
-1
-1
-1
0
0
0
0
0
-1
0
1
1
1
1
1
0
1
2
1
2
0
-1
0
0
0
0
0
0
0
-2
-1
-1
-3
-2
0
-2
-1
-1
-1
0
-1
0
0
1
1
0
2
1
0
1
2
1
1
1
0
1
0
0
1
0
-1
0
0
-3
-3
0
0
-1
0
-1
0
0
0
0
1
0
1
0
0
1
0
1
0
1
1
0
0
-1
-2
0
-1
-1
0
0
0
0
0
0
0
0
0
0
1
0
0
1
-1
0
-1
-1
0
-1
0
0
0
-1
-1
0
1
1
0
0
0
0
1
0
1
1
0
1
1
0
0
0
0
1
-1
0
0
-1
-2
0
0
-1
0
0
-1
0
1
0
0
1
0
1
1
0
0
0
0
0
1
0
-1
0
0
0
0
0
0
0
-1
0
0
-2
-1
-1
0
1
1
0
0
0
-1
-1
1
1
0
0
1
0
0
-1
0
1
0
0
1
0
0
1
-1
0
0
0
1
0
0
0
-1
0
0
-1
-1
0
-2
0
0
0
0
0
0
0
2
0
0
0
0
0
0
0
0
1
0
0
0
0
0
0
0
0
1
0
0
0
0
0
0
0
-1
0
0
0
0
0
0
0
-1
-1
0
1
0
0
2
0
1
1
0
0
0
1
0
0
-1
-2
0
0
0
0
0
0
0
0
1
0
-1
0
0
1
0
0
-2
0
0
0
0
0
0
0
-1
0
0
-1
0
0
-1
1
0
0
0
0
0
0
0
1
0
0
2
0
-1
1
1
1
0
-1
0
-1
-1
2
0
0
0
-1
0
0
0
-1
0
-1
0
1
0
0
0
0
-1
-1
0
0
0
0
2
0
-2
0
0
0
1
0
1
1
-1
0
1
1
0
0
0
0
0
-1
0
1
0
0
0
0
0
0
-1
-2
0
0
0
-1
0
2
0
-1
0
-1
1
0
0
1
0
-1
0
-1
0
0
0
0
0
0
0
0
0
0
0
0
0
0
1
0
0
1
0
0
-1
2
0
-1
0
0
0
-1
0
-1
0
-1
0
0
-1
1
2
0
0
0
-2
0
2
1
1
0
0
0
0
2
0
0
0
0
0
0
0
0
0
-1
0
0
-1
-1
0
0
-1
1
1
0
1
0
-2
1
1
0
-1
-1
0
0
0
0
1
0
0
0
0
-1
0
0
0
0
0
1
1
0
1
1
0
0
2
0
-1
0
1
0
0
0
-1
1
0
0
0
0
0
-1
0
0
0
0
0
0
0
0
0
1
-2
-2
1
0
0
1
0
0
0
-1
-1
-1
0
0
-3
0
0
0
1
0
1
1
0
0
0
1
0
-1
0
-1
-1
-1
1
0
-1
1
0
0
0
0
0
0
-1
0
-1
1
0
-1
0
1
1
2
3
0
0
0
0
0
1
0
1
0
-2
-1
-1
0
0
-1
-1
0
0
-2
-2
-2
1
0
-1
0
0
0
1
2
2
2
1
0
1
0
0
-1
0
3
2
-1
-3
0
0
0
0
0
0
0
-2
-1
0
0
-1
0
0
0
0
-1
-1
0
0
0
1
0
0
1
0
0
1
0
0
0
0
0
1
1
0
-2
0
0
0
0
0
0
0
0
2
1
-1
0
0
-1
-1
-1
1
2
0
0
0
0
-1
-1
0
0
0
-1
-1
1
0
0
0
-1
0
0
0
0
0
0
0
0
0
0
2
3
0
0
1
0
0
0
0
0
-1
0
-1
0
0
-1
0
-3
0
0
0
1
0
1
0
-2
1
0
0
2
1
0
1
0
0
0
0
0
0
0
0
0
0
0
0
0
-1
0
-1
1
0
-1
-1
-1
0
0
0
0
0
0
0
0
0
0
1
0
0
0
0
0
1
1
0
0
-2
0
0
-1
-1
1
2
-1
0
0
0
2
0
1
0
0
-2
-4
-2
0
0
0
1
0
0
0
1
0
0
1
-1
0
0
0
1
0
0
0
-1
0
1
0
0
0
0
1
-1
0
1
-1
0
0
0
1
0
0
0
0
0
0
-2
-2
1
0
0
0
0
1
0
-1
1
0
1
1
-1
0
-1
-1
0
0
0
-2
0
0
-1
-1
0
0
1
1
1
2
1
3
0
0
1
0
0
-1
-1
-1
-2
0
-2
-1
0
0
0
0
0
0
0
0
0
0
0
0
0
0
0
0
0
1
1
0
1
0
1
1
0
0
0
0
0
0
-1
0
0
0
0
0
0
0
0
0
0
0
0
0
0
0
1
0
0
0
-1
0
-2
0
0
0
0
0
0
0
0
0
0
0
-1
0
1
0
0
0
0
-2
0
-1
0
0
1
1
0
2
0
0
0
0
0
0
1
0
0
0
-1
0
-1
0
0
0
0
0
-1
0
0
-1
0
-2
-4
0
1
0
0
2
3
2
0
1
4
1
0
1
0
0
-3
-1
0
-2
-2
0
0
0
0
-1
0
0
0
-1
-2
0
0
0
1
1
-1
0
2
1
0
2
3
-1
0
1
0
1
-1
-1
1
-1
-3
-2
0
0
-1
0
1
1
1
0
1
2
0
0
1
1
0
-1
0
-2
0
1
-1
-1
-2
0
-1
-1
1
0
0
0
0
0
0
0
-1
-1
0
0
0
0
1
0
0
1
0
1
1
-1
-1
2
0
-2
-1
0
0
0
3
2
0
2
2
1
0
0
0
-2
-1
-4
-3
1
0
0
-1
-1
-1
0
0
0
0
1
3
1
-1
0
0
1
0
0
1
2
1
0
-1
-1
0
-2
-1
-2
-1
1
0
1
0
-2
0
1
2
0
0
0
1
2
1
0
0
0
1
-1
1
0
-2
-1
0
0
-1
0
0
0
0
0
0
0
0
-1
-1
0
0
0
0
0
0
-2
0
0
1
1
0
-1
0
0
0
1
0
-1
0
0
0
1
0
-2
0
0
0
0
0
0
0
0
1
0
0
0
0
0
1
0
1
0
0
1
-1
0
1
0
0
0
-1
-1
-1
0
0
-1
0
-2
0
-1
-3
0
0
0
0
0
0
1
0
3
2
1
2
2
0
1
2
0
0
0
0
-1
-1
0
-1
0
-1
-2
-1
-2
0
-1
-3
0
0
-1
1
2
0
0
3
1
0
3
2
0
0
0
0
0
0
0
-2
0
-1
-2
-2
-3
-2
-1
-2
0
-3
-1
0
0
0
-1
0
1
0
2
2
2
2
2
3
2
0
2
3
2
4
3
1
0
0
0
0
-1
-1
-1
-2
0
-1
-2
-2
-1
-1
-1
-2
0
-1
-1
-1
-1
-1
0
-2
-2
0
0
0
-1
0
-1
-1
2
0
0
2
0
0
0
0
0
1
2
1
3
1
0
3
1
3
1
1
0
0
0
0
0
-1
-2
-2
-4
-2
-1
-4
-4
-4
-2
-4
-4
-1
-4
-6
-2
-1
0
0
0
2
1
0
2
5
7
5
3
7
5
4
6
5
5
6
2
4
3
2
2
0
2
2
0
-1
2
0
-4
-3
-2
-5
-4
-6
-5
-5
-8
-8
-8
-7
-7
-5
-6
-6
-5
-5
-2
-1
-2
0
2
0
0
3
6
3
3
6
5
4
3
7
7
4
5
5
6
5
2
2
3
0
0
2
0
0
0
0
-1
0
-3
-5
-2
-4
-3
-5
-3
-4
-6
-2
-3
-4
-6
-1
-1
0
1
-1
1
1
0
2
1
2
4
3
2
3
3
2
2
2
1
1
3
0
-1
0
-2
-1
-2
-1
-2
-3
-3
-1
-1
-2
-1
0
0
0
0
0
0
0
0
1
1
0
1
1
-2
1
2
0
0
1
0
0
1
0
1
0
1
1
2
2
1
1
0
0
0
1
-1
-2
-1
-2
-2
-2
-1
0
-1
0
-1
-3
-1
0
-1
-1
1
3
0
0
1
1
-1
0
1
1
1
2
0
0
1
0
-1
-1
2
2
0
0
0
0
0
0
0
-1
1
0
0
0
0
0
0
0
0
0
0
-1
-1
-1
0
-2
0
0
1
0
0
0
0
0
0
0
1
2
0
0
1
0
0
0
0
0
-1
-1
0
0
-1
0
0
0
0
-2
-2
0
0
0
0
0
-2
0
1
0
0
2
2
3
2
1
1
1
0
0
0
1
0
-1
-1
-1
0
-3
-3
0
0
-2
-3
-2
0
-1
-2
-1
0
1
0
1
1
0
2
0
2
0
2
1
0
1
0
1
1
2
2
0
1
0
0
0
0
-1
0
-1
0
-1
0
0
-2
-2
-1
0
-2
-1
-3
-3
0
2
1
2
0
0
0
0
0
-1
-1
-1
1
0
0
2
0
0
1
0
0
1
0
1
0
0
0
0
1
1
0
0
0
-1
0
3
0
0
1
-1
-2
-2
-3
1
0
0
0
-3
0
0
0
0
2
-2
-4
-2
-3
1
1
0
2
1
0
1
0
-1
0
0
0
0
0
0
1
0
1
3
1
1
0
-1
1
-2
0
0
0
2
0
0
-1
0
0
-1
0
-1
-2
1
1
0
0
0
0
-1
0
0
1
0
0
-1
-1
0
-2
0
0
0
0
0
-1
2
5
3
2
0
1
1
1
0
-1
0
0
0
0
0
0
-1
0
0
-2
-3
-3
-2
-1
-1
0
1
0
0
1
0
0
0
0
0
0
0
-1
2
2
1
0
1
2
0
-1
0
0
0
1
0
-1
1
0
0
4
0
0
-2
-2
-2
0
2
1
-2
0
0
1
0
1
0
0
0
-1
0
1
0
-2
0
1
0
0
0
0
-1
-3
0
0
0
-1
-1
1
-1
-1
1
3
1
0
1
1
0
2
1
2
1
0
1
2
1
-1
0
1
-2
-2
0
0
-3
-2
-2
-2
0
-1
0
1
0
0
0
-1
0
0
0
1
0
-1
0
0
0
0
1
0
1
0
-1
0
1
0
0
0
-2
0
-1
-3
0
0
1
-1
0
0
0
0
0
0
0
-1
0
0
0
1
0
3
3
0
0
0
0
0
0
1
-1
-2
0
0
-2
0
2
0
2
1
0
0
-2
-1
-1
-2
-1
-1
0
0
0
0
-1
0
0
0
2
0
0
0
0
0
0
-1
-2
0
3
3
1
0
0
0
3
0
-1
0
-1
1
0
-2
0
-1
0
1
1
-2
-3
-2
-1
0
-1
1
0
4
0
0
2
0
2
0
3
0
0
0
-1
0
-2
-2
0
0
-1
-1
0
0
0
0
-1
-1
0
-2
-1
-1
0
1
0
1
0
0
-1
0
1
-1
0
0
0
1
0
2
3
3
2
0
0
1
1
-1
-1
0
0
0
1
0
-1
2
0
-2
-2
-3
-3
-1
-2
-2
-2
-2
-1
0
2
1
1
0
-2
0
2
2
1
1
1
0
1
-1
-1
0
1
0
0
0
-1
-2
0
0
1
0
0
0
-2
0
0
0
1
0
2
1
0
-1
-1
2
0
0
0
0
1
0
0
0
0
0
3
0
0
0
0
0
1
3
-1
-2
-2
-1
-2
0
-1
-1
0
0
-2
0
1
0
1
0
-2
-2
0
2
1
0
-1
0
2
2
1
-1
1
2
0
1
0
-1
0
0
0
-1
-2
-1
-2
-2
0
1
2
0
0
0
0
1
1
0
0
-3
0
0
1
1
0
0
0
0
2
0
0
1
0
-1
0
0
-1
0
0
0
0
1
0
1
0
0
0
-1
-2
-1
0
-1
-1
0
-1
0
1
0
1
3
1
1
1
-1
0
0
0
0
0
0
0
-1
0
-1
0
-1
1
2
-2
-1
0
1
0
0
0
1
0
1
1
1
0
1
0
-1
0
0
0
0
-2
-1
0
-2
0
0
-1
-1
-2
0
0
2
0
1
2
1
1
0
2
0
0
0
0
2
0
0
1
-1
0
-1
-1
-1
-2
-2
0
0
-1
0
-1
-1
0
0
0
1
1
0
0
0
0
0
0
-2
1
1
0
1
-1
1
-1
-1
0
0
3
0
0
1
0
0
1
-1
-1
0
-2
-1
0
0
0
0
0
0
0
-1
0
0
0
0
0
0
0
0
0
-1
1
0
-1
1
0
-1
-1
1
1
1
1
0
1
1
0
0
-1
-3
-1
0
0
0
0
0
0
0
0
0
0
0
0
-1
1
0
0
1
0
1
0
0
1
0
0
0
1
0
0
1
0
0
-1
0
0
0
-1
-1
-1
0
0
0
-1
-1
0
-1
0
2
-1
0
1
0
0
2
0
0
1
1
0
-1
0
0
2
0
0
0
0
0
0
-1
0
0
0
0
-1
0
1
0
-1
-1
3
1
0
2
1
0
0
0
-1
0
-1
-1
-4
-4
0
0
0
-1
1
2
2
2
2
2
0
0
1
1
0
0
0
0
0
-1
0
0
-1
0
-1
-1
0
0
-3
-2
0
0
0
0
0
1
-1
0
1
1
1
0
1
0
0
3
1
1
2
-1
0
0
0
-1
3
0
-3
1
0
-1
-1
-2
-1
-1
-2
-1
-1
-1
0
0
0
0
0
2
2
0
0
1
1
0
2
1
0
1
0
0
0
0
0
0
-1
1
-1
-4
0
-1
-1
-1
0
0
-2
0
2
0
0
0
2
1
0
0
0
0
0
1
0
0
1
0
0
0
0
-2
-2
1
0
-1
0
0
0
0
0
0
0
-1
0
1
0
0
1
1
0
0
0
0
-1
-2
0
0
0
2
2
1
1
0
-1
-1
0
0
0
0
1
1
0
1
0
0
-1
0
0
0
0
0
0
0
0
0
0
0
0
0
1
0
0
1
0
1
1
0
-1
0
1
-1
-1
0
0
1
0
0
0
-1
-1
0
0
0
0
0
1
0
0
0
0
-1
0
2
-1
0
0
0
0
0
0
0
0
0
1
0
0
0
0
0
0
0
0
0
-1
0
0
0
2
0
1
0
0
0
0
0
0
1
0
-1
1
0
0
-1
0
1
0
0
0
0
-1
-2
0
-2
0
1
-1
0
0
-1
-1
0
0
0
0
0
0
1
2
0
0
1
1
0
1
0
0
0
0
1
1
0
1
0
0
0
0
-1
0
0
-2
0
0
0
-1
-1
-1
-2
0
1
0
-1
0
0
0
0
0
0
0
0
0
2
1
0
-1
0
0
-2
0
1
0
0
1
1
0
-1
1
0
0
0
0
-1
0
1
1
2
1
0
0
0
1
-2
-1
0
-2
-1
1
1
0
0
-2
-1
0
-1
-1
-1
1
0
1
2
0
0
0
1
0
-1
-2
-2
-1
0
-1
-2
0
0
0
2
0
1
0
1
1
0
1
1
-1
0
1
1
0
0
0
-1
0
-1
-1
2
-2
0
0
0
0
-1
0
-1
0
1
-1
-1
0
0
0
0
0
0
0
0
1
0
-1
0
0
0
0
0
1
1
-1
0
1
0
2
1
0
0
0
0
0
0
0
1
-2
0
0
-2
2
0
0
0
-1
0
0
0
0
-1
-1
-2
0
0
0
0
0
-2
-1
0
0
-2
0
0
0
1
1
0
0
0
3
3
0
1
1
1
2
0
0
1
0
0
-1
-1
0
-2
-1
0
-1
-2
0
0
0
0
0
0
0
0
-1
0
0
0
0
1
0
0
1
1
0
0
1
-1
-1
0
0
0
1
1
1
0
-1
0
0
1
1
0
0
-1
0
1
0
0
0
-1
0
0
0
-2
-2
-1
-1
0
0
0
-1
0
0
2
0
0
0
1
2
-1
0
1
0
2
0
0
0
-2
1
1
0
0
-1
0
0
0
2
0
-1
0
1
0
0
-1
0
-1
0
0
0
-1
-2
0
0
3
2
-1
-1
0
2
2
0
0
0
1
0
0
0
0
1
0
-2
-1
-1
-1
-1
-3
0
0
-1
0
0
1
0
0
0
0
0
0
0
0
0
1
0
0
0
1
0
1
1
-1
0
2
1
0
0
0
0
-1
-1
-1
-1
0
0
1
0
0
0
0
0
-1
0
0
-1
-1
1
-1
-1
2
0
0
-1
-1
-1
0
0
0
0
0
1
1
3
2
1
2
0
0
1
1
2
0
0
0
-1
-1
-1
-1
-3
-5
-4
-5
-4
-2
-1
0
0
0
0
0
2
1
3
4
3
5
4
0
1
4
2
0
1
1
-1
-2
-1
-4
-5
-3
-4
-5
-5
-3
0
-3
0
0
-1
2
1
1
1
3
4
2
2
4
1
0
5
0
0
0
0
0
1
-1
-2
-1
0
0
-1
0
-1
0
0
-2
0
2
1
-1
0
0
-1
-1
-1
0
0
-2
-2
-1
0
0
0
3
0
6
1
1
1
-1
15
-13
13
-7
2
-3
-2
0
-2
5
-7
1
-8
-1
-3
-1
-1
0
1
-4
0
0
1
3
1
1
0
2
2
3
3
1
3
3
-3
2
-1
1
0
-2
-1
0
-2
0
-3
0
-1
1
0
-1
0
2
0
3
-1
0
-1
0
0
-2
2
-2
1
-3
4
-3
1
-1
-1
-1
0
1
1
2
0
2
0
2
0
0
3
0
0
0
0
1
0
0
0
-1
0
0
-1
1
0
-1
-1
0
-1
-1
0
-1
-2
-2
2
2
0
0
0
-1
0
-1
0
0
1
0
1
0
0
2
0
1
0
0
0
0
-2
0
0
2
0
0
0
0
1
-2
0
-2
-1
-1
-1
0
-1
-1
0
2
0
-2
0
0
1
4
1
0
0
0
0
0
0
0
0
1
0
0
2
0
0
0
-2
0
0
1
0
0
2
0
0
0
-1
0
-1
-1
0
-1
-1
0
0
0
0
1
1
1
0
-2
-1
-2
-2
0
0
-2
0
1
0
0
0
0
2
2
1
0
0
1
0
0
-1
-1
0
0
1
2
0
0
1
0
0
0
0
-1
0
-1
-2
-1
0
-1
-1
0
0
1
1
0
-1
0
0
0
0
0
0
0
0
0
0
0
0
0
-1
-2
-1
0
-2
0
0
0
0
2
0
0
0
0
1
3
1
1
2
0
3
2
-1
1
3
0
0
0
-1
-1
-1
-1
-1
-2
-2
0
-1
-3
-1
-2
-3
0
0
0
2
2
0
0
1
2
2
2
4
3
2
2
0
-1
-1
0
1
0
0
0
-1
-2
-2
-2
-2
-1
-1
0
1
0
0
0
0
0
0
2
1
0
0
2
-1
-1
1
0
0
0
0
0
0
0
0
0
-3
-2
1
1
0
0
-1
0
0
1
2
-2
-1
0
-1
0
0
0
-1
0
0
0
0
-1
1
-6
3
7
-2
1
3
0
0
-5
-6
0
0
-2
0
0
4
3
-1
1
5
4
-1
0
6
1
0
1
-3
-3
3
-2
-3
1
0
-1
-4
-3
0
0
-1
-1
-2
0
-1
-1
0
0
0
2
3
0
0
1
0
0
2
6
4
4
3
1
2
3
0
1
1
0
0
-3
-2
-1
-4
-5
-1
-4
-5
-2
-3
0
-1
-2
0
0
0
1
2
4
2
0
1
0
-3
0
0
-2
0
-3
-3
-3
-1
0
-1
-1
-1
0
0
0
2
1
0
2
2
2
4
5
5
3
3
4
4
1
-1
0
2
-2
-5
-3
-2
-2
-1
-2
-3
-3
-3
-1
-1
0
1
0
0
2
3
4
2
1
2
1
0
2
0
0
0
1
1
-1
0
0
1
-1
-2
0
0
-1
-2
-1
0
-2
-2
-3
0
0
-2
-1
0
0
0
-1
0
-1
0
1
0
-1
2
2
-1
1
1
0
2
1
0
0
0
0
0
3
0
0
0
-1
0
0
0
0
0
-1
0
0
0
2
-2
0
0
0
1
0
-2
-3
0
0
0
0
0
-1
2
1
0
0
-1
-1
0
0
3
0
0
-1
-1
0
-1
0
0
-1
0
0
0
0
-1
-2
-1
0
0
0
0
0
0
0
0
0
2
2
-1
1
2
0
0
0
-1
0
1
0
0
0
-2
1
2
0
0
0
0
-1
0
1
0
0
1
1
0
-1
-1
-1
-3
-3
0
0
-3
-1
-1
0
0
0
0
0
0
-1
0
1
1
2
0
2
1
0
1
2
3
1
0
0
0
-1
0
-1
-3
0
0
-2
-2
0
0
0
-2
0
0
2
2
0
0
0
0
0
1
0
1
1
1
0
-2
0
0
-1
-4
0
1
0
0
0
1
0
-1
0
1
1
0
0
0
0
-2
-1
0
0
0
0
0
0
1
1
0
-1
1
0
0
0
0
2
0
0
0
0
0
-1
0
0
1
0
0
-1
0
0
0
0
0
-1
0
0
-1
-1
0
0
0
0
0
0
0
0
0
-1
0
0
0
0
-1
0
0
0
0
-2
1
3
0
0
0
3
2
0
1
-1
-1
0
0
1
0
1
0
-1
1
0
-1
-1
-1
-3
-1
0
-2
0
0
0
0
1
1
0
2
0
0
1
1
0
0
0
0
1
0
0
1
0
0
0
0
-1
-1
0
-1
0
-1
0
0
0
2
1
0
0
0
0
0
0
0
1
1
0
1
0
-1
-1
0
0
0
0
0
0
1
-1
-1
-2
0
0
-1
0
0
1
0
0
-1
0
-1
-2
-1
0
2
-1
-1
1
0
0
0
-1
0
2
0
1
1
0
0
1
2
1
1
1
-1
0
0
0
0
1
0
0
0
1
-1
-2
-1
0
0
0
0
0
0
0
-2
0
1
0
0
0
0
-2
-1
-1
0
1
-1
0
-1
0
1
-2
-1
2
1
2
2
0
1
0
0
2
2
-1
0
1
0
1
0
-1
0
0
0
-1
0
1
-1
-2
0
0
0
-1
-2
0
-2
-2
-1
-2
0
0
0
0
2
2
0
1
1
0
0
1
0
0
0
0
0
1
1
1
0
1
0
0
0
0
0
0
0
-1
0
0
0
1
-1
0
1
-2
0
1
1
0
0
-1
-1
0
-1
0
1
-1
0
0
0
0
0
-1
0
0
0
0
0
0
0
0
0
0
2
0
0
0
-1
1
0
2
0
-1
0
0
0
0
0
-1
0
1
0
0
-1
0
-1
0
0
0
0
1
0
-2
-1
0
2
0
0
-1
0
0
0
0
1
0
1
0
0
0
0
1
0
1
1
0
0
0
0
0
0
0
0
0
0
0
-2
-1
1
1
0
0
0
0
0
-2
0
1
1
0
0
-1
0
0
0
0
0
0
-1
0
-1
1
2
1
0
-1
-1
0
-1
2
1
-1
0
0
0
0
1
1
0
0
0
0
0
1
0
-1
0
1
-1
-1
-1
0
1
1
0
0
0
2
2
0
0
0
-2
0
0
0
0
2
0
0
0
-1
0
0
0
-1
0
0
0
0
1
2
1
1
1
-1
1
1
-1
-1
1
2
0
-3
0
1
0
1
0
-2
0
1
-2
0
2
-1
1
0
-2
0
1
-2
-1
0
0
1
0
-2
1
2
-3
-2
-1
-1
0
-2
-2
0
0
-1
1
1
1
1
0
1
2
1
1
1
0
2
2
2
0
0
1
0
0
2
1
-1
-1
-1
-1
0
-2
-1
0
-1
-3
-2
-1
0
-1
-1
0
1
-1
-1
0
0
-2
-2
0
0
0
1
0
0
2
0
2
3
2
0
0
3
0
1
1
0
1
1
0
1
2
0
0
-1
0
-2
0
-2
-2
0
0
-1
0
0
-1
1
0
-2
-3
-1
0
-1
0
0
-2
0
0
0
0
-1
0
0
0
3
0
0
0
1
1
1
0
0
0
2
0
0
0
1
0
0
1
0
0
2
0
0
0
0
0
0
0
-2
-1
-1
-2
1
0
-1
0
0
0
0
0
0
3
0
0
0
0
0
0
-1
0
0
0
0
0
-2
0
0
0
2
3
2
1
0
0
0
1
0
0
0
0
-1
0
-1
-3
-2
0
0
-2
0
1
0
0
-1
-2
0
2
2
1
0
0
1
1
0
-1
-1
1
0
-3
-1
0
0
0
-1
-1
0
0
0
0
0
0
0
1
0
0
0
0
2
2
0
0
0
0
-1
0
0
0
0
0
0
1
0
0
1
0
0
0
1
-1
-1
-2
0
1
1
1
0
-1
-1
0
0
0
0
0
0
-2
0
0
-1
0
0
0
0
0
-1
0
0
0
0
1
0
0
0
0
0
1
1
0
0
0
0
0
0
0
0
-1
-1
0
0
1
1
1
1
0
0
0
0
0
0
0
0
0
-1
-1
0
0
-1
0
0
0
0
0
0
0
0
1
0
0
-1
-1
0
1
0
0
0
0
0
-1
0
0
0
0
0
0
0
-1
0
-1
-1
1
2
0
0
1
0
0
0
0
2
0
-1
0
1
0
1
1
0
-1
1
0
-1
0
0
-1
-3
0
0
0
1
0
-2
-1
0
0
1
0
1
0
-1
-1
-1
0
0
0
0
0
0
0
1
0
1
1
1
0
-1
0
0
0
0
0
0
2
0
1
0
-1
0
-1
0
0
0
-1
-2
0
1
0
0
0
0
0
1
1
1
1
0
-1
-1
-1
0
0
-2
0
0
-1
-1
-2
0
0
0
0
0
0
0
0
2
2
0
0
0
0
0
0
0
-1
0
0
1
1
0
0
-2
-1
1
1
1
0
0
0
1
2
1
1
0
0
1
0
1
1
-1
0
0
0
0
-1
0
0
0
0
-2
-1
-2
0
0
-1
0
0
0
0
1
0
-1
1
3
2
0
0
2
2
0
0
0
0
-2
-1
0
-1
0
-1
0
1
0
0
0
1
0
-1
0
0
0
0
-2
0
0
0
1
1
-1
0
0
0
0
0
0
0
0
-1
0
0
0
0
0
-1
0
0
-1
0
0
0
2
0
1
0
0
0
0
0
0
-1
0
0
0
0
-2
-1
1
0
0
1
-1
0
1
0
0
2
0
-1
0
0
0
0
2
0
0
2
3
1
0
0
-1
3
1
-1
-1
-1
-3
-2
0
-2
-2
0
0
0
0
-3
0
0
-3
-1
0
1
-1
-1
0
1
0
0
0
-1
-1
2
1
0
2
2
0
0
0
0
0
0
0
0
2
2
1
0
0
2
2
1
-2
-1
0
-2
-1
0
0
0
0
0
0
-1
-2
-2
0
0
0
1
0
-1
0
0
0
0
3
1
1
1
1
1
0
0
0
-1
-2
0
0
-1
0
0
-1
0
0
-1
0
1
0
0
0
0
0
-1
-1
0
0
1
0
0
0
1
0
0
0
0
0
0
0
0
0
0
0
0
0
0
0
0
0
1
-1
0
0
0
0
0
0
0
0
0
-1
0
0
0
0
0
-1
0
0
0
0
0
1
0
0
1
0
0
0
1
-1
0
2
1
1
2
3
1
0
-1
-1
0
-3
0
0
0
0
-2
-1
-2
0
0
-1
0
1
0
-1
0
0
0
-1
0
0
1
0
0
0
0
0
0
-1
-2
0
1
2
1
0
0
-1
0
1
1
1
0
0
0
0
-1
0
2
1
0
0
0
-1
-1
-1
0
0
0
0
-2
0
-1
-2
0
0
0
0
1
0
0
0
0
0
0
0
0
0
0
0
1
0
2
0
0
1
0
0
3
0
0
0
0
0
-1
0
-1
0
0
-2
0
0
0
0
0
-2
0
-1
0
0
0
0
-1
-1
0
0
0
0
1
1
1
0
-1
0
0
1
0
0
0
0
0
2
0
0
0
2
0
0
-1
-1
0
0
0
0
-1
0
0
1
-1
-2
0
0
-1
0
1
2
0
-1
0
-1
-1
0
0
1
0
0
1
0
1
1
0
-1
0
2
0
-1
0
0
1
0
0
1
0
-1
0
0
0
0
0
0
0
-1
-1
0
0
0
0
-1
-1
0
0
-1
0
0
0
1
0
0
0
0
1
0
0
0
0
3
2
0
0
0
1
1
1
0
-1
0
-1
-1
-1
-1
-1
0
-1
-1
0
0
0
0
0
0
0
0
0
0
0
0
0
0
1
1
0
0
0
1
-1
0
1
0
1
1
0
1
2
0
-1
0
-1
0
0
0
0
0
1
0
1
1
0
0
-1
-1
0
-1
-1
0
-1
-1
-1
-1
-1
0
0
0
0
0
0
2
4
2
0
3
2
0
0
1
2
0
0
0
-3
-3
0
0
-2
0
0
1
0
0
2
3
0
0
-2
-1
0
-1
0
0
2
-2
-2
1
-1
0
0
-1
0
0
0
0
-1
-1
0
0
1
2
0
1
1
0
1
0
-1
-1
0
0
-1
-2
0
-2
-3
0
0
-1
-1
0
0
-1
0
0
0
-1
1
1
0
0
0
3
1
2
4
1
0
1
0
1
1
0
0
0
0
2
0
0
2
0
0
-1
0
-1
-1
-1
-2
-2
-4
-1
-2
-3
-1
-2
-2
-1
-2
-1
-1
-3
0
0
-3
0
-1
-1
0
1
0
2
0
0
0
1
2
2
2
2
6
5
6
5
5
7
7
6
5
8
5
5
4
0
2
0
-1
-3
-5
-2
-4
-7
-10
-9
-7
-8
-11
-9
-6
-4
-2
-4
-4
-3
-1
-2
0
0
0
2
1
1
0
0
0
0
0
0
1
2
0
2
2
0
1
3
1
4
4
4
3
4
3
3
3
3
3
1
0
0
0
-1
-1
-1
0
-1
-3
-5
-3
-5
-2
-2
-5
-3
-2
0
0
0
0
0
0
1
1
0
0
1
2
1
1
2
1
1
1
0
1
2
0
0
0
0
0
0
0
0
0
0
0
-1
-2
-1
-1
0
-2
-2
-1
-2
-1
0
0
0
1
1
1
0
0
0
2
1
0
1
0
0
0
1
1
0
0
1
0
0
-1
0
0
2
2
0
0
-1
0
0
0
1
0
0
0
1
1
-1
0
0
-3
-1
-2
-3
0
-1
-1
0
-2
0
0
0
0
0
0
0
0
0
1
1
0
0
1
2
2
2
2
0
2
3
0
0
0
0
0
0
-1
-2
-1
-2
0
0
-1
-2
0
-1
-1
-1
-3
-3
-2
-3
-1
0
0
0
-1
0
0
1
2
1
0
2
1
2
2
2
2
3
3
3
3
1
1
3
4
2
1
0
0
1
0
-1
-3
-3
0
-2
-2
-4
-3
-3
-4
-1
-3
-3
-2
-2
-2
-1
0
0
0
0
0
0
2
1
0
0
3
2
2
1
1
0
2
2
0
2
1
0
0
0
-1
0
-1
-2
0
-1
-3
-2
-2
-4
-3
-2
0
0
-2
-1
0
-2
-3
0
0
0
1
2
3
4
4
4
4
5
5
4
5
5
6
3
2
5
3
4
2
1
0
-2
-3
-2
-3
-3
-4
-4
-3
-6
-6
-3
-5
-6
-5
-5
-6
-4
-3
-1
-1
-1
0
0
1
0
1
3
1
2
1
1
4
5
4
2
3
3
2
2
1
2
2
2
2
0
0
0
0
0
1
0
-1
-2
-2
-1
-3
-1
-1
-3
-2
-4
-4
-6
-3
-3
-2
-3
-2
0
0
0
0
-1
0
2
2
2
2
3
2
2
2
2
4
3
2
2
1
1
1
1
2
3
2
1
0
2
0
-1
0
-1
-1
0
-3
-2
-2
-5
-2
-4
-6
-4
-1
-3
-4
-5
-2
-3
-5
0
0
0
1
1
0
2
2
2
3
1
5
4
2
4
6
6
4
4
4
5
5
2
0
0
0
0
-1
-2
-1
-1
-2
-3
-4
-3
-2
-3
-4
-4
