0
0
0
0
0
0
0
0
0
0
0
0
0
0
0
0
0
0
0
0
0
0
0
0
0
0
0
0
0
0
0
0
0
0
0
0
0
0
0
0
0
0
0
0
0
0
0
0
0
0
0
0
0
0
0
0
0
0
0
0
0
0
0
0
0
0
0
0
0
0
0
0
0
0
0
0
0
0
0
0
0
0
0
0
0
0
0
0
0
0
0
0
0
0
0
0
0
0
0
0
0
0
0
0
0
0
0
0
0
0
0
0
0
0
0
0
0
0
0
0
0
0
0
0
0
0
0
0
0
0
0
0
0
0
0
0
0
0
0
0
0
0
0
0
0
0
0
0
0
0
0
0
0
0
0
0
0
0
0
0
0
0
0
0
0
0
0
0
0
0
0
0
0
0
0
0
0
0
0
0
0
0
0
0
0
0
0
0
0
0
0
0
0
0
0
0
0
0
0
0
0
0
0
0
0
0
0
0
0
0
0
0
0
0
0
0
0
0
0
0
0
0
0
0
0
0
0
0
0
0
0
0
0
0
0
0
0
0
0
0
0
0
0
0
0
0
0
0
0
0
0
0
0
0
0
0
0
0
0
0
0
0
0
0
0
0
0
0
0
0
0
0
0
0
0
0
0
0
0
0
0
0
0
0
0
0
0
0
0
0
0
0
0
0
0
0
0
0
0
0
0
0
0
0
0
0
0
0
0
0
0
0
0
0
0
0
0
0
0
0
0
0
0
0
0
0
0
0
0
0
0
0
0
0
0
0
0
0
0
0
0
0
0
0
0
0
0
0
0
0
0
0
0
0
0
0
0
0
0
0
0
0
0
0
0
0
0
0
0
0
0
0
0
0
0
0
0
0
0
0
0
0
0
0
0
0
0
0
0
0
0
0
0
0
0
0
0
0
0
0
0
0
0
0
0
0
0
0
0
0
0
0
0
0
0
0
0
0
0
0
0
0
0
0
0
0
0
0
0
0
0
0
0
0
0
0
0
0
0
0
0
-1
0
0
-1
0
1
0
0
0
-1
-1
0
0
1
0
0
0
0
1
1
0
0
0
0
0
2
0
0
0
0
1
0
0
-1
-1
0
0
0
-1
0
0
0
0
0
1
-1
-1
-1
0
0
0
1
1
0
0
-2
-1
0
2
0
0
0
1
0
1
1
-1
0
-2
-2
0
0
0
0
-1
-2
0
0
0
0
0
1
2
1
1
1
2
2
2
1
0
0
0
-1
-1
-1
0
-1
-1
-1
0
0
-1
-2
-1
0
0
0
0
0
0
0
1
0
-1
0
0
3
1
0
1
0
0
-1
0
1
0
0
0
0
-2
0
0
-2
-1
-1
-1
0
-1
0
0
0
2
0
0
1
2
1
-1
0
0
0
-1
0
0
1
0
0
0
-1
0
0
0
2
0
0
1
0
0
0
0
0
2
0
0
0
0
0
-1
0
0
0
0
0
0
-2
0
0
-2
-1
-1
-1
0
-1
-2
0
2
0
1
0
0
1
0
1
0
0
2
0
-1
0
0
0
0
0
0
-1
0
-2
0
0
-1
0
-1
0
1
0
0
0
-2
-1
1
0
-1
0
1
0
0
0
0
1
0
0
0
0
-1
0
0
0
0
0
0
0
0
0
0
0
0
0
1
0
0
0
1
0
1
0
0
0
0
-1
-1
-2
-1
-1
-2
0
0
0
0
0
1
1
0
-1
0
0
0
0
2
0
0
0
0
0
1
1
1
0
0
0
1
0
0
1
1
0
0
0
0
-1
-1
-2
-2
-1
-1
0
-1
-1
0
0
0
1
3
2
0
0
0
0
-1
0
0
0
0
1
0
0
1
1
0
-1
0
-1
0
0
-1
-1
-1
-1
0
0
0
1
1
-1
-2
0
0
-2
0
1
2
0
0
0
-2
0
1
0
0
0
0
1
2
0
1
-1
-1
2
-1
0
-1
0
0
0
-2
1
2
0
0
1
0
0
1
0
0
0
2
1
-3
1
-1
0
1
-2
-1
-1
1
-6
4
7
-13
4
8
-5
-1
5
2
-9
-2
7
0
-10
1
19
-26
-2
30
-13
-1
0
4
-7
-9
27
17
17
-154
57
252
-209
-100
145
-35
-6
19
-15
-1
12
-28
7
68
-58
-31
39
-11
21
-17
-18
35
-23
-14
38
1
-25
4
6
-20
9
20
-14
-15
-1
4
19
-1
-29
6
15
-4
0
-1
-1
7
-7
2
14
-20
-6
20
-1
-10
8
1
-12
12
-3
-3
16
-3
-10
-20
15
43
-19
-31
8
22
4
-11
-11
1
4
12
-7
-23
12
9
-8
-7
0
10
-6
-9
6
1
-6
3
2
1
-2
-2
8
4
-7
2
5
2
2
-4
-3
6
4
-2
-3
-9
4
9
-4
-4
-2
2
1
-2
0
1
-3
0
1
1
9
-8
-8
7
1
3
-2
-11
0
9
0
-6
2
1
1
2
-2
1
1
0
2
-4
0
3
-1
1
-1
-1
2
0
2
-1
-1
3
0
-2
0
-2
0
0
-2
0
0
0
0
-1
1
4
-2
-2
4
0
0
2
0
-1
2
-2
-1
3
-2
-4
4
5
-3
1
2
-1
0
-2
1
2
-4
-2
1
0
-1
-1
0
0
1
0
0
0
0
1
0
0
0
1
0
0
2
0
0
1
0
0
0
0
0
1
0
0
0
0
1
0
0
0
1
-1
-1
0
-2
-2
0
-2
0
0
-3
-1
0
-1
0
0
0
1
2
0
2
3
2
3
3
1
2
3
1
1
3
2
1
3
1
2
1
0
-1
-1
-1
-2
-2
-3
-3
-3
-4
-4
-4
-5
-5
-5
-5
-5
-6
-4
-3
-4
-4
-2
0
-1
-1
0
0
1
2
1
5
7
4
6
5
4
6
7
6
5
7
4
3
4
2
2
0
0
0
0
-2
-4
-3
-4
-6
-5
-5
-4
-5
-5
-5
-5
-4
-5
-4
0
-1
-2
0
0
2
2
0
4
4
3
5
5
3
4
4
2
3
2
2
2
0
0
0
0
-1
-1
-1
-1
-2
-2
-3
-4
-2
-1
-1
-2
-1
0
-1
-1
0
0
1
2
3
2
0
0
0
1
0
1
1
1
1
1
0
0
1
0
1
1
0
0
0
0
0
0
0
0
0
0
-1
-2
-1
0
-1
-1
-1
0
-1
-1
0
0
-1
-2
0
0
1
2
2
2
1
0
0
0
0
0
-1
1
0
1
2
0
1
0
0
1
0
0
-1
0
-1
-3
-1
0
-1
0
1
0
1
-1
-1
-2
-1
0
1
2
0
0
0
0
0
0
0
2
1
2
2
0
1
0
0
-1
0
0
-1
0
0
0
-1
-2
-2
0
0
-1
0
0
0
-2
-1
0
0
0
0
0
0
3
0
-1
0
1
0
0
0
1
1
0
0
0
0
2
0
-2
0
0
0
0
-1
0
0
-1
-2
-2
0
0
-2
0
2
-1
0
1
0
-1
-1
0
0
0
0
0
1
0
0
0
1
0
0
1
0
1
0
0
1
0
0
0
0
0
0
0
-1
0
0
0
0
-2
-1
0
0
1
0
0
0
0
0
0
-1
-2
0
0
0
0
0
1
1
0
2
1
0
1
2
2
1
0
0
2
0
-1
-2
-2
1
0
-1
0
0
0
0
0
0
-1
0
0
-1
-1
0
0
0
0
0
0
-1
0
-2
0
2
0
0
0
2
1
0
0
0
1
1
0
1
1
1
0
0
0
-1
-1
0
0
0
0
-1
-1
1
0
0
-2
0
0
-1
0
0
0
-1
0
1
0
1
1
0
-1
0
0
1
0
0
-1
0
0
1
2
0
0
0
0
1
1
0
0
1
0
-1
-1
0
0
0
0
0
-1
-1
0
-1
-1
0
0
-2
0
0
-1
1
0
0
1
0
-1
0
1
0
1
1
0
0
-1
-1
-1
-1
0
0
0
0
0
-1
0
-1
0
1
0
1
1
0
0
0
0
0
0
0
1
0
0
0
-1
-2
0
0
0
0
0
0
0
1
2
0
-1
0
0
0
0
0
0
0
0
0
0
0
0
0
1
0
0
0
1
0
-1
0
0
-1
0
0
1
0
-1
0
0
0
0
0
0
0
0
0
0
0
-1
0
0
0
0
-1
0
0
0
0
0
0
-1
1
0
-1
0
-1
-1
0
-1
0
1
1
2
0
-1
-1
0
0
-1
0
1
2
0
0
1
0
0
0
0
-2
0
-1
-1
0
0
0
1
1
0
0
-2
0
0
0
0
0
0
0
0
-1
-1
0
0
0
0
0
0
1
0
0
0
0
0
0
1
0
0
0
0
0
1
-1
-1
0
0
0
0
-2
1
1
1
1
0
0
0
0
0
0
-1
-1
0
0
-2
-2
-1
0
0
0
0
0
1
0
0
0
1
0
0
3
1
-1
0
0
0
0
0
0
1
0
-1
0
-2
0
0
1
1
0
0
0
0
1
0
0
1
1
-2
-1
0
1
0
-1
0
0
0
-2
0
1
0
0
0
0
1
1
0
0
0
1
1
-1
0
0
0
0
-2
0
1
0
0
0
1
1
0
0
0
0
-1
0
-1
0
0
1
0
0
0
0
0
-1
0
0
0
-1
0
0
0
0
1
0
0
0
1
0
0
0
1
1
1
0
0
-1
0
1
0
0
1
1
0
0
0
1
1
0
0
0
0
0
1
-2
-1
0
0
0
-1
-1
0
0
0
0
-1
-2
0
-1
0
1
0
0
1
0
-1
0
0
0
0
0
0
0
1
1
0
0
0
0
0
0
1
0
0
0
-1
0
0
-1
1
0
0
0
0
1
0
0
0
-1
0
0
0
1
0
1
-1
-1
0
-1
-1
-1
0
0
0
0
-1
0
0
1
0
0
0
0
1
2
1
0
0
3
1
1
0
0
0
-2
0
0
0
0
0
0
-1
0
0
0
0
0
0
0
1
-1
0
0
0
0
0
0
0
0
0
0
0
0
-1
-2
-1
-2
-1
0
1
1
1
2
0
0
0
1
1
0
1
0
-1
1
0
0
0
1
0
0
0
0
1
0
0
0
-2
0
0
-2
-2
0
0
0
0
-1
0
1
-1
-1
-1
1
1
1
-1
0
0
0
2
0
1
2
1
0
0
0
-1
-1
0
0
0
0
1
1
0
-2
-1
-2
-1
0
0
0
0
-1
0
0
2
1
0
0
0
0
0
0
0
-1
0
0
0
-1
0
1
0
-1
2
2
3
1
0
1
0
0
0
0
-1
-1
-1
0
0
0
0
0
1
0
0
0
0
0
-1
-1
0
1
0
-1
0
0
1
1
1
1
0
0
1
0
-1
-1
0
-1
-4
0
0
-1
-2
0
2
1
1
1
1
1
0
-1
0
-1
-1
0
0
0
0
0
0
1
0
0
0
0
-1
-1
0
0
0
0
0
0
2
0
0
2
0
0
0
0
1
0
0
0
0
2
1
-1
0
-1
-3
-2
-1
-1
-1
0
0
0
0
0
0
0
1
2
0
0
1
0
0
0
0
2
0
1
1
0
0
1
0
-1
0
-1
0
-2
-1
0
-1
0
0
0
0
1
0
0
0
0
-1
0
0
1
0
0
0
1
0
0
1
0
0
0
-2
0
0
-1
0
-1
-1
0
0
0
1
0
0
0
-1
0
0
0
2
0
0
-1
0
0
0
0
0
1
1
1
2
-1
-2
0
0
0
0
0
0
0
0
1
0
-1
0
0
1
0
0
-2
1
1
-1
0
0
0
0
1
0
0
0
2
1
0
0
0
0
0
0
0
0
0
-1
-1
0
-1
0
0
0
-1
-1
1
1
-1
-1
0
0
0
0
0
1
1
-1
0
1
0
0
0
1
0
0
0
-1
0
0
-1
-1
1
1
0
0
0
0
0
0
0
-1
0
1
0
0
1
1
0
0
0
-1
0
0
0
-1
0
-1
0
0
0
0
0
0
0
-1
0
-1
-1
0
0
0
0
0
0
0
0
0
0
0
0
1
-1
0
2
0
0
1
-1
0
-1
-1
0
0
1
0
1
0
0
-1
-1
0
-1
-1
-1
0
1
0
0
0
0
0
0
1
0
1
1
0
0
0
0
1
1
1
1
1
0
-1
0
0
-1
0
0
-1
-1
0
-2
-1
0
-1
0
0
0
0
1
0
0
0
0
0
-1
0
1
2
1
0
0
0
2
2
0
-1
-1
-1
-1
0
0
1
0
-1
0
0
0
0
0
1
1
0
-1
-1
-1
-1
0
0
1
0
1
2
1
0
0
0
0
0
0
-2
1
2
-1
0
0
0
0
-1
0
0
-1
-1
-1
0
0
-1
0
0
1
0
-1
0
1
0
0
0
-1
0
-1
0
0
0
0
1
0
1
0
0
0
0
0
0
0
1
0
0
0
0
0
0
0
0
0
0
0
0
0
1
0
1
0
-1
0
0
0
-1
0
-1
0
-1
0
1
0
0
-2
-1
0
-2
-1
0
0
-1
0
1
1
0
0
1
3
2
0
0
0
-2
-1
0
0
1
-1
0
0
0
1
0
0
0
0
0
0
0
0
-1
0
-1
-2
0
1
2
2
0
-1
0
0
0
-1
0
0
-3
-1
2
1
-1
-2
0
0
-1
-1
0
1
1
0
0
0
0
0
0
0
0
-1
-1
0
0
0
0
0
0
0
0
0
1
0
-1
-1
0
0
-1
-1
0
0
0
0
0
0
0
-1
0
2
0
1
0
0
1
1
1
0
1
1
0
1
0
0
0
0
0
-1
-2
0
0
0
0
0
-1
-1
0
-1
-2
-1
0
0
0
2
1
2
3
1
1
1
0
0
0
0
0
0
0
0
-1
-1
-1
-1
1
0
-1
0
0
0
0
0
0
0
0
0
0
0
1
0
1
0
0
0
0
-1
0
0
0
0
-1
0
0
0
0
0
1
0
0
1
1
0
1
0
-1
0
0
0
0
0
1
0
-2
-2
-1
0
0
0
1
0
0
0
1
2
0
1
2
0
0
1
0
1
0
0
1
0
0
0
0
0
0
-1
0
0
-1
-1
-1
-1
-2
-1
0
0
0
0
1
-1
0
0
0
0
-1
-1
0
1
0
0
0
0
0
0
0
1
0
0
-1
2
2
0
0
0
0
0
2
0
0
3
-1
0
-1
0
-1
0
-1
0
0
0
0
1
0
1
0
-1
0
0
0
0
0
0
-1
0
-2
0
-2
-1
0
-1
-1
0
0
0
0
0
0
1
0
1
0
1
2
0
2
0
0
0
1
0
-1
0
0
0
0
-1
0
0
-1
-1
0
-1
0
0
0
0
0
1
0
0
0
0
0
0
0
1
-1
0
1
-1
0
1
0
0
0
0
-1
0
0
1
0
0
2
0
1
0
-1
1
0
0
2
0
0
0
0
0
0
-2
0
-1
0
-1
-1
-1
0
0
-2
-1
0
0
0
0
0
0
0
2
1
0
1
2
0
0
0
0
0
0
0
0
1
0
0
0
0
1
0
0
1
0
-1
0
0
-1
-1
1
0
-1
-2
-2
0
0
-2
0
0
1
0
0
2
1
2
0
-1
0
1
1
1
0
-1
0
-1
0
0
-1
0
0
0
0
-1
0
1
0
0
0
1
1
0
0
0
0
0
0
0
0
0
1
-2
0
0
-2
0
-1
-1
0
0
1
0
-2
0
0
-3
0
1
-1
0
4
0
0
0
-1
1
1
2
0
0
0
-1
0
2
-3
-2
3
0
-2
0
0
0
2
1
0
0
1
1
-1
0
0
-3
0
0
-1
-1
0
0
0
0
0
-1
-1
2
0
-1
1
0
0
0
1
0
0
0
0
0
0
-1
0
0
0
0
-1
0
0
1
0
1
1
1
2
0
0
0
1
0
-1
0
-1
0
0
0
-1
0
0
0
0
0
0
-1
0
0
1
-1
-1
0
0
-1
0
-1
-1
0
0
0
-1
0
1
0
0
-1
1
1
0
0
0
1
0
0
2
0
0
1
1
2
0
2
0
-1
0
-1
0
-1
-2
0
0
-1
0
0
-2
0
0
-1
-2
-2
0
0
1
1
2
2
1
0
0
0
-1
-1
0
0
0
-1
0
1
1
-1
-1
0
0
0
0
0
-1
0
0
-1
0
0
1
1
0
0
0
1
1
0
0
0
-2
-2
0
-1
1
2
0
-1
0
0
-3
1
1
0
1
1
-1
0
0
0
0
0
0
-1
0
3
0
0
0
0
0
-1
-3
0
1
0
0
0
1
0
0
0
-1
2
2
0
2
0
0
0
2
0
0
0
0
-1
-2
0
0
-1
-1
0
-1
-1
0
1
0
-1
0
0
0
0
0
2
1
0
0
0
0
0
0
0
0
0
0
0
0
0
0
-2
-2
0
0
0
0
0
2
1
-1
0
0
0
0
1
0
0
0
0
0
0
0
0
0
0
0
0
0
0
0
0
0
0
-2
-1
0
0
0
0
0
0
0
0
0
-1
0
0
0
1
0
0
0
-1
0
0
-1
-1
-1
0
0
2
0
0
1
0
0
0
0
0
0
0
0
0
0
0
1
0
-1
-2
0
0
0
0
-3
0
0
0
0
0
0
0
0
1
0
1
1
0
1
0
0
0
0
0
0
0
-1
-1
0
0
0
0
1
-1
0
0
0
1
0
0
0
-2
0
0
0
0
1
0
-1
0
-1
0
-1
-2
-1
0
0
0
-1
0
1
0
1
2
1
2
0
0
0
0
0
0
0
1
0
-1
-1
0
0
0
0
0
-2
0
1
1
0
0
0
0
0
1
0
-2
-1
0
0
0
0
1
0
0
0
0
-1
0
1
0
0
0
0
2
2
0
1
0
0
1
1
0
0
-1
0
-1
0
0
-1
0
0
0
0
-1
0
-1
0
0
-2
0
0
1
0
0
0
2
1
0
0
1
-1
0
-1
0
0
-1
0
-2
0
1
0
-1
1
-1
-1
2
1
1
0
0
2
2
0
0
0
1
0
0
-1
-2
-1
-3
-1
-1
-1
-1
0
-1
0
0
-1
0
0
0
0
0
0
1
2
0
0
0
1
0
0
0
0
0
-1
0
0
0
0
-1
0
0
0
0
1
0
-1
0
0
0
-1
0
0
0
0
0
1
0
0
0
0
0
0
0
-1
0
0
0
2
0
0
1
0
0
0
0
0
0
0
1
0
-1
0
0
0
-1
1
-1
0
-1
-2
0
0
0
0
0
0
0
0
1
2
-2
-1
0
0
0
0
0
1
0
0
0
0
0
1
0
1
0
0
1
0
0
0
-1
0
0
-1
-2
0
0
-1
-2
-2
0
0
0
0
-1
0
0
2
0
0
0
-1
1
0
0
0
-1
0
0
0
0
1
1
0
-1
0
0
0
1
0
0
-1
0
0
0
0
2
1
-1
0
1
0
-2
0
0
0
0
0
0
0
0
-2
-1
0
0
-1
0
0
1
0
0
0
0
1
1
0
0
1
0
2
0
0
3
1
0
0
1
0
0
0
-1
-1
-1
0
-1
-2
-1
0
-1
0
-1
0
0
0
0
1
0
1
0
0
0
0
1
0
0
0
-1
0
0
1
0
0
0
0
0
0
0
1
0
0
-1
0
0
0
0
0
-2
-2
-1
0
0
2
1
-2
0
0
0
1
0
0
0
-2
0
0
0
1
1
0
0
1
1
0
-1
-1
0
0
-1
2
1
0
0
-1
-1
0
0
1
1
0
0
-1
-2
-1
-2
0
1
0
-2
-2
0
0
0
1
1
1
0
1
0
0
1
1
-1
0
0
0
0
0
0
1
0
0
0
0
0
0
0
1
0
-1
-1
0
0
0
0
1
0
1
-1
-1
0
0
-2
0
0
0
0
1
2
0
1
0
0
1
-1
0
2
1
0
1
0
0
0
0
0
0
0
0
0
0
0
0
0
0
0
1
0
0
0
0
0
0
1
0
0
0
0
1
0
0
1
0
-1
-1
-1
0
0
0
0
-1
-1
0
0
-1
0
1
0
-1
-2
0
1
0
1
1
1
-2
0
0
0
0
0
1
1
0
0
1
1
-1
1
0
0
0
0
1
-1
-1
-1
-1
1
0
-2
0
0
0
-1
0
-1
-1
1
0
0
0
0
0
0
1
0
1
1
0
0
0
0
0
0
0
-1
0
0
-1
-1
0
0
0
0
0
0
0
-1
0
0
0
0
0
0
0
1
0
0
0
-1
0
0
-1
0
0
0
0
0
-1
0
1
-1
-1
0
0
0
0
0
0
0
0
0
-1
0
-2
0
0
-1
0
-1
0
0
0
0
0
0
0
0
0
0
1
1
1
1
0
0
0
0
1
0
0
0
0
0
0
0
-1
0
0
0
-1
-1
0
0
-2
0
0
-1
0
-1
-2
0
-1
0
2
2
0
2
1
0
0
0
0
2
2
1
0
-1
0
-1
0
2
1
0
0
-1
-1
1
-1
0
0
1
0
-1
-1
0
0
0
0
0
0
0
0
0
0
0
-1
0
-1
0
0
0
1
0
-2
0
0
0
0
0
0
0
0
0
0
0
2
0
-1
0
0
0
1
0
-1
0
1
0
0
0
0
0
0
0
-2
-1
0
0
0
0
0
0
0
0
0
-1
0
1
0
-1
0
0
1
0
0
0
0
0
0
0
0
1
0
0
0
1
-1
-2
0
0
1
0
-2
0
0
0
0
0
1
0
0
-1
0
0
0
0
0
0
-1
0
0
0
1
-1
-1
0
0
1
0
1
0
0
0
0
0
-2
-1
1
1
1
0
0
1
0
0
0
0
0
0
0
0
0
0
0
0
0
-1
-3
-1
0
0
0
0
0
0
0
0
0
-1
-1
1
0
-1
0
0
0
0
0
0
0
0
1
2
0
0
0
0
0
1
0
0
3
1
1
0
-1
1
1
-1
-1
0
0
0
0
-1
0
0
-1
-1
-1
0
1
-1
-1
0
0
0
0
0
2
0
0
0
1
0
1
2
0
0
0
0
-1
0
2
0
0
0
0
0
0
2
0
0
0
0
0
-1
2
3
0
0
0
-2
-3
-1
0
0
2
-1
-2
0
0
-1
-1
0
-2
0
-1
0
0
-1
0
1
2
2
1
0
1
2
0
0
0
2
0
2
1
1
0
0
0
0
1
0
-1
0
-2
-1
-2
-2
-1
-3
-3
-2
0
1
0
0
0
0
0
0
0
0
2
2
2
2
1
0
0
0
0
0
0
0
0
-3
-1
-1
-2
0
-1
-1
0
-1
0
-1
-1
0
-1
0
2
1
0
0
0
1
1
1
1
0
1
0
0
1
-1
0
0
0
0
0
0
0
0
-2
-1
-2
-1
-1
0
0
-1
-1
1
0
0
0
0
2
1
0
0
0
1
1
0
0
2
1
1
-1
0
0
0
0
0
0
0
0
0
-1
0
0
0
0
0
0
0
0
1
-1
0
2
1
-1
0
0
0
0
-1
0
0
1
0
-1
0
0
0
0
1
0
0
0
-1
0
1
0
0
1
1
-1
0
0
0
0
0
1
-1
-2
0
1
0
0
0
0
1
0
0
1
0
0
0
0
0
0
0
2
1
-1
-1
0
0
-2
1
0
0
1
0
0
0
0
-1
0
0
0
0
-2
-1
0
-1
0
1
1
1
0
0
2
0
0
0
0
0
0
0
1
0
0
0
0
0
0
0
-1
-2
-1
0
-1
0
0
0
0
0
0
-1
1
0
0
2
0
0
0
0
0
0
0
0
1
0
0
0
0
0
-1
-1
0
0
-1
0
-1
-2
0
0
0
0
0
-2
0
2
1
2
0
1
0
-1
-1
0
1
0
0
0
-1
-1
0
0
-1
1
2
2
1
0
0
0
-2
0
0
-3
0
0
0
0
0
-2
0
1
-1
0
2
0
-1
2
1
1
3
3
1
0
-1
-2
-4
-11
-12
-3
-7
-2
13
20
11
11
36
16
15
21
-16
-27
-46
-47
-22
-15
-75
-54
162
151
18
109
109
-4
-90
-98
-111
-160
-153
-178
19
113
-22
36
114
175
21
15
138
-30
8
-11
-43
21
-42
-24
-6
56
34
0
35
-1
15
0
-15
-4
-16
-6
-11
-29
-31
-62
-66
-55
-91
-43
-56
-51
36
36
35
78
119
104
85
58
56
55
1
-25
-5
-9
-38
-31
-25
-31
-29
-12
-41
-29
13
-23
-25
0
-3
-38
-35
2
-21
-1
36
16
27
35
10
-15
-7
-8
-22
-3
12
9
6
44
43
20
33
35
18
-11
22
4
-36
-16
-28
-28
-43
-41
-11
-33
-22
7
9
11
11
25
11
10
17
6
3
-6
-5
-3
-15
-13
-11
-2
2
-10
16
20
2
12
14
5
-11
-2
-8
-10
-4
-10
11
1
2
21
13
12
14
18
8
-8
-11
-21
-25
-14
-17
-12
3
6
7
9
8
0
3
-5
-13
-2
-14
-19
-9
2
0
0
14
19
14
13
16
6
4
6
-4
-8
-8
-5
0
-1
1
7
9
10
6
6
-3
-7
-5
-11
-14
-14
-5
-4
-7
-5
-1
-1
-9
-7
0
-3
-5
1
3
1
2
1
5
11
10
8
16
16
10
10
10
2
0
0
-7
-12
-9
-13
-13
-10
-11
-13
-8
-3
-2
0
-1
0
4
6
5
4
9
10
7
4
5
5
3
2
3
3
2
-2
-1
-4
-3
-3
-5
-6
-8
-6
-4
-5
-3
0
0
2
1
2
9
2
1
4
1
4
3
-2
1
0
-2
-2
-3
0
0
-3
0
0
-1
0
-2
-1
0
1
1
0
0
-1
-3
0
0
-5
-2
-5
-4
1
-1
0
5
5
11
11
8
11
6
0
1
-4
-10
-10
-9
-11
-13
-9
-5
-2
0
3
1
-1
4
4
1
4
1
3
4
4
10
8
2
9
7
2
4
0
0
-1
-9
-4
-1
0
-3
-11
-3
0
-2
-3
-6
-5
-6
-11
-5
0
-1
-2
0
5
8
5
4
6
9
7
1
1
3
-1
2
1
1
4
2
0
1
3
2
-1
-7
-6
-5
-7
-8
-6
-1
-4
-5
0
0
-1
2
2
2
0
-3
-1
0
1
3
2
0
1
0
3
5
3
-2
-1
0
0
1
0
1
5
2
0
-1
0
0
-1
-4
-4
-2
0
1
2
1
2
1
0
1
0
-1
-2
0
0
-1
-1
1
0
0
0
0
1
0
1
0
-3
-2
-1
-2
-4
-3
0
1
1
4
7
3
-1
1
0
0
-2
-1
0
0
0
2
4
3
0
-2
0
0
-2
-4
0
2
1
-2
0
3
5
0
-3
1
6
-1
-6
2
5
-4
-14
-3
4
-3
-10
-1
14
10
0
0
14
13
-8
-14
0
0
-18
-24
-3
14
-7
-8
21
22
1
-3
12
11
-12
-21
0
3
-13
-6
4
6
1
0
5
10
0
-3
7
1
-1
-4
1
2
-7
-6
3
0
-9
-2
8
4
-4
0
7
4
-1
-4
1
4
-3
-11
-4
11
3
-10
-1
17
4
-12
2
11
-2
-6
1
3
1
-2
0
4
5
-3
-12
3
6
-14
-11
6
5
-11
-5
11
6
-3
-1
5
6
-4
-11
2
15
-7
-18
10
21
-12
-23
19
23
-17
-16
19
16
-16
-16
9
12
-8
-14
2
15
0
-18
-2
18
-3
-18
4
16
-3
-15
5
15
-2
-12
2
12
0
-15
-3
14
2
-16
0
14
-2
-8
6
12
-1
-4
5
5
-5
-8
-2
3
-1
-10
-2
9
2
-9
0
14
5
-8
-2
11
3
-9
-2
6
0
-8
-7
2
2
-7
-7
3
7
0
-3
2
11
4
-4
1
7
0
-6
-1
0
1
-4
-2
2
2
0
0
3
0
-5
-2
-1
-2
-1
0
1
2
-1
-3
5
2
0
3
0
-1
-1
0
3
-1
-8
-2
0
1
0
0
4
5
1
0
3
0
-3
-6
-8
-6
-6
-3
4
11
13
8
10
8
-3
-7
-15
-21
-15
-11
-10
4
15
14
21
21
21
7
-9
-14
-16
-18
-18
-9
0
8
12
11
15
11
4
-4
-7
-4
-10
-10
-2
-3
1
2
1
3
0
-5
-3
4
2
-6
-1
10
11
-1
3
12
0
-9
1
6
-2
-12
-5
6
-4
-6
1
1
0
-6
1
11
0
-7
3
8
2
-5
0
3
-6
-14
-2
5
-1
-1
6
6
8
1
-4
0
-1
-6
-9
2
5
-5
-1
10
6
0
0
1
0
-3
-2
0
2
0
-3
1
3
0
-1
-3
-4
0
1
-1
1
2
0
-1
-1
-2
3
2
-3
2
5
1
-2
-1
3
0
-2
-1
0
6
-5
-7
8
5
-1
0
0
6
1
-18
-9
17
4
-27
-4
25
7
-28
-10
35
9
-30
-9
21
14
-15
-17
11
30
-5
-40
20
44
-28
-31
32
19
-22
-13
20
13
-17
-8
8
5
-12
-9
10
0
-7
-9
6
9
-16
5
1
-12
6
8
-8
-2
18
6
-10
-5
14
4
-16
-7
11
13
-16
-11
19
18
-15
-10
30
4
-26
-4
22
0
-29
-1
18
3
-31
-9
28
0
-19
-12
31
13
-37
-1
21
8
-18
-14
20
21
-14
-26
11
23
-2
-31
5
40
-3
-39
5
38
0
-35
-7
52
5
-52
3
47
-9
-43
1
28
7
-32
-11
41
3
-40
11
20
-10
-13
4
22
-14
0
20
-10
-14
0
9
-15
-11
11
9
0
-11
15
23
-18
-28
17
21
-24
-13
20
16
-11
-7
11
0
-8
-13
-1
17
0
-11
13
9
-8
4
1
-11
-5
8
-3
-2
1
2
2
-14
2
3
-13
12
7
-28
14
31
-29
-9
37
-3
-23
4
11
-2
-20
6
10
-5
2
-7
13
1
-20
4
22
-3
-29
21
27
-28
-26
27
38
-28
-34
39
34
-41
-35
24
34
-26
-29
30
33
0
-47
-11
56
-18
-51
24
37
0
-33
-5
42
-10
-45
5
28
17
-33
-12
44
-5
-31
-22
25
3
-13
4
-16
56
-30
-39
33
-29
28
-4
4
28
-17
31
-27
-33
33
7
4
-18
22
56
-46
-27
-14
25
28
-84
29
65
-13
-35
-18
53
-11
-57
-5
42
15
-41
4
46
9
-36
-32
51
20
-103
36
60
-44
18
-10
27
13
-47
2
-10
10
-9
-30
37
37
-27
-6
43
-14
-52
24
13
-58
25
24
-20
23
12
5
4
-15
8
31
-35
-31
38
31
-52
-51
82
23
-62
-34
55
52
-77
-27
31
56
-38
-86
57
49
-36
-56
43
71
-25
-60
16
71
-53
-55
27
24
41
-46
-33
90
-16
-48
1
5
44
-34
-37
28
27
-17
-32
6
35
31
-42
-10
29
-12
-23
-26
21
31
-6
-20
12
35
-28
-33
16
-5
12
-3
-8
65
-30
-37
62
-27
-31
25
-19
1
21
-32
4
43
-15
-11
-1
14
45
-67
-23
74
-58
-7
32
-36
43
3
-16
46
-34
0
34
-60
-4
33
-37
1
25
-21
29
20
-30
27
-6
-28
-8
-14
41
-48
-48
106
-14
-70
52
10
-2
24
-29
2
31
-24
-28
-6
37
18
-53
32
60
-46
-34
27
13
-21
-17
-4
34
13
-49
8
30
9
-23
-44
58
11
-64
23
24
-4
-8
-8
5
0
0
-19
2
21
-2
1
5
1
-14
12
10
-47
5
41
-18
-34
16
38
-15
-20
20
13
0
-15
0
16
1
-10
-16
16
0
-35
7
26
-5
-16
25
20
-34
-1
10
-15
-5
-1
-5
-6
28
8
-11
26
-1
-19
-1
1
-24
-17
18
1
-1
17
11
11
12
-6
-13
5
-1
-28
-18
21
0
0
16
14
17
-7
0
-14
-19
-24
-22
27
4
7
17
21
19
-32
-17
-4
0
-25
-20
39
18
-12
-5
41
0
-54
13
14
-8
-11
-3
28
9
-23
-10
25
-9
-38
5
33
3
-20
20
42
-9
-30
12
18
-27
-45
-6
23
-4
-20
17
56
15
-25
-7
23
11
-69
-44
42
-1
-55
26
55
-2
31
3
-14
25
-28
-60
-6
29
-27
-19
50
44
-2
-30
34
23
-48
-30
-4
23
-1
-24
11
41
13
-39
-7
29
6
-33
-22
29
27
-11
-48
15
43
-42
-46
0
54
11
-43
35
56
3
-55
-21
29
-8
-35
-33
61
73
-54
-32
81
25
-92
-38
53
13
-66
-15
73
18
-32
-21
19
35
-52
-55
41
38
-46
-19
64
24
-31
-12
39
7
-41
2
15
-4
-12
-3
5
0
10
2
-14
6
28
-15
-27
18
-5
-18
-5
-12
3
33
12
-36
23
61
-41
-55
35
24
-45
-28
31
34
-17
-12
29
10
4
-20
-37
27
24
-71
-13
84
-19
-36
39
25
-8
-36
9
12
-38
-3
11
10
9
-7
17
16
-17
-17
25
11
-40
5
33
-8
-18
0
23
0
-30
-8
20
15
-27
-24
36
13
-53
-20
34
26
-29
-17
64
20
-50
-8
23
-8
-36
-19
22
29
-15
-1
36
19
-16
-24
19
8
-36
0
24
-6
-2
11
-2
1
-5
-2
18
-6
-7
26
-4
-14
13
-14
-4
2
-24
-1
0
1
-11
-5
27
-8
-8
14
-7
-6
1
-6
-9
27
13
-23
6
39
4
-54
13
53
-27
-25
22
39
5
-35
-6
33
6
-47
-14
23
18
-29
-47
38
36
-48
-43
43
37
-59
-17
39
10
-14
-31
14
37
-16
-30
4
27
3
-43
0
46
-5
-20
-2
21
27
-31
-18
37
21
-13
-19
17
34
-7
-34
7
39
-2
-22
-4
21
32
-28
-39
43
23
-58
-24
39
8
-39
-15
21
9
-16
-17
-3
13
13
-24
-18
40
18
-37
-7
36
11
-33
-15
26
20
-22
-25
33
13
-29
11
11
-7
4
-1
5
5
-5
10
5
-11
13
5
-21
5
7
-14
2
-5
-6
17
-4
-18
10
5
-10
-21
-6
26
-10
-34
26
26
-24
-7
18
3
-3
-4
-5
14
13
-24
0
35
-1
-21
6
22
-12
-27
16
13
-18
1
17
-3
6
5
-25
-7
15
-13
-15
14
20
-7
-15
13
-6
-15
4
-8
5
13
0
1
0
2
-7
-10
10
4
-5
9
2
-10
10
10
-13
3
17
-9
-3
14
-1
-6
-1
1
0
-4
2
-2
-13
9
1
-19
6
6
-8
-7
0
2
-3
0
4
0
1
0
-3
3
0
0
0
-2
0
1
1
2
2
-2
5
4
-8
4
9
-9
-6
9
0
-9
1
4
4
1
-5
0
6
-4
-9
0
7
2
-8
0
8
2
-10
-1
9
-5
-7
-3
-4
5
5
-3
8
9
-3
0
0
1
-8
-9
8
0
-13
4
14
0
-1
6
2
-1
-3
-11
-8
-1
-1
-7
3
17
7
-2
9
9
-12
-15
-6
0
1
-2
4
8
14
0
-11
2
8
-6
-21
-4
12
-3
-13
3
18
10
-9
-7
13
10
-13
-16
5
12
-4
-13
0
17
0
-14
0
3
6
0
-8
4
9
2
-10
-8
8
5
-10
-3
14
1
-14
2
5
-2
0
-5
0
12
-6
-13
12
8
-9
-6
7
6
-9
-2
11
0
-11
3
11
-7
-6
6
5
-3
-9
3
8
-5
-5
0
6
3
-6
-3
10
4
-7
2
4
-3
-4
-1
1
1
-1
-2
0
0
-3
-4
2
1
-9
-2
9
0
-2
2
2
-4
-7
6
9
-5
-5
6
7
-2
-4
4
8
-5
-12
6
12
-4
-7
2
8
-1
-7
2
5
0
-6
-1
5
3
-4
-9
2
8
-5
-8
2
3
0
-3
-2
4
0
0
5
0
0
2
-2
-3
1
1
-4
-3
1
1
0
3
6
-2
-6
4
7
1
-4
-2
2
-3
-6
8
8
-11
-5
6
6
0
-10
1
7
-6
-7
8
6
-5
-9
-3
13
1
-14
-1
16
5
-10
-6
7
8
-10
-13
9
9
-10
-9
7
11
-5
-10
7
10
-2
-8
1
9
0
-12
-3
6
2
-7
-3
5
1
-1
-1
2
3
-3
-1
-1
1
1
-1
2
2
2
1
0
0
1
4
-2
-3
1
2
-1
-4
-2
2
2
0
0
3
4
0
-6
-4
-2
-1
-5
-5
5
6
3
-3
-2
4
0
-5
-4
5
8
0
-2
2
6
-4
-9
-3
4
2
-4
-1
12
9
-7
-3
5
5
-6
-11
2
7
-5
-8
2
7
0
-8
-2
5
1
-8
-4
5
5
0
-6
0
6
-2
-6
-3
7
6
-4
-2
11
11
-7
-10
4
11
-5
-12
3
12
-2
-14
-1
6
-3
-11
1
13
5
-4
0
6
3
-6
-4
5
3
-4
-6
-2
2
-1
-3
0
4
2
1
3
5
1
-4
-2
1
0
-3
-4
0
0
-1
2
4
2
0
0
0
-2
-2
0
0
-4
-4
-1
2
-1
-4
2
1
-3
0
2
0
0
0
1
4
2
0
-1
2
6
0
-2
1
1
-1
-1
0
0
0
-1
-3
0
0
-1
-2
-1
1
0
-1
1
1
0
0
-2
2
0
0
0
-4
2
3
1
0
0
-1
-3
0
0
0
3
0
1
0
2
0
-2
0
-1
1
0
-2
-1
-1
0
-1
-3
1
2
0
-2
0
0
-1
0
1
0
-1
0
0
2
2
-2
0
1
2
1
0
3
1
-1
0
0
0
0
0
0
0
0
0
1
0
0
0
-3
-1
0
0
-1
0
0
0
0
1
0
0
1
0
0
-1
0
0
0
0
-3
2
1
-1
2
1
-1
0
1
0
0
2
0
-1
0
0
0
0
0
-2
-2
1
0
-2
0
0
0
3
0
-2
0
2
0
-1
0
0
1
-1
0
0
0
0
0
1
0
0
0
0
0
-1
1
1
0
0
1
0
0
2
2
0
1
0
1
1
0
-2
-3
0
0
-1
0
0
-1
-1
0
-1
-1
0
0
-2
-1
0
2
1
1
1
1
2
1
1
2
0
0
-1
0
0
0
-2
0
0
-1
0
1
0
0
0
-2
-1
0
-1
-3
0
1
0
0
0
-1
0
2
0
0
0
0
0
0
0
-1
0
1
0
0
1
0
1
1
0
0
1
0
0
0
0
0
0
0
-1
0
0
0
1
0
0
0
-1
-2
-1
0
-1
0
0
0
1
0
0
0
0
0
0
0
1
0
-1
2
2
1
2
1
-1
2
0
-1
2
0
-2
0
-2
0
0
-1
0
0
0
0
0
0
0
-2
-2
-1
-1
0
-2
0
0
0
0
1
2
0
1
0
0
-1
0
-1
0
0
0
0
2
2
0
1
0
0
0
0
-1
0
0
-1
1
-2
0
0
0
2
0
0
0
-1
-1
-1
1
2
0
-2
-1
1
1
0
-1
1
1
0
1
1
2
1
-1
0
1
0
0
1
0
0
0
0
3
1
-2
-3
-1
1
0
-4
-4
-2
-2
-1
-1
0
0
0
0
0
0
0
0
0
0
0
0
1
1
1
0
0
1
2
0
2
0
1
1
0
2
3
0
0
1
1
0
0
0
0
0
-1
0
-1
-1
0
-2
0
0
0
-1
-1
0
-1
-1
-1
-1
-2
0
0
-1
0
-1
-1
0
0
0
0
0
0
1
0
0
2
1
2
4
2
-2
1
2
-3
2
4
-4
-1
1
-1
-3
0
-2
-1
0
-6
1
1
-7
0
5
-7
0
8
-8
-7
12
2
-13
13
14
-17
2
20
-16
-11
22
-5
-21
24
10
-33
11
22
-27
-2
22
-11
-14
22
1
-15
22
-21
-19
39
-12
-49
9
70
-31
-57
48
28
0
-46
-14
52
13
-30
-70
50
66
-72
-11
24
35
4
-46
18
28
25
-47
-17
78
-32
-35
-2
9
14
-33
34
6
-29
0
24
18
-86
-8
131
-7
-147
60
90
-134
43
-3
-72
221
-72
-180
96
129
-53
-258
192
214
-225
-47
78
32
-71
-1
-8
11
242
-230
-119
341
-78
-240
29
271
-111
-192
105
-49
97
5
-119
152
58
-17
-82
-57
123
-78
-140
35
163
-55
-134
68
-16
68
94
-71
-180
195
258
-393
-21
270
-178
-47
40
47
-67
-94
147
-23
-15
176
-21
-293
171
274
-319
15
22
-46
275
-264
-218
382
219
-532
-256
712
5
-522
-74
313
362
-384
-187
380
111
-105
-285
26
332
59
-549
-402
713
243
-574
-35
315
283
-69
-291
158
307
-293
-486
332
372
-395
-384
68
591
81
-609
177
431
-119
-167
29
197
-138
-168
113
-50
293
-64
-612
202
477
-257
-623
262
769
-435
-317
602
21
-185
-97
-40
71
24
-244
-88
614
-179
-484
412
133
-170
-237
212
124
-418
313
-9
-60
62
-103
102
-381
485
132
-773
628
298
-732
-85
765
-161
-847
670
258
-510
102
230
-35
-296
318
30
-166
193
-346
126
351
-120
-205
-285
535
158
-398
101
-100
-62
149
-16
-5
116
143
-267
62
-49
-53
-18
-424
110
97
107
32
23
52
-4
-65
-145
433
-19
-365
227
192
22
244
-230
-251
303
-154
-137
31
-112
143
-168
-73
337
120
-376
-522
488
265
-184
53
-429
246
582
-274
-676
174
650
-410
-387
411
341
-183
-252
481
254
-88
-509
-211
591
-97
-605
-467
655
376
-633
379
-125
347
517
-831
569
389
-617
-275
-26
549
-292
-527
-130
204
642
-145
-563
-286
656
577
-850
-63
692
-60
-293
-336
253
587
-644
-956
574
1171
-403
-705
77
656
1047
-937
-814
1133
-53
-691
-541
445
574
-974
-223
793
147
-200
106
-477
290
703
-640
-545
348
1090
-69
-1399
438
1014
-562
-533
93
35
364
-211
-879
764
632
-1000
-527
950
628
-304
-684
23
1255
-144
-1489
268
1428
-616
-749
512
468
298
-1261
63
1572
-1280
-932
964
162
-877
-53
536
-445
898
325
-915
350
1048
-326
-1025
723
29
-905
403
-429
445
441
-1026
410
530
-83
-183
454
-64
-618
576
170
-232
-756
-61
344
-443
753
-402
-210
833
-400
183
469
-278
-863
738
546
-886
121
56
-187
335
-182
-634
387
867
-686
-805
508
792
-355
-554
49
363
783
-157
-1065
620
1438
-1468
-968
1409
-408
-1133
451
311
-657
959
530
-636
245
325
478
-560
-845
696
339
-1038
-875
1326
894
-1806
-224
1966
-313
-1372
820
724
-478
-597
265
350
-444
541
-934
-586
1683
31
-1576
381
1855
-853
-1318
1250
861
-1152
-660
1043
573
-876
-903
581
1109
-878
-937
1023
301
-373
166
-162
-513
940
142
-1730
1056
1209
-1419
31
344
423
-418
-806
1251
-304
-420
-121
209
1532
-2270
-716
2982
-746
-1684
879
914
-1293
-161
2071
-1529
-1210
2255
425
-1767
134
1617
-1243
-635
1158
-817
368
31
-1079
638
503
-327
-718
640
1075
-1290
243
1005
-28
-355
-1536
956
1369
-2090
-1075
2011
972
-1535
-124
731
1373
120
-3012
753
2511
-2003
-756
1114
-933
672
36
-1060
1568
-75
-829
514
79
387
-268
-756
283
50
341
42
-1226
999
882
-924
-366
248
377
-551
87
-342
339
712
-1484
897
1397
-1453
-980
1281
456
-735
286
-437
-212
1583
-16
-2240
487
2127
-721
-1995
1361
638
-1235
492
-1151
1357
998
-2382
307
1450
-54
-1341
37
1102
130
-447
-133
-182
755
-32
-1742
1088
1925
-1950
-752
1991
-367
-571
-145
-383
54
813
238
-1263
294
867
-430
-296
198
399
-226
-692
-261
790
640
-1087
242
1094
-68
-1110
107
800
-1274
286
816
-646
3
365
304
-1219
-72
1710
-1381
-532
1876
-758
-579
623
414
-901
588
602
-1143
505
-745
960
-122
-1469
815
414
963
-1375
76
1590
-1335
-434
697
-108
-620
273
-97
-280
872
-325
-707
272
1033
414
-1878
688
1896
-1878
104
515
-547
534
-916
-605
1739
-333
-1550
1638
-39
-976
1850
-674
-1261
1018
171
-497
-1123
1390
90
-1587
2358
-885
-776
1038
-1148
1228
-260
-1565
2161
-256
-1767
1033
414
-329
-911
427
2307
-2148
-491
2677
-2111
-375
1766
-1464
-242
1347
-519
-1128
720
1276
-1759
-684
2595
-1888
-332
2112
-1537
-329
1189
38
-318
-658
23
1322
-656
-1274
1003
961
-1155
-156
1000
-1013
86
1002
-706
-723
387
1389
-1043
-1274
2351
-401
-1617
509
1303
269
-2580
735
2141
-1509
-861
942
841
-1382
-92
1404
-329
-1046
601
305
-427
573
-1424
1098
110
-905
1644
-1305
-174
1684
-1135
-1034
1614
51
-760
-1411
1701
1421
-3379
842
1913
-1277
-611
926
205
-247
90
357
-322
437
925
-1609
-867
994
1006
-2332
123
1801
-495
-109
-336
357
696
-637
-1193
1136
76
281
-785
14
593
404
404
-1442
423
-291
1115
-1647
-143
1299
-597
881
-267
-853
146
2016
-2041
-748
1060
183
676
-1223
-581
1845
83
-1519
948
-443
908
-1435
-838
2090
-1775
1236
304
-2045
2146
1563
-1792
-797
939
783
-1096
-1331
1245
-462
-414
974
-620
899
491
-1917
1506
588
-1192
-4
-1208
1927
985
-1396
-1287
1010
1890
-1612
-1893
1496
2405
-2541
-1758
2461
535
-1818
183
778
-763
1398
835
-2336
-704
3068
80
-3789
1366
3015
-1463
-1994
420
2728
-1351
-2189
2312
-45
-17
-1154
-475
1636
-453
-1437
293
1635
175
-157
-1262
652
590
747
-1864
-2010
3982
-381
-2523
140
1775
315
-1432
-437
1610
677
-1405
665
-1113
876
517
-1828
1231
-159
-209
613
-1083
437
1996
-3015
-424
4113
-1920
-1159
-73
897
861
-1714
771
-947
699
2036
-2334
-1941
3475
220
-2522
981
-484
1536
-357
-1470
459
940
612
-1163
609
-582
-69
607
-362
-500
416
-37
-225
735
-1243
224
101
193
508
-1007
872
83
457
237
-1892
1572
1409
-2101
-537
1620
-114
-1353
-213
794
-118
-673
279
71
335
-450
-383
296
945
28
-434
-671
1390
1037
-1660
-59
-206
780
413
-2033
540
1281
-878
-512
397
61
34
-223
-219
169
858
156
-1520
556
1570
-214
-1695
810
723
144
-944
-777
805
-460
-594
-383
1213
159
-104
-13
103
1017
-279
-1780
357
2209
-885
-372
-662
1086
-4
-1973
572
236
140
47
-491
16
2204
-307
-1014
-385
254
1804
-1670
-1148
550
459
127
-408
-465
650
269
-560
211
297
541
-208
-703
208
450
-260
-207
132
-201
-375
546
247
517
-877
-614
375
362
0
-540
-284
54
1556
-185
-1680
1118
582
-574
-258
344
-349
269
977
-842
-1479
1012
1630
-2151
215
815
-777
1494
-268
-1648
410
1069
-410
-1165
876
564
-1003
-59
1056
388
-936
89
-62
291
454
-671
-1124
369
1391
21
-829
-474
929
-83
-205
305
-726
218
828
171
-602
-134
178
-451
-615
348
503
-565
371
385
-231
-55
311
-80
-251
700
-1457
132
1709
-827
-387
148
10
-304
92
753
-381
-237
209
483
-411
106
445
-515
-1056
483
1761
-1026
-2624
1437
1684
-1217
-329
-112
793
618
168
-930
-486
1540
-342
-1271
1230
472
-830
-216
-350
12
837
-54
-1324
-966
1804
1822
-2053
-665
1039
985
342
-1412
516
-158
-1685
1390
765
-2010
-388
1540
639
-951
-779
1286
1099
-1103
-215
5
529
893
-736
-1249
110
1012
967
-1413
-1398
2030
97
-1237
-680
633
668
-1058
-344
1016
216
-508
597
3
135
-585
907
870
-1022
-199
-1050
1721
1305
-2191
-1204
416
1143
413
-1792
-616
995
18
1819
-113
-2452
56
1721
2170
-2293
-2218
2041
1114
-839
-1467
92
438
-103
206
1242
-1181
228
1762
-778
-208
-252
867
-997
-1014
1130
832
-1180
-2182
685
1398
755
-777
-1137
-351
2017
1390
-1060
-1625
-840
2151
1124
-1103
-1623
-976
1944
1420
-1225
-582
-148
879
1295
-970
-175
245
-688
204
114
589
-45
-1206
464
770
-110
-855
-1284
629
605
110
-58
-1337
292
1675
76
-460
-483
202
1068
-166
101
602
-823
-449
901
466
-1256
-968
618
369
-705
334
-89
-993
450
415
213
-604
28
828
-267
467
1150
-1393
-615
1214
-156
-265
-709
-56
661
-269
31
-569
-249
1357
-115
-936
-473
708
849
-1053
-425
1397
540
-460
-362
-119
709
-109
-237
-205
-136
-53
-383
133
-744
-603
724
187
-94
974
539
-451
431
2181
972
-1657
126
901
-561
-632
-470
-949
-1251
-720
-1065
-2007
-1169
-714
-803
83
831
1630
1892
1441
2360
2137
861
2241
3200
2404
305
-45
84
-1033
-2115
-3055
-3565
-3543
-3057
-2654
-3053
-3087
-1876
-756
-34
770
1666
2161
3247
4719
4593
3045
2777
4619
4695
2215
414
-196
-1041
-1624
-2528
-4507
-5305
-4490
-3441
-3098
-3130
-2328
-2283
-1322
485
798
565
-402
-435
1119
2123
2570
3064
2749
3331
4251
4849
5323
3682
1606
585
-779
-1933
-3292
-5004
-5947
-6038
-4924
-4157
-3620
-1985
-1192
-1034
-168
1176
2048
923
391
989
1068
2556
3754
3389
3050
3213
4404
5484
4127
2471
1350
-434
-1906
-2875
-4049
-5675
-6235
-5319
-4143
-3549
-2413
-1269
-387
542
1297
1776
1016
115
276
825
1424
2274
2552
2800
3087
3985
5476
4478
3189
2871
1095
-1163
-2708
-3831
-5065
-5942
-5403
-4525
-4033
-2650
-1656
-888
649
1440
1876
1237
176
-151
165
1002
1661
2196
2248
2311
3133
4683
4644
2907
1911
719
-1079
-2528
-3759
-5095
-5849
-4874
-3685
-3286
-2418
-1303
-456
1007
1944
2065
1330
258
4
-34
614
1523
2194
2596
2784
3228
4520
4978
4075
3072
1703
-229
-2520
-3874
-5153
-6442
-6069
-4813
-4071
-3210
-1916
-680
749
1452
1796
1422
513
130
-124
167
1005
2141
3247
3708
3400
4467
5231
4196
3458
2111
-92
-2764
-4483
-5409
-6365
-6159
-5235
-4642
-3683
-2221
-991
242
998
1532
1397
620
191
74
385
1109
2445
3710
4152
3845
4661
5459
4578
3882
2478
511
-1824
-3947
-5135
-6064
-5754
-5321
-4762
-3841
-2780
-1238
250
1259
1354
1051
591
165
67
356
1207
2296
3220
3867
3556
4114
4727
3747
3269
1863
-246
-2603
-4556
-5809
-6690
-6010
-5186
-4404
-3546
-2380
-887
511
1823
2574
2435
1749
1004
310
355
1232
2364
3132
3552
3491
3968
4327
3651
3346
2678
880
-1835
-4092
-5830
-6769
-6097
-4826
-3797
-3154
-2226
-1329
-205
1228
2117
1959
1170
559
-72
37
712
1803
3087
3831
3534
3652
3943
3278
3136
2638
1237
-1264
-3516
-5446
-6730
-6262
-5203
-4008
-3545
-2844
-2023
-885
396
1635
2392
1845
1293
691
696
1005
1962
3062
3510
3476
4081
4291
3428
3140
2488
1394
-683
-2828
-5151
-6742
-6401
-5420
-4110
-3266
-2473
-1929
-872
195
1390
2253
2171
1808
914
764
635
1451
2525
3289
3651
3819
3888
3099
2855
2343
1693
17
-1999
-4340
-6298
-6571
-6054
-4373
-3147
-1878
-1326
-627
128
658
1290
1516
1998
1217
806
639
1342
2486
3230
3554
3685
4206
3437
2720
1988
1659
322
-1596
-3376
-5528
-6459
-6487
-5018
-3596
-2312
-1343
-745
-145
507
1033
869
1229
824
635
621
1076
2096
2954
3819
4087
4515
4270
3648
2948
2461
1307
-647
-2754
-5135
-6615
-7406
-6609
-5113
-3735
-2349
-1412
-368
515
1346
1802
2082
2008
1580
1094
901
1236
1814
2760
3476
4250
4321
3966
3568
2845
1841
357
-1463
-3867
-5880
-7201
-7284
-6105
-4507
-3069
-1916
-850
64
831
1454
1810
2138
2055
1669
1354
1204
1414
2044
2582
3191
3593
3614
3597
3203
2715
1682
390
-1769
-4278
-6298
-7349
-6944
-5455
-3670
-2115
-827
25
757
1065
1117
1317
1500
1421
1266
855
655
1114
2074
2702
3025
3253
3445
3332
3177
2885
1975
491
-1461
-3421
-5437
-6654
-6743
-5585
-3921
-2200
-1125
-398
-21
232
491
663
1122
1278
1315
1413
1573
1939
2908
3309
3450
3640
3869
3429
2854
2409
1495
302
-1441
-3476
-5399
-6533
-6783
-5803
-4435
-2960
-1682
-713
33
774
1130
1296
1370
1184
1039
869
868
981
1825
2786
3290
3741
3984
3838
3523
3088
2149
726
-1173
-3176
-4956
-6156
-6445
-5752
-4539
-3066
-1837
-867
-219
367
880
1144
1367
1357
1130
1007
846
805
1267
2003
2676
3304
3885
4417
4699
4402
3424
2175
429
-1972
-4441
-6387
-7572
-7616
-6381
-4650
-2869
-1351
-136
871
1527
1743
1813
1873
1723
1323
899
553
597
1159
1756
2206
2689
3126
3407
3566
3673
3120
1998
361
-1619
-3871
-5764
-6950
-7141
-6160
-4663
-3226
-1937
-877
79
910
1497
1687
1765
1599
1290
1064
906
969
1557
2340
2886
3084
3117
3090
3022
2739
2166
1218
-404
-2340
-4216
-5747
-6610
-6379
-5335
-3868
-2344
-1114
-206
609
1223
1709
2073
2117
1755
1419
1033
823
992
1582
2180
2860
3400
3733
3856
3689
3115
2296
1066
-755
-2714
-4526
-6043
-6736
-6399
-5392
-4058
-2562
-1279
-175
724
1376
1704
1905
1862
1548
1152
696
347
429
1136
2003
2632
2947
3224
3468
3512
3234
2467
1201
-347
-2352
-4592
-6497
-7531
-7495
-6286
-4498
-2590
-970
363
1472
2243
2450
2465
2289
1883
1432
927
558
589
1159
1975
2630
2975
3355
3653
3529
3037
2139
817
-780
-2638
-4542
-6245
-7339
-7446
-6546
-5122
-3340
-1587
-162
1118
2135
2530
2543
2325
1937
1484
904
387
335
807
1606
2517
3091
3442
3828
3920
3598
2813
1651
311
-1387
-3258
-4977
-6199
-6763
-6270
-5274
-3959
-2396
-1026
176
1248
1786
1951
2009
1774
1520
1150
607
319
562
1198
2213
3077
3649
4112
4233
3981
3408
2231
880
-559
-2261
-3972
-5380
-6336
-6456
-5754
-4712
-3231
-1864
-710
512
1541
1981
2163
2005
1548
1024
271
-493
-769
-416
562
1821
2799
3784
4668
4912
4593
3792
2425
811
-1004
-2979
-4778
-6127
-6840
-6566
-5647
-4226
-2516
-1021
425
1796
2696
3040
3011
2472
1904
1209
282
-470
-513
-36
1055
2136
3040
3871
4507
4585
4216
3255
1806
206
-1633
-3596
-5285
-6415
-6717
-6023
-4898
-3369
-1756
-403
727
1681
2183
2415
2390
2069
1661
990
172
-476
-734
-449
513
1337
2121
2982
3587
3715
3507
2753
1712
503
-1081
-2650
-4136
-5298
-5604
-5057
-4214
-2838
-1491
-479
480
1286
1687
2019
2115
1898
1643
1055
221
-424
-706
-401
696
1775
2643
3507
4186
4237
3853
2866
1506
83
-1641
-3465
-4843
-5751
-6102
-5556
-4575
-3312
-1830
-565
514
1544
2175
2512
2682
2407
1908
1128
-26
-1026
-1328
-1022
206
1701
2978
4138
4944
4968
4477
3444
1780
60
-1811
-3781
-5403
-6559
-7045
-6567
-5508
-4066
-2344
-743
710
1989
2854
3399
3679
3340
2710
1784
482
-750
-1508
-1777
-1111
238
1510
2857
4055
4707
4765
4272
3059
1624
-34
-1973
-3818
-5307
-6375
-6535
-5923
-4847
-3402
-1780
-296
1193
2438
3222
3672
3635
3125
2424
1488
248
-862
-1492
-1472
-483
771
1917
2958
3906
4200
3998
3141
1767
277
-1251
-2899
-4290
-5368
-5938
-5665
-4789
-3809
-2512
-1182
69
1257
2282
2913
3411
3501
3121
2429
1308
-224
-1560
-2369
-2315
-1209
270
1670
3011
4076
4503
4314
3367
1873
355
-1164
-2741
-3969
-4865
-5333
-5135
-4566
-4067
-3166
-2104
-943
496
1914
2911
3823
4140
3794
3102
2043
501
-811
-1818
-2011
-1208
-33
1062
2346
3417
3907
3864
3285
2090
697
-847
-2486
-3949
-5099
-5793
-5686
-5100
-4363
-3219
-1843
-405
1067
2299
3002
3588
3726
3267
2549
1551
155
-1018
-1902
-2251
-1554
-160
1175
2594
3940
4882
5194
4817
3726
2255
456
-1471
-3259
-4702
-5626
-5861
-5490
-4803
-3820
-2655
-1394
-54
1211
2144
2901
3445
3447
2954
2053
767
-504
-1515
-2204
-2114
-1170
157
1464
2729
3775
4467
4500
3919
2816
1486
-58
-1694
-3211
-4342
-4987
-5063
-4635
-4030
-3168
-2161
-1131
-72
953
1695
2381
2858
2983
2776
2224
1265
177
-745
-1391
-1480
-960
-52
911
1882
2756
3443
3615
3387
2690
1640
290
-1214
-2750
-4016
-4857
-5194
-5032
-4506
-3701
-2632
-1479
-353
770
1698
2447
3028
3249
3172
2713
1854
788
-250
-1156
-1590
-1503
-888
7
966
1892
2865
3411
3466
3119
2319
1168
-116
-1557
-2874
-3786
-4278
-4337
-4067
-3666
-3113
-2414
-1673
-789
201
1073
1840
2482
2907
2987
2573
1770
864
-2
-755
-1133
-1107
-605
182
917
1541
2391
3128
3488
3423
2862
1736
383
-1139
-2617
-3787
-4446
-4553
-4201
-3804
-3315
-2663
-1807
-820
330
1373
2304
2905
3137
3093
2669
1800
840
-7
-806
-1310
-1522
-1328
-622
242
968
1906
2900
3430
3476
3007
1948
692
-627
-1986
-3119
-3791
-4105
-3903
-3494
-3149
-2639
-1942
-1193
-253
743
1381
1946
2376
2534
2512
2268
1527
743
-105
-1021
-1625
-1752
-1589
-741
220
935
1832
2853
3321
3478
3167
2169
1019
-184
-1556
-2582
-3177
-3721
-3801
-3541
-3386
-3033
-2333
-1544
-497
649
1391
2066
2696
2923
2961
2799
2011
1003
150
-805
-1543
-1885
-1980
-1565
-614
129
941
2054
3039
3469
3442
2608
1528
541
-484
-1627
-2451
-3253
-3766
-3708
-3348
-2966
-2327
-1700
-1023
-113
736
1305
1974
2474
2682
2644
2330
1595
824
-50
-976
-1745
-2096
-2117
-1544
-593
271
961
1838
2883
3423
3408
2843
1863
807
-152
-1260
-2442
-3445
-4047
-4124
-3667
-3286
-2739
-2197
-1390
-265
1018
1829
2351
2699
2917
3085
3153
2781
2259
1350
262
-603
-1264
-1985
-2269
-1911
-1385
-796
-57
1070
2509
3468
3390
2929
2434
1929
1017
-262
-1934
-3191
-3766
-3682
-3557
-3743
-3848
-3490
-2342
-876
299
790
1326
2294
3368
4104
4146
3317
2281
1832
1218
11
-1335
-2487
-3058
-2584
-1976
-1418
-850
-104
1058
3076
3736
3167
2683
2398
1900
1010
-776
-2850
-3657
-3943
-4292
-4315
-4430
-4077
-2802
-1170
37
747
1207
2118
3677
4184
3724
3395
3032
2559
2046
1077
-595
-1893
-2207
-2511
-2743
-2871
-2481
-1517
-158
581
1290
2872
3711
3106
2918
2757
1895
510
-790
-1668
-2442
-3034
-3551
-3428
-3227
-2565
-1865
-1389
-665
343
949
1032
1731
2126
2418
2556
2333
2241
1994
1578
1222
301
-905
-1563
-1604
-2164
-2684
-2439
-1560
-968
-347
563
1976
2751
2157
2216
2658
2185
816
-212
-835
-1453
-2144
-2694
-3047
-2841
-2304
-2083
-1553
-592
173
390
996
1996
2258
1904
2149
2540
2740
2130
1293
1154
820
-368
-1345
-1661
-2127
-2588
-2595
-1986
-1473
-938
-167
1194
2138
1979
1946
2289
2180
1227
199
-534
-1143
-1633
-2124
-2475
-2638
-2176
-1730
-1579
-1118
-472
9
325
762
1126
1419
1629
1663
1962
2058
1639
1456
1386
961
274
-59
-592
-1137
-1390
-1521
-1435
-1220
-982
-434
496
982
956
1240
1571
1383
836
126
-458
-806
-1045
-1476
-1700
-1580
-1227
-890
-756
-628
-310
-58
-6
124
259
269
340
593
736
808
918
1007
1025
1008
946
737
389
53
-246
-549
-800
-860
-823
-725
-460
-73
369
722
926
1089
1165
937
487
101
-323
-760
-1050
-1125
-1143
-1151
-1037
-814
-692
-564
-425
-422
-368
-196
-82
63
278
372
457
707
889
980
1046
1061
1011
970
798
469
152
-151
-414
-615
-783
-806
-707
-591
-368
-5
326
605
828
853
761
576
184
-298
-679
-949
-1083
-1089
-1081
-998
-801
-643
-558
-488
-371
-274
-219
-73
128
282
435
581
719
864
974
1007
998
978
941
811
652
455
192
-20
-204
-420
-606
-729
-803
-825
-845
-882
-792
-610
-494
-343
-63
258
537
758
886
915
888
711
384
75
-154
-337
-475
-540
-572
-568
-559
-551
-515
-473
-401
-279
-136
18
168
284
362
405
398
348
305
276
234
227
285
419
553
616
723
911
1060
1097
1043
928
708
357
-103
-582
-983
-1299
-1525
-1608
-1567
-1466
-1313
-1137
-981
-804
-608
-426
-229
5
239
433
594
712
803
880
917
923
917
900
857
802
725
598
448
291
130
-30
-165
-253
-334
-405
-446
-482
-517
-543
-555
-540
-472
-383
-308
-215
-96
7
71
115
138
161
186
184
165
150
142
116
71
29
-14
-54
-79
-93
-89
-44
38
136
248
400
582
748
852
873
810
664
410
62
-292
-612
-881
-1082
-1202
-1231
-1194
-1114
-1010
-872
-679
-468
-271
-80
117
306
454
555
622
675
711
722
712
708
702
666
603
527
430
321
216
113
27
-30
-72
-110
-149
-185
-233
-298
-379
-466
-552
-639
-717
-786
-829
-838
-829
-790
-705
-567
-397
-206
0
222
442
634
784
896
979
1031
1051
1040
999
926
825
687
514
319
108
-105
-314
-504
-663
-793
-889
-953
-990
-1006
-1001
-977
-929
-854
-747
-610
-440
-241
-19
223
455
681
887
1060
1187
1253
1263
1214
1109
962
779
560
323
79
-162
-387
-585
-748
-868
-948
-993
-1002
-973
-911
-826
-716
-574
-416
-239
-49
145
347
544
731
890
1009
1079
1101
1078
1003
876
711
515
298
68
-164
-383
-578
-739
-859
-935
-972
-970
-931
-871
-796
-707
-599
-476
-343
-204
-54
98
255
405
537
652
743
798
810
787
728
641
526
387
240
90
-54
-193
-318
-422
-492
-530
-540
-520
-479
-423
-357
-291
-222
-150
-82
-11
58
126
189
246
294
332
352
360
353
329
293
243
178
105
30
-38
-105
-165
-215
-250
-272
-280
-275
-257
-231
-200
-161
-120
-82
-45
-11
19
45
69
87
104
116
126
131
127
121
117
103
83
62
42
19
-4
-22
-36
-42
-43
-38
-26
-13
0
13
21
24
24
14
0
-12
-26
-45
-56
-61
-62
-60
-54
-37
-21
-9
2
13
19
22
29
31
29
30
30
30
30
34
37
40
40
40
40
37
32
26
17
6
-5
-17
-27
-32
-37
-41
-42
-46
-48
-45
-41
-39
-36
-31
-30
-25
-16
-9
-2
6
12
16
24
32
37
41
45
48
47
41
39
36
31
25
17
11
5
0
-6
-13
-20
-26
-30
-36
-41
-42
-46
-47
-45
-40
-36
-29
-19
-10
-1
8
15
22
27
29
32
32
35
36
34
34
30
25
18
11
4
-3
-9
-13
-19
-19
-22
-20
-19
-19
-15
-13
-12
-9
-5
-2
-2
0
0
0
1
1
0
4
2
1
0
0
-2
-1
0
0
3
5
4
6
7
7
9
10
11
10
9
6
3
1
0
0
0
-2
-1
-1
-1
0
0
0
0
0
-2
0
-3
-6
-5
-8
-8
-5
-7
-6
-2
-2
-2
-1
0
0
-1
-1
0
0
1
3
5
4
5
6
5
5
2
0
0
-2
-3
-3
-6
-9
-6
-5
-4
-2
-1
-1
0
0
1
2
3
3
3
6
7
9
7
6
7
8
9
8
6
4
0
-2
-1
-2
-4
-6
-9
-8
-6
-7
-4
-5
-6
-6
-4
-5
-7
-7
-8
-6
-3
-3
-2
-1
0
0
2
3
1
2
2
4
4
4
4
4
7
9
8
6
5
5
5
5
5
4
3
4
2
1
0
0
-1
-3
-3
-6
-5
-4
-6
-5
-6
-5
-1
0
0
0
0
0
0
0
-2
-2
0
0
1
0
-2
-4
-1
0
0
0
0
0
0
1
2
3
3
3
3
4
4
4
4
2
1
0
0
-1
-1
-2
-2
0
-3
-3
-3
-1
-1
-1
-1
-1
-1
-1
0
0
0
0
1
3
0
0
1
2
0
1
0
0
0
-1
0
1
-1
0
0
0
0
2
0
0
1
2
2
1
0
3
1
0
0
1
0
-2
-1
-1
-2
-3
-4
-4
-5
-5
-4
-4
-3
-3
-1
0
-2
0
0
1
3
3
2
2
2
3
6
6
4
4
2
2
1
1
1
0
0
-2
-2
0
1
0
0
-1
-1
-1
-1
0
1
0
0
-1
0
-1
-2
0
1
0
-1
-2
0
0
-1
1
1
2
0
0
-1
0
1
1
1
0
1
1
0
0
0
1
1
0
-1
-2
-1
0
-2
0
0
0
-1
-3
0
-2
0
-2
-1
1
-2
-1
0
0
0
0
0
3
0
0
2
0
0
0
0
0
1
2
1
0
1
0
-1
1
0
0
0
0
1
0
-1
-1
0
0
0
1
1
-1
-2
0
1
0
2
0
0
1
-2
-2
2
0
1
0
-2
-1
0
0
0
0
0
0
0
0
0
1
0
0
0
1
1
-1
-2
1
1
1
2
0
-1
-1
-1
0
-2
-2
0
-3
-3
-3
-3
0
0
-2
0
0
0
3
0
2
3
2
3
3
1
0
2
3
0
-1
1
0
-1
-1
-1
-2
-3
-2
-1
-1
-2
-3
0
0
-1
0
1
2
0
-1
0
-1
0
-1
0
3
-1
0
2
1
0
0
1
1
0
0
0
1
1
-1
2
2
0
2
1
0
0
0
0
-1
0
-1
-1
1
0
-1
-3
-2
0
0
-2
-2
0
-2
-1
0
0
-2
0
0
1
0
0
1
1
1
0
2
2
-1
0
1
0
0
0
0
0
0
0
-1
0
0
-2
0
-2
-1
1
0
0
0
0
0
0
0
0
-1
0
1
0
-1
0
0
0
0
0
0
1
2
1
0
0
1
1
1
0
0
1
1
2
1
0
1
0
-1
0
-1
0
0
0
0
0
0
-1
0
0
0
-1
-2
-2
-1
0
-1
-3
0
0
-1
0
1
0
-1
1
1
0
0
1
0
0
3
1
-1
1
2
0
0
0
1
2
0
0
1
0
-2
-1
0
-2
-3
-2
-1
-1
0
-1
-1
1
0
-1
0
0
0
0
1
3
2
2
3
1
1
0
-1
1
0
0
0
0
0
0
-1
-1
0
-1
-1
0
0
0
1
-1
0
0
-1
0
0
1
1
0
0
0
0
-2
-1
0
-1
-2
-1
1
0
-1
0
2
0
0
-1
0
1
0
0
2
2
0
1
1
0
0
0
2
1
0
0
0
0
0
-4
-2
0
0
0
-1
1
1
-1
-1
0
-1
0
0
0
1
0
0
0
0
0
0
-1
-1
0
0
0
0
0
0
0
0
0
1
1
2
2
0
2
0
0
-1
-1
-1
-1
-2
-1
0
0
-1
0
0
0
0
1
0
0
-1
0
0
0
-1
0
0
0
0
0
0
1
0
0
0
0
0
-1
-1
0
0
0
1
0
0
0
0
0
0
0
2
-1
0
1
0
0
-1
-2
0
1
0
0
0
0
-2
0
0
-1
0
0
1
2
4
0
-7
-4
4
3
-4
-2
4
4
-1
-7
0
8
3
-2
1
1
0
0
3
-4
-2
0
-9
0
3
-1
-26
4
38
25
-3
-29
0
-12
13
-20
-16
33
71
36
-86
-38
37
26
-57
-44
8
23
-6
-11
-29
-17
32
-56
-51
89
89
-27
76
103
17
-69
208
63
-844
-499
293
331
-134
-35
537
434
176
237
71
-410
-99
97
-149
-283
-61
8
-379
-15
253
-59
-307
-69
280
203
-76
143
97
-44
123
141
41
-128
-6
170
145
5
-94
10
-5
-81
-38
-109
-13
19
-79
-173
-102
-69
-97
-7
-14
11
46
40
34
-18
56
136
28
30
139
32
-57
45
108
-23
-69
3
-4
-53
-6
8
-101
-62
20
4
-7
-64
-43
14
19
33
15
26
36
81
60
-21
-31
-23
-10
-56
-100
-32
-11
1
0
60
47
9
64
17
22
-17
-29
44
8
-35
6
29
-15
-20
3
1
-35
-43
9
26
-38
29
35
-34
-15
-27
26
17
-29
-3
-6
0
34
-37
-29
22
14
30
2
22
-3
-20
40
-22
-18
-7
3
23
-31
0
-15
-8
1
4
28
-21
25
45
10
26
0
-22
-27
-6
31
-49
-51
10
10
-26
23
13
-101
-22
48
29
-43
-20
65
36
15
28
40
-19
-13
35
2
5
-25
-20
37
-40
-15
-27
-33
18
13
10
-56
-7
59
11
-25
-1
47
6
-55
59
45
-36
39
5
-75
2
77
-2
-107
-8
128
-8
-34
72
-22
-35
73
1
-84
-75
17
11
-50
121
113
7
339
200
-1087
-750
521
270
-210
-36
432
498
240
122
-232
-329
163
2
-100
31
208
-294
-640
275
177
-291
-191
-18
307
90
-188
245
17
-133
76
178
211
-195
-134
106
37
30
59
13
61
29
-63
-13
-158
9
19
-226
-18
-22
-62
-161
87
138
-156
134
249
11
-78
115
34
-94
107
134
-140
-64
211
93
-246
-53
37
-58
29
-264
-21
-29
-9
62
70
-32
-121
208
-93
-34
102
14
208
-69
-31
134
-74
148
-36
78
595
-399
-1188
-356
103
-101
155
265
530
522
374
389
-253
-286
-111
43
-255
-201
-81
-566
-184
115
93
-228
103
2
294
192
-256
193
14
64
176
165
286
-160
-224
309
114
-286
-151
78
-7
0
-58
-61
35
142
-199
-405
193
289
-233
-119
42
102
-210
-242
293
44
241
103
0
-107
-153
63
-397
24
346
-4
134
141
-187
-9
93
-71
180
-96
146
89
-378
-29
-152
225
74
-185
123
97
276
-231
-228
221
88
-47
-133
-131
87
-80
-291
-151
142
138
22
128
67
24
154
-104
-169
288
-104
-151
-15
-21
110
-70
119
127
-195
184
235
-303
-269
368
-101
-222
112
-20
-55
183
172
-548
347
86
-262
-59
7
306
-332
-98
161
200
-9
-8
-255
23
464
-200
-314
48
168
-50
233
-406
-150
475
78
-301
-99
380
-181
-9
415
-296
-134
265
164
-403
-335
417
-233
-220
436
-399
125
327
-60
21
-150
301
-204
79
93
-231
436
-90
-137
97
36
-136
-151
-34
-274
-75
10
91
195
-5
14
322
126
-137
2
132
-165
-1
20
0
74
178
166
-304
-1679
156
644
-1220
263
908
985
208
334
692
-608
-35
391
-547
-99
181
-184
-690
-568
245
-205
-192
-301
127
547
-313
352
117
-360
288
134
-33
192
-28
142
369
-203
440
56
-87
-80
-107
132
-165
56
-306
-158
169
-123
-435
225
312
-211
-300
-129
-54
42
-29
-285
173
224
3
140
83
12
115
13
-66
192
-38
134
165
57
150
-52
-213
180
85
-401
-370
-39
163
-153
22
-120
66
126
67
-322
-164
449
-220
-182
283
622
-93
-52
597
-60
-255
79
-86
-97
-32
-156
-349
-321
-184
-297
-385
-218
75
-323
-520
171
885
120
205
1136
1147
374
316
557
70
-205
-15
-243
-585
-214
-432
-929
-666
-284
-784
-1068
-522
-290
-603
-298
-109
179
36
88
1203
1193
1271
1302
1288
1363
1176
827
489
264
207
-258
-628
-825
-1034
-1506
-2034
-1786
-1808
-1876
-1487
-1018
-617
-202
240
294
1005
1455
1968
2163
2057
2586
2210
1863
1336
951
864
-182
-761
-1027
-1513
-1784
-2028
-1877
-2166
-1608
-1496
-1373
-1088
-1065
-199
-553
-396
256
242
696
963
1244
1732
2056
2090
2251
2182
2093
1878
1218
818
-96
-444
-946
-1997
-1886
-2176
-2709
-2306
-2004
-1569
-1265
-1157
-534
-735
-577
-96
-262
-336
32
323
489
910
1432
1592
1904
2644
2961
2674
2359
2027
1783
1290
291
-678
-1238
-1398
-1737
-2145
-2526
-2506
-1867
-1430
-1489
-1275
-762
-566
-574
-449
-385
-375
-133
-63
208
386
748
1518
1355
1737
2853
3115
2712
2337
2253
1934
1178
-34
-1140
-1280
-1380
-1938
-2560
-2935
-2027
-1343
-1436
-1105
-935
-463
-63
-170
-195
-184
-205
-241
-407
-76
348
719
1137
1609
2466
3195
3200
2803
2568
2420
1560
537
-560
-1475
-1553
-1852
-2675
-3038
-2781
-1978
-1477
-1484
-1195
-876
-547
-149
-547
-822
-449
-82
-108
-234
406
1079
1620
1756
1819
3024
3629
2775
2233
2100
1876
1024
-443
-1306
-1615
-1444
-2137
-3338
-3103
-2045
-1570
-1808
-1702
-1242
-472
-112
-435
-689
-626
-125
155
-95
-35
934
1721
1815
1905
2919
3953
3425
2655
2537
2278
1591
105
-1168
-1793
-1843
-2039
-3449
-3616
-2702
-2030
-1708
-1971
-1580
-863
-195
84
-597
-844
-134
210
39
-40
243
1347
2132
1888
2304
3516
3810
3027
2505
2208
1827
864
-890
-1797
-1842
-1722
-2782
-3588
-2765
-1900
-1595
-1722
-1704
-1302
-315
-65
-863
-863
-365
-262
-239
-349
-158
1091
1908
1591
2136
3704
4057
3205
2718
2620
2154
1156
-552
-1735
-2126
-1877
-2624
-4117
-3320
-2330
-1998
-1631
-1454
-1218
-346
209
-322
-803
-596
-205
-358
-280
-262
606
1884
1723
1910
3000
4058
3689
2640
2772
2580
1555
322
-1144
-2016
-2119
-2217
-3450
-3639
-2802
-2092
-1576
-1591
-1407
-1050
-274
14
-671
-1025
-669
-160
-137
-429
-123
1329
1929
1391
2208
3854
3822
3143
2899
2510
2079
1272
-527
-1790
-1537
-1339
-2594
-3578
-2839
-1670
-1292
-1304
-1387
-1125
-111
511
-252
-887
-594
-152
65
-278
-533
592
1558
1519
1706
2839
3648
3215
2378
2133
2011
1379
-446
-1749
-1886
-1727
-2245
-3548
-3308
-2291
-1555
-1285
-1249
-1063
-462
318
131
-493
-787
-579
-460
-295
-398
-124
927
1498
1871
2558
3426
3721
3081
2856
2802
2006
521
-910
-1316
-1651
-2030
-3001
-3452
-2704
-1931
-1508
-1482
-1402
-899
-201
37
-230
-696
-783
-458
-264
-480
-338
667
1450
1622
1919
3150
3986
3397
2601
2434
2254
1372
-71
-1612
-1919
-1749
-2403
-3216
-3202
-2350
-1384
-1091
-1243
-1006
-500
315
443
-509
-924
-459
-50
-43
-698
-178
1304
1723
1610
2146
3541
4113
3242
2582
2238
2005
910
-765
-1958
-2337
-2142
-3058
-3808
-3352
-2464
-1714
-1267
-1488
-1296
-351
107
-37
-703
-1043
-831
-23
-180
-767
120
1505
2110
1845
2768
4398
4013
2967
2915
2631
2012
676
-1361
-2131
-1774
-2131
-3790
-3987
-2892
-2120
-1322
-1175
-1264
-710
134
679
25
-925
-710
-641
-735
-770
-1038
-230
931
1488
1461
2575
4358
4396
3527
3200
3148
2342
757
-1196
-2093
-2232
-2512
-3534
-4375
-3364
-2079
-1533
-1284
-900
-68
688
1045
698
-137
-285
-512
-779
-863
-1332
-451
495
1071
1312
2101
4151
4381
3610
3115
2899
2641
1419
-297
-1930
-2219
-1899
-2896
-3952
-3509
-2272
-1285
-976
-652
-360
87
1187
1119
-303
-839
-563
-465
-938
-1474
-666
641
1461
1456
1736
3445
4688
4254
2497
2238
2536
1228
-748
-2491
-2983
-2920
-3061
-3808
-3846
-3018
-1788
-576
-243
-317
47
1084
1764
848
-585
-863
-360
-390
-1204
-1555
-423
1098
1276
1183
2497
4653
4650
3122
2596
2725
2224
461
-1569
-2386
-2387
-2413
-3527
-4260
-3424
-2576
-1608
-925
-872
-743
145
1557
1487
4
-689
-323
-289
-782
-1398
-1041
564
1516
1527
1845
3456
4651
3917
2845
2444
2308
1457
-228
-1990
-2618
-2450
-2651
-3784
-4104
-3327
-2304
-1135
-802
-686
-258
928
1758
912
-396
-750
-445
-484
-938
-1376
-462
1245
1801
1770
2542
4257
4694
3569
2407
2212
2058
725
-1325
-2803
-2867
-2426
-3126
-4136
-3643
-2417
-1004
-344
-290
129
848
1676
1590
348
-548
-698
-992
-986
-1476
-1474
4
1142
1621
1806
3228
4796
4224
3111
2571
2476
1571
-392
-2219
-3105
-2966
-2959
-4123
-4422
-3399
-2069
-826
-604
-72
756
1725
2418
1698
634
304
92
-472
-869
-1350
-1080
-14
771
1177
1695
3319
4311
3587
2535
2137
1600
326
-1323
-3106
-3775
-3416
-3394
-4286
-4116
-2640
-1206
-147
469
904
1361
2371
2985
1782
56
-444
-678
-1271
-1888
-2170
-1400
138
1123
1481
2471
4398
4952
3780
2788
2768
2174
352
-1631
-3155
-3286
-3025
-3684
-4592
-4031
-2563
-1079
-199
94
521
1088
2287
2405
845
-317
-633
-867
-1064
-1579
-1461
-171
1049
1543
1730
2925
4514
4237
2789
2084
2074
1294
-511
-2381
-3382
-3328
-3090
-3573
-3970
-3322
-1913
-589
68
508
656
1243
2519
2207
565
-170
-385
-643
-1081
-1815
-1401
123
1064
1534
2048
3391
4798
4273
2667
2123
2115
788
-1271
-2912
-3487
-3270
-3366
-4136
-4027
-2910
-1582
-407
20
673
1049
1742
3012
2305
501
-174
-684
-836
-1621
-2549
-1607
-311
851
1560
1848
3523
4864
4063
2622
2081
2002
889
-873
-2632
-3383
-3110
-3014
-3576
-3765
-3137
-1563
-264
198
745
601
1405
2650
2326
865
-200
-904
-846
-1254
-2164
-1778
-602
784
1681
1807
3217
4983
4430
3214
2338
2138
1416
-561
-2522
-3421
-3713
-3694
-4243
-4594
-4004
-2844
-1324
-376
718
1029
1575
2966
3195
2056
666
-542
-630
-1024
-2451
-2713
-1517
43
1063
1570
2711
4775
5268
4108
3000
2510
2029
370
-2182
-3566
-3965
-4018
-4001
-4501
-3917
-2475
-1085
236
1342
1603
1615
2450
3208
2282
674
-777
-1305
-852
-1946
-3081
-2261
-545
1160
1836
2059
3944
5415
4913
3610
2452
1895
860
-1163
-3208
-4448
-4669
-4233
-4311
-4209
-3461
-1876
-263
1111
2080
1566
2016
3447
3615
2045
274
-924
-780
-1044
-2746
-3265
-2085
-249
1395
1895
2276
4356
5422
4300
2771
1625
1024
-74
-2155
-3866
-4831
-4523
-3678
-3799
-3648
-2673
-929
515
1692
2217
1814
2438
3463
2903
1553
-246
-1763
-1387
-2094
-3366
-3323
-2049
103
1980
2528
3252
5422
6035
4777
3268
1861
960
-668
-2754
-4275
-5335
-5152
-4579
-4454
-3965
-2993
-1357
459
1970
2651
2314
3096
3953
3590
2164
-186
-1238
-1399
-2425
-3361
-3539
-2775
-446
1664
2601
3284
5041
6402
5515
3787
2384
1143
-277
-1736
-3950
-5442
-5285
-4679
-4401
-4299
-3677
-2149
-464
1199
2396
2018
2446
3733
4152
3332
1472
-186
-529
-904
-2016
-2996
-3450
-2071
395
1558
1566
2731
4919
5616
4440
2564
1541
899
-464
-2461
-4479
-5176
-4282
-3853
-4224
-3808
-2453
-599
869
1916
2311
2529
3411
3725
3263
2247
388
-766
-1326
-2333
-3149
-3923
-3892
-1885
419
1680
2261
3824
6082
6473
4822
2821
1549
555
-1056
-3548
-5805
-6026
-4944
-4357
-4238
-3951
-2445
249
1810
2843
2736
2612
3915
4132
2965
1729
71
-868
-1209
-2270
-2835
-3362
-3166
-1359
929
2117
2326
3445
5567
6313
4859
2687
1510
642
-870
-2877
-5159
-6208
-5245
-4153
-4006
-3991
-3049
-708
1230
2548
2447
1851
2865
4040
3576
2257
666
-267
-31
-1015
-2535
-3824
-4192
-2632
-909
71
973
1633
3149
5987
6389
3815
2129
1948
1659
-75
-3463
-6177
-6067
-4145
-3211
-4323
-4883
-2365
970
2342
2782
2578
2377
4076
4751
2951
942
-306
-945
-606
-1750
-3708
-4058
-3232
-2129
-778
266
1629
2947
3713
4432
5549
5072
2847
1449
804
145
-1851
-4311
-5654
-5391
-4419
-3409
-3841
-3687
-896
1139
2062
3124
3460
3360
3989
3764
2522
1249
-168
-1350
-1528
-2554
-3920
-3968
-3647
-2949
-1666
-360
1400
3408
4078
4184
5260
6461
5043
2489
758
1
-1037
-3497
-6460
-7216
-6297
-4787
-3689
-4010
-2473
985
3312
4020
4655
4390
3857
3918
3303
1516
-755
-2289
-2323
-2047
-3290
-4133
-3740
-2609
-1029
97
866
2211
3912
4821
4392
4020
4783
4099
1778
-60
-1484
-2575
-4010
-5769
-6418
-5734
-4440
-2776
-2055
-1103
930
3078
4119
4621
4183
2723
2646
2589
984
-601
-2195
-2784
-1642
-1793
-2245
-2406
-2278
-1093
482
876
1007
1867
3096
3739
3377
2651
3690
3492
1166
-367
-1606
-2556
-3406
-4965
-6005
-5355
-3702
-1807
-1162
-542
1203
3321
4255
4661
3875
2038
2259
2398
719
-1085
-2799
-3306
-1935
-1873
-2136
-1966
-2015
-618
1037
1299
1212
715
1158
2882
3008
1159
549
2829
3510
1803
-338
-1810
-1622
-1626
-3433
-5150
-5599
-3497
-286
-863
-1376
306
2174
3842
4231
2268
734
1580
1902
977
-1419
-3041
-2640
-517
-426
-1146
-1045
98
1865
2515
1799
754
238
250
123
-1011
-1913
-1613
-1090
-210
2095
2885
1570
1028
1240
1640
727
-1958
-3857
-3624
-2345
-1101
-1645
-2822
-1272
1365
2500
2303
1924
1031
1712
2740
987
-1342
-1795
-2035
-719
-520
-1677
-994
664
1717
2542
2249
911
871
1619
476
-1129
-2062
-2666
-2106
-1418
-1077
-721
-271
1167
4582
5138
2849
1362
820
596
-765
-3696
-5874
-5421
-3317
-1733
-1974
-1970
186
3302
4549
4300
3512
1698
1945
2124
-99
-2396
-3375
-3395
-1547
-1095
-1803
-1315
647
2711
3339
3135
2548
2090
1605
399
-1470
-3136
-3911
-3524
-3159
-2624
-1783
-463
1319
3214
4339
3933
4504
5350
3007
-123
-2031
-3812
-4695
-5379
-6506
-5949
-3344
-289
1542
2114
3217
5189
6249
5536
4305
1583
-109
-448
-2281
-4305
-5067
-5074
-3244
-1056
-462
407
1839
3771
4876
4327
2854
1245
265
-681
-1959
-3308
-4740
-3988
-2353
-1876
-1690
-660
829
2449
3248
2741
2445
2566
2606
1624
739
2004
1040
-1350
-2474
-2516
-2435
-2675
-3545
-3367
-1132
733
1785
1525
1016
2362
3373
2108
866
-304
-2061
-1268
-1102
-2515
-2781
-2043
-859
1375
1761
1772
2472
2913
2727
2330
971
-495
-1152
-1782
-2730
-2541
-2604
-2407
-694
668
1074
1349
1695
2081
2489
1756
686
-463
-1245
-1219
-1767
-2902
-3389
-2600
-1347
-360
343
1214
2398
3491
4351
3386
2472
3506
2179
-991
-2900
-3845
-4237
-4485
-4872
-4625
-2141
732
2586
3290
3137
3555
4429
3132
1301
-105
-2507
-2747
-2335
-3388
-3514
-2217
-838
1544
2676
2806
2871
3254
3265
2531
743
-1436
-2658
-2850
-3016
-3018
-2931
-2129
-185
1626
2249
1936
1956
2283
2560
1560
-442
-1597
-1770
-1619
-1655
-2319
-2172
-798
672
1239
1548
1668
2058
2217
1440
470
-512
-1723
-2411
-2688
-2562
-2003
-1387
-197
1683
3273
3617
4077
4950
3923
1229
-980
-2413
-3714
-4955
-5981
-5405
-2930
-660
1279
2572
3061
4422
4756
3118
1444
-124
-2146
-2660
-2796
-3694
-3537
-2000
-440
1711
2695
2894
3319
3770
3069
1743
222
-1444
-2314
-2756
-3217
-3360
-2694
-1356
42
1311
2117
2158
2190
1994
1678
766
-696
-1793
-1784
-1620
-1689
-1447
-962
-38
1243
1535
1344
1590
1504
920
529
-278
-1133
-1391
-1334
-1274
-811
-536
-384
475
1246
1315
1237
1186
1019
309
-468
-814
-952
-1738
-2401
-1978
-1089
-40
522
954
1977
3040
3448
3534
2920
1071
-569
-1980
-3139
-3909
-4520
-4583
-2811
-460
1273
2440
2947
3069
3643
2916
998
-532
-1585
-2688
-2597
-2387
-2529
-1628
83
1299
2542
2853
2330
2158
2063
934
-457
-1529
-2230
-2282
-1995
-1841
-1294
-408
634
1485
1874
1757
1441
1223
737
42
-698
-1451
-1884
-1590
-1265
-1093
-578
232
932
1511
1591
1320
1127
748
15
-539
-1091
-1422
-1211
-795
-491
-43
374
791
1112
1121
726
445
111
-196
-521
-786
-900
-774
-597
-334
-61
176
537
738
720
547
381
228
84
-217
-569
-681
-552
-396
-201
-122
62
358
620
838
670
175
-157
-114
-467
-1186
-1570
-1382
-621
42
246
842
1782
2407
2787
2990
1708
20
-1125
-2041
-2793
-3302
-3793
-3014
-993
724
1692
2267
2181
2576
2498
1073
-536
-1255
-2030
-2124
-1619
-1473
-1139
16
1134
2061
2380
1765
1397
1366
692
-274
-1081
-1807
-1756
-1377
-1242
-962
-229
393
1218
1587
1392
1006
702
194
-251
-819
-1387
-1501
-1066
-595
-275
-79
290
789
1153
936
537
351
193
-177
-462
-690
-816
-590
-241
15
232
390
637
892
771
328
-38
-350
-491
-565
-711
-618
-323
10
290
454
432
428
371
219
74
-163
-276
-216
-226
-245
-167
-90
-19
80
95
80
74
45
86
100
42
-53
-56
-60
-41
-51
-62
-43
24
37
67
63
36
-3
24
16
-44
-72
-114
-65
3
29
42
37
27
51
35
15
43
56
-33
0
163
66
-188
-251
-404
-570
-686
-710
-459
-8
250
583
1107
1473
1710
1552
1640
1801
800
-661
-1509
-1905
-2172
-2305
-2404
-1837
-394
704
1420
1458
1016
1020
999
340
-336
-1026
-1680
-1144
-406
-352
-83
512
1159
1872
1765
1073
684
572
141
-299
-971
-1468
-1430
-1070
-837
-351
-235
83
757
1161
922
500
181
112
25
-250
-753
-901
-626
-167
97
78
85
336
571
399
47
-153
-216
-101
-31
-267
-504
-207
456
371
-621
-895
-38
805
769
163
-209
470
1286
752
-122
-747
-796
0
132
-592
-790
-365
-25
743
754
-85
-30
511
650
464
-494
-1257
-1021
-652
-742
-583
-719
-535
454
1131
1057
826
771
970
1214
886
235
322
695
192
-758
-1349
-1476
-1137
-1034
-1294
-1023
-159
585
1043
700
144
337
572
184
-276
-699
-718
-259
212
192
151
273
663
1058
941
398
104
-2
-202
-324
-548
-784
-620
-566
-489
-113
-105
-100
376
386
338
432
121
12
346
257
314
295
229
667
765
-114
-596
-740
-758
-714
-1021
-1271
-882
-354
89
202
1
72
385
452
435
69
-551
-493
22
199
69
-67
245
1004
1588
1529
1203
856
670
888
759
-73
-978
-1596
-1593
-1199
-1264
-1582
-1236
-367
427
822
454
39
240
358
210
-89
-473
-528
-108
197
66
-2
268
722
1009
827
547
408
341
180
-141
-331
-315
-176
-144
-124
-32
31
163
270
176
-44
-208
-265
-308
-196
-213
-307
-294
-274
-144
-85
-308
-300
-37
61
17
-66
-170
-16
219
232
108
71
237
523
594
438
379
476
600
631
278
-282
-408
-307
-469
-622
-631
-558
-331
-204
-254
-379
-503
-485
-340
-290
-249
-77
151
488
833
958
887
798
669
713
726
458
296
198
-35
-116
-259
-622
-749
-781
-769
-578
-492
-371
-126
-67
-15
-54
-262
-307
-253
-491
-245
-152
-68
378
486
521
912
1143
1122
926
672
429
461
391
195
118
-322
-649
-597
-814
-809
-797
-880
-570
-232
-75
-176
-344
-415
-322
-223
-340
-316
-99
283
746
872
785
731
732
793
865
382
173
340
247
153
-228
-552
-467
-559
-673
-807
-935
-619
-260
-255
-317
-369
-316
-146
-30
-125
-181
123
507
904
977
568
565
894
867
798
385
-2
235
328
147
-160
-676
-692
-442
-470
-504
-686
-792
-461
-233
-358
-525
-553
-431
-124
64
33
130
410
703
818
653
566
678
610
474
378
172
165
263
92
-133
-430
-599
-426
-373
-440
-384
-484
-429
-264
-360
-451
-432
-390
-191
-41
64
224
369
534
623
540
455
482
499
429
331
162
120
216
98
-15
-180
-465
-393
-341
-498
-503
-594
-556
-287
-240
-329
-364
-264
-78
56
98
105
251
472
541
463
339
324
371
407
368
245
141
133
107
58
-83
-352
-403
-235
-210
-214
-291
-405
-270
-146
-188
-215
-213
-143
45
172
162
162
134
126
297
369
237
123
66
121
223
223
122
-19
-79
3
12
-65
-165
-280
-241
-93
-114
-248
-337
-270
-116
-30
-37
-39
31
137
179
141
85
62
81
165
176
100
86
71
74
122
59
-63
-85
-58
-32
-17
-78
-126
-87
-68
-73
-132
-159
-60
9
19
18
-13
38
89
73
69
37
46
91
69
39
16
1
0
-13
-12
-27
-43
-27
-3
16
8
-13
-12
-3
16
-1
-54
-62
-35
23
52
-1
-16
-11
-13
25
36
3
13
32
50
65
5
-68
-64
-46
-12
0
-26
-17
13
43
23
-45
-52
2
46
42
-9
-56
-42
0
-2
-16
-34
-50
-7
24
6
-2
9
37
67
47
20
37
53
51
48
46
43
32
-3
-58
-85
-92
-76
-35
-50
-78
-68
-67
-46
-12
-17
13
77
94
98
60
19
41
30
4
5
-12
-10
28
1
-43
-30
-30
-17
10
5
-3
10
29
28
-10
-34
-17
-22
-7
12
-20
-5
16
-9
-8
-7
-23
-8
12
17
28
31
20
2
-4
24
37
35
18
-7
-24
-28
-27
-38
-25
-1
-10
-29
-32
-18
-6
-1
-10
7
32
12
-14
-7
13
33
34
3
0
34
37
5
-31
-28
9
22
-1
-22
-5
27
14
-35
-34
11
29
15
-5
-14
20
35
2
-14
-8
-7
3
0
-12
-8
-27
-40
0
16
-16
-29
-33
-10
26
-5
-32
0
0
14
33
-7
-15
14
18
16
2
-17
20
49
21
7
3
5
36
22
-30
-17
16
-11
-23
-14
-27
-9
-12
-30
4
5
-22
3
23
9
0
3
16
32
9
-20
-20
4
15
-12
-22
-2
3
10
15
5
8
2
-16
7
40
9
-16
-16
-20
12
12
-34
-26
-5
-16
-5
14
-8
15
25
-9
11
34
16
-5
-3
1
19
18
-24
-32
-8
10
6
-17
-24
-1
17
11
0
-12
-16
23
22
-20
-22
-4
16
19
-26
-59
-17
33
17
-36
-39
15
34
7
-17
-11
41
50
0
-5
17
30
12
-22
-18
0
-5
-12
-2
21
24
4
2
13
13
-5
-34
-17
24
20
5
-6
2
19
-5
-46
-67
-50
-9
1
-29
-37
-4
35
34
-24
-44
3
47
36
-3
5
64
87
39
-13
-6
25
27
2
-19
-14
11
21
1
-32
-54
-48
-25
-19
-38
-41
-8
24
12
-8
-9
-6
-7
-34
-43
-2
27
13
2
27
57
52
14
-8
24
61
46
12
11
36
42
9
-30
-34
-11
-12
-46
-55
-27
-5
-20
-52
-59
-28
-8
-24
-36
-16
10
18
15
17
32
28
3
15
51
56
25
-6
13
65
58
-5
-40
-15
26
15
-38
-64
-27
13
1
-31
-42
-11
15
4
-14
-10
10
13
0
-9
-3
2
-7
-10
3
9
-4
-23
-16
15
18
-7
-18
2
43
49
13
0
19
37
27
0
-11
10
19
-2
-33
-31
-8
4
-6
-32
-23
-1
-3
-24
-36
-18
5
-2
-27
-28
-2
12
5
-7
9
37
34
19
15
33
53
38
16
16
22
16
-5
-20
-14
-11
-30
-45
-42
-23
-17
-29
-35
-22
-5
-5
-13
-9
8
26
31
21
23
27
27
23
14
9
14
20
16
6
0
-1
6
0
-25
-36
-23
-6
-6
-27
-33
-10
9
-1
-29
-42
-12
28
27
2
0
25
46
31
0
-10
8
26
17
-7
-15
-4
2
-9
-23
-27
-25
-11
0
10
11
6
11
23
28
16
0
1
17
15
-9
-20
-16
-7
-8
-27
-35
-20
-1
-9
-21
-14
7
21
14
1
8
22
20
8
1
11
23
19
1
-2
9
9
-9
-19
-9
9
7
-13
-14
5
13
0
-15
-13
-4
1
-8
-14
-1
0
-6
-4
3
14
3
-17
-8
13
15
-1
-10
-7
11
14
-16
-31
-9
17
20
-6
-23
5
29
17
-1
-13
3
31
17
-11
-5
8
1
0
1
-6
-6
-7
-11
0
-4
-15
-7
-1
12
17
0
-11
5
20
0
-17
-2
7
2
-2
-5
-10
0
6
-8
-18
-7
5
-1
-9
-3
1
4
6
10
9
7
13
2
0
3
1
10
4
-5
5
4
-8
3
5
-2
3
-9
-16
5
0
-8
0
-15
-7
8
-5
-7
4
-10
-7
12
0
-6
-4
-9
2
9
-5
-10
2
8
13
9
-4
1
10
-2
-5
6
11
10
8
1
2
6
-2
-6
-7
0
16
11
0
-12
-13
3
0
-15
-11
2
11
3
-11
-9
4
0
-8
-8
-2
13
2
-16
-14
0
11
16
0
0
19
10
-1
-9
-6
4
3
4
4
4
-3
-10
-15
-11
8
8
-5
4
16
10
0
-14
-17
4
6
-9
-16
-5
18
14
-19
-15
11
15
6
-9
-9
14
16
-15
-25
-3
17
9
-16
0
25
12
-10
-10
9
13
4
-5
0
12
0
-11
-7
-1
6
-5
-14
1
2
-5
-6
-2
7
5
-4
-7
1
3
-2
0
-1
0
2
0
-2
-4
-6
0
2
-3
-11
-3
8
9
0
1
14
13
4
-1
-3
3
10
6
5
0
-4
0
-5
-9
-10
-3
5
0
-2
3
0
0
0
-10
-4
5
-2
-7
0
7
3
0
-2
-2
-2
-4
-3
-3
-2
-3
-2
2
3
0
0
-1
-4
1
8
9
3
0
0
2
3
-5
-10
7
13
-1
-6
1
8
3
-8
-5
11
15
-1
-5
1
4
-1
-11
-11
1
6
-1
-8
-2
4
-4
-4
-1
0
4
5
4
6
8
5
3
-2
-6
-3
-10
-9
-5
0
6
3
-4
-4
-3
-4
-3
1
11
17
14
6
-2
-7
-16
-19
-9
2
12
10
10
7
-7
-16
-14
-8
1
7
13
17
13
2
-4
-6
-2
-4
-4
2
6
7
3
-4
-7
-10
-14
-11
-3
3
7
11
11
7
1
-3
-5
-1
2
0
1
3
0
-2
-2
-2
-2
-2
-2
-2
-2
0
4
6
3
2
0
-4
-6
-6
-6
-2
2
1
3
6
2
2
2
-2
-2
0
0
-3
0
3
2
1
-2
-2
1
0
1
3
4
7
5
0
-2
-6
-4
-4
-7
-4
0
6
5
5
6
2
-1
-2
-3
-8
-6
-5
-4
0
0
0
3
3
5
7
5
3
2
1
-2
-7
-6
-7
-6
-1
-2
2
5
3
6
4
1
0
-3
-7
-3
-2
-5
-1
1
2
6
5
5
7
9
10
2
-1
0
-9
-13
-15
-13
-6
-5
0
5
9
9
4
3
2
0
-4
0
3
3
2
-2
-8
-9
-7
-9
-1
11
11
7
9
6
-1
-3
-2
-3
-5
-5
-3
2
1
2
4
0
-2
-3
-3
-3
0
1
1
6
3
1
1
0
0
-6
-10
-4
-4
-2
4
5
3
2
2
0
-1
0
2
0
3
4
2
1
-3
-6
-4
-3
-2
1
1
1
0
0
0
0
-2
0
-1
-3
0
0
0
0
0
0
-3
0
3
2
0
0
0
0
3
0
0
5
3
2
1
0
-1
0
1
2
-2
-5
-1
-2
3
5
0
0
1
-2
-2
0
-1
-2
0
-1
-2
-1
0
-1
0
2
0
0
2
0
-1
1
3
0
0
1
-4
-2
-1
-2
2
3
1
-2
-3
-3
-2
0
-2
-3
1
0
-3
0
0
2
0
-2
0
1
1
1
0
3
8
4
0
1
1
0
2
-2
-3
4
2
-3
0
0
-3
1
0
-3
0
3
-1
0
4
0
1
3
-1
-4
-2
0
-1
0
0
-1
0
-2
-4
-2
-1
0
1
0
-2
1
2
0
1
3
3
1
1
4
4
0
1
0
1
2
0
0
1
3
-2
-3
-3
-5
-3
-3
-3
-4
-4
-5
-4
-1
-4
-4
-3
-1
1
1
0
1
0
0
1
3
5
6
7
7
6
6
7
5
0
-1
0
-1
-4
-5
-1
-2
-1
0
1
5
2
0
0
-4
-4
-5
-7
-6
-4
-1
0
2
2
3
3
-1
-3
-2
-2
-4
-2
0
1
4
6
6
7
6
4
4
1
0
1
0
2
1
1
2
0
-1
-3
-2
-1
-2
-3
-2
-1
1
1
0
0
0
0
-1
-6
-6
-7
-4
-1
-2
1
1
0
2
0
-1
1
0
0
0
0
2
1
2
1
-1
0
0
0
0
0
0
3
5
3
3
2
0
0
0
-1
1
-1
0
0
-1
0
-2
-3
-1
0
-1
-1
0
0
0
2
1
0
-1
-1
0
0
0
-2
-1
0
0
0
0
0
0
2
0
1
0
1
0
1
1
3
3
0
-1
-2
-1
0
0
0
0
0
0
0
0
0
0
-1
-2
-3
-1
0
0
0
1
1
1
0
1
0
1
2
0
0
0
0
0
-2
-1
0
0
0
-1
-2
-1
0
-3
-2
0
0
0
1
2
3
0
0
0
0
0
0
-2
1
2
0
0
1
0
1
0
-1
-1
0
0
-3
1
1
0
1
0
3
2
2
1
-1
0
1
0
-1
0
1
0
0
-1
-3
-1
-1
-2
-1
-2
-2
0
0
0
-3
-1
0
0
-1
0
-1
0
2
2
2
0
2
1
0
4
4
2
1
1
1
2
-5
-4
-1
-2
-1
-2
1
0
0
0
1
0
1
0
0
2
0
0
2
0
0
0
0
-1
0
0
0
-2
-2
0
0
0
-2
-1
-1
-1
0
0
3
-1
-1
2
-2
0
2
0
1
3
0
0
2
1
1
-2
1
1
0
1
-1
-1
0
-1
0
-1
-1
0
0
-2
-1
0
0
-1
1
2
0
0
1
1
1
1
1
0
-2
0
0
-2
0
0
1
0
-1
-1
0
-1
-1
1
1
0
-3
0
0
0
0
-1
1
0
0
1
2
1
-1
0
0
-1
-1
1
1
0
0
2
0
0
0
0
3
0
0
1
-1
0
2
0
0
1
2
0
-1
0
-1
-2
-1
-2
-3
-2
0
-2
-1
0
0
-2
-1
0
-1
-1
-1
0
1
2
2
2
3
3
4
3
3
5
2
0
2
1
0
2
0
2
2
0
-1
-1
-2
-4
-3
-5
-2
0
-3
-2
-1
0
-2
0
-2
-4
0
-1
-1
-2
-2
0
2
0
0
0
0
1
-1
0
0
1
0
0
2
2
2
2
1
1
0
2
3
0
1
0
2
3
0
-1
-1
0
1
0
0
-1
0
0
-3
-2
0
0
1
0
-3
-1
1
2
0
0
1
0
0
0
1
1
1
0
-2
-2
0
1
1
0
0
0
0
-1
-2
0
3
0
-2
0
1
0
1
0
-2
0
3
1
-2
-2
0
0
0
0
1
1
0
-1
0
0
0
0
-1
0
0
0
-3
-2
2
2
2
1
-1
-2
0
0
0
1
0
0
0
-2
0
0
0
0
-1
0
0
0
0
1
-2
0
0
0
0
0
0
0
1
0
2
2
0
1
-1
-2
0
0
-1
-3
1
-1
-3
0
0
1
0
0
0
0
0
0
1
0
0
2
1
-1
2
1
-1
0
0
-1
0
1
-2
0
0
0
0
-2
0
1
0
0
0
0
-1
0
1
1
0
0
0
-1
-1
0
0
1
3
0
0
0
-1
0
0
0
0
-1
0
0
0
0
2
2
0
1
-1
-4
0
2
0
1
0
0
-1
-2
0
0
0
0
0
0
-2
-1
0
3
0
-1
0
-1
0
1
0
0
1
0
1
2
-1
1
0
0
0
0
0
1
0
0
1
-1
-1
1
0
-1
0
1
-1
-2
-1
0
0
-1
1
0
-2
-1
0
-1
0
1
0
1
-1
0
1
0
0
1
0
-1
2
0
0
0
0
0
0
0
2
1
-1
0
0
0
0
1
0
0
-2
0
0
1
0
0
0
-1
0
1
1
1
0
0
-1
0
0
0
1
-2
-1
1
0
0
1
0
0
2
-1
0
1
0
0
0
-1
0
0
0
0
-1
0
-1
-1
0
1
0
-1
-1
0
1
-1
0
1
0
0
0
1
0
0
0
0
0
1
2
0
0
2
0
-1
0
-1
-1
0
0
0
0
0
0
0
0
0
-1
-2
-1
0
0
-1
0
1
-1
0
0
0
0
-1
0
0
0
0
0
0
0
1
0
0
1
1
0
0
1
0
0
0
0
0
0
0
-1
0
1
0
0
-1
1
0
-1
0
0
0
0
-2
0
-1
0
0
-1
0
0
0
0
1
0
0
0
0
0
0
0
0
0
-1
0
0
0
2
2
0
0
0
0
0
0
0
-1
-2
1
0
-1
1
0
-1
-1
2
0
-1
1
0
0
0
0
0
0
1
0
0
0
1
0
0
2
0
0
0
-1
0
1
0
0
1
0
0
0
0
0
-1
0
0
-1
0
-1
0
0
-1
0
0
0
-1
0
0
2
0
0
2
1
0
0
0
0
1
0
0
0
-1
0
-1
0
1
0
0
0
0
0
0
2
0
0
0
0
1
0
1
1
-1
-1
-1
0
0
0
0
0
-1
0
-1
0
-1
0
0
0
0
0
0
0
0
0
1
1
-1
1
0
-1
0
0
0
0
0
0
0
0
2
1
1
2
1
0
0
0
-2
-1
0
-1
1
1
-2
-2
1
0
-2
1
0
-5
-1
0
-3
-1
1
0
0
0
2
3
1
0
1
2
2
0
0
-1
0
0
0
-2
0
2
0
-1
0
1
0
0
-1
-1
2
0
-3
0
2
1
0
0
0
0
1
-1
0
-1
0
0
-1
-1
1
0
0
0
0
0
0
-1
-1
0
0
0
0
0
1
0
0
0
-1
0
2
0
0
1
1
0
0
1
-1
-1
2
0
-1
-1
-1
0
1
0
0
-2
0
1
0
0
0
0
1
0
2
1
-1
1
-1
-2
0
-1
-1
0
0
-2
1
0
0
0
0
2
2
0
0
0
0
0
1
-2
0
0
-1
0
-1
-2
0
0
0
1
0
0
2
2
1
0
0
0
0
-1
-1
-1
-1
-1
-2
0
0
0
0
-1
0
-1
0
1
0
0
0
0
0
1
2
0
0
2
1
0
1
0
0
2
0
-1
0
-1
-1
-2
-2
-1
-2
0
-1
-1
0
0
0
2
2
1
1
1
3
1
1
0
0
-2
-1
-1
-1
-2
-2
-2
0
0
-1
1
0
-1
0
1
2
1
1
1
2
0
0
0
-2
-1
0
0
0
0
0
-1
-2
0
0
0
0
1
0
0
1
2
0
0
0
0
-1
0
1
2
1
0
0
-1
-1
0
-1
0
-1
0
0
-1
1
0
-1
0
1
1
0
-1
0
1
-1
0
0
-1
0
-2
-2
0
0
0
-2
0
2
2
0
0
3
2
0
0
1
2
0
-1
-1
1
0
0
0
-1
-2
-1
0
-1
-2
0
0
-1
0
2
2
0
0
0
1
1
0
-1
0
0
-1
-2
-1
0
-1
-1
0
1
0
0
2
1
0
2
1
0
0
2
0
0
0
0
0
0
0
-2
0
-1
0
-2
-1
0
0
0
-1
-1
0
0
1
0
1
0
0
0
0
0
-1
0
0
0
0
0
-1
0
0
0
0
-1
0
0
2
1
0
0
0
-1
-1
0
1
0
0
0
0
0
0
0
0
-3
-1
-1
1
0
0
0
0
1
0
0
0
0
2
0
0
1
0
0
0
0
-1
0
-1
-1
2
0
-1
1
1
2
1
0
-1
0
-1
0
-1
0
1
-2
0
0
0
1
0
0
-1
-1
1
0
1
0
0
0
0
0
0
0
0
0
0
0
0
-1
0
0
-2
-1
1
0
0
1
0
0
0
0
0
-1
-1
3
2
0
0
0
2
1
0
-1
-1
0
0
1
0
0
0
0
1
0
0
0
-2
1
0
0
0
0
1
0
2
0
0
1
0
0
0
0
-1
-1
-1
-2
-2
-1
0
1
0
0
0
0
0
1
2
0
0
0
1
0
0
1
0
0
0
0
1
0
-1
-1
0
0
0
1
0
0
1
0
0
0
-1
-1
-1
-1
-1
0
0
-1
0
0
-1
-1
0
1
0
0
0
0
2
0
1
1
1
-1
-1
0
1
0
-1
0
0
-1
0
0
-1
0
0
-1
0
0
1
0
0
0
1
1
0
0
0
2
0
-1
0
1
0
-1
0
-1
-1
-1
-1
0
0
0
0
0
0
0
0
1
-1
0
1
0
0
0
1
0
0
-1
0
0
0
-1
0
1
0
0
0
0
-1
-2
0
-1
-3
0
0
-1
0
0
1
1
2
0
0
1
0
0
0
1
2
0
0
0
0
-1
0
0
-2
0
-1
-1
2
0
0
-1
-1
0
0
0
0
0
0
0
0
0
0
1
0
1
1
0
0
0
0
1
1
0
0
0
0
-1
0
0
0
1
0
-1
0
1
0
-1
0
0
0
0
0
0
0
0
0
-1
0
1
0
0
0
0
0
0
0
0
0
0
0
0
0
0
0
1
1
0
1
1
-1
0
0
0
0
1
0
0
0
0
-1
0
0
-2
-2
-1
0
-2
-2
0
-2
-1
0
1
0
-1
1
1
1
1
1
0
1
2
0
0
1
0
0
1
1
-1
-2
0
0
-1
0
-1
-1
-1
-1
0
0
-2
-1
-1
0
1
1
0
1
0
0
0
0
-1
0
0
0
0
1
0
0
1
0
0
0
0
0
0
0
0
1
1
2
0
0
0
1
0
0
0
0
0
0
0
-2
0
0
-2
0
0
1
2
0
0
0
2
0
-1
0
0
-1
0
0
-1
-1
0
0
0
1
0
-4
-1
1
2
2
0
0
2
2
0
-2
0
0
0
-1
0
1
0
0
0
0
0
0
0
0
-1
-2
-1
0
0
0
0
0
3
0
1
2
0
0
-1
0
2
3
2
0
0
-1
-1
0
-2
0
0
0
0
0
-2
-3
-3
-2
-1
0
1
2
0
-1
1
3
1
1
0
1
1
0
-1
0
1
1
0
0
0
-1
0
0
0
-1
-1
-1
0
1
0
0
-2
-1
0
1
0
1
0
0
1
0
1
0
0
1
0
-2
0
0
0
0
0
-1
-1
-1
0
1
0
1
2
0
0
0
1
2
-1
-1
0
0
1
0
0
0
0
0
0
0
0
0
0
0
0
1
0
0
2
0
0
0
-1
1
0
0
0
-1
-1
-1
-2
-2
0
0
1
2
0
-1
0
0
0
0
1
1
1
1
-2
-2
-1
-1
-1
0
-1
0
1
0
0
0
0
0
0
2
1
1
1
2
2
-1
-1
0
0
0
1
0
-1
0
-3
0
0
0
1
0
0
0
-1
0
-1
-1
-2
-2
-1
0
0
1
3
1
0
1
1
1
0
1
0
0
0
-1
0
0
0
0
0
0
0
-1
0
0
-1
0
0
0
0
0
0
0
0
0
0
0
0
0
-1
0
0
-1
0
2
0
1
1
0
1
2
0
1
1
0
-2
-1
0
0
0
2
1
0
-1
0
0
0
-1
0
0
0
-1
-2
0
0
-2
-1
0
0
-1
1
0
-1
1
0
0
0
0
0
0
0
0
1
0
0
1
1
1
1
0
0
1
0
-1
0
0
2
0
-2
0
0
1
1
0
0
0
0
-1
0
0
0
0
-3
0
-1
-1
-2
-2
-1
0
-1
-1
0
0
0
2
0
1
1
0
0
2
1
0
3
0
2
2
0
1
0
0
0
-1
0
0
-1
0
0
-1
-2
-2
0
-2
-3
-1
0
0
0
0
-1
-2
1
0
1
2
2
1
1
1
1
1
1
1
0
1
2
0
0
-1
-1
0
-1
0
0
0
0
0
0
0
0
0
0
-1
0
0
0
0
0
-1
1
-1
-2
1
1
0
0
0
1
1
2
1
0
0
0
1
0
0
0
0
0
0
0
-1
-1
0
0
0
-1
0
1
-1
-1
0
2
0
0
0
0
0
2
0
-1
0
1
3
1
0
0
0
1
0
0
0
-1
0
-2
-1
-1
0
0
-2
0
0
0
-1
-2
0
0
0
0
1
0
1
1
2
1
1
2
0
0
0
0
0
0
1
-1
-1
0
0
0
-1
0
0
0
0
-1
0
0
-1
0
1
1
0
0
2
0
-2
0
0
0
0
-1
0
-1
-1
-1
0
1
0
-1
0
0
0
-1
0
0
0
2
1
2
2
1
1
-2
0
0
-1
0
0
0
0
-1
-2
0
0
-1
0
0
-1
0
0
0
0
0
0
0
0
0
0
0
-1
1
1
0
1
2
0
0
1
0
0
0
-1
0
-1
0
0
-1
0
1
2
1
0
0
-1
-2
-1
0
0
0
0
-1
0
1
1
2
0
-1
-1
-1
0
0
0
1
-2
-1
0
0
0
0
0
0
2
0
0
1
0
0
0
0
0
0
0
0
1
0
0
0
-1
0
0
0
0
0
0
-1
1
1
0
0
-1
-1
0
0
-1
2
1
0
0
0
0
-2
0
0
-1
0
0
1
0
0
0
0
1
0
0
0
-1
0
0
0
0
0
-1
0
2
0
0
-1
-1
0
1
-1
-1
0
0
-1
-1
1
1
1
-1
1
0
0
1
0
0
1
0
0
0
0
0
0
-1
0
0
0
0
0
-1
0
0
0
1
0
0
1
0
-1
0
0
1
1
1
0
-1
-1
-1
-2
-1
-1
0
-1
0
0
0
0
1
0
0
0
0
0
0
2
2
2
1
1
1
0
0
0
0
0
-1
0
-1
0
0
0
-1
0
0
1
0
0
1
-1
0
0
0
1
0
0
0
-1
0
0
0
1
1
2
1
0
1
-2
0
0
-3
-1
1
0
0
0
0
0
1
0
-1
1
1
0
0
-2
-1
0
0
0
-1
-1
0
0
1
0
0
1
0
0
0
-1
0
0
0
0
0
2
1
0
0
1
0
0
1
1
0
0
0
0
0
0
0
-2
-1
0
0
0
-2
-2
0
0
0
1
0
0
0
0
0
0
0
0
0
0
0
1
2
2
0
0
1
0
0
0
0
0
-1
-1
0
0
0
0
0
0
0
-2
0
0
-1
0
1
0
0
0
0
0
0
0
0
0
0
0
0
1
0
0
0
-1
0
-1
0
0
1
1
0
0
0
0
0
0
0
0
1
1
2
0
-2
-1
1
0
-2
-1
0
0
0
0
0
0
-1
0
0
0
0
0
0
0
0
0
-1
0
0
0
1
0
0
-1
0
0
0
1
0
0
0
-1
0
0
-1
0
0
0
0
0
0
1
0
0
0
0
0
1
0
0
1
0
1
0
-1
0
0
0
0
0
-1
-1
0
0
0
0
1
0
0
0
0
-1
1
1
0
1
0
0
0
0
0
0
0
0
0
0
0
-1
0
-1
0
-2
-2
0
-2
-1
1
0
0
0
0
0
1
1
1
0
0
0
1
2
0
0
0
0
0
0
0
-2
0
0
0
0
0
0
0
0
0
0
0
1
0
1
0
0
-1
-1
0
0
0
0
0
1
0
-1
-1
0
0
0
0
0
0
0
0
2
1
-1
-2
1
1
0
0
0
0
0
1
0
-1
0
-1
-1
0
0
0
-1
0
1
0
0
0
0
1
0
-2
0
0
0
1
1
2
0
0
0
0
-1
-2
-2
-1
-2
-2
0
0
1
1
2
1
2
3
2
0
0
0
0
0
-1
0
-2
-3
-1
0
0
-1
1
0
0
0
0
0
0
0
0
0
0
1
0
0
2
0
-1
0
0
0
0
0
-1
-3
0
0
0
0
0
1
0
-2
0
0
0
0
2
2
0
0
0
0
1
0
0
2
2
1
0
-1
-3
-2
-1
-2
0
1
1
0
0
0
0
-2
-2
0
-1
0
1
0
1
2
3
0
-1
-1
-1
1
0
0
1
1
1
0
-1
-1
-1
-2
-1
0
0
1
-1
1
0
0
0
0
0
0
1
1
1
1
1
-1
-1
-1
-2
-2
-1
0
1
0
1
1
0
0
-1
0
1
0
-1
0
1
1
0
-2
1
0
0
2
0
-2
0
1
0
1
-1
0
0
-2
1
0
0
0
0
0
1
0
0
0
-1
0
0
0
-1
0
0
0
0
-1
-1
0
0
0
0
1
1
0
0
0
1
0
0
0
1
-1
0
1
0
0
1
0
0
0
0
0
-1
-1
0
0
0
0
0
0
0
0
0
0
0
0
0
2
0
-1
0
0
-1
-2
-1
0
0
-1
0
0
0
0
-1
0
1
0
0
0
0
0
-1
-1
1
1
-1
1
1
2
2
0
1
0
0
0
-1
0
0
-1
0
0
1
1
2
0
-1
0
0
-1
-2
-3
0
0
-1
0
0
0
0
1
0
0
1
0
0
0
-1
0
0
1
0
0
2
1
0
-1
-1
0
0
0
-1
0
0
-1
0
0
0
0
0
-1
1
1
0
0
0
2
0
-1
0
0
0
1
0
2
0
-1
0
-1
-1
-1
0
0
0
1
1
0
-2
1
1
0
-1
0
0
0
0
1
1
0
0
0
-1
-2
0
-2
-1
-1
0
1
0
-1
0
0
0
0
0
0
0
0
0
-2
-1
0
0
-1
0
0
0
1
0
-1
1
1
1
1
1
0
0
0
0
0
0
2
1
0
0
0
0
2
0
0
2
-2
-1
0
0
0
1
2
0
0
0
-1
-2
0
0
0
0
0
0
0
-2
-1
0
0
1
0
0
0
0
1
1
0
1
0
0
0
0
1
2
0
0
0
-1
0
0
0
2
0
0
-1
0
0
0
0
0
1
-1
-1
-1
-2
0
0
0
0
0
1
1
-1
0
-1
-2
-1
0
0
1
1
2
0
0
-1
0
2
2
1
2
0
0
0
0
-1
-2
0
0
0
0
0
0
1
0
0
0
1
0
0
1
1
0
0
0
-1
-1
0
0
-1
-2
-1
-1
0
0
-1
0
-1
1
0
1
2
1
2
1
0
1
1
0
0
0
0
1
0
0
0
0
-1
0
0
0
0
0
-1
-1
-1
-2
0
0
0
0
2
0
1
1
0
0
2
0
-1
0
-2
-3
-1
-2
-1
0
-1
-1
0
0
0
0
0
1
1
2
0
0
2
1
1
1
1
-1
0
0
0
1
0
-2
0
0
-1
0
0
0
0
0
0
0
0
0
0
1
0
0
0
1
2
1
1
0
0
0
0
0
0
-1
0
-2
-1
-1
0
0
1
0
-1
-1
0
0
0
-1
0
0
0
0
0
0
0
0
-1
0
0
1
1
0
0
0
1
0
1
0
0
0
0
1
-1
0
1
0
-2
-2
0
0
0
0
-2
-1
0
0
0
0
-1
0
0
0
0
0
0
0
0
1
1
2
0
0
0
-1
0
0
-1
0
0
1
0
0
0
0
0
1
0
0
0
0
0
2
0
0
-1
-2
0
0
0
-1
0
0
-1
0
0
1
-1
-2
0
0
1
-1
0
0
1
1
0
0
0
-2
0
0
0
0
0
2
0
-1
-1
-1
0
0
0
0
0
1
0
-2
0
0
0
0
1
0
0
2
0
0
0
-1
0
0
1
0
0
0
0
0
0
0
-1
0
0
0
0
0
-1
0
0
0
0
-1
0
1
0
0
0
0
-1
1
-1
-2
0
0
0
0
1
0
0
0
3
1
1
0
-1
0
0
-1
-1
-1
0
0
-1
1
1
0
1
0
0
0
0
0
0
0
0
0
0
-1
0
0
0
-1
0
0
0
0
0
0
1
0
0
3
1
0
0
-2
0
0
0
-1
0
1
1
0
0
1
0
0
-1
0
0
-2
0
0
1
0
-1
0
0
0
0
1
0
0
0
2
1
0
0
-1
-3
-2
-2
0
0
-1
0
0
0
0
1
0
0
0
1
0
1
0
0
0
0
0
0
0
0
0
0
-1
0
0
0
0
0
0
0
0
-1
0
0
-1
0
0
0
1
2
0
0
0
0
1
0
0
0
-1
0
0
-1
0
1
0
-1
0
0
0
1
0
0
0
0
0
0
-3
0
0
-1
0
1
0
0
-1
0
0
0
-1
-1
0
-1
-2
1
0
0
1
0
1
1
0
1
0
1
0
1
0
0
1
0
0
0
-2
0
0
-1
1
0
-1
1
0
0
0
0
0
1
0
-1
0
0
-1
0
0
-1
0
-2
0
1
-2
0
0
0
1
0
-1
0
0
-1
0
1
0
2
0
0
3
0
-1
0
-2
-1
0
1
0
-2
-2
0
1
0
-1
-1
0
1
1
0
1
0
0
0
0
2
0
0
2
1
1
-1
-2
-1
0
-1
-1
0
0
1
1
0
-1
-2
-1
0
-1
0
2
1
2
2
0
0
1
0
0
-1
0
0
0
0
0
0
-1
0
0
-2
-2
0
0
0
0
0
1
-1
-1
0
0
3
1
2
1
0
0
0
0
0
0
0
0
0
0
-1
0
0
0
0
0
0
0
0
0
0
0
0
0
0
-1
-2
0
0
0
-1
0
0
-1
0
0
0
0
0
0
-2
0
0
1
1
1
2
0
0
1
0
0
1
2
0
0
0
0
1
1
0
-2
0
-1
-1
-1
0
0
-1
0
0
1
0
0
0
-2
0
0
-1
-2
0
-1
0
0
-1
0
1
0
1
1
0
0
1
1
0
0
0
2
2
-1
0
3
1
0
2
2
0
-1
0
-1
-1
-2
-1
-1
0
-2
-2
-1
-1
-3
-2
-2
-3
-2
-2
-1
-1
-2
0
0
1
0
0
1
2
1
2
2
2
1
4
5
3
2
2
1
2
1
0
1
1
0
0
0
-1
0
0
0
-2
-1
-2
-1
0
-1
-3
0
0
-2
-1
-1
-2
-2
0
-1
-1
0
0
0
-1
0
0
-2
0
4
0
0
1
3
2
3
3
0
0
1
2
1
0
2
1
0
0
-1
-2
-1
-2
-1
-2
-2
-1
-2
-2
1
0
0
0
-1
0
-1
0
2
0
0
2
2
2
1
0
-1
1
1
0
0
0
0
1
0
0
0
-1
0
0
0
0
0
0
0
1
2
0
0
0
0
0
-1
0
0
-1
0
-1
0
0
-1
0
0
-1
0
0
0
0
0
0
1
0
0
0
0
0
0
0
0
0
0
0
0
0
-1
-2
-1
-1
0
0
0
0
0
1
0
0
1
1
0
0
0
0
0
0
0
0
0
0
0
-1
0
-1
0
2
0
0
0
0
1
0
0
0
0
0
0
0
-2
0
1
0
1
0
0
0
0
-1
0
1
0
0
0
0
0
1
0
0
0
0
0
0
0
0
0
0
0
1
0
0
1
0
0
1
0
0
0
0
0
0
0
1
0
0
0
-2
-1
0
0
-1
-1
0
0
-1
0
0
0
0
0
0
0
0
1
0
1
2
1
0
-1
0
0
-1
0
0
-2
0
0
0
0
0
0
0
-1
0
2
2
1
0
0
-1
-1
0
0
0
0
0
0
0
0
1
0
-1
0
0
0
2
2
0
0
0
0
0
0
0
-1
0
0
0
0
-1
-1
0
-1
-1
0
0
0
-1
0
1
0
0
0
0
0
-1
0
0
1
2
2
2
0
-1
0
0
-2
0
0
0
0
0
-1
-1
0
-1
0
-2
0
2
2
0
0
0
-1
0
0
0
0
-1
0
-1
0
0
0
0
1
0
0
0
0
0
0
-1
0
3
1
1
1
0
0
0
0
-1
-1
-1
0
0
1
1
0
0
0
0
1
0
0
-1
-1
0
2
0
0
0
0
0
0
1
-1
0
0
-2
-1
0
0
0
-1
1
1
1
1
-1
0
0
-1
1
0
-1
0
0
-1
0
1
1
2
1
3
2
0
-1
-1
-2
0
0
0
-1
0
1
0
0
0
0
0
0
0
0
0
0
0
-1
0
1
1
0
1
0
0
1
0
0
-1
-2
0
-2
-2
-2
0
0
0
0
0
3
1
0
0
-2
-1
0
0
0
0
0
0
2
1
1
-1
0
0
0
0
-1
-2
0
1
0
0
-1
-1
1
0
0
-1
-1
0
0
0
0
0
-1
-1
-2
0
1
1
1
1
0
0
0
0
0
0
-1
1
2
0
0
0
0
1
2
0
0
0
0
0
0
-1
-1
0
0
1
1
0
-1
-1
0
0
0
0
0
0
0
0
0
-1
-1
-1
-1
-1
-1
0
0
0
1
0
0
2
0
0
1
0
1
1
0
1
1
0
1
0
0
0
-1
0
2
2
0
0
0
0
-1
0
0
0
0
0
-1
0
0
0
0
-1
-3
0
2
0
0
0
0
-1
-1
-1
1
1
0
0
0
0
0
-1
0
0
-1
1
1
1
0
-1
-1
0
0
0
2
2
1
0
0
-1
0
-2
0
1
0
0
0
0
0
-1
-3
0
0
0
0
0
0
2
2
0
0
1
0
0
0
-1
0
0
0
0
1
2
0
-1
-2
-1
0
-2
0
0
0
0
0
-1
-1
-1
0
1
1
0
1
0
1
1
0
0
0
1
1
0
0
1
0
0
-1
0
0
0
0
-2
-2
-1
0
0
0
2
0
0
-1
-2
0
0
0
0
0
0
1
0
0
0
0
0
0
0
0
0
1
-1
0
0
-1
1
1
1
1
0
0
0
0
0
0
-1
0
0
-1
0
1
1
0
0
-1
0
0
0
-1
-2
0
0
1
0
0
1
0
0
0
1
2
1
1
0
0
0
0
1
1
1
0
1
0
0
0
0
0
0
0
-1
0
-1
0
-2
-3
-3
-4
-3
-1
-1
-1
0
0
0
0
1
2
1
2
3
4
3
6
7
6
3
1
5
1
1
4
2
1
0
-1
-2
-3
-3
-2
-3
-4
-5
-5
-4
-2
-1
-1
-1
0
-2
-1
0
0
0
-2
0
0
-1
0
0
0
0
-1
0
0
0
-1
1
2
0
0
3
2
0
1
4
4
2
2
1
1
2
2
1
0
0
0
-1
-2
-3
-1
-2
-3
-2
-1
-1
-1
0
0
0
-1
-1
0
0
1
1
0
0
1
0
0
1
0
0
0
0
0
0
1
0
-1
0
0
0
0
1
0
0
0
-1
0
-1
0
2
0
0
0
-2
0
0
0
0
-1
-1
0
0
0
0
0
0
1
0
1
1
1
1
0
0
0
0
1
0
1
1
0
0
-1
0
0
0
0
-1
-2
0
0
0
-1
0
0
0
-1
-1
0
0
-1
0
0
-1
1
0
0
0
0
1
0
0
0
1
1
1
1
0
0
0
0
0
0
0
0
0
0
-2
0
1
0
0
1
0
0
1
0
0
-2
0
-1
-1
0
0
1
0
0
1
0
-1
0
0
0
0
0
0
0
1
0
-1
1
0
-1
0
1
0
0
0
0
-2
-1
0
0
0
-1
0
-1
0
0
0
0
0
0
0
0
0
2
0
0
0
0
0
0
0
0
-1
0
0
0
0
0
1
0
-2
0
0
-1
0
0
0
0
0
0
-1
-1
1
1
1
-1
0
0
-2
-1
-1
0
1
0
0
0
0
0
0
1
1
0
1
2
0
0
0
0
0
0
0
0
1
0
-1
0
-1
-1
0
-1
-1
0
-1
-2
-1
0
0
0
-1
-1
0
1
1
1
0
0
1
1
0
0
1
0
2
2
0
1
0
0
0
0
-1
0
1
0
0
0
0
0
0
-1
0
0
1
0
0
-1
-1
0
-1
0
0
0
0
0
0
-1
0
-1
0
0
0
0
0
0
0
0
0
0
1
1
0
1
0
0
0
0
1
1
2
2
2
0
0
-1
-1
0
0
1
0
0
0
0
-1
-1
0
0
1
0
-1
-1
0
0
0
1
0
0
0
0
0
-1
0
-1
0
2
0
1
0
-1
0
0
0
0
0
-1
0
0
0
0
0
1
0
0
0
0
-1
0
0
1
1
0
0
0
1
2
0
0
-1
0
1
0
0
0
-2
-1
0
1
0
-1
-1
-1
-1
0
-1
-1
0
0
0
0
0
-1
0
0
-1
0
0
0
0
1
1
1
2
0
0
0
0
0
0
1
0
0
1
0
0
0
0
0
-1
-1
0
0
1
1
0
0
-1
0
0
-1
-1
0
0
0
0
0
0
0
-1
0
0
1
0
0
0
0
0
0
0
0
0
2
0
0
0
0
0
0
0
1
0
0
0
0
0
0
0
-1
0
0
0
1
0
0
-1
0
0
0
-1
0
0
0
-1
0
0
0
0
0
-1
0
1
0
1
0
2
0
0
1
2
0
-1
0
1
0
0
0
-1
-1
1
0
-1
-1
0
0
0
-2
-1
-1
0
0
-1
-2
0
0
2
4
2
2
1
0
0
0
-2
-1
1
0
0
1
2
1
0
-1
-1
-1
-2
0
2
0
-1
-1
0
0
-1
0
0
-1
0
0
0
0
0
0
0
0
0
1
1
0
0
0
0
0
0
0
0
0
0
2
2
0
0
0
0
-1
0
-1
0
0
0
0
0
-1
-1
-1
0
0
1
1
0
1
0
-1
-1
0
0
0
1
2
2
1
0
-1
0
-1
-3
-1
0
0
0
0
0
0
0
0
1
-2
-2
0
-1
0
0
0
1
2
1
1
1
0
0
0
0
0
0
0
-1
0
0
0
0
0
-1
-1
-1
0
0
-1
0
0
0
0
0
0
0
-1
0
0
1
1
0
0
0
0
0
0
0
0
1
-1
-1
0
0
-1
0
0
0
0
0
2
0
0
0
0
0
-1
0
0
0
0
0
1
1
0
-1
0
1
0
1
0
0
1
0
0
2
0
-1
0
0
0
0
0
0
0
0
-1
-2
0
0
0
0
0
0
0
0
0
-1
0
2
1
0
1
0
0
0
1
0
-1
-1
0
0
0
0
0
-1
0
0
0
-1
0
1
0
1
0
1
0
1
0
-1
1
0
0
0
0
0
-1
-1
-1
0
0
0
0
0
0
0
0
-2
0
-2
-1
0
0
1
-1
0
0
-1
-1
0
0
0
1
2
1
1
2
2
1
2
2
2
2
2
1
1
1
0
1
1
0
0
-1
-1
0
-2
-2
-1
-3
-2
-3
-2
-1
-2
-3
-3
0
-2
0
0
-1
0
0
0
0
0
-1
0
0
1
0
2
0
2
2
2
3
2
2
1
0
3
3
0
3
2
0
2
-1
-1
0
-1
0
-2
-1
-1
-1
-1
-3
-2
-1
-1
-3
-1
0
-2
-1
0
-1
-1
-1
1
2
0
1
1
1
1
0
0
0
0
0
1
1
0
0
1
-1
0
0
0
0
0
1
1
2
0
0
0
0
-1
-1
-2
1
0
0
0
-2
-1
-2
-2
0
0
0
0
0
0
0
1
0
1
1
1
1
1
0
0
1
0
0
0
0
0
0
0
0
0
-1
0
1
1
0
0
0
-1
2
0
0
0
0
0
0
0
-1
0
0
0
0
0
0
-1
0
-2
0
2
0
2
1
2
1
0
1
0
0
1
2
0
2
1
0
2
0
0
0
-1
-1
-1
-1
-1
0
-1
0
-1
-1
-1
-3
-1
0
-2
-2
0
0
1
0
-2
0
0
0
0
2
2
2
0
0
1
1
0
1
1
1
1
1
0
1
2
0
0
0
0
0
0
0
0
0
0
0
1
1
0
0
-1
-2
0
-1
-2
-2
-1
0
0
0
0
0
-1
0
0
0
-1
0
0
0
0
0
1
0
0
1
0
0
0
0
0
0
0
1
1
1
0
0
0
0
0
0
0
0
0
1
0
0
0
0
0
0
0
-2
0
0
-1
-2
-1
0
0
0
1
-1
1
3
0
1
1
0
0
1
1
0
0
0
0
-2
0
2
0
0
2
0
-1
0
0
-2
-1
0
0
-1
0
0
0
0
0
-1
-2
-2
0
0
-1
0
2
0
0
0
0
0
-1
0
1
0
0
1
2
0
1
1
0
0
1
1
0
0
2
-1
0
0
0
-1
-2
0
0
-1
-1
0
-1
-1
1
