0
0
0
0
0
0
0
0
0
0
0
0
0
0
0
0
0
0
0
0
0
0
0
0
0
0
0
0
0
0
0
0
0
0
0
0
0
0
0
0
0
0
0
0
0
0
0
0
0
0
0
0
0
0
0
0
0
0
0
0
0
0
0
0
0
0
0
0
0
0
0
0
0
0
0
0
0
0
0
0
0
0
0
0
0
0
0
0
0
0
0
0
0
0
0
0
0
0
0
0
0
0
0
0
0
0
0
0
0
0
0
0
0
0
0
0
0
0
0
0
0
0
0
0
0
0
0
0
0
0
0
0
0
0
0
0
0
0
0
0
0
0
0
0
0
0
0
0
0
0
0
0
0
0
0
0
0
0
0
0
0
0
0
0
0
0
0
0
0
0
0
0
0
0
0
0
0
0
0
0
0
0
0
0
0
0
0
0
0
0
0
0
0
0
0
0
0
0
0
0
0
0
0
0
0
0
0
0
0
0
0
0
0
0
0
0
0
0
0
0
0
0
0
0
0
0
0
0
0
0
0
0
0
0
0
0
0
0
0
0
0
0
0
0
0
0
0
0
0
0
0
0
0
0
0
0
0
0
0
0
0
0
0
0
0
0
0
0
0
0
0
0
0
0
0
0
0
0
0
0
0
0
0
0
0
0
0
0
0
0
0
0
0
0
0
0
0
0
0
0
0
0
0
0
0
0
0
0
0
0
0
0
0
0
0
0
0
0
0
0
0
0
0
0
0
0
0
0
0
0
0
0
0
0
0
0
0
0
0
0
0
0
0
0
0
0
0
0
0
0
0
0
0
0
0
0
0
0
0
0
0
0
0
0
0
0
0
0
0
0
0
0
0
0
0
0
0
0
0
0
0
0
0
0
0
0
0
0
0
0
0
0
0
0
0
0
0
0
0
1
1
2
2
1
2
1
0
0
-1
0
0
-1
-2
-1
0
-2
-1
-2
0
0
1
1
0
0
0
-1
-2
0
0
-1
1
1
0
1
1
1
1
0
0
0
0
0
2
1
1
0
0
-1
0
-1
-2
1
0
0
0
0
-1
-1
0
0
-1
-1
0
0
0
1
2
0
0
0
-1
0
-1
0
0
0
0
0
-1
0
0
0
2
1
0
1
0
0
2
1
1
0
0
0
0
0
0
0
0
0
-1
-1
-1
0
0
0
0
0
0
-1
-1
0
0
0
0
0
-1
0
1
1
2
5
3
0
2
1
0
0
-2
-3
-4
-3
-1
-3
-1
-1
-2
0
0
0
0
2
1
0
-1
0
1
1
1
2
0
1
1
0
2
0
0
0
0
1
0
1
1
0
0
1
0
0
-1
0
0
-2
-2
0
1
1
2
1
0
2
1
-1
0
-1
-3
-2
0
-1
-1
-4
-4
-4
-2
-3
-3
-1
-2
-3
0
0
2
1
1
1
1
2
1
3
3
1
1
2
0
2
1
2
2
2
1
0
-1
0
1
0
0
0
0
0
-2
-1
-1
-1
0
0
0
-1
-2
-1
-2
0
-1
-1
1
0
0
0
0
1
0
-1
0
0
0
0
1
2
1
0
-1
1
0
0
0
-1
-1
-2
-1
-1
1
0
0
0
0
0
0
1
0
2
0
0
0
0
1
0
-1
-1
0
0
1
0
1
0
0
1
1
1
0
-1
-2
-3
-1
0
-1
1
0
1
1
0
2
0
0
2
0
1
0
-2
-3
0
0
0
0
0
0
-1
-2
0
0
0
1
1
-1
0
0
0
1
2
1
1
1
1
1
0
0
0
0
0
-2
-2
-3
-2
-2
-1
0
0
0
1
2
3
0
0
1
-1
-2
0
0
1
1
-2
0
3
1
-1
-1
0
0
-2
0
2
1
0
0
2
1
1
0
0
0
0
0
0
0
0
-1
-2
0
0
-1
-2
-3
0
2
1
1
1
0
0
0
0
-2
-2
0
0
0
0
0
0
0
2
2
0
0
-1
0
0
1
0
1
0
0
0
-1
0
0
0
0
-2
-4
-1
0
0
0
0
1
0
1
2
0
0
0
-1
0
0
0
-1
-1
-1
-1
0
0
0
0
0
0
1
2
0
0
-1
-1
0
1
0
1
2
0
1
1
0
0
-1
-1
0
0
0
0
-1
0
0
0
1
0
-1
-1
0
1
0
1
0
0
0
1
0
0
0
-1
-2
-1
0
1
0
-2
0
5
4
2
0
-3
-2
-4
0
2
1
-1
-2
-1
0
3
3
-3
-2
-1
0
0
0
-1
1
0
-1
0
2
1
0
0
-1
0
0
0
0
1
1
0
0
0
2
1
0
1
1
0
-2
-4
-3
-1
0
-1
0
1
1
1
1
1
0
1
0
0
1
0
-1
-3
-2
0
1
1
2
0
0
1
0
-1
-1
-1
0
0
0
1
0
0
0
0
1
2
0
0
0
0
0
-1
-1
-2
-1
0
-1
-1
0
0
0
-1
0
0
2
0
-1
1
0
0
0
1
0
0
1
2
1
0
-1
-1
-2
-1
0
0
-1
0
1
0
0
0
-1
0
1
1
3
1
0
1
0
1
1
0
2
0
0
1
0
0
-3
-3
-4
-4
-3
-3
-2
-2
-1
0
0
1
3
0
2
2
0
2
3
2
3
0
0
1
1
1
1
0
-1
0
0
1
0
-2
-1
0
0
1
0
0
0
0
0
0
0
1
-2
-2
-2
-1
-2
-2
0
0
2
3
2
2
1
1
1
0
-2
0
1
0
0
1
1
0
0
0
-1
-2
-1
-1
-2
0
0
0
1
0
1
1
1
0
1
0
0
0
-1
0
2
0
0
0
0
1
0
-2
-1
-1
0
-1
1
2
0
-1
0
0
0
0
0
-1
1
1
0
-1
0
0
0
0
0
2
0
0
0
1
0
-1
0
0
1
0
0
0
0
0
1
0
2
2
0
0
0
0
0
0
-1
-1
0
0
0
-1
0
0
-2
-1
0
0
0
0
0
0
0
0
-1
-1
0
0
1
0
1
2
1
0
0
0
0
0
0
-1
-2
-2
-2
0
0
0
2
1
0
0
0
0
0
0
0
2
3
0
-1
-3
-3
-2
-1
-4
-2
0
2
2
2
1
1
0
0
0
0
0
0
0
0
1
2
0
0
1
0
0
0
-2
-2
-3
-1
0
-1
0
0
0
-2
-2
-1
0
0
0
0
0
1
3
1
-1
0
1
2
1
1
1
-1
0
-1
-1
-1
0
1
1
0
1
1
-2
-1
0
0
0
0
0
0
0
-1
-1
-1
0
-1
1
1
1
1
0
-1
0
1
1
0
0
1
0
0
0
-1
-1
-2
0
1
2
1
-1
-2
-3
-1
-1
-2
0
0
0
-1
0
2
1
0
0
1
0
0
1
0
0
2
1
0
-1
-1
1
1
0
0
-1
-2
0
0
0
-1
0
0
0
-1
0
0
0
1
0
0
1
1
0
-1
0
0
-1
0
0
0
0
0
1
0
-1
1
0
0
0
0
0
2
0
-1
1
0
1
2
0
-1
0
0
1
1
1
0
1
0
0
0
-2
-1
-3
-2
-2
1
0
-1
0
-2
-2
0
1
1
0
2
2
0
1
0
0
2
2
1
1
0
0
0
0
0
1
0
-1
0
-1
0
0
-2
-2
0
-1
0
0
0
0
0
0
0
0
0
1
1
0
2
0
0
3
1
-1
1
0
0
0
0
0
0
0
0
0
1
0
-1
0
0
0
-1
0
0
-1
0
1
0
0
0
0
0
0
-1
0
0
0
0
0
0
-1
0
0
-1
0
0
0
1
1
-1
0
0
0
1
1
-1
-1
0
0
0
1
0
0
0
0
0
0
0
0
-1
-1
0
1
0
0
0
0
-1
-1
0
-2
-1
0
0
0
0
0
1
1
1
1
0
0
1
0
0
-1
-1
2
2
1
0
0
1
1
0
-2
0
0
-2
-1
-2
-2
-1
-2
0
0
-1
0
-2
-1
1
0
0
0
1
0
1
0
0
2
2
2
0
1
1
-1
0
1
2
4
2
2
2
0
-2
-1
0
2
1
-1
-2
0
0
-1
-1
-3
-3
-3
-5
-5
-1
-3
-2
-2
-4
-2
-1
0
0
1
0
0
0
0
0
0
2
3
3
2
4
2
3
5
2
2
3
1
0
1
2
1
1
0
0
0
-1
0
-1
-1
-2
-2
-1
0
0
-2
-1
-3
-3
-1
-4
-2
-1
-1
0
-2
0
0
0
0
0
0
0
1
3
1
2
2
1
1
1
2
1
0
0
1
0
0
0
0
-1
-1
0
0
-1
0
0
0
-2
-1
-2
-2
0
1
0
0
0
-1
0
1
0
0
0
-2
0
1
0
0
0
1
1
1
0
0
-1
-1
0
-1
-2
1
3
3
2
1
0
1
0
-3
-3
-2
0
0
0
0
1
0
1
0
0
0
0
-1
-1
-3
-1
0
-1
0
-1
0
-2
-1
-1
-1
0
0
0
0
0
2
1
2
0
1
3
3
0
0
2
2
2
1
2
2
0
0
-1
-1
-2
1
0
0
0
-1
0
0
-2
-3
-2
0
0
0
-1
-1
-1
-2
-1
0
1
0
0
-1
-1
0
-2
0
0
2
3
1
1
0
-2
-1
0
-1
0
0
1
1
0
0
0
1
1
0
0
0
0
0
0
-1
2
2
-1
-6
-5
0
9
8
-5
-17
-14
2
17
13
-7
-20
-12
2
11
4
-5
-6
4
9
6
1
-1
0
-4
-8
-3
6
9
7
-2
-9
-1
6
9
4
-4
-11
-7
0
3
1
-3
-3
2
3
1
1
5
9
8
2
-14
-43
-81
-89
6
160
220
111
-68
-141
-61
64
87
-48
-224
-256
-46
233
298
89
-187
-237
-24
219
256
28
-230
-272
-60
191
207
14
-165
-142
54
196
153
-32
-165
-125
17
124
90
-23
-101
-72
24
79
52
-19
-66
-48
3
40
34
-1
-17
-7
1
2
-3
-1
8
13
12
0
-7
-8
-1
-1
-13
-13
0
11
5
-15
-13
-8
-7
-6
-2
6
6
5
6
2
2
1
10
12
-2
-14
-11
5
18
16
1
-16
-20
-12
0
9
8
4
-3
-6
-2
6
13
12
2
-6
-10
-5
3
3
-4
-12
-6
11
20
10
-5
-8
0
3
0
-4
-6
-5
-4
2
3
3
0
-3
-2
-2
-1
-3
-2
-2
-3
-6
-10
-4
8
16
10
-7
-14
-3
13
20
7
-12
-20
-9
12
17
1
-14
-12
6
19
14
-3
-11
-6
3
9
3
-6
-11
-7
0
0
-4
-12
-5
3
4
0
-6
2
24
37
24
-2
-19
-14
4
10
-6
-28
-35
-16
10
22
12
-6
-11
-1
13
21
10
0
-5
-2
1
-2
-9
-5
0
-2
-8
-11
-14
-4
8
12
10
4
4
10
11
7
3
-3
-8
-6
-4
-3
-1
0
2
5
3
1
0
-1
-1
-2
-8
-11
-8
-3
1
6
8
7
7
6
6
5
-2
-8
-11
-9
-1
0
-5
-7
-2
8
11
3
-8
-11
-2
3
2
-4
-9
-7
0
10
12
10
9
8
5
3
1
-2
-5
-6
-3
1
3
2
2
3
4
2
-4
-10
-13
-11
-11
-7
-7
-6
-4
-1
7
9
7
4
3
4
6
8
6
2
0
1
6
9
6
3
0
-2
0
0
0
-6
-12
-11
-6
-3
-5
-12
-13
-11
-5
2
5
6
6
9
14
16
11
0
-4
-5
-3
-1
-4
-8
-4
1
8
7
0
0
3
4
3
3
0
-1
-2
-2
-2
-4
-8
-6
-5
-1
0
-2
-2
-1
-1
-1
0
0
0
0
1
3
3
1
3
2
2
1
0
2
2
1
1
1
0
1
1
0
2
0
-2
-3
-3
-6
-5
-5
-4
0
2
2
2
2
3
3
1
1
0
0
1
2
2
0
-2
0
0
-1
-2
-2
0
-1
0
0
0
0
2
3
1
2
1
0
0
-1
0
-1
-1
-2
-2
-2
-2
0
0
0
0
-1
0
0
1
0
-1
0
0
1
3
5
3
1
2
1
2
0
-2
-5
-3
-3
-2
0
0
0
0
-1
0
0
-1
-2
0
-1
0
3
4
4
1
0
-2
0
-5
-4
-4
-2
0
0
2
4
4
6
4
6
4
-3
-3
0
-1
0
0
0
1
4
2
1
0
0
0
-2
-2
-2
-1
0
0
-1
0
0
-3
-2
-1
-1
-2
-2
-2
-1
-3
-3
0
0
0
0
1
0
0
2
1
3
1
1
1
0
1
0
0
0
1
2
4
3
2
0
-3
-2
-3
-1
-1
0
0
0
0
0
1
1
0
0
0
0
0
0
-1
-2
0
0
2
1
0
2
0
1
0
-2
0
0
1
0
1
1
0
0
0
-2
0
1
1
0
-1
-2
0
0
-1
0
0
0
0
0
1
0
-1
0
0
1
0
0
0
0
0
0
0
0
1
1
1
0
2
0
-1
-1
-1
0
-2
-1
-1
1
2
0
0
0
-2
0
1
0
-1
-1
-2
-1
0
0
-1
-1
-1
-1
2
3
1
0
0
2
1
0
0
0
0
2
1
1
1
1
2
0
-2
-2
-4
-1
-1
-3
-2
-3
1
1
0
0
1
3
4
0
2
0
-2
1
0
5
7
-1
-8
-10
8
17
0
-13
-14
6
16
5
-16
-22
0
15
14
-4
-23
-8
11
19
2
-18
-10
3
18
7
-10
-9
0
11
8
0
-3
-1
0
1
4
0
-2
-4
-3
4
2
-1
-3
-2
0
2
-1
-4
-1
3
1
-6
-4
1
6
2
-7
-10
0
15
13
-4
-14
-5
13
15
-1
-13
-6
5
12
4
-6
-9
-2
5
3
-3
-6
-1
4
2
0
0
-1
0
-4
-3
3
3
0
-3
0
3
1
0
-1
0
1
0
0
0
2
0
-1
-2
-2
0
0
-1
-4
-3
0
1
0
0
3
0
-1
1
3
4
1
0
-2
1
6
4
0
-1
-2
0
0
0
-1
-2
-3
-3
0
0
-3
-4
-1
-1
0
0
-2
-3
0
2
5
3
0
0
0
2
3
0
0
1
3
4
0
0
0
-2
-2
0
-2
-2
-5
-7
-6
-2
0
0
0
0
0
1
2
2
4
5
1
1
3
3
6
2
0
0
-1
3
0
-3
-1
-2
-2
-2
-1
-3
-4
-4
-3
-1
0
0
0
-2
0
2
2
0
-1
0
0
1
3
2
4
2
3
4
3
4
2
1
3
2
3
0
-1
-2
-3
-3
-3
-2
-4
-4
0
0
0
0
1
0
2
3
0
1
1
0
0
-1
-1
-1
-1
-1
-2
-3
-1
-2
1
0
-1
-1
1
1
1
0
-3
-2
0
2
2
0
0
1
0
3
4
1
3
0
0
0
1
1
0
0
-1
0
1
0
0
0
-1
-2
-1
0
2
0
-1
-3
-3
1
1
0
0
1
-1
0
2
0
-1
-2
-1
0
2
3
0
1
0
0
0
0
0
-3
-1
0
0
-1
-2
0
0
0
0
0
0
0
1
1
3
1
1
0
0
1
1
1
0
-1
-2
-1
-1
0
0
0
-1
-2
0
-1
0
0
0
-2
-1
0
0
1
0
-1
0
1
0
0
1
1
1
4
4
1
2
0
-2
0
-1
-2
-1
-3
-3
-2
-2
0
-1
-2
1
0
0
0
0
2
0
0
1
1
0
-2
-2
-2
0
0
0
0
0
0
1
2
2
3
1
0
0
2
1
0
0
0
0
0
0
0
2
-1
0
1
1
0
0
-2
-3
-2
0
-2
-2
-2
-3
-1
0
0
2
2
0
0
0
0
0
0
0
0
1
1
0
-1
-2
-1
-1
0
0
-3
-2
0
2
1
3
5
2
0
-1
0
2
0
-1
-2
-3
-1
1
0
0
1
-1
-3
-1
0
1
0
0
0
1
3
3
3
2
0
0
1
-1
-3
-2
-2
-2
-1
0
1
0
-1
0
0
-2
0
0
-3
-4
-2
-1
-1
-1
-1
0
0
3
2
2
2
2
0
1
2
0
0
-1
-1
1
1
3
3
0
2
2
0
0
0
0
1
1
1
0
1
0
0
0
0
-4
-3
-2
-5
-4
-3
-2
-1
0
2
0
-1
0
0
0
0
1
2
-1
-5
-1
0
0
0
2
2
1
4
5
3
0
1
1
0
2
2
2
2
0
-1
0
0
0
0
1
0
0
1
0
0
-1
-3
-3
-2
-1
0
-2
-3
-3
-2
0
0
2
3
0
2
2
1
0
-1
0
0
1
1
1
1
0
-1
-1
-2
-1
0
0
-1
-2
0
0
0
1
0
0
2
2
4
2
-1
-3
-1
0
-1
0
0
0
0
1
0
-2
-1
0
0
0
2
3
2
0
0
0
0
0
0
-1
0
-3
0
1
0
-1
0
-1
1
0
0
0
0
1
0
0
0
-1
0
1
2
0
1
0
-1
-2
-2
0
0
0
0
1
2
2
0
0
0
-2
-1
-1
-1
-1
0
-1
0
0
0
1
1
2
0
1
1
0
0
-1
-1
0
0
0
0
-2
-1
1
1
1
0
-2
0
0
0
0
-3
0
2
0
2
2
0
0
1
1
0
0
0
-1
0
1
1
0
0
0
-2
-1
0
0
1
0
0
0
0
1
0
0
1
1
1
0
0
-2
-1
1
0
1
1
1
0
-1
-1
-1
0
0
0
-2
0
0
0
2
1
0
0
1
3
0
-2
-2
-1
0
0
-1
0
0
1
1
0
1
0
1
0
0
0
0
-2
-3
0
0
1
1
0
1
2
1
1
0
1
0
-1
0
0
0
-1
-1
-1
0
0
0
-1
-1
-3
-2
1
2
1
1
1
1
0
0
0
0
-1
-1
-2
0
1
0
-1
-1
0
2
4
2
3
1
0
-1
3
2
0
0
-1
-1
-1
-1
-1
0
0
-1
-1
0
0
-1
-3
-3
-1
-3
-2
0
0
1
0
0
2
3
2
1
0
0
0
1
1
-1
1
1
0
0
-1
-2
-1
0
0
0
0
0
1
2
2
1
0
1
0
1
2
2
1
0
0
0
-2
-1
-1
0
0
0
0
0
0
0
0
-2
-5
-2
-2
-2
0
0
1
2
1
3
0
-3
-3
-3
-3
-3
-1
0
2
2
4
4
4
2
0
0
-1
0
-2
0
2
3
1
0
1
-1
-2
-2
-4
-4
-2
-2
1
3
2
3
3
0
-2
-3
-5
-5
-3
-3
0
3
3
4
5
2
2
2
-1
-1
-3
-2
-1
0
0
2
0
0
1
1
1
3
2
0
-1
0
0
-1
0
-2
-3
0
0
0
0
0
0
-1
0
0
-1
-1
0
-1
0
0
1
2
3
1
2
0
0
0
-3
-3
-2
0
0
3
5
4
2
1
2
2
0
-1
-3
-3
-2
-1
-1
-1
-3
0
0
0
2
0
0
1
0
0
0
1
0
-1
-3
0
0
0
0
0
0
0
1
2
0
1
0
0
1
0
0
3
1
0
0
-1
-1
-2
-4
0
0
0
0
-1
0
2
3
1
0
1
0
-2
-2
0
1
1
-1
0
0
1
4
1
-3
-3
0
1
0
0
0
0
0
-3
-1
0
0
0
0
-1
1
2
1
1
2
1
1
1
0
-1
-1
-2
0
0
-1
0
1
0
0
-1
0
0
0
0
0
2
1
1
2
-1
0
-1
-2
1
-1
-3
-1
0
0
0
0
0
0
0
0
-1
-1
0
-2
-2
1
2
1
0
0
1
1
0
0
3
0
-2
0
2
1
0
-2
1
0
-1
-4
-1
0
0
0
0
-1
0
-1
0
1
1
1
0
0
0
2
1
-1
0
-1
0
0
0
0
-2
0
1
0
1
0
0
1
0
1
0
-2
-2
0
0
1
0
-2
-1
0
-3
0
2
0
1
1
0
1
3
2
0
0
-2
0
0
0
1
0
3
1
0
0
-1
0
0
-1
-2
-2
0
0
0
0
0
0
0
0
0
0
1
0
0
2
1
0
0
-1
0
0
0
0
0
1
0
1
2
2
0
0
-1
0
-2
-3
0
0
0
-1
-1
0
0
1
1
0
-1
-2
0
-2
-1
0
0
0
2
2
2
1
1
0
-1
0
0
0
0
0
-1
0
1
1
0
-2
-1
0
1
2
0
1
3
0
0
0
0
-2
-1
-1
0
0
-2
-2
-3
-5
0
0
0
2
2
1
0
0
2
1
1
2
1
1
1
0
0
0
0
-2
0
-1
0
0
0
0
-1
0
0
0
1
2
1
0
0
0
0
0
-2
0
0
-1
-1
0
0
0
1
2
1
3
0
0
0
0
-1
-3
0
0
1
3
2
1
-1
0
-1
-1
0
0
1
-1
-1
0
0
0
-1
0
0
-2
-1
0
0
0
1
3
0
0
1
2
0
1
1
-1
0
0
-4
-3
-2
-2
-1
-1
0
1
0
1
2
0
0
1
3
2
0
0
0
0
0
1
3
2
2
3
-2
-3
-2
-4
-3
-1
0
0
0
0
-1
0
0
0
1
1
2
2
0
0
-2
-1
-1
0
1
0
-1
1
0
-1
0
0
1
1
2
2
0
0
-2
-2
-1
-1
-1
0
0
0
0
1
0
1
1
0
0
1
1
0
-1
0
1
0
-1
2
0
-2
-1
-2
0
0
0
0
-1
0
0
0
0
0
0
1
2
0
1
0
0
0
-1
0
0
-1
0
0
0
0
0
0
-2
0
1
0
0
0
0
2
0
2
0
1
-1
0
1
-1
0
-2
-1
0
-2
1
2
2
1
0
3
0
0
1
0
0
0
0
-1
0
0
-3
-2
0
0
0
-1
2
0
1
2
1
0
-4
-3
0
0
-1
0
0
0
2
2
4
3
0
1
0
0
-3
-3
-2
-2
1
2
0
1
3
0
0
-1
-1
-2
-3
-2
-1
-1
2
4
5
5
3
0
-1
-2
-3
-3
-2
-2
-1
1
3
3
3
1
0
0
0
-2
-2
-4
0
2
1
3
3
1
-1
-2
0
-1
-2
-2
-1
1
1
0
1
2
2
0
0
-1
-2
-3
0
0
-1
-1
0
0
0
1
0
0
1
-2
0
0
0
2
0
-1
0
0
-1
0
2
0
2
3
0
0
-1
0
0
-3
-3
-2
-1
1
0
-2
1
1
0
1
2
2
3
2
0
1
4
4
1
0
0
0
0
0
-4
-6
-1
-2
-1
0
0
0
1
1
1
0
1
0
0
0
-1
0
0
0
-1
-1
0
0
0
1
0
0
0
0
0
0
0
0
0
0
0
0
0
0
0
0
0
1
4
3
1
0
0
-1
-1
1
1
2
1
-1
0
-1
-3
0
0
-3
-2
0
0
0
0
0
0
0
0
1
0
0
-1
-1
-2
-1
0
1
1
1
1
1
2
2
0
0
1
0
0
1
0
0
0
-1
0
0
-1
-2
-3
0
0
0
0
2
0
-1
0
0
1
1
0
-2
-2
-1
0
0
0
1
0
2
1
0
0
1
0
0
1
0
1
0
-3
-2
-1
-2
-2
0
0
0
0
0
2
1
1
1
0
1
2
0
0
1
0
0
-1
-1
0
0
0
-1
-1
-2
-1
0
3
1
0
-2
-1
1
0
0
-2
-1
0
1
3
0
0
0
0
0
-1
-4
-2
-1
-1
0
-1
-1
1
0
1
1
1
0
0
1
1
1
0
0
2
1
0
0
0
-1
0
-2
-1
-1
-3
-3
0
0
1
2
0
0
0
0
0
0
-2
-1
0
0
2
2
0
2
2
1
1
1
1
0
0
0
-2
-1
-1
-1
0
-1
0
0
0
1
1
0
-1
-2
0
0
0
0
0
0
1
0
0
0
-1
0
0
-1
0
0
0
0
0
0
0
1
2
3
2
-1
0
0
-2
0
0
-2
-2
-2
0
0
-1
0
1
0
0
1
0
0
1
0
0
0
-1
-1
0
1
0
0
-1
-1
0
0
-2
-2
0
0
0
0
0
0
1
0
0
0
0
0
0
1
-1
0
-1
0
0
0
1
2
2
1
0
-1
-1
-2
-1
-1
-1
0
1
0
0
0
1
0
0
0
0
0
0
0
0
0
1
0
-1
-1
0
0
0
1
1
1
1
0
2
2
0
0
0
0
-2
0
1
0
-2
-1
0
0
0
1
-1
-1
-1
0
0
-2
0
0
-2
0
0
1
0
0
-2
-1
1
0
0
1
0
0
0
0
0
0
0
0
0
0
0
2
0
0
-1
0
0
0
1
0
0
0
0
0
0
1
0
1
1
2
0
0
0
0
1
0
-2
0
0
1
0
0
-3
-1
0
0
0
0
0
0
1
1
1
0
0
-1
-1
1
0
0
0
-1
0
0
-1
0
0
0
-1
0
1
0
0
0
0
0
1
2
0
0
-1
-1
0
1
0
1
2
2
3
0
0
0
0
-1
-1
0
0
0
1
1
0
-1
0
0
0
2
-1
-1
-2
-2
-1
-2
-1
0
-2
-1
0
0
0
0
0
3
1
0
3
3
4
3
4
3
3
3
2
2
3
0
-1
0
-2
-3
-5
-6
-5
-4
-7
-7
-6
-4
-4
-3
0
2
2
4
5
4
5
5
8
9
7
4
3
1
-1
-2
-4
-3
-2
-2
-3
-5
-4
-5
-5
-2
-2
0
0
0
1
2
0
0
2
2
2
0
1
2
1
0
0
0
0
0
0
0
0
0
0
-1
-2
-2
1
2
0
2
1
0
0
-1
0
0
0
-1
0
0
0
0
0
-2
-4
-3
-1
0
-1
0
0
0
1
3
4
2
2
3
3
3
0
0
0
0
0
-1
-1
-2
-2
-3
-3
-2
0
0
1
0
0
1
1
0
0
0
1
0
0
0
1
1
0
0
-1
-1
0
0
0
0
1
2
0
1
0
0
0
-1
-3
-2
-3
0
-1
-2
0
1
1
1
1
1
1
0
0
1
0
1
1
0
0
1
1
2
0
0
-2
-2
-2
-2
0
2
0
0
0
-1
-2
0
0
1
1
1
2
1
0
-1
-2
-1
0
0
0
0
0
0
0
0
0
0
-1
-1
1
0
1
0
0
0
1
0
0
0
0
0
0
0
0
1
0
0
0
0
0
-1
0
-2
-2
-1
-2
0
0
0
0
0
1
0
1
1
0
-1
0
0
0
0
1
0
-1
0
0
0
0
0
0
0
0
-1
0
1
-1
0
0
0
2
0
-2
0
0
0
1
0
-2
0
0
-1
0
0
0
1
0
1
0
0
1
-1
-2
-2
-1
0
0
-2
0
1
0
1
0
0
0
0
0
-1
0
-1
0
2
1
2
2
1
-1
0
-1
1
2
-1
0
0
0
-1
0
-1
0
0
0
0
-1
0
0
0
0
0
0
0
0
0
-1
-2
0
0
0
0
0
-1
0
0
1
1
0
1
0
2
0
0
1
0
0
-1
0
0
-1
0
0
-1
0
0
-1
0
0
0
0
0
0
1
0
0
0
0
2
0
-1
0
-1
0
0
0
0
-2
-1
0
0
0
-1
-1
0
0
1
1
0
0
-1
0
0
-2
-1
0
0
3
4
2
0
0
-1
0
1
0
0
0
1
0
0
0
1
0
-1
0
1
0
2
0
-1
-2
0
-2
-1
0
0
-1
-1
0
0
-1
0
-1
0
0
0
0
0
0
-1
-1
0
0
-1
0
0
2
0
-1
3
3
2
3
2
0
0
0
3
0
0
0
0
3
3
0
1
1
0
0
0
0
-2
-2
-3
-3
-4
-3
-2
-3
0
-1
-1
0
-1
-3
-1
1
0
0
0
1
2
3
4
3
2
2
0
0
0
-1
-2
-1
-1
-2
-1
0
2
1
0
1
0
0
0
1
0
0
0
-1
-1
-1
-1
-1
-1
-1
-1
-1
0
0
-1
-1
0
0
0
0
-1
0
1
1
3
4
3
3
3
1
2
1
0
-1
0
0
-1
0
1
0
0
0
1
-1
0
-1
-2
-2
-2
-2
-1
0
0
0
1
3
2
0
0
0
0
-2
-1
-1
-1
0
-1
-1
0
0
2
1
2
2
1
1
1
1
0
0
0
0
1
0
0
0
0
0
0
0
-1
-3
0
0
0
-1
0
0
-1
0
1
0
0
0
0
-1
0
0
-1
-1
0
0
1
0
0
0
0
0
1
3
1
0
-1
0
0
2
0
0
0
0
0
0
-1
1
0
-1
-1
-2
-1
0
0
0
1
2
-1
-1
0
0
0
0
0
0
0
4
0
-1
0
0
0
0
0
0
0
1
1
-2
-1
0
0
0
0
-1
-2
0
0
0
0
0
0
1
2
0
1
1
1
0
-2
0
-1
-1
0
-1
0
0
0
0
-1
-2
-1
-1
0
0
0
0
0
0
1
2
2
2
1
2
5
3
0
-1
-1
-1
0
-1
-2
-1
-3
0
-1
-1
-1
-1
0
0
0
0
0
-1
-2
1
1
0
1
1
0
1
0
0
1
2
1
0
1
-1
0
0
0
0
0
0
0
0
-2
-1
0
2
0
0
0
1
-2
-1
-2
-2
0
0
0
0
0
-1
0
-1
0
0
0
2
1
0
0
1
3
2
1
0
0
0
1
0
0
0
-2
0
0
1
0
0
1
0
0
0
0
0
0
0
0
0
0
-1
-1
0
-2
1
0
-1
1
-1
-2
0
-1
-1
0
-1
-2
0
2
2
1
0
1
2
2
1
0
0
1
1
0
0
0
0
-1
-1
2
0
0
-1
-1
0
0
0
-1
0
0
-1
0
0
0
0
-1
0
1
2
1
-1
-2
-1
0
0
0
0
1
3
0
0
2
1
0
0
0
0
0
-1
-1
-2
-1
0
1
1
0
0
0
2
1
0
0
0
0
-2
0
0
-1
-3
-2
-1
0
1
0
-1
0
3
2
1
0
-1
0
0
0
-1
-1
1
0
1
3
0
2
0
-1
0
-2
-1
-1
-4
-1
0
0
2
2
2
1
1
0
1
0
-1
-1
-1
0
0
-1
-1
-1
0
2
0
0
0
0
0
0
0
1
0
0
1
1
0
0
0
0
-2
0
0
-1
-2
-1
-2
-2
0
0
0
0
2
3
1
2
1
1
1
0
0
0
1
0
0
1
1
2
2
0
0
0
-1
-2
0
-1
-1
0
0
0
0
0
-1
0
0
-1
0
0
-1
0
0
0
1
0
0
1
0
0
-1
0
0
-2
-2
0
1
0
0
1
0
2
1
2
2
-1
-1
1
0
-1
-1
0
-1
0
0
-1
-1
0
0
0
2
1
0
1
0
0
0
0
0
0
0
0
0
-1
-1
0
-1
0
-1
0
0
-1
0
0
0
0
-1
0
0
0
1
0
1
0
0
1
2
0
0
2
0
0
1
0
1
0
0
0
0
0
1
0
0
-2
0
-1
-1
0
0
-1
-1
-1
0
0
-1
-1
-1
0
0
-2
-1
-1
-1
-1
0
0
0
1
2
1
3
2
1
2
-1
-1
0
-2
0
-1
-1
2
0
1
1
-2
0
1
-1
2
0
-1
0
-3
-1
-1
0
0
1
3
3
2
2
0
0
0
-1
0
0
-1
0
0
-1
0
-1
-2
0
0
2
1
0
0
0
0
0
0
0
0
1
1
0
0
-1
-2
-1
0
1
0
0
1
0
-1
-3
-1
0
1
2
1
0
1
0
-1
0
-1
-1
0
0
1
1
2
0
-1
0
-2
0
0
0
0
0
0
-3
0
0
0
0
0
0
0
0
0
1
0
0
1
-1
0
0
0
1
-1
-1
1
0
1
0
0
1
1
1
-1
0
1
0
0
2
1
1
0
0
0
0
-2
-1
0
-2
-3
-3
-2
0
-1
0
-2
0
0
0
1
1
0
-1
0
0
0
0
-1
0
0
0
0
2
0
2
3
1
0
0
0
2
4
2
0
0
1
1
0
2
1
0
1
-1
-1
-1
0
0
-1
-1
-3
-3
-1
-2
-5
-2
0
-1
-1
0
-1
-1
0
-1
-1
0
0
0
3
2
1
2
1
1
2
2
3
5
2
2
0
0
0
0
0
0
0
0
-3
-3
-4
-2
-2
-2
0
0
0
0
0
-1
-1
0
0
1
1
4
2
0
0
-2
0
0
0
0
0
0
0
2
0
1
2
0
0
-2
-2
0
-2
-2
0
0
1
2
2
2
1
2
0
0
0
-1
-2
0
1
-1
0
0
0
0
0
0
-2
-2
-1
0
0
0
1
0
0
0
-1
-1
1
1
1
2
1
1
2
1
1
0
0
-1
0
0
-3
-1
0
0
-1
0
0
0
0
2
-1
-2
0
0
1
1
1
0
0
0
-2
0
0
1
2
1
0
-1
0
-1
0
0
0
0
0
0
0
1
0
0
-1
0
-1
0
1
0
-2
0
2
3
1
0
0
-1
0
-1
-3
-3
-1
-1
0
0
0
0
0
0
0
1
0
-1
0
2
2
2
1
1
2
1
0
0
0
1
0
-1
0
0
-1
0
0
0
-2
-2
-2
-3
-1
0
0
0
0
0
0
0
1
1
1
2
1
0
-1
0
-1
-2
0
0
0
0
0
-1
0
0
1
0
0
-1
-2
0
1
0
0
0
1
0
1
1
0
0
0
0
0
0
0
-1
0
0
-1
-2
-1
-1
0
2
1
-2
0
0
-1
1
0
1
3
1
1
0
-1
-2
-3
-1
0
0
0
1
0
0
0
0
-1
0
0
1
0
0
0
0
1
0
-1
0
0
-2
-2
0
0
0
-1
0
1
1
3
2
0
1
0
-1
0
0
0
1
0
0
1
0
0
-2
-3
-1
-1
-2
0
2
1
0
1
0
0
0
0
-3
-1
2
0
1
0
0
0
0
1
0
0
0
0
0
0
0
0
0
0
-1
-1
0
1
0
0
2
0
0
1
0
0
0
0
0
0
0
-3
0
-2
-3
0
0
0
3
0
0
0
1
0
0
0
0
0
0
0
0
-1
0
0
-2
-2
0
0
0
0
1
2
2
1
1
0
0
1
0
-1
-1
-1
0
0
0
0
0
0
0
0
0
0
0
0
-1
-3
-1
0
0
1
1
1
1
0
0
0
0
1
1
2
0
0
0
0
1
1
1
3
0
-4
-2
-2
-2
-2
0
1
0
0
2
3
0
0
0
0
0
-1
0
0
0
2
2
2
2
0
-1
0
-2
-2
-1
-1
-1
0
2
3
3
2
1
0
0
-1
0
-1
-2
-1
-1
0
0
0
0
-2
-2
0
0
-1
0
-1
0
0
0
1
0
1
2
2
2
0
-1
-2
0
1
0
0
0
0
0
0
-2
-2
-1
0
-1
0
0
1
0
0
1
0
2
1
0
0
1
0
-1
0
0
0
0
-1
-1
0
0
-1
-1
0
0
0
0
0
1
2
3
-1
0
0
0
0
0
0
-2
-1
-1
0
1
0
0
2
3
0
0
-1
0
-2
-2
0
-1
-2
-1
0
2
3
2
0
0
2
-1
-1
0
0
-1
-1
-1
0
1
3
1
0
0
0
-1
0
0
-2
-1
0
0
0
1
0
0
0
0
-1
0
0
0
0
0
0
0
0
0
0
-1
0
0
-1
0
0
0
2
2
1
1
1
0
0
-1
-1
-1
-3
-1
0
0
1
3
2
2
2
0
0
-2
-2
0
-1
0
0
-1
0
0
0
0
0
-1
0
1
0
0
-2
0
0
0
-1
-1
0
0
3
0
-1
1
0
2
4
0
0
1
1
1
0
0
0
0
0
0
0
0
-1
0
1
0
1
1
-1
-2
1
0
-1
0
-1
0
0
-1
0
1
0
0
-1
-1
0
0
0
0
-2
-3
0
0
0
1
0
0
0
1
3
1
1
1
0
0
0
0
-1
-2
-2
0
-1
0
2
1
0
1
-1
1
1
0
2
1
1
0
0
0
-2
-2
0
0
0
0
-2
-2
-2
-1
-1
0
-1
0
0
0
1
0
1
0
1
3
0
0
-1
0
0
-3
-1
0
0
0
0
0
0
-1
0
0
0
0
0
1
1
0
0
0
1
2
0
0
0
0
0
0
-1
0
0
0
0
0
0
0
0
0
0
0
0
0
0
0
1
0
0
1
0
0
0
0
0
1
-2
-3
-1
0
0
-2
0
0
0
1
2
0
1
1
0
-1
1
0
0
1
0
0
1
0
0
-1
0
1
1
0
0
0
0
0
0
0
-2
-1
-2
-3
-2
-2
-1
0
0
0
1
1
0
0
1
0
2
0
1
2
1
1
1
0
1
0
0
-1
0
-1
-1
0
0
0
-1
-1
0
0
0
-1
1
0
0
0
0
0
0
-1
-1
0
0
0
1
1
3
2
0
0
0
-2
-2
-1
0
1
2
1
0
0
-1
-1
0
-1
0
0
0
0
0
0
0
-1
1
0
-1
0
0
0
2
0
0
1
-1
0
0
0
0
0
0
0
0
0
1
0
-2
0
0
-1
-2
0
2
1
0
1
0
-1
0
-1
-2
0
-1
0
0
0
1
0
0
0
1
0
-1
0
0
0
1
1
3
0
1
0
0
-1
-1
-1
-1
-1
0
2
2
1
2
1
1
1
0
-2
-4
-1
-1
-3
0
-1
0
1
0
-1
-1
0
0
1
1
0
2
2
0
-1
0
0
1
1
1
0
0
0
-1
0
0
0
1
1
0
-1
2
0
0
1
0
-2
0
0
-1
0
0
-1
0
0
0
1
0
-1
0
0
-1
0
0
1
1
0
0
0
0
0
0
-2
-1
0
-1
-1
-1
-2
-1
0
0
1
0
1
1
0
1
1
2
1
0
1
-1
0
0
2
2
0
0
-3
-3
0
0
-1
-3
-1
0
0
1
1
0
0
2
2
0
1
-1
0
1
0
0
-1
0
1
-1
-1
0
0
0
0
-2
-1
-2
-1
-2
0
0
0
1
1
2
0
0
2
3
3
0
0
0
0
0
0
0
1
1
1
1
1
1
-1
-3
-4
0
0
1
0
-2
-1
0
0
-2
0
1
0
2
1
2
0
-1
-1
-2
-1
1
2
0
-1
0
-1
0
0
-1
0
2
4
1
0
0
-1
0
1
1
2
0
0
0
-2
-1
-1
-1
0
0
-1
0
0
0
-1
-2
0
1
1
0
2
0
0
1
-1
-1
0
0
0
1
1
0
-1
0
0
0
0
0
1
0
0
0
-1
-1
0
0
-1
0
-1
0
1
0
0
0
0
0
0
0
0
0
2
1
0
-1
-1
0
-1
-1
1
1
0
0
0
0
-1
0
0
0
0
0
-2
0
2
0
0
0
0
0
0
0
-1
0
-1
0
0
0
0
0
0
0
-1
0
0
0
1
0
1
0
0
0
1
0
0
0
0
-1
-1
-1
0
0
-1
-1
0
0
-1
0
-1
0
2
0
0
1
2
0
2
2
1
0
0
0
1
0
1
-1
-2
0
-1
0
0
-1
0
-1
-1
-1
0
0
-1
1
0
0
0
0
1
0
0
0
1
0
-1
0
0
0
0
0
1
2
2
1
1
1
0
-1
0
1
0
-1
0
-1
0
0
0
0
0
0
0
0
-2
0
0
-2
0
0
1
0
0
0
0
0
0
0
0
0
-1
0
0
0
0
0
0
0
0
0
0
0
2
0
0
0
0
0
0
0
0
0
1
0
1
0
0
0
-1
0
0
-1
-1
-1
0
0
0
1
0
0
1
0
-1
-1
-1
0
-1
-1
0
0
0
1
0
2
2
0
0
0
0
0
-1
0
0
0
0
0
2
1
-1
0
-1
0
0
0
0
0
0
0
1
1
0
0
-1
-1
0
0
0
-1
0
-1
0
0
0
0
0
0
0
0
0
-1
0
-1
-1
0
0
0
1
0
0
0
0
0
-1
0
-1
0
2
1
1
0
0
0
0
1
-1
0
-1
-1
0
0
0
1
0
0
0
0
0
0
-1
-2
0
1
0
0
0
0
1
1
1
1
0
0
0
0
0
-1
-2
-1
-2
-2
0
0
2
0
0
1
0
0
0
0
0
-1
-1
0
-1
-1
0
1
1
2
3
1
0
0
0
1
-1
-3
-1
0
0
2
2
0
1
2
1
0
0
-1
0
0
0
0
-1
-1
0
0
1
2
0
1
0
0
0
-2
-1
0
-2
-2
0
0
-2
0
0
0
0
0
1
0
0
0
-1
1
0
0
0
1
1
1
2
0
0
0
-1
1
0
0
0
0
0
0
1
1
0
0
0
0
0
0
0
-2
1
0
-2
-1
0
0
-1
-1
0
-1
0
0
0
0
0
0
0
0
0
0
2
1
0
0
0
0
0
-1
0
0
0
-1
0
-2
-1
-1
0
0
0
1
2
0
0
0
0
0
0
1
0
1
0
-1
0
0
-1
-1
0
0
0
0
0
-1
-1
0
1
0
1
1
0
1
0
-1
1
2
0
0
0
0
0
0
0
0
1
1
0
0
0
1
0
0
1
0
0
-1
-1
-1
-2
-1
0
-2
-1
0
0
1
-1
-2
0
1
-1
-2
0
0
3
1
1
2
2
3
0
0
2
1
0
0
0
-1
0
-1
0
0
-2
-1
0
-1
-1
-1
-2
-1
0
0
0
0
1
1
0
2
3
0
0
1
0
0
0
0
1
0
-1
0
0
0
0
-1
-1
0
-1
0
0
-1
0
1
0
0
0
1
0
2
0
0
0
0
-1
-2
0
0
0
-1
-1
-2
0
0
0
0
2
0
0
0
0
1
0
-1
0
1
2
1
1
0
0
0
0
0
0
0
-1
1
0
0
0
-3
-2
0
-1
-2
-1
-1
0
0
0
0
0
1
0
0
0
-2
0
0
0
0
1
2
1
1
2
1
2
1
2
0
0
0
0
-1
0
-1
-3
0
0
-2
-1
0
0
-2
-1
0
0
-1
-1
0
0
0
0
0
0
-1
1
1
0
0
0
0
2
0
1
2
0
0
0
1
0
1
0
-1
0
-1
-1
0
-1
-2
0
0
0
1
0
-1
0
0
0
0
1
-2
-2
0
0
1
0
1
1
0
1
0
2
2
2
2
0
1
1
0
-1
0
0
-2
-2
-1
0
-3
-1
0
-2
-2
0
-1
-1
0
3
1
0
1
0
0
0
2
0
0
1
0
1
1
0
0
-1
1
2
0
0
0
-1
0
-1
0
1
0
0
0
0
0
-1
0
-1
-1
0
-1
-2
0
0
1
0
0
1
1
-1
0
0
-2
0
1
0
0
0
0
2
0
0
0
0
-1
-1
0
0
0
0
0
0
0
0
0
1
0
0
0
0
-1
0
0
2
2
1
0
0
0
0
0
0
0
-1
0
1
0
-1
0
-1
-1
0
0
0
0
0
0
0
2
0
0
0
-1
0
-1
0
-2
0
0
-1
0
0
0
0
0
1
1
0
0
0
0
-1
0
0
1
1
1
2
1
0
1
0
-1
0
0
-1
0
-2
-2
-1
-1
0
-2
-3
-1
1
1
1
0
2
0
0
0
1
1
3
2
1
0
0
-1
0
0
-1
0
0
-1
0
1
0
0
-1
-1
0
0
0
-1
0
0
0
0
0
0
0
0
0
0
0
0
0
1
0
1
0
0
1
0
-1
0
0
1
0
0
0
0
0
-1
-1
-1
0
0
0
-1
0
1
-1
0
1
0
0
1
0
-1
0
-1
0
0
0
-1
0
2
0
0
0
0
1
2
1
0
-1
-1
-1
-1
-1
-1
-1
1
0
0
1
1
0
2
2
2
0
0
0
0
0
0
0
0
0
0
0
-2
-1
-1
-1
-1
0
0
-2
0
0
0
0
0
1
2
2
0
0
0
1
1
1
0
0
2
2
1
0
-2
-3
-2
0
-1
-2
-1
1
0
-1
0
-1
1
2
0
0
0
1
0
0
1
0
0
0
0
0
0
1
0
0
1
0
-2
-1
0
-2
0
0
0
0
0
0
0
0
0
-1
0
0
0
0
0
0
0
-2
0
-1
0
-1
0
1
0
2
0
1
2
0
0
2
2
0
0
0
0
0
0
0
-1
0
1
-1
-1
0
0
0
-2
0
0
-1
0
0
0
0
-1
0
0
0
1
0
1
1
0
0
0
0
0
0
0
0
0
0
0
0
0
1
0
0
-1
-2
-2
0
-1
0
1
-1
0
0
0
0
0
0
2
1
1
2
0
1
1
0
1
0
0
0
0
0
1
0
0
0
0
-1
0
-1
-1
0
0
-3
-2
0
-2
-1
0
0
-1
-1
0
0
0
2
1
0
2
1
2
0
0
3
0
0
0
-1
0
1
0
0
-2
0
1
0
0
0
0
-1
0
0
0
0
-1
-1
0
0
-1
0
-3
-2
0
0
0
0
0
1
0
0
1
0
0
1
0
0
1
1
0
0
0
-1
-1
0
0
-1
0
0
0
0
0
0
0
1
-1
-2
0
-1
0
0
2
2
0
1
1
0
0
-2
-1
-3
-1
1
0
0
0
0
1
1
-1
1
0
0
1
0
0
0
0
0
0
-1
-1
0
0
2
0
0
0
0
0
-2
0
0
-1
1
0
-1
0
0
0
0
1
1
0
0
1
0
0
-1
0
1
0
0
-2
0
1
0
-3
-3
1
0
0
2
2
2
0
0
0
-1
0
0
0
0
-1
0
-2
-1
0
0
0
0
1
0
0
2
1
-1
-1
0
1
2
1
0
0
1
0
0
0
0
0
0
0
-1
-1
0
0
0
-3
-1
0
-2
-1
-1
0
0
1
3
2
1
0
0
1
0
0
0
0
-1
-1
-2
-1
-3
-1
0
1
2
2
1
0
1
1
2
1
-2
0
-2
0
0
-1
-1
-2
-1
0
0
0
-1
-1
0
0
0
0
0
0
0
0
1
0
2
2
2
2
1
2
1
0
0
-2
-1
0
0
0
-1
-2
-1
-3
-1
-2
-1
1
0
0
0
0
2
0
2
1
0
2
1
1
0
0
1
-2
0
0
-1
1
0
0
0
0
-3
0
1
0
2
2
0
2
1
1
0
-2
-2
-2
1
1
0
0
0
0
0
-2
0
0
0
0
1
0
0
1
0
0
0
-1
0
0
0
1
0
0
1
1
0
-2
-1
-1
1
1
0
0
0
2
0
0
0
-1
-1
0
0
0
0
0
0
0
0
-1
-2
-2
0
0
-3
-1
0
0
1
1
-1
-1
1
1
1
2
1
3
1
0
0
-1
-1
2
1
0
-1
0
0
-1
0
-1
0
-1
-3
-1
1
0
0
1
0
1
3
3
-1
-1
0
-2
-2
0
1
0
1
1
-3
-2
-1
0
1
0
1
-2
-2
0
-2
-2
0
0
0
1
1
2
1
1
1
2
-1
-1
0
0
0
-2
-2
-1
-1
0
1
2
0
0
2
0
0
-2
1
1
-1
0
1
1
-2
0
0
0
-1
-4
0
0
0
0
0
1
0
1
0
-1
0
-2
-2
0
0
1
0
3
4
3
0
0
0
0
1
-1
-1
-2
-1
0
0
0
-1
-1
-1
-1
-1
-1
0
0
0
1
1
1
0
0
0
0
0
0
-2
0
1
0
1
1
0
0
1
0
-1
-1
0
0
-1
1
0
-1
-1
0
-1
-1
0
0
0
2
2
3
1
1
1
0
0
-1
-1
0
0
0
0
0
-2
-2
1
1
0
-2
0
0
1
1
0
0
0
-3
0
0
-1
-1
-1
2
1
0
0
0
-2
-1
0
-1
1
0
2
2
0
0
2
1
1
1
1
0
-2
-3
0
1
-1
0
0
0
-1
-2
0
0
-1
0
1
2
2
-2
-2
0
2
2
0
0
0
2
2
0
0
0
0
2
0
-2
-1
-2
2
3
1
0
0
1
1
1
0
0
0
-1
-3
-2
-1
-1
-2
-1
0
-1
-2
-1
0
0
1
2
2
1
1
0
3
2
0
4
2
1
2
3
0
0
2
1
1
-1
-5
-2
-2
-5
-4
-2
-2
-2
0
-3
-3
-1
-1
-1
-2
0
0
1
2
2
3
0
2
2
4
3
2
3
2
0
0
0
0
0
3
0
1
2
2
1
2
0
-2
0
0
1
1
0
0
-1
0
-2
-2
-2
-4
-4
-1
-1
-1
-2
-2
-2
-1
-1
-1
0
2
4
2
3
2
0
0
0
0
2
0
0
0
1
0
-1
1
0
-1
0
0
-1
-2
-1
2
1
0
1
2
1
0
0
0
0
1
0
-2
0
1
0
0
1
-1
-1
-1
0
0
0
0
-1
0
-2
-3
0
0
0
1
3
0
0
0
-2
-1
0
2
2
0
0
0
0
1
1
0
0
0
-1
0
0
0
2
0
0
0
0
2
1
0
0
-2
-3
-1
0
1
0
0
1
-1
-1
0
0
-1
-1
-1
-1
-1
0
0
0
2
1
5
4
3
6
3
3
0
0
0
-3
0
-3
-4
-5
-3
0
0
0
1
1
1
1
0
0
-1
-1
-3
-3
0
-1
0
2
0
0
-1
2
4
2
1
0
1
0
-2
0
0
0
0
0
1
0
-2
0
1
2
0
0
0
0
0
-1
-1
0
-1
0
1
0
0
-1
0
1
0
-1
0
0
0
-1
1
0
1
0
-2
0
0
1
0
-2
1
0
0
0
0
0
1
1
1
0
0
-1
0
1
0
-1
-1
-1
0
-1
0
0
0
-1
-1
0
-3
-3
0
-1
0
0
-2
1
1
0
0
2
3
1
1
0
0
0
1
2
1
1
0
0
1
0
-2
0
0
0
-2
-1
-1
-1
0
0
-2
-1
0
-1
2
0
-1
0
-1
1
0
0
0
0
2
1
0
1
1
0
-1
0
1
0
0
0
-1
0
0
1
2
0
0
-2
1
0
-1
0
0
1
0
-1
-1
-2
0
0
0
0
-1
0
1
2
1
0
1
0
-1
-1
-3
-1
0
-1
-1
-2
0
1
1
2
0
0
1
1
2
0
-1
-1
0
3
0
-2
-1
0
0
0
0
0
0
0
1
2
0
-2
0
0
0
0
0
1
2
2
0
0
0
1
1
0
-1
-3
-2
-1
1
0
-1
0
0
1
-1
0
0
-2
0
0
0
1
0
0
1
0
0
0
-1
0
0
-1
0
0
0
1
1
0
0
0
0
0
-1
0
-1
-1
-2
0
-1
0
0
0
2
0
2
2
1
0
0
0
0
-1
-1
-1
0
0
0
0
1
0
0
0
0
0
0
0
0
-1
-1
2
2
0
0
1
0
-1
-1
0
0
0
0
1
0
0
0
1
0
1
0
-2
0
0
0
-1
0
0
-4
0
0
1
0
0
-1
-3
0
-2
0
3
3
2
1
2
2
0
1
2
0
0
0
0
0
0
0
-1
-1
0
0
0
-1
0
-2
-1
-1
0
0
-1
-1
0
0
0
1
1
1
0
0
0
0
1
-1
-1
0
0
0
0
0
0
0
0
0
0
1
0
-1
0
0
-1
0
2
3
2
0
0
1
2
2
0
0
0
0
0
0
-2
-2
-2
0
0
0
0
1
0
0
0
0
-1
-2
-1
0
-2
-2
-1
0
2
1
2
2
2
2
0
1
0
-2
0
0
0
0
0
0
1
0
-1
1
0
-1
-1
-1
-1
-2
0
1
0
0
0
1
0
0
1
1
-1
-1
0
0
2
0
-1
2
0
0
2
0
0
1
0
0
0
0
-1
-2
-1
-1
-1
0
0
0
-1
0
1
1
-1
0
0
-2
1
0
1
0
0
1
0
0
0
-1
0
0
-1
0
-1
0
0
0
0
-3
-1
-1
-1
1
1
1
2
1
0
2
1
0
0
0
-1
0
2
0
0
1
0
0
0
0
-1
-1
-2
-2
-2
-1
0
-2
-1
0
0
0
1
0
0
3
0
0
0
0
3
1
2
0
-1
1
0
-2
-1
0
-1
-2
-1
0
0
0
0
1
0
-1
-1
-2
0
0
0
0
2
0
1
0
0
0
-1
0
1
0
0
0
1
2
1
1
0
0
0
-1
0
0
1
0
-1
0
-1
-1
0
-1
0
0
-2
0
0
-1
0
0
-1
0
-1
0
3
0
2
2
0
2
0
0
0
0
0
0
0
0
3
2
1
0
0
0
0
-1
-3
-2
-2
-3
-1
0
0
0
0
0
0
1
0
1
0
-2
0
1
-1
-1
-1
-1
0
1
0
0
1
2
1
1
1
1
0
-2
-1
1
0
-1
-1
1
1
0
0
0
0
0
0
-1
0
0
-1
0
1
0
0
0
0
0
0
4
2
0
0
0
0
0
0
0
0
0
-2
-3
-2
-1
-1
-2
0
1
0
0
-1
-2
0
1
2
0
0
2
1
2
0
-1
0
2
0
0
0
1
0
-1
1
2
2
0
-2
-1
-1
-1
0
-1
0
-1
1
0
-1
0
0
0
0
0
0
0
-1
0
2
2
0
0
2
0
1
0
2
0
-1
1
1
-1
-1
-3
-2
-2
0
0
0
0
0
0
0
0
0
0
0
0
-1
0
0
0
0
0
1
3
3
1
0
0
1
0
0
0
1
0
0
0
0
1
0
0
0
0
-1
0
-1
-1
0
0
0
-1
-1
0
-2
-2
0
0
-1
1
-1
-1
1
2
1
2
1
-1
0
0
0
1
1
2
1
0
2
0
-1
0
0
0
0
0
0
0
-2
-2
-1
-2
0
-2
-2
0
0
0
-1
-1
0
0
0
0
0
2
1
0
2
1
2
3
2
0
0
0
0
-2
-1
0
-2
0
0
-1
-1
-2
0
2
0
1
2
2
3
4
1
1
0
1
0
0
0
0
-1
-1
-3
-2
-2
-1
-4
-4
-1
-2
-2
0
0
-2
-1
-1
-2
-3
-3
-2
0
0
-1
0
1
2
2
3
3
2
3
3
1
2
2
0
1
2
0
1
0
1
2
1
2
1
1
3
3
2
1
1
1
0
1
2
1
0
-1
-1
0
-1
-1
0
0
-3
-2
-3
-5
-6
-5
-5
-4
-2
-4
-2
-1
0
0
0
0
-1
-1
-2
-2
-1
0
1
2
4
5
3
5
5
2
2
0
0
0
1
1
1
3
4
5
3
2
1
0
0
-1
-2
-2
-4
-3
-3
-2
0
-1
1
0
0
-1
-2
-1
-2
-1
0
0
0
0
0
0
0
0
2
3
0
0
0
0
2
2
2
0
-1
-1
0
0
0
0
1
0
0
0
0
2
0
0
0
-1
0
-2
-1
-2
-3
0
0
0
0
0
1
0
0
0
2
2
1
-1
-1
0
-1
1
1
0
1
1
0
1
1
0
0
0
0
-1
-1
-2
0
-1
0
0
0
0
-2
0
1
0
0
-1
0
0
0
-1
0
1
-1
0
0
0
0
1
2
0
2
0
0
0
0
0
0
-1
-2
-1
0
0
0
0
1
0
1
0
1
-1
0
2
1
0
0
-1
0
-1
-1
0
-1
-2
-1
0
0
-1
-2
0
0
0
0
0
0
0
2
0
0
1
2
1
1
2
0
0
1
1
1
-1
-1
0
0
-1
-1
-3
-2
-1
-1
0
0
0
0
0
0
0
0
-2
-1
0
0
2
0
1
1
0
1
2
1
1
0
-1
0
0
0
-1
0
0
0
0
0
-1
-3
0
0
0
0
0
0
0
0
1
0
1
0
0
0
0
0
0
-1
-1
0
0
-1
0
-1
2
0
0
1
1
0
0
1
1
0
-1
0
0
0
2
1
0
0
0
0
-1
0
1
1
1
0
1
-2
-2
-1
-1
-1
-2
-1
-1
-1
-1
-1
-1
0
0
0
2
1
2
4
2
1
3
2
3
2
1
1
2
1
1
2
0
-1
0
-1
-3
-2
-2
-2
-3
-3
-3
-2
-2
-3
-4
-1
0
-1
0
3
2
1
3
0
1
1
-1
0
1
0
1
1
-1
-1
0
-1
1
1
0
1
1
0
0
1
0
0
0
1
1
0
0
1
1
3
3
0
-1
0
0
1
-1
-1
0
-1
-1
-2
0
-1
-3
-1
0
-1
0
0
1
2
0
0
1
0
0
-1
0
0
-4
-1
-1
0
0
0
1
1
2
1
1
3
1
1
0
0
1
-1
0
0
0
0
-1
1
0
-1
0
-2
0
0
0
1
0
0
0
0
0
1
0
-2
-1
2
0
-1
0
0
0
-1
-2
-3
-4
-3
-3
-4
-4
-4
-1
1
6
4
4
8
9
8
7
7
4
2
1
0
0
-1
-2
-3
-4
-3
-7
-7
-6
-7
-8
-6
-6
-6
-3
-2
0
0
1
4
5
7
7
6
6
7
6
4
2
-1
-1
-1
-3
-3
-2
-2
-2
-1
-2
-3
-3
-4
-2
-1
-3
-2
0
0
1
3
2
2
3
2
3
1
0
1
1
2
0
0
0
-1
-2
-2
1
1
0
0
1
2
0
0
0
0
-1
0
0
0
-1
0
0
0
-1
-1
-1
0
0
-2
-1
0
0
1
0
0
1
2
2
1
1
1
3
3
1
0
1
1
0
1
2
1
1
0
0
-1
-2
-1
-2
-1
-2
-4
-4
-5
-4
-3
-1
-4
-3
-1
-3
-4
-4
-3
-3
-3
-2
0
1
0
0
3
4
5
7
8
9
10
9
8
8
8
6
5
4
1
-1
-3
-4
-6
-9
-9
-9
-9
-10
-7
-9
-9
-5
-5
-4
-1
2
3
4
7
7
9
8
8
7
6
8
5
2
3
0
-1
0
-2
-5
-4
-4
-4
-3
-4
-4
-3
-3
-3
-2
-1
-1
0
1
2
1
1
0
1
0
0
0
-2
-2
0
0
-1
-2
-1
0
1
0
1
1
3
5
2
0
2
2
2
2
1
0
0
0
0
-2
-1
-1
-1
-3
-3
-4
-4
-4
-4
-4
-3
0
0
1
2
3
3
3
3
2
3
3
3
2
1
1
1
0
0
0
0
-1
-2
-1
0
0
-3
-2
-2
-1
-1
-1
-2
0
0
0
1
0
0
0
0
0
-1
-1
-2
-2
0
0
1
2
4
7
7
6
5
1
1
1
0
0
0
0
-1
0
1
-1
-3
-2
-3
-3
-4
-4
-4
-3
-3
-4
-3
-1
-2
-2
0
1
1
0
0
3
4
2
1
1
2
3
3
1
2
1
0
0
0
-1
-1
0
2
2
2
1
0
0
1
0
0
0
1
0
1
2
0
0
0
-2
0
0
0
0
-1
0
-1
-2
-1
0
0
-1
0
-1
-1
0
1
0
-1
1
0
1
-1
0
0
1
0
0
1
0
1
0
0
0
0
0
2
0
0
0
0
1
-2
0
0
0
1
-2
-3
0
0
0
0
0
0
2
1
0
2
0
-2
0
-1
0
0
0
0
0
1
1
0
2
0
0
1
0
-1
-1
0
-1
0
0
0
0
2
1
0
0
1
-1
0
0
-1
-2
-1
0
0
-3
0
1
1
0
2
2
1
-1
-2
1
0
-3
-1
-1
0
0
0
0
0
3
2
2
1
0
0
0
0
0
0
-1
-2
-3
-2
-1
0
0
-2
-1
0
1
0
0
0
0
1
1
1
1
0
0
0
0
0
-1
-2
2
3
3
1
0
0
0
0
-1
0
-2
-3
0
-1
-1
0
0
-1
-1
0
0
0
0
0
0
3
1
0
0
0
0
1
0
-1
-1
0
1
2
2
2
1
0
0
1
0
-1
0
-2
-2
-2
0
0
0
1
0
-1
0
-1
-1
0
0
1
2
2
0
1
0
0
0
0
0
0
1
0
1
0
-1
-1
0
0
0
-1
-1
0
0
-1
-2
0
0
-1
0
1
2
2
1
4
1
1
3
1
0
-1
0
-2
0
0
1
0
-1
0
-2
0
-1
-2
-1
-1
-1
-1
0
1
0
-1
0
1
0
1
3
1
2
0
0
1
1
2
1
1
1
0
-1
0
0
-1
0
1
0
0
-1
0
0
-1
-1
-1
0
-2
-1
0
0
-1
0
1
0
-2
-2
0
1
1
1
2
0
1
0
-1
-1
0
0
1
2
0
0
0
0
0
-1
0
0
0
0
-1
0
-1
-1
1
1
0
0
0
0
1
0
-1
0
0
0
0
0
0
2
0
-1
0
0
1
1
0
0
-1
-1
0
-3
0
0
-2
0
0
0
0
0
0
0
0
0
0
0
0
0
1
0
0
0
0
0
0
0
1
0
0
0
-1
-1
0
0
0
-2
0
-1
0
-1
0
0
0
1
0
0
0
1
1
0
0
1
3
2
0
-1
0
0
-1
0
0
0
0
0
0
-1
-1
0
1
0
0
0
0
0
0
0
-1
-1
-1
0
0
-1
-1
1
0
1
0
0
0
0
0
0
1
1
0
0
-1
1
0
0
0
0
0
0
-1
-1
0
0
0
0
-1
1
1
1
-1
-1
0
0
0
0
0
-2
0
0
0
0
-1
-2
0
0
1
0
0
0
0
2
0
0
1
0
-1
-1
0
0
0
-2
0
0
1
0
0
1
0
0
0
-1
-1
0
0
0
0
-1
0
2
0
0
1
0
0
0
-1
0
1
0
0
1
0
0
0
-1
0
0
-2
0
-1
-1
0
0
0
1
0
-1
0
-1
0
1
-1
-1
0
0
1
1
2
2
2
2
0
1
0
1
1
0
0
-2
0
0
0
-1
-2
0
0
0
0
-1
0
-1
-1
0
-1
0
0
0
1
0
1
0
0
1
0
0
0
2
2
0
0
0
0
0
0
0
-1
-2
-2
0
0
-1
1
1
-1
-2
1
1
2
2
0
-1
0
0
1
3
0
-1
0
-1
-1
0
-1
0
0
-1
-1
-1
-1
0
0
0
1
1
0
1
0
-2
0
0
0
0
-1
0
0
0
0
0
1
2
0
0
1
0
-1
0
0
0
1
0
0
0
0
0
-2
-1
0
0
1
1
1
0
-1
-1
-2
0
0
0
0
0
1
0
0
1
0
0
1
0
0
-3
-3
-2
0
0
0
1
0
0
2
3
0
0
0
-1
-2
0
-1
0
2
0
0
0
0
0
0
-1
0
0
0
0
-1
-1
0
1
-1
0
-1
0
1
2
0
-1
1
0
0
0
0
0
0
-1
0
0
0
-1
0
0
-1
0
1
0
0
0
-1
0
0
0
0
1
1
1
1
0
0
-1
-2
-1
-1
1
1
1
0
0
0
0
0
0
1
0
0
2
0
-1
-1
0
0
1
1
0
0
0
-1
0
0
0
-1
-1
0
1
-1
-1
0
0
0
2
2
0
0
0
0
0
-2
1
0
-1
1
0
-2
0
0
0
-1
0
-1
-1
0
0
1
0
0
0
0
0
2
2
0
1
1
0
0
-3
0
0
0
1
0
0
0
0
-1
-1
0
0
-3
0
0
-1
-2
-1
-2
-2
0
0
1
2
2
0
1
2
1
0
0
0
0
1
1
0
0
-1
0
0
0
-1
-1
0
0
-1
0
0
0
0
0
0
2
1
1
2
0
0
0
0
0
1
0
0
1
0
1
1
0
0
1
0
0
1
-1
0
-1
-1
0
0
0
-1
-1
0
-1
-1
0
-1
0
0
-1
0
1
1
0
0
0
0
0
0
0
0
0
0
0
0
1
1
0
0
1
0
0
0
0
0
0
0
0
1
2
1
2
1
1
1
1
0
0
0
-2
-3
0
-1
-2
-1
-2
-3
-3
-1
0
0
0
-1
-5
-2
0
-1
-1
0
4
3
3
3
3
3
4
3
3
2
1
0
0
0
-1
-2
0
0
0
0
0
0
0
0
-1
0
-1
0
-1
-1
0
0
1
-1
-1
0
0
0
1
1
1
0
0
-1
-2
-1
-1
0
-2
0
2
1
0
-1
0
2
0
0
0
1
0
0
1
0
2
0
0
0
0
0
0
0
-1
-1
0
0
0
0
0
0
-1
0
0
0
0
0
0
1
1
0
0
0
0
-1
-1
0
2
1
0
2
0
-2
-1
0
0
0
0
-1
-1
0
-1
-1
0
-2
0
2
1
0
0
-2
0
0
0
0
2
3
1
0
0
-2
-2
0
0
1
1
1
2
0
1
0
0
0
0
0
0
-2
-2
0
0
0
0
1
-1
0
-1
-2
0
0
-1
0
1
1
0
1
0
0
-1
0
0
0
-1
1
0
0
0
1
1
1
0
0
0
0
0
-2
-1
-1
1
1
1
2
-2
-1
0
-1
0
0
-1
-1
0
1
0
2
0
1
0
0
1
1
4
0
0
0
-2
0
-1
-2
-1
0
0
1
2
2
0
-1
-1
-4
-2
0
0
3
3
3
0
1
0
-1
-2
-3
-2
-2
0
0
0
0
0
0
0
1
0
0
0
0
0
0
0
-1
0
-1
-2
0
0
0
1
2
2
0
0
2
1
2
0
-4
-2
-1
0
0
0
0
0
0
0
1
0
0
-1
-1
0
1
0
0
0
0
0
0
1
0
0
0
0
0
1
0
0
-2
-1
-1
0
1
3
1
0
0
-1
0
0
-1
0
0
0
0
1
1
0
0
0
-1
0
0
-1
0
-1
0
0
0
0
0
0
0
0
0
0
1
0
0
0
0
0
0
2
1
0
0
0
-1
0
0
0
0
0
0
-2
-1
-1
0
-1
-1
0
0
0
0
0
0
1
1
2
0
0
1
0
0
0
1
0
-1
-1
0
0
2
2
0
-1
0
1
1
-1
0
0
0
0
0
0
0
0
0
0
0
0
0
0
-2
-1
-1
-1
0
-1
0
0
0
0
-1
-1
0
0
0
-1
0
0
0
0
0
0
0
1
0
0
0
0
0
-1
0
1
0
0
0
0
0
1
0
2
0
0
-1
0
0
-1
-1
-2
-1
0
-1
-1
0
0
-1
0
0
0
0
0
0
-2
0
2
3
0
-1
0
1
3
1
2
0
0
1
0
0
0
0
0
0
0
-2
-1
0
-2
-1
0
0
0
0
0
-1
0
-1
0
1
0
1
3
0
0
0
-1
0
1
0
1
0
0
0
-1
1
0
0
2
2
0
1
0
0
-2
-1
0
0
0
-2
-1
-1
-2
0
-1
0
2
0
0
0
1
1
1
1
0
1
1
0
0
0
-2
0
-2
-2
0
0
-2
-2
0
1
-1
-3
-2
0
1
1
0
2
3
2
1
1
1
2
0
0
0
-1
0
-1
0
1
1
1
-1
0
0
-1
-1
-1
0
0
-1
0
1
0
0
-1
-2
0
0
0
1
0
0
0
-1
0
0
0
0
-1
-1
0
0
-1
0
0
0
0
2
1
1
1
0
0
1
0
0
0
0
0
0
0
0
0
0
0
1
0
-2
0
0
-1
0
0
-1
0
0
-1
0
0
-1
-1
0
-1
-1
0
0
-2
-1
0
0
0
1
0
1
1
0
1
0
2
2
0
0
0
0
1
0
0
0
-1
0
0
0
0
0
-2
0
-1
0
1
-1
0
0
0
0
0
0
0
-1
0
1
0
0
0
0
0
-1
0
1
0
0
0
0
1
0
0
1
1
0
0
0
-1
0
0
0
0
-1
0
0
0
0
0
0
0
-1
-2
-2
-1
0
0
-1
0
0
-2
0
1
0
0
-1
0
0
1
0
0
0
0
1
-1
-1
1
1
1
1
1
2
2
2
0
1
1
0
0
0
0
0
-1
0
-1
0
0
0
-1
0
-1
-1
-1
0
0
0
-1
-2
0
0
0
0
0
0
2
4
2
2
1
0
0
0
0
0
-1
0
-1
0
1
1
0
-2
0
0
0
-1
0
-1
-2
0
0
0
0
-1
0
0
0
0
0
0
0
0
1
1
1
0
0
0
0
0
-1
0
0
0
0
1
0
0
0
1
2
2
0
0
0
-1
0
0
0
-1
0
-1
-1
0
1
0
-1
-1
-2
-1
0
0
0
0
0
0
0
0
0
0
0
0
1
0
0
1
1
0
0
1
2
0
0
0
0
-1
-1
1
0
1
0
0
1
-1
0
0
-1
0
0
0
0
-1
-3
-2
0
0
0
0
-1
0
0
-1
0
0
0
1
0
0
0
0
1
2
0
0
0
2
0
0
1
0
1
0
0
0
0
0
-2
-1
-2
0
0
-1
0
0
0
-1
0
0
1
-1
0
0
0
0
-1
1
0
-1
0
-2
0
1
0
0
0
0
1
1
0
0
2
1
-1
0
0
0
0
0
0
-1
-2
-1
0
0
0
-2
0
0
-1
0
0
0
0
0
0
0
0
0
0
0
0
0
0
-1
0
-1
0
0
0
1
-1
0
0
-2
0
1
1
1
0
1
0
-1
0
1
-1
0
0
0
0
-1
0
0
1
0
0
0
-1
-1
-1
0
0
0
1
0
1
0
0
1
0
0
0
0
0
-1
0
0
0
1
0
0
0
0
0
0
1
0
0
0
0
0
0
0
1
0
0
0
-1
0
-1
0
-2
-1
-1
-1
-1
0
1
2
0
2
2
0
1
1
0
0
0
0
0
1
0
0
0
0
0
-1
0
-1
-2
0
-2
-1
0
0
-1
-1
0
0
0
0
0
2
0
0
0
1
0
0
0
0
-1
0
-1
-2
0
0
-1
0
2
0
1
2
3
3
3
3
0
2
1
0
2
0
0
0
-1
0
-2
-4
-5
-3
-5
-4
-5
-6
-4
-3
-1
-3
-4
0
0
0
2
3
3
3
4
5
2
1
4
2
4
1
1
2
1
1
1
1
0
1
0
0
-2
0
1
0
1
0
0
0
0
1
1
0
-1
0
-1
-1
-2
-2
-1
-2
-2
-3
-3
-1
-1
0
0
-1
0
1
1
0
0
1
2
4
0
0
2
-2
-1
2
2
2
-1
0
1
-1
-2
-2
-2
-1
0
0
-1
0
0
2
0
-2
0
1
0
0
1
0
0
-1
0
3
0
-1
0
1
-1
-1
3
1
0
0
0
1
0
0
-1
1
1
0
0
0
1
0
0
0
-5
-1
2
-3
0
-1
0
-3
0
3
-1
0
0
2
1
2
0
0
1
2
1
2
0
-1
4
-1
2
4
0
1
-3
1
7
-3
-8
0
0
0
-5
-8
7
-2
-9
2
5
5
-9
-9
-5
20
8
-36
2
21
-2
-18
18
1
-1
87
-180
-100
425
37
-447
-40
352
88
-229
-113
100
196
-123
-256
209
213
-167
-234
108
258
-174
-67
109
-114
46
99
-67
-60
71
-11
-63
84
46
-50
-122
39
166
-86
-92
37
29
46
-33
-102
55
125
-71
-134
48
187
-64
-138
58
43
5
27
-16
-109
38
58
1
-13
-55
30
4
22
35
-48
22
23
-5
-5
-7
-10
-28
26
-58
28
12
-58
59
-1
14
21
6
0
-6
35
-89
8
54
-75
-32
-7
44
-3
7
18
-1
61
12
-72
9
50
-25
-90
-23
62
21
-37
-43
59
49
3
-45
16
68
-35
-15
3
5
0
-10
-18
-22
4
-15
20
23
-29
-16
83
-6
-47
28
23
-13
-58
31
-6
-3
-29
0
21
6
28
-44
62
4
-43
37
2
-8
-55
57
-17
-39
-1
-23
79
-58
59
-37
-54
128
-38
36
-114
49
85
-114
31
-85
113
6
-92
26
-29
144
-85
-83
109
-11
83
-160
46
54
-41
100
-169
121
-16
-42
64
-131
103
-21
13
-30
-10
45
-76
126
-96
26
65
-110
53
24
-18
-50
44
63
-126
26
50
-13
-41
5
35
-29
74
-138
41
125
-81
-23
-29
142
-43
-59
-42
110
70
-236
79
37
89
-154
-53
188
-34
-31
-106
97
122
-78
-201
160
175
-242
-14
93
22
12
-157
123
-9
77
-87
-137
287
-104
-53
-63
120
6
-147
175
-167
113
28
-136
124
-75
145
-141
-19
113
-29
52
-211
149
0
21
-71
-136
211
14
3
-219
227
52
-158
81
-111
118
-53
-130
71
144
17
-272
150
203
-89
-149
-12
160
-219
66
13
-40
106
-134
35
153
94
-167
-36
164
-35
-11
-128
92
-64
-91
148
-199
147
2
-81
72
6
48
-46
98
-70
51
-63
-55
160
-116
-55
-31
123
-8
-114
87
-11
19
66
-29
92
43
-201
-106
205
-16
-153
-9
-6
60
183
-158
-22
204
-71
-58
-136
274
-162
-193
251
-224
46
203
-200
17
127
17
18
-81
133
32
-121
-300
177
341
-88
-333
-359
652
143
-138
-47
-225
291
-54
126
17
-388
99
-171
207
-33
0
-112
-152
356
-5
246
-83
-158
-84
142
-27
97
-61
-418
257
-20
23
405
-509
227
117
-272
474
-380
197
-206
-175
352
-455
354
-314
123
65
-474
780
-547
501
-251
-409
940
-639
364
-153
-327
612
-356
131
-177
-128
292
-343
471
-322
139
271
-434
364
-283
-43
235
-333
187
-197
49
177
-273
189
-87
255
-111
-22
107
-163
105
2
-88
97
-190
-166
352
19
51
2
-106
97
104
-94
-127
-139
86
-67
-61
166
-110
78
-8
145
-76
-71
290
-337
213
107
-484
392
-273
-16
306
-302
118
45
-23
271
-333
-61
309
-97
100
-256
241
-345
143
155
-325
279
-252
183
22
-11
178
-395
298
83
-150
192
-296
123
-219
412
-197
-283
132
55
246
-224
334
-424
98
437
-531
293
-38
-352
300
-236
310
-181
-244
349
-196
171
216
-591
204
325
-214
91
-196
181
-74
-77
35
-95
170
-233
-28
371
95
-151
-325
420
97
-213
1
-232
490
-2
-510
284
154
-163
8
-210
283
124
-643
272
-24
35
308
-681
579
150
-350
336
-418
337
-79
-232
1
-94
427
-507
174
-37
-146
671
-670
206
288
-226
442
-557
292
182
-439
271
-147
0
248
-487
122
249
-132
-57
50
16
-56
33
-144
105
194
-315
171
212
-90
-19
-239
87
61
-237
112
28
116
-10
-137
350
-66
-245
37
285
-335
119
-45
-126
223
-107
-133
142
67
7
-388
457
-62
-396
557
-400
139
117
20
-70
-187
474
-198
-269
96
-8
71
-320
326
-38
-17
286
-298
430
-204
-293
280
52
-353
-20
7
228
104
-428
458
-46
-136
-51
-61
246
-459
34
102
-33
154
-349
319
242
-93
82
-238
413
88
-512
309
-204
-94
43
-226
-30
319
-123
-302
406
98
-110
232
-22
-299
459
-335
-61
190
-488
394
-181
-9
179
-252
315
-139
-283
320
34
-74
-32
187
-241
-113
205
145
-86
-68
8
22
66
-18
-189
22
173
-225
-4
394
-197
2
45
-295
276
29
25
-119
23
-28
-33
288
-384
217
-199
-65
226
-15
65
-273
100
-59
543
-204
-417
302
-260
255
-292
313
-39
-520
492
-331
423
93
3
-48
-200
570
-540
-179
-57
-41
153
-159
320
-102
-9
316
-321
164
52
-45
-117
20
334
-280
-137
-272
290
223
-68
-193
54
247
79
-180
-447
186
-119
587
-125
-427
400
-271
373
-417
-27
229
-236
146
-344
578
78
-396
488
-585
612
-178
-469
263
-217
247
-103
2
101
6
230
-325
-46
302
-437
209
256
-192
-75
57
-16
126
-120
-187
52
387
206
-578
112
-83
3
142
-316
251
-4
36
-128
96
383
-526
211
97
-410
590
-503
39
161
-255
357
-658
672
-79
-531
897
-456
385
-379
-89
292
-149
191
-1039
1216
-64
-723
758
-926
670
23
-451
517
-725
836
-450
346
474
-1130
641
-724
687
-204
-554
587
-688
1258
-446
-298
677
-901
787
-4
-602
523
-699
424
-137
88
166
-352
188
-130
193
245
-369
-324
427
-60
638
-500
-122
-4
182
342
-941
-56
702
-427
204
-370
461
113
-579
854
-755
423
22
-231
278
-48
-3
-515
112
847
-613
-279
153
136
518
-138
-565
14
466
-520
125
-38
24
-153
177
288
-485
652
-248
-404
787
-447
2
-158
44
357
-273
436
-1459
401
1023
-876
903
-832
413
688
-736
398
-549
441
-209
-688
1437
-866
-235
209
-306
996
-496
-208
-119
179
495
-699
164
32
-554
877
-197
-78
136
-423
458
-220
-126
318
-116
-52
-155
58
430
-285
-87
81
280
-582
82
760
-567
-213
-176
-11
708
-283
-70
-135
247
662
-728
2
127
-30
184
-189
-726
487
802
-1107
-267
1007
-446
67
112
277
-137
-278
247
-417
276
-57
-29
177
-417
272
445
-31
-533
202
623
-841
585
-211
-195
338
-638
117
-82
-165
399
-79
354
-236
-207
465
-552
940
-489
-604
569
-232
534
-195
-771
457
28
234
-184
-138
191
-54
696
-787
338
-168
-569
674
-492
334
332
-1010
1237
-666
134
369
-997
1199
-1539
1032
280
-813
974
-595
417
-352
29
409
-889
739
-523
357
-386
-249
1020
-1129
644
-168
131
222
-378
406
225
-653
133
77
-220
176
-30
637
-803
-280
872
-87
-112
-502
-141
1104
-666
279
-295
-39
493
-1162
1095
-662
-332
1176
-1296
761
687
-363
7
-761
475
95
175
-343
-452
901
-320
-816
815
345
-281
-553
443
749
-613
-284
-528
631
412
-1038
494
561
-243
-165
-187
335
195
-163
-984
521
1059
-990
31
52
13
506
-800
275
425
-288
-169
-96
406
119
-214
-433
523
419
-638
236
-880
649
621
-733
96
269
-356
-195
427
-233
272
22
36
-24
5
26
-47
245
-1039
-71
1695
-1304
-141
964
-688
825
-906
404
-68
-562
568
-140
361
-614
278
874
-1314
925
-160
-884
747
-305
414
23
-770
90
898
60
-986
461
77
-373
832
-837
563
82
-727
498
-864
706
618
-620
4
-550
1351
-551
-960
1275
-751
-37
-41
356
757
-632
-80
-748
928
-358
-244
478
-876
866
117
55
-48
-912
947
-53
-144
-189
-20
743
-808
363
-522
38
134
-278
911
-672
285
214
-618
492
-414
-2
512
-355
338
-270
262
-165
-819
712
571
-265
-564
-202
989
302
-713
-482
32
669
-1433
919
778
-972
324
-103
510
256
-270
-377
-26
1041
-1264
300
78
-301
749
-1655
997
167
-129
541
-1119
960
-324
249
124
-867
832
-626
537
-114
-427
903
-694
-96
-30
754
93
-1243
133
520
622
-636
-98
29
219
339
-436
353
-681
-36
217
77
329
-889
368
39
-40
55
180
-24
172
420
-421
-99
535
-637
-282
295
25
217
-214
-374
326
77
-52
-347
67
628
-1092
1130
-23
-449
1087
-816
-18
-560
379
-105
-372
995
-1434
377
1019
-196
923
-1475
-94
636
250
-91
-908
477
-7
-216
-256
115
729
-677
438
165
-254
641
-53
-529
-57
-182
335
191
-664
52
-589
611
590
-687
501
-291
-218
585
-235
116
-231
873
-808
-160
1015
-599
30
-1083
280
906
-150
12
-903
979
455
-1124
311
104
159
-373
167
-217
527
109
-1068
471
101
26
242
-478
-25
846
71
-664
569
18
-696
-90
1
-96
421
161
-938
317
1124
-639
-430
772
-534
428
263
-702
354
-297
-266
-370
915
269
-1017
745
-413
-64
680
-925
810
-254
-319
1108
-610
-166
-307
667
57
-963
574
-650
195
774
-1119
624
408
-436
219
-232
402
-181
600
-918
109
1135
-1554
165
1000
-680
288
-779
31
955
-612
-77
-392
783
-245
-411
373
-217
601
749
-346
-714
240
947
-991
-566
241
-889
992
-320
-335
1100
-235
-178
152
-8
363
-170
-267
-210
64
1078
-226
-1200
287
589
-850
151
483
-491
3
175
239
239
-263
-438
86
558
-112
-651
157
419
-161
-230
-92
159
749
-203
-161
377
-256
-50
-235
-109
458
-630
-514
681
276
140
-75
-923
80
1386
-559
-598
166
-289
727
373
-315
-351
19
112
-109
385
-989
-702
1930
268
-1253
-482
1146
899
-769
-389
-406
469
132
-583
201
24
241
369
-89
-349
380
523
-1215
-681
-20
865
858
-889
-351
-146
1089
975
-768
-1398
478
784
12
-315
-1027
201
997
-272
-501
211
640
-71
-550
262
109
187
-154
-365
-56
835
-448
-692
-299
564
290
-265
-128
437
109
-263
538
106
-266
-43
-28
-101
-260
-167
-309
-124
279
102
321
-203
466
467
-291
96
401
-332
-392
-150
-83
-732
-26
341
-16
298
-21
406
-106
11
379
-68
-509
-433
506
658
-212
-367
-614
152
1075
231
-1393
-543
1445
32
-364
-675
-74
827
9
-262
-47
223
205
24
-324
93
296
-252
-434
-140
675
-118
-719
303
-124
271
383
-121
-385
139
996
274
-177
-686
-530
186
-9
11
-192
-896
443
756
531
-9
-712
-88
555
500
-160
-360
-31
533
-26
-695
-57
624
-129
-1001
-532
799
644
7
-718
-910
160
831
-188
-1031
-425
607
986
177
578
305
695
1080
286
350
50
-165
119
20
-588
-1367
-665
-518
-805
-1181
-1326
-300
-660
-440
1
740
1294
1239
997
1476
1966
1934
1591
1054
1613
1182
418
50
-585
-966
-2102
-3059
-2782
-2966
-3302
-2549
-2074
-2012
-821
761
1532
2027
1991
2524
3468
3254
2931
2374
2043
2601
2073
369
-904
-1507
-1863
-2252
-2975
-3625
-3451
-3000
-1874
-1282
-1652
-1296
-724
275
669
418
1100
1938
2460
2790
2895
2703
2645
2567
3251
3155
1303
-84
-901
-1434
-1750
-2806
-4474
-4731
-3635
-2753
-1766
-1537
-2004
-973
468
873
1123
349
386
2018
2940
3310
3006
2369
2376
3153
4348
3307
650
-594
-1480
-2115
-2096
-3092
-4378
-4385
-4026
-2624
-401
-282
-916
-715
-100
1269
1944
1219
21
-2
1500
2685
3127
2692
1645
2513
4345
3854
1925
693
-1054
-2543
-2442
-3092
-4418
-5109
-5278
-4064
-1739
-590
-558
-344
140
919
1906
2193
1120
559
1264
1670
2713
3473
2613
2418
3485
3518
2178
1184
-326
-2218
-2897
-3760
-4556
-4531
-4439
-3942
-2689
-1247
-70
916
1150
907
1201
1814
1826
1276
851
723
1462
2689
2770
2482
3064
3181
2121
1350
201
-1747
-2857
-3509
-4128
-4317
-4278
-3802
-2772
-1404
-134
984
1611
1478
1192
1348
1325
856
757
305
217
1464
1871
1832
2791
3499
2806
1718
823
-755
-1993
-2701
-3677
-4017
-3834
-3411
-2737
-1917
-519
717
1125
1047
368
162
600
370
603
966
826
1649
2497
2518
2984
3963
3626
2249
1497
-25
-1815
-2730
-3903
-4616
-4442
-4063
-3390
-2256
-1200
-258
982
1400
1013
729
662
484
446
764
586
1263
2278
2205
2595
3325
3528
2685
1872
943
-857
-1881
-2999
-4149
-4395
-4214
-3721
-3025
-2057
-1210
-191
716
1195
1300
1220
966
497
879
772
850
1806
1762
2000
2622
3207
3075
2184
1628
227
-1183
-2396
-3733
-4603
-4984
-4438
-3800
-2802
-1670
-835
318
1258
1701
1919
1925
1415
1198
969
661
1330
1546
1534
2128
2836
3646
3146
2459
1600
15
-1218
-2784
-4102
-5301
-5569
-4829
-3949
-2605
-1612
-332
706
1286
1757
1701
1372
897
807
511
557
1334
1752
2324
2870
3513
3938
3287
2574
1304
-60
-1320
-2831
-3939
-4998
-5185
-4732
-3721
-2301
-1346
-91
858
1310
1563
1530
1123
446
173
-138
-36
637
1139
1879
2696
3728
4266
3751
2885
1432
-87
-1498
-2860
-4165
-5094
-5272
-5012
-3820
-2540
-1473
-172
720
1370
1710
1845
1502
1016
721
149
149
743
1214
1695
2285
3248
4056
3871
3276
2235
857
-608
-2190
-3697
-4986
-5618
-5625
-4611
-3110
-1940
-587
476
1257
1738
2016
1706
1141
789
19
-188
283
931
1424
1883
2563
3287
3496
3167
2228
984
-353
-1820
-3091
-4360
-5108
-5175
-4589
-3155
-1752
-448
738
1453
1956
2229
2179
1661
1125
403
-202
-392
103
758
1457
2361
3237
3861
3442
2620
1455
59
-1444
-2889
-4139
-5131
-5395
-5251
-4282
-2730
-1439
20
1258
2101
2520
2525
2156
1516
798
-111
-697
-773
-305
381
1406
2488
3555
4148
3941
3353
2213
618
-1144
-2706
-4258
-5233
-5603
-5403
-4111
-2793
-1557
-211
844
1713
2183
2273
1852
1485
846
-124
-694
-919
-512
340
1404
2426
3642
4268
4077
3542
2379
830
-779
-2349
-3862
-4835
-5270
-5111
-4015
-2690
-1589
-471
479
1231
1762
1854
1547
1277
779
28
-418
-535
-145
773
1676
2402
3378
3849
3611
3095
2056
573
-883
-2316
-3725
-4583
-5038
-5114
-4234
-3035
-1987
-838
35
869
1743
2232
2223
2147
1730
818
107
-494
-552
135
973
1770
2867
3544
3524
3232
2335
1070
-263
-1576
-2841
-3635
-4168
-4571
-4095
-3136
-2205
-1036
-98
739
1687
2390
2539
2263
1851
810
-335
-1247
-1659
-1205
-74
946
2115
3354
4135
4168
3541
2211
604
-772
-2234
-3626
-4628
-5216
-5405
-4550
-3365
-2220
-787
325
1585
2721
3460
3338
2871
2102
767
-354
-1291
-1827
-1390
-679
-37
982
2044
2967
3318
3045
1952
729
-628
-2301
-3834
-4929
-5713
-5817
-4922
-3726
-1973
-185
1216
2642
3774
4236
3782
2943
1766
512
-617
-1596
-1818
-1126
-183
887
2026
3111
3853
3954
3518
2396
1038
-464
-1924
-3258
-4367
-5270
-5482
-4846
-3947
-2599
-1083
338
1733
2889
3593
3611
3020
1980
767
-543
-1857
-2494
-2013
-863
478
1858
3128
4111
4506
4231
3290
2114
589
-977
-2368
-3580
-4592
-5096
-4912
-4322
-3322
-2100
-817
522
1800
2820
3395
3181
2493
1450
156
-1287
-2444
-2826
-2242
-1009
487
1994
3419
4322
4470
3967
2908
1526
-81
-1551
-2907
-4017
-4772
-4967
-4474
-3600
-2581
-1242
193
1498
2532
3383
3642
3267
2393
1202
-54
-1345
-2258
-2370
-1427
-40
1341
2583
3740
4211
3986
3177
2001
552
-902
-2079
-3097
-3822
-4191
-4146
-3617
-2854
-2101
-1059
2
972
1781
2551
2830
2623
1982
1018
-22
-1075
-1955
-2284
-1693
-473
919
2261
3554
4250
4486
3924
2733
1321
-148
-1603
-2902
-3847
-4369
-4521
-4229
-3601
-2830
-1760
-664
489
1469
2362
2930
3153
2888
2036
916
-329
-1552
-2487
-2798
-2188
-905
494
2003
3255
4140
4328
3871
2913
1531
-17
-1615
-3116
-4248
-4769
-4816
-4209
-3364
-2332
-1177
-16
1030
1828
2541
3030
3199
2913
2210
1014
-255
-1532
-2600
-2995
-2599
-1504
-166
1306
2569
3783
4366
4266
3556
2282
719
-976
-2597
-3927
-4628
-4916
-4576
-3841
-2916
-1737
-484
791
1962
2852
3422
3689
3575
2925
1843
476
-947
-2126
-2962
-3188
-2550
-1365
44
1468
2812
3923
4416
4329
3587
2261
678
-1055
-2759
-4085
-4946
-5253
-4950
-4179
-3195
-1976
-737
538
1724
2577
3151
3432
3425
2901
1974
766
-523
-1748
-2622
-2988
-2672
-1654
-354
945
2264
3443
4145
4308
3884
2846
1505
-93
-1737
-3107
-4129
-4633
-4635
-4171
-3415
-2388
-1229
-139
891
1813
2490
2852
3043
2946
2473
1652
432
-868
-2017
-2826
-3122
-2781
-1766
-410
959
2280
3359
4195
4401
4054
3171
1931
402
-1198
-2682
-3904
-4584
-4911
-4603
-3866
-3038
-2038
-966
43
1142
2156
2791
3142
3255
2994
2272
1193
-143
-1416
-2307
-2807
-2777
-2121
-927
343
1645
2658
3530
4094
4027
3516
2431
981
-616
-2104
-3444
-4252
-4650
-4481
-3689
-2797
-1884
-927
-151
583
1400
2125
2472
2667
2726
2292
1570
580
-595
-1528
-2085
-2395
-2305
-1754
-684
524
1735
2729
3662
4298
4229
3722
2616
1022
-658
-2176
-3560
-4423
-4838
-4875
-4228
-3387
-2597
-1567
-538
474
1468
2304
2858
3056
3003
2625
2067
1361
394
-604
-1347
-1975
-2275
-2350
-1978
-1070
171
1216
1982
2745
3268
3377
3173
2312
1209
39
-1156
-2310
-3347
-3972
-4180
-3845
-3111
-2375
-1615
-760
63
892
1744
2447
2859
3055
2955
2662
2167
1364
370
-528
-1430
-2068
-2476
-2520
-2063
-1005
150
1131
1941
2630
3286
3394
3042
2413
1392
47
-1212
-2583
-3679
-4310
-4601
-4216
-3492
-2855
-1916
-890
107
1173
2271
3104
3531
3690
3307
2772
2104
1233
192
-747
-1754
-2524
-2893
-2974
-2595
-1572
-245
1115
2144
2803
3533
3903
3634
3068
2115
740
-740
-2139
-3504
-4381
-4635
-4574
-3912
-2927
-2031
-971
133
1204
2104
3002
3436
3507
3306
2661
1936
1315
546
-413
-1209
-2114
-2846
-3201
-3140
-2754
-1733
-563
873
2137
2845
3225
3833
4078
3684
3143
1868
245
-1355
-2739
-3960
-4578
-4749
-4688
-3955
-2963
-2091
-964
305
1432
2480
3420
3741
3730
3524
2860
2102
1446
737
-43
-852
-1776
-2689
-3239
-3255
-3027
-2261
-1273
-303
783
1860
2462
2882
3391
3775
3399
2591
1540
104
-1151
-2113
-3113
-3962
-4216
-4367
-3872
-2643
-1689
-783
178
1135
1849
2726
3266
3113
2890
2402
1772
1270
871
366
-56
-862
-1688
-2348
-2535
-2394
-1946
-1518
-1228
-694
-35
1066
1843
2259
2620
3277
3461
2763
1915
966
-188
-1231
-2134
-3205
-3977
-4334
-4204
-3334
-2371
-1650
-664
290
1255
2369
3355
3417
3259
3132
2560
2175
1818
925
-79
-497
-1161
-2014
-2366
-2663
-2755
-2341
-2081
-1740
-949
-89
906
2129
2526
2643
3026
3785
3585
2395
1576
236
-915
-1677
-2847
-4170
-4716
-4609
-4160
-2856
-2103
-1493
-283
1054
2278
3112
3614
3250
3231
3297
2736
2299
1502
258
-508
-784
-1171
-2176
-2681
-2813
-2847
-2316
-2009
-1705
-1308
-391
466
1404
2374
2597
2866
3264
4016
3536
2190
1422
438
-558
-1520
-2808
-3959
-4371
-4109
-3914
-3091
-2532
-2253
-876
408
1316
1921
2478
2593
2860
3352
2937
2365
2107
1475
801
418
-168
-946
-1334
-1906
-2183
-2019
-2282
-2237
-2000
-1556
-876
-412
167
1237
1798
2067
2401
2503
3218
2757
1658
1105
389
-426
-1411
-2561
-3388
-3628
-3606
-3308
-2710
-2482
-1543
-389
339
1055
1626
2031
2235
2714
2806
2450
2291
2061
1593
1253
786
170
-495
-614
-988
-1521
-1743
-1980
-2123
-2147
-2020
-1960
-1681
-1002
-422
84
781
1442
1868
2305
2695
2874
2531
2052
1746
1323
448
-456
-1325
-1983
-2350
-2583
-2711
-2404
-2139
-1657
-1002
-470
14
424
735
856
1176
1407
1395
1472
1514
1388
1280
1050
784
469
277
-34
-171
-363
-704
-989
-1121
-1230
-1394
-1556
-1620
-1383
-1002
-743
-360
99
482
918
1229
1321
1473
1845
1951
1798
1764
1507
1023
592
-76
-926
-1490
-1818
-2126
-2123
-2002
-1963
-1636
-1171
-878
-613
-273
45
453
853
1103
1292
1419
1441
1382
1289
1024
847
707
535
366
177
-38
-224
-387
-635
-847
-948
-1100
-1149
-1112
-1053
-928
-722
-485
-193
107
385
698
932
1099
1264
1386
1413
1339
1169
912
596
186
-302
-765
-1130
-1455
-1648
-1682
-1659
-1567
-1353
-1080
-804
-514
-238
3
285
574
796
971
1096
1163
1182
1166
1059
914
805
705
550
385
207
41
-116
-280
-505
-706
-840
-937
-1005
-993
-936
-837
-665
-459
-295
-129
69
289
498
660
804
944
1025
1049
973
793
550
257
-70
-416
-730
-963
-1128
-1178
-1156
-1120
-1001
-809
-598
-377
-167
47
262
449
608
726
802
812
776
718
619
485
363
261
174
84
22
45
84
66
99
240
374
442
478
446
353
205
-62
-397
-659
-872
-1039
-1048
-961
-893
-768
-568
-408
-282
-142
-67
-12
109
231
309
383
427
461
523
551
515
500
527
517
474
442
384
286
197
116
9
-101
-176
-230
-292
-368
-454
-508
-504
-498
-487
-408
-283
-160
-16
121
201
259
314
335
341
330
278
227
186
110
20
-53
-120
-156
-150
-127
-76
2
59
93
122
134
115
85
40
-12
-44
-58
-64
-68
-72
-81
-76
-58
-45
-39
-36
-43
-52
-65
-98
-138
-173
-198
-203
-179
-128
-66
2
74
152
241
338
419
462
520
613
675
684
647
527
344
147
-110
-413
-653
-828
-959
-986
-929
-863
-769
-620
-482
-341
-160
-2
95
201
316
369
392
432
451
443
465
483
456
435
421
377
328
308
253
190
205
246
242
228
205
95
-69
-257
-499
-724
-841
-888
-882
-785
-660
-549
-405
-248
-126
-10
115
199
278
380
466
528
573
588
592
610
601
550
499
450
382
312
240
150
48
-47
-139
-223
-283
-343
-408
-452
-476
-490
-474
-435
-386
-322
-253
-191
-125
-60
-18
11
45
74
96
117
118
109
117
118
108
106
96
82
82
87
82
80
93
99
101
98
77
50
32
12
-8
-18
-30
-43
-41
-36
-45
-56
-58
-67
-79
-79
-81
-71
-48
-29
-25
-29
-24
-16
-11
-8
-6
-6
-4
4
12
20
39
69
96
111
113
99
80
66
46
25
15
6
-9
-33
-64
-91
-106
-108
-107
-106
-99
-89
-73
-52
-29
-10
8
26
44
52
51
47
44
48
57
58
61
64
59
48
35
20
6
-3
-6
-1
3
4
2
-2
-11
-21
-32
-34
-36
-41
-41
-39
-36
-35
-33
-26
-17
-6
2
7
10
10
8
6
5
7
10
15
20
22
20
17
15
13
12
7
8
13
13
10
5
-3
-13
-20
-23
-20
-14
-6
-1
6
9
5
3
-2
-3
-4
-3
1
4
4
3
4
2
1
3
5
11
13
12
7
1
-9
-19
-25
-24
-23
-18
-11
-9
-10
-9
-10
-6
0
5
12
18
25
28
27
30
30
32
29
24
18
10
-1
-11
-19
-26
-29
-31
-28
-26
-27
-25
-22
-18
-16
-11
-6
-1
2
3
8
13
15
16
19
20
20
17
13
14
12
6
2
1
-2
-4
-5
-10
-10
-8
-5
-4
-3
-3
-3
-6
-7
-5
-3
-3
2
4
0
0
-1
-4
-1
0
2
1
4
4
0
-1
-1
-1
2
5
3
0
0
-1
-5
-2
0
0
0
1
0
-1
0
0
0
0
-1
1
1
0
-5
-5
-3
-3
-2
-1
1
1
2
2
0
2
6
8
7
3
0
0
-2
-3
-3
-1
0
-1
-4
-6
-6
-3
-2
0
1
3
6
4
1
1
2
3
4
2
2
1
0
-1
-5
-5
-4
-4
-3
-3
-3
0
-2
-4
-2
-3
-4
-5
-4
-1
-2
-2
0
2
7
7
6
6
9
9
9
8
7
7
6
4
3
0
-1
-3
-4
-4
-7
-8
-8
-7
-11
-15
-14
-14
-13
-8
-7
-5
-1
0
2
4
6
7
9
12
13
14
12
12
13
10
10
10
7
4
2
0
0
-3
-7
-8
-9
-9
-10
-9
-8
-7
-6
-6
-2
-4
-5
-2
-1
0
1
-1
1
3
0
2
4
4
3
4
3
4
2
0
0
0
-1
0
-1
0
-1
-1
0
2
2
0
0
1
0
0
0
-3
0
0
-1
-1
0
0
-2
-3
-1
0
-1
-1
0
0
3
1
3
0
1
3
3
3
5
3
1
0
-2
-2
-1
-2
-1
-1
-1
0
0
0
-2
-2
-2
-1
-1
0
0
1
1
0
0
0
0
0
0
1
0
0
0
-1
0
0
0
0
0
0
0
0
0
0
1
0
2
1
1
1
0
0
1
0
0
1
-1
0
-1
0
0
0
-2
-2
0
-1
-3
-1
1
0
0
0
0
1
-1
0
1
-2
0
0
-1
0
0
0
1
1
2
3
0
-1
1
0
-1
-1
0
0
1
0
0
0
-1
-2
-1
2
2
0
-1
0
1
0
-1
0
-2
0
3
0
0
1
2
1
-1
0
1
3
-1
0
1
0
1
-1
0
2
-2
-2
0
-1
-2
-2
0
0
-1
0
0
-1
0
0
-2
0
0
1
2
-2
0
2
3
2
-2
4
1
-1
0
0
0
0
3
-1
-1
5
4
0
-3
-5
0
2
-1
-5
-1
5
10
0
-1
1
-5
1
0
-7
-5
4
6
-1
-1
2
-1
2
2
-9
-9
3
7
-6
-3
11
2
-1
8
-11
-4
14
0
-2
-4
1
18
-2
-4
2
-3
14
-10
-9
5
-3
10
-2
-12
0
4
14
-17
-15
16
1
-3
0
-1
-10
12
11
-19
-15
8
20
-10
-30
19
10
-14
4
-4
-11
-17
46
4
-61
15
35
-5
-20
14
-4
3
2
4
27
-30
-23
38
34
-40
-28
59
-14
-36
36
14
-45
13
18
-28
10
6
-5
-7
-7
22
6
-8
-27
6
79
-68
-17
21
44
-36
-22
38
-26
35
-6
-15
-32
52
6
-57
51
29
-60
-4
66
-36
-40
28
-31
0
9
20
-17
18
-23
9
50
-47
11
6
-20
16
-15
-24
17
-7
-31
24
22
4
-34
3
-20
-31
97
58
-89
-36
86
-102
46
56
-24
-3
-37
113
34
4
-40
6
28
-31
49
36
-42
52
538
-55
-1173
-894
264
701
-173
-46
642
520
291
184
216
-11
-451
-609
-90
129
-176
-163
-228
-354
78
283
-115
-243
248
321
34
112
60
-40
202
212
239
-22
-262
-167
-18
-68
-77
6
-41
201
-138
-133
101
-184
34
-75
-136
40
9
9
61
109
53
184
68
32
32
-89
144
-118
-196
8
-111
-149
26
7
50
33
-23
118
5
31
12
-21
23
33
155
-80
-58
103
-8
-49
58
31
-71
-79
-9
-56
-38
2
-88
102
-110
-91
86
9
-12
-42
14
237
53
-62
76
-17
3
16
-155
0
88
-55
-40
-124
-37
104
73
-53
-148
139
142
-101
6
2
13
82
-31
-67
31
128
-83
-26
-25
89
52
-61
25
-220
81
122
-195
-70
97
78
13
-76
-46
153
11
-79
101
-3
-29
1
-29
21
9
-20
-5
27
-4
-19
-9
38
-66
-51
-42
18
84
-20
-50
-118
62
72
26
81
-26
-1
11
61
-15
-25
95
-75
43
-29
-49
0
-76
-41
34
62
-15
-18
-58
-6
-37
75
112
-36
25
45
5
-90
-14
-24
-51
152
-164
68
6
-106
159
-54
54
0
28
-61
-158
166
-32
-74
58
-92
155
-120
1
150
-1
1
-86
242
-41
-190
-109
24
268
-273
-51
266
-80
0
-58
-87
-136
285
-12
-235
295
-31
-93
96
-56
-51
155
7
-96
70
12
-59
7
-69
14
147
-65
-85
79
-60
-108
37
76
22
-139
75
57
-95
100
-7
-121
-59
-6
215
-9
109
-230
-67
325
-208
212
-73
-320
169
-84
187
130
-232
-20
105
31
91
-108
-112
249
-406
159
224
-128
49
-194
59
115
56
-195
20
-90
13
172
-173
74
-73
100
37
-221
203
151
-104
-156
62
140
51
55
-187
-95
27
-13
170
-10
-98
-70
10
109
-10
17
13
-119
-26
203
-34
-289
166
-137
-45
301
-159
-59
-46
169
170
-72
107
-69
-119
102
-81
36
-18
-142
64
48
102
32
-251
89
119
-204
146
70
-172
-125
244
73
-136
-85
-129
72
255
-67
-229
64
141
35
-73
52
62
-106
-55
16
-180
38
167
31
-20
-4
221
-17
-197
-129
77
109
-175
-99
144
189
134
-231
-234
242
-9
3
37
-81
65
71
4
-257
-22
63
100
181
-203
-77
291
-39
-333
83
386
-300
-36
198
-378
118
185
-88
-75
0
35
7
93
-213
82
186
-97
-23
-24
157
-69
-105
204
-239
67
300
-138
-120
-129
231
34
-343
171
313
-225
-203
-103
133
177
-172
77
-82
7
204
-63
-89
84
12
10
20
-42
-161
99
-9
27
-39
27
275
-302
-45
69
-22
173
-80
-34
-125
177
113
-253
-48
-28
111
-38
37
33
45
-2
-121
91
104
-219
-193
411
137
-231
44
-32
79
-100
-137
-13
172
148
-215
-29
139
102
-154
-89
-102
36
204
-139
-40
138
-24
-46
-42
-90
281
42
-25
-147
-290
360
77
-123
32
-126
172
40
-32
68
-258
-11
187
-131
40
129
-200
171
-196
-36
341
-224
14
-66
-21
220
-117
-129
110
142
44
-3
-171
-247
351
24
-290
210
-139
-38
165
48
-59
-12
-102
54
202
-241
81
30
-202
17
146
57
10
-105
-118
267
-230
135
315
-323
0
135
88
-45
-211
-71
-23
13
173
-153
43
101
-156
105
41
-65
-27
106
-51
-49
-48
44
-24
-23
13
-75
200
10
-77
117
-54
150
14
-228
6
98
-3
-52
-126
-65
196
36
124
-6
-39
27
-15
236
-46
-225
-136
-25
-196
-123
25
-40
-128
-310
-45
163
-35
-14
83
192
243
321
314
140
240
122
411
384
-69
-163
-261
-223
-544
-409
-501
-684
-449
-473
-207
-154
-131
129
1
430
931
401
1016
1177
555
882
545
243
92
-257
-535
-797
-929
-1279
-1306
-1089
-1230
-760
-888
-707
-85
111
234
424
949
1247
1296
1619
1396
1185
1409
991
721
422
246
-366
-962
-651
-1044
-1298
-1231
-1312
-1242
-1002
-643
-789
-856
-597
-499
-27
-422
-303
570
587
534
1165
1367
1595
2275
1949
1500
1366
1228
966
135
-1018
-1563
-1507
-1605
-1963
-2184
-1780
-1283
-886
-337
-330
-180
264
268
256
287
-178
-21
418
-89
-135
171
236
605
932
906
1511
2230
2154
1815
1467
1340
1196
406
-389
-1083
-1497
-1603
-1902
-1780
-1581
-1704
-902
-202
-525
-242
208
162
418
157
-96
366
56
-519
-434
5
266
312
452
856
1452
2256
2297
1531
1469
1677
1288
1004
-563
-1778
-803
-1030
-1920
-1940
-1862
-1493
-777
-581
-901
-571
132
64
137
-179
-158
210
-110
-530
-522
105
631
454
519
1041
2299
2857
2026
1753
2056
1909
1391
361
-1044
-1286
-1088
-1888
-2125
-2230
-2482
-1360
-754
-1102
-694
-107
228
320
119
-79
18
127
-372
-684
-174
250
394
612
863
1609
2866
2610
1713
1718
1764
1839
1116
-895
-1648
-1009
-1523
-2193
-2083
-2497
-1972
-973
-872
-830
-571
-151
417
203
-372
-471
-123
-86
-821
-913
-233
610
734
702
953
2451
3518
2580
1670
1534
1824
1599
-24
-1602
-1823
-1689
-2029
-2202
-2403
-2386
-1277
-366
-283
-184
331
882
792
504
313
-28
-65
-491
-1008
-932
-362
337
415
407
1450
3288
3297
2148
1840
2170
2109
1055
-699
-1724
-1791
-1977
-2403
-2411
-2738
-2080
-896
-676
-381
52
669
846
492
479
38
-436
-478
-1178
-1428
-686
-492
-38
419
608
2743
4195
2907
2206
2687
2686
2333
718
-1654
-2135
-1816
-2504
-2804
-2923
-3035
-1790
-701
-628
-443
82
414
614
632
239
-525
-764
-838
-1002
-681
-573
-312
474
1081
1965
3693
3715
2412
2237
2665
2353
1212
-906
-2102
-1846
-2124
-2638
-2626
-2776
-2099
-749
-356
-247
134
286
683
1434
1286
-31
-883
-478
-409
-1050
-1417
-1138
-105
863
1074
2335
3852
3323
2646
2761
2135
1464
499
-1460
-2298
-2380
-3059
-3232
-3078
-3121
-2151
-946
-371
193
657
1114
1810
2227
1670
376
-404
-642
-1139
-1428
-1465
-1294
-252
975
1572
3181
4143
3284
2886
2576
1684
1184
-303
-2306
-2787
-2839
-3324
-3085
-3099
-3029
-1583
-430
271
885
1039
1299
1773
1838
706
-545
-1004
-1436
-1709
-1547
-1453
-750
729
1372
2534
4540
4107
3310
3463
2646
1832
905
-1499
-2840
-2804
-3526
-3774
-3351
-3587
-2765
-1125
-251
379
1121
1562
1782
2339
2196
654
-424
-706
-1387
-1601
-1539
-1517
-321
1076
1404
3205
4899
4066
3399
3028
1962
1296
-130
-2358
-3087
-3203
-3918
-3688
-3332
-3234
-2010
-652
170
979
1523
1531
1805
2279
1634
184
-748
-1293
-1632
-1535
-1666
-1397
-7
1186
2040
3957
4934
4086
3293
2617
1935
1335
-862
-3047
-3393
-3490
-3741
-3428
-3353
-3165
-1810
-480
335
971
1377
1747
2100
2448
1876
312
-792
-1287
-1629
-1912
-2226
-1486
69
905
1850
4182
5075
4348
3816
3062
2275
1443
-503
-2667
-3556
-3775
-3728
-3536
-3867
-3365
-1634
-415
470
1275
1593
1592
2057
2402
1449
-85
-1338
-1998
-2152
-2054
-2295
-1668
102
1223
2005
4192
5123
4145
3430
2776
1557
793
-581
-2708
-3724
-3625
-3380
-2990
-2992
-2924
-1649
-363
335
699
875
1088
1576
1908
942
-573
-1308
-1457
-1739
-1736
-1474
-624
734
1691
2326
4156
5208
4238
3026
2303
1491
620
-955
-2939
-3555
-3339
-3493
-3181
-2802
-2667
-1688
-442
244
580
1111
1483
1543
2073
1514
134
-539
-1127
-1517
-1390
-1403
-983
-53
1123
2019
3393
4482
3973
3176
2330
1347
743
-586
-2517
-3488
-3542
-3549
-3302
-2841
-2609
-1712
-410
390
1130
1679
1973
1929
2100
1817
518
-671
-1364
-1925
-1855
-1761
-1517
-516
1056
2062
3133
4739
5098
4194
3247
2144
1128
-63
-1867
-3504
-4259
-4369
-4346
-3648
-2889
-2469
-1309
-135
731
1281
1804
1854
1675
1696
1049
-351
-1357
-2092
-2371
-2197
-1929
-1342
-42
1556
2449
3724
5083
4872
3921
2807
1615
600
-512
-2325
-3696
-3923
-3970
-3854
-3177
-2733
-2045
-861
165
977
1609
1880
1894
2115
2050
970
-508
-1500
-1842
-1854
-1777
-1535
-692
765
1755
2431
3760
4840
4247
2911
1816
1105
330
-785
-2633
-3938
-3972
-3911
-3819
-3033
-2658
-1919
-482
612
1384
2017
2218
1915
1889
2112
1234
-579
-1720
-2188
-2080
-1952
-1910
-1602
-142
1392
2216
3316
4525
4285
3328
2558
1628
576
-405
-2015
-3541
-3819
-3778
-3970
-3332
-2759
-2277
-1139
-106
668
1621
1957
1659
1393
1777
1680
193
-1122
-1953
-2070
-1576
-1342
-1164
-343
1086
2230
3134
4312
4704
3776
2953
2193
1089
72
-1196
-2746
-3570
-3771
-3983
-3552
-2654
-2443
-1696
-750
172
1219
1619
1579
1354
1583
1919
1087
-564
-1502
-1775
-1461
-1292
-1567
-1318
330
1876
2735
3484
4386
4440
3719
2734
1542
264
-743
-2035
-3420
-3883
-4155
-4307
-3239
-2695
-2517
-1476
-371
698
1638
1979
1865
1977
2399
2258
773
-727
-1531
-1751
-1663
-1711
-1884
-957
896
2261
2829
3579
4573
4290
3251
2099
725
-502
-1280
-2487
-3753
-3997
-4023
-3615
-2161
-1840
-1633
-427
508
1593
2329
2187
1937
1777
1877
1615
81
-1598
-2346
-2282
-2010
-1888
-2210
-1298
907
2613
3284
3757
4646
4802
4002
2728
920
-642
-1307
-2765
-4465
-4980
-5226
-4487
-2714
-2399
-1914
-473
796
2167
2912
2787
2420
2233
2486
2086
300
-1335
-2280
-2427
-2118
-2414
-2569
-1516
385
2328
3243
3294
4304
5245
4240
2786
1239
-513
-1175
-2187
-3988
-4748
-4860
-4489
-3088
-2457
-2372
-1232
251
1387
2111
2477
2258
1974
2507
2578
1178
-446
-1660
-1953
-1668
-1882
-2472
-2164
-711
1206
2509
2562
3078
4467
4409
3324
1847
110
-429
-1060
-3021
-4420
-4918
-4835
-3624
-2442
-2284
-1363
278
1868
3090
3239
3009
2662
2490
2481
1455
-311
-1417
-2355
-2598
-2354
-2664
-2857
-1474
-74
1541
2815
2850
3735
5172
4480
3027
1332
-411
-1044
-1666
-3607
-4989
-5071
-4371
-2969
-1902
-1771
-1004
654
2405
3216
2960
2675
2400
2104
1857
804
-763
-1700
-2422
-2735
-2733
-2942
-2803
-1510
-23
1522
2865
3317
3878
5216
5070
3402
1633
138
-783
-1403
-3035
-4856
-5146
-4276
-3237
-2093
-1712
-1426
-2
1535
2461
2582
2332
2190
2205
2111
1487
285
-894
-1732
-2100
-2289
-2527
-2738
-1899
-488
845
2274
3038
3317
4174
5295
4502
2488
918
-124
-830
-1984
-4173
-5682
-5389
-4405
-3330
-2317
-2056
-1062
986
2573
3274
3066
2906
2947
2865
2125
1014
-258
-1300
-2081
-2681
-2989
-2935
-2718
-1691
-330
1166
2612
3436
3598
4534
5407
3998
1774
279
-794
-1601
-2799
-4808
-5769
-5085
-4115
-2858
-1701
-1442
-159
1825
2984
3443
3418
3116
2748
2436
1760
631
-527
-1649
-2597
-3054
-3140
-2904
-2751
-1913
-297
1540
2977
3660
3830
4771
5827
4692
2303
564
-598
-1432
-2674
-4868
-6227
-5748
-4706
-3364
-2074
-1588
-296
1911
3351
3851
3559
3269
2880
2513
1426
-210
-1042
-1644
-2817
-3184
-3103
-2809
-2023
-1155
-310
1482
3051
3669
3941
3625
3549
4146
2683
362
-904
-1837
-2535
-3414
-4813
-5239
-4337
-3143
-1955
-556
144
1317
2678
3228
3461
3216
2578
1710
978
201
-865
-1450
-1766
-2480
-2610
-2374
-2075
-1537
-762
-55
1236
2657
3349
3730
3376
3091
3836
3233
1120
-352
-1441
-2331
-3024
-4438
-5314
-4874
-3874
-2653
-1124
-119
801
2270
3099
3537
3612
3036
2055
1062
384
-474
-1311
-1694
-2194
-2393
-1944
-1670
-1402
-623
-34
613
1960
2687
2854
3009
2441
2002
2702
2093
292
-895
-1802
-2393
-2676
-3509
-4335
-4016
-3003
-1948
-586
406
752
1743
2709
3083
3032
2546
1316
484
316
-391
-1332
-1606
-1828
-1885
-1507
-1332
-1339
-676
85
442
1274
1945
2186
2622
2478
1666
2437
2669
1081
-234
-1267
-2099
-2468
-3077
-3882
-4003
-3302
-2365
-962
321
597
1421
2411
2930
2987
2537
1661
777
473
-66
-1028
-1573
-2029
-1667
-509
-474
-919
-479
417
1048
1535
797
300
653
997
1366
1089
-156
867
2589
1741
369
-907
-1714
-1199
-1480
-3256
-4154
-3333
-1993
-652
117
-245
337
2031
3125
2842
1858
979
598
790
578
-718
-1606
-1666
-1361
-383
-4
-641
-581
599
1209
1481
911
-134
80
566
131
2
0
-434
736
2714
2219
741
54
-9
-44
-748
-2633
-4012
-3357
-2114
-1785
-976
-695
-372
1456
2623
2338
1841
1760
1575
1212
734
-255
-1240
-1253
-1219
-985
-760
-812
-275
903
1467
1195
1157
859
589
475
-552
-1725
-1756
-1758
-1375
-386
150
333
873
2731
4397
3041
1115
223
-352
-341
-1747
-4308
-4868
-3586
-2222
-1232
-721
-793
827
2888
3623
3195
2246
1815
1628
1290
274
-1466
-2338
-1912
-1633
-1148
-889
-841
87
1570
1723
2014
1963
846
231
-17
-851
-1661
-2378
-2602
-1959
-1267
-811
-291
702
1978
2724
2734
2779
3820
3549
1470
-446
-1761
-2740
-3052
-4163
-5441
-4794
-2747
-1171
739
1707
1734
3240
4460
4296
3033
1701
549
-256
-502
-1668
-3013
-2715
-2266
-1607
-501
54
556
1656
2505
2581
2483
1570
724
291
-593
-1372
-1824
-2853
-2978
-2255
-1703
-1145
-506
-31
1014
1900
2079
2012
2098
1925
1825
1275
1900
2078
237
-1035
-1740
-2344
-2017
-2636
-3849
-3356
-1685
-336
990
1642
1053
2045
2617
2645
1689
319
-185
-795
-1041
-1260
-1839
-1684
-1035
-434
478
874
926
1370
1974
1571
1596
879
35
-363
-975
-1634
-1810
-2068
-1666
-835
-496
-7
392
949
1879
1829
1252
1389
816
-370
-979
-1445
-1733
-1739
-1678
-1416
-789
-4
783
1655
2318
2134
2283
3463
3394
1204
-691
-1706
-2426
-2649
-3594
-4905
-3825
-1798
-442
1313
2047
1654
2793
3676
3076
1817
398
-657
-1335
-1577
-2229
-2846
-2401
-1298
-128
986
1588
1511
2345
3061
2363
1982
730
-728
-1160
-1699
-2520
-2537
-2749
-1805
-321
283
702
1080
1616
2184
1975
1195
343
-157
-488
-913
-1652
-1782
-1296
-672
-682
-712
-217
377
907
921
504
573
831
783
834
809
275
1175
2359
1551
-24
-761
-1279
-1598
-1862
-2898
-3435
-2023
-555
78
1162
1256
1261
2292
2535
1696
817
203
-649
-1118
-1219
-1761
-2002
-1239
-582
349
1082
1277
1282
1860
1818
1183
485
-483
-937
-918
-1271
-1475
-1431
-1000
-153
484
598
533
748
1286
1162
555
-99
-617
-637
-560
-942
-1315
-1051
-478
243
599
539
840
1289
1390
996
295
176
-220
-1127
-1503
-1775
-1760
-1087
-694
-474
225
886
1413
1935
2162
1702
1419
1995
2344
728
-1109
-1982
-2479
-2445
-2641
-3565
-3035
-1088
512
1607
2412
1950
2128
2664
1920
742
-593
-1420
-1795
-1776
-1659
-1678
-1145
21
806
1546
1946
1723
1667
1911
928
205
-451
-1197
-1519
-1630
-1903
-1517
-1079
-491
495
1046
1266
1251
1193
1250
851
128
-634
-1078
-1109
-1079
-1183
-1033
-664
54
678
960
963
885
1022
910
304
-206
-516
-635
-637
-738
-796
-389
104
406
558
473
553
871
459
-175
-601
-913
-858
-731
-917
-942
-413
308
722
1119
1323
1294
1431
2021
2483
1049
-651
-1482
-1832
-2039
-2413
-3279
-2913
-1076
422
1181
1949
1912
1822
2146
1706
739
-455
-1014
-1570
-1624
-1389
-1419
-1209
3
833
1378
1754
1590
1254
1500
948
88
-520
-1253
-1489
-1334
-1379
-1249
-614
-31
642
1070
987
833
627
689
350
-330
-776
-916
-765
-602
-537
-357
-84
449
889
821
573
543
459
344
-15
-599
-878
-739
-476
-428
-393
-91
259
596
741
646
504
358
182
20
-222
-432
-513
-524
-437
-300
-185
26
295
344
332
318
306
140
0
-178
-406
-423
-359
-371
-161
-51
-17
224
505
549
511
430
297
92
-23
4
-230
-395
-763
-1005
-704
-374
-286
-203
140
563
886
903
773
596
611
339
731
1271
392
-736
-1158
-1112
-1130
-1233
-1709
-1746
-551
702
1054
1323
1083
675
895
936
-6
-705
-897
-1033
-879
-393
-470
-318
402
820
1036
1114
874
430
395
153
-335
-487
-746
-819
-493
-285
-181
83
203
401
571
340
-62
-221
-138
-192
-372
-501
-537
-206
161
169
114
280
419
584
492
56
-153
-34
-53
-263
-419
-465
-289
108
201
68
162
349
402
386
136
-187
-170
-102
-178
-202
-301
-270
-104
23
-6
-22
100
168
140
86
-6
-29
-18
-34
-92
-86
-67
-21
47
99
96
82
90
137
104
35
-12
-56
-12
8
-42
-67
-56
-38
-17
17
-6
-17
-1
-16
-25
8
-27
-59
0
41
45
65
47
-7
33
72
16
-34
-81
-110
-74
-26
-51
-42
25
52
49
44
44
32
10
36
15
-11
-24
-7
12
-5
-62
-66
-7
75
39
-61
-24
29
30
28
-12
-21
43
53
36
13
-67
-117
-62
37
40
38
75
136
178
173
113
134
408
-126
-1080
-946
-354
-29
50
-289
-187
608
1166
971
346
311
215
-98
89
59
-461
-442
-163
56
394
237
-280
-282
48
-246
-747
-920
-1037
-884
-271
-9
-3
85
413
751
1165
1350
998
692
1144
1608
796
-700
-1803
-1728
-1246
-1017
-1404
-1472
-366
803
1194
1306
581
-70
330
230
-80
-643
-910
-338
261
-147
-581
-284
520
1026
947
541
393
426
593
280
-158
-615
-894
-325
-210
-112
-56
-108
-70
306
413
82
-293
-326
-157
-69
-79
-225
-389
-65
303
281
136
-217
-120
225
209
-40
-202
-193
151
165
-112
-197
0
220
303
98
36
70
127
260
10
-169
-150
-193
-45
48
-140
-144
-21
13
-4
-91
-121
15
107
16
-6
69
47
5
0
-84
-163
-51
14
6
26
-23
-18
139
203
167
45
11
16
13
44
-3
-81
-56
-50
-39
45
-5
-54
-78
-76
53
84
-42
-39
-26
19
95
82
-30
-95
-17
17
19
0
-98
-35
52
72
37
0
-18
-9
24
-4
1
-17
-57
31
81
22
-29
-118
-47
-20
16
-23
-56
-22
28
9
26
-16
-28
9
88
107
37
-45
-34
13
30
14
-62
-20
1
16
-15
-25
13
-6
-12
43
55
32
39
9
19
-18
-30
-69
-53
-88
-68
20
59
43
45
11
29
47
16
40
-19
-50
-83
2
17
61
-28
-62
4
73
98
-11
-42
8
14
37
-65
-68
4
-65
-20
-7
97
110
27
-22
184
367
-190
-716
-611
-170
161
-34
-113
136
213
277
270
137
68
113
142
132
284
92
68
53
-204
29
60
-117
-29
-88
-99
-28
-317
-390
-479
-344
-140
-150
-234
-66
-13
-43
94
24
96
274
148
129
265
306
545
422
326
436
360
266
192
-84
-129
-85
-221
-197
-370
-483
-397
-490
-556
-450
-426
-343
-319
-237
-77
36
165
222
297
401
513
455
429
489
580
662
489
337
198
27
-128
-127
-196
-385
-461
-454
-480
-471
-400
-427
-468
-529
-566
-250
-33
-89
52
201
311
496
424
369
449
497
654
612
548
534
322
198
102
-97
-219
-273
-437
-458
-452
-574
-598
-674
-800
-697
-549
-400
-235
-136
92
243
382
432
361
435
497
556
516
535
496
442
460
267
101
-18
-148
-242
-374
-379
-325
-447
-532
-533
-551
-490
-519
-514
-366
-204
99
249
215
332
456
461
513
552
569
648
610
471
419
436
296
130
5
-124
-139
-229
-390
-481
-517
-508
-615
-697
-610
-561
-454
-319
-304
-109
117
221
314
316
370
507
573
493
491
569
521
454
354
253
159
61
-45
-189
-226
-278
-337
-389
-520
-551
-537
-561
-544
-413
-288
-219
-99
-8
33
117
250
265
250
352
400
444
467
387
337
350
311
195
146
90
0
-49
-113
-232
-351
-377
-409
-404
-390
-430
-374
-280
-243
-217
-133
-96
-36
128
199
223
284
338
345
373
377
302
357
412
302
206
163
85
-13
-74
-157
-210
-192
-242
-319
-323
-311
-353
-343
-280
-259
-182
-112
-91
-17
45
68
82
164
255
296
302
264
273
298
223
138
143
123
68
30
-20
-58
-91
-132
-195
-217
-156
-178
-232
-198
-151
-135
-125
-123
-100
-13
59
56
20
56
146
184
163
113
128
192
171
101
42
21
51
30
-46
-82
-64
-39
-75
-135
-144
-124
-90
-66
-58
-55
-55
13
75
-6
-55
43
98
49
17
53
108
114
48
0
51
85
16
-13
12
-15
-24
3
-30
-98
-90
-20
-17
-64
-58
-27
16
26
-39
-37
25
21
0
2
8
29
47
25
1
31
48
11
-1
-3
-1
36
24
-20
-8
19
12
-16
-46
-49
-24
16
9
-31
-19
16
38
40
-15
-45
1
38
18
-31
-37
13
48
0
-61
-40
12
19
-15
-28
-5
37
56
-2
-42
-8
37
41
-17
-44
12
59
30
-51
-61
36
55
-22
-55
-16
57
51
-29
-44
9
57
20
-50
-33
16
29
-15
-50
-4
18
-1
5
-11
-12
14
-4
-9
2
-4
-10
11
33
-9
-19
26
11
1
11
-1
18
35
-8
-31
1
12
-17
-34
-20
0
18
-11
-55
6
56
1
-29
-2
24
34
11
-24
-18
33
26
-24
-32
-12
17
25
-10
-34
2
43
12
-37
-31
19
34
-13
-39
-15
16
14
-10
-22
3
44
26
-19
-11
19
29
6
-16
-8
24
24
-11
-14
8
13
15
1
-27
-11
12
-7
-30
-35
-9
5
-16
-30
-26
-4
7
-7
-17
-3
23
30
1
-12
24
38
18
8
6
22
32
14
-1
1
7
-1
-9
-10
-15
-17
-9
-9
-28
-28
-8
-7
-16
-15
-10
2
5
-12
-12
19
23
-5
-10
8
23
19
-4
-4
24
23
-11
-14
16
17
-13
-30
-6
26
11
-31
-17
30
35
1
-24
-4
36
25
-13
-15
0
5
11
1
-17
-7
9
1
-2
-7
-20
-6
7
-13
-24
-3
0
-11
-16
-12
0
9
-5
-15
12
34
14
-7
0
22
28
1
-13
2
15
2
-14
-10
-1
-3
-12
-24
-13
1
-5
-16
-2
18
15
7
15
24
25
17
-2
-21
-8
0
-23
-44
-27
2
8
-6
-14
4
32
38
8
-12
5
26
15
-16
-18
8
19
7
-14
-21
9
31
6
-23
-11
24
31
0
-25
-7
25
22
-8
-22
-3
10
0
-15
-14
-5
-6
-21
-20
-8
-4
-15
-27
-12
9
10
-1
-6
7
17
9
5
6
10
15
9
6
9
10
13
7
0
0
1
-1
-13
-18
-2
0
-11
-15
-8
8
10
-7
-11
9
19
3
-8
0
8
7
0
0
0
-3
-2
5
5
-8
-17
-4
12
6
-17
-19
2
18
8
-8
-7
6
22
14
-3
-5
13
20
2
-11
-4
9
9
-8
-13
-4
3
-6
-19
-13
2
3
-7
-13
-4
8
6
-3
-7
1
9
3
-7
-6
6
8
1
4
12
9
3
3
6
5
-1
-5
-3
-3
-8
-12
-9
-2
1
-1
1
7
7
2
-3
0
6
5
-5
-4
2
6
0
-7
-6
4
6
-4
-12
-5
0
-2
-8
-9
-3
2
0
-1
2
8
11
7
9
11
9
3
0
-3
-1
-1
-4
-5
-3
-1
-3
-3
-1
-2
0
3
2
1
0
0
0
0
0
-3
-4
-1
0
-4
-3
2
0
0
3
2
0
2
2
1
6
4
0
2
0
-1
0
-3
-7
-4
0
0
-3
-3
-1
0
1
1
1
1
3
1
1
1
1
2
4
1
0
1
0
0
-2
-3
-1
0
-2
-4
0
0
0
-2
-6
-1
2
-1
-5
-5
1
4
0
-1
2
4
3
2
1
3
6
4
0
-1
0
-1
-1
-2
0
0
-1
-1
0
1
-2
-4
-2
1
0
-4
-1
3
2
-1
-7
-1
5
1
-3
-5
6
11
2
-3
0
4
4
-1
-4
2
3
0
-4
-4
-1
0
-1
-4
-2
0
3
3
1
1
5
6
1
0
0
0
0
-1
-5
-6
-5
-4
-8
-9
-3
0
1
0
4
9
8
7
7
7
6
5
2
0
-1
-2
-5
-9
-10
-5
-2
-7
-9
-2
6
6
0
-1
6
13
6
-5
-2
7
5
-4
-10
-3
1
-4
-9
-6
1
4
0
-1
4
7
3
0
2
6
3
2
2
2
3
1
0
0
0
-1
0
0
-1
-1
-1
-2
-5
-5
-6
-4
-2
0
-1
-3
0
2
1
1
1
0
0
0
0
-1
0
2
0
-2
-3
0
4
0
-4
0
4
1
-1
-1
4
6
0
0
1
5
6
2
-1
-2
3
4
-1
-3
1
3
-1
-2
-1
0
-1
-1
-2
-4
-4
-2
0
-1
-2
0
0
0
0
0
0
1
3
5
4
0
0
1
0
0
-3
-1
1
0
0
-2
-1
-1
-1
1
0
0
1
1
-3
-2
0
-1
0
1
0
1
0
0
-1
0
1
0
0
1
1
0
0
0
0
0
0
0
0
0
0
1
-1
0
0
-1
-1
1
1
-1
-2
-1
-3
-1
0
-2
0
2
0
-2
-1
1
-1
-1
0
2
1
0
2
2
0
0
2
1
0
0
-1
0
2
0
0
0
0
-1
-1
-1
0
1
1
0
1
0
-1
-1
-1
1
0
1
1
0
-1
0
-1
-1
-2
0
0
-1
0
1
0
0
1
1
-1
-1
-1
-1
0
0
-1
-1
0
2
0
1
2
3
3
1
1
0
0
0
-1
-1
0
0
0
1
2
2
0
0
-1
0
-2
-2
0
0
0
0
0
0
-1
-1
-1
-2
-1
-1
0
1
1
2
1
0
0
1
1
0
1
0
1
1
0
1
1
-1
0
-1
0
0
0
-1
0
0
0
-2
0
0
-1
-1
-1
0
0
2
0
0
0
-1
0
1
1
0
0
0
0
1
-1
-1
0
0
0
0
0
-1
-1
0
1
1
-1
-1
0
1
1
0
0
1
0
0
1
0
0
1
0
0
0
-1
-2
-2
1
0
-2
0
0
1
0
0
0
0
0
0
-1
0
1
1
0
0
1
1
1
0
0
-1
0
1
0
0
0
0
0
1
0
-2
0
0
0
0
0
-2
-1
0
0
0
1
1
0
-1
1
0
0
1
0
0
-1
-1
0
-1
0
0
-1
0
0
0
0
0
0
0
0
-1
0
0
0
0
-1
0
0
0
2
2
1
1
0
-2
-1
-1
-1
-3
0
0
0
3
0
0
4
0
0
-1
-1
0
-2
-1
0
0
0
0
1
1
-1
-1
0
-1
0
0
-1
-1
-1
-2
0
-2
0
0
-1
2
2
0
2
0
0
1
0
1
1
1
1
1
1
0
-1
0
0
-1
-2
-1
-1
0
-1
-1
-1
-1
0
3
2
1
2
1
0
0
0
0
-1
0
0
0
0
0
0
-1
-1
0
0
0
0
1
0
0
1
0
0
0
0
2
1
0
0
1
0
-1
2
0
0
0
0
1
0
-1
0
0
0
0
-1
-1
-1
-1
0
0
1
1
0
1
1
1
0
0
1
0
0
-1
0
-1
0
0
0
0
0
-2
-2
0
-1
-2
-1
1
0
0
0
1
0
0
2
0
0
1
0
0
1
0
0
0
0
0
-1
0
-1
0
0
-2
0
0
0
0
0
0
0
0
0
0
0
0
0
0
0
0
0
1
0
0
0
0
0
1
0
0
0
-1
0
0
0
0
-1
0
0
-1
0
0
0
0
0
0
-1
1
1
0
0
0
1
0
-1
-2
-2
-2
-1
1
-1
-1
0
1
1
0
0
0
1
0
0
1
1
0
0
0
0
0
0
-1
0
0
0
0
0
-1
0
0
-1
0
0
-1
0
0
0
1
1
1
0
0
0
0
0
-2
0
0
-1
0
-1
0
0
1
1
0
0
0
1
0
-1
-1
0
0
1
-1
0
0
1
1
1
0
0
0
1
0
0
-1
-1
0
0
0
1
0
0
0
-3
-1
0
0
0
1
0
-2
-1
0
0
0
1
1
0
0
1
0
0
-1
0
1
0
0
0
1
0
-2
1
1
1
0
-1
0
0
0
0
0
0
0
0
0
0
0
-1
0
1
1
0
0
0
0
-1
0
0
0
0
0
0
0
0
0
0
0
0
0
0
0
0
0
0
0
0
0
0
0
0
0
0
0
0
0
0
0
0
1
0
0
0
0
0
-1
0
1
0
0
0
2
0
-2
-1
0
1
1
-1
0
0
0
0
0
0
0
0
0
0
0
-1
0
0
0
0
0
-1
0
0
0
0
1
0
0
1
0
1
0
-1
0
0
1
0
0
-1
0
0
0
0
-2
0
1
-2
0
0
-2
0
-1
0
0
0
0
0
0
0
0
0
0
0
0
1
0
1
1
0
1
1
0
0
0
-1
0
1
0
0
-1
-3
0
0
-1
0
0
-2
-1
0
1
2
1
0
0
0
0
0
0
0
1
0
1
0
-1
0
0
0
0
-1
0
1
0
0
0
0
1
0
0
-1
0
1
1
0
0
-1
-1
0
-1
0
0
-1
0
-1
-2
0
0
0
1
0
1
2
1
0
2
1
0
0
0
0
0
0
-1
1
0
-3
0
0
-1
0
0
-1
-1
0
-1
0
0
0
-1
0
2
1
1
1
0
1
0
1
0
-1
0
-1
-2
0
0
0
-1
-2
0
-1
1
0
0
2
1
2
0
0
1
-1
0
1
2
0
0
1
-1
0
0
-1
-1
-1
-2
-1
0
0
-2
0
1
1
1
1
1
2
4
2
0
1
0
1
