0
0
0
0
0
0
0
0
0
0
0
0
0
0
0
0
0
0
0
0
0
0
0
0
0
0
0
0
0
0
0
0
0
0
0
0
0
0
0
0
0
0
0
0
0
0
0
0
0
0
0
0
0
0
0
0
0
0
0
0
0
0
0
0
0
0
0
0
0
0
0
0
0
0
0
0
0
0
0
0
0
0
0
0
0
0
0
0
0
0
0
0
0
0
0
0
0
0
0
0
0
0
0
0
0
0
0
0
0
0
0
0
0
0
0
0
0
0
0
0
0
0
0
0
0
0
0
0
0
0
0
0
0
0
0
0
0
0
0
0
0
0
0
0
0
0
0
0
0
0
0
0
0
0
0
0
0
0
0
0
0
0
0
0
0
0
0
0
0
0
0
0
0
0
0
0
0
0
0
0
0
0
0
0
0
0
0
0
0
0
0
0
0
0
0
0
0
0
0
0
0
0
0
0
0
0
0
0
0
0
0
0
0
0
0
0
0
0
0
0
0
0
0
0
0
0
0
0
0
0
0
0
0
0
0
0
0
0
0
0
0
0
0
0
0
0
0
0
0
0
0
0
0
0
0
0
0
0
0
0
0
0
0
0
0
0
0
0
0
0
0
0
0
0
0
0
0
0
0
0
0
0
0
0
0
0
0
0
0
0
0
0
0
0
0
0
0
0
0
0
0
0
0
0
0
0
0
0
0
0
0
0
0
0
0
0
0
0
0
0
0
0
0
0
0
0
0
0
0
0
0
0
0
0
0
0
0
0
0
0
0
0
0
0
0
0
0
0
0
0
0
0
0
0
0
0
0
0
0
0
0
0
0
0
0
0
0
0
0
0
0
0
0
0
0
0
0
0
0
0
0
0
0
0
0
0
0
0
0
0
0
0
0
0
0
0
0
0
0
0
0
0
0
0
0
0
0
0
0
0
0
0
0
0
0
0
1
0
0
-1
1
0
-1
-1
2
5
1
-2
-1
2
0
-3
-3
2
3
0
-2
-1
1
0
-3
-3
0
3
2
-1
-2
0
0
0
2
2
1
-1
-2
1
4
0
-3
-5
-1
5
6
1
-6
-7
-2
3
6
2
-5
-4
-1
3
3
0
0
-2
-3
1
3
4
2
-1
-3
-3
0
2
4
1
-3
-2
-3
0
2
3
0
-4
-6
-1
5
4
-1
-3
-3
-2
0
6
3
-5
-7
-4
4
7
4
-1
-3
-1
0
7
3
-4
-6
0
5
3
-1
-3
0
-1
-1
0
0
-1
2
3
1
0
-4
0
1
0
1
-4
-3
1
1
2
2
0
0
-1
-2
4
7
0
-2
0
1
2
0
-2
-1
0
-2
0
2
1
-2
-3
2
0
-1
-4
-3
2
3
-4
-5
1
2
0
-1
1
1
-1
-1
-1
2
0
-1
-1
-3
0
2
3
0
-3
-2
2
7
6
-3
-5
1
11
8
-6
-6
3
5
3
-4
-4
-3
1
2
-5
-7
-3
0
2
1
-6
-4
1
6
5
-5
-5
2
5
1
-1
-2
-1
1
7
6
-2
-9
-6
6
10
1
-8
-7
3
8
1
-5
-1
0
2
-2
-1
2
-3
-5
-1
2
4
0
-5
-1
3
3
0
-5
-4
1
1
-1
-2
1
1
0
4
1
-1
0
0
0
0
1
1
2
0
5
3
-3
-4
0
4
1
-4
-7
-1
6
2
-5
-5
-2
5
5
0
-3
-3
-2
1
3
2
-3
-5
-1
3
5
1
-3
-3
3
2
-2
-4
-2
1
4
5
0
0
-2
-1
1
1
0
0
-6
-2
2
8
7
-3
-7
-6
-7
0
11
9
-3
-10
-1
5
3
-1
-6
2
6
-1
-5
1
8
-5
-7
10
8
-9
-13
-1
11
9
0
-3
-7
0
3
0
2
4
-5
-6
1
2
-3
1
8
1
-9
-3
4
3
0
0
0
-5
-5
5
5
1
-1
-3
-4
-6
-1
6
7
1
-3
-3
-2
0
5
4
1
0
-1
2
1
1
3
-4
-3
4
4
-4
-12
3
17
-8
-15
0
9
12
-9
-24
5
15
1
-4
-6
5
8
-11
-4
3
-3
10
11
-8
-9
-3
0
7
1
-7
4
6
-2
0
0
-3
0
1
-2
0
0
-2
-3
-1
6
6
-6
-11
-4
7
11
-3
-12
0
9
7
-3
-8
4
10
5
-1
-4
3
7
0
-3
-5
2
9
-2
-15
-9
-3
-1
-1
-4
-4
-4
-7
-2
1
-5
1
11
3
2
4
3
7
14
16
4
-2
1
8
10
0
-2
4
-12
-23
-7
-3
-10
-11
-11
-8
-12
-14
-4
7
0
-2
3
4
4
8
6
12
15
6
9
5
1
9
8
5
3
-5
-3
3
-6
-7
0
-4
-11
-9
-5
-3
-7
-8
1
4
-8
-7
8
10
0
-3
5
11
3
-9
0
9
-1
-1
7
4
-9
-8
5
7
0
-2
5
0
-9
-2
9
4
-2
2
-1
-4
-1
3
7
1
-9
-8
1
1
-5
-3
-2
-8
-4
2
1
-1
-2
0
8
7
-4
-5
1
3
4
4
6
0
-5
5
6
-5
0
6
-2
-7
-6
-2
9
5
-5
-1
1
0
0
-4
3
4
0
-4
-2
7
4
-6
-6
0
2
1
2
3
-2
-3
-4
-1
5
-3
-7
0
1
6
5
3
1
-3
0
-1
0
0
-4
-2
5
5
2
0
-2
0
0
-2
-5
-2
2
1
1
2
0
-2
-1
-1
-1
0
0
0
3
-1
1
2
0
-2
-2
0
-1
-2
2
6
-1
-6
0
8
3
-6
-7
0
0
-1
3
3
-6
-5
7
8
-1
-8
-2
6
3
-1
-4
-2
0
5
2
-2
0
0
2
4
-1
-3
2
5
1
-1
-2
0
3
0
-4
-2
-1
2
2
-1
-2
-3
-4
0
4
-2
-4
-2
-1
5
2
-1
0
-2
2
5
0
-3
-4
1
2
0
-1
0
1
0
-1
-3
0
4
2
-4
-4
5
4
2
-5
-4
5
5
5
0
-15
-6
6
3
-3
-8
-3
8
10
2
-5
-13
-2
6
2
6
-4
-7
5
4
0
0
-4
-6
4
11
8
2
-5
0
-3
-5
2
1
-5
-1
5
1
0
0
-8
-12
-1
9
7
2
3
1
-6
-1
4
-5
-12
-1
13
7
-3
1
-1
-8
0
5
-3
0
3
0
3
-1
-5
0
0
-4
4
7
-2
0
1
-3
-5
2
4
0
-4
1
8
3
-3
-8
0
-3
-11
6
17
2
-4
5
1
-9
-21
-4
19
4
-3
17
7
-25
-12
9
5
-1
0
10
3
-13
-1
10
-6
-12
6
8
-4
-4
4
3
-2
-1
-1
-3
-4
-2
4
6
7
-5
-12
5
7
-8
-6
7
10
0
0
5
-6
-8
6
0
-5
2
7
0
-5
0
-2
-10
-6
9
17
-3
-15
0
13
0
-13
3
12
-5
-10
5
11
-5
-11
7
10
-4
-9
4
4
-6
-2
7
-4
-10
2
9
-1
-15
0
10
-2
-1
5
3
-1
-2
-1
0
-3
1
8
1
-1
1
-4
-4
7
8
-2
-7
3
7
-8
-8
7
6
-5
-7
6
5
-8
-3
7
7
-1
-8
-2
3
0
2
0
-3
0
-3
-5
0
7
6
-2
-4
0
1
-2
-4
8
4
-6
-2
-3
3
1
0
7
-2
-7
7
2
-10
-4
3
9
0
-5
5
0
-7
-7
-1
12
5
1
-2
-4
2
-9
0
10
-3
4
8
-4
-4
-3
0
3
-7
-5
3
0
17
8
-25
-18
7
10
0
0
1
-1
-3
-5
3
13
9
-10
-13
9
9
1
-6
-2
16
-7
-36
6
37
1
-25
0
10
-1
0
0
-6
7
4
-16
0
21
4
-13
-14
-2
10
15
5
-15
-11
10
-1
-5
11
-3
-7
6
-12
0
18
-9
-6
14
-3
-6
6
0
-2
2
3
7
8
-9
-16
2
8
4
5
-16
-13
25
21
-17
-21
-1
13
7
-8
-2
2
-4
1
6
-12
-13
4
2
0
3
-7
-5
14
-4
-15
10
14
-12
-17
7
16
-5
-8
17
0
-16
14
19
-14
-11
13
9
-5
-2
10
2
-12
-8
10
9
-11
-9
10
-3
-9
20
0
-31
9
25
-15
-8
12
-6
0
2
-6
8
0
-21
4
17
-1
-6
-6
6
9
-10
-3
12
-10
-3
9
-10
6
20
-18
-10
26
7
-15
-10
5
17
-3
-22
0
16
2
-10
-2
10
-7
-14
15
7
-18
0
6
-1
6
-7
-12
10
6
-4
4
-7
-2
13
-6
-2
14
-6
-12
14
7
-15
-3
14
0
-17
5
13
-7
-5
6
1
-4
0
0
1
-6
0
9
-7
-5
9
4
-6
-6
2
10
-3
-6
5
2
-4
1
6
-5
-5
7
1
-7
1
3
-2
0
0
-2
9
3
-11
-1
6
3
-2
-5
6
1
-5
1
0
-3
4
0
-5
-1
2
1
0
-3
0
2
-1
-1
-2
0
2
0
1
1
-2
0
2
-4
-1
8
1
-6
-2
2
2
-1
2
3
-5
1
0
-7
5
8
-5
-6
5
0
-5
7
2
-9
6
4
-17
-2
15
0
-5
2
-5
3
8
-9
-6
11
1
-18
6
18
-11
-16
9
15
-10
-18
13
17
-11
-17
13
17
-8
-15
2
13
-4
-7
5
3
-4
-1
4
2
0
1
0
-2
-1
3
1
-7
0
11
0
-5
4
3
-2
0
0
-4
0
1
-4
-2
0
1
3
-1
-6
-5
8
3
-13
-4
10
-5
-9
10
2
-17
0
18
-5
-10
9
9
-5
1
13
-1
-5
14
6
-9
-3
7
4
-5
-4
-6
-10
2
2
-15
-14
4
5
-6
-1
4
1
2
2
2
0
8
12
2
4
14
4
0
3
-6
-3
-2
-8
-6
2
-7
-16
-7
3
-5
-20
-10
0
-1
-1
5
-1
-8
12
17
-11
-7
22
15
0
12
14
-2
12
19
-9
-14
12
16
-6
-11
1
4
-4
1
-6
-20
2
13
-9
-10
4
1
-6
-6
-3
2
5
-4
-4
8
4
-12
0
8
-12
-7
11
7
-1
-1
6
9
0
-6
-3
2
6
7
0
-6
4
9
-3
-4
-1
2
2
-10
-8
8
3
-10
2
3
-11
1
2
-12
3
7
0
3
8
-2
-18
-7
20
13
-9
-4
8
11
-13
-5
17
3
-11
-15
8
16
-25
-19
25
23
-26
-13
16
-12
-10
11
8
1
-3
1
8
-8
-7
6
12
0
-7
7
4
-8
-4
3
3
1
11
11
-5
-12
-2
14
3
-16
-4
21
1
-28
-18
-4
9
0
-13
-2
2
-8
-5
0
-4
8
16
-3
2
20
4
-5
6
16
3
-2
13
8
0
-4
-10
-3
0
-9
-12
-7
3
1
-19
-16
3
0
-7
1
9
4
-2
0
2
2
7
11
10
3
-4
-2
0
-2
-2
8
11
-2
-10
-4
5
-10
-15
9
22
1
-16
0
12
-4
-12
1
10
6
0
3
2
-4
-12
-8
3
7
-4
-4
11
3
-12
-12
0
7
-4
6
9
1
0
-2
-3
0
7
1
-7
-6
9
7
-5
-2
-2
-8
-8
-3
5
10
7
-4
-10
2
6
-4
-5
4
12
4
-1
3
-2
-4
-4
-5
-1
1
1
-3
-8
0
13
5
-6
0
-2
-10
2
15
0
0
11
-16
-17
14
1
-2
11
-4
-4
9
-4
-10
0
0
2
14
3
-9
3
7
3
3
-11
-12
5
7
3
2
-4
-10
-7
4
4
-8
-10
-8
1
17
15
-7
-16
-6
-3
0
13
12
0
5
10
-8
-11
8
-4
-16
7
15
11
9
-10
-16
-5
-4
-10
0
12
9
3
-8
-7
1
-4
-12
1
15
7
-2
2
7
-2
-10
-9
-1
16
13
-5
-2
9
-2
-22
-4
17
4
-6
7
7
-9
-7
0
-7
-1
9
-4
-3
12
-1
-15
-10
4
2
-9
1
10
6
0
-3
0
7
-1
-6
8
6
1
3
-2
-1
2
0
-5
1
5
3
-5
-4
5
0
-11
-1
7
-2
-2
3
-4
-6
5
-1
-5
9
0
-11
3
5
-3
4
5
-5
-3
2
-2
0
4
3
0
-3
-4
0
0
4
4
-1
4
0
-4
3
0
0
4
-3
-3
4
-3
0
3
-9
-1
2
-7
8
8
-10
1
2
-9
1
2
-7
4
5
-3
1
2
-3
-5
4
3
5
3
-4
-2
-1
-3
0
0
-1
1
0
-4
3
3
1
-2
-3
-1
-3
1
4
1
1
3
0
0
0
0
-2
0
0
0
2
1
-5
-2
-2
-1
3
1
2
1
0
-2
-2
0
1
1
-2
0
0
0
1
0
-1
-2
0
0
1
5
1
-1
-2
-2
0
0
1
3
0
0
0
0
-1
-3
-1
5
3
-3
-1
1
0
-2
-3
-1
3
6
0
-2
-1
-1
0
0
0
4
8
3
-2
-6
-5
1
-1
-1
0
4
4
-1
-6
-5
0
1
-2
-2
0
0
1
0
0
1
0
2
2
-1
-2
-1
0
0
0
-1
2
2
0
1
1
0
0
0
0
-1
0
1
-1
-3
0
0
0
1
2
1
0
0
0
-1
0
-1
0
0
0
0
-1
-2
1
1
0
-1
0
-1
0
0
-1
0
1
1
-1
-1
0
0
0
0
1
1
-1
0
2
0
0
0
0
0
0
1
1
-1
0
1
-1
-2
0
0
0
1
0
0
-1
-1
0
0
0
0
0
-1
0
0
-2
0
0
0
2
0
0
0
0
1
1
-1
0
0
0
0
0
-1
0
0
1
0
0
0
0
1
-1
0
0
-1
0
-1
0
-1
-1
0
-2
-1
-2
-1
0
0
0
0
1
0
1
1
0
2
1
2
0
0
1
2
1
3
2
1
3
4
1
2
0
-1
-1
-1
-2
-3
-2
-1
-2
-1
-3
-1
-1
-2
0
-1
-1
0
0
0
-1
-1
1
0
0
0
0
0
1
2
1
2
1
0
0
0
0
1
2
1
1
0
0
0
1
1
0
0
1
-3
-1
0
-1
-2
-1
0
0
-1
-1
0
0
0
0
0
0
0
-1
0
0
0
1
1
2
0
0
0
0
1
0
0
0
0
0
0
0
0
1
0
0
-2
-1
0
-1
-2
0
2
1
0
0
0
0
0
0
0
0
0
-2
-1
1
0
0
1
1
0
0
1
0
0
0
0
-1
-1
-1
0
0
-1
-1
0
0
0
-1
1
1
1
1
0
0
2
0
1
0
0
1
-2
0
0
0
-1
-1
0
0
0
1
0
0
1
-1
-1
0
0
0
0
0
1
0
-1
-2
-1
0
1
0
0
0
1
1
0
-1
0
0
-2
0
0
0
1
-1
-1
1
0
2
-1
-2
0
0
1
1
0
0
-1
1
0
-1
0
0
0
1
0
0
0
0
2
-1
0
2
-2
0
-2
0
2
0
-1
-1
1
1
0
0
0
2
-1
0
0
0
0
0
0
0
1
0
0
1
0
2
0
-2
-1
1
0
0
0
-1
0
-2
-2
0
-1
0
1
0
1
0
-1
-2
2
2
0
0
1
0
-2
0
2
1
0
0
0
2
0
-2
2
4
1
-2
1
5
2
-1
-3
-1
1
0
-4
-3
0
-1
-2
-2
-3
0
0
-1
-2
-1
1
-1
-5
-2
1
1
-1
0
4
3
0
-2
2
7
1
0
4
5
1
0
5
4
1
2
5
0
-2
-2
0
-2
-5
-2
0
0
-5
-5
-2
-2
-3
-4
-1
0
0
1
1
-2
0
-1
-1
1
0
1
0
1
2
0
1
-2
0
2
0
-1
2
3
0
0
2
3
0
0
0
0
1
0
1
3
0
1
4
-1
-1
0
0
-2
-5
-3
-1
-5
-7
-3
-1
-3
-5
-4
-1
2
1
-3
-4
1
7
6
0
-1
6
11
7
0
1
6
8
6
1
0
0
5
2
0
-1
-2
-1
-2
-4
-2
-2
-6
-1
0
-3
-5
-7
-2
0
-1
-2
-1
-1
2
0
-2
-1
-2
-2
1
3
4
1
-3
2
5
2
1
-1
4
6
3
1
-4
0
5
1
-1
-1
-1
3
0
-4
0
-1
-2
-1
-3
0
0
-4
-1
-2
0
1
0
1
0
0
1
0
-2
0
3
0
1
0
-1
-3
0
2
-2
0
1
0
0
1
0
-2
0
3
0
0
2
0
-1
2
1
-3
0
1
-1
2
-1
-4
0
0
1
1
-1
-2
1
0
0
0
-1
2
1
-1
1
0
1
3
0
0
0
-1
0
0
0
1
0
0
2
-1
-2
-1
0
-1
0
2
0
-1
0
0
-1
2
0
0
1
-1
-2
0
-1
0
0
0
2
3
0
0
-2
-3
-1
0
2
3
2
3
0
-4
-1
-1
-2
1
1
2
2
0
0
-2
-2
-1
-1
0
1
0
1
0
0
0
0
-2
0
1
0
0
-1
-1
0
0
0
-1
-1
0
-1
1
1
-1
0
1
0
0
0
1
0
0
0
0
0
0
0
0
1
0
0
1
0
0
0
0
0
0
-1
0
0
0
0
0
2
1
0
0
0
0
0
0
0
1
0
0
0
1
1
0
0
0
0
-1
-2
-3
0
2
0
0
0
1
0
0
0
0
0
-1
-2
-1
1
0
0
0
0
0
0
0
0
0
-1
0
0
0
0
0
2
1
0
0
0
0
0
-1
0
1
1
0
0
0
0
0
-1
0
0
-1
-1
1
0
0
0
-1
1
0
-1
1
1
0
1
1
2
0
0
0
0
1
0
-2
0
1
-1
-3
0
0
0
0
0
0
0
1
0
0
0
-1
0
1
0
0
0
-1
0
1
-1
-1
0
2
1
0
0
0
-1
0
1
0
0
1
0
0
0
-1
2
-1
-2
2
0
0
-1
0
1
-1
-1
2
-1
-4
2
0
-1
0
0
0
-1
2
-2
0
4
0
1
1
0
-2
2
2
-6
-1
5
-2
-1
5
1
-5
-1
3
2
-2
-1
5
4
-6
-3
4
-1
-3
0
3
0
-5
-1
3
1
-1
-2
2
1
-3
0
0
0
0
-1
2
4
-1
-3
3
-1
-3
0
2
2
-3
0
3
0
1
0
0
3
2
-2
0
2
0
-2
1
1
-3
-2
1
0
0
0
-2
2
0
-4
0
4
-2
-1
4
-1
-1
1
0
0
1
0
0
4
0
-5
0
3
-2
-3
-2
2
1
0
1
-1
0
1
0
0
2
2
-1
1
0
-3
-2
1
0
-2
0
0
0
0
0
-2
0
0
0
-1
2
1
-2
1
0
-2
-1
0
1
1
0
0
3
0
-1
-1
0
2
-1
0
1
-3
0
2
-2
2
2
-3
0
0
-1
0
1
4
-3
-2
2
-3
-2
4
-2
-1
5
-1
-4
4
-3
-2
3
-3
0
6
-5
-2
5
-4
0
5
-1
-1
2
-1
-2
2
0
-3
1
2
-3
0
3
-1
0
1
-2
-1
0
0
0
0
1
0
1
1
0
2
-1
-1
1
0
-1
0
0
0
0
0
1
-1
-2
1
-2
0
4
-2
-3
3
-1
-2
0
0
1
0
0
0
0
-1
0
1
0
1
0
-2
0
0
0
2
1
0
0
0
0
1
0
-1
-1
0
3
-1
0
1
0
0
-1
0
2
0
-1
0
0
-3
0
0
0
-2
0
0
-2
0
-2
-1
-2
0
3
0
0
0
1
0
2
0
0
1
-3
1
1
-3
0
2
0
0
0
-1
1
0
-2
2
0
-2
0
0
-1
2
-1
-3
3
0
-1
0
0
0
-1
0
-1
0
1
-2
0
1
-2
0
2
-2
0
2
-1
0
1
0
0
0
1
1
2
-1
0
1
-1
0
-1
0
0
0
1
0
0
0
0
1
-1
1
2
-2
0
0
-1
0
0
0
0
0
-3
0
0
-1
0
0
0
1
0
0
0
0
0
0
0
2
1
0
0
0
0
0
0
0
0
0
0
1
0
-3
-1
0
2
2
0
0
0
0
1
0
-1
0
0
1
3
0
-1
-3
0
1
2
0
-2
-2
0
2
1
-1
-1
0
1
0
0
0
-2
0
1
1
1
0
-1
1
0
1
0
-1
0
0
0
0
-1
-2
0
0
0
3
1
-1
-1
0
1
2
0
-1
0
0
1
0
0
-1
1
1
0
2
-1
-3
1
-1
-1
0
-2
-1
0
1
1
0
-1
0
0
0
-1
0
0
0
-1
0
0
1
2
0
0
0
0
0
1
0
-1
0
0
0
1
1
-1
0
1
0
0
0
-1
-1
0
1
1
0
-1
-1
0
1
0
0
0
0
0
0
0
0
0
0
-1
1
0
0
1
0
1
1
0
-1
0
0
0
0
-1
0
0
0
0
1
0
0
1
0
0
-1
0
0
0
0
0
1
1
0
-1
0
0
0
0
0
1
0
0
0
-1
0
0
-1
-1
0
0
0
0
-1
0
1
1
0
-1
0
2
0
0
-1
0
0
0
0
0
0
1
0
0
0
1
0
0
0
0
0
0
0
0
0
0
0
0
0
0
0
0
0
-2
0
0
0
0
0
0
-1
0
1
0
0
0
1
0
0
0
0
0
0
0
0
-1
0
2
1
-2
-4
1
3
0
-5
0
6
1
-5
-2
5
4
-4
-3
3
2
-2
-3
0
1
-1
-1
0
1
0
-1
-1
1
0
0
-1
-1
0
1
2
0
-1
1
1
0
-2
1
3
0
-2
0
2
1
-2
0
0
0
-1
0
1
-1
0
1
0
0
-1
1
1
-4
0
1
0
0
-1
0
-1
-1
0
0
0
0
0
1
0
0
0
0
0
-2
1
3
0
0
0
0
0
0
0
0
1
0
0
0
0
0
0
0
-1
1
1
-1
-2
0
0
0
0
0
1
0
-1
0
0
0
0
0
1
1
-1
0
0
0
-1
1
2
0
0
0
-1
-1
0
0
-1
0
0
0
0
0
0
0
0
-1
0
1
1
0
0
1
2
0
-2
0
0
0
0
0
-1
0
0
-1
-1
0
0
0
-1
0
1
0
-1
0
0
0
1
0
-4
0
3
2
-1
-1
0
2
0
-1
0
0
0
0
0
0
0
0
0
0
-2
-1
2
1
0
0
0
0
0
-1
-1
1
1
-1
0
0
0
0
-1
-2
-1
1
0
0
0
2
0
0
1
-1
-1
0
0
0
0
-1
0
0
0
0
0
0
0
-1
0
2
0
0
-1
-2
0
1
1
0
-1
0
0
2
2
0
-1
-2
0
1
1
0
-3
-1
0
1
0
0
0
-2
2
2
-1
0
0
0
-1
0
0
0
1
0
0
1
0
0
0
0
0
-1
0
1
0
0
0
0
0
-1
0
0
0
0
0
0
0
0
2
1
1
0
-1
-1
-2
-1
2
3
-1
-2
-1
-1
2
2
0
-4
-5
0
5
4
0
-6
-4
2
7
6
-1
-7
-4
0
4
4
0
-3
-3
0
2
0
-1
-1
0
0
0
0
1
0
0
0
-1
-1
1
1
0
0
-1
-3
0
0
1
0
-2
-1
0
2
2
1
0
-2
-2
0
0
1
0
-1
0
0
1
2
0
0
0
0
1
0
0
0
0
0
0
0
0
0
1
-1
0
0
-1
1
0
0
0
0
0
1
0
-1
0
0
2
1
0
1
0
1
0
-1
-1
-1
0
0
-1
-2
-1
0
1
2
0
1
0
1
0
0
0
-1
-3
0
0
-1
0
-2
0
0
0
0
0
3
0
0
0
0
-1
1
1
1
1
0
0
1
0
1
0
-1
-1
0
2
0
0
1
-1
0
0
0
0
0
0
-2
-1
0
0
2
0
0
0
0
0
-1
1
2
3
0
2
1
0
0
-1
-1
0
0
-2
-3
-2
-3
-2
-2
-2
0
0
1
3
0
0
1
0
2
3
1
1
2
1
0
0
0
-4
-1
0
0
0
0
0
0
0
1
0
-1
0
0
-1
0
-1
-1
0
2
0
0
1
0
0
0
0
1
0
0
-1
0
0
-1
0
0
-1
0
-1
0
-1
0
0
-1
0
-1
0
0
0
2
0
0
2
0
0
1
-1
2
1
0
0
0
1
0
1
0
0
2
0
0
-1
0
0
-1
-1
0
0
0
0
-1
-1
0
0
0
0
0
0
1
0
-1
0
1
0
-1
-1
-1
0
1
0
0
-1
1
2
0
0
0
1
0
0
0
0
0
1
0
0
0
0
1
1
0
0
0
1
0
0
-1
0
0
0
0
0
0
0
0
0
0
0
0
0
1
-1
-1
0
0
-1
-1
0
1
0
-1
0
0
0
0
0
0
0
1
1
0
0
0
0
1
0
-2
0
0
0
0
-2
0
0
0
0
0
2
0
0
0
0
-1
-1
0
1
0
-1
1
0
0
0
-2
0
0
0
0
0
-1
0
0
0
0
-1
0
1
0
-1
0
1
3
0
-2
0
1
2
0
0
2
1
0
-2
-2
2
2
0
0
0
1
0
0
-1
0
2
0
-2
0
0
0
0
-2
0
0
-1
-1
-2
-1
0
0
0
-1
0
0
0
-1
0
1
0
0
0
0
3
1
0
0
2
0
0
1
0
0
2
0
0
2
0
-1
1
-1
1
0
0
3
-4
0
2
-2
0
0
-7
0
1
-6
0
1
-10
7
0
-11
5
-5
-1
7
-12
6
8
-25
30
1
-24
41
-20
-16
33
-24
9
17
-33
21
22
-31
4
-24
-73
45
-11
-50
44
26
75
68
1
-46
-19
0
-70
-38
-65
-77
-5
7
61
31
3
37
72
66
21
80
97
12
-82
-51
-29
-153
-134
-85
-41
95
27
183
100
-189
17
27
69
4
-155
-28
19
203
45
-393
113
227
-73
-2
148
161
137
116
60
448
-376
-1162
-424
-108
74
0
0
427
252
510
545
81
-18
-108
-175
-92
-100
-305
-250
-272
-513
-133
290
145
-46
-108
105
437
307
9
117
247
125
232
586
-594
-1715
-676
331
307
75
-44
488
734
506
405
193
16
-95
-516
-738
-108
-14
-651
-451
-60
69
295
342
248
2
184
226
-42
128
-116
-356
147
342
-256
-595
-14
276
176
192
2
-76
168
538
269
-531
-412
-52
39
295
-518
-296
587
-256
-163
385
-167
-54
347
-115
-249
142
342
232
-348
-587
-35
-22
465
286
-550
347
332
-186
33
0
-22
74
-320
-340
23
242
184
-97
-181
-111
-20
288
217
-526
-173
414
-159
-481
155
98
243
194
-366
302
590
222
-121
-347
159
-1
-168
-2
-522
-373
169
-156
90
427
24
94
287
138
31
17
65
-140
-626
295
94
-491
387
-135
-391
-194
-50
441
225
-303
68
41
37
427
-62
-185
476
207
-443
-462
-339
442
203
-336
-161
-158
751
1134
2
-276
38
-220
-276
-430
-275
86
-377
-634
-619
528
1317
486
-217
-539
6
355
508
-201
-980
-307
286
300
186
137
-383
-458
561
7
-344
415
131
60
125
151
207
-343
-485
4
62
-70
203
23
-353
61
646
242
-442
-178
259
118
22
128
-364
-839
-360
441
786
19
-672
-105
369
-85
-63
307
-209
-425
194
504
488
-159
-226
13
-371
212
598
334
-585
-730
298
513
-148
-586
-275
253
127
-47
140
-23
-315
47
458
541
329
-210
4
-367
-524
196
-77
-368
-136
-303
380
1204
-300
-745
292
-244
77
-196
-211
323
62
298
511
270
-63
178
74
-337
-497
-633
-406
2
28
150
-246
129
750
600
-44
-112
374
83
-216
-415
-967
-472
564
-167
-1299
121
1798
1223
-11
-155
-71
47
-132
-698
-314
-157
-12
-250
-76
143
441
1022
60
-928
-238
749
827
-72
-1195
-755
300
-25
-51
275
-247
-49
37
52
720
675
-21
-528
-797
25
628
-24
-326
-803
-429
701
694
414
-88
-350
163
548
398
-334
-870
-657
-42
651
145
-152
-189
-86
173
-560
-95
736
184
26
-389
100
804
474
20
-418
-254
-502
-192
126
-280
-43
-88
-483
-403
763
1379
128
-573
-293
315
533
451
-135
-932
-732
-205
245
227
-57
-260
-229
41
330
869
473
-18
-115
-766
242
1018
-107
-1055
-1506
-266
1041
590
281
-130
-583
-21
1163
274
-871
121
392
-494
-773
201
819
-379
-1176
-281
969
1309
308
43
-530
-580
793
509
-726
-1158
-369
162
-37
146
273
48
247
178
-113
307
506
197
-217
-1011
-971
467
981
-59
-985
-822
338
1132
950
-59
-789
38
822
415
-134
-596
-340
118
-700
-780
90
728
348
-246
44
137
265
343
106
-208
-306
-416
-173
307
110
57
379
-432
-665
133
717
672
-794
-738
449
865
36
-571
-262
-228
239
40
173
204
-358
-75
161
0
-228
57
74
-3
176
22
387
230
-58
-9
-207
130
-120
-424
-143
-605
-423
239
257
499
448
-109
-291
56
214
349
-109
-741
-215
273
571
376
-68
-190
-111
70
52
-490
-150
122
-451
-66
415
262
41
-435
-333
309
788
8
-686
85
522
-38
-247
172
139
-188
-59
40
-227
58
130
-377
-459
118
483
407
-136
-228
277
223
172
-226
-650
-94
212
-187
-350
-129
11
355
562
267
29
283
307
-151
-302
-281
-50
-173
-303
-167
-366
-33
344
172
209
204
117
-82
-111
116
403
45
-672
-768
-249
576
810
363
-433
-683
171
815
444
176
-298
-608
-430
-141
300
405
-149
-823
-668
279
973
555
-267
-636
-65
839
681
-44
-372
-388
-391
-198
219
-179
-286
-211
-257
413
772
326
-139
-158
-143
94
380
384
-41
-781
-538
148
340
110
-484
-226
196
294
610
168
-350
-166
-14
138
-49
-431
-264
174
157
51
89
99
319
112
-121
-77
-166
-299
-281
-130
-471
-345
338
430
317
242
456
527
301
200
47
146
-25
-325
-370
-621
-496
2
204
-165
-538
-527
-92
279
-75
-376
-583
-668
-186
298
666
801
482
245
528
884
910
595
162
126
111
61
66
-238
-457
-643
-997
-1223
-1337
-1491
-1343
-835
-642
-320
165
300
841
1553
1735
1474
1065
936
1015
1019
760
519
791
982
231
-1084
-1791
-1685
-1330
-1361
-1756
-1614
-1009
-425
-97
-83
-76
-15
18
-47
138
736
1343
1591
1464
1384
1432
1663
1815
2172
2918
2372
165
-2330
-3377
-2701
-2176
-2632
-3244
-2734
-1276
-44
937
1720
1707
583
-358
-45
738
546
-864
-1854
-1262
417
1798
2043
1662
1473
2130
4002
5151
3238
-725
-3691
-3828
-2378
-2224
-3821
-4944
-3981
-1522
758
2306
3077
2572
1189
632
1368
1670
180
-2365
-3284
-1478
1203
2236
1085
176
1313
4445
6188
3639
-779
-3477
-3127
-1879
-2306
-3887
-5124
-4751
-2615
164
2503
3358
2607
1450
1496
2291
2065
-26
-2942
-3795
-2114
485
1738
778
-10
1511
5309
7056
3647
-1382
-3551
-2150
-981
-2452
-4755
-5787
-4519
-1959
546
2388
2843
2180
2075
2828
2690
1109
-1302
-2840
-2717
-1571
266
1159
557
-26
2015
5989
6297
1870
-2374
-2553
-422
-355
-2899
-5514
-5815
-3787
-1079
1104
1987
1407
1144
2610
3567
2522
179
-2118
-2613
-1687
-182
767
101
-778
353
4266
6615
3571
-1154
-2684
-705
568
-1306
-4061
-5635
-4830
-2412
-65
1580
1446
674
1873
3856
3335
700
-1366
-1875
-1623
-1083
198
740
-175
-317
2269
5606
4600
177
-2326
-1278
193
-1081
-3598
-4817
-3887
-2094
-705
536
1382
1746
2154
3384
3283
819
-1287
-1909
-1451
-1468
-1313
51
789
556
1195
3845
4927
2287
-583
-1141
-260
-896
-3074
-4038
-3247
-2056
-1827
-1602
29
1818
2441
2441
2493
1599
-82
-898
-823
-1400
-2363
-1397
784
1347
805
2231
4094
2769
271
-274
540
-95
-2678
-3917
-2987
-1954
-1843
-2216
-1168
992
1971
1834
2069
2422
1339
-357
-811
-695
-1288
-1449
-473
406
661
1726
3553
2923
672
-55
595
897
-927
-3256
-3372
-2445
-2207
-2459
-1699
116
691
542
1428
2683
2694
528
-1381
-783
-83
-529
-420
151
266
1047
3000
3147
917
-67
832
1124
-644
-2944
-2804
-1259
-1701
-3165
-2687
-11
1654
691
405
1530
1993
1135
-568
-1048
-804
-891
-83
658
382
768
2431
2866
994
-130
1099
1949
-219
-3052
-2744
-700
-715
-3061
-3896
-958
1754
721
-682
690
2760
2018
-1112
-1645
265
196
-851
-673
116
879
2122
2837
1141
-148
1715
2847
174
-2809
-2267
-34
-886
-3834
-3641
-367
1710
235
-1389
409
3032
2625
-1025
-2548
60
1035
-832
-1627
-194
1411
1917
1845
1086
611
1867
2483
304
-1931
-1631
183
-393
-3695
-3681
-150
1338
-247
-1414
709
2951
1768
-738
-1618
-262
583
-907
-1719
-376
859
1372
1838
1340
419
1549
2852
967
-1492
-1335
45
-259
-2655
-3324
-943
588
-333
-1443
-231
2094
1981
-64
-1168
-181
672
-769
-1637
-196
890
520
992
2076
1181
612
1894
1854
-113
-1413
-503
482
-1444
-3520
-1799
519
-146
-1644
-717
1861
1859
-156
-637
-97
-8
-984
-1564
-158
606
-350
699
2771
1038
-340
2345
2818
-269
-1395
428
766
-1973
-3100
-969
424
-484
-1237
112
1703
915
-997
-1072
2
-615
-1985
-896
1117
437
-85
2610
2934
-195
536
3055
704
-1985
-816
189
-1002
-2554
-1971
375
169
-853
492
1497
1637
-123
-1863
-194
-481
-2427
-1422
487
1168
522
2318
4432
569
-811
3099
155
-4101
-1114
-27
-2403
-2368
-115
1078
63
231
1326
1469
1868
-1065
-2878
1402
-903
-5349
733
2455
-2025
1947
5588
846
219
3507
611
-2839
-1288
-703
-3053
-1851
-276
-1908
678
2716
-420
169
4061
385
-4869
432
1004
-5836
-1433
3688
-1011
386
7103
2424
-1832
4463
1908
-4937
-1562
-73
-4135
-2467
330
-1787
724
2837
166
1379
2335
-552
-2044
-512
-1646
-3623
142
954
-1231
2864
5969
508
128
5031
-443
-4071
78
-1213
-4089
-1876
-559
-841
729
1258
1803
1753
447
428
-1296
-1689
-1699
-3181
-194
1165
-1064
3154
6249
-6
966
4962
-1708
-3921
-238
-2125
-3426
-1291
359
-181
720
1832
1888
197
-312
303
-1645
-1671
-2132
-1533
1153
-620
134
5590
2906
-1506
3738
3048
-4655
-1535
1043
-3728
-2808
620
159
-1363
1328
2347
920
-600
596
505
-2321
-1798
-1485
-823
63
-676
2241
4529
666
756
4619
-498
-3493
1462
-1720
-4239
-534
147
-1770
-483
2526
1493
-826
562
2196
-2949
-2000
932
-2912
-1227
2070
-125
1827
4151
721
1572
2686
-1758
-1588
584
-2729
-2869
-168
797
-2828
88
3618
-502
-1535
3269
-158
-3441
1276
-1403
-2264
342
377
765
1621
3414
692
1747
2649
-2310
-266
332
-2879
-2234
441
-808
-2635
1947
1205
-1130
814
1922
-1350
-1306
863
-2404
-1317
462
-433
456
2084
2665
-194
2777
1843
-2505
1509
-527
-3153
-472
135
-1990
-855
1803
-200
202
1092
889
-1095
-502
577
-2893
-862
398
-697
-419
1650
2720
-935
3316
1964
-1974
2534
-1258
-1745
-144
-1651
-1242
-918
211
-83
408
1006
989
-540
-16
196
-2323
-973
194
-1413
465
222
2167
1017
432
4142
-1599
1541
383
-1897
143
-1754
-818
-1468
-442
233
-295
658
827
37
-172
397
-996
-1389
79
-1490
-349
276
-305
2261
26
2235
2247
-252
2607
-1236
473
-768
-1357
-635
-1872
-31
-1015
-128
919
-671
1171
-114
102
-416
-438
-940
-1237
-362
-1022
171
484
700
1508
1375
1640
1214
308
1270
-821
-100
-693
-1300
-790
-1059
-827
-94
-45
-22
698
-128
759
168
-886
220
-1611
-860
-279
-1227
148
671
480
1072
2422
543
1169
1741
-47
-320
189
-512
-2105
-240
-769
-1085
-236
657
-552
352
964
-977
799
-657
-1498
-167
-1018
-679
-565
253
111
262
2273
751
1412
1677
1069
879
-44
483
-1409
-846
-1176
-1522
-257
-1116
-60
-136
308
103
180
633
-803
-464
-407
-1159
-284
-988
-537
1
117
1327
1222
1815
1323
2037
1135
827
415
-682
-626
-1281
-846
-1206
-779
-582
-566
139
-110
38
181
-133
-528
-105
-599
-830
-471
-814
-782
-546
128
367
1110
1877
1507
2325
2059
1387
769
125
-736
-1391
-1034
-1474
-1261
-639
-578
-143
257
339
-132
302
-190
-421
170
-469
-857
-423
-698
-1200
-799
-470
-597
1035
1766
1545
2365
2642
1647
918
1206
-474
-1222
-658
-1610
-1561
-956
-1184
-1176
-438
-298
-329
543
318
-104
387
423
-95
-29
-366
-1019
-683
-704
-889
-456
304
742
1817
2225
2113
2263
2162
1340
777
344
-792
-1139
-1487
-1765
-1710
-1375
-1128
-796
-191
0
211
632
181
-203
164
-367
-453
-169
-367
-675
-487
-139
-326
126
204
173
704
1252
1843
1866
1861
1770
1528
862
240
-539
-1396
-1863
-1999
-1844
-1587
-1348
-985
-526
-176
97
181
378
130
67
387
186
-9
281
288
163
467
184
-171
51
35
-67
-9
162
153
539
1163
1536
1370
1280
1502
891
147
-289
-984
-1794
-2101
-2078
-1824
-1612
-1261
-751
-306
20
288
695
749
419
650
839
543
500
563
203
102
256
-28
-176
38
17
26
209
40
-16
-6
-80
-121
-65
-31
13
328
749
694
374
601
436
-227
-334
-557
-1133
-1345
-1271
-1151
-883
-473
-295
158
549
570
864
979
594
403
542
226
-1
123
-197
-276
10
-50
-227
90
132
-138
185
412
74
175
344
49
95
243
-114
-237
-229
-520
-447
-305
-596
-699
-591
-538
-550
-393
-260
-193
320
910
1089
1080
1344
1223
749
493
110
-544
-816
-920
-1063
-809
-604
-526
-138
119
64
374
531
127
122
363
95
-36
219
-30
-334
-13
-104
-408
-135
-54
-281
23
287
43
251
476
203
311
503
234
203
274
-90
-164
-32
-333
-400
-193
-339
-341
-92
-132
-216
-38
-69
-133
18
3
-29
134
147
103
244
203
50
164
181
13
111
142
-34
19
108
-56
-53
57
-71
-75
67
-50
-62
57
-121
-312
-197
-292
-490
-351
-257
-125
295
551
549
807
881
512
357
183
-337
-567
-535
-738
-724
-427
-381
-216
132
128
182
424
271
108
264
160
-30
129
24
-191
-24
-48
-254
-126
-42
-192
-32
154
34
129
292
218
250
368
209
118
175
-34
-161
-77
-206
-322
-197
-222
-266
-106
-124
-212
-36
-23
-108
46
74
-10
138
198
93
209
245
66
107
143
-36
-17
40
-97
-67
26
-76
-71
34
-53
-68
52
-9
-28
47
-16
-35
27
-43
-109
-34
-73
-133
-32
-21
-59
30
76
35
75
88
14
45
66
-16
-7
37
-6
2
48
0
14
61
0
-20
22
-7
-33
0
-34
-50
-8
-36
-49
-23
-28
-31
-5
1
1
25
20
19
18
2
16
22
5
15
30
4
-1
12
-11
-11
9
7
4
11
11
1
-9
-24
-24
-18
-25
-29
-18
-13
-18
-9
-1
5
17
25
34
21
17
31
7
-1
5
-5
-10
0
-11
-23
-7
-12
-22
-21
-16
-8
4
13
10
16
24
19
9
10
20
17
9
7
0
-7
-11
-22
-24
-22
-23
-21
-13
-2
4
7
7
7
14
5
-2
2
2
3
13
18
10
15
14
-3
-8
-5
-15
-16
-3
-10
-11
-5
-12
-13
-4
-2
-5
5
13
6
14
19
9
6
9
2
-2
1
-3
-8
1
-1
0
0
-1
-2
2
3
-7
0
3
6
13
2
-3
6
3
-11
-12
-9
-7
-2
-7
-10
-1
6
4
-4
1
7
4
2
-1
-7
-1
2
1
6
11
18
9
2
7
0
-2
-1
-4
-3
-7
-4
-8
-12
-6
-7
-7
0
-4
-3
0
1
11
14
14
23
23
17
16
0
-3
-2
-21
-15
-12
-26
-34
-41
-60
-50
-34
-41
-5
52
75
97
129
138
123
108
66
16
-23
-78
-119
-137
-150
-132
-94
-68
-26
16
29
40
59
41
22
19
-12
-33
-19
-18
-27
-2
24
23
32
48
29
28
54
43
37
67
62
39
54
37
-1
-1
-14
-53
-59
-56
-63
-56
-42
-37
-32
-25
-32
-41
-37
-28
-31
-24
3
13
20
40
56
60
67
69
59
53
44
25
13
8
-6
-16
-12
-19
-23
-13
-20
-27
-23
-31
-44
-43
-44
-42
-27
-12
-6
8
19
17
20
27
24
17
18
18
9
6
8
5
0
0
1
-3
0
3
7
9
12
16
13
14
11
4
4
-2
-12
-14
-13
-24
-27
-23
-29
-28
-19
-15
-15
-9
-1
0
3
11
7
6
12
12
10
9
10
9
13
16
12
9
6
0
-3
-4
-10
-13
-9
-8
-6
-1
0
4
4
7
14
13
13
13
10
8
5
0
-7
-14
-17
-16
-15
-13
-9
-3
-1
2
8
7
0
1
11
-2
-14
13
7
-21
-3
16
9
7
15
11
1
0
4
1
-10
-4
21
31
12
-22
-61
-93
-125
-139
-116
-63
-10
46
133
200
194
171
154
99
41
17
-12
-58
-88
-98
-93
-80
-77
-62
-33
-28
-12
22
25
28
48
38
18
18
-3
-21
-17
-31
-40
-19
-15
-30
-30
-9
6
5
19
43
36
34
48
43
32
25
20
26
17
2
-1
-15
-22
-25
-31
-19
-11
-16
-34
-39
30
12
-100
-42
27
-12
2
33
59
60
0
-2
5
-33
-21
-20
-37
7
26
17
22
-7
-18
2
-4
-1
-9
-21
2
12
-14
-8
36
20
-20
-11
-7
-19
-11
17
31
9
-4
5
-7
-20
-19
-13
2
-8
-11
9
-4
0
9
-12
-1
7
3
22
19
15
21
6
6
-11
-24
6
15
14
11
-4
8
9
-7
-2
-7
3
13
-5
-2
-6
-20
-9
-20
-22
-3
-11
-10
-2
-3
9
12
0
2
5
-8
-4
0
11
29
6
-10
-14
-4
10
5
1
8
11
4
-9
-5
28
44
34
17
-1
-9
-15
-24
-23
-23
-13
-6
-17
-25
-28
-20
-8
-4
-3
1
10
5
0
6
5
15
28
27
24
18
7
-4
-15
-11
-6
3
9
2
-4
-9
-7
-3
-7
-7
-3
-6
-7
-6
-6
-4
2
6
6
4
1
0
5
11
15
14
10
-1
-4
-2
0
-1
-2
0
3
0
-1
0
0
2
3
-2
-4
-1
-2
-6
-9
-11
-10
-5
-2
1
1
1
6
7
2
0
-2
0
4
6
7
6
4
2
3
3
-1
-2
-4
-6
-5
-3
-9
-8
-6
-5
-3
-9
-10
2
6
6
7
5
5
17
13
3
2
0
0
5
5
1
2
0
0
2
-3
-4
-8
-18
-16
-9
-9
-6
-2
-4
-4
0
1
4
5
6
2
2
8
13
10
6
6
4
10
9
5
1
0
1
2
2
-6
-4
-2
-5
-2
-8
-6
-1
-7
-7
-4
-4
0
0
-4
-3
-3
0
-1
-2
1
0
0
0
0
3
6
2
-4
0
4
1
1
4
2
3
1
-1
0
1
2
-2
-2
0
2
4
2
2
1
2
3
0
0
0
-1
-3
-7
-7
-7
-8
-4
-5
-5
-3
-2
0
1
2
5
4
3
4
4
6
4
2
1
-1
-1
-2
-3
0
0
0
0
0
1
2
2
1
0
1
2
0
1
3
1
0
1
-1
0
0
-2
-1
0
0
-1
-1
0
-1
-1
-1
0
0
0
1
0
0
-1
-2
-1
0
0
0
0
0
0
0
0
1
-1
-1
1
0
0
0
0
0
0
0
0
-1
1
0
0
1
0
1
1
0
-1
0
-1
0
0
0
0
0
0
0
0
0
0
0
0
0
-1
0
-2
-1
-1
-1
0
0
1
1
0
1
3
0
0
0
-1
-1
-2
-2
0
0
0
0
1
3
2
1
0
0
1
-1
0
0
0
0
0
0
0
0
0
1
0
-1
-1
-2
-1
0
0
0
0
0
0
1
0
0
0
0
0
0
-1
1
3
1
0
0
0
0
0
0
1
-2
0
0
-1
-1
-3
0
0
0
1
0
0
0
0
0
0
0
1
0
1
0
0
1
0
0
-1
0
1
2
0
-2
-1
0
0
0
-3
-2
2
4
2
-4
-6
0
5
0
-6
-5
3
8
3
-3
-4
2
6
1
-6
-6
0
4
5
0
2
-1
-6
-3
-1
1
11
8
-4
-7
-2
7
7
-1
-5
-1
-5
-8
-2
5
-5
-13
-8
4
13
5
8
3
5
17
12
-11
-11
-16
-23
8
3
0
5
-20
1
14
5
28
22
-3
9
-4
50
5
-261
-193
39
155
126
-1
85
108
10
46
52
-64
-75
0
-39
-43
-52
-44
-31
-110
-15
62
-4
24
-5
6
56
48
22
-14
73
81
69
33
-25
-37
-71
-16
1
3
-6
-18
-49
-75
0
-3
11
8
-44
-19
24
35
3
-1
12
25
22
25
14
-27
-9
-12
-12
-29
-59
-28
17
84
27
-33
18
8
27
15
-8
-23
24
19
-8
23
-45
-26
18
-36
23
19
-17
7
21
-22
-14
15
-40
-3
14
9
36
-56
-18
13
-25
-1
-7
14
10
-18
15
38
25
-12
26
16
-35
-8
3
-2
-24
11
40
-7
2
0
11
11
-71
-4
19
-48
17
5
-44
34
89
-18
5
64
-67
39
0
-91
26
-45
-35
39
-5
-9
0
34
4
-9
-36
21
27
-89
-3
9
19
50
-22
98
50
4
87
-44
-45
-58
-38
25
-25
-24
-41
33
8
42
-17
-52
43
-51
-7
84
-26
-19
64
-47
-29
-16
-37
5
-21
39
32
65
-6
50
50
-37
-25
-32
-60
8
-13
43
57
-54
9
-73
29
24
42
48
-12
-2
-66
12
-11
58
-91
-45
202
-66
-102
-26
31
-101
9
168
-74
-18
108
-74
-31
137
-34
-185
-3
113
-19
-65
47
84
-102
7
77
17
-33
48
89
-200
69
108
-25
66
-93
-36
-20
-74
-60
110
-9
29
161
-127
-106
105
9
-93
-80
35
54
-81
88
192
-7
-184
179
-61
-159
124
-52
190
-213
-101
164
-166
41
191
-90
-144
222
-68
11
105
-217
98
65
-56
276
143
-417
-380
-398
-93
209
197
506
341
190
192
325
174
-275
-115
-354
-296
-263
-539
-87
-269
-275
-18
142
434
207
40
343
493
47
-19
96
37
105
-68
-175
-113
-133
-146
-132
-108
36
27
-202
-19
166
148
0
-99
112
105
144
98
-53
-19
-111
-109
-84
-102
-74
3
65
63
40
7
-3
-78
-13
72
80
27
128
6
-75
87
-8
-299
-115
64
55
63
63
100
97
71
4
-2
-111
-9
44
-96
-208
-150
31
107
99
-6
67
104
85
-107
-114
-8
-113
124
17
-3
-40
-13
145
-156
-11
0
42
-30
-79
302
8
-154
69
44
-39
-63
-136
31
38
0
-62
68
158
-34
-173
-55
62
40
88
51
-49
-144
-103
137
160
-8
-67
7
-19
-41
-29
81
50
-17
38
-11
81
36
-60
-108
-4
-107
-70
159
11
-12
-27
-27
217
-58
-99
-47
-122
-13
-52
22
18
62
-26
0
96
247
233
-149
-119
83
-80
16
79
-18
-111
-57
-63
-221
47
-79
-133
180
215
74
-161
166
80
-92
-81
15
150
-34
-16
-172
-59
80
37
-132
-90
267
-14
-31
-9
-14
99
-24
186
29
-183
-13
-52
-51
93
51
-56
-23
6
126
73
-125
113
-6
-443
-70
247
-66
-6
83
-138
68
236
-54
-47
-24
61
0
-287
191
194
-218
6
154
13
-155
16
147
219
-25
-306
13
2
33
62
-71
-11
-197
-101
91
106
47
95
167
-151
124
227
-235
-178
-229
73
295
-109
-203
-54
157
41
61
142
33
-52
-359
-25
69
-109
328
62
-88
192
69
-148
-257
-6
-24
-124
-129
207
296
-173
204
136
-87
-108
-292
-39
97
119
-5
-101
116
53
-232
110
283
182
16
-248
-241
-41
69
-83
-18
81
134
-303
-91
292
180
-53
-104
22
52
57
-116
-183
125
204
0
-169
63
35
97
-61
-325
28
252
-7
-202
147
386
-146
-273
-163
165
70
-157
16
89
10
-141
-69
35
212
32
-2
121
-80
-40
70
-5
-164
-24
63
-161
-148
137
48
41
190
5
13
-31
-35
34
-4
-147
-56
-43
-108
208
3
-34
-140
-116
152
180
-27
65
285
-45
-96
-124
-90
90
-135
-68
114
47
-83
32
70
107
68
-154
-135
11
-12
-76
-178
-26
183
-90
-141
49
190
155
97
16
123
189
-100
-73
-172
1
50
-173
168
66
-89
-113
-29
-27
-106
14
35
7
-77
18
114
-4
-69
28
257
99
-170
-59
177
-32
-185
81
-24
-180
38
56
8
-95
53
160
0
-122
-145
51
42
-72
102
118
-66
104
-48
-194
88
-93
20
56
-25
84
30
125
-152
-22
110
-73
9
-5
-48
-101
64
2
-98
183
114
-62
103
-26
-69
-12
-42
38
-70
2
36
-34
33
55
8
-226
-9
18
-52
-138
-67
131
-62
0
49
118
221
24
-1
-48
-26
70
51
-48
-148
13
26
94
21
-45
141
33
-88
-45
-73
39
-178
-50
-24
95
30
-69
85
2
168
17
-155
-2
-31
-42
-148
89
28
44
150
20
-109
-20
148
3
-125
-214
-57
274
76
-173
40
28
158
-41
-209
5
74
116
-298
-62
127
164
154
-227
111
94
46
-49
-335
5
143
35
-42
55
132
137
10
-313
49
75
-98
30
-201
100
121
-46
15
-20
94
-33
-62
-56
-33
65
-44
43
-36
17
66
-58
25
18
-90
-22
61
106
-68
-48
101
81
-12
-145
-35
114
-37
-40
86
-7
41
19
-65
-36
30
46
-135
-66
114
27
28
-81
49
13
-22
60
-146
-69
53
-29
105
-21
-40
14
103
58
44
-125
-92
197
-77
-70
99
-273
104
276
-408
155
-18
-98
402
-217
-48
132
-39
238
-190
-238
296
118
-72
-147
-3
284
-11
-370
8
184
8
6
-266
-138
295
21
-226
-32
150
68
-139
0
-15
-41
49
-23
137
-5
-76
25
1
111
-33
-111
7
-22
125
-3
-45
57
45
19
-20
73
-33
-90
37
120
40
-154
-14
-19
-2
87
-131
-76
3
67
110
-56
-57
14
-52
149
8
-139
174
-65
-20
-76
-89
148
-95
-49
5
80
67
-31
-18
-115
141
104
21
-25
-119
44
28
-32
-102
-85
123
77
-16
-72
-14
29
-11
22
-38
33
33
95
45
-100
72
59
-29
-33
37
-122
-93
32
-61
-54
-24
67
89
-1
1
25
43
36
-45
-107
-3
12
-22
-76
28
135
29
25
23
3
96
-48
-150
-105
-22
48
-38
-14
80
86
82
25
38
6
-65
-89
19
-6
-80
-91
-65
40
90
-2
-40
24
42
41
66
-28
-17
-15
-50
35
34
36
-40
-46
26
60
81
-61
-106
-55
87
90
-30
-74
-57
83
94
0
-88
-45
6
16
-39
-33
-23
16
14
-11
104
13
-21
3
-47
32
24
-61
-44
49
30
-18
31
8
0
-8
-6
50
-4
-64
-7
16
-14
-29
0
21
33
15
16
17
32
38
-12
-57
-13
-3
-22
-26
-36
-53
6
66
23
10
7
-4
7
12
-9
-42
-63
-15
49
-8
-28
4
26
23
27
40
22
3
-24
0
16
-2
-7
-16
0
34
22
-18
-4
24
8
-36
-34
-21
9
16
-32
-74
-41
49
45
-12
-52
-28
55
70
21
-43
-53
13
62
22
-15
-6
-4
9
31
15
25
9
-29
-1
42
20
-26
-67
-48
27
32
-35
-58
-16
39
51
5
-52
-22
42
50
-5
-44
-25
9
24
17
-9
-38
-28
23
47
16
-9
-24
-10
21
38
18
-24
-41
-14
18
23
14
-18
-39
-12
37
43
-3
-36
-31
0
30
25
-16
-34
-11
16
38
16
-20
-18
-11
-5
18
14
-12
-24
-31
5
65
34
-35
-40
-13
25
46
1
-46
-39
-11
30
52
5
-37
-36
-3
44
49
0
-31
-18
4
33
36
1
-33
-39
-2
32
25
-11
-29
-19
9
20
0
-15
-17
-10
-1
8
14
0
-16
-11
4
16
9
-11
-6
10
10
10
4
-7
0
-4
-8
7
-3
-17
-2
6
13
17
-6
-11
12
16
15
9
-15
-18
4
9
8
-8
-35
-16
6
4
3
-12
-18
-2
7
10
13
-1
-9
-1
5
18
10
-8
-8
-4
5
10
5
0
-7
-7
0
8
9
-1
-12
-8
0
6
14
-2
-13
-2
0
5
6
-9
-7
4
6
8
3
-6
0
2
-1
3
0
-3
-1
0
-1
-7
-7
-1
0
1
5
2
-1
2
0
3
4
-1
0
0
-5
2
2
-7
-3
-5
-3
4
5
4
0
-4
-3
4
9
-1
-3
0
0
7
2
-2
-2
-4
-1
0
1
-4
-5
2
1
1
1
-1
1
1
0
3
2
-1
-3
2
2
0
0
-9
-3
1
-1
2
2
-6
-1
3
0
5
1
-9
0
0
-1
6
0
-4
4
4
-2
2
3
-4
2
3
-2
0
1
0
2
0
-5
0
0
-2
2
1
-3
0
0
0
0
1
0
0
-1
0
3
0
1
0
0
3
0
-1
3
0
0
0
-1
-1
0
0
0
0
0
0
-2
-2
0
-1
-1
1
0
0
0
0
2
0
-1
0
0
0
0
0
0
0
-1
0
0
-2
0
1
0
1
0
0
0
2
0
0
0
-1
-1
0
-1
0
0
0
0
0
1
0
0
0
0
0
-1
-3
-1
0
-1
1
1
1
0
0
0
2
0
0
0
-2
0
0
-2
2
0
-2
1
1
-1
0
0
0
2
0
-2
1
0
-2
0
0
-1
0
0
0
1
0
0
0
0
0
0
0
0
0
0
1
-1
-1
1
0
1
0
-1
0
0
0
0
0
0
1
0
0
0
-1
0
0
0
0
0
-1
0
1
-1
-1
0
0
-1
-1
-1
1
0
-2
1
0
0
0
-1
1
1
0
2
1
0
0
0
0
0
0
0
0
0
1
0
0
0
0
0
0
0
0
0
0
0
1
0
-1
-1
0
0
0
0
0
0
0
-2
0
0
-1
1
-1
0
0
0
0
0
1
0
-1
0
1
1
0
0
1
1
0
0
0
0
-1
0
0
0
1
-1
0
-1
0
0
0
0
0
-1
-1
0
0
0
-1
0
0
-1
0
0
0
2
0
0
0
0
0
0
1
1
0
0
0
0
0
-1
0
1
0
0
0
0
0
0
-1
0
0
0
-1
0
0
0
0
1
0
0
0
0
0
-1
0
-1
0
2
0
0
0
1
0
-1
0
0
0
0
0
0
0
-1
0
0
0
0
-1
0
0
-1
0
0
0
0
0
0
0
-1
0
0
-1
0
1
-1
0
0
0
0
0
1
1
0
1
0
1
0
0
1
1
0
0
0
0
1
0
-1
-3
0
0
-2
-2
0
-3
-2
-1
-1
0
-1
0
0
-1
0
2
0
0
2
1
1
1
1
1
0
1
-1
0
1
-2
0
0
0
0
-1
0
-1
0
0
-1
-1
-1
0
0
1
0
1
0
0
1
0
0
1
0
0
0
1
0
0
0
0
-1
0
0
0
0
0
1
1
-1
0
1
-2
0
0
-1
0
0
-1
-1
0
0
-1
-1
-1
1
0
-1
0
0
0
0
0
0
0
0
0
0
0
0
0
0
0
0
0
0
0
1
0
1
0
0
1
0
0
0
-2
0
0
0
0
0
0
1
0
-1
0
0
0
0
0
0
-2
-2
0
0
-1
2
0
0
0
-1
0
1
1
0
0
0
0
0
0
1
0
1
0
-2
0
0
0
1
0
0
0
-1
0
0
-3
-1
0
-1
-1
1
-1
0
1
0
0
2
1
-1
0
1
0
1
0
-1
0
1
2
1
0
0
0
0
0
0
-1
0
0
0
0
0
0
0
0
-1
0
0
0
0
0
0
0
0
0
0
0
0
0
0
0
-1
0
0
0
1
0
-1
0
1
0
0
0
0
1
1
0
0
0
0
0
0
0
-1
0
0
0
0
1
1
0
-1
0
0
0
0
-1
0
0
0
0
-2
0
0
0
0
0
0
1
0
0
0
0
2
0
0
0
0
0
0
0
0
0
1
0
-1
0
0
0
0
0
0
1
0
-1
1
1
0
1
0
0
0
0
0
0
0
0
0
0
0
1
0
0
0
-2
-1
1
0
0
1
0
0
0
-1
0
1
0
0
0
0
0
0
0
0
-1
1
0
0
0
0
0
0
0
0
0
0
0
0
0
0
1
0
0
1
0
0
0
0
1
0
0
0
0
0
0
0
0
-1
-1
0
0
0
0
0
0
0
0
1
0
0
0
0
1
1
0
0
-1
-2
0
1
0
0
0
0
0
0
0
0
0
0
-2
-1
0
0
0
0
0
1
1
0
0
1
0
0
0
0
0
0
0
0
-1
-1
0
0
1
-1
0
2
0
1
1
-1
0
0
0
0
0
1
0
1
1
0
0
0
2
0
-1
-1
-1
0
0
-2
0
0
-2
-2
-1
0
-1
-2
0
0
2
0
0
1
2
1
1
0
1
1
1
1
2
2
1
1
0
-1
0
-1
-2
-1
-1
0
1
1
0
0
-1
-3
-3
-3
-3
-3
0
1
3
5
5
4
5
3
2
2
-1
-3
-1
-1
-1
0
-2
-1
-1
-4
-4
-5
-7
-8
-6
-3
-3
2
4
8
8
10
9
7
7
1
-1
0
-2
0
3
4
5
6
3
0
-1
-7
-10
-10
-11
-11
-6
-5
-2
1
1
0
2
0
-2
-3
-1
-1
0
3
6
10
10
11
10
8
5
2
-2
-5
-4
-6
-4
-3
-3
0
-4
-4
-5
-6
-5
-4
-2
-1
-1
0
3
4
4
3
2
3
2
4
3
3
2
2
0
-1
0
-1
-3
-2
-3
-1
-1
0
0
2
0
-1
1
-1
-2
0
0
0
0
1
1
2
2
0
0
-1
-3
0
-2
-3
0
-1
-1
1
0
0
0
0
-1
-3
-1
0
-1
-1
0
0
0
0
0
2
0
0
3
1
0
3
0
0
2
0
1
3
2
3
3
2
2
2
0
-1
0
-3
-3
-3
-2
-1
-1
0
-1
0
0
0
0
-1
-2
-1
-1
-3
-1
0
1
2
2
4
3
1
2
1
1
0
0
-1
-1
0
-2
-2
-1
0
0
0
0
0
1
1
0
0
0
-1
0
0
-1
0
0
0
-1
1
0
0
0
0
0
-1
0
0
0
0
0
0
-1
-1
1
1
1
2
1
0
0
1
0
0
1
0
0
0
0
0
0
-1
0
-2
-2
1
0
0
0
0
0
0
0
0
1
1
0
-1
0
0
-1
0
1
0
-1
0
0
0
0
0
2
0
-1
1
0
-1
0
0
0
0
1
0
0
1
0
0
1
-1
0
0
0
0
0
0
0
-1
0
0
0
0
0
0
1
-1
0
1
0
0
0
0
0
0
1
0
0
0
0
0
0
0
-1
0
1
0
0
0
0
-1
0
0
0
0
0
0
0
0
0
0
0
0
0
0
0
-1
-1
0
0
-1
0
0
1
0
0
0
1
0
-1
0
1
0
0
0
0
0
0
0
0
0
0
0
0
0
0
1
1
0
0
0
0
0
0
0
-1
1
0
0
0
0
0
1
-1
-1
0
0
0
0
1
0
0
2
2
-1
1
1
0
0
0
1
0
-1
0
0
-1
-2
-2
0
0
0
0
0
0
0
2
-1
-2
0
2
1
0
0
1
1
0
0
1
1
0
0
2
0
-2
0
0
0
-1
-1
-1
-1
0
0
-1
-1
0
1
0
0
0
-1
0
2
0
0
1
0
0
0
2
0
0
0
0
-1
-1
2
0
-1
0
1
0
-2
-1
2
0
-2
1
3
0
0
1
2
-1
-1
0
0
-1
-4
0
0
-4
-2
-1
-1
-2
-2
0
0
0
1
1
0
2
1
2
2
3
4
2
1
3
1
0
0
0
0
0
0
1
-1
0
0
0
-2
-3
0
-2
-4
0
0
0
-2
-1
1
0
-1
-1
1
0
-2
-1
1
1
0
0
0
2
0
0
0
1
0
0
1
1
0
1
2
0
1
0
0
1
0
-1
0
0
0
0
0
-2
0
-1
-1
0
0
0
0
1
2
1
0
1
2
1
1
1
0
0
0
0
0
0
0
0
-1
0
-1
-1
0
0
-2
0
0
0
0
0
0
0
1
0
0
1
0
-1
0
0
0
0
-1
-2
0
-1
0
0
0
0
0
0
0
-1
1
1
0
1
1
0
2
2
0
0
0
0
0
1
0
-1
-1
0
0
0
0
-2
0
0
-1
0
0
0
0
0
0
0
1
0
0
0
0
0
1
0
-1
0
0
0
0
2
0
0
0
0
0
0
0
0
0
0
0
0
1
0
0
0
0
0
0
1
0
0
0
0
-1
0
0
0
0
0
-1
0
0
0
0
0
0
0
0
1
2
1
0
0
0
1
0
0
0
0
0
-1
0
-1
0
0
-1
-1
-1
0
0
-1
0
0
0
0
0
0
1
1
0
0
1
0
0
0
0
0
0
0
0
0
0
0
0
0
0
0
0
1
0
0
-1
-1
0
0
0
0
0
0
0
0
0
0
0
0
0
0
0
0
0
0
0
0
1
0
0
0
0
0
0
0
0
1
0
0
0
0
0
0
0
0
0
0
0
0
0
0
-1
0
1
0
0
0
0
-1
0
0
0
0
1
0
1
1
1
0
0
0
0
0
-1
0
0
0
0
-1
0
1
0
1
0
-1
0
0
0
0
0
0
0
0
0
0
0
0
-1
0
1
0
0
0
0
0
0
-1
-1
0
0
-1
1
0
-1
0
0
3
1
0
0
0
2
0
1
1
0
0
0
-1
0
0
0
0
-2
-2
0
0
-1
0
0
-1
-1
0
0
0
0
1
0
0
0
0
1
0
1
1
0
0
0
0
0
1
1
1
0
0
0
0
0
0
-1
0
0
-2
0
0
-1
-1
0
0
-1
0
0
-1
0
0
1
0
0
0
0
0
0
1
0
1
0
0
1
1
0
1
1
0
0
-1
0
0
-1
0
0
0
-1
0
0
0
0
-1
0
0
0
0
0
0
0
0
0
0
1
-1
0
0
-1
0
0
-1
0
0
0
0
0
1
0
0
-1
0
1
0
-1
0
1
0
0
0
0
0
-1
-1
0
0
-1
0
-1
-1
0
0
0
0
0
0
-1
0
0
3
0
0
0
-1
0
0
0
0
0
2
0
0
0
0
0
-1
0
0
-1
0
0
0
1
1
0
-1
0
0
0
1
0
-1
0
0
0
0
0
0
0
1
1
0
0
0
0
-1
-1
0
0
0
0
0
0
0
0
0
0
0
-1
-1
0
-1
0
1
1
0
0
0
0
0
0
0
0
1
0
0
0
0
0
0
0
0
0
0
0
0
0
0
0
0
-1
0
0
-1
0
0
0
0
0
-1
0
1
0
-1
0
0
0
0
0
0
0
0
0
0
0
0
0
0
0
0
0
0
1
0
0
0
0
0
0
-1
0
0
0
0
0
0
0
0
0
-2
0
0
0
0
0
0
0
0
0
0
1
0
-1
0
0
0
0
1
0
0
0
0
0
0
0
0
0
0
0
0
1
0
0
0
0
0
0
0
0
0
0
0
0
0
0
0
-1
0
0
0
0
-1
-1
0
0
0
0
1
-1
-1
0
-1
0
0
0
0
0
0
0
1
0
0
0
0
0
0
1
1
0
0
0
1
0
0
0
0
0
0
0
0
0
0
-1
-1
0
0
0
0
0
0
0
0
-1
0
-1
-1
-1
-1
-1
0
0
0
0
-1
0
0
-1
0
1
2
1
1
0
0
0
0
0
1
0
1
0
0
0
0
0
0
0
0
0
0
0
-2
0
0
-1
-1
0
0
0
0
0
-1
0
0
0
0
0
1
-1
0
0
0
0
0
0
0
0
0
0
0
0
0
0
1
0
0
0
-1
0
0
-1
0
0
-1
0
-1
0
0
0
0
0
0
0
0
0
0
0
0
0
1
0
0
0
0
0
1
0
0
0
0
0
-1
0
0
0
1
0
-1
-1
0
0
0
0
0
0
0
-1
0
0
0
0
0
0
0
0
-1
0
1
0
0
0
0
-1
0
0
0
0
-1
0
0
0
1
0
0
0
0
0
1
0
0
1
0
0
-1
-1
0
0
0
0
0
0
0
0
0
-1
0
-1
-1
0
-2
-1
-1
0
0
0
0
1
0
0
0
-1
0
0
0
1
0
0
2
0
0
0
0
0
1
0
0
0
0
0
0
0
0
0
0
0
0
0
-1
0
0
-1
0
0
0
0
-1
0
0
0
0
0
0
-1
0
0
0
0
0
0
0
1
0
0
0
0
0
1
0
0
0
0
1
0
0
0
0
0
0
0
1
0
0
0
0
0
0
0
-2
0
0
0
0
0
0
0
0
1
1
0
0
0
1
-1
0
0
-1
-1
-1
-1
0
0
0
-1
0
-1
0
0
0
0
0
0
1
2
1
1
2
1
1
1
1
2
2
0
0
2
0
0
1
0
-1
0
0
-1
0
-1
-2
-2
-2
-1
0
-1
-1
-1
-1
0
0
0
0
-1
0
0
0
0
0
0
0
0
0
0
0
0
0
0
1
1
0
0
0
1
0
1
0
2
1
0
1
0
0
0
0
0
-1
0
0
0
-2
0
0
-1
0
0
-1
0
0
0
0
0
0
1
0
0
1
0
0
0
0
0
0
0
0
0
0
0
2
0
-1
-1
0
0
0
0
0
0
-1
1
-1
-1
0
-1
0
0
1
0
0
-1
0
0
0
1
0
0
0
0
0
0
0
0
0
0
0
0
0
1
0
-1
0
0
0
0
0
-1
-1
0
0
-1
0
0
0
0
0
0
0
0
0
0
0
0
0
0
-1
0
1
0
0
1
0
0
0
0
1
0
0
1
1
0
0
-1
0
0
-2
0
0
0
-1
0
0
0
0
0
-1
0
0
-1
0
0
0
0
0
0
1
0
0
0
0
0
1
0
0
0
0
0
0
0
0
0
0
2
0
-1
0
0
0
0
0
0
-1
-1
0
0
0
0
0
0
0
0
-1
0
1
0
0
0
1
2
2
0
-1
0
0
0
1
0
-1
0
0
0
0
0
-1
-1
0
0
0
0
0
0
0
0
0
0
0
0
0
0
0
0
0
1
0
0
0
0
0
-1
0
-1
-1
0
0
2
0
0
0
0
1
0
0
1
0
0
0
0
0
0
-1
1
0
0
0
0
0
0
0
0
0
0
0
0
-1
0
-1
0
2
0
0
0
0
0
-1
0
2
0
0
1
0
0
1
1
0
-2
0
0
-1
0
0
0
1
0
0
1
0
0
0
0
-1
0
0
0
0
0
0
0
2
0
0
0
0
0
0
-1
-1
0
0
1
0
0
1
0
0
-1
0
0
-1
-1
0
0
0
0
1
1
0
1
0
0
0
0
-1
0
0
-1
-1
0
0
0
0
0
0
0
0
0
0
-1
-1
0
0
0
0
0
1
1
1
0
0
2
0
1
1
0
2
2
0
0
1
0
0
0
0
-1
0
-1
-2
-2
-1
-2
0
-2
-1
-1
-2
0
-1
-1
0
-1
0
0
-1
-1
2
0
0
0
2
1
2
1
0
2
2
2
1
0
1
2
1
0
0
1
0
-1
0
-1
-1
0
0
-1
-1
0
0
-2
-1
-2
-2
0
-1
-1
0
0
-2
0
0
0
0
0
0
0
0
1
0
0
1
0
1
3
0
0
1
2
0
1
0
0
0
0
0
-2
0
0
0
0
0
-1
-1
-1
0
0
0
-1
0
0
-1
-2
0
0
-2
0
2
0
-1
0
0
0
-1
0
1
1
-1
0
2
0
0
1
1
0
0
1
1
-1
0
0
0
0
2
2
-3
0
2
-3
-1
5
1
-7
0
6
-5
-6
8
1
-9
2
8
-10
-4
13
-1
-10
9
5
-11
0
10
-3
-7
6
2
-5
2
5
-2
-2
5
2
-1
1
1
-2
0
-2
-2
0
-1
-2
0
0
-1
0
0
2
-1
-2
2
1
-1
0
2
0
-1
0
0
-1
-4
0
2
-1
0
3
0
0
2
1
0
-2
2
2
-3
0
1
-4
0
3
-5
-5
1
3
-2
-1
4
0
-5
2
5
-4
-2
6
-1
-4
2
1
-1
-1
3
1
-5
1
3
-1
-1
0
0
0
0
0
2
0
-1
4
1
-3
0
3
-1
0
1
-3
-3
0
1
0
-1
0
-1
-1
1
2
0
0
1
1
-2
0
1
-1
0
0
0
0
0
0
2
1
0
1
1
0
1
0
0
-2
-2
0
-2
-2
2
0
-2
0
1
0
0
-1
0
1
-1
0
2
-1
-1
1
0
-1
0
0
0
0
0
0
0
0
0
0
0
0
0
2
1
-1
-1
1
0
-1
1
0
-1
0
1
0
0
1
1
0
1
0
0
-1
0
0
-2
1
0
-1
0
0
-1
-1
0
0
0
0
0
0
0
0
1
0
0
0
1
1
0
0
0
0
0
0
0
0
0
-1
0
0
0
0
0
0
-1
0
1
0
0
0
0
1
0
0
0
1
0
0
0
0
0
0
-2
0
1
0
0
0
-2
0
1
0
0
0
0
0
0
0
0
0
0
0
0
0
0
2
0
0
1
1
0
0
0
0
0
0
0
0
0
0
-1
0
-1
0
-1
0
0
0
0
0
-1
0
0
0
-1
0
0
0
0
0
0
0
0
0
0
-2
0
0
1
0
0
0
2
0
0
0
1
0
0
0
0
-1
0
0
0
0
0
0
0
-1
0
1
0
1
0
0
0
0
0
0
1
1
0
0
0
-3
0
1
0
0
-1
0
1
0
0
1
1
0
-1
0
0
-1
0
0
0
1
1
0
0
0
0
0
0
1
0
0
0
1
0
-1
0
0
0
-1
0
0
-1
0
0
0
-1
-2
0
0
0
1
0
0
0
0
0
1
0
0
0
0
0
0
1
0
1
0
0
0
-1
0
1
0
1
0
0
0
0
0
0
-1
0
0
0
0
-1
0
0
1
0
0
0
-1
0
0
0
1
0
-1
0
0
0
0
0
0
1
0
1
0
0
0
0
0
0
0
2
1
-1
0
0
0
0
-1
0
-1
0
0
0
0
0
0
0
0
0
0
0
0
1
0
-2
0
1
0
0
0
0
0
0
0
0
0
1
0
1
0
-1
0
0
-1
-1
0
0
-1
-1
0
-1
0
2
0
0
0
0
0
1
0
0
1
0
0
0
2
0
-1
0
0
0
-1
0
0
0
0
-1
2
0
-2
1
1
-1
-1
1
0
0
0
0
0
0
0
0
-1
0
0
-1
0
1
-1
0
1
-1
-1
0
1
1
0
1
0
0
0
0
0
0
0
-1
-1
0
-1
1
1
-1
0
0
-1
0
3
0
0
0
-1
-3
-1
0
1
0
0
0
0
1
2
1
0
-1
0
0
0
0
0
0
0
0
0
0
0
-1
-1
0
0
-2
0
2
0
2
0
1
1
-1
0
1
0
0
-2
0
0
0
-1
0
0
0
-1
1
0
0
0
0
0
2
-1
0
0
0
0
0
1
0
-1
0
-1
0
0
-1
0
0
0
0
-1
0
0
0
-1
0
0
0
-1
1
1
-1
0
1
0
0
0
1
2
0
0
0
0
0
0
-1
0
1
0
0
0
0
0
0
-1
0
1
-1
-1
1
0
1
0
0
0
0
-1
0
0
0
0
0
0
-2
-1
0
0
0
1
0
0
1
2
-1
-1
2
0
-2
0
1
1
-1
0
2
0
-1
0
2
0
0
0
1
0
0
0
1
0
-1
-1
0
0
0
-2
0
0
0
0
0
0
0
-1
0
1
0
0
1
1
0
-1
0
1
1
-2
-1
0
1
0
1
0
0
-1
-1
1
0
-1
0
0
0
1
0
-2
-1
-1
-2
-1
1
0
4
5
0
0
0
-1
0
0
0
1
0
0
2
0
0
0
0
0
-2
0
1
0
0
0
0
-2
-1
1
-1
0
0
0
0
1
0
-1
0
1
-1
1
0
0
1
0
0
0
0
0
1
0
0
-1
1
1
1
1
0
-1
-1
0
-1
-1
1
0
-1
0
0
-1
-1
0
0
1
2
0
0
2
0
-1
-1
0
0
0
1
2
0
0
0
-1
0
1
-2
0
0
0
1
0
0
0
1
0
0
-1
0
0
0
0
0
1
1
0
0
1
1
0
0
0
0
0
-1
-1
-1
-1
0
0
-1
-1
-1
-3
-2
-2
-1
0
0
0
1
2
3
5
2
2
3
6
5
3
3
2
0
1
1
-1
-3
-3
-3
-2
-4
-6
-5
-5
-5
-5
-4
-3
-2
0
0
0
2
1
2
4
5
3
2
5
5
2
2
1
1
2
0
-1
0
0
-1
-1
-1
0
-1
-3
-1
-2
0
0
-1
-1
0
1
0
-1
0
2
0
-1
0
0
1
0
-1
0
0
0
-1
0
1
1
0
0
2
1
1
3
1
1
0
1
0
-1
-2
0
-1
-2
-1
0
-1
-1
0
0
-1
-1
0
0
0
0
0
0
0
0
0
0
0
0
1
0
0
0
0
0
0
0
0
0
0
1
1
0
0
1
1
0
1
1
0
-1
0
0
1
0
0
0
-4
0
0
-3
0
1
0
-1
-3
2
1
0
-2
0
2
0
-1
-3
0
6
0
-4
0
5
0
-4
3
1
-6
-1
3
4
1
-7
0
6
-1
0
-5
-4
7
3
2
-13
-5
14
6
1
1
-4
-6
-13
0
19
11
3
-13
-34
8
23
76
-10
-184
-2
154
53
-50
-64
-9
44
13
-7
-11
7
-48
-18
62
57
-23
-69
2
39
-16
-23
10
16
1
0
-5
-15
21
-9
-19
2
9
-15
7
37
14
-48
-27
54
11
-50
0
45
13
-21
-13
-8
7
22
20
-10
-28
16
20
-5
-1
-13
-5
21
0
-15
-6
19
14
-14
-29
-10
-1
13
20
-10
-2
-13
-6
12
1
-6
-11
-15
-1
24
6
-1
2
-25
-1
31
4
-17
-20
8
32
1
-4
-3
-5
0
-5
-2
15
4
-3
3
-1
-13
-5
16
9
-13
-2
0
0
10
-5
-7
6
5
-3
0
-7
-1
19
7
-15
-12
-2
1
17
4
-7
-3
-5
-5
4
7
-3
-2
0
11
0
-9
2
-2
-4
4
6
-5
-3
7
9
-3
-13
-5
6
7
0
-4
-5
-1
-2
3
5
-2
-5
-7
-1
7
6
5
-7
-12
3
9
-1
-2
1
1
5
2
-2
-1
1
0
1
1
0
-4
-7
0
6
0
-2
-3
-2
1
3
4
0
-4
-5
-2
2
0
1
-1
0
4
3
0
0
0
3
2
-2
-1
1
0
-3
-1
5
1
-2
-2
-3
3
0
-5
0
1
-1
0
0
-1
0
-1
-2
1
0
-1
0
0
-1
-1
2
4
-1
-5
0
3
0
0
1
2
1
0
1
2
-2
-1
0
-2
2
0
0
3
0
0
-1
-1
0
-3
-3
1
3
-1
-3
-1
1
-2
-1
0
0
1
0
1
4
0
-1
1
1
2
0
0
3
0
-2
1
3
-3
-3
2
1
-3
-1
2
-1
-3
0
0
-1
-3
1
1
-3
-1
1
1
0
0
1
2
0
1
3
1
-1
0
1
-1
-1
0
0
0
0
1
1
-3
0
1
0
0
-1
0
1
0
0
0
0
-1
0
2
0
-1
0
0
0
1
0
0
0
0
0
0
0
-2
0
0
0
0
0
1
0
-1
2
2
-1
0
0
-1
2
2
-1
0
0
0
0
0
-1
0
0
0
0
0
0
0
0
0
-1
0
0
-1
0
1
-1
0
1
-1
-1
1
0
-1
0
0
1
0
0
1
0
-1
1
0
-2
2
0
-2
1
-1
-1
2
0
0
2
0
0
1
0
-1
0
0
0
0
0
0
0
0
0
0
0
1
-1
-1
2
0
-1
0
-1
0
1
1
-1
0
0
0
2
0
-1
0
0
0
-1
0
2
0
0
2
0
0
0
-1
1
0
0
0
0
0
0
0
0
0
0
0
-1
-1
0
1
0
-1
0
0
0
0
0
1
0
0
0
1
0
0
0
0
0
0
0
1
0
0
0
0
0
0
0
0
-1
-1
0
0
0
-1
-1
0
0
-1
0
0
0
0
0
1
1
-1
0
0
0
0
1
0
0
0
0
0
0
0
1
0
0
2
0
0
1
0
0
0
0
0
0
0
0
1
1
0
-1
-1
-1
-1
-1
0
1
0
-1
1
0
0
1
-1
0
0
0
0
1
0
0
0
0
-1
1
0
-1
1
0
-1
1
0
0
0
0
0
0
-1
-1
0
1
0
0
0
0
0
0
0
0
0
1
0
0
-2
-1
1
0
0
0
2
0
0
0
0
-1
0
0
0
0
0
1
0
0
0
0
0
0
-2
0
1
0
1
0
-1
0
0
0
0
0
0
0
-1
0
1
0
-1
1
1
0
0
2
0
0
0
0
0
0
-2
0
1
1
-1
-1
0
0
-1
0
0
0
0
0
0
2
0
1
0
0
0
0
0
0
0
0
0
0
0
0
0
-1
0
0
-1
1
0
0
0
0
-1
0
-1
0
1
0
-1
0
0
0
0
0
1
0
-1
0
0
-1
2
0
0
1
0
0
0
0
1
0
-1
1
1
0
0
0
0
0
0
-3
0
0
-1
0
1
0
0
0
0
2
0
-1
0
0
0
0
0
1
0
1
0
-1
0
0
0
0
0
0
0
0
0
0
0
0
0
1
0
-2
0
0
-1
1
0
0
1
0
0
0
0
0
0
-1
0
0
0
0
2
0
0
1
0
-2
1
0
-2
0
0
0
1
0
0
0
0
0
-2
0
0
0
-1
0
0
0
0
0
0
1
1
0
0
0
0
0
0
0
0
-1
-1
1
1
0
0
0
0
0
0
-1
0
-1
0
0
0
0
0
0
0
1
0
0
1
0
0
0
0
0
0
0
0
-1
0
0
0
0
0
0
0
-1
0
0
0
0
0
-1
0
0
0
0
-2
0
1
2
1
0
0
0
1
1
0
0
1
0
-1
1
1
1
0
-1
0
-1
-1
1
0
-2
0
0
0
0
0
0
0
0
0
1
0
0
0
0
-1
-2
1
2
1
-1
-1
0
0
0
0
0
1
-2
-2
0
1
2
0
1
0
0
1
0
0
0
0
0
0
0
0
0
-1
0
0
0
0
0
0
1
0
0
0
1
0
0
0
1
0
0
0
0
0
0
-1
0
-1
0
1
0
0
0
0
-2
0
0
-1
0
-1
0
0
1
0
0
1
0
0
0
1
0
0
0
-3
-1
0
-1
0
0
1
0
-1
-1
-1
0
-1
0
2
0
0
0
-1
-2
0
0
1
0
2
1
-1
1
2
1
1
1
1
0
0
-1
-2
0
0
0
0
1
1
-1
-1
0
0
-1
0
0
-1
0
1
0
-1
1
0
-2
0
2
0
0
1
0
0
0
-1
-1
0
1
1
0
0
0
-2
0
0
0
0
0
1
1
2
0
-1
0
-1
0
0
0
0
0
0
0
0
0
0
0
0
1
2
0
0
0
0
0
0
0
0
0
0
0
0
0
-1
0
0
0
0
0
-1
0
0
2
1
-1
0
0
0
0
0
-1
0
0
0
1
-1
0
0
0
0
0
0
0
0
0
0
0
0
0
0
0
0
0
0
0
0
0
1
2
0
0
0
0
-2
-1
0
0
0
0
0
0
1
0
0
1
0
-1
0
2
2
0
0
-1
0
0
0
-1
1
0
0
1
1
1
0
0
0
0
-1
1
1
-1
-1
0
0
0
-1
0
1
0
0
0
0
1
0
1
0
-1
2
0
1
-1
-1
1
0
0
0
0
0
0
0
-1
0
0
0
0
0
0
0
1
0
0
1
0
0
0
0
0
0
-2
0
0
-2
0
0
-1
0
-1
-1
-2
-1
0
1
0
0
0
0
1
0
1
0
1
0
0
1
1
0
1
2
0
0
0
0
0
0
0
-2
0
0
0
2
0
-1
0
0
-1
-1
-1
0
-1
0
0
0
0
0
1
0
-1
0
-1
-2
-1
0
0
1
0
1
0
0
1
0
0
1
0
1
0
1
1
1
0
-1
0
0
-1
0
0
0
0
0
0
-1
0
-1
0
0
0
-1
0
-1
0
0
0
1
0
0
0
0
0
0
0
0
0
0
0
1
0
0
0
0
0
0
0
1
0
0
0
0
0
1
0
0
0
0
0
0
0
0
0
0
0
0
0
0
0
0
0
0
1
0
0
-1
0
0
-1
0
0
0
0
0
0
0
0
1
2
0
0
1
0
-1
0
0
-1
0
0
-1
0
0
0
0
0
0
0
0
-1
1
0
0
-1
0
1
0
0
1
1
1
-1
0
0
-1
0
0
-1
0
0
0
0
0
0
0
1
0
0
0
0
0
1
0
0
-1
0
0
-1
0
0
0
0
1
0
0
0
0
0
0
0
0
0
0
0
-1
0
0
0
0
0
-2
0
0
0
1
1
0
0
0
-1
0
0
0
0
1
0
0
0
0
0
0
0
1
0
0
0
0
0
-1
0
0
0
-1
0
0
0
0
1
1
0
1
0
0
0
-1
0
-1
0
1
0
0
0
-1
0
0
0
0
0
1
0
1
0
0
0
-1
-1
0
0
0
-1
0
1
0
0
1
0
-2
0
1
0
-1
0
0
-1
1
0
-1
0
0
1
1
0
0
1
0
-1
0
0
-1
0
1
0
0
0
1
0
-1
0
1
0
0
0
0
1
0
0
1
-1
0
1
0
-1
0
0
0
0
0
0
1
0
0
2
1
0
0
0
0
-1
-1
0
0
-1
0
0
0
0
0
1
0
0
0
1
0
0
0
0
0
0
0
0
0
0
0
0
0
-1
0
0
0
0
0
0
0
-1
0
1
0
0
0
0
1
0
-1
-1
0
0
0
0
-1
0
0
1
0
1
0
1
0
-1
0
3
0
-2
0
0
0
-1
0
0
-1
0
1
0
0
-1
0
2
0
-1
0
0
-2
0
2
0
0
0
0
0
0
0
1
-1
0
0
-1
-1
0
0
0
0
0
0
1
1
0
-2
-1
1
0
0
-1
0
0
0
0
0
1
0
0
1
1
0
-1
0
-1
0
-1
0
0
-1
0
0
0
0
0
0
0
0
0
0
0
0
0
1
1
0
0
0
0
0
0
0
0
1
0
0
0
0
0
0
-1
-1
0
0
0
1
1
1
0
-1
0
0
0
0
0
0
1
1
1
0
-1
-2
0
0
0
0
-1
0
1
0
-1
0
0
0
-1
0
1
1
1
0
0
1
0
0
-1
0
0
1
1
0
0
0
0
-1
0
0
0
0
1
1
0
0
0
0
0
0
-2
0
0
0
0
-1
-1
0
0
0
0
2
0
0
0
-2
0
1
0
0
0
0
-1
0
1
0
0
0
-1
0
0
1
0
0
0
-1
0
0
1
2
0
0
0
0
-1
0
0
0
0
0
0
0
0
1
0
0
-1
-1
0
0
0
0
0
1
0
0
-1
-1
-1
0
0
0
0
0
0
1
0
0
0
0
0
0
0
0
0
-1
0
1
0
0
0
0
0
0
1
0
0
1
0
0
0
0
0
1
0
0
0
0
0
0
0
0
0
0
0
0
0
0
1
0
0
0
0
0
-1
0
0
-1
0
0
0
1
0
0
0
0
0
0
0
0
0
1
0
0
0
0
0
0
0
0
0
0
0
0
0
0
0
0
0
0
0
0
0
0
0
-1
0
0
0
0
1
0
1
0
0
0
0
0
0
0
0
0
0
0
1
0
0
0
0
0
0
0
0
0
0
0
0
-2
0
0
-1
0
1
1
0
0
1
-1
0
0
0
-1
1
0
-1
0
0
0
0
0
0
0
-1
0
1
0
0
0
0
1
1
0
0
2
-1
0
0
0
0
0
0
1
0
1
0
0
0
-1
-2
0
0
-2
0
0
0
0
0
0
1
0
0
0
-1
-1
0
0
0
1
1
0
0
1
-1
0
0
0
0
0
0
0
0
0
0
0
0
0
0
1
0
0
0
0
0
0
0
0
0
0
1
0
0
0
0
0
0
0
0
-1
0
0
0
0
0
0
0
0
1
0
1
0
0
0
0
0
0
0
0
1
0
0
0
-1
-1
0
0
0
0
0
0
1
0
0
0
-1
0
0
0
0
0
0
0
1
0
0
1
1
-1
0
1
0
1
0
0
-1
0
0
0
-1
-2
0
1
0
0
0
0
0
0
0
0
-1
-1
0
1
0
0
0
1
0
-1
0
0
1
0
0
0
0
0
1
0
0
0
-1
0
0
0
0
0
0
0
0
0
0
0
0
0
-1
1
2
0
0
0
0
0
0
0
-1
1
0
0
1
0
0
0
0
-1
0
0
0
-1
0
0
0
0
1
1
0
0
0
-1
0
0
-1
-2
1
1
0
-1
-1
0
0
0
-1
1
1
1
0
0
0
0
0
-1
0
0
0
0
0
0
0
0
0
0
0
0
0
0
0
1
0
0
0
0
0
0
0
0
0
0
0
0
0
0
0
-1
0
0
0
0
0
0
0
0
0
0
0
0
-1
0
0
0
-1
0
0
-1
-1
0
0
0
0
0
0
0
1
1
0
0
0
1
0
0
1
1
0
0
0
0
0
0
0
-1
0
0
1
0
0
0
0
0
-2
0
0
0
0
0
0
0
0
0
0
0
0
1
0
0
0
1
0
0
0
0
0
0
0
0
0
0
0
-1
0
-1
0
1
-1
0
1
0
1
0
0
0
0
0
2
0
0
0
0
0
0
0
0
0
0
1
0
0
1
0
0
-1
0
0
1
1
0
0
-1
-1
0
0
0
0
0
0
0
0
0
0
0
0
0
0
-1
0
0
2
0
0
0
0
0
0
0
0
0
1
0
1
0
0
1
0
-1
0
0
0
-1
0
0
0
0
0
0
1
0
-1
0
0
-1
0
0
1
0
0
1
0
0
0
-1
0
0
-1
-1
0
0
0
0
0
0
0
0
0
0
1
0
0
0
0
0
0
0
0
0
1
0
0
1
0
0
1
0
0
0
0
0
0
0
0
0
1
0
0
1
0
0
0
0
0
0
0
0
0
0
1
0
0
1
0
0
0
-1
2
0
0
0
-1
0
0
-1
0
0
1
0
0
0
0
0
0
0
0
0
0
0
1
0
-1
0
0
0
-1
0
0
0
0
0
1
0
0
2
-1
0
0
-1
0
0
0
1
0
0
0
0
0
0
0
1
0
0
0
0
0
0
0
0
0
0
0
-1
-1
-1
-2
0
0
-1
0
0
0
0
1
1
1
0
0
0
-1
-1
0
1
1
0
0
0
0
1
0
1
0
-1
0
0
-1
0
0
0
0
0
0
0
1
0
0
-2
0
0
0
0
0
0
0
0
0
0
0
1
0
-1
0
0
0
1
1
0
0
0
0
0
0
0
0
0
0
0
0
0
0
0
0
-1
0
-1
0
1
0
-2
1
1
0
1
0
0
0
0
0
1
0
0
0
-1
-1
0
1
1
0
0
0
0
0
0
0
0
0
0
0
1
0
-1
0
0
0
0
0
0
0
1
0
-1
0
0
1
0
0
1
0
1
0
0
0
0
0
0
-1
0
1
1
0
-1
0
-1
0
0
-1
0
-1
0
1
0
0
0
0
0
1
0
0
0
0
1
0
0
1
0
0
0
0
-1
0
0
0
-1
0
0
0
0
0
0
0
0
0
0
1
0
0
0
-1
-1
0
1
0
0
-1
1
0
0
0
0
0
0
0
0
0
0
0
1
0
0
0
0
0
0
0
0
1
0
0
-1
0
0
-1
0
0
0
0
0
0
0
0
0
0
0
0
0
0
0
0
0
0
0
0
-1
0
0
0
1
1
0
0
1
-1
-1
-1
0
0
0
0
0
0
0
0
0
0
-1
0
0
0
0
0
0
-1
0
0
0
0
0
1
0
0
0
0
0
0
-1
0
0
1
1
0
0
0
0
0
0
0
0
0
0
0
0
0
-1
-1
0
1
1
0
0
0
0
0
0
0
0
0
0
0
0
0
0
0
0
1
0
0
0
0
0
0
0
-1
0
0
0
0
0
0
0
0
0
0
0
0
0
0
0
0
0
0
0
0
0
0
0
0
0
0
0
0
0
0
0
0
1
0
0
-1
0
0
0
0
0
1
0
0
0
0
0
0
0
1
0
0
0
0
0
-1
-1
0
0
0
0
0
0
0
1
-1
0
1
0
-1
0
0
0
0
0
0
1
1
0
1
-1
0
0
0
0
0
0
0
0
0
0
0
0
-1
1
0
-1
0
1
0
0
-1
-1
0
-1
0
0
0
0
0
0
0
-1
0
0
-1
0
0
0
0
0
0
0
0
-1
0
0
0
0
0
0
0
0
0
0
0
0
1
0
0
0
0
0
0
0
0
0
0
0
0
1
0
0
0
0
0
-1
0
-1
0
0
0
0
-1
0
0
1
1
0
0
0
0
1
0
0
0
0
1
0
0
0
0
0
0
0
0
0
0
0
0
0
0
0
0
0
0
-1
0
0
0
0
0
0
0
0
0
0
0
0
0
0
0
0
0
0
-1
-1
0
0
0
0
0
0
0
0
0
0
0
0
0
0
0
0
0
0
0
0
0
0
0
0
0
0
0
0
-1
-1
0
0
0
0
0
0
0
0
0
0
0
0
0
0
0
0
0
0
0
0
0
0
0
0
0
0
0
0
0
0
0
0
-1
0
0
0
0
0
0
0
0
0
0
0
0
0
1
0
0
0
0
1
1
1
0
0
0
-1
0
0
-1
0
0
-1
0
-1
0
0
0
0
0
0
0
0
0
0
0
0
0
0
0
0
0
0
0
0
0
1
0
0
0
-1
0
1
0
0
-1
0
0
1
0
0
0
0
0
0
0
0
0
0
0
0
0
0
0
0
0
0
-1
0
1
0
0
0
0
1
0
-1
0
0
1
0
0
0
0
0
0
0
0
0
0
0
0
0
0
0
0
0
0
0
0
0
0
0
0
0
0
0
0
0
1
0
0
1
0
0
0
0
0
0
0
1
0
-1
-1
0
0
0
0
0
0
0
0
0
0
0
0
0
0
0
0
0
0
0
-1
0
0
0
0
0
0
0
1
0
0
0
-1
0
0
0
0
0
0
0
0
0
0
0
0
0
0
0
0
0
0
0
-1
0
0
0
0
0
0
-1
0
0
0
0
0
0
0
1
0
0
0
-1
0
0
0
0
-1
-1
0
0
0
1
0
0
0
0
0
0
0
0
0
0
0
0
0
0
0
1
0
0
0
-1
0
0
0
0
0
1
0
-1
0
-1
0
0
0
0
0
0
-1
0
0
0
0
0
0
0
0
0
0
0
0
0
0
0
0
0
0
0
0
0
0
0
1
0
0
1
0
0
0
0
1
0
0
0
0
-1
0
0
0
0
0
0
0
0
0
0
0
0
1
0
0
1
0
0
0
-1
0
0
0
0
0
0
0
0
0
0
0
0
0
0
0
0
0
0
0
0
0
1
0
0
0
0
0
0
-1
0
-2
0
0
0
-1
0
0
-1
0
0
0
0
0
0
1
0
1
1
0
1
0
0
0
0
0
-1
0
-1
0
0
0
0
0
0
0
0
0
0
0
0
0
0
0
0
0
0
0
-1
0
-1
0
1
0
0
0
0
0
0
0
0
-1
0
0
0
0
0
1
0
-1
0
0
0
0
0
0
0
0
0
-1
0
0
0
0
-1
0
0
0
0
0
0
0
1
-1
0
0
0
0
0
0
0
0
0
0
0
0
0
-1
0
0
0
0
-1
0
0
0
0
0
0
0
0
0
-1
0
0
0
0
0
0
0
0
0
0
0
1
0
0
0
0
0
0
0
0
0
0
0
0
0
0
0
0
-1
0
0
0
1
0
0
0
0
-1
0
0
0
0
0
0
0
0
0
0
0
0
0
0
0
0
0
0
0
0
0
0
0
0
0
0
0
0
0
0
0
0
0
0
0
0
0
0
0
0
0
0
0
0
0
0
0
0
0
0
0
0
0
0
0
0
0
0
0
0
0
0
0
0
0
1
0
0
0
0
0
0
0
0
0
0
-1
0
0
0
0
0
0
0
0
1
0
0
-1
-1
0
0
0
0
0
0
0
1
0
0
0
-1
0
0
0
0
0
0
0
0
0
0
0
0
0
0
0
0
-1
0
0
0
0
0
1
1
0
0
0
0
0
0
0
0
0
0
0
-1
0
1
0
0
0
-1
0
0
0
0
0
0
0
1
0
0
0
0
0
0
-1
0
-1
0
0
0
0
1
0
0
0
0
0
0
0
0
0
0
0
0
0
1
-1
0
1
1
0
0
0
0
0
0
0
0
0
-1
0
0
0
0
0
-1
-1
0
2
0
0
0
0
1
1
0
0
-1
0
0
0
0
0
0
0
1
0
0
0
0
0
-1
-1
-1
-1
0
0
1
0
1
1
0
0
0
0
0
1
0
0
0
2
0
0
0
0
0
0
0
-1
0
1
0
0
0
1
0
-1
-1
0
0
0
0
0
0
0
0
0
-1
0
0
0
0
0
0
0
0
-1
0
1
0
0
0
-1
0
1
0
0
0
0
0
-1
0
0
0
0
0
0
0
1
0
0
0
0
0
0
0
0
0
0
0
0
0
0
0
0
0
-1
0
0
-2
0
0
0
0
0
0
0
0
-1
0
0
0
0
0
0
0
0
1
0
0
0
0
0
0
0
0
0
-1
0
0
0
0
0
-1
0
1
0
0
0
-1
0
0
0
0
0
0
0
0
0
0
0
0
0
0
0
0
0
0
0
0
0
0
0
0
0
0
0
0
0
0
0
0
0
0
0
0
0
0
0
0
0
-1
0
0
0
0
0
0
0
0
0
0
0
0
0
0
0
0
0
0
0
0
1
0
0
0
1
0
0
0
0
0
0
1
0
0
0
0
0
0
-1
0
0
0
0
0
0
0
0
0
0
0
0
0
0
0
0
0
0
0
0
0
-1
0
0
0
0
-1
0
0
0
0
0
0
-1
0
0
0
0
0
0
0
0
0
0
0
-1
0
0
0
0
0
0
0
0
0
-1
0
0
1
0
0
0
0
1
0
0
0
0
0
0
0
0
0
0
0
0
0
0
0
-1
0
0
0
0
0
0
0
0
1
0
0
0
0
0
0
1
1
0
0
0
0
0
-1
0
-1
0
0
0
-1
0
0
1
0
0
0
0
-1
0
0
0
0
-1
0
0
0
1
0
0
0
0
0
0
-1
0
0
0
0
0
0
0
0
0
0
1
0
0
0
0
0
0
0
0
0
0
0
0
0
0
0
0
0
0
0
0
0
0
-1
0
0
0
0
-1
0
0
0
0
0
0
1
0
0
-1
0
0
-1
0
-1
-1
0
0
0
0
0
0
1
0
0
0
0
0
0
0
0
0
0
0
2
0
0
0
0
0
0
0
0
0
0
0
0
0
0
1
0
0
0
-1
0
0
0
0
0
0
0
0
0
-1
0
0
-1
0
0
0
0
0
0
1
0
-1
0
0
-1
0
0
0
1
0
0
1
0
1
-1
1
0
-1
0
-1
0
0
0
0
0
0
0
0
0
0
0
0
0
0
1
0
0
0
0
0
0
0
0
0
0
0
0
0
0
0
0
1
0
0
0
0
0
0
0
0
0
0
0
0
0
0
0
0
0
0
1
0
0
0
0
0
0
0
0
0
0
0
0
0
0
0
0
0
0
0
0
0
0
0
0
-1
0
0
0
0
0
0
0
0
0
1
0
0
0
1
0
0
0
0
0
-1
0
0
0
0
0
0
0
0
-1
1
0
0
0
-1
0
0
0
1
0
0
0
0
0
0
0
-1
0
1
0
-1
-1
0
0
0
-1
-1
-1
0
0
0
0
0
0
1
0
0
0
0
0
0
0
0
0
0
0
0
0
0
0
0
-2
0
0
0
2
0
-1
0
0
0
0
0
1
0
0
0
0
0
0
1
0
0
0
0
0
0
0
-1
0
1
0
0
0
0
0
0
0
0
0
0
0
0
0
1
0
0
0
0
0
0
0
0
0
0
0
0
0
0
0
-1
0
1
0
0
0
0
0
0
0
0
0
0
0
0
0
0
0
0
0
0
0
0
0
0
0
0
0
0
0
0
0
0
0
0
1
0
0
0
0
0
-1
0
0
0
0
0
0
0
0
0
0
0
1
0
0
1
0
0
0
0
1
0
1
0
0
-1
0
0
0
0
0
0
0
0
0
1
0
0
0
0
0
0
0
0
1
0
0
0
0
0
0
0
0
0
0
0
0
0
0
0
-1
0
1
0
-1
0
0
1
0
0
0
0
0
0
0
0
0
0
0
-1
0
0
0
0
0
0
0
0
0
0
-1
0
0
0
0
0
0
0
0
0
1
1
0
0
0
0
0
0
0
0
0
-1
0
0
0
0
0
0
-1
0
0
0
0
0
0
-1
0
0
0
0
0
0
0
0
1
0
0
0
0
0
0
0
0
1
0
0
0
0
0
1
-1
0
0
0
0
0
0
0
0
0
0
0
-1
0
0
0
0
0
0
0
0
0
0
0
0
0
0
0
0
0
0
0
0
1
2
0
0
-1
0
0
0
0
0
0
0
0
0
0
0
0
0
1
0
0
0
0
0
0
0
-1
0
0
0
0
0
0
0
-1
0
0
0
0
0
0
0
0
0
0
0
0
0
0
0
0
0
0
0
0
0
0
0
0
0
0
0
0
0
0
-1
0
0
0
0
0
0
0
-1
0
0
0
0
-1
0
1
0
0
0
1
0
1
1
0
0
0
0
0
0
0
0
0
0
1
0
0
0
0
0
0
0
0
0
0
0
-1
-1
-1
0
-1
0
1
0
0
0
0
0
0
-1
1
1
0
0
0
0
0
0
0
0
0
0
0
0
0
0
0
0
0
0
0
0
1
-1
-1
0
0
0
-1
0
0
0
0
0
0
-1
0
0
-1
0
0
0
0
1
0
0
0
0
0
0
0
0
-1
0
1
0
0
0
1
1
1
1
0
0
0
0
0
0
0
0
0
0
-1
0
0
0
-1
-1
-1
-1
0
-2
0
1
0
0
0
0
0
0
0
0
0
1
1
1
0
0
0
0
0
-1
1
0
0
0
0
1
0
0
0
0
0
0
0
0
0
0
0
0
0
0
0
0
-1
0
-1
-1
1
0
0
-1
0
0
0
0
1
0
0
0
0
0
0
1
0
0
0
0
0
0
0
0
0
-1
0
0
0
0
0
0
0
0
0
0
0
0
0
0
0
0
0
0
0
0
0
0
0
0
0
1
0
0
0
0
-1
1
0
0
0
0
0
0
0
2
0
0
-1
0
0
0
1
0
0
0
-1
-2
0
0
1
1
0
0
0
-1
0
1
0
0
0
0
0
0
0
1
0
0
0
0
0
0
0
0
0
0
-1
0
0
0
1
0
0
0
0
0
-1
0
0
0
0
0
0
0
0
0
0
0
0
0
0
1
0
0
0
0
0
0
0
0
-1
0
0
0
0
-1
0
0
0
0
1
0
-1
0
0
0
0
0
0
0
0
-1
-1
0
0
0
0
0
0
0
0
0
0
0
0
0
1
0
0
0
0
0
0
0
0
0
0
0
0
0
-1
0
0
0
0
0
-1
-2
0
0
0
0
0
0
0
0
1
1
0
0
0
0
0
0
0
0
0
0
0
0
0
0
0
0
0
1
0
0
0
-1
0
0
0
0
0
1
1
0
1
1
0
0
1
0
0
0
0
1
0
0
0
0
0
0
0
-1
0
0
0
0
0
0
0
0
0
0
0
0
1
0
0
0
0
0
-1
0
0
0
-1
0
0
0
0
0
0
0
0
1
0
0
0
0
0
0
1
0
2
0
0
1
-1
0
-1
-1
-1
-1
0
0
0
1
0
0
0
0
0
0
0
0
1
1
0
0
0
0
1
-1
0
-1
0
0
0
0
0
0
0
0
0
-1
0
0
1
1
2
1
0
0
0
-1
0
0
0
0
0
0
0
0
0
0
0
0
0
-1
1
1
0
0
0
0
0
0
1
-1
0
0
0
0
1
0
0
0
0
0
0
0
-1
0
0
0
-1
-1
1
0
0
0
0
0
0
0
1
0
0
0
0
0
0
0
0
0
0
1
1
0
0
-1
0
0
0
0
0
0
0
0
-1
0
0
0
0
-1
0
0
0
0
0
0
0
0
0
0
0
0
0
1
0
1
0
0
0
0
0
0
0
-1
-1
0
0
0
0
1
0
0
0
0
0
0
0
0
0
0
1
0
0
0
0
-1
0
0
0
0
1
0
0
0
0
0
0
0
0
0
0
1
0
0
1
0
0
0
0
0
-1
0
0
0
0
0
0
0
0
0
0
0
0
-1
-1
0
0
0
1
0
0
0
-1
0
0
1
0
0
0
0
0
0
1
0
0
0
0
-1
-1
0
-1
0
0
-1
0
1
0
0
0
0
0
0
0
0
0
2
0
-1
0
0
1
0
0
0
0
0
0
-1
-1
0
0
0
2
0
0
0
-1
1
0
-1
-1
0
2
1
0
0
-2
-1
0
0
0
0
0
0
0
0
0
0
0
0
0
0
1
0
0
0
0
1
0
0
0
-1
0
0
1
1
-1
0
0
-1
0
0
0
0
0
-1
0
0
0
0
0
0
1
1
0
0
0
0
0
1
0
0
0
0
0
0
-1
0
0
0
0
0
1
0
0
-1
0
0
-1
-1
0
0
0
0
0
0
0
0
0
0
0
0
0
0
0
0
0
0
0
0
0
-1
0
0
0
0
0
0
1
0
0
0
0
0
0
0
0
1
0
0
0
0
0
0
-1
0
0
0
0
0
0
-1
0
0
0
0
0
0
0
0
0
0
0
0
0
0
0
0
0
0
0
1
-1
-1
0
0
0
0
0
0
0
0
0
0
1
0
-1
0
0
0
0
0
-1
0
1
0
0
0
0
0
0
0
0
0
0
0
0
0
1
0
0
0
-1
-1
0
0
0
0
0
0
1
0
0
0
0
-1
-1
0
0
0
0
0
0
0
0
1
0
0
0
0
1
0
0
0
0
0
0
0
0
0
0
0
0
0
0
0
0
0
1
0
0
0
0
0
-1
1
0
0
0
0
0
0
1
0
-1
0
0
0
0
0
-1
0
0
0
0
-1
-1
1
0
0
0
0
0
0
0
0
-1
0
0
0
0
0
0
1
1
-1
0
0
0
0
0
0
-1
0
1
0
0
0
0
1
0
-1
0
0
0
1
-1
0
0
0
0
0
0
0
0
0
1
-1
-1
0
0
0
0
-1
0
1
0
-1
-1
1
1
-1
0
-1
0
0
0
1
0
0
-1
0
1
0
0
0
0
0
0
0
0
0
0
0
0
0
1
0
0
0
0
0
1
0
0
0
0
1
0
0
0
0
0
0
0
0
0
0
-2
-1
0
0
1
0
-1
0
0
1
0
0
0
0
0
0
-1
0
1
0
-1
0
0
0
0
0
0
0
0
0
0
0
0
0
0
0
0
0
0
0
0
0
0
0
0
0
0
0
0
0
1
0
0
0
0
0
-1
0
0
0
-1
0
0
0
0
0
0
0
0
0
0
0
0
0
0
0
0
-1
0
0
1
0
0
0
-1
0
0
0
-1
0
1
0
0
0
0
0
0
0
0
0
-1
0
0
0
0
1
0
0
0
0
0
0
0
0
0
0
0
0
0
0
0
0
0
0
0
0
0
1
0
0
0
0
-1
0
0
0
1
0
1
0
0
0
0
0
0
0
0
0
0
0
1
0
0
0
0
-1
0
0
0
-1
0
0
0
-1
0
0
0
0
0
0
0
0
0
1
0
0
1
0
0
0
0
0
0
0
1
1
0
0
0
0
0
0
0
0
0
0
0
0
0
0
0
0
0
0
0
0
0
0
-1
-1
0
0
-1
0
-1
0
0
-1
1
0
-1
0
0
0
0
1
1
0
0
0
0
1
2
0
0
2
0
0
0
1
0
0
-1
0
0
0
0
1
0
0
0
-2
0
-1
0
0
0
1
0
-1
0
0
0
-1
0
0
0
0
0
0
0
-1
0
0
0
0
0
0
0
0
0
0
0
0
0
-1
0
0
0
1
0
0
0
0
0
0
0
0
0
0
0
-2
-1
0
-1
0
1
0
1
0
0
0
0
0
0
0
0
0
0
0
0
1
0
0
0
0
0
0
0
0
0
0
0
0
0
0
0
0
0
0
0
0
0
0
0
1
0
0
0
0
0
0
0
0
0
0
0
1
0
0
0
0
-1
0
0
0
0
0
0
0
0
0
-1
0
0
0
0
-1
0
0
0
0
0
0
0
0
0
0
-1
0
0
0
0
0
0
0
0
1
0
0
0
0
0
0
0
0
0
0
0
0
0
0
0
-1
0
1
0
0
0
0
0
1
0
0
0
0
0
0
0
0
0
0
0
-1
0
0
0
0
0
0
0
-1
0
0
0
0
1
0
0
0
0
0
0
0
0
0
0
0
0
0
1
0
0
0
0
0
0
0
-1
0
0
0
1
0
0
0
0
1
0
-1
-1
0
0
0
1
1
0
1
0
0
0
-2
-1
0
0
0
1
0
0
0
0
0
0
-1
0
0
0
1
1
0
0
0
0
0
0
0
0
0
0
0
0
-1
0
0
0
0
1
0
0
0
0
0
-1
0
0
0
1
0
0
0
0
0
0
0
0
0
0
0
-1
0
0
1
0
0
0
0
0
0
0
0
-1
0
0
0
0
0
0
0
0
0
0
0
0
1
0
0
0
0
0
0
0
0
1
0
0
0
0
0
0
0
0
-1
0
0
-1
0
0
0
0
0
0
0
0
-1
0
0
0
0
0
0
1
1
0
0
0
-1
1
0
0
0
0
0
0
0
0
1
0
0
0
0
0
-1
0
0
0
0
0
0
-1
0
0
0
0
0
0
0
0
0
-1
0
0
0
0
0
0
0
0
0
0
0
0
0
0
0
0
0
0
0
0
0
1
0
0
0
0
0
0
0
0
0
0
0
0
0
0
1
0
0
0
0
0
0
0
-1
0
0
0
0
0
0
0
0
-1
0
0
0
0
0
0
0
0
0
0
0
0
0
0
0
0
0
0
-1
0
0
0
0
0
0
0
1
0
1
0
0
0
0
-1
0
0
0
0
0
0
0
-1
0
0
0
0
0
1
0
0
0
1
0
0
0
1
1
0
0
0
0
0
0
0
0
0
0
0
0
0
0
0
0
0
0
0
0
0
0
0
0
0
0
-1
0
0
0
0
0
0
0
0
0
0
0
0
0
0
0
0
0
1
0
0
0
0
0
0
0
0
0
0
0
0
0
0
0
0
0
0
0
0
0
0
0
0
0
0
0
0
0
0
0
0
0
0
0
0
0
0
0
0
0
0
0
0
-1
0
0
0
0
0
0
0
0
0
-1
0
0
-1
0
0
0
0
0
0
0
0
1
0
0
0
0
0
0
0
0
0
0
0
0
0
0
0
0
0
0
0
0
0
0
0
1
0
0
0
0
0
0
0
0
0
0
0
-1
0
0
0
0
0
0
-1
0
0
0
0
-1
0
0
0
0
1
0
0
1
0
1
1
0
0
0
0
0
0
0
0
-1
0
0
0
0
0
0
0
0
0
0
0
0
0
0
0
0
0
0
-1
0
0
0
1
0
0
0
0
0
0
0
0
0
0
1
0
0
0
-1
0
0
0
0
0
0
-1
0
0
0
0
0
0
-1
0
0
0
0
0
0
0
0
0
0
0
0
0
0
1
1
0
1
0
0
0
0
0
0
0
-1
0
0
0
0
0
0
0
0
0
0
0
0
0
0
0
0
0
0
0
0
0
0
0
0
0
0
0
0
0
0
0
0
0
1
1
0
0
0
0
0
0
0
0
0
0
0
0
0
0
0
0
0
0
0
0
0
0
0
0
0
0
0
0
0
0
0
1
0
0
0
0
0
0
0
0
0
0
0
0
0
0
0
0
0
0
0
0
0
0
0
0
0
0
-1
0
2
0
-1
0
0
0
0
0
0
0
-1
0
1
0
0
-1
0
0
-1
0
0
0
0
-1
0
0
0
0
0
0
1
0
0
0
0
0
0
0
0
0
0
1
-1
0
0
0
0
0
0
0
1
0
0
0
0
0
0
0
0
-1
0
0
0
0
0
0
0
0
0
0
0
0
0
0
0
0
0
0
0
0
0
0
0
0
0
0
0
0
-1
0
0
0
1
0
0
0
0
0
0
0
0
0
0
0
0
0
0
0
0
0
0
0
0
0
0
0
0
0
0
0
0
0
0
0
0
0
0
0
0
0
0
0
0
0
0
0
0
0
0
-1
0
0
0
0
0
0
0
0
0
0
0
0
0
0
0
0
0
-1
0
0
0
0
0
0
0
0
0
0
0
0
0
0
0
0
0
0
1
1
0
0
0
1
0
0
0
1
0
0
0
0
-1
0
1
0
0
0
0
0
0
0
-1
0
1
1
0
0
0
0
0
0
0
-1
0
0
0
0
0
0
0
0
0
0
0
1
0
0
0
0
0
-1
0
0
0
0
0
0
0
0
0
0
-1
0
0
0
0
0
0
0
0
0
0
1
0
0
0
0
0
0
0
1
0
-1
0
0
0
0
0
0
0
-1
0
0
-1
0
0
-1
0
-1
0
0
0
0
0
0
0
0
0
0
0
0
0
0
-1
-1
0
0
0
1
0
0
0
0
0
0
0
1
0
0
0
-1
0
0
0
0
0
0
0
0
0
0
0
0
0
0
0
1
1
0
0
0
0
0
0
0
0
0
0
0
-1
0
0
-1
0
0
0
0
0
0
0
0
0
0
0
0
0
0
1
0
0
0
0
0
0
0
0
0
0
0
0
0
0
0
0
0
1
0
0
0
0
0
0
1
0
0
0
0
0
0
0
0
0
2
-1
0
0
0
0
0
0
0
0
0
0
0
0
-1
0
0
-1
0
0
0
0
0
1
0
-1
0
0
0
-1
0
0
0
0
0
0
0
0
0
0
1
0
0
0
0
0
0
0
0
0
0
0
0
0
0
0
1
0
0
0
0
0
0
0
0
0
0
0
0
0
0
0
0
0
0
0
0
-1
0
0
0
-2
0
0
0
0
0
0
0
0
1
0
1
1
1
0
0
1
0
0
0
-1
-1
0
0
0
0
0
0
0
0
0
0
0
0
0
0
0
0
0
0
1
0
0
1
0
0
0
0
0
0
0
0
-1
0
0
0
0
0
0
0
0
0
0
0
0
0
0
0
-1
0
1
1
0
0
0
0
0
0
0
0
0
0
0
0
0
0
0
0
0
0
0
0
1
0
1
0
1
0
0
0
0
0
0
0
0
0
0
-1
-1
0
0
0
0
0
0
0
0
0
0
0
0
0
0
0
0
0
0
0
0
0
0
0
0
1
0
0
0
0
0
0
0
1
0
0
0
0
0
0
0
0
-1
0
0
0
0
0
1
0
0
0
0
0
0
0
0
0
0
0
0
0
0
0
-1
0
0
0
0
0
-1
0
0
0
0
0
-1
0
0
0
1
0
0
1
0
0
0
0
0
0
0
1
0
0
1
0
0
0
0
0
0
0
0
0
0
0
0
0
0
-1
0
0
0
0
0
0
1
0
-1
0
0
0
0
0
0
0
0
0
0
0
0
0
0
0
1
0
0
0
-1
0
0
0
1
0
0
2
0
0
0
0
0
0
0
0
0
-1
0
1
0
0
0
0
0
0
0
0
-1
0
1
1
0
0
0
0
0
0
0
0
0
1
0
0
0
0
0
-1
0
-1
0
0
0
0
0
0
0
0
0
0
0
0
0
0
1
0
0
0
0
0
-1
0
0
0
1
0
0
0
0
0
0
0
0
0
0
0
0
0
0
0
0
0
0
0
0
0
0
0
0
0
0
0
0
0
0
0
0
0
0
0
-1
0
0
-1
0
0
0
0
0
0
0
0
1
0
0
0
0
0
1
1
1
0
0
0
0
0
0
0
0
0
0
-1
0
0
0
0
0
0
-1
-1
0
0
0
0
0
0
0
0
0
0
0
0
0
0
0
0
0
0
0
-1
0
0
-1
1
0
0
0
0
0
0
1
0
0
0
0
0
0
0
0
0
0
0
0
0
0
0
0
0
0
0
0
0
0
0
0
1
0
0
1
0
0
0
0
0
0
0
0
-1
0
0
0
0
0
0
0
0
0
1
0
0
0
0
0
0
0
0
0
0
0
0
0
0
-1
0
0
0
0
0
0
0
0
0
0
0
0
0
0
0
0
0
0
0
0
0
0
0
0
0
0
0
0
0
0
0
0
0
0
0
0
0
0
0
0
0
0
-1
0
0
0
-1
-1
0
0
0
0
0
0
0
0
0
0
-1
0
1
0
0
0
0
0
0
0
0
0
0
0
0
0
0
0
0
0
0
0
0
0
0
0
0
0
1
1
0
-1
0
-1
0
0
0
0
0
0
0
1
0
0
0
0
0
0
0
0
1
1
0
0
0
0
0
0
0
0
0
0
0
0
0
0
0
-1
0
0
0
0
0
1
1
0
0
0
0
0
0
0
0
0
0
0
-1
0
0
0
0
0
0
0
0
1
0
0
0
0
1
0
0
1
1
0
0
1
0
0
0
-1
0
0
0
0
0
0
0
0
0
0
0
0
0
-1
0
-1
-1
0
0
0
0
0
0
-1
0
0
0
0
0
0
1
0
0
0
0
0
0
0
0
0
0
0
-1
0
0
0
0
-1
0
0
0
0
0
0
0
0
0
0
0
0
0
0
0
0
0
0
0
0
-1
0
0
0
1
0
1
0
-1
0
0
-1
-1
0
0
0
0
0
2
0
0
0
0
0
0
0
0
0
1
0
0
0
-1
0
0
-1
0
0
0
0
1
0
0
1
0
0
0
0
1
1
0
0
0
1
0
0
-1
0
2
0
-1
1
0
-1
0
0
0
1
0
0
0
0
0
0
0
0
0
0
0
0
0
0
0
0
0
0
0
0
0
0
-1
1
0
0
0
0
0
0
0
0
0
0
0
0
0
-1
1
0
0
1
0
0
0
-1
0
0
0
0
0
0
1
0
0
0
-1
0
-1
0
0
0
0
0
0
0
0
0
0
0
0
0
0
0
0
0
0
0
0
0
0
1
1
0
0
1
0
0
-1
-1
0
0
0
0
0
-1
0
0
0
0
0
0
0
0
0
0
-1
0
0
0
1
0
0
0
0
-1
0
-1
0
0
0
0
0
0
0
0
0
0
0
0
0
0
0
0
0
0
0
0
1
0
0
1
1
0
0
0
0
0
0
0
0
0
1
0
0
1
0
-1
0
0
0
0
0
0
-1
0
0
-1
0
0
0
0
0
0
0
0
0
0
0
1
0
0
0
1
1
0
0
1
0
0
0
0
0
0
0
0
0
-1
0
0
0
0
0
0
1
0
0
0
0
0
0
0
0
-1
0
1
-2
0
0
0
1
0
0
0
0
1
0
0
0
0
0
1
-1
0
0
0
0
0
0
1
0
0
0
0
0
0
0
0
0
0
0
1
0
-1
0
0
0
0
0
0
0
0
0
0
0
0
-1
0
0
0
0
0
0
0
0
1
0
0
0
0
0
0
0
1
0
0
1
0
0
0
0
1
0
0
-1
0
0
1
-1
0
0
1
0
0
0
-1
0
0
0
0
0
0
0
0
0
0
-1
0
0
0
-1
0
0
0
0
0
-1
0
0
0
-1
0
0
0
0
0
0
0
0
0
0
0
1
0
1
0
0
2
0
0
0
0
0
0
1
0
0
0
0
0
0
0
0
-1
0
1
0
0
1
1
0
0
0
-1
0
1
0
0
0
1
0
0
0
0
0
0
0
0
-1
0
0
0
0
0
0
0
0
0
0
1
0
0
0
0
1
0
0
-1
0
0
0
0
0
0
0
0
-1
0
0
1
0
0
0
0
0
0
0
0
0
0
-2
0
0
-1
0
0
0
0
1
0
0
1
1
0
0
0
0
0
0
-1
0
0
0
0
0
0
0
0
0
0
0
0
1
0
0
2
0
0
1
-1
0
0
0
0
0
-1
0
0
0
0
0
0
0
0
0
1
0
0
0
0
0
-1
0
0
-1
0
0
0
1
0
0
0
0
0
0
0
0
0
1
0
1
0
0
1
0
0
0
0
0
0
0
0
0
0
0
0
0
0
0
-1
0
0
0
0
0
-1
0
0
-1
0
1
0
0
0
0
0
0
0
0
0
0
0
0
0
0
0
0
0
0
1
0
0
0
0
0
-1
0
0
0
1
0
0
-1
0
0
0
0
0
0
0
0
0
-1
0
0
0
0
0
0
0
1
0
0
0
0
0
0
0
0
0
0
1
0
-1
0
0
0
0
0
0
0
0
0
0
1
0
0
0
0
0
0
0
0
0
1
0
0
0
0
0
0
-1
0
0
0
0
0
0
0
0
0
0
0
0
0
0
0
0
0
0
0
0
0
0
1
0
0
0
0
0
0
0
0
0
0
0
0
0
0
0
0
-1
0
0
0
0
0
0
0
0
-1
0
0
0
0
0
0
-1
0
0
0
1
0
-1
0
0
0
0
0
0
0
0
0
0
1
0
0
0
0
0
1
0
0
0
0
0
0
0
0
0
0
0
0
0
-1
0
0
0
0
-1
0
1
0
0
1
-1
0
0
0
0
0
0
0
0
0
0
0
0
-1
0
0
0
0
0
0
0
0
0
0
0
0
0
0
0
0
0
0
-1
0
-1
0
0
-1
-1
0
0
0
0
1
0
0
0
0
0
0
-1
0
0
0
0
2
0
1
0
0
0
0
0
0
0
0
1
0
0
0
0
0
0
0
0
0
0
0
0
0
0
0
-1
-1
0
0
0
0
0
-1
0
1
0
0
0
0
1
0
0
0
0
0
0
0
0
0
0
0
-1
0
0
0
0
0
0
0
0
0
0
0
0
0
0
0
0
0
1
-1
0
0
0
1
0
0
0
0
0
0
0
0
-1
0
0
0
0
0
0
0
0
0
0
0
0
0
0
0
0
0
0
0
-1
0
0
0
1
0
0
-1
1
1
0
0
0
0
0
0
0
0
0
1
1
0
0
0
0
0
-1
-1
0
0
0
0
0
0
0
0
0
0
0
0
0
0
0
0
0
0
0
0
0
0
1
0
0
0
0
1
0
0
0
0
0
0
0
0
0
0
0
0
0
0
0
0
0
0
1
0
0
0
0
0
0
0
0
0
0
0
0
0
0
0
0
0
0
0
0
0
-1
0
0
1
0
0
1
-1
0
0
0
0
0
0
0
-1
-1
1
0
-1
0
1
0
-1
0
0
0
0
0
0
0
0
0
0
-1
0
1
0
0
0
0
0
0
0
0
0
0
0
0
0
0
0
0
0
0
0
0
0
0
0
-1
0
0
0
0
0
0
0
0
0
0
0
0
0
0
0
0
0
0
1
0
0
0
0
0
0
-1
0
0
0
0
1
0
0
0
0
0
0
0
0
1
1
0
0
0
0
0
0
0
-2
0
0
-1
0
0
0
0
0
0
0
0
0
0
0
0
0
0
1
0
0
0
0
-1
0
0
-1
0
0
-1
0
0
0
0
-1
0
0
0
1
0
0
