0
0
0
0
0
0
0
0
0
0
0
0
0
0
0
0
0
0
0
0
0
0
0
0
0
0
0
0
0
0
0
0
0
0
0
0
0
0
0
0
0
0
0
0
0
0
0
0
0
0
0
0
0
0
0
0
0
0
0
0
0
0
0
0
0
0
0
0
0
0
0
0
0
0
0
0
0
0
0
0
0
0
0
0
0
0
0
0
0
0
0
0
0
0
0
0
0
0
0
0
0
0
0
0
0
0
0
0
0
0
0
0
0
0
0
0
0
0
0
0
0
0
0
0
0
0
0
0
0
0
0
0
0
0
0
0
0
0
0
0
0
0
0
0
0
0
0
0
0
0
0
0
0
0
0
0
0
0
0
0
0
0
0
0
0
0
0
0
0
0
0
0
0
0
0
0
0
0
0
0
0
0
0
0
0
0
0
0
0
0
0
0
0
0
0
0
0
0
0
0
0
0
0
0
0
0
0
0
0
0
0
0
0
0
0
0
0
0
0
0
0
0
0
0
0
0
0
0
0
0
0
0
0
0
0
0
0
0
0
0
0
0
0
0
0
0
0
0
0
0
0
0
0
0
0
0
0
0
0
0
0
0
0
0
0
0
0
0
0
0
0
0
0
0
0
0
0
0
0
0
0
0
0
0
0
0
0
0
0
0
0
0
0
0
0
0
0
0
0
0
0
0
0
0
0
0
0
0
0
0
0
0
0
0
0
0
0
0
0
0
0
0
0
0
0
0
0
0
0
0
0
0
0
0
0
0
0
0
0
0
0
0
0
0
0
0
0
0
0
0
0
0
0
0
0
0
0
0
0
0
0
0
0
0
0
0
0
0
0
0
0
0
0
0
0
0
0
0
0
0
0
0
0
0
0
0
0
0
-5
4
11
3
0
-19
0
39
-15
-32
-7
-7
45
-38
-38
52
-9
-11
-59
-31
97
0
-70
3
19
94
38
-83
-38
6
28
6
-46
-25
43
29
11
-14
-19
39
9
11
7
-33
47
18
-8
-34
-57
22
0
30
0
-73
47
44
8
10
-64
-15
8
-9
16
-22
-17
10
-28
32
26
-67
-7
31
39
27
-31
-3
20
1
9
-23
-35
53
49
-12
-32
-38
80
51
-68
-10
6
-4
-32
-17
42
37
-81
-39
13
38
64
-91
-28
69
16
-37
-50
26
32
-30
-5
-13
33
42
-16
-36
-30
48
19
-28
-12
45
60
-61
-11
68
-23
4
7
0
-34
-47
17
26
-8
-48
-31
30
73
-2
-104
0
-35
79
77
-108
11
-25
63
17
-57
31
-6
-2
8
-21
8
24
7
31
-25
8
4
45
3
-100
4
37
79
17
-100
-20
22
29
14
-101
-30
63
50
7
-116
13
80
12
-33
-71
67
25
-8
-9
5
14
-17
-59
-7
25
36
24
-42
-11
-24
60
27
-43
-52
26
26
-28
26
-1
-3
-5
-33
31
9
37
-48
-21
28
21
40
-51
-13
48
-2
-29
-41
34
60
-73
-26
7
36
-5
7
-3
10
18
51
-1
-83
-7
-20
-13
-5
-1
59
35
-24
-64
15
45
0
-21
-24
18
15
11
-42
-7
51
10
-35
-5
18
24
27
-78
-46
52
54
-1
-52
9
16
45
-37
-3
27
-29
-20
-39
41
13
32
-14
-57
20
38
9
-14
-8
-11
13
-44
13
23
40
-34
-73
69
16
-39
-79
36
52
-15
-18
-43
32
55
36
-45
-69
2
96
8
-62
-3
51
67
-40
-44
-7
-5
4
-12
-1
17
-21
10
0
-18
26
-40
21
50
-1
24
-20
-4
-16
-10
-51
-28
46
-9
35
28
8
25
-20
11
-26
-21
19
-5
-57
-65
-17
70
65
-7
5
34
36
-23
-35
3
21
-40
-36
-15
51
22
-51
32
-3
22
0
-65
7
0
45
-45
-14
58
26
-22
-71
1
-3
-3
-51
24
65
26
-5
5
28
45
-30
-12
3
-44
53
-19
15
-41
-6
29
-27
-9
-53
58
15
1
-21
0
32
-33
4
-14
-5
42
-37
-19
25
-21
0
-34
47
28
10
-22
-9
81
-10
-24
-28
34
-9
12
-53
-12
62
-66
14
-1
62
36
-109
-15
52
13
-28
-39
21
-1
0
41
-53
29
-24
-13
53
-19
-11
-1
65
-2
4
-35
-7
38
-31
5
-78
30
15
-33
19
-15
69
35
-37
16
41
-39
-49
-2
62
4
-63
8
14
16
-47
-37
27
-7
16
15
-38
12
30
-17
16
-35
1
80
-44
-12
-17
-17
34
-3
-11
-24
32
22
34
-23
18
25
-9
15
-20
26
-52
-18
-22
-1
-9
-12
34
-24
-7
6
-2
-22
-6
-20
39
-27
44
56
-38
16
-14
49
1
-45
-30
37
29
0
11
-13
-9
20
17
-65
18
-10
-25
11
-16
32
-1
5
-52
-4
25
-21
4
5
34
-4
48
-23
-25
2
-37
39
-16
-21
-6
3
19
20
-24
-12
53
8
-15
15
13
-20
5
2
9
-42
-12
5
5
23
-53
25
38
2
-50
29
-3
-45
50
-36
18
17
-15
-18
22
9
-40
11
-16
17
19
-45
0
2
11
13
-2
9
13
19
-11
-1
0
31
-37
-33
13
51
7
-43
0
39
5
-6
-9
-9
7
-48
-21
12
40
-24
-72
0
48
2
-12
-16
6
80
-35
-4
53
-2
7
-48
-5
27
45
-10
-84
19
42
-7
-41
-19
22
71
-10
-51
22
-12
17
-19
-43
35
15
-1
-25
-33
48
6
-43
-37
26
108
-26
-91
12
57
-3
-25
-37
23
95
-68
-45
36
25
2
-60
-25
29
29
24
-30
0
98
-2
-21
2
-3
29
-25
-54
25
9
-53
-15
-4
11
-28
-4
17
23
39
-50
17
30
-44
1
7
-17
0
3
40
2
-80
49
93
-41
-32
-20
28
53
-58
-42
23
27
6
-33
-27
22
12
-24
-34
-10
25
36
-16
-7
57
18
-57
27
60
-44
-13
-16
2
42
-51
-14
27
-12
36
8
-36
10
8
-3
6
-50
0
49
-19
8
-34
-1
50
-43
-31
7
14
11
-8
4
13
3
-19
-9
21
18
-27
-16
7
25
3
-56
20
65
-29
-25
9
1
36
-48
-5
41
3
2
-43
1
51
-20
3
2
-33
57
-35
-16
15
-19
20
-22
-5
21
-15
0
-30
-3
81
-23
-39
26
-11
6
19
-60
23
-7
-12
51
-7
34
-9
25
-37
1
26
-59
26
-16
-33
-14
14
27
19
-6
-15
7
22
-20
0
-28
-27
86
25
-24
-40
18
5
5
-13
-36
37
18
-27
-22
37
19
35
-38
-50
23
39
-19
-32
-26
24
52
-51
-5
-9
54
4
-38
-6
-23
-3
31
17
-31
-16
-7
55
7
-8
-31
14
71
-43
-58
-22
40
83
-56
-72
62
30
25
-23
-17
-13
5
33
11
-13
-73
31
20
-1
-5
1
2
-9
25
14
-22
-52
18
23
10
-50
-45
79
39
-5
-22
-55
70
43
-49
-45
-58
61
34
-35
-5
5
44
17
-53
0
24
-6
-15
-5
0
5
15
7
19
11
-41
-1
26
-8
14
-54
-2
51
13
4
-47
1
57
-19
-14
-22
-13
46
-22
-22
-2
7
21
10
-23
-19
18
10
6
-18
-11
1
8
-16
17
-9
4
0
-25
32
-2
11
7
-25
29
29
-66
28
7
-9
21
-59
14
14
4
3
-24
21
32
-1
1
-31
19
2
-49
20
-15
7
-19
-4
60
-23
-18
22
-15
52
-17
-67
45
-10
43
-2
-105
59
65
-32
-40
-17
45
22
-23
-27
-16
41
26
-5
-9
-17
37
32
-46
-41
3
-5
-10
-16
0
22
21
19
9
4
22
-7
-24
12
-40
-21
23
-35
27
5
-32
76
3
-45
14
-12
18
9
-44
2
-1
33
-7
-23
39
-8
39
-23
-37
32
-14
-3
17
-36
25
-6
-25
62
-50
3
10
-30
45
-25
-43
25
-16
40
5
-55
33
11
39
-4
-25
16
-5
-5
-13
-31
28
6
-31
21
-3
24
-4
-3
20
-18
10
-13
-15
30
-42
12
19
-21
37
-34
13
24
-3
-25
-26
26
-14
1
12
-35
10
49
-41
27
-7
-33
66
-43
4
5
-36
41
-11
17
4
-27
23
-8
16
7
-60
20
28
-38
30
-9
-18
42
-25
11
19
-36
17
4
-6
-31
-19
24
14
5
-32
23
45
-9
-20
0
-21
23
7
-32
19
-14
9
36
-14
-51
18
42
3
-36
-17
25
-1
-32
-15
57
6
-35
38
10
-45
10
-8
13
38
-65
-15
58
0
-12
-19
-9
46
18
-33
-48
29
45
-16
-8
1
19
-15
-26
26
-5
-27
10
12
7
7
-26
-24
9
19
-1
-18
-8
27
14
-35
-14
10
21
7
-11
4
13
-9
-26
-2
22
-1
-22
20
39
11
-24
-20
32
11
-19
-11
-5
31
-4
-9
-4
-14
33
-8
1
45
-22
-14
-7
-40
23
18
-24
-19
-3
26
0
-17
-40
-22
66
2
-28
-1
0
40
0
-33
-19
23
26
-29
-23
-3
16
17
-12
-10
46
19
-4
9
-9
13
-12
-5
-25
-13
18
-4
21
-4
14
11
-11
-3
-10
14
-7
-16
-13
5
12
-15
-19
18
41
-26
-20
-7
10
27
-24
-6
19
16
-10
-8
-9
2
26
-9
-10
4
2
-7
-8
0
12
10
-9
0
2
10
-9
-19
15
8
-3
-2
-9
-5
16
-9
-5
-7
-11
25
10
-10
1
1
5
4
-23
-1
-1
-6
1
-7
14
15
-12
-24
1
30
8
-20
-3
14
23
-13
-25
5
12
8
0
0
0
5
-14
-16
26
18
-30
-20
32
-5
-24
11
1
3
-6
-1
9
-10
-17
8
28
-1
-29
6
21
0
-16
-24
9
33
15
-25
-41
26
40
-1
-27
-30
23
27
-4
-4
-10
1
16
-6
-7
1
4
-10
-19
15
4
-4
-5
-13
15
11
-4
5
-1
3
-1
-10
19
3
-26
2
21
0
-12
0
-9
-8
12
0
0
0
-10
0
0
-9
6
21
-5
0
11
-11
3
12
-9
16
19
-12
6
3
-11
-1
-2
-4
7
7
-15
-13
-5
-15
0
7
-9
0
2
0
2
-15
0
19
2
-8
4
15
7
-1
-7
0
18
1
-15
6
7
-1
1
-1
-2
-11
-1
2
-7
-5
0
4
3
-13
-13
10
16
3
-12
-2
17
13
-8
-17
6
13
-6
-6
0
2
4
-5
-11
4
2
2
8
-13
-14
20
17
-13
-12
2
11
16
-12
-25
10
25
-13
-23
1
12
11
-13
-11
14
9
-9
-5
2
2
0
0
0
-1
0
0
5
1
-4
6
-5
-7
15
12
-13
-15
9
18
0
-18
-7
15
13
-12
-14
3
12
8
-13
-11
8
12
-4
-15
0
5
2
-3
-11
-2
8
3
-5
-5
-4
1
8
2
-6
-4
4
7
5
-4
-5
5
12
2
-10
-2
10
7
-4
-5
5
7
-4
-10
0
7
4
-5
-6
-2
0
6
-2
-9
-1
1
6
-4
-6
6
1
0
4
-5
-3
5
0
-7
-1
7
-4
-4
3
-2
5
9
-4
-8
1
3
2
1
0
-8
-1
12
0
-8
2
2
3
4
-9
-13
10
14
-10
-14
4
9
2
-5
-7
4
10
-3
-11
-1
7
8
-4
-12
3
10
-1
-10
-5
3
10
3
-10
-5
12
6
-6
-5
0
7
7
-11
-9
8
10
3
-6
-6
0
3
3
2
-2
-12
-3
14
4
-8
-5
-2
4
7
1
-8
-7
1
3
6
2
-7
-3
5
7
1
-7
0
1
-6
-3
6
4
-3
-6
0
16
7
-11
-7
4
4
4
1
-7
-1
0
0
6
0
-13
0
7
-3
-1
-5
-3
7
-1
-16
2
15
-2
-10
-7
2
12
2
-10
0
5
1
5
5
0
0
2
0
7
10
-2
-7
2
5
0
1
0
-3
-3
0
1
2
-5
-9
-1
3
2
-1
-3
-4
0
3
4
-1
-7
-5
2
7
-3
-14
-1
13
1
-11
-1
7
4
-2
-5
1
10
4
-3
0
2
3
3
-2
-1
4
1
0
0
-2
1
0
-5
-7
2
4
-4
-5
0
4
-1
-2
0
2
-1
-2
1
4
0
-4
2
1
2
1
2
-1
-5
-1
4
3
-6
-2
1
3
-1
-1
-1
0
1
0
0
-1
1
1
-1
0
0
2
0
-1
-1
-2
0
1
0
-1
-1
0
1
0
-1
0
0
1
1
0
0
1
-2
-1
2
1
-1
-1
1
1
0
1
0
1
0
-1
0
-2
-3
0
-1
0
-2
-1
1
1
0
0
1
0
-1
2
3
-1
0
0
0
1
2
1
0
1
0
-3
2
1
-2
-1
0
0
-2
-3
0
0
-1
-1
0
0
0
0
2
0
0
0
-1
1
2
0
1
-2
-3
-1
0
-2
-3
-1
-1
0
4
3
3
6
0
-3
1
2
0
0
1
-1
-5
-3
-1
0
1
1
0
-1
-1
2
1
0
2
-1
-1
-1
-3
-1
-1
0
1
0
1
0
1
1
0
0
-1
-1
-1
-3
-2
-1
1
5
6
7
3
0
-5
-10
-8
-3
-1
4
9
12
9
2
-4
-8
-12
-11
-10
-8
-1
6
12
16
14
7
4
2
-1
-10
-19
-18
-10
-4
-1
0
9
18
20
13
3
0
-8
-10
-6
-6
-5
-1
1
6
1
-6
-5
0
5
3
3
8
6
2
-1
-3
-4
-6
-4
-2
-4
-10
-11
-2
8
9
8
11
14
12
5
-4
-11
-10
-9
-6
-4
-5
-1
2
6
5
4
3
4
4
1
-1
-1
-3
-2
-1
-1
0
0
0
0
-2
-3
-1
0
2
2
6
4
2
0
-3
-5
-5
-1
0
-1
-1
0
1
1
0
1
-1
-2
-1
0
2
0
1
6
6
0
-2
-4
-6
-5
-5
-3
0
2
4
5
3
2
0
-1
1
0
-2
0
0
0
-2
-1
0
0
-1
0
0
0
0
1
0
0
0
3
3
0
-1
-2
-2
-1
0
0
-2
0
2
-2
-2
3
0
0
0
1
0
0
3
2
-1
-2
1
1
-2
-2
-1
0
-1
3
2
-2
3
0
-2
0
0
-2
-1
-1
0
0
-1
0
1
0
0
1
0
1
2
0
0
0
0
0
-1
0
0
0
-1
-1
0
0
0
0
0
0
1
0
-2
0
0
-1
0
1
0
0
0
0
0
0
0
0
0
0
1
0
0
0
0
-2
0
-1
0
1
0
-1
-1
1
2
1
0
1
1
1
-1
0
1
0
0
0
1
0
-2
0
0
1
-3
-2
-1
-1
-1
0
1
0
0
0
0
1
1
0
-1
1
0
0
0
2
1
2
0
-1
-2
-1
-1
0
0
0
0
0
0
1
0
0
0
-2
0
0
0
1
1
0
0
1
0
0
0
0
0
0
1
0
0
0
-1
0
0
0
1
0
0
1
1
-1
0
0
0
0
0
0
0
-1
0
0
1
0
0
-1
0
0
0
1
0
-2
0
0
-1
-1
0
0
0
-1
0
0
2
0
0
0
0
1
0
0
0
0
0
0
-1
0
0
0
0
0
1
1
0
-2
0
0
1
0
0
0
1
0
0
0
-1
0
1
3
0
0
0
0
0
0
0
0
-1
-1
-1
0
0
0
-1
-1
0
0
0
2
0
0
0
0
0
0
0
-1
1
1
1
0
-1
0
0
0
0
0
1
1
0
-3
0
0
1
0
0
2
1
1
-1
0
0
0
1
0
0
0
0
-1
0
0
0
0
-1
0
-1
0
1
0
0
-2
0
2
1
0
0
0
0
0
0
0
1
0
0
0
0
1
0
0
-1
0
1
0
0
0
0
-1
0
2
0
0
-1
0
-1
-1
0
-1
0
0
1
1
0
0
1
0
0
0
0
0
-1
0
1
0
1
0
-2
0
0
0
3
0
0
0
-1
0
0
0
0
0
0
0
0
0
0
1
0
-1
0
0
1
0
-2
-1
0
-1
0
0
0
0
-1
0
0
0
0
-1
0
1
2
0
0
-1
0
0
-1
0
0
0
0
-1
1
0
0
0
0
-1
0
0
0
0
1
2
1
0
1
0
0
0
-1
0
-1
-1
1
0
0
0
0
0
0
-1
-1
-1
-1
0
0
-2
-1
1
1
1
0
1
2
-1
0
0
0
1
0
0
1
0
1
0
0
-1
0
0
-1
-1
-2
-2
1
0
0
0
-1
-1
0
2
0
0
0
2
1
0
0
0
1
0
0
0
1
1
-2
0
0
0
0
0
0
-1
-3
0
0
-2
0
1
1
0
-1
0
1
1
0
1
1
0
0
-1
0
1
-1
0
0
0
0
-1
-2
0
0
1
1
0
-1
0
2
0
0
0
0
2
0
0
-1
0
0
2
1
0
0
-1
-1
0
0
-1
0
0
0
0
-2
0
0
0
0
0
0
0
-1
0
0
0
0
1
0
-1
0
0
2
0
1
2
0
0
-1
-1
0
0
0
2
0
-1
-2
0
4
0
0
1
0
0
-2
-1
0
0
1
1
-1
-1
0
-1
0
-2
-3
1
0
0
0
1
0
0
0
0
-1
0
1
0
-2
1
1
0
0
1
0
1
1
-1
-3
0
-3
0
3
0
1
0
-1
1
1
0
0
0
0
2
0
-1
0
0
0
1
0
-1
-2
-3
-2
-1
0
-1
0
1
0
2
0
-2
-3
-2
2
5
2
-1
-1
3
8
3
-3
-2
0
5
4
0
-7
-1
6
2
-1
-5
-6
0
4
2
-5
-6
-1
3
3
-1
-4
-1
0
0
0
-1
0
1
1
0
0
1
0
0
0
-2
2
3
-1
-2
0
0
1
3
0
0
-1
-1
1
2
1
0
-3
-1
1
1
-2
-3
-1
0
0
0
0
-2
-1
0
0
-1
0
1
1
0
0
2
2
-1
0
2
0
-1
0
0
-1
0
0
1
0
-1
0
0
0
0
0
0
1
0
0
-2
-2
0
0
0
0
-1
0
0
-1
-1
-2
0
2
0
0
1
-1
-1
0
1
0
0
3
0
0
2
2
0
0
1
1
0
1
1
-2
-2
1
0
-1
0
0
-1
0
0
-1
-1
-1
0
0
-1
-1
0
0
0
-1
0
0
0
0
0
2
1
0
0
0
0
1
0
-1
0
1
0
0
1
0
0
2
0
0
1
0
0
0
0
-1
0
-1
-1
0
0
0
-1
-2
0
0
-2
0
0
0
0
-2
0
1
0
2
0
-1
2
1
0
1
1
1
0
0
0
0
0
0
2
1
0
0
0
-1
2
0
0
0
1
0
-1
-1
0
0
0
0
0
0
0
0
0
0
2
2
0
0
0
0
0
0
0
0
0
0
-3
-1
-2
-1
0
0
-1
-1
-1
0
0
1
-2
0
2
0
0
0
0
1
0
1
1
1
0
1
0
1
0
0
1
0
0
0
0
-1
-1
0
0
0
0
0
0
1
-1
-1
1
1
-1
0
1
0
0
-1
0
0
0
0
1
1
0
0
-1
1
0
0
0
0
0
0
0
0
0
-1
-2
-1
-1
0
0
0
0
1
0
0
0
0
1
0
0
0
0
0
0
0
-1
0
1
0
0
0
0
0
1
1
0
0
1
0
0
0
0
0
0
0
0
0
0
0
0
0
1
2
-1
-1
0
-1
0
0
0
0
-1
0
0
0
0
0
0
0
1
0
-2
0
0
-1
0
1
2
0
0
1
0
0
0
0
2
0
-1
0
0
-1
0
1
0
0
0
-1
0
0
0
0
0
0
0
-2
-1
0
-1
1
1
1
0
0
1
0
1
1
0
0
-2
-2
1
0
0
0
0
0
0
0
0
1
0
0
0
0
-1
-2
0
0
0
0
0
0
1
0
-1
-1
0
1
0
0
0
-1
-3
0
1
0
-1
0
0
0
0
0
0
0
0
2
1
0
0
0
1
0
-2
0
0
0
0
0
0
0
1
-1
-2
1
0
0
0
1
0
0
1
0
-1
-1
1
-1
0
0
-2
0
1
0
0
0
1
0
1
0
0
0
-1
-1
0
-1
0
-1
0
1
0
0
0
1
0
0
-1
1
1
0
0
0
1
0
1
0
0
0
0
-1
-2
0
0
0
-1
0
0
0
0
1
1
2
0
-1
1
2
-1
0
0
0
0
0
0
-1
0
-1
-1
0
0
-1
0
0
-1
2
0
-2
0
3
-1
-4
1
5
-2
-6
2
5
-1
-4
1
4
0
-2
0
5
1
-5
-1
3
3
-3
0
4
1
-2
-3
1
3
0
-2
1
1
0
-2
-1
1
1
-2
-1
0
1
0
-1
0
2
0
-1
0
0
-1
-1
-1
0
-1
2
0
-2
3
0
0
0
0
3
0
0
1
1
-1
-1
0
0
0
0
1
0
2
0
0
0
0
0
-1
0
0
0
0
-2
-1
1
1
-1
0
0
0
0
0
0
0
-1
0
1
-1
0
0
0
0
0
0
0
1
0
0
0
-2
-1
0
0
0
0
-1
-1
0
-1
0
1
0
1
0
0
0
0
2
0
0
0
0
-1
0
0
0
-1
0
0
0
0
0
0
-2
-1
0
0
0
0
0
0
0
0
1
0
0
0
-1
0
0
1
0
0
0
0
0
0
0
0
0
-1
0
0
0
0
0
0
-1
0
0
0
-1
-2
-1
0
1
0
0
2
1
0
1
0
-1
-1
-1
-1
-2
0
1
0
1
1
1
0
0
0
0
0
0
0
-1
0
0
-2
0
1
0
0
1
0
0
2
2
-1
0
0
0
-1
-1
-1
-1
0
0
0
0
1
0
2
0
0
0
0
1
-1
0
1
2
-1
-1
0
-1
-1
0
1
0
1
1
0
0
0
0
0
0
-3
0
0
0
-1
-1
0
0
0
0
0
0
0
-1
0
1
0
0
0
1
0
-2
0
0
-1
0
1
2
1
0
-1
-1
0
0
0
2
0
0
-1
-1
0
0
0
0
0
0
0
0
1
-3
-1
0
1
0
-1
0
1
0
0
0
0
-1
0
1
1
1
-1
0
0
0
1
0
0
0
0
0
0
-1
-1
0
0
0
0
-1
0
0
0
0
0
0
0
0
1
2
0
0
1
1
0
0
0
0
1
0
0
0
0
-2
0
0
0
0
-2
-2
1
0
0
-1
-1
0
0
1
0
0
1
1
0
0
1
1
0
-1
-1
-1
-2
-2
-2
0
0
0
0
0
0
3
0
0
1
3
1
0
1
1
0
0
0
-1
0
-1
-2
-3
0
0
0
1
-2
0
0
1
2
0
0
0
0
1
0
0
0
-1
0
1
0
0
0
1
1
0
-1
1
0
1
0
-1
-2
-1
0
0
0
-2
-1
-1
0
0
0
-2
-1
0
0
0
1
1
0
1
0
1
2
0
2
0
0
1
1
0
0
0
0
0
0
0
-2
-1
0
1
-1
-2
0
0
0
0
2
1
0
0
1
0
0
0
0
1
-1
-1
1
-1
0
0
-1
0
0
0
-1
1
0
0
1
0
1
0
0
2
0
-1
0
1
0
0
2
0
0
-1
0
0
-3
-1
3
1
0
0
0
-1
0
-1
0
0
1
0
-1
0
1
-4
0
0
-1
0
0
1
-1
-4
0
2
0
-1
0
0
-1
0
1
1
0
0
0
0
0
-1
2
3
0
0
1
0
-1
1
0
0
1
0
-1
0
-2
0
0
0
0
0
0
0
-1
1
1
0
-2
0
0
0
1
-1
-1
0
-1
0
2
0
0
1
0
0
0
0
0
0
0
1
1
0
-1
0
0
0
1
0
-1
-1
-2
0
0
-2
0
1
0
1
-1
1
1
-2
-3
0
2
-1
0
2
1
0
0
0
0
0
0
0
1
0
-1
0
0
0
3
1
0
0
0
1
1
0
-1
-1
0
-2
-1
2
-1
-2
0
0
2
0
-1
-1
-1
-2
0
0
1
0
1
2
0
0
0
0
0
1
0
-1
0
0
0
0
-1
-1
1
1
0
0
0
0
0
-3
-2
0
0
1
1
1
1
2
0
0
0
-1
0
0
0
-1
0
0
-1
0
1
1
0
0
-1
0
-2
0
2
0
0
0
1
2
0
-1
0
0
0
1
0
0
1
-1
-1
0
0
0
1
-1
1
0
-1
0
-2
0
2
-1
-1
1
0
-1
1
0
-1
0
0
1
1
0
-1
-1
0
0
0
0
0
2
0
-1
0
1
2
0
0
0
0
-1
1
0
-4
1
6
4
-8
-14
2
16
3
-3
1
-6
-2
-2
-10
19
47
10
-37
-28
11
32
10
-20
-23
-10
4
18
14
-8
-27
-20
0
-21
-28
-8
-26
-15
32
5
-14
21
23
8
47
49
-11
-42
-112
-51
71
102
-25
-146
-17
74
-3
-37
-2
-30
-43
-56
0
122
129
79
-11
20
63
107
82
-104
-12
23
-35
100
-10
324
627
-1212
-2051
-209
943
637
227
-275
62
915
720
348
161
3
-152
-375
-513
-599
-327
-443
-274
-334
-761
403
1505
532
-299
4
17
185
720
236
-420
-85
405
-126
-777
-300
256
-5
-274
196
421
-55
-29
22
-865
-907
-394
4
648
855
447
-133
97
617
471
495
133
-605
-638
-104
-347
-1043
-840
49
541
351
-51
205
759
238
-108
280
-281
-499
283
366
-210
120
371
-257
-203
237
60
-157
-78
150
160
-661
-556
360
151
108
-45
-484
-346
432
242
-429
478
316
-296
295
595
26
-314
187
-10
-402
-594
-29
431
-144
-93
-101
-255
-35
569
301
-222
311
-14
-146
-1
-464
-84
403
74
-340
-175
184
443
54
-572
-508
105
467
551
104
-423
-106
-57
-287
84
563
352
-230
-442
-318
553
462
-415
-392
115
450
320
-155
-522
-268
61
396
228
-342
-28
269
11
-689
-460
384
262
-241
-386
457
782
-247
-476
-112
103
528
266
-445
-520
17
498
391
-182
-73
277
-135
-4
281
-186
-378
154
202
-310
-613
-202
886
445
-593
-342
60
280
163
-86
-473
-382
253
498
374
-41
69
126
-440
-190
407
-405
-306
680
52
-556
-307
85
664
226
-246
89
149
325
-131
-717
-746
461
757
-475
-57
501
-121
-436
132
147
-202
350
-174
-608
81
730
-34
-605
131
-8
145
648
186
-325
-158
148
151
31
-430
-641
-101
808
166
-870
-404
350
281
338
972
-75
-809
80
2
-6
578
204
-1396
-1091
662
776
332
-323
-52
352
-81
2
237
124
-158
24
-28
-927
-444
225
303
693
287
-624
-72
652
-263
-172
335
-203
166
283
-766
-493
379
25
689
294
-1030
-367
817
425
-467
50
121
-74
-500
-450
365
149
102
329
-227
-114
660
-9
-307
250
396
37
-835
-602
-61
368
330
69
4
-595
-310
478
451
262
30
71
-151
-615
-497
452
702
4
-284
-401
-381
-193
388
662
250
203
-507
-455
179
392
80
-317
-116
-202
-35
47
158
457
155
-224
330
55
-545
-178
215
155
-111
-356
-804
-249
636
541
267
25
0
-60
154
260
-76
-535
-58
119
-332
-311
-142
181
654
374
-378
-79
240
90
234
205
-51
-539
-488
119
143
-60
-237
-44
521
522
-470
-869
173
412
-211
277
293
-527
-398
180
561
119
120
568
-569
-802
261
392
-355
-8
382
-127
-46
-7
546
681
-23
-656
-646
-196
-1
167
-174
-266
-133
-404
447
751
-77
424
710
-306
-472
-372
-357
135
-32
4
-43
-571
135
588
96
45
511
421
-70
-271
-429
-369
190
205
-336
-338
-89
52
183
455
713
-85
-874
-295
426
449
247
-165
-701
-602
137
480
84
-83
-130
-118
233
540
352
-196
-252
90
-88
-201
20
-122
-308
-307
134
188
168
293
76
90
-18
79
120
-207
-168
-255
-386
-81
181
246
67
87
348
86
-46
0
-78
16
41
-130
-417
-130
256
67
-159
0
121
-68
-178
-32
340
29
-98
-25
-202
125
331
151
224
369
-25
-493
-600
-355
17
407
294
-95
-379
-433
191
683
507
315
-208
-636
-389
-41
-17
4
302
173
-97
-201
58
404
359
-128
-466
-363
-68
176
162
139
-17
-266
-76
333
-26
-48
361
130
-173
-227
-204
-250
-37
82
406
208
-363
-188
-51
293
421
50
-98
-64
-151
-238
-39
104
55
-188
-389
-126
259
165
110
276
-3
-40
-64
-154
128
176
13
100
146
-17
55
257
305
169
-353
-591
-292
-171
-299
-539
-642
-398
-394
-292
74
437
663
592
656
781
718
496
487
747
682
550
188
-443
-843
-1129
-1413
-1656
-1662
-1615
-1329
-1016
-828
-321
202
1088
2162
2328
1929
1758
1593
1269
1084
1572
1995
826
-1308
-2703
-2829
-2401
-2300
-2273
-1853
-1516
-1299
-851
183
1403
1888
1745
1347
891
177
-783
-956
-68
927
1200
818
912
1750
3052
3965
3266
1134
-1336
-3060
-3428
-2985
-2571
-2453
-2697
-2721
-2041
-824
890
2654
3374
2519
1067
57
-632
-984
-902
-436
251
421
249
650
2043
4220
5126
3185
81
-1940
-2394
-2349
-2708
-2961
-2801
-2785
-3009
-2414
-329
1996
2854
2282
1426
1053
686
-66
-491
-484
-140
185
116
420
1430
3227
4459
3175
669
-1111
-1799
-1835
-2147
-2757
-3294
-3667
-3343
-2209
-286
1758
2617
2264
1432
879
304
-441
-392
36
453
517
358
943
2297
4050
3982
1451
-852
-1940
-2185
-2263
-2526
-2753
-3346
-3757
-2991
-869
1649
2732
2509
1867
755
-89
-353
-29
451
327
-51
-21
804
2257
4223
4596
1971
-818
-2046
-1971
-1735
-2405
-3183
-3722
-3812
-2779
-858
1424
2808
2586
1746
784
197
10
-74
20
-91
-100
450
1244
2736
4297
3642
954
-1237
-1700
-1502
-2156
-3243
-3552
-3294
-3144
-2555
-419
2043
3040
2539
1123
223
219
84
-263
-571
-687
-266
707
1975
3928
5058
2884
-512
-1705
-1132
-829
-2312
-4226
-4331
-3375
-2216
-966
649
1840
1876
2145
1987
823
-559
-1233
-545
-22
172
935
1197
1566
3605
4711
2410
-741
-1363
-527
-1204
-3230
-4374
-3996
-3299
-2730
-1236
950
2434
3217
3022
1475
205
-377
-468
114
76
98
593
495
2310
4739
3306
-415
-1903
-489
-176
-2723
-4952
-4652
-2878
-1724
-1189
789
2489
2641
3051
2035
-202
-1471
-1624
-698
-199
227
1458
1434
2609
5767
4841
252
-2332
-1145
-234
-3169
-5703
-4909
-2957
-1305
-293
1402
2527
1969
2921
2919
-691
-3641
-3860
-1938
-127
571
1669
1658
2756
7179
7648
1463
-3717
-2352
374
-2852
-7369
-6501
-2790
-197
1040
2594
2998
2017
4131
5634
-66
-6868
-6524
-1247
716
-1461
-834
2092
3817
7110
8653
2158
-5529
-4291
1462
-16
-7255
-8139
-1818
2438
1999
1607
2079
1143
2833
4982
-958
-7402
-5680
-921
1240
-498
-553
2442
3908
7114
7948
250
-5890
-2730
2562
-1284
-8682
-6234
87
2597
2349
526
752
1988
4046
5153
-3121
-9845
-3978
1248
-354
-2691
89
4363
4278
7811
7908
-2742
-6795
-211
3347
-5699
-12688
-1452
4696
16
1914
3008
2481
3252
4136
2815
-7821
-8672
106
-2563
-3724
795
3763
3967
4476
11410
5175
-8341
-2963
3222
-2503
-10047
-8024
1886
932
-362
4471
1587
2113
5536
2300
-3191
-6431
-1275
-2405
-7727
2030
6078
675
1590
8274
12464
-1136
-9127
530
-93
-5415
-6944
-4516
703
229
4521
4268
-2492
2982
5379
333
-5470
-7102
380
-2765
-4666
5003
3459
306
4660
10136
4986
-8167
-1536
3734
-5800
-5340
-3668
-2459
-54
1731
4938
-1222
1232
7499
-1269
-4506
-3824
-1272
-1690
-7303
3131
5821
-1758
3795
9146
7926
-4280
-5270
5330
-5330
-7990
-822
-2984
-542
763
3822
1309
168
8034
-1353
-5019
-725
-3602
-1474
-6342
-452
8945
-348
-342
8673
9881
-3566
-7082
6219
-4358
-10735
1846
-1849
-3145
2388
2709
1378
1901
4867
-2340
-2312
59
-5646
-898
-4169
-1932
8574
429
-755
10089
7535
-6084
-2205
5179
-8239
-6087
3278
-5087
-2340
3892
-733
420
5008
3102
-2174
-1612
-1676
-1959
-908
-7175
1131
9179
-2610
419
11941
2841
-6845
4218
2520
-11509
-2160
2811
-5699
-1803
2568
-158
289
4612
3437
-3075
-2873
-583
1265
-4248
-7602
6536
5456
-4045
6674
10840
-5136
-2900
9266
-6215
-10902
3917
-982
-5329
2003
1392
-1092
1994
3664
-737
-2695
-1948
-1145
743
-5763
-431
7877
-2042
1247
11557
1318
-6348
5638
2827
-10886
-2058
3096
-5682
-1793
3191
-1220
22
3330
237
-1606
-163
-3186
-292
104
-4810
5015
3076
-2779
9531
4652
-7810
4488
5582
-11419
-2942
7305
-7267
-4603
5815
-1057
-979
1422
1630
1068
-2570
-3077
1572
82
-6391
3791
4491
-3409
6782
5274
-4699
2271
4587
-6201
-4847
4543
-3545
-5107
3835
56
-1964
584
4261
-504
-5143
1455
1444
-3688
-2970
4531
865
-1742
7170
3734
-4132
2667
4395
-6097
-3344
3198
-3529
-3649
1108
333
-1077
-1340
3462
931
-3472
-236
3088
-2183
-3670
5264
-92
-2545
7308
3521
-5222
3986
5062
-7264
-1764
3973
-4860
-2914
1069
-1331
-1610
-472
2114
25
-1668
169
2053
-771
-2955
3629
691
-2661
5332
3404
-3510
3888
3464
-4731
-444
2251
-4803
-1991
1409
-2902
-2511
1924
1489
-1705
421
566
203
-2
-2107
1832
643
-1226
3949
2395
-1914
4122
1815
-3429
528
452
-3807
-947
249
-2496
-1818
1140
281
-1424
1800
-740
4
1572
-2925
1938
779
-1665
3859
1646
-1021
3562
504
-1178
459
-512
-2160
-780
-609
-2374
-1212
429
-889
191
1334
-1465
1016
1415
-3122
1430
843
-1600
2401
2429
-648
2494
1815
-792
94
883
-2803
-369
-64
-3989
353
-443
-2399
1579
1053
-1949
1451
2444
-3978
1551
1505
-2626
1289
2900
-733
886
3622
-1324
76
2007
-2373
-664
-325
-1816
-1634
-646
-570
-1038
2116
-1371
492
3709
-4167
1192
1784
-2820
-110
2161
1217
-2326
4350
2171
-3633
3854
691
-4186
2259
-1697
-3366
747
-1663
-1200
1076
858
94
1224
2512
-3312
811
1364
-4964
1293
1209
-856
466
3070
1375
-863
3258
236
-1080
-39
-190
-3115
-1706
-377
-2667
669
-12
1463
925
1199
258
-729
500
-2775
222
-151
-942
1653
233
2148
500
1756
1084
-77
486
-963
-660
-3164
3
-2011
-1760
1602
-303
1301
768
2223
-742
127
-262
-2427
353
-1879
-77
1050
252
842
2521
591
225
2297
-701
-959
36
-1270
-2345
-713
-209
-1345
759
894
208
1463
116
596
33
-1362
-38
-1292
-436
-681
399
426
-135
2542
334
881
1525
103
-89
-312
-380
-1579
-612
-696
-967
-39
415
4
804
1069
-278
884
-456
-915
-350
-974
-731
-708
223
-431
694
1541
251
1591
1392
874
615
234
-446
-1252
-725
-1420
-1117
-193
-536
337
935
377
639
926
-172
-328
-212
-844
-956
-599
-554
-1038
35
130
348
1232
811
1219
1501
1092
262
350
-235
-1338
-824
-811
-1264
-416
23
-68
730
720
520
339
54
-324
-612
-610
-807
-588
-506
-791
-140
-37
73
1152
1165
1017
1652
1719
839
771
318
-727
-864
-908
-1282
-1022
-605
-802
-72
310
-82
545
285
-113
201
83
-497
-358
-224
-854
-506
-332
-712
24
349
537
1652
1660
983
1687
1378
190
378
-160
-1129
-858
-870
-1374
-897
-479
-937
-200
347
-140
438
463
-25
211
255
-224
-141
-159
-657
-170
-36
-402
0
396
265
503
763
480
782
1152
996
1023
959
619
307
-96
-708
-1077
-1225
-1399
-1311
-1057
-859
-647
-364
-56
121
197
354
207
34
138
115
134
227
261
279
343
342
139
119
-29
-47
190
92
67
354
270
211
460
558
606
761
636
234
100
-101
-579
-922
-1087
-1325
-1344
-1197
-1008
-719
-488
-90
276
510
704
843
801
580
567
419
152
146
-11
-134
-81
-48
-30
45
174
170
239
316
191
184
231
10
-15
-15
-150
-200
-219
-301
-383
-323
-310
-301
-166
-219
-280
-184
-202
-228
-106
-183
-235
14
200
361
672
678
600
825
688
352
197
-113
-477
-535
-608
-701
-528
-432
-309
21
202
211
364
274
97
169
53
-90
-26
-67
-115
-26
-42
-57
16
15
5
118
123
74
162
151
80
179
176
66
97
50
-100
-68
-99
-238
-214
-160
-231
-172
-83
-125
-55
-13
-27
21
43
17
45
71
-16
24
124
73
123
150
22
50
128
23
46
97
4
-25
17
-48
-57
-8
-61
-67
-20
-68
-61
-5
-70
-38
16
-15
-10
7
-11
3
26
-46
-110
-109
-71
-91
-200
-129
-5
75
276
479
489
531
573
396
246
70
-235
-451
-583
-689
-617
-501
-431
-204
31
129
270
305
204
188
128
1
1
-7
-93
-33
20
-30
21
97
55
79
119
48
66
119
79
119
192
143
128
104
12
-45
-68
-123
-181
-190
-211
-242
-186
-136
-185
-156
-137
-256
-216
-120
-94
81
269
299
502
705
598
488
398
97
-145
-262
-490
-580
-482
-482
-322
-36
31
143
289
175
144
179
42
25
66
-58
-87
-18
-80
-116
-54
-58
-77
-4
-21
-59
41
53
48
178
186
172
205
130
64
53
-29
-101
-86
-87
-124
-101
-86
-145
-117
-74
-104
-94
-84
-109
-73
13
49
79
149
138
126
142
97
71
75
5
-22
-10
-50
-58
-30
-38
-40
-11
-22
-26
-17
-49
-28
9
4
9
16
7
-10
-4
0
-12
2
0
-10
4
-8
-10
10
1
12
40
35
13
7
8
0
13
20
13
29
29
24
17
9
-7
-23
-36
-46
-49
-45
-32
-11
0
7
12
4
4
-2
-16
-11
-2
-2
10
23
14
14
21
9
13
21
15
18
27
18
14
14
4
-3
-7
-13
-22
-26
-31
-28
-24
-17
0
9
10
15
2
-8
-7
-18
-18
-4
2
8
5
1
-6
-7
-3
0
9
19
18
16
15
8
4
0
-2
-4
-10
-4
-2
-5
0
-1
-5
0
2
1
6
8
2
4
4
2
1
2
0
-6
-4
-3
-8
-1
0
-9
-4
-4
-14
-7
3
0
8
17
16
17
12
2
2
2
-1
-2
-3
3
-6
-11
-7
-12
-12
-7
-4
-4
2
4
4
10
13
10
12
16
5
8
12
-3
-1
1
-19
-16
-12
-38
-31
-16
-31
-31
-19
-33
-43
-27
-24
-14
35
78
115
162
196
192
168
123
49
-32
-106
-176
-228
-239
-230
-206
-148
-82
-27
29
77
102
116
123
106
82
65
42
8
-10
-19
-32
-33
-21
-18
-15
2
4
6
24
35
37
61
68
53
49
33
-12
-43
-58
-85
-102
-100
-114
-125
-104
-106
-121
-83
-49
-43
10
82
113
158
205
203
201
189
130
80
47
-9
-57
-70
-90
-105
-101
-99
-95
-82
-67
-59
-43
-31
-28
-17
-14
-17
-11
-6
-11
2
19
15
42
71
59
73
109
93
68
64
7
-51
-64
-103
-139
-107
-65
-32
42
110
134
158
172
143
100
67
19
-37
-66
-72
-78
-89
-81
-72
-87
-72
-50
-62
-39
-2
-1
6
24
11
-11
-19
-16
-27
-24
8
11
6
28
41
42
48
56
64
61
57
56
37
24
26
1
-29
-43
-54
-80
-76
-64
-81
-56
-19
-6
13
21
19
31
32
15
21
-9
-32
-15
-18
-29
-26
-10
-11
14
31
29
37
34
31
32
23
9
27
19
14
29
10
-13
-9
-10
-30
-27
-21
-28
-19
-7
-13
-18
-14
-24
-32
-15
-8
-11
11
24
6
6
15
-12
-14
-2
-12
-7
18
23
22
37
36
30
28
19
9
1
-3
-2
0
-6
-10
-2
-7
-25
-28
-24
-30
-29
-10
-9
-11
10
7
-8
6
4
-5
6
3
-7
4
4
-12
1
7
5
20
23
17
22
11
1
1
-5
-12
-4
-10
-17
-5
-7
-11
-1
1
6
18
18
16
17
9
-1
-3
-6
-13
-9
-10
-18
-11
-4
-9
-4
5
6
8
16
15
5
8
10
-2
-3
-6
-10
-11
-11
-8
-10
-11
-4
-2
-4
0
1
-1
2
6
0
5
8
4
8
11
5
0
3
-2
-6
0
-2
-5
-1
1
0
-2
1
3
0
2
-1
-7
-9
-4
-6
-4
0
4
6
6
9
3
0
1
0
-3
-5
-5
-5
-4
-3
0
3
5
9
9
6
8
5
0
-1
-3
-4
-2
-3
-4
0
0
-1
1
-1
-2
-1
-2
-1
-2
-2
-1
0
0
1
1
1
0
-2
0
0
-3
-2
0
-2
-2
-1
0
3
4
3
4
3
1
1
-1
-2
-1
-2
0
2
3
3
4
3
4
3
0
0
0
-2
-5
-6
-4
-4
-3
-1
0
0
0
0
-1
0
-1
-3
0
-1
-1
-1
-1
1
1
1
2
2
2
1
0
0
-2
-1
1
0
0
1
1
2
2
1
3
0
2
3
3
0
-1
0
-2
0
0
-2
-1
-1
0
-2
-3
-3
-2
-1
-1
-1
0
1
0
1
0
1
2
0
0
0
-2
0
-1
0
0
0
0
1
1
1
1
1
0
2
1
0
0
0
0
0
0
0
-1
-1
-2
0
-2
-2
-1
-2
-1
-1
0
0
0
0
0
1
0
1
0
0
1
0
0
0
0
1
1
0
0
1
0
0
0
0
0
0
0
0
-1
0
1
0
0
0
0
0
0
-1
-1
0
0
0
2
2
-5
-3
4
0
-7
0
8
-1
-6
-4
0
1
4
-3
-6
4
8
7
5
-7
-5
9
1
-1
-11
-20
12
39
-25
-54
5
15
-10
-9
10
-1
5
28
10
-3
9
-7
-1
18
-14
9
-6
-39
2
24
-9
-38
-8
15
27
26
10
-15
-14
30
61
11
47
56
-418
-252
327
60
-58
81
79
54
68
29
0
38
-47
-64
5
-57
-163
13
-66
-70
161
-43
-33
113
-85
-22
112
44
-42
55
128
-66
10
85
-55
-114
38
21
-64
-28
39
60
-106
-103
72
121
-82
-69
99
-101
-3
124
-7
-128
127
244
91
113
-403
-701
-73
283
129
159
84
165
154
98
111
-68
-95
-122
27
-174
-466
2
-93
-136
234
73
67
284
130
-114
-46
245
-86
-169
265
-41
-88
90
8
-148
-162
56
-16
-48
-26
44
-45
-98
90
74
79
50
-51
19
-37
-71
-13
76
54
19
25
16
-128
23
111
-188
48
-105
-18
169
1
13
-80
-28
54
47
-31
-106
54
151
-147
4
99
-95
78
70
-93
122
-133
-198
220
30
-158
70
173
-150
-67
87
-73
61
48
-149
16
119
-14
40
-64
-94
142
24
-131
129
85
-170
-26
75
-31
33
-73
-124
136
77
-190
-37
48
-84
30
198
95
-44
-98
23
117
26
0
-40
-47
166
-19
-206
-59
-47
16
4
-85
93
66
-71
3
91
-7
88
65
-95
59
22
-106
-53
10
-73
66
-12
-83
35
15
-34
74
126
-101
23
107
-55
-99
48
12
-108
37
48
-24
-178
179
79
-54
115
-78
-1
-92
78
-5
-123
68
-58
-48
-15
131
13
14
47
-114
50
51
-68
100
63
-144
-95
96
194
-120
-133
-13
-26
39
16
-36
15
191
87
-71
-72
90
-178
-250
165
47
-124
-85
297
62
-100
30
-60
163
-25
-165
-119
53
85
-88
106
184
77
-67
-157
28
142
-24
-285
-183
219
190
-161
57
149
-98
-119
99
176
-131
-183
-5
-130
74
-205
-120
272
67
87
141
314
78
22
151
-67
-238
-177
-237
-133
-148
-301
146
21
39
190
-77
156
377
168
-12
32
71
-220
-358
-120
64
-20
-56
68
27
37
-32
106
-85
115
299
-204
-28
215
-116
-196
55
193
-3
-145
109
-28
-41
19
-146
-76
29
-43
8
40
74
174
-31
-179
31
265
-234
-139
207
-18
-313
-63
220
40
-136
-57
153
173
-202
-98
329
21
-7
-37
-129
324
-48
-178
2
188
2
-470
-106
-46
-142
318
169
-130
333
164
-63
-337
109
389
-529
-318
352
304
-313
-298
294
352
-106
100
127
-115
-410
-344
20
-58
84
-5
106
541
121
-94
19
64
119
21
-142
-122
140
-297
-455
23
-24
36
263
-17
138
224
-116
149
36
-324
-180
38
-195
52
-6
-379
398
369
-25
222
-92
18
248
-13
-287
10
-168
-331
188
164
-215
-139
68
215
154
-92
152
9
-230
143
59
-155
83
-111
-109
20
222
-21
-258
-56
335
196
-468
217
226
-53
-426
-119
285
54
-19
-301
262
170
-142
-71
244
236
185
54
-199
15
-243
-500
-313
24
138
-143
225
257
195
101
-7
261
88
-145
-57
-100
-77
-68
-517
-312
118
386
-149
181
436
-61
-94
-8
170
294
123
-224
-53
-59
-153
-250
-278
71
144
-232
-218
123
174
-14
265
239
77
125
149
-124
-183
-108
181
-242
-214
361
-322
39
36
14
133
-123
111
-223
-73
114
-192
-23
328
125
-127
153
95
57
-30
-235
-82
-145
150
-166
82
17
-277
402
3
0
320
-265
-94
-18
-130
94
-43
-94
160
156
7
-1
31
-46
-314
-72
100
182
-58
-111
288
169
-36
-235
85
173
-228
-234
-79
106
5
-50
191
35
63
53
-156
22
243
-384
-202
260
-47
-3
53
171
-95
-54
200
-160
77
235
-164
-84
-134
-49
-13
-91
257
182
-236
133
116
-173
-200
-64
215
-7
29
-62
-84
199
-47
-79
58
244
-26
-180
40
-149
-114
-54
69
25
13
77
32
21
1
-9
52
-134
11
250
-148
-136
119
78
-1
10
-92
46
-6
78
-91
-119
-5
10
31
-127
256
34
-140
-3
6
5
7
-121
60
158
-99
-85
37
-38
-78
183
-62
23
290
-275
-194
317
-31
-174
168
9
-128
-44
-17
89
82
-66
54
177
-53
-27
-55
-229
144
-15
-467
57
368
-37
1
70
7
322
-15
-322
91
209
-123
-270
-88
50
-54
-60
21
287
248
-190
-66
115
179
-26
-362
14
193
-180
-158
-37
96
-14
-128
146
139
25
-91
-111
278
229
-301
-202
326
122
-188
-2
-134
-171
141
17
-228
27
280
-58
-155
362
168
-319
-43
216
46
-270
-81
-8
-120
59
204
5
-107
76
108
-26
-51
120
-38
-150
93
62
-212
-22
84
-27
49
5
12
-87
-56
136
71
-153
-30
172
60
-121
14
127
3
-59
-21
-85
-65
164
16
-163
-9
83
-31
-98
15
120
13
-122
35
139
-73
-164
136
209
-117
22
56
-94
17
-28
-83
-193
-21
281
-22
-110
123
106
-30
-7
119
-79
-127
81
60
-163
-143
92
60
-84
-77
112
154
0
-63
-1
170
-13
-210
-87
5
78
-32
-50
18
10
61
94
88
-60
-38
95
11
-104
-54
-13
-91
-75
139
31
-73
13
71
-8
4
60
-51
-88
32
145
59
-52
-42
3
11
56
-13
-174
-96
108
-15
-81
-21
21
14
72
177
-31
-134
38
55
-16
-12
-46
-33
-6
30
59
68
-31
-88
81
153
43
-89
-86
-11
71
58
-153
-168
23
49
-58
-35
0
-39
-2
30
74
46
16
26
16
46
57
-24
-112
-6
113
33
-39
-23
4
5
11
-40
-52
-4
40
-5
-18
16
16
-7
-13
-28
2
24
-7
-68
-39
42
14
-19
0
64
41
5
9
17
-28
-51
4
6
-5
5
13
2
25
34
-22
-30
2
-8
-16
-14
-23
-21
28
22
-18
10
47
26
-13
-16
-2
0
-2
-5
-31
-28
12
22
-6
-25
22
50
28
-4
-10
18
-4
-52
-47
-3
3
-16
-10
5
16
30
35
17
-12
-9
20
18
-36
-44
-6
-3
5
30
21
-5
-2
23
30
10
-24
-49
-27
26
19
-23
-50
0
42
17
0
-7
-13
1
37
5
-43
-17
15
4
-1
5
-30
-24
40
40
2
-14
4
24
35
22
-35
-39
-8
-3
-1
-9
-21
-25
0
37
27
7
-4
-5
8
15
7
-24
-37
-18
-2
-7
0
-3
-19
3
37
25
3
17
16
-3
12
11
-7
-7
-10
-13
-5
15
2
-12
-9
-2
15
11
-8
-17
-6
0
0
-5
-11
-6
1
3
0
1
3
4
5
0
-7
-4
4
9
1
-4
0
5
13
16
4
-7
-1
6
3
-3
-3
-9
-13
0
2
0
-4
-9
-8
4
11
-2
-10
4
4
-5
0
8
-1
0
4
0
5
7
-4
-13
-6
7
6
0
-6
-5
3
12
6
-2
-4
-5
-3
0
0
0
0
-3
-1
7
10
5
2
-1
-4
-2
0
-1
0
-3
-9
-4
6
6
1
-5
-6
0
5
7
2
-5
-2
0
3
6
3
-5
-7
0
3
1
-4
-6
0
3
1
1
1
0
-1
-2
0
6
2
-1
0
0
2
4
-1
-6
-5
-4
0
1
-1
-5
-5
0
3
1
0
0
0
0
3
3
0
-1
-1
-1
4
4
2
3
2
0
2
0
0
0
1
-1
-3
-5
-4
0
1
-1
-1
0
0
2
2
2
0
-2
-3
-2
-2
0
2
2
0
0
1
2
2
0
0
-1
-2
0
1
0
3
1
0
0
0
0
0
0
-1
-2
-1
0
0
0
1
0
-1
0
0
-1
-3
-1
-1
-1
0
0
2
0
3
3
0
1
0
0
0
0
0
0
1
0
-1
0
-1
-2
-1
-1
-2
1
0
0
1
0
0
0
0
-1
-1
0
0
2
1
0
0
-2
0
0
-1
-1
0
0
1
1
1
1
0
0
-1
0
0
-1
0
0
0
2
2
1
0
0
0
0
0
-2
-3
0
1
0
0
0
1
3
0
1
0
-3
-1
0
1
0
-2
0
0
0
-1
0
0
0
-2
0
0
0
-1
-1
0
0
0
0
0
0
2
1
0
1
0
0
0
1
0
-1
-3
0
2
1
0
1
0
0
0
1
0
0
0
1
0
0
0
0
0
2
0
-2
0
1
-2
-2
0
0
0
0
0
0
0
-1
1
2
-2
-1
0
0
1
1
0
-1
-2
-2
2
2
0
0
-1
0
-2
0
2
0
0
-1
-1
0
0
0
0
0
0
-1
0
0
0
0
0
0
0
-2
0
0
-1
0
0
0
0
1
0
-1
0
0
0
-1
1
0
-1
0
1
0
0
0
2
0
0
-1
0
2
0
1
0
0
0
-1
0
0
-1
0
-1
0
1
1
0
0
-2
-1
1
0
0
0
0
0
0
0
0
0
0
1
3
1
1
0
-1
0
-1
0
-1
-2
0
-2
-1
0
-1
0
1
0
0
0
0
0
1
0
1
1
1
1
1
1
1
0
1
0
-1
0
0
0
0
-1
-2
-1
-1
-1
-1
0
2
0
-1
0
0
2
0
-1
-1
-1
1
0
0
0
-1
0
0
0
2
0
0
0
1
3
0
0
0
0
0
-1
0
0
0
0
1
0
-1
0
0
0
0
0
0
-1
0
0
-1
-1
0
0
0
0
0
-2
0
0
0
0
1
0
0
1
0
1
0
0
1
0
0
1
-1
0
1
1
-2
0
1
0
0
0
0
0
0
-1
0
0
0
0
-1
-1
0
0
0
0
0
0
0
0
2
0
-1
0
0
0
1
-1
0
0
0
1
1
0
-1
0
-1
1
0
-1
0
-2
0
0
0
1
0
0
0
0
0
1
1
1
0
0
2
0
0
-1
0
-2
0
0
-1
0
-1
0
-1
-2
1
0
0
0
1
1
-1
0
0
0
0
0
1
1
0
2
0
0
0
0
0
-2
0
1
0
0
0
0
0
-1
0
0
0
0
0
0
-1
0
1
0
0
0
0
-1
0
0
0
-1
1
0
0
0
0
-1
-1
0
0
0
0
0
1
1
0
0
0
0
0
0
0
0
0
0
0
0
1
-1
0
0
0
0
-1
0
0
1
0
0
-1
0
1
0
0
0
0
0
0
0
0
0
0
-1
0
0
0
0
0
0
0
0
0
0
0
0
0
0
0
0
0
-1
1
0
0
0
0
0
-1
0
0
1
1
0
0
-1
0
0
1
0
0
0
0
0
1
0
-1
0
0
0
0
0
0
0
0
0
0
-2
-1
-1
-1
0
0
1
0
0
0
-1
0
1
-1
-1
0
1
1
0
0
1
0
-1
0
0
0
0
1
0
0
2
0
0
0
-2
-1
0
0
0
0
0
1
0
1
-1
-1
1
0
-1
0
1
1
-1
0
-1
0
0
0
-1
0
0
0
1
0
0
0
0
0
0
1
0
0
-1
0
0
0
2
0
0
0
0
0
0
0
0
0
0
0
0
0
0
0
1
0
-2
0
0
-1
2
0
0
0
0
1
0
0
1
0
1
0
-1
1
-2
-1
0
-1
0
0
0
0
-2
0
0
0
2
0
0
0
-2
0
0
0
1
0
1
2
0
1
0
-1
-1
0
-1
0
1
0
1
0
0
0
0
0
0
0
1
0
1
0
0
0
0
0
0
0
0
-1
0
0
0
-1
1
0
-1
-1
-1
0
0
0
-1
0
1
0
0
0
0
-2
-1
1
0
0
0
0
2
1
1
0
0
0
1
0
0
0
0
3
2
1
1
0
2
0
-1
0
-1
-1
0
0
0
0
0
1
0
-1
0
-3
0
0
-3
0
-1
-3
0
0
0
-2
0
0
-1
0
0
-1
1
1
0
1
0
-1
-1
2
0
0
1
3
1
0
2
0
0
2
-1
0
3
0
0
0
0
-1
0
0
0
0
0
-2
-1
1
-1
-3
0
-2
-1
0
-1
0
2
2
0
0
2
-1
-1
0
-2
0
2
0
0
0
0
1
0
0
1
-1
0
0
-1
0
0
0
1
0
0
2
0
0
0
-2
0
-1
-1
0
0
0
-2
0
2
0
1
0
-1
0
2
-1
-1
0
-1
0
0
-1
-1
0
0
-3
0
1
0
0
0
0
0
1
2
1
0
0
0
0
2
0
-2
2
0
0
0
0
0
-1
0
0
-1
0
1
-1
0
0
-1
1
-1
-1
0
-2
1
1
-1
1
0
0
2
1
0
0
0
0
-1
0
0
0
1
0
-1
1
0
1
0
0
0
-2
0
0
-1
0
0
-4
0
2
-1
0
0
1
0
0
-1
2
1
-1
0
0
1
1
-1
-2
-1
0
0
0
-1
-2
-1
0
-2
-2
0
0
0
0
1
0
0
0
0
1
1
2
-1
1
2
0
2
2
0
0
1
0
0
0
0
0
0
0
0
0
0
-1
0
0
-2
0
-1
-3
-1
-1
-3
0
0
0
-1
-1
0
0
0
1
0
0
0
0
1
0
3
3
1
1
0
1
1
0
3
2
0
0
0
-1
1
1
-1
0
0
-2
0
-2
0
0
-1
-1
-1
-2
-2
0
0
-1
-3
-1
0
-2
-1
1
-1
-1
0
0
-1
0
2
2
1
0
1
2
0
-1
2
3
1
2
2
0
0
2
1
1
0
0
0
1
0
-2
0
0
0
0
-2
0
-1
-2
0
-1
-3
0
0
0
0
-1
-1
0
0
0
0
0
0
0
0
1
1
1
1
1
0
1
0
0
0
0
0
0
1
0
0
0
0
-1
0
0
0
-1
0
0
0
-1
0
0
0
0
0
0
0
-2
0
0
0
1
0
1
0
0
0
1
0
0
0
0
1
0
0
-1
0
0
0
0
-1
0
0
0
-2
0
0
0
0
0
0
0
0
1
0
0
0
1
1
0
0
0
1
0
0
0
0
0
0
0
0
0
0
0
0
0
0
0
0
0
0
0
0
0
0
-1
0
0
0
0
0
-1
1
0
0
1
0
0
1
0
-1
-1
-1
0
0
0
1
0
-1
0
0
1
0
0
1
0
0
0
0
0
0
0
0
0
0
0
0
0
0
0
0
1
0
0
0
0
0
0
-1
-1
0
0
0
0
-1
0
1
0
0
0
0
0
0
0
0
0
0
0
0
0
0
0
0
0
0
0
0
0
-1
0
0
0
0
0
0
0
0
0
0
0
0
0
0
1
0
0
0
0
0
0
-1
1
1
0
0
0
0
0
0
0
0
-1
0
0
0
0
0
1
-1
0
1
0
0
0
0
0
0
0
0
0
0
1
-1
0
0
0
0
1
0
0
-2
0
0
0
0
0
0
0
0
0
0
0
0
0
0
0
0
0
0
-1
0
1
-1
0
0
0
-1
0
0
0
-1
0
0
1
0
0
1
0
0
0
0
0
0
0
0
1
0
-1
0
0
0
0
-1
0
0
0
0
0
0
0
0
0
0
0
0
0
2
0
0
0
0
0
0
0
1
0
0
0
0
0
0
0
0
0
0
-1
0
0
-1
0
1
-1
0
0
0
1
0
0
1
2
0
0
0
0
0
0
0
0
0
0
0
0
0
-1
-1
0
-1
0
0
0
0
0
0
-1
0
0
-1
0
0
0
1
0
0
0
0
0
0
0
0
1
0
0
0
1
0
0
0
0
-1
0
0
0
-1
0
0
0
0
0
0
0
0
0
0
0
0
1
0
0
0
-1
0
0
-1
1
0
0
0
0
0
0
0
0
-1
0
0
0
0
0
0
0
0
0
0
1
0
0
0
0
1
0
0
0
0
1
0
0
0
0
-2
0
1
-1
0
0
0
0
0
-2
-1
0
0
0
0
0
1
0
0
0
0
0
0
0
0
0
0
0
1
0
0
0
0
1
0
0
-2
0
0
0
0
1
0
0
-1
-1
0
0
0
-2
-1
0
2
2
0
0
0
1
0
0
0
0
-1
0
2
0
-1
0
0
1
1
0
0
-1
0
-1
0
-1
-1
1
1
0
0
1
0
0
1
0
1
0
0
0
0
0
0
-1
0
-1
-2
0
0
-2
0
2
0
0
1
0
0
1
1
0
0
0
1
0
0
0
0
0
-1
-1
0
-1
0
0
0
0
0
0
0
0
0
-2
0
1
0
0
0
0
1
0
0
0
0
0
0
0
0
-1
0
0
0
0
0
0
-1
0
0
0
0
1
0
0
0
-1
0
0
0
0
0
0
0
0
0
0
0
0
0
0
0
0
0
0
-1
0
0
0
0
0
0
0
0
0
1
1
0
1
1
0
0
0
-1
0
0
0
0
0
0
0
-2
0
0
-1
-1
0
0
0
1
0
1
0
0
0
0
-1
0
1
1
1
1
0
0
0
0
-1
0
0
0
2
1
0
-2
0
0
1
1
-1
-3
-1
0
1
0
0
-1
-1
0
0
0
1
-2
0
3
0
1
0
0
0
0
0
0
0
0
2
0
-1
0
1
1
0
0
0
0
1
0
-1
0
-1
-1
0
0
0
-1
0
-1
0
0
0
1
1
0
0
0
0
0
0
1
0
0
0
0
1
0
0
0
-1
0
-1
0
1
0
1
0
0
0
0
0
0
0
-2
0
0
-1
-1
-1
0
1
0
0
0
0
-1
0
1
0
0
0
1
0
0
0
0
0
2
1
1
-1
0
1
0
0
0
0
0
-1
0
0
-1
0
0
0
0
0
0
0
0
0
0
-1
0
0
-1
-1
0
0
-1
0
0
1
0
-1
0
0
1
0
0
1
0
0
1
0
0
0
-1
0
0
0
0
-1
0
0
1
0
-1
-1
0
-1
0
2
0
0
0
-1
0
0
1
0
0
0
0
0
0
0
1
0
0
0
0
-1
0
0
1
1
-1
0
0
0
0
0
1
0
0
-1
0
1
0
-1
0
0
0
-1
-1
1
1
0
0
0
0
0
0
0
0
0
0
0
0
0
0
0
0
0
0
0
-1
0
3
1
-1
-1
0
0
0
0
0
0
-1
0
1
0
0
0
0
0
0
0
0
1
0
-1
-1
1
1
0
0
0
0
0
0
0
0
-2
0
0
0
1
0
0
0
-1
-1
0
0
-1
0
0
0
0
0
0
0
0
0
0
0
0
0
0
1
0
0
0
0
0
1
0
0
0
-2
-1
0
1
1
0
-1
0
0
0
1
0
-1
-1
-1
1
2
0
1
0
0
0
0
1
0
-1
-1
-1
1
0
0
0
-1
0
1
1
1
-1
-1
0
0
0
0
0
0
0
1
1
0
0
0
-1
0
0
0
-1
-2
0
0
0
1
-1
0
1
0
0
0
-1
0
1
-1
0
0
0
1
1
-1
0
0
0
0
0
-1
0
0
1
1
0
0
0
0
1
0
-1
0
0
0
0
-1
0
0
-1
0
0
0
0
0
1
1
0
0
0
0
0
0
-1
0
0
0
1
0
0
0
0
0
-1
0
0
1
0
0
0
0
-1
1
2
0
0
0
0
0
1
1
0
-1
0
1
0
0
0
-1
-2
0
1
0
-2
0
0
-1
1
0
0
0
0
0
1
0
-1
0
0
0
1
0
0
0
0
0
0
1
0
0
-1
-1
0
-1
0
0
0
0
-1
0
0
0
2
0
0
1
1
0
2
1
1
1
0
0
0
-1
0
0
-1
-1
-1
-1
-2
0
-1
-1
-1
0
2
1
1
2
0
0
1
0
0
0
0
0
-1
0
0
0
0
0
0
0
0
0
0
0
-1
-1
0
0
0
0
0
0
0
0
0
1
1
1
0
0
-1
1
1
0
-1
-1
-1
0
0
1
0
0
1
0
1
0
0
0
0
-1
-1
0
1
-1
0
0
0
0
0
-1
0
0
0
0
0
-1
1
1
1
0
0
0
0
0
0
0
0
0
0
0
0
0
0
-1
0
0
0
0
0
0
0
0
-1
0
0
0
0
1
0
0
2
0
0
-1
-1
0
-1
-1
0
0
0
0
0
1
1
0
2
1
0
0
0
0
0
0
-1
-1
0
0
0
0
0
0
1
0
0
-1
0
0
-1
-1
0
0
0
0
0
0
1
0
1
1
0
1
0
0
-1
0
2
0
0
0
0
0
0
-2
0
0
0
1
-1
-1
0
0
1
0
0
0
0
-1
0
0
0
0
-1
0
-1
0
0
0
1
0
1
0
0
0
0
0
1
0
0
1
0
0
0
0
0
0
0
0
0
0
0
1
-1
-2
0
0
1
0
0
0
0
0
0
-1
2
2
0
0
1
0
-1
1
0
0
0
0
0
0
2
0
0
0
0
0
0
0
0
0
0
0
0
-1
-1
0
0
0
0
0
0
2
0
0
-1
0
0
0
0
0
0
0
0
2
0
-1
0
1
0
0
0
-1
0
0
0
0
0
0
0
0
0
0
0
0
0
0
1
0
0
0
-1
0
0
2
0
0
0
0
0
0
0
0
0
1
1
0
0
0
0
0
0
0
0
0
0
0
1
0
1
1
-2
-1
0
0
0
-1
-1
0
0
1
0
-1
-1
0
0
1
-1
-1
1
1
1
1
0
0
2
2
0
-1
-1
0
2
2
-1
-1
1
-1
0
0
-1
-2
0
0
0
0
-1
0
0
0
0
0
0
0
0
0
1
0
0
1
0
0
0
0
1
0
0
0
1
0
-1
-1
0
0
0
0
0
0
0
0
0
0
0
0
0
0
0
0
1
0
0
0
0
0
0
-1
0
0
0
1
0
1
0
0
0
0
0
0
0
0
0
0
0
0
0
0
-1
-1
0
0
2
0
-1
1
1
1
1
0
0
0
0
0
-2
0
0
0
0
-1
-1
1
0
-2
0
1
1
0
-1
-1
0
2
0
0
1
0
0
1
0
0
0
0
0
-1
0
0
0
0
-1
-1
0
1
0
0
0
0
1
1
1
2
0
1
0
0
0
1
0
-1
0
0
0
-1
-2
-1
0
0
1
-1
-2
-2
0
0
-1
0
1
2
1
0
0
0
0
0
0
1
0
1
0
0
0
0
0
0
0
0
-1
-1
0
0
-1
0
0
0
0
-1
-1
0
0
0
0
0
0
0
0
0
0
0
0
1
0
-1
0
0
0
0
-1
-1
0
-1
0
0
0
1
0
1
1
0
1
0
-2
0
0
-1
0
-1
0
1
0
0
0
0
1
1
-1
1
0
-1
0
0
0
-1
0
0
0
2
0
0
0
-1
0
1
0
0
0
0
0
0
1
1
1
0
-1
0
1
0
0
0
0
0
-1
-2
-2
-1
-2
-2
-2
-2
-1
0
0
1
2
2
2
3
3
4
7
5
4
4
4
3
3
2
0
-2
-4
-5
-5
-6
-7
-7
-8
-6
-5
-6
-6
-4
-1
-1
0
0
2
6
7
7
6
7
8
7
6
5
4
2
0
2
1
-1
-3
-5
-6
-4
-4
-4
-5
-4
-3
-3
-1
0
1
0
0
1
0
1
0
-1
0
0
0
0
-1
-1
2
2
1
0
0
0
0
1
1
0
0
1
1
2
3
2
3
1
0
0
1
0
-1
-1
-3
-2
-3
-5
-5
-3
-2
-2
-1
-2
0
1
0
1
0
0
2
0
2
1
1
2
1
0
3
1
0
0
0
0
0
-1
-1
0
-1
0
0
0
0
0
2
0
0
0
-1
1
0
0
0
0
0
0
0
0
-2
0
0
0
1
-2
-1
-1
-1
0
0
1
0
-1
1
0
1
2
-2
2
1
0
2
-1
0
0
-1
2
-1
-1
0
-2
0
0
-2
0
0
0
0
-1
1
0
-2
1
0
0
0
-1
0
-2
0
2
0
0
0
0
2
1
0
0
0
0
0
2
1
-1
0
0
1
0
0
0
0
-1
0
0
0
-1
-2
0
0
0
0
0
0
0
1
1
0
-3
0
2
0
0
-1
0
1
0
1
0
-1
-1
0
1
2
2
0
0
1
1
1
0
0
0
0
0
-2
0
-2
0
1
0
0
-2
0
2
-1
0
0
-3
0
-1
1
0
-3
1
0
0
3
0
2
0
-1
2
0
0
0
-1
0
-1
0
3
0
0
-1
2
2
-2
0
-1
-1
0
-1
0
1
-1
0
0
0
0
0
0
-1
0
1
-1
0
0
-1
1
0
0
1
1
1
0
-1
0
1
1
0
0
1
0
-2
0
-1
-1
2
0
-2
2
0
0
2
0
0
0
0
-2
-1
4
-1
0
3
-1
-1
0
-2
0
0
2
0
0
1
-1
-1
0
0
0
1
0
0
-1
1
0
1
2
0
-1
-1
-1
0
1
0
0
1
0
-1
0
0
0
0
0
0
0
0
-1
0
1
0
0
0
-1
-2
0
2
0
1
1
-2
0
2
0
0
0
0
0
0
0
0
0
0
-1
0
0
-1
0
0
0
0
2
-1
0
3
-1
0
0
-1
0
0
0
0
1
1
-2
0
0
-3
0
1
-1
1
-1
0
0
0
0
0
0
0
0
2
0
-1
-1
-1
0
0
0
0
0
0
0
0
0
-1
0
0
1
2
-1
0
0
0
0
2
0
0
2
-1
0
0
-2
0
1
1
0
-1
0
0
0
0
0
0
0
0
-1
0
0
0
1
0
0
1
0
0
2
1
0
0
0
-2
1
0
0
1
-2
0
0
-1
-1
0
-3
0
2
-1
1
0
0
2
1
1
0
-1
-2
0
1
0
-1
0
0
1
-1
-3
0
-1
0
2
-1
0
1
0
0
1
0
0
0
0
0
2
0
0
1
-1
-1
-1
0
0
0
0
1
0
0
0
0
1
1
0
0
0
0
0
1
1
0
0
-1
0
2
0
2
1
-1
0
0
-1
0
1
0
-2
-1
1
-1
-2
0
0
0
0
-1
1
1
0
1
0
0
0
1
-2
-2
1
0
0
1
0
1
0
1
0
-1
0
0
0
0
1
0
2
-1
-2
0
-1
0
0
0
0
0
0
0
0
1
0
-1
1
0
0
1
0
-1
0
0
0
2
0
1
1
0
0
-1
0
0
0
0
0
0
0
0
0
0
-1
-1
-1
0
-1
0
1
0
0
1
2
0
0
0
0
2
3
1
0
0
0
1
2
1
1
2
1
1
1
0
0
1
0
-2
0
0
0
-2
-1
0
-1
0
0
0
-1
-1
-1
-2
-3
-1
0
-1
-2
-2
-3
-1
-2
-1
0
-1
0
0
0
2
2
2
1
2
2
1
1
2
3
3
2
3
3
2
3
1
1
2
0
0
0
-1
-1
0
1
0
-1
-1
-1
-3
-3
-4
-3
-2
-2
-1
0
-1
-2
0
0
1
1
0
0
0
0
1
1
1
2
2
2
1
2
0
1
1
1
0
0
-1
0
0
0
0
-1
-2
-1
-1
-1
-2
1
1
-2
-1
0
0
-1
-1
0
0
-3
0
0
-3
-1
1
1
0
0
1
0
-1
3
4
4
3
3
2
0
0
1
-1
0
-1
0
0
-2
-1
-2
-2
-1
-2
-2
-1
0
0
-2
-1
0
0
1
0
3
1
0
1
0
1
2
2
1
-1
0
0
0
0
0
-1
0
0
-1
0
0
1
2
0
0
1
-1
0
0
0
-1
-1
0
0
-2
0
0
0
0
0
0
0
0
0
0
0
1
0
0
1
2
3
1
0
3
1
0
2
0
-1
0
0
-1
-1
-1
0
-1
-2
0
1
-1
-1
0
0
-1
-1
0
-1
-1
0
2
0
1
1
0
0
0
1
1
0
-1
-1
-1
-2
0
-1
-4
0
2
0
1
2
2
1
2
3
4
3
3
5
0
-1
1
0
1
0
0
0
-3
-1
0
-1
0
-1
0
-1
-2
-4
-4
-2
-2
-2
-2
-2
-2
-2
-2
-1
1
2
2
1
0
1
3
3
1
1
6
3
1
1
0
1
1
0
3
1
0
2
0
-3
0
0
-1
-3
-1
-2
-4
-3
0
-1
-1
1
0
0
0
0
0
0
2
2
0
1
0
0
0
0
1
0
0
0
0
0
0
1
0
-1
0
0
-1
0
0
0
0
-1
-1
-1
-1
0
-2
-3
0
-1
-1
0
-1
2
0
0
2
0
0
1
1
1
2
1
0
0
1
0
-1
0
0
0
1
0
1
-1
-2
-2
-2
0
-1
0
-2
-2
0
0
0
0
0
1
1
1
1
0
-1
0
1
1
0
0
0
0
0
0
-2
0
1
1
0
0
0
1
1
0
1
0
0
-1
0
0
-1
-1
0
0
-2
-1
1
0
-2
0
0
0
0
-2
1
0
0
2
0
1
0
0
0
0
1
1
0
0
1
-1
0
2
-1
-2
-3
-2
0
-1
0
1
0
1
0
0
1
2
0
-1
1
1
0
2
1
0
0
0
0
-2
0
1
0
0
0
0
1
0
0
1
1
0
0
0
-1
0
0
-2
-2
-1
-1
-1
-2
-2
-2
0
1
2
2
1
0
2
1
1
2
0
0
0
-1
0
0
0
0
-1
-1
-2
-1
0
1
0
-2
1
0
-1
0
1
0
1
0
0
0
0
0
0
0
0
0
-1
1
0
0
0
0
0
0
0
0
0
1
2
0
-2
0
0
-2
0
0
0
1
1
0
0
0
2
0
0
1
1
0
0
0
0
-2
-1
1
-1
0
0
-1
-1
-1
0
0
1
0
0
-1
0
0
0
-1
-1
1
2
3
0
0
0
0
0
0
0
0
0
0
-1
0
0
1
0
-1
0
0
0
0
0
0
1
-1
-2
-1
-1
0
0
0
-1
0
0
0
-1
0
1
0
1
0
0
1
0
0
0
0
1
0
1
0
0
0
-1
0
0
0
0
-1
0
-1
0
0
0
0
0
0
0
0
-2
0
1
-2
0
-2
0
0
0
3
0
-1
0
1
0
0
1
0
0
-1
0
1
0
0
-1
0
1
1
1
0
0
1
2
0
-2
-2
-1
0
-1
-1
0
0
0
0
1
1
0
-1
-1
0
0
1
1
0
0
0
0
0
0
1
1
0
0
0
0
0
-2
-1
0
0
0
0
0
0
0
0
0
-1
1
0
1
0
1
1
0
0
1
1
2
0
0
0
-1
0
-1
0
0
-2
-1
-1
0
0
0
0
0
0
0
0
0
0
1
0
0
0
1
0
0
0
-1
0
0
-1
0
-1
0
0
-2
-1
-1
-1
1
0
0
0
-2
0
1
0
1
0
0
0
1
1
0
0
2
0
0
-1
-1
0
-2
-1
0
0
0
0
0
1
2
0
1
1
0
-3
-2
0
-1
-2
0
1
1
0
0
1
2
3
0
-1
1
0
-3
-3
0
0
0
-1
0
0
1
1
0
0
2
0
-1
0
0
-2
-3
0
4
0
-1
1
1
0
-1
0
2
2
0
-1
0
0
0
-1
0
2
0
-2
-1
0
0
-1
0
1
1
0
0
2
0
-1
-1
2
0
-1
-3
-3
1
0
0
0
0
1
0
0
1
1
1
-2
-1
1
0
-3
0
0
0
0
1
1
3
-1
0
1
0
0
0
0
0
1
-2
-2
0
-2
-1
1
2
0
0
0
0
0
0
1
1
1
-3
-1
0
0
-1
0
0
0
0
-1
0
1
0
-1
0
1
1
0
0
0
0
0
1
0
0
0
1
2
0
-1
-1
2
0
-3
0
0
0
-2
-2
0
0
0
3
2
0
-2
0
2
1
-1
0
1
0
0
0
1
0
-1
-1
0
2
0
-1
1
0
0
1
0
0
-1
0
2
0
0
-1
1
1
-1
0
2
0
0
-1
0
0
-2
-1
1
0
0
0
-1
0
0
0
0
2
0
-2
0
3
1
0
1
0
0
-1
-1
1
1
0
0
1
1
0
0
0
1
0
-1
0
0
0
0
0
0
0
-1
-1
0
0
-1
1
0
0
0
0
0
0
0
-1
0
1
1
-1
1
1
0
-1
0
1
0
0
0
0
0
-1
0
0
0
1
0
1
1
-1
0
0
0
-1
0
1
1
0
0
-1
0
0
-1
0
0
1
-2
-3
0
1
-1
0
0
0
-1
0
0
0
0
0
0
0
0
0
3
3
1
1
1
3
2
0
2
1
0
-2
-2
-2
-2
-2
-4
-3
-4
-5
-3
-1
-4
-2
0
0
-1
0
2
5
4
3
5
6
5
4
4
4
2
1
1
1
0
0
-1
-2
-2
-5
-5
-4
-6
-6
-5
-3
-1
0
-1
1
2
2
1
2
2
1
1
1
2
2
0
2
1
0
1
0
-2
0
0
-1
-1
-1
0
0
1
0
1
0
0
0
0
0
0
-2
0
0
-1
0
0
-3
0
0
-1
0
-3
-1
0
0
-1
1
0
1
0
0
1
0
0
3
2
2
1
1
0
1
1
0
0
-1
-1
0
0
0
-1
-1
1
0
0
2
0
-1
0
0
0
-2
-1
-1
-1
-1
-1
-2
0
0
0
0
1
0
0
0
0
0
1
1
-1
1
3
1
1
1
1
0
0
0
0
-1
0
0
-2
0
-1
-1
0
0
0
-2
0
0
-1
2
1
0
1
0
0
0
0
0
0
0
0
-1
-1
0
-3
0
0
-1
0
1
1
0
0
0
0
1
0
0
1
0
0
0
0
-1
-1
0
0
0
1
1
0
0
1
0
0
1
0
0
1
0
-2
0
0
0
0
0
0
0
0
0
0
0
0
0
0
0
0
0
1
0
-1
0
0
0
-1
1
1
-1
0
0
-2
0
1
1
0
0
1
0
-1
0
-1
0
1
-1
0
0
0
0
1
0
0
0
0
0
0
0
0
0
-2
0
0
0
1
0
-1
1
-1
0
0
1
2
1
1
0
0
1
0
-1
0
0
0
0
0
0
-1
-1
0
-1
0
0
0
0
0
-2
0
1
0
0
0
1
0
0
0
1
0
0
1
0
0
1
1
0
0
1
1
-2
-1
0
-1
1
0
0
-1
-2
0
0
0
-1
-1
0
0
0
0
0
0
0
0
0
1
0
0
0
0
0
-1
3
0
-1
0
0
0
-1
1
1
-1
0
0
0
-1
0
2
0
0
-1
0
0
0
0
0
1
0
-3
0
0
-2
0
1
1
0
0
1
0
0
0
1
0
-1
0
0
-3
0
1
0
0
0
0
-1
-1
1
1
0
0
0
0
1
0
-1
0
0
0
0
0
0
0
0
0
0
0
0
1
0
-1
0
0
0
0
1
1
0
0
1
0
1
0
0
-1
0
0
-1
0
-1
-1
0
0
-1
0
1
0
0
0
0
0
1
0
0
0
0
0
-1
0
0
0
0
0
1
0
0
0
0
0
1
-1
0
0
0
0
0
0
0
0
1
0
0
0
0
0
0
-1
0
0
0
0
0
0
0
-1
0
-1
-1
1
0
-1
0
0
0
0
1
1
0
1
0
0
1
1
0
0
1
0
0
1
0
0
1
0
0
0
-1
0
0
-1
-1
-1
0
0
0
0
0
0
0
0
1
0
0
0
0
1
1
0
-1
0
0
0
0
0
0
0
0
0
0
0
0
0
-1
0
-1
0
0
0
0
1
1
0
0
0
0
1
1
0
1
1
0
0
0
0
0
-1
0
-1
-1
0
-1
0
0
0
0
0
0
0
0
-1
0
0
0
0
2
0
1
1
1
0
1
2
1
0
0
0
0
-1
-1
0
-1
0
0
0
0
-2
0
0
-1
0
-1
0
0
1
0
0
1
0
1
2
0
1
0
0
0
0
-2
-1
0
0
0
-1
-1
0
0
0
0
0
1
0
0
0
0
0
0
0
1
0
1
0
0
0
0
1
0
0
0
-1
0
0
0
1
0
1
0
0
0
0
-1
0
-1
0
0
-1
0
-1
0
1
-1
0
0
-2
1
-1
-1
0
-1
0
2
1
1
0
0
0
0
1
0
1
0
-1
0
1
0
0
1
-2
0
-1
0
-1
0
0
-1
0
0
-1
0
0
0
0
0
0
1
0
1
0
0
0
0
1
0
0
0
0
0
0
0
0
-1
-1
0
0
0
0
-1
1
0
0
1
0
1
0
0
0
-1
0
0
0
0
-1
1
-1
0
2
0
0
0
-2
0
-1
0
0
-1
1
0
0
0
0
1
-1
0
1
-3
0
1
-1
0
1
-1
0
1
0
0
0
1
0
0
1
0
0
0
0
2
-1
-1
1
0
1
0
0
0
-1
0
0
1
0
-2
2
0
0
1
-1
1
0
-1
0
-1
0
-1
-1
1
0
0
0
0
1
0
0
0
0
0
0
0
0
1
0
0
0
0
0
0
0
0
0
0
-1
0
0
-1
0
0
-1
1
0
-1
2
0
0
1
1
0
0
0
1
0
1
0
0
1
0
0
-1
0
1
-2
0
0
-1
0
0
0
2
0
0
-1
-1
0
-1
2
0
-3
1
0
0
1
-1
1
0
0
1
0
1
0
-2
2
0
0
2
0
0
0
-1
-1
0
0
0
-1
1
-1
0
1
-1
0
1
-1
3
0
0
0
0
0
0
0
0
-2
0
0
-1
0
0
0
1
0
-1
0
0
0
-1
1
0
-1
1
0
0
3
0
-1
1
0
0
1
0
0
0
0
0
0
0
0
0
1
0
0
0
0
0
0
0
0
0
1
0
0
0
-1
0
0
-2
0
0
0
1
-2
0
2
-1
1
0
0
1
0
1
0
-1
0
0
0
0
-2
0
1
-1
0
0
0
0
0
0
0
0
0
0
0
-1
0
0
-1
1
0
-2
0
-1
-1
1
0
0
1
0
0
0
1
0
-1
1
0
-2
1
0
-2
1
1
-1
0
2
-1
0
2
0
0
1
-1
-1
1
-1
0
2
-1
0
1
0
0
0
0
0
0
0
0
1
0
-1
-1
0
0
0
1
0
-2
0
-1
0
0
0
0
0
1
0
0
1
0
0
0
0
0
0
0
0
-1
-1
-1
-1
-2
0
1
0
0
1
0
1
1
1
0
0
0
-1
0
2
1
2
1
2
0
-1
2
0
-1
1
-1
-1
0
0
-2
-3
2
-1
-3
2
-2
-1
2
-2
0
0
0
0
-2
2
0
-3
3
1
0
3
1
1
1
1
0
-1
-1
0
-2
0
2
-1
-2
0
0
-2
-2
0
0
-3
2
0
-1
2
2
-2
0
2
-2
0
3
-1
0
2
0
0
1
0
0
0
0
0
-2
0
0
-2
1
0
0
0
-1
0
0
-2
0
-1
-2
0
1
-1
0
0
0
1
1
0
1
0
-1
0
0
1
0
0
2
0
0
2
1
-1
1
0
-1
0
0
0
-1
0
0
-2
0
0
-2
1
-1
-1
2
0
0
-1
0
0
-2
1
0
-1
3
0
0
1
0
1
0
-1
0
0
0
0
-1
0
0
0
0
-1
0
1
0
-1
1
1
-1
2
1
-1
1
0
-1
1
0
-2
0
-1
-2
0
-2
1
0
-1
2
0
-1
1
0
0
0
1
1
-2
1
0
-2
1
-1
-1
1
0
0
1
-1
0
1
0
2
2
-1
1
2
-1
0
0
-1
1
-1
-1
1
0
0
0
-1
0
0
-1
0
1
0
0
0
-1
0
0
-2
0
0
0
3
1
-1
2
0
-1
1
-2
0
2
0
0
0
-2
0
1
0
0
0
-1
0
0
-2
0
1
0
1
0
0
0
0
0
0
-1
0
-1
0
0
0
0
1
-2
0
0
-2
-1
0
0
0
0
1
-2
0
3
-2
1
0
-1
1
1
0
0
0
0
0
0
0
0
0
0
0
0
0
0
2
-2
0
1
-2
1
1
-1
0
0
0
2
0
0
2
-1
0
0
-2
3
-1
-2
3
-1
-2
1
-1
-1
1
-1
0
2
-1
-1
1
0
0
1
0
1
2
-1
0
1
0
0
0
0
-1
0
0
0
-1
1
0
-1
0
0
0
1
-1
0
0
0
0
1
1
0
1
0
0
1
0
0
1
-2
0
0
-2
0
2
0
-1
0
-1
0
0
0
0
0
0
0
2
0
0
1
-1
0
1
-1
0
0
0
0
-1
0
1
-2
1
1
-1
0
0
0
0
0
-1
2
0
-1
0
0
0
0
0
0
1
0
0
-1
0
0
0
0
0
0
1
0
0
0
0
0
0
-1
0
0
0
0
0
0
0
-1
0
0
0
1
-1
-2
0
0
0
-1
0
0
0
0
-1
0
0
0
0
0
0
0
0
0
1
0
0
1
0
0
1
0
0
1
0
1
1
0
2
1
0
2
1
2
1
0
-1
0
0
-1
-1
-2
-2
-1
-2
-3
-1
-1
-2
-3
-2
-2
-4
-2
-3
-2
-1
0
-1
0
0
0
1
1
2
3
3
3
3
3
4
4
3
4
2
3
2
1
0
0
0
0
0
-1
0
0
-1
0
0
-2
0
-1
-2
-1
-1
-3
-2
-2
-1
-2
-1
-1
-2
0
-1
0
0
1
1
0
1
2
1
1
2
2
1
2
2
1
0
2
1
1
1
0
0
0
-1
0
0
-1
0
-1
-1
-1
-2
-1
-1
0
0
-1
-1
-1
0
0
0
0
0
0
0
0
0
1
0
1
1
0
0
0
0
1
3
0
0
1
0
0
0
0
0
0
0
0
0
0
0
0
0
0
-1
0
0
0
0
-1
-1
0
0
0
0
0
0
0
2
0
0
1
0
1
0
0
1
0
0
0
0
1
-1
0
2
0
0
0
-1
0
0
0
-1
0
-1
0
0
0
-1
2
0
0
1
0
0
0
0
0
1
0
0
-1
-1
2
0
1
1
0
0
0
0
0
0
1
1
0
0
0
0
-1
-1
0
-1
0
0
0
0
-1
-1
0
0
0
1
0
0
0
0
0
0
0
0
0
0
-1
0
0
0
0
-1
0
0
-1
-1
0
-1
0
0
0
1
0
0
0
0
1
0
0
0
0
1
0
0
2
0
0
0
-1
0
0
0
0
-1
0
-1
0
0
0
1
0
0
0
0
1
0
0
0
0
0
0
0
-1
0
0
0
0
-1
0
0
0
0
0
0
0
0
0
0
0
1
1
0
0
0
-1
0
1
-1
-1
0
0
0
0
0
0
0
0
0
0
0
0
0
0
0
0
0
0
0
0
0
0
0
0
0
0
0
-2
0
0
0
0
0
0
0
0
0
0
0
0
1
0
0
0
1
0
0
0
0
0
0
0
0
0
0
0
0
0
0
0
1
0
-1
0
0
-1
0
0
0
0
0
0
0
0
0
0
0
0
1
0
0
0
0
0
1
0
0
0
0
0
0
0
-1
0
0
-1
0
0
1
1
0
1
0
0
0
0
0
0
0
0
0
0
0
0
0
0
0
0
0
0
0
0
-1
0
0
0
-2
-1
0
0
0
1
0
1
0
0
0
0
0
0
0
-1
0
0
0
0
0
0
0
0
0
0
0
1
0
1
0
0
0
0
0
1
0
0
0
0
0
0
0
0
0
0
-1
0
0
0
0
-2
0
0
-1
0
0
1
1
0
0
0
0
0
0
1
0
0
0
0
0
0
0
0
0
0
-1
0
0
0
0
0
0
0
0
-1
0
0
-1
-1
0
0
-1
0
0
0
0
-1
0
0
0
1
2
2
0
0
0
0
0
0
1
0
0
-1
0
0
0
0
0
0
0
0
-1
0
0
0
0
0
0
0
1
0
0
0
-1
0
0
0
0
0
0
0
0
0
0
0
0
0
0
-1
-1
0
0
0
0
0
0
0
0
0
0
0
0
0
0
1
0
0
0
0
0
0
0
0
0
0
1
0
0
1
0
0
0
0
-1
0
-1
0
0
0
0
0
0
0
0
0
1
0
0
0
0
0
-1
0
0
0
0
0
0
0
0
0
0
0
1
0
0
0
0
0
0
0
1
0
0
0
0
0
-1
0
0
0
0
0
0
0
0
0
0
0
-1
-1
-1
0
0
0
1
0
0
0
0
0
0
0
0
0
1
0
0
0
1
0
0
0
-1
0
0
0
0
0
1
-1
-1
0
0
0
0
0
0
1
1
0
0
0
0
0
0
0
0
0
0
0
0
0
0
0
0
-1
0
0
0
0
0
-1
-1
0
1
0
0
0
1
0
0
0
0
0
0
0
-1
0
0
0
0
0
0
0
0
-1
-2
0
0
0
0
0
0
0
0
0
1
0
-1
0
0
0
0
0
0
0
0
0
0
0
0
1
1
0
0
0
0
0
0
1
0
0
0
0
0
0
1
-1
-2
0
0
0
1
0
1
0
-1
0
0
0
0
0
-1
0
0
0
0
0
0
0
1
0
0
0
1
0
1
0
0
0
-2
-1
1
0
0
-1
0
0
0
1
1
0
0
0
0
0
0
0
-1
-2
1
2
0
0
0
0
-1
-1
0
1
-2
-2
3
1
-2
0
1
1
0
1
2
1
-1
-1
-1
-3
-1
1
0
-1
7
7
-6
-2
3
-7
-4
0
-2
5
7
3
5
1
-3
-2
-19
-26
10
-1
-61
52
136
-22
-38
52
-11
-69
-38
-20
-38
-8
30
12
26
47
34
50
0
-6
28
-111
-78
9
-52
-8
11
40
36
62
102
-25
-16
-14
-80
-32
-22
-13
-18
17
52
-5
20
54
12
0
-27
-41
-3
-25
-23
10
-16
7
38
26
8
3
21
-10
-27
-17
-32
-7
8
21
26
4
27
12
-23
-17
-13
-2
0
-15
-13
14
19
3
3
13
10
-6
-11
0
-5
-16
0
4
-8
-4
6
7
-6
1
16
-4
-8
10
0
-11
-8
-2
1
7
12
6
9
0
-17
-7
5
9
1
2
-1
-10
-4
-8
-8
0
8
15
9
15
17
-7
-10
-18
-28
-4
-3
1
21
12
7
-6
-11
3
-7
-7
1
6
11
-2
0
6
-2
-2
-1
-1
1
0
-5
-5
0
0
0
7
8
6
2
-3
-8
-10
-3
0
1
4
2
3
0
2
4
-2
0
0
-3
-2
-1
-1
-3
1
4
0
2
2
-1
-2
-5
1
-1
0
4
2
3
1
-2
-2
-3
0
0
-2
1
1
3
1
-3
0
-1
-1
1
-1
-1
-2
-1
2
2
1
0
0
-1
1
0
-3
0
1
1
2
2
0
-3
0
0
0
-1
-1
-1
-1
0
2
0
0
0
0
0
1
0
-1
0
0
1
0
2
0
-1
0
0
0
0
0
0
0
0
0
0
0
0
-2
-2
0
1
0
0
0
0
0
0
1
0
-1
-2
-2
0
1
0
-1
0
0
0
0
0
0
-1
0
1
0
0
-1
0
1
1
0
0
0
-1
0
0
0
0
0
0
0
0
-1
0
0
0
0
1
0
0
1
0
-1
0
0
0
0
0
0
0
0
0
1
0
0
0
-1
0
1
0
-1
0
0
0
0
0
-1
-1
0
0
1
-1
-1
0
0
0
0
0
0
1
0
0
0
-1
0
1
0
0
0
0
0
0
-1
0
0
0
0
-1
0
0
0
0
-1
-1
2
1
0
0
0
-1
0
1
0
0
0
0
0
0
-1
-2
0
0
0
0
0
0
0
-1
0
0
0
0
1
0
0
1
-1
0
0
0
0
0
0
0
1
0
0
0
0
0
0
0
0
-1
-1
0
0
0
0
0
-1
0
0
0
0
-1
0
0
0
0
0
0
0
0
-2
0
0
0
0
0
0
1
0
0
1
0
1
-1
-2
0
0
0
1
1
0
0
0
0
0
0
0
0
0
1
0
0
1
1
0
-2
-1
0
-1
0
0
-1
0
0
0
0
0
0
0
0
0
0
0
0
2
0
0
0
-1
0
0
-1
0
0
0
1
0
0
1
1
0
0
1
0
0
1
-1
0
0
0
1
0
-1
0
0
0
1
0
-1
0
-1
0
0
-1
0
0
0
1
0
-1
0
0
0
0
0
0
0
0
0
1
0
0
0
-1
1
0
0
0
-1
0
1
0
0
0
1
0
0
0
0
0
-1
0
1
0
0
0
-1
-1
-1
0
0
-1
0
2
0
0
1
-1
0
0
-1
0
-1
0
0
0
0
0
0
0
0
1
0
1
1
0
0
0
0
1
0
0
0
0
0
1
0
0
0
0
-1
0
0
-1
0
0
-1
0
-1
0
0
0
0
0
2
-1
0
2
-1
1
0
0
1
0
1
0
0
0
0
0
0
3
0
-1
1
0
0
-1
-1
1
-1
1
0
-2
3
-1
0
1
-4
3
-5
0
3
-7
7
-5
0
4
-8
10
-6
0
7
-10
9
-3
0
5
-9
9
-4
0
5
-7
5
-2
0
4
-5
2
0
-2
3
-3
0
1
-3
3
-1
-2
2
-2
0
1
-3
2
-1
-2
3
-3
2
2
-3
4
-2
2
2
-6
4
-4
0
4
-4
4
-3
0
3
-4
4
-2
0
1
-1
1
-1
3
-1
0
2
-3
2
-1
0
1
-2
2
0
-1
2
-2
0
-1
-2
2
0
0
2
-2
1
1
-2
0
-2
0
3
-2
0
1
0
1
1
1
0
0
1
2
0
0
0
0
2
1
0
0
-1
-2
0
-1
-1
-1
-2
0
0
-1
1
-1
-3
1
0
-1
0
-1
0
0
0
2
0
0
1
-1
0
0
0
0
0
0
0
0
0
1
2
0
1
1
0
2
1
-1
1
-2
0
1
-2
0
0
-2
0
-2
0
2
-2
1
1
-1
2
0
-2
1
-1
0
0
-3
0
2
0
1
0
0
2
0
0
0
-1
0
0
0
1
-1
-1
0
-1
2
0
-1
0
-1
3
0
-1
0
-2
1
1
-1
0
0
-1
0
0
0
1
0
0
0
0
0
0
-1
1
0
-1
1
-1
0
0
0
0
0
0
1
-1
-1
0
0
0
0
0
-1
1
-1
0
2
-3
2
1
-3
3
0
0
1
-1
0
1
-2
0
2
-2
0
0
-1
1
0
-1
2
0
0
1
-2
2
0
-3
2
-1
0
1
-2
0
1
0
2
1
-3
0
1
-2
1
-1
-1
2
-1
-2
1
0
0
0
-1
0
0
-1
0
1
0
0
1
0
1
0
-1
2
1
-1
0
0
0
4
-2
-1
0
-2
1
0
-3
2
-2
-1
1
-1
1
2
-2
0
0
-4
0
2
-1
1
0
0
2
0
0
2
0
1
1
-2
1
1
0
2
0
-2
1
0
-2
2
0
-2
0
0
-1
0
0
-3
0
0
-1
2
0
0
0
0
0
-3
1
0
-1
1
0
0
2
-2
-1
1
-1
0
3
0
0
3
-1
0
2
-3
0
3
-2
0
2
-4
2
2
-3
1
1
-1
2
1
-2
2
0
-1
0
0
1
1
0
0
0
-1
0
0
0
1
0
0
0
-1
0
0
0
0
1
0
0
0
-1
0
0
0
0
0
0
0
0
0
0
0
0
0
0
0
-1
0
0
0
0
0
0
0
1
0
0
1
0
0
0
0
0
0
-1
0
0
0
0
-1
0
0
0
0
0
-1
-1
0
0
0
1
0
-1
0
1
0
0
0
-1
0
0
0
1
1
-1
0
0
0
0
0
0
-1
0
0
0
0
0
-2
0
0
0
0
0
0
-1
-1
1
0
0
1
0
0
0
0
0
0
0
-1
0
0
0
0
0
-1
0
0
0
0
0
0
0
0
0
0
0
0
0
0
0
0
1
0
0
1
-2
0
1
0
-2
0
0
-1
0
0
0
1
0
0
0
0
0
0
0
0
0
0
0
1
0
0
0
-1
0
0
-1
0
0
0
0
0
0
0
1
0
0
-1
0
1
-1
0
0
0
0
0
0
0
0
-1
0
0
0
0
0
0
-1
0
0
0
0
0
0
1
1
0
1
0
0
0
0
0
1
0
0
1
0
-1
0
0
-1
-1
0
0
0
0
0
0
0
0
0
0
-1
1
1
0
0
1
0
-1
0
0
-1
0
0
0
0
0
-1
0
1
0
0
1
0
0
0
0
1
0
-1
0
0
0
0
0
0
0
1
1
0
0
0
0
0
-1
0
0
-1
-1
0
0
0
0
0
1
0
0
0
0
-1
0
0
0
0
0
0
0
-1
0
0
1
-1
0
1
0
0
0
0
0
0
0
1
0
1
0
0
0
0
1
0
-1
0
0
0
-1
-1
0
0
-1
0
0
0
0
0
0
0
0
0
0
0
-1
0
1
0
0
0
0
0
0
0
-1
0
0
0
0
-1
0
0
0
0
0
0
0
1
0
0
1
0
1
1
0
0
0
0
0
0
-1
-1
0
0
-1
0
0
-1
0
0
0
0
0
0
2
1
0
0
0
1
0
1
1
0
0
-1
-2
-1
0
0
-2
1
0
-1
0
0
0
0
0
0
0
0
0
0
0
0
1
0
0
2
0
0
0
0
0
-1
0
0
0
0
0
0
0
0
0
-1
0
1
0
0
1
0
0
0
-1
0
0
0
0
0
-1
0
0
0
0
0
-1
0
2
-1
0
0
0
0
0
0
-1
0
0
1
0
0
0
-2
0
0
0
0
0
0
0
0
1
0
0
0
-1
0
0
-1
0
2
0
0
1
0
1
0
-1
0
0
0
1
0
0
0
0
1
0
1
0
-1
0
0
-1
0
0
0
0
0
-1
0
2
0
0
-1
0
-1
0
0
-2
0
-1
-1
1
1
0
0
2
0
0
0
-1
0
0
-1
-1
0
0
0
1
1
0
0
1
1
1
-1
-1
0
0
0
0
0
0
0
0
0
1
0
0
1
-1
0
0
-1
0
0
-1
1
2
-1
0
0
-1
0
0
-1
0
0
0
0
0
0
0
0
0
-1
0
1
0
0
-1
0
1
0
0
0
0
0
0
2
0
0
0
0
0
0
-1
1
0
-1
0
0
-1
0
0
0
-1
0
0
0
0
0
-1
0
0
0
0
0
0
0
0
0
0
0
0
1
1
0
0
0
-1
0
0
0
0
0
-1
0
0
0
0
1
0
-2
1
0
0
1
0
0
0
0
-1
1
0
-2
0
0
0
0
0
0
0
0
0
0
1
0
0
0
0
0
1
0
0
1
0
0
0
0
0
0
0
0
-1
0
0
-1
0
0
-1
0
0
-1
0
0
0
1
1
0
0
1
0
0
0
0
0
0
0
0
0
0
-1
0
1
0
0
1
-1
0
0
-1
-2
1
0
0
1
0
0
0
1
0
0
1
0
0
0
0
-1
0
0
-1
1
0
-1
1
0
-1
0
1
0
-1
1
0
0
1
0
0
0
0
0
0
1
0
0
2
0
-1
2
0
-1
0
0
-1
2
0
-2
0
0
0
1
0
-2
1
0
0
0
0
0
1
0
0
0
1
0
-1
1
0
0
0
0
0
0
0
0
-1
0
0
0
0
0
0
0
0
1
2
0
0
0
-1
0
0
0
-1
0
0
0
0
0
0
0
0
1
0
0
0
0
-1
1
1
0
2
0
-1
1
0
0
0
0
-2
0
0
-1
2
1
0
-1
0
-1
0
1
-1
0
2
0
0
0
0
0
2
0
-1
1
0
0
0
0
-1
0
0
-1
0
0
0
0
0
0
-1
0
1
-1
0
0
-1
0
2
-1
1
1
-1
0
1
-1
0
0
-1
-1
0
-1
1
1
0
1
1
-2
0
1
-1
-1
0
1
0
0
1
0
0
0
1
0
2
1
2
0
-4
-3
-1
0
2
-1
-4
0
1
2
0
-1
-2
2
3
2
0
-3
0
1
2
1
-1
-3
3
2
1
0
-5
0
2
0
0
-1
-4
2
3
-1
-1
0
0
1
0
-2
-2
-1
-2
0
2
0
1
0
-3
-1
0
0
1
4
0
0
0
-3
0
3
0
-1
2
0
0
1
0
1
0
3
0
-1
-1
-1
0
2
1
-3
0
-3
-3
0
0
0
0
0
0
1
0
0
2
1
1
2
-1
0
0
-3
-2
-1
0
0
0
1
0
0
2
-2
0
0
-1
-1
-1
0
0
0
0
2
3
2
1
1
-2
-1
0
-2
0
1
0
1
0
-1
0
0
0
-1
-2
0
0
-1
0
0
2
0
1
2
-1
-1
0
0
-1
-1
-1
0
0
1
0
1
1
0
2
0
0
0
0
1
0
-1
0
0
0
0
0
0
2
0
0
1
-2
-1
-1
0
-1
-1
-1
0
-1
-1
1
2
3
2
1
1
1
1
-1
-1
0
0
1
0
-2
0
1
0
-1
0
-2
-1
0
0
1
1
-1
0
2
0
0
1
-1
-2
0
-2
0
0
-1
0
3
1
0
2
0
0
1
-1
-5
2
2
0
-2
-8
-9
2
3
3
3
1
1
12
4
-2
-6
0
0
8
-3
-14
-13
0
5
6
0
0
5
13
5
-9
-20
-12
5
18
13
-2
-12
-9
-4
3
7
3
8
12
4
-9
-12
-14
0
12
16
3
-7
-14
-11
-2
9
12
8
3
-2
-7
-6
-3
0
4
4
7
1
-3
-6
-9
-7
-1
2
9
6
-2
-4
-9
-9
1
10
14
16
11
-6
-16
-18
-15
-2
15
16
8
-3
-12
-15
-3
6
12
15
8
-3
-8
-8
-9
-5
-1
0
4
7
6
0
-2
-4
-4
1
11
8
2
-3
-13
-12
-3
3
12
12
0
-10
-12
-7
4
12
8
3
-5
-12
-11
-3
1
9
9
3
-3
-5
-3
4
8
3
-3
-4
-3
-1
4
4
0
-4
-9
-5
-2
1
7
8
1
1
0
-5
0
3
3
5
1
0
1
-4
-5
-4
-6
0
1
3
7
4
-1
-7
-9
-4
4
8
8
2
-2
-3
-3
-2
-1
1
0
1
5
3
0
-2
-4
-4
0
1
5
3
0
-2
-1
0
-1
-2
-1
-1
0
3
3
0
-2
0
1
2
1
0
0
0
1
2
0
-5
-1
0
0
0
0
-1
-1
1
2
0
0
0
-2
0
2
0
1
0
-5
-2
1
0
2
1
-1
1
0
0
0
0
1
0
0
-1
-1
1
0
0
-1
1
0
0
0
-1
2
1
0
0
-1
-1
1
0
0
-1
-2
2
0
-2
2
-1
-2
2
-1
0
3
0
0
0
-1
0
2
0
0
0
1
0
0
0
0
0
1
0
0
2
0
-1
0
-1
-1
0
0
0
0
0
-1
-1
0
0
0
0
0
0
1
0
-1
0
0
0
0
0
0
1
2
1
0
1
0
0
1
0
-1
0
0
0
1
1
0
0
-2
0
0
-1
0
-1
0
1
0
0
1
-1
-1
0
-1
0
-1
-1
1
1
-1
0
0
0
1
0
0
2
0
0
0
-1
-1
-1
-1
0
0
0
1
1
1
1
0
0
0
0
-1
0
0
0
0
1
0
0
0
0
0
0
-2
-1
0
0
1
2
0
0
1
1
0
-1
-1
0
-1
-1
-1
-1
-1
0
0
-1
-1
-2
0
0
0
0
1
1
0
0
1
0
0
0
1
0
1
2
0
1
0
2
2
0
0
1
0
0
0
1
0
0
0
-2
0
-1
-2
-1
-1
-3
0
0
-2
0
0
-1
-1
-1
-3
0
0
-1
0
0
-1
-1
2
0
-2
1
0
0
3
2
1
0
2
2
2
4
0
0
2
0
2
0
2
-1
-1
0
-3
0
-1
-1
0
-3
2
0
-3
0
-2
0
-1
0
0
-3
2
-1
-1
1
-1
0
1
1
1
-1
1
0
0
2
1
0
1
0
1
0
0
0
-3
-3
0
0
0
0
-2
0
0
0
0
-1
0
0
-2
0
-1
-1
1
0
0
0
-1
0
0
-1
0
0
1
2
-1
3
0
-2
4
-1
1
4
-6
2
-2
-2
7
-8
3
0
-8
10
-9
0
8
-11
10
-3
-7
11
-11
4
5
-12
12
-5
-6
10
-10
3
4
-7
8
-3
-1
7
-6
3
2
-5
5
-2
-2
4
-2
1
0
0
3
2
-2
0
1
-2
1
-3
-2
3
-4
2
0
-5
5
-1
-1
2
-3
0
0
-1
-1
0
0
0
1
-1
5
3
-2
4
-4
0
6
-3
3
0
-5
4
-4
0
2
-3
3
-1
-4
3
-1
0
2
-1
-1
0
0
1
0
0
1
1
0
0
0
-2
1
0
0
1
-1
-2
0
0
1
2
1
2
0
-1
1
-2
-1
2
-2
0
1
-3
1
0
-2
3
-2
1
0
-2
1
0
0
2
-1
1
0
0
0
0
0
0
0
0
0
1
0
0
0
-2
-1
-2
-1
1
0
-1
0
-2
0
1
0
1
1
-2
0
-1
0
2
-1
2
0
0
0
-2
1
0
-3
3
0
0
1
-3
0
0
-1
1
-1
-1
2
0
0
-1
-1
1
0
1
0
-3
0
0
2
1
0
-1
0
0
0
2
-1
-2
0
-3
0
1
-1
1
1
-3
1
0
-2
3
0
0
2
-2
-1
3
0
0
0
0
0
0
2
2
0
0
0
0
1
2
0
0
-1
0
1
0
0
0
0
-1
0
-1
-1
0
-2
0
2
-2
-1
0
-3
0
2
-2
1
1
-3
1
1
-1
1
0
-1
2
1
-2
2
2
-2
0
1
-1
0
0
0
2
1
-1
0
1
-2
0
1
0
0
1
0
0
0
-1
0
-1
0
0
-1
0
0
0
1
2
-1
0
-1
0
0
0
0
0
1
-2
0
1
-2
0
1
-3
1
3
-3
1
1
-4
0
3
-1
0
4
-1
0
1
-2
0
0
0
1
0
-1
1
0
-3
0
0
-1
0
1
-1
0
-1
0
0
0
-2
0
2
0
0
1
0
1
3
-1
-1
2
-1
1
1
-1
0
1
-1
-1
0
-1
0
0
0
0
0
0
0
2
-1
0
1
0
0
0
0
0
0
0
0
-2
-1
0
0
0
2
0
0
1
0
0
1
0
1
0
1
0
-1
0
1
0
0
0
0
0
0
-1
0
0
-1
-1
0
0
-2
1
0
-2
-1
1
0
2
1
0
2
1
0
0
2
0
0
0
-2
-1
-1
0
1
-1
-2
-1
-1
-1
0
1
0
1
1
0
0
1
0
1
3
0
0
1
-1
0
0
0
-2
0
-1
-1
0
-1
-1
1
0
0
-1
0
1
1
1
1
1
0
0
0
0
0
2
0
0
0
0
0
2
0
-1
0
-2
-1
0
0
-1
0
0
2
2
-1
0
-1
1
2
-1
0
-3
0
1
-2
-1
-2
-1
5
2
-2
0
-3
0
6
3
2
2
0
0
0
-2
0
1
2
2
2
0
-4
-4
-6
0
1
0
3
2
0
-1
-4
-5
-1
0
0
2
0
-1
-3
-3
-4
0
6
3
4
2
2
0
-2
1
3
0
0
0
-1
0
1
-1
-2
-1
-1
-2
0
2
-1
0
0
-1
0
-2
0
0
0
0
2
0
0
0
0
0
0
-1
0
1
1
1
1
0
-2
-2
0
0
-1
0
0
-1
0
0
0
0
0
0
0
1
0
0
0
0
0
0
0
0
0
0
0
0
0
1
0
0
1
0
0
0
0
0
0
0
-1
-1
0
0
0
0
1
0
0
0
0
-1
-1
0
0
0
0
0
2
1
-1
0
-1
0
0
-1
0
1
0
0
-1
0
0
0
0
0
0
0
0
-1
0
0
0
2
2
1
0
0
1
0
1
0
-1
0
0
1
1
-1
0
0
0
0
0
-1
0
-1
0
0
0
-1
0
-1
0
0
0
0
1
0
0
0
0
0
1
0
0
0
1
1
0
0
-1
0
0
1
0
0
0
0
0
0
0
0
0
0
1
0
-1
0
0
0
0
0
-1
0
0
0
1
0
0
0
0
-1
0
0
0
0
-1
0
0
-1
0
1
0
0
0
0
1
0
0
1
0
0
0
0
1
0
0
0
-2
0
0
-1
0
0
0
0
0
0
0
0
0
1
1
0
0
0
0
0
-1
1
0
-1
0
0
0
0
1
0
0
0
-1
0
0
0
0
0
0
1
0
0
1
0
0
0
0
0
0
-1
1
-1
0
0
0
0
0
0
1
0
0
0
-1
-1
0
0
-1
0
0
-2
0
1
0
0
0
0
0
0
0
0
0
-1
0
1
0
1
0
0
0
1
0
0
0
-1
0
1
0
0
0
0
0
-1
-1
0
-1
-1
0
0
0
0
0
1
0
0
0
0
0
0
1
0
0
0
0
0
0
0
1
0
-1
1
0
0
0
0
0
0
-1
0
-1
-1
0
-1
-1
1
0
0
0
0
1
0
0
0
0
0
0
1
0
0
0
-2
0
0
1
1
0
0
0
0
0
0
0
-1
-1
0
0
0
0
0
0
0
0
0
0
0
0
0
-1
0
0
-1
0
0
0
0
0
0
0
1
0
0
0
0
1
0
0
0
0
0
0
0
0
-1
0
0
0
0
0
0
0
0
0
0
0
1
0
0
-1
0
0
0
0
0
-1
-1
0
1
0
-1
0
0
-1
0
0
0
0
0
0
0
0
1
0
1
1
0
0
0
0
0
0
0
0
0
0
0
0
0
0
0
0
-1
-1
0
0
0
0
0
0
0
0
-1
0
0
0
0
0
0
0
0
0
0
0
0
0
1
0
0
0
0
1
1
-1
-1
0
0
0
0
-1
0
1
0
1
2
0
0
0
0
-1
-1
-1
-1
-1
-1
-1
0
0
0
0
0
0
1
0
0
0
1
0
0
2
1
1
1
0
0
0
0
-1
0
0
0
0
0
0
1
0
-1
0
0
0
0
0
-1
0
0
0
-1
0
0
0
0
0
0
0
0
0
0
0
0
0
0
0
-1
0
0
0
1
0
2
0
1
1
0
0
0
0
0
0
0
0
-1
0
0
0
0
0
0
0
0
0
0
0
1
0
0
-1
1
0
0
0
0
-1
0
0
0
0
0
0
0
0
0
0
0
0
0
0
0
0
0
0
0
0
0
0
0
0
0
0
0
0
0
0
0
1
0
-1
-1
0
0
0
0
0
0
0
0
0
0
0
2
0
0
-1
0
0
0
0
0
0
0
0
-2
-1
0
0
0
0
0
1
0
0
0
0
0
0
0
0
0
1
0
0
-1
0
0
0
0
0
-1
0
0
1
0
0
0
0
0
0
0
0
0
0
0
-1
0
0
-1
0
0
0
0
0
0
0
0
0
0
0
0
0
1
0
1
1
0
0
0
0
0
0
0
0
0
1
0
0
0
0
0
-1
0
0
0
0
0
0
0
0
0
0
0
0
0
0
0
0
0
0
0
-1
0
0
0
1
0
0
0
0
0
0
-1
0
0
0
0
1
1
0
0
-1
1
0
-1
0
0
0
0
0
0
0
0
0
0
0
0
0
1
0
-1
0
1
0
-1
0
0
0
0
0
0
0
0
0
0
0
0
0
0
-1
0
0
0
0
0
0
0
0
0
0
0
0
0
1
0
0
0
0
0
0
0
0
-1
0
0
-1
0
0
0
0
0
0
0
0
0
0
0
0
0
0
0
0
0
0
0
0
0
0
0
0
0
0
0
0
0
0
0
0
0
0
0
0
0
0
0
0
0
0
0
0
0
0
0
0
0
-1
0
0
0
-1
0
0
0
0
0
0
1
0
0
0
0
0
1
0
0
0
0
0
0
-1
0
0
0
0
-1
0
0
0
0
0
0
0
0
0
0
0
0
0
0
0
0
0
0
0
0
0
0
0
0
1
0
0
0
0
0
0
0
0
0
0
1
0
-1
1
0
-1
0
0
0
0
0
0
0
0
0
0
0
0
0
0
0
0
0
0
0
-1
0
1
0
0
0
0
0
0
0
-1
0
0
0
0
0
0
0
0
0
0
0
0
2
1
0
0
2
1
0
0
0
0
0
-1
-1
0
0
-1
-1
0
0
0
0
0
0
0
0
1
0
0
0
0
0
1
0
0
0
0
0
0
0
0
0
0
0
0
0
0
-1
0
0
0
0
-1
0
0
0
0
0
0
0
1
0
0
1
0
0
0
0
0
0
0
0
0
0
0
1
0
0
0
0
0
0
0
1
1
0
0
0
0
0
0
-1
-1
0
0
0
0
-1
0
0
0
0
0
-1
0
0
0
0
0
-1
0
0
0
1
0
0
0
0
0
1
1
0
0
2
1
0
2
0
0
1
0
0
1
0
0
1
0
1
0
-1
-1
0
0
-2
-2
-1
0
-1
-2
-1
0
0
0
-1
-2
-1
0
-1
0
0
0
0
0
0
1
1
0
0
0
0
0
0
0
1
0
0
1
1
2
1
0
0
0
0
1
1
0
1
0
0
0
0
0
1
0
-1
0
0
-1
-1
0
-1
0
-1
-1
0
-1
0
-1
0
-1
0
0
0
0
0
0
0
-1
0
1
1
1
1
1
0
0
1
0
0
0
0
1
0
0
0
0
0
-1
-1
0
-2
0
-1
-1
0
0
0
0
0
-1
1
1
-1
0
0
0
3
0
-1
1
0
0
3
0
0
2
0
0
0
0
0
0
-1
0
0
-1
0
-1
-1
0
0
0
0
-1
0
0
-1
0
-1
0
0
0
0
0
0
1
0
1
1
0
-1
0
0
0
0
0
-2
0
0
1
1
0
0
0
0
0
0
0
0
0
0
0
0
0
0
0
-1
0
-1
0
0
0
0
0
0
0
0
-1
0
0
-1
1
0
0
0
0
0
2
1
1
0
1
2
0
0
1
0
0
0
0
-1
0
-1
0
0
0
0
0
0
0
0
0
0
0
0
1
0
0
1
0
0
1
-1
0
0
0
0
0
0
0
0
0
0
0
0
0
0
0
1
-1
0
0
0
0
0
0
0
0
0
-1
2
0
0
0
-1
0
-2
0
0
0
1
0
0
0
0
1
0
-1
0
0
1
-1
-1
1
-1
1
0
1
1
-1
0
0
0
1
-1
0
-1
0
0
-1
1
-1
0
2
-1
0
0
-1
1
0
0
1
0
0
-1
0
0
-1
0
-1
0
2
0
0
2
2
0
0
1
-2
0
-2
-1
0
-2
1
0
0
0
0
1
0
0
-1
-1
0
0
2
-2
1
-4
2
11
-4
6
-10
-8
3
-5
13
0
6
2
-12
-4
-9
2
8
11
3
7
-17
-8
-9
-16
24
-6
33
1
-8
5
-50
18
-27
23
28
-7
46
-47
11
-33
-20
35
-18
60
-14
6
-11
-42
14
-24
38
5
10
4
-30
4
-25
24
0
9
12
-23
16
-28
8
1
-9
30
-16
13
-7
-13
5
-12
10
1
10
2
-1
-5
-12
5
-7
18
2
0
3
-21
8
-9
10
7
-4
10
-18
3
-10
1
13
-2
18
-10
-1
-8
-8
8
1
12
-1
0
-7
-4
0
-2
8
-1
3
1
-2
0
-4
-1
-1
2
0
2
-1
0
1
-4
2
-3
1
0
-2
4
-1
1
-2
0
0
-2
2
1
0
2
0
-5
1
-4
3
3
-1
7
-7
0
0
-6
9
-2
1
4
-7
2
-3
0
4
0
1
0
-1
-2
2
0
-1
2
-1
0
0
0
0
1
0
0
-3
2
0
-3
5
-4
0
3
-2
2
0
0
1
1
0
-1
0
-2
0
0
-1
0
0
-1
0
-1
0
2
0
3
-1
-2
3
-3
3
0
-4
5
-4
-2
2
-5
0
2
-3
1
0
-2
1
1
1
2
0
0
1
0
0
2
0
2
0
-1
1
-3
0
3
-5
1
0
-3
3
-2
-2
4
-2
0
4
-3
0
2
-2
1
1
-2
1
0
-1
0
-2
0
1
0
0
0
0
0
0
1
0
0
0
0
0
0
0
0
0
-1
0
1
0
1
1
0
0
0
-1
0
1
-1
0
-1
0
0
-1
1
2
-1
0
2
-1
0
1
-1
-1
1
-1
0
2
0
-2
1
0
-2
1
0
-2
1
0
-2
2
0
-1
3
0
-2
0
0
-1
2
0
-2
2
0
-1
2
-2
0
2
-1
0
2
0
0
1
-1
-2
0
0
0
1
-1
-1
1
-1
0
2
0
0
1
0
-1
0
-1
0
0
0
0
0
0
0
0
0
0
0
1
0
0
0
0
0
-1
1
0
0
0
-1
0
0
0
0
1
0
-1
0
0
-1
0
0
-1
1
1
0
2
1
1
1
0
-1
0
0
-2
0
0
-2
0
0
0
0
0
0
-1
-2
0
0
0
0
0
1
0
0
1
0
0
1
-1
0
0
-1
0
-1
0
1
0
0
0
0
-1
0
0
-1
0
1
-1
0
2
0
1
2
0
1
0
0
0
0
0
0
-2
0
0
-2
-1
-2
0
0
0
0
0
1
0
-1
0
1
0
0
1
0
2
0
-1
0
0
0
2
0
-1
1
0
-1
0
0
-2
0
0
-2
1
1
-1
0
0
-1
1
0
-1
1
1
1
0
0
0
-1
0
-1
0
0
0
1
1
-1
1
0
0
0
0
0
0
0
1
0
0
0
0
0
0
1
0
0
0
0
0
0
-1
0
1
0
-1
0
0
0
0
-1
0
1
1
0
-1
0
0
0
0
0
0
0
0
0
-1
0
0
-1
2
2
0
0
1
0
-1
0
0
0
0
-1
-1
0
0
0
0
-1
0
0
0
0
0
0
0
0
0
0
0
0
0
0
0
0
0
0
0
0
0
0
0
0
0
0
0
0
0
0
0
0
0
0
0
0
0
0
0
0
0
0
0
0
0
0
0
0
0
-1
0
0
0
1
0
0
0
0
0
0
1
0
0
0
0
0
0
0
0
0
0
0
0
0
0
0
-1
0
0
0
1
0
0
0
0
0
0
0
0
0
0
0
0
0
0
0
0
0
1
1
0
0
0
-1
0
-1
0
0
0
0
0
0
0
0
0
0
1
0
0
0
-1
0
0
-2
-3
-1
0
1
3
0
-1
0
1
0
-1
-2
0
5
7
2
-1
-5
-2
1
0
-2
-5
-4
2
5
3
2
-1
-1
0
0
-2
-2
0
2
4
-1
-9
-9
-3
4
5
2
1
3
3
5
2
-4
-11
-7
8
21
18
2
-2
9
2
-55
-129
-92
88
233
198
21
-160
-199
-91
39
106
57
-60
-145
-134
-14
102
125
64
-5
6
28
18
10
-19
-37
-43
-35
27
71
72
20
-48
-59
-33
19
45
26
7
-19
-24
-19
-20
-11
-16
-27
-48
-76
-72
-38
2
56
80
61
36
18
28
59
72
51
10
-18
-22
-10
8
24
19
-6
-34
-35
-5
12
0
-30
-54
-52
-42
-34
-26
-30
-40
-37
-11
35
57
37
12
-9
-5
24
38
40
35
20
19
28
35
32
14
-9
-22
-19
-3
3
-13
-41
-59
-48
-18
6
11
1
-9
-3
9
21
21
4
-5
-11
-13
-4
6
10
12
6
-1
5
10
6
-6
-10
-4
0
3
4
8
8
0
-7
-8
-3
2
3
0
-4
-5
-7
-8
-1
7
14
14
8
0
-8
-8
-8
-5
0
-1
-5
-9
-3
3
6
2
-6
-7
-2
6
10
3
-2
-5
-3
2
1
0
1
0
0
2
0
0
0
-2
1
5
5
2
-4
-3
0
4
4
-1
-3
-2
1
2
3
0
0
-1
-3
-1
0
0
-1
0
0
0
-1
-1
-3
-3
-2
-4
-2
1
3
2
2
0
0
3
4
3
0
-2
0
0
0
-1
-5
-3
0
1
2
-1
-2
0
1
0
-1
-3
0
2
5
5
1
0
3
3
4
3
0
0
1
2
1
0
-1
0
0
-2
-4
-5
-4
-2
-3
-5
-5
-4
-1
0
-3
-3
0
0
3
0
-1
-1
0
2
3
2
0
1
4
5
3
0
0
2
3
4
0
-1
0
0
2
0
-1
-1
1
1
0
0
0
0
0
0
-3
-5
-3
-2
-1
-2
-3
-5
-4
-2
-1
-1
-2
0
0
0
3
1
1
3
4
4
4
3
3
5
5
3
2
1
3
2
2
1
-1
-1
0
0
0
-2
-2
-2
-1
-2
-2
-2
-1
-1
-1
-2
-1
-3
-2
0
-1
-2
-1
0
0
0
0
0
0
0
1
0
1
0
0
1
3
0
0
0
1
1
0
1
1
0
0
0
1
0
-1
0
0
-1
0
0
-1
0
-2
0
-1
0
0
0
0
0
0
0
0
0
0
0
0
0
0
0
0
1
0
0
0
1
2
0
0
0
1
0
0
0
0
0
0
-1
0
0
0
0
0
0
0
-1
-1
0
0
0
0
0
0
0
0
0
0
0
-1
-1
0
0
0
-1
0
1
0
0
0
0
0
0
-2
0
2
2
1
0
0
0
1
0
0
0
0
0
0
-1
-1
0
-1
-1
-1
-2
-1
-1
-1
0
0
0
0
0
0
0
0
0
0
0
0
1
0
0
1
0
1
0
0
1
0
0
0
0
0
-1
0
-2
-1
0
0
0
0
0
0
0
1
0
0
1
0
0
0
0
0
0
0
0
1
0
0
0
0
0
0
0
0
0
0
0
0
0
-1
0
-1
-1
-1
-1
0
0
0
0
0
0
0
0
0
0
0
0
0
0
0
0
0
0
0
0
0
0
0
0
-2
0
0
0
0
0
-1
1
0
0
0
-1
0
0
0
0
0
0
-1
0
0
0
-1
0
0
0
0
0
0
0
1
0
0
0
0
1
0
0
0
0
0
0
0
0
0
-1
0
0
0
0
0
1
0
0
0
0
0
0
0
0
0
0
-1
-1
0
0
0
0
0
0
0
0
0
1
1
0
1
1
0
0
0
0
0
-1
0
0
-2
0
0
0
-1
0
0
-1
0
0
0
0
0
0
0
0
-1
0
0
0
0
0
0
0
0
0
0
0
0
0
0
0
0
0
0
0
0
0
0
1
0
0
1
-1
0
0
0
0
0
0
-1
-1
0
0
0
0
0
0
0
0
1
0
0
0
0
-1
0
0
0
0
0
0
0
0
0
0
0
-1
-1
0
0
0
0
0
0
0
0
0
-1
0
0
0
-1
0
0
0
0
0
0
0
0
0
0
0
0
0
0
0
1
0
0
0
0
0
0
0
0
0
0
0
0
0
0
1
0
0
-1
0
0
0
0
0
0
0
0
0
0
0
0
0
0
0
0
0
0
0
0
0
0
0
0
0
0
0
-1
0
0
-1
0
0
0
0
0
0
0
0
0
0
0
1
0
0
0
2
0
0
-1
0
0
0
0
0
0
-1
-1
0
0
0
0
-1
0
0
-1
0
0
-1
0
1
0
0
0
0
0
0
0
0
0
0
0
0
0
0
-1
0
0
0
0
0
0
0
0
0
0
1
0
0
1
0
0
0
0
0
0
0
0
0
-1
0
0
0
0
0
0
0
-1
0
0
0
1
0
-1
0
0
0
1
0
0
1
0
0
0
0
0
0
0
0
0
-1
0
0
0
0
0
-1
0
0
0
0
0
-1
0
-1
-1
0
0
0
0
0
0
1
0
0
2
1
0
1
0
0
0
0
0
0
0
0
0
0
-1
0
0
0
0
-1
0
0
0
0
0
0
0
0
0
0
0
0
0
1
0
0
0
0
1
0
1
0
-1
0
0
0
-1
0
0
0
1
0
-1
1
0
0
0
0
0
0
0
0
0
-1
0
0
0
0
1
0
0
0
-1
0
1
0
1
0
-1
1
0
-1
1
1
0
0
0
0
1
1
1
1
1
0
0
1
1
1
0
0
1
0
-1
0
0
-2
0
0
-2
-1
0
0
-1
-1
-2
-2
-2
0
-2
-1
0
-2
0
-1
-1
0
0
0
0
-1
-1
1
0
1
1
0
2
1
1
2
3
1
2
2
1
2
1
1
3
1
0
1
1
1
1
0
0
0
0
0
0
-2
-1
-2
-1
0
-3
-1
-1
-3
-3
-1
-3
-1
-1
-2
-1
0
0
-1
0
0
-1
-2
0
0
0
0
1
0
1
0
0
2
2
1
1
1
2
1
0
1
0
0
0
0
0
0
0
-1
0
0
-2
0
0
-1
0
0
0
0
0
1
0
0
1
2
0
0
1
1
1
1
0
0
