0
0
0
0
0
0
0
0
0
0
0
0
0
0
0
0
0
0
0
0
0
0
0
0
0
0
0
0
0
0
0
0
0
0
0
0
0
0
0
0
0
0
0
0
0
0
0
0
0
0
0
0
0
0
0
0
0
0
0
0
0
0
0
0
0
0
0
0
0
0
0
0
0
0
0
0
0
0
0
0
0
0
0
0
0
0
0
0
0
0
0
0
0
0
0
0
0
0
0
0
0
0
0
0
0
0
0
0
0
0
0
0
0
0
0
0
0
0
0
0
0
0
0
0
0
0
0
0
0
0
0
0
0
0
0
0
0
0
0
0
0
0
0
0
0
0
0
0
0
0
0
0
0
0
0
0
0
0
0
0
0
0
0
0
0
0
0
0
0
0
0
0
0
0
0
0
0
0
0
0
0
0
0
0
0
0
0
0
0
0
0
0
0
0
0
0
0
0
0
0
0
0
0
0
0
0
0
0
0
0
0
0
0
0
0
0
0
0
0
0
0
0
0
0
0
0
0
0
0
0
0
0
0
0
0
0
0
0
0
0
0
0
0
0
0
0
0
0
0
0
0
0
0
0
0
0
0
0
0
0
0
0
0
0
0
0
0
0
0
0
0
0
0
0
0
0
0
0
0
0
0
0
0
0
0
0
0
0
0
0
0
0
0
0
0
0
0
0
0
0
0
0
0
0
0
0
0
0
0
0
0
0
0
0
0
0
0
0
0
0
0
0
0
0
0
0
0
0
0
0
0
0
0
0
0
0
0
0
0
0
0
0
0
0
0
0
0
0
0
0
0
0
0
0
0
0
0
0
0
0
0
0
0
0
0
0
0
0
0
0
0
0
0
0
0
0
0
0
0
0
0
0
0
0
0
0
0
0
0
0
0
0
0
0
0
0
0
0
0
0
0
0
0
0
0
0
0
0
0
0
0
0
0
0
0
0
0
0
0
0
0
0
0
0
0
0
0
0
0
0
0
0
0
0
0
0
0
0
0
0
0
0
0
0
0
0
-1
0
0
0
0
0
0
1
0
-1
2
1
0
0
0
1
0
0
1
-1
1
0
-2
0
0
0
0
0
0
0
0
-1
0
0
-1
0
1
-1
0
2
-1
0
0
0
0
0
0
1
0
0
1
0
0
0
0
0
-1
0
0
0
0
0
0
0
0
0
0
0
1
0
0
0
0
0
0
0
0
0
1
0
-1
0
0
0
-1
-1
0
0
0
0
-1
0
-1
0
0
1
0
0
2
0
1
1
-2
0
0
-1
1
-1
0
1
1
-1
1
0
-1
0
-3
-1
0
0
0
0
0
0
0
0
0
1
0
0
0
0
0
0
2
-1
0
1
0
0
0
0
0
0
1
-1
0
0
0
1
1
-1
0
0
-1
0
0
-1
2
2
-1
1
0
0
0
0
0
0
0
-1
0
0
0
0
-1
0
0
-2
0
0
0
2
0
0
0
1
1
0
0
1
0
0
0
0
0
0
0
0
0
-1
-1
0
0
-1
0
0
0
1
0
0
0
0
0
0
0
0
1
0
0
0
0
0
0
0
0
0
0
0
1
0
0
0
-1
0
0
0
0
-1
0
0
0
0
0
-1
0
0
0
-1
0
0
0
1
1
0
0
0
-1
0
0
0
0
0
0
0
1
0
0
1
0
-1
0
0
0
0
0
0
0
-1
0
1
-1
0
0
0
0
0
0
0
-2
0
-1
0
0
-2
0
1
0
1
0
0
0
1
0
0
0
0
0
0
-1
0
0
0
0
0
0
0
0
0
0
0
0
1
0
0
0
0
0
0
0
-1
0
1
0
0
0
0
-1
0
-1
0
0
-1
-1
0
0
0
0
1
0
1
3
4
0
1
1
0
0
0
0
-1
-2
-3
-3
-1
-1
-2
-4
-2
-4
-3
0
-2
0
1
0
1
3
3
4
3
5
5
5
3
2
2
2
0
1
0
-1
-4
-2
-2
-4
-3
-2
-3
-2
-2
-2
-1
-1
-2
-1
-1
0
0
1
0
1
1
1
1
0
0
0
0
0
0
0
1
0
0
0
0
2
0
0
0
1
1
1
0
1
2
1
1
0
0
0
0
0
-1
-1
0
0
0
0
-1
0
0
0
-1
0
1
0
0
1
1
0
0
0
0
0
0
-1
-1
0
0
0
-1
-1
-2
-1
0
0
0
0
0
0
1
0
0
1
0
0
1
0
0
2
0
0
1
0
-1
0
-1
0
0
0
0
0
0
1
0
0
0
-1
0
0
0
0
0
0
0
0
0
0
0
0
0
1
0
1
0
0
0
-1
-1
0
0
0
0
0
0
0
0
0
1
1
-1
0
0
-1
0
0
0
0
0
0
2
0
0
0
-1
-1
0
1
1
1
0
0
0
1
0
0
0
0
-1
0
0
-1
0
0
0
0
0
0
-1
0
0
0
0
1
0
0
0
0
0
1
0
-1
0
0
0
0
0
0
0
0
0
0
0
-1
0
0
0
1
0
0
0
0
0
0
0
0
0
0
0
0
0
0
0
0
0
0
0
0
0
0
0
0
0
0
0
-1
0
0
0
0
0
0
0
1
0
1
0
-1
0
0
0
0
-1
-1
0
0
-1
0
0
1
0
0
0
0
0
0
0
0
0
0
0
0
0
0
1
1
0
0
0
2
0
0
0
-2
1
0
-1
0
0
0
0
0
0
0
0
0
1
0
-1
0
0
0
0
1
1
-1
-2
0
1
0
0
0
0
0
0
0
0
0
0
0
0
0
0
0
0
0
0
0
0
0
0
0
0
0
0
0
0
0
0
0
0
0
0
0
0
0
0
0
0
0
0
0
0
0
0
0
0
0
0
0
1
0
0
0
0
0
0
0
0
0
0
0
0
0
0
0
0
0
-1
0
0
0
0
0
0
0
1
0
-1
0
0
0
0
0
0
0
-1
0
0
0
-1
0
0
0
0
-1
0
0
0
2
2
-1
0
0
0
0
0
0
0
0
0
0
-1
0
1
1
1
0
-1
0
2
1
-4
-3
0
0
-1
-1
0
0
0
3
-2
-5
0
11
19
0
-42
-37
52
61
-35
-58
9
63
26
-53
-53
26
55
-32
-63
23
58
0
-39
1
25
22
-1
-32
2
18
-5
-20
-2
4
-13
20
11
-8
-5
0
19
3
-11
-23
9
35
-3
-24
-11
24
13
-19
-35
-12
25
1
-28
-17
24
26
1
-2
0
14
10
0
-4
-3
0
-5
3
8
1
1
4
6
-3
-2
1
-9
-7
-2
-2
-11
-15
-4
-2
-2
-12
-6
9
5
0
-3
12
23
15
0
9
26
12
-6
-10
-1
2
-1
-11
-1
12
1
-8
-11
-3
-9
-18
-21
-12
-2
-12
-12
2
10
4
1
5
7
15
9
3
13
17
6
1
10
1
-7
-2
-4
-6
-4
0
-1
-3
-3
-7
0
-1
-6
-4
0
1
-3
-1
0
0
2
-1
-1
1
3
0
-1
1
0
0
0
3
0
0
-1
0
1
-1
-2
-3
1
3
1
0
1
5
3
0
0
0
0
0
-2
-2
0
0
0
-3
-2
-1
-1
0
-2
0
1
1
2
1
0
0
1
1
0
0
0
2
0
0
0
0
0
-1
0
0
0
0
0
1
1
0
-1
0
1
0
0
-2
0
0
0
0
0
1
1
0
-1
0
1
0
-1
-2
0
0
0
0
1
0
1
0
0
1
1
0
1
1
1
2
0
0
0
-1
0
0
0
-1
-1
0
-1
0
-1
-1
0
1
0
-1
0
1
0
0
0
1
1
0
0
-1
0
0
-1
-1
0
1
0
0
0
-1
0
0
0
0
0
1
1
1
0
0
0
0
0
-1
0
1
0
0
0
-2
0
0
-2
-2
0
0
0
0
0
0
0
1
-1
0
0
0
0
1
2
0
0
0
0
0
0
0
-1
1
1
0
0
0
0
0
0
0
0
0
0
-1
0
0
0
0
0
0
0
0
0
0
0
0
0
1
0
0
0
0
0
-1
-1
0
0
0
0
1
0
-1
0
0
0
0
0
0
1
0
0
0
0
0
-1
0
1
0
0
0
0
0
-1
0
0
0
1
0
0
0
0
0
1
0
0
0
1
0
0
0
0
0
0
0
0
0
0
0
0
0
0
0
0
0
0
0
0
0
-1
0
0
-1
0
1
0
0
0
0
0
0
0
0
0
1
0
0
0
0
0
0
0
0
0
0
0
0
0
0
0
0
-1
0
0
0
0
0
0
1
0
0
0
-1
-1
0
0
-1
0
1
1
0
0
0
-1
0
0
0
0
1
0
0
0
0
0
1
0
0
1
0
0
0
0
0
-1
0
0
0
0
-1
1
0
0
-1
-2
-2
0
0
0
0
0
0
0
0
0
0
0
0
0
0
0
0
1
1
0
0
0
0
1
0
0
0
0
0
0
-1
-1
0
0
0
-1
0
0
-1
0
0
0
0
-1
0
0
0
1
1
0
0
1
0
0
0
1
-1
-1
0
0
0
0
0
-1
0
0
0
0
0
0
0
0
0
0
0
0
0
-1
1
0
0
0
2
0
0
0
0
0
0
0
0
0
0
0
0
-1
-1
0
1
0
0
-1
0
0
0
0
0
0
-1
-1
0
0
0
0
1
0
-1
0
0
0
0
0
0
0
0
0
1
0
0
0
1
1
0
0
1
1
0
-1
0
0
0
0
-1
0
-1
-1
0
0
0
0
-1
0
0
0
1
0
0
0
0
1
0
0
1
0
0
0
1
1
0
0
0
0
0
0
0
0
0
0
0
0
0
0
0
0
0
1
0
0
0
0
0
-1
0
0
0
-1
0
0
0
-1
0
0
0
0
0
0
0
0
0
0
1
0
0
0
0
0
1
1
0
0
0
0
0
-1
0
0
0
0
-1
1
0
0
0
0
0
0
0
0
0
0
0
0
-1
0
1
0
0
0
0
-1
0
0
0
0
0
0
0
0
0
0
1
0
0
0
-1
1
0
0
0
0
0
0
0
0
0
0
0
-1
0
0
0
0
0
0
0
-1
0
0
0
1
0
0
0
0
1
0
0
0
-1
0
0
0
-1
0
0
0
0
0
0
0
-1
0
0
0
0
1
0
-1
0
0
0
1
0
0
0
0
0
0
0
0
1
0
0
0
0
0
0
0
0
0
0
0
-1
-1
0
0
0
-1
0
0
0
0
0
1
1
0
0
0
0
0
0
0
0
0
-1
0
0
0
0
0
1
0
-1
0
1
0
0
0
0
0
0
0
0
0
0
-1
0
0
0
0
0
-1
0
1
0
0
0
0
0
-1
0
0
0
0
0
0
0
0
0
0
1
0
0
0
-2
-1
0
0
0
0
0
0
0
0
0
0
0
0
-1
0
0
0
0
0
0
-1
0
0
0
0
-1
0
0
0
0
0
0
0
0
0
0
0
0
0
0
-1
1
0
0
1
0
0
0
0
0
-1
0
0
0
0
0
0
1
0
0
0
1
0
-1
0
0
1
0
-1
0
0
0
0
-1
0
0
0
0
0
0
0
0
-1
0
0
0
0
0
0
0
0
0
0
0
0
0
0
0
0
0
2
0
0
1
2
0
0
0
0
0
0
0
0
0
0
0
0
0
0
-1
-1
-1
0
-1
0
0
1
0
0
0
1
0
0
0
0
0
-1
0
0
0
2
1
1
1
0
0
0
0
0
-2
0
0
-1
0
0
0
0
0
-1
0
0
0
0
-1
0
-1
0
0
0
1
2
1
0
0
0
0
-1
0
0
-2
1
0
0
0
0
0
0
1
0
-2
0
0
0
0
0
0
1
0
0
0
0
0
0
0
1
-1
0
0
0
0
0
0
0
0
0
0
-1
0
0
0
-1
0
0
-1
0
1
-1
0
0
0
0
1
0
-1
0
0
0
1
0
0
0
0
0
0
0
0
1
1
0
0
1
0
0
0
0
0
-1
0
0
-2
0
-1
0
0
0
0
-1
0
0
0
1
0
-1
0
0
1
0
0
0
0
1
0
0
0
0
0
0
0
0
0
0
0
0
0
0
0
0
0
0
0
0
-1
0
0
0
0
0
0
0
0
-1
-1
0
1
0
1
1
0
0
0
2
0
0
1
0
0
0
0
-1
0
0
0
0
-1
0
0
-1
0
0
0
0
-1
0
1
0
0
0
0
0
0
0
0
1
0
0
0
0
0
1
0
0
0
0
0
0
0
0
0
0
0
0
0
0
0
0
0
0
0
0
0
0
0
0
0
0
1
0
0
0
0
0
0
0
-1
-1
1
0
0
0
0
0
0
0
0
0
0
0
0
0
0
0
0
-1
-1
0
-1
0
0
1
0
0
0
0
0
0
-1
0
1
0
0
0
0
0
0
0
0
0
-1
0
0
0
0
0
0
0
0
0
-1
0
0
0
0
0
1
1
0
1
0
0
1
1
2
0
1
0
-1
0
0
-1
-1
-1
0
1
0
0
0
0
0
0
0
0
0
0
0
0
0
0
0
0
0
0
0
0
0
0
0
0
0
0
0
-1
0
0
0
0
0
0
0
0
0
0
0
3
0
0
0
0
0
0
0
1
0
-1
0
0
0
0
0
0
0
1
0
0
0
0
0
0
0
0
0
0
-1
0
0
0
0
0
-1
1
0
-1
0
0
0
0
0
0
0
1
1
0
0
0
0
0
0
1
0
0
0
0
0
0
-1
-1
0
0
0
-2
-1
0
0
0
2
0
-1
0
0
1
1
0
0
0
1
1
1
0
0
0
2
2
2
0
0
0
0
0
1
0
0
0
0
0
1
0
0
-1
0
-1
0
-1
-1
-1
-1
-3
-2
-3
-2
-3
-2
0
-1
-1
-1
0
0
0
1
0
0
2
0
0
1
2
2
0
2
3
1
2
1
1
2
2
0
0
0
0
-1
0
0
-1
0
-1
-2
0
-1
-1
-1
0
-1
-1
-1
0
0
0
-1
0
0
-1
0
0
0
0
0
1
0
1
2
1
0
1
0
0
-1
0
0
0
1
0
0
0
0
0
-2
-1
0
0
-2
-1
-1
0
-1
-1
-1
0
0
0
0
0
0
0
0
0
0
0
0
0
1
0
1
0
0
0
0
0
-1
0
1
0
1
1
0
0
0
0
0
0
0
-1
-1
0
-1
0
0
0
-1
-1
0
0
0
0
0
0
0
1
0
0
0
0
-1
0
0
0
0
0
1
0
1
0
0
0
0
1
0
0
0
1
0
0
0
0
0
0
2
0
-1
0
0
-1
1
2
-1
0
0
0
0
-1
0
-1
0
0
-1
-1
0
0
0
0
0
0
1
0
0
0
0
0
0
0
0
0
0
0
0
0
1
-1
0
1
0
0
0
-1
0
0
0
0
0
0
0
0
0
0
0
0
0
1
1
-1
0
1
-1
0
-1
0
0
0
0
0
0
0
0
0
-1
0
1
0
0
0
0
1
0
0
0
0
0
0
0
0
0
0
0
0
0
0
0
0
0
0
0
0
0
0
0
-1
0
0
0
0
0
0
0
0
0
-1
0
0
0
0
0
0
0
0
-1
-1
0
0
-1
0
0
0
0
1
1
0
2
2
3
2
1
1
0
0
0
0
0
0
-1
-1
-2
-2
-4
-4
-4
-2
-3
-2
-2
-1
0
0
0
2
1
3
3
4
5
6
6
4
4
5
3
1
1
0
-1
-4
-3
-3
-5
-6
-5
-5
-6
-6
-2
-3
-2
0
0
1
2
1
2
2
3
3
3
5
2
2
3
2
0
0
0
0
-1
0
-2
0
0
-1
0
-1
0
-1
-1
0
0
0
0
2
0
0
0
-1
0
0
0
-2
-1
-2
-2
0
0
0
0
0
0
0
0
1
1
1
3
1
2
2
0
0
0
0
1
-1
-1
0
0
-1
0
-1
0
0
0
0
0
-1
0
0
0
1
0
0
0
1
0
-2
-1
0
-1
0
0
1
2
1
0
1
0
1
0
-1
-1
0
0
0
0
-1
0
0
0
0
0
0
0
0
0
-1
-1
-1
-2
-1
-1
-2
-1
0
1
0
1
2
1
1
1
0
0
0
0
0
1
0
2
1
0
-1
0
0
-1
-1
0
0
-1
0
0
0
1
0
0
2
1
0
1
0
0
-1
0
0
-2
0
0
-1
-1
-1
0
0
0
2
0
0
-1
-1
0
0
0
0
0
1
0
2
2
0
0
1
-1
0
0
0
0
0
0
0
0
-1
-1
0
0
-1
0
0
-1
0
1
0
-1
2
0
-1
3
0
0
2
0
0
0
-1
-2
-1
1
0
-1
1
1
0
0
0
0
0
0
0
1
0
0
0
0
0
0
0
0
0
0
-2
0
-1
-1
0
0
-1
0
2
0
-1
0
0
0
2
0
0
1
0
0
0
0
0
0
1
0
1
1
0
1
0
-1
0
0
0
0
1
0
0
0
1
1
-1
-1
0
0
1
0
-1
-1
0
-1
-2
-1
0
-2
0
0
-2
-1
0
-1
-1
0
0
-1
0
1
0
1
1
0
1
1
1
1
0
2
1
0
1
1
1
2
1
0
0
0
1
0
0
0
0
0
-2
-1
0
0
-1
-1
-2
-2
-1
-1
-1
0
0
0
0
0
1
0
0
1
0
0
1
1
0
1
0
1
0
0
0
0
0
1
0
0
0
0
-2
0
0
-1
0
0
0
0
0
0
0
0
0
-1
0
-1
0
2
0
-1
0
0
0
0
0
0
-1
0
0
0
0
0
0
0
1
0
0
0
0
0
0
0
0
0
0
0
-1
0
1
-1
0
0
0
0
0
1
0
0
0
0
0
0
0
0
-1
0
1
0
0
0
0
0
0
0
0
0
0
0
0
0
0
0
0
1
0
-1
0
0
0
0
0
0
2
0
0
-1
0
0
-1
0
0
0
0
0
0
0
0
0
0
0
-1
0
0
0
0
0
0
0
0
0
0
0
0
0
0
0
1
0
0
-1
0
1
0
0
0
0
-1
0
0
-1
0
0
0
-1
0
0
0
0
0
-1
0
0
0
0
1
0
0
0
1
1
0
0
1
0
0
1
0
1
0
0
0
-1
0
0
0
0
0
0
0
0
0
0
-1
0
0
0
0
0
0
1
0
0
0
1
0
0
0
0
0
0
-1
-1
-1
0
0
0
1
0
0
1
1
0
-1
-1
0
0
0
0
0
1
1
0
1
1
0
0
0
0
0
0
0
1
0
0
0
0
0
0
0
-2
0
0
0
0
-1
0
0
1
0
0
0
0
0
-1
0
1
0
0
0
1
1
0
0
0
0
0
0
0
0
0
1
0
0
0
0
0
0
0
0
0
0
0
0
0
0
1
1
0
0
0
1
0
0
0
0
-1
0
-1
0
0
0
-2
0
0
0
0
0
0
0
0
0
0
0
0
0
0
0
0
0
0
0
0
0
0
0
0
0
0
0
0
0
0
0
0
0
0
-1
0
-1
0
0
0
0
0
0
0
0
0
0
0
0
0
0
1
0
0
0
0
0
0
0
0
0
0
0
0
0
0
0
0
0
0
-1
0
0
0
0
0
0
-1
0
0
0
0
0
0
1
0
1
0
0
-1
0
0
-2
-2
-3
0
0
-1
0
0
-1
-1
0
0
0
-1
0
0
1
0
1
1
2
1
2
1
1
2
2
2
2
2
0
1
1
0
0
0
0
-1
-1
0
-1
-1
-1
0
0
-1
-1
-1
0
0
0
-1
-1
-1
0
-1
0
-1
-1
0
0
0
0
1
0
1
2
0
0
1
1
1
1
0
1
0
0
0
0
-1
0
0
0
0
-1
-1
-1
0
-1
-1
-1
0
0
0
-1
-1
0
0
0
0
1
0
0
0
0
0
1
0
0
1
0
0
0
0
0
0
0
0
0
-1
0
0
0
0
0
0
-1
-1
-1
0
0
0
-1
0
0
0
0
0
0
0
0
0
1
1
0
0
0
0
0
0
0
0
0
0
0
0
0
0
0
1
0
0
1
0
0
0
-1
0
0
-1
0
0
1
0
1
0
0
1
0
-1
0
0
0
0
0
0
0
2
0
1
0
0
-1
0
-1
0
0
0
0
-2
0
-1
0
0
0
0
0
0
0
0
0
1
0
0
0
1
0
0
1
1
0
0
0
0
-1
0
0
-1
0
0
-1
0
-1
-1
0
1
0
0
0
0
0
1
0
0
0
0
0
0
-1
0
0
-1
-1
0
0
0
0
0
0
0
0
0
0
0
-1
1
1
0
0
0
0
1
0
0
0
0
0
0
0
0
0
0
0
0
-1
0
0
0
0
0
0
1
0
0
0
0
0
0
-1
0
0
0
0
1
0
0
0
0
1
0
-1
0
0
0
0
-1
0
0
1
0
0
0
0
0
-1
0
0
0
0
0
1
1
0
0
1
0
0
0
-1
0
0
0
0
0
0
-1
1
0
-1
0
-1
0
0
0
0
0
0
0
1
0
0
0
0
0
0
0
0
0
0
0
0
0
0
0
-1
0
0
0
0
0
0
0
0
0
0
0
0
0
1
0
0
0
0
0
0
0
0
0
0
0
0
-1
0
0
0
0
-1
0
0
0
0
1
0
0
0
0
0
0
0
-1
0
0
-1
0
0
0
2
0
0
0
0
0
-1
0
0
1
0
0
0
0
0
0
0
0
-1
0
0
-1
-1
0
0
0
0
0
-1
0
0
0
0
0
1
0
0
0
0
1
0
0
0
1
0
0
1
0
-1
0
0
0
-1
0
0
0
0
-1
0
-1
0
0
0
0
0
0
0
0
0
0
0
0
0
0
0
0
0
0
0
0
0
-1
0
0
0
0
0
0
0
0
0
0
0
0
0
0
1
0
1
0
-1
0
0
0
-1
0
0
0
0
-1
-1
0
0
0
0
0
0
-1
0
0
1
1
0
2
0
0
0
-1
2
0
0
0
-1
0
0
0
0
1
0
0
0
0
0
0
-1
-1
-1
0
0
0
0
0
0
0
-1
0
0
0
0
0
0
0
0
1
0
0
0
-1
1
1
0
0
1
0
0
0
0
1
1
0
0
0
0
0
0
0
1
0
0
0
0
0
0
0
0
0
0
0
0
0
-1
0
0
0
0
0
0
0
0
-1
0
0
0
0
0
1
0
0
0
0
1
0
-1
0
0
0
0
0
0
0
0
0
0
0
0
-1
0
0
0
0
1
-1
0
0
0
1
0
0
0
0
0
1
0
0
0
-1
0
0
0
0
0
-1
0
0
0
0
0
0
0
0
0
0
0
-1
-1
0
0
0
0
0
0
0
0
0
0
0
0
0
0
0
0
0
-1
1
0
0
1
0
1
1
-1
0
0
1
1
-1
0
0
0
1
0
0
-1
0
0
0
-1
-3
1
1
0
0
-2
1
2
1
1
-2
-1
0
1
0
-3
-1
1
5
-1
-7
-1
5
16
6
-5
2
11
11
-3
-10
-3
4
1
-4
1
-10
-16
18
8
-10
17
8
-1
9
0
18
10
-24
19
8
-47
-22
-26
23
10
-82
4
-25
-40
42
60
100
-137
-90
194
10
22
71
-88
52
102
18
64
27
-73
-41
39
-58
-189
-46
26
-124
-155
-105
-2
128
18
-182
-123
146
220
132
82
61
128
163
132
110
19
-36
-80
-158
-58
-127
-309
-167
-98
-98
102
201
145
1
43
123
1
-38
-162
-163
45
-85
-102
50
-29
178
322
225
160
-200
-232
114
-129
-303
19
169
-114
-154
267
406
266
24
-258
-159
-77
-195
98
-222
-721
141
589
0
103
50
-29
34
-184
160
187
201
86
-559
-135
39
209
124
-304
21
-103
53
285
370
-80
-173
153
-244
314
238
-625
-143
-277
-198
257
97
19
58
10
76
134
527
535
-286
-491
-444
-34
580
-178
-741
-954
-325
1041
820
39
48
-320
-378
819
911
-364
-947
-508
-29
207
423
84
104
12
-726
398
826
-98
-288
-143
-358
-115
240
342
-71
-618
-174
386
291
-287
-108
268
-358
-36
835
-179
-208
360
-114
-306
-200
-71
175
435
82
-716
109
651
-94
117
-30
-591
-67
181
-179
25
5
-229
-22
97
289
251
343
-434
-610
693
177
-480
160
-26
-92
218
157
-111
93
-227
-653
526
599
-331
-302
-205
-8
384
327
255
-184
-695
-319
748
564
-368
-634
-772
490
1056
20
-818
-324
203
69
791
611
-553
-425
-441
-367
755
348
-385
-418
-193
23
405
829
-115
-915
-84
227
730
939
-979
-1054
-489
-166
1394
893
-852
-644
1
520
933
-49
-773
-482
162
74
60
165
-85
-11
-449
60
618
-276
-194
-236
-132
176
518
379
-354
39
342
77
-122
-766
-124
593
-484
-733
44
302
307
965
-292
-818
914
396
-488
212
103
-683
-419
130
250
-55
-350
-92
195
726
479
-141
-255
-473
208
235
-24
-324
-450
-213
-94
604
544
-213
-423
-57
34
397
436
-134
-85
-717
-1212
561
1503
756
-744
-1488
-206
801
1269
791
-634
-1471
-650
962
927
383
-606
-1355
-493
284
530
181
-32
-499
-2
587
688
998
-341
-1261
-93
461
-85
-17
-144
-552
-98
520
14
-61
72
203
128
-259
72
-50
156
209
-936
93
630
30
-72
-477
45
311
409
50
-730
-104
308
-54
353
-282
-451
655
439
-109
-93
-110
-151
-513
233
488
-102
-303
-414
-155
866
-13
-410
215
-276
119
213
470
44
-720
158
-90
-522
492
-380
-22
285
-469
-36
613
602
18
-17
-1
-147
0
209
-38
-573
-661
40
294
435
-68
-331
460
255
-244
194
100
-174
-47
-415
-355
127
126
215
0
-361
-31
299
645
428
-683
-619
445
-1
-93
11
-214
215
150
67
311
-57
-234
-179
-204
2
257
164
-265
-205
-69
286
213
-485
-688
208
843
-20
-528
-87
450
586
288
30
62
-51
-325
-38
-223
-899
-416
213
16
111
518
445
441
227
-40
-107
-296
-218
-226
-350
-249
-344
131
277
-88
223
555
461
180
-155
161
85
-269
-211
-536
-418
-123
-171
183
-5
-35
451
394
424
72
-152
114
-14
-210
-258
-20
-50
-201
-227
-176
207
307
-339
-413
422
450
431
294
-283
-261
-14
34
-147
16
-105
-306
138
143
-154
95
125
-125
117
-58
-171
334
120
-142
176
-67
-368
-5
-220
-357
92
36
35
314
299
285
302
84
48
19
-244
-541
-241
167
-40
-56
-46
-381
-97
465
393
67
-154
-324
-76
309
80
-233
-36
113
76
204
186
-50
-54
25
-198
-313
-151
-10
237
455
-32
-541
-97
451
570
150
-331
-321
-172
-76
107
26
-300
-343
-138
215
433
242
-88
-188
11
156
27
-31
-247
-468
-253
232
511
276
-15
-53
116
425
357
57
-160
-293
-196
-14
-110
-273
-245
-342
-196
237
361
41
-312
-260
-18
76
83
-97
-293
-94
205
223
213
153
272
491
510
349
153
52
-14
17
-12
-167
-378
-525
-337
-221
-83
-178
-715
-698
-384
-162
92
26
-205
-10
553
983
1080
751
303
298
651
807
451
77
-33
0
48
-119
-262
-358
-688
-971
-1084
-1269
-1391
-1263
-1037
-789
-418
62
569
1015
1321
1444
1484
1318
1008
1008
1089
762
197
-35
209
514
293
-601
-1565
-1890
-1543
-1077
-1057
-1270
-1067
-459
26
255
297
130
-253
-659
-547
3
415
690
1075
1296
1283
1495
1922
2099
1623
1035
1235
1254
-77
-2180
-3401
-2999
-2450
-2487
-2232
-1251
147
1257
1832
1976
1458
446
-353
-641
-787
-1073
-1336
-1000
-34
684
1219
1955
2495
2568
2158
1979
2419
2090
-92
-2696
-3825
-3579
-3251
-3320
-2848
-1396
364
1757
2459
2624
1993
623
-474
-853
-992
-1305
-1612
-1488
-645
359
1241
2143
2550
2506
2278
2601
3423
2472
-469
-3203
-4247
-3836
-3659
-3904
-3061
-1193
659
2245
3462
3703
2409
478
-797
-1440
-1797
-2065
-2055
-1533
-650
496
1901
3129
3300
2778
2718
3433
3526
1359
-1797
-3820
-4348
-4159
-4142
-3854
-2698
-832
1246
2919
3877
3296
1468
96
-672
-1503
-2184
-2350
-2106
-1564
-462
1259
3165
4101
3526
2616
2762
3788
3292
195
-3021
-4476
-4572
-4367
-4373
-3842
-2637
-884
1351
3295
4340
3456
1153
-280
-720
-1432
-2105
-2261
-2188
-1590
-222
1889
3849
4252
3619
2943
2963
3779
2946
-262
-3260
-5156
-5634
-4750
-4063
-3409
-2345
-603
1949
4145
5111
3738
982
-513
-876
-1201
-1817
-2684
-3192
-2527
-317
2299
3963
4222
3468
2986
3705
4471
2535
-1437
-4466
-5842
-5537
-4471
-3427
-2476
-1538
246
2656
4899
5323
2855
-187
-1561
-2021
-2294
-2075
-2451
-2937
-1680
859
3467
4834
4514
3256
2587
3835
3970
746
-2869
-5163
-6208
-5520
-4156
-2934
-1723
-305
1738
3887
5191
4425
1523
-1179
-2222
-2338
-2269
-2229
-2342
-2305
-933
1748
4107
5005
4361
2974
2771
4057
3127
-636
-3727
-5881
-6885
-5643
-3789
-2193
-967
385
2520
4636
5775
4458
1138
-1624
-2899
-3176
-2944
-2658
-2709
-2368
-191
2867
4756
5295
4526
2751
2229
3508
2660
-1272
-4127
-5797
-6678
-5005
-2758
-1683
-757
1037
3019
4598
5552
3898
190
-2161
-2796
-3203
-3137
-2716
-2834
-2506
-111
2981
4897
5655
4831
3155
2621
3347
2248
-1460
-4336
-6358
-7196
-5280
-2909
-1332
49
1654
3181
4587
5629
3919
-12
-2672
-3532
-3898
-3226
-2104
-2144
-1722
565
3133
4685
5407
4699
2562
1513
2304
1481
-1666
-3647
-5356
-6365
-4189
-1997
-1041
266
1767
2491
3358
4861
3407
0
-1585
-2662
-3629
-2732
-1715
-2389
-2045
249
2129
3774
5263
4607
2639
2006
2451
1306
-1463
-3475
-5521
-6494
-4301
-2107
-817
826
2158
2734
3626
4751
2951
-205
-1678
-2984
-3772
-2608
-1632
-2163
-1355
865
1862
3139
4691
3835
2066
2011
2442
845
-1177
-2518
-5144
-5994
-3628
-2188
-1087
1106
2172
2139
3460
4348
2049
-315
-1494
-3177
-3289
-1428
-1213
-1850
-739
398
1092
3029
4184
2995
2223
2433
2346
1397
-535
-2767
-5087
-5666
-4126
-2655
-954
916
1984
2437
3511
3981
1946
-156
-1621
-3284
-3299
-1803
-1329
-1283
-192
602
1456
3337
3982
3137
2336
1843
1981
886
-922
-2287
-4597
-4962
-3410
-2673
-1261
430
1353
1744
2790
3139
1255
60
-929
-2426
-2329
-1334
-1230
-983
71
395
1197
2909
3304
2987
2491
2225
2231
877
-611
-2502
-4727
-4529
-3727
-2864
-813
595
1347
1961
2767
2600
1169
54
-1509
-2511
-1994
-1304
-1117
-633
16
44
1310
2872
3010
3206
2884
2517
2360
1009
-814
-3094
-5032
-5016
-4219
-2851
-756
816
1719
2427
3230
2727
1100
-179
-1932
-2735
-1920
-1364
-949
-433
-146
246
1289
2542
2922
2872
2533
2283
2628
1503
-418
-2250
-4691
-5174
-4164
-3101
-1269
518
1574
2125
3255
3222
1297
-34
-1689
-2962
-2472
-1503
-1143
-512
395
409
1446
2762
2921
3099
2688
2374
2276
899
-790
-2660
-4729
-4956
-4168
-3201
-1123
783
1763
2560
3495
2635
1087
136
-1886
-2639
-1920
-1499
-1228
-560
-64
187
1607
2709
3140
3311
2724
2553
2157
821
-797
-2886
-4859
-5043
-4282
-3057
-924
739
1506
2269
3336
2746
1333
449
-1512
-2469
-1943
-1683
-1406
-737
-199
55
1430
2681
3049
3314
2894
2874
2511
873
-784
-2960
-4769
-4755
-4126
-2937
-1040
512
1368
2366
3268
2400
1200
-137
-1860
-2402
-1893
-1361
-1179
-413
-304
136
1765
2600
3097
3217
2738
2683
2431
782
-960
-2943
-4889
-4687
-4087
-2973
-956
309
1257
2393
3301
2712
1778
401
-1459
-2084
-2024
-1814
-1690
-853
-455
243
1999
2798
3414
3359
2728
2678
1951
570
-1043
-3118
-4524
-4370
-3924
-2882
-1102
35
1037
2226
2847
2342
1683
255
-1327
-1629
-1622
-1553
-1301
-975
-691
428
1849
2855
3524
3319
2934
2882
1817
105
-1525
-3582
-4690
-4391
-3711
-2418
-741
365
1179
2434
2813
2192
1600
185
-1129
-1430
-1384
-1584
-1407
-1096
-1020
302
1713
2663
3434
3331
2937
2843
1942
147
-1470
-3829
-4746
-4163
-3710
-1963
-540
435
1252
2444
2942
2075
1534
-183
-1261
-1359
-1368
-1322
-1421
-1153
-1090
175
1656
2589
3229
2965
2822
2789
1950
293
-1574
-3746
-4563
-4007
-3292
-1763
-414
587
1432
2576
2798
1975
1127
-487
-1520
-1759
-1373
-1274
-1151
-779
-669
650
1968
2655
2897
2558
2383
2246
1417
-11
-1766
-3614
-3999
-3488
-2859
-1474
-341
248
1109
2094
2012
1542
626
-675
-1112
-1040
-728
-851
-828
-784
-413
660
1560
2200
2401
2428
2579
2609
1613
223
-1564
-3434
-3737
-3552
-3108
-2068
-982
-49
1161
2408
2337
1921
906
-336
-736
-927
-891
-1302
-1392
-1286
-635
688
1732
2402
2452
2492
2687
3010
1872
82
-1705
-3704
-3687
-3391
-2887
-1925
-1261
-346
923
2463
2397
1907
674
-738
-667
-607
-521
-1121
-1484
-1384
-529
975
1784
2267
2242
2360
2930
3034
1739
-117
-2133
-3776
-3579
-3105
-2734
-2016
-1249
-247
1423
2724
2415
1734
296
-716
-581
-504
-646
-1340
-1503
-1205
-171
1140
1830
2083
1912
2017
2615
2711
1383
-472
-2294
-3414
-2944
-2554
-2379
-1876
-1190
-195
1530
2636
1926
1171
0
-455
104
65
-494
-1412
-1560
-1105
50
1108
1226
1238
1484
2243
3139
2833
1121
-658
-2311
-3064
-2358
-2254
-2673
-2290
-1127
315
1842
2450
1371
625
135
-90
235
-121
-1008
-1492
-953
-136
741
994
843
1105
1515
2086
2368
1814
353
-799
-1556
-1884
-1816
-2349
-2689
-2172
-1008
128
1048
1203
459
436
735
695
466
-73
-740
-774
-208
-17
236
475
625
1054
1658
2228
2197
1408
225
-510
-921
-1303
-1732
-2437
-2530
-1703
-759
-104
427
380
304
744
640
484
278
-163
-161
-85
-82
-194
-55
275
611
1210
1560
2049
2362
1571
509
-461
-1309
-1712
-2152
-2596
-2356
-1457
-651
19
597
320
206
611
392
288
166
-248
-137
148
41
-92
192
521
977
1331
1497
1972
1849
1027
170
-688
-1332
-1806
-2233
-2397
-1929
-1076
-538
-136
320
327
507
718
349
270
221
112
199
205
23
-90
469
689
734
1053
1228
1637
1396
582
-133
-669
-895
-1439
-2069
-2079
-1622
-921
-408
-285
-147
324
694
457
352
318
370
689
377
24
68
287
520
444
439
701
1326
1311
610
148
-145
-428
-950
-1457
-1870
-1578
-903
-868
-751
-274
85
396
484
162
348
792
691
557
399
318
550
655
328
160
547
864
950
630
86
-44
-95
-589
-1208
-1532
-1469
-1071
-897
-995
-754
-252
-63
-137
-24
269
585
764
730
731
864
915
722
432
317
445
608
603
530
447
278
52
-272
-761
-1171
-1237
-1160
-1196
-1209
-1019
-658
-402
-369
-263
91
448
688
860
971
1001
968
817
506
339
335
262
285
266
140
87
-8
-165
-399
-617
-694
-687
-699
-788
-741
-670
-665
-503
-349
-257
8
301
447
671
935
864
792
860
624
395
330
232
119
72
5
-109
-101
-197
-343
-317
-310
-362
-316
-337
-372
-294
-367
-485
-438
-302
-308
-230
68
270
360
517
564
629
591
406
395
324
196
97
-18
28
105
-106
-214
-33
-39
-233
-358
-275
-128
-333
-529
-315
-184
-338
-258
6
33
-92
-16
102
143
174
73
114
289
242
110
155
270
142
-22
66
153
139
-34
-154
-16
-95
-219
-105
-209
-28
45
-459
-87
447
-137
-377
180
255
-54
-225
77
150
-15
-129
-19
165
105
72
-83
-11
218
199
-167
-110
236
14
-193
-12
86
-121
-345
-115
179
79
-198
-161
324
241
-343
14
210
-23
69
-206
47
419
-84
-297
67
71
-83
-247
-158
255
171
-234
-112
522
103
-376
125
329
32
-363
-134
379
-14
-364
-206
81
115
-120
109
210
64
74
-169
-146
134
-13
-304
112
308
-3
-118
126
91
-83
-71
-118
139
51
-170
140
127
-130
-185
-120
35
-55
-113
-166
50
279
0
-90
210
179
-88
-31
-42
105
-61
-136
-101
109
232
-222
0
152
57
-215
-26
76
40
60
116
-6
-178
-62
-137
178
-50
-64
84
-17
-60
47
211
-44
-76
-57
65
166
-79
-188
180
109
-198
-86
109
-3
-7
-87
-160
57
-10
-20
-67
104
15
61
-29
-93
155
50
167
-67
-199
-141
147
1
-116
190
-23
-65
-3
68
111
252
62
-143
87
69
-297
-165
-77
-256
-103
89
234
93
22
-18
96
167
27
-176
-185
204
-22
-145
48
-101
-40
16
74
196
-41
0
28
-60
89
100
-41
-50
67
34
-122
-113
-90
-9
67
-137
21
12
-103
189
-114
-22
319
-26
-71
73
26
-8
53
-146
-92
144
-89
-21
-50
-25
-71
75
97
-164
29
26
-4
-24
156
147
49
96
-69
35
-18
-14
45
-104
-222
-29
30
-152
8
205
7
-203
48
102
206
214
-81
-71
-241
9
-39
-297
-27
8
-16
-53
276
18
-102
174
17
313
26
-72
138
-147
-90
47
212
-300
-313
29
-225
115
144
-9
-40
-75
255
170
-70
-81
20
174
-65
-152
166
-3
-343
-43
357
27
-107
-7
67
40
-46
-142
-82
131
-128
-71
123
22
108
-3
-23
-67
30
25
-27
129
37
-150
43
31
-186
84
78
-107
-74
47
-22
41
1
4
-40
35
206
-78
-95
163
37
-155
89
113
-121
-62
40
-72
-67
-32
-14
65
-17
-110
-45
142
123
-103
-19
230
-4
-18
70
-118
-27
-5
-11
-69
-33
0
-56
-22
-87
193
58
-92
65
84
31
-11
26
58
-48
-16
-3
-166
-26
-6
-60
-42
33
69
116
48
-60
-55
109
-43
-116
41
-75
126
68
34
-12
-95
101
-83
-95
126
-25
-112
39
43
-14
71
-21
-54
61
-60
85
-7
-128
-29
-42
73
-6
59
-42
81
20
-12
58
-21
0
-30
89
-120
-1
32
-97
-7
25
-21
-46
38
21
12
122
-52
20
-2
-90
56
36
-21
104
80
-137
-86
-16
-36
5
-115
22
59
51
64
-44
-26
-49
44
4
-13
48
-36
131
-41
-68
168
-26
28
-70
-77
-10
-109
-18
92
-77
89
140
-41
-6
-119
102
-35
-74
148
-30
-104
155
0
-147
-40
137
-106
-101
123
-118
76
156
-72
-66
103
-64
-54
104
-40
77
85
-44
2
-77
-76
-81
94
32
-47
-23
44
101
21
63
-118
34
-8
-86
68
35
-50
-89
-46
22
-76
-28
14
-1
124
107
49
134
-126
29
77
-188
68
-33
-127
66
-37
-12
-106
-87
4
92
10
16
179
35
56
30
-63
102
-210
-86
175
-79
45
-91
89
-132
-232
259
-84
-96
261
110
-89
39
136
-104
-274
-321
216
257
-41
330
-209
3
2
4
-63
-6
42
-486
372
60
-141
141
-34
108
-122
130
-175
-42
153
-23
17
-209
165
160
-6
107
-163
-253
126
-24
-61
64
81
1
-172
230
63
-194
-115
149
70
-8
28
-208
21
97
-58
-6
58
105
-56
-66
280
-137
-121
78
-251
-142
233
192
-151
49
-45
-91
367
38
-137
-115
66
-91
16
130
-381
148
77
-213
13
291
-116
82
133
-65
97
-90
65
-201
-67
48
-19
-229
40
109
-91
111
94
278
2
-200
324
-167
-200
286
-231
-138
-139
-79
249
-37
-430
191
354
-330
375
257
-68
78
-224
59
54
-180
-19
-9
-37
-68
-178
65
-45
-109
377
155
-221
240
147
-196
-49
-258
-311
223
119
16
343
132
-276
77
133
-114
-179
-333
-91
126
79
-64
-26
313
-2
-98
461
12
-49
59
-340
-80
166
-201
-122
236
-69
-132
20
39
37
-44
-91
179
118
-70
45
-117
-3
62
-125
117
208
-102
-38
4
-169
-7
-89
-139
97
36
26
128
106
100
59
6
89
-1
-126
36
-59
-229
-133
-91
-94
5
-18
-2
217
136
93
264
113
-84
-116
-127
-33
-120
-214
-27
-37
-3
89
-51
121
146
-38
59
59
-15
-116
-87
-40
-109
-49
-24
33
130
62
-108
-42
138
56
41
155
129
156
61
-100
-107
-171
-257
-289
-229
-139
-170
-152
-36
-140
-238
-157
-135
-168
27
230
349
476
609
772
885
1153
1580
1442
469
-378
-652
-1347
-2130
-2379
-2299
-1541
-748
-193
707
1352
1397
611
-434
-163
-395
-1186
-308
447
701
1520
1622
2391
4612
3245
-251
30
-343
-2986
-3482
-3727
-3647
-2371
-1645
-798
1424
2742
1874
1639
1952
1248
-311
-894
-420
-1808
-3106
-2064
-1294
-707
408
1280
2748
3999
3238
2697
3028
3378
1128
-2658
-2618
-2575
-4823
-4651
-3424
-2503
-491
1149
1983
3538
3583
1747
1196
333
-1550
-2085
-2053
-3376
-3247
-1455
-954
719
2820
2761
3422
4258
3253
1206
-122
44
17
1590
3447
-224
-3615
-1698
-2972
-4623
-2812
-3037
-1758
854
735
2089
4296
2847
480
-112
-467
-1650
-2311
-1672
-2405
-2131
-623
-393
914
2267
1793
2683
3608
2284
589
1266
2296
-466
-3105
-1453
-1416
-2847
-2022
-1689
-886
367
973
1382
2389
1909
-281
-618
-335
-1306
-1774
-697
-1043
-1697
-786
-543
65
1462
1364
1319
2413
2571
852
1192
3199
865
-2371
-1073
-956
-3051
-2138
-1747
-1649
-280
488
843
2112
1572
-938
-492
59
-1190
-1105
-218
-420
-958
-699
-714
-244
530
334
1179
2225
2342
1538
1156
3044
2612
-948
-1356
-370
-1974
-2438
-1680
-1415
-720
393
977
1053
927
-766
-1556
-839
-1478
-1585
46
1204
206
-450
156
96
-150
178
549
1453
2482
1943
678
1844
3054
702
-2075
-1460
-1228
-2334
-2087
-1391
-1141
245
1500
619
774
438
-1728
-1469
-950
-1503
-968
292
776
95
-272
405
523
120
89
878
1840
2220
1582
965
2361
2486
-662
-1659
-618
-1695
-1858
-1422
-2160
-689
1079
596
787
720
-987
-1955
-1808
-1328
-1177
60
1867
436
-1001
503
400
-572
-139
523
1439
1773
1185
854
1518
2813
1279
-1707
-576
129
-2273
-1128
-238
-2177
-458
1159
-395
-61
-35
-1261
-1230
-1558
-1403
-171
534
1040
-58
-485
1089
488
-551
595
1288
1298
1994
1756
682
900
2186
985
-1733
-592
-689
-2482
-999
-810
-1557
520
1121
-239
192
-573
-1918
-932
-567
-883
-156
1294
831
-973
-224
233
-606
-212
433
732
2068
2446
995
1076
2083
2311
213
-973
159
-1021
-1913
-563
-1125
-1413
665
156
-805
110
-785
-1775
-1057
-843
-638
-18
533
480
-273
-342
255
-90
-305
717
1094
1537
1924
1132
928
2021
2374
88
-541
149
-1482
-1712
-934
-1274
-672
65
-183
-128
-322
-1510
-1743
-1251
-1077
-414
364
494
317
180
-151
-113
-72
-204
263
982
1465
1454
1312
1211
2114
2464
117
-563
-154
-1485
-1633
-986
-963
-353
419
-106
-432
-327
-969
-1384
-1268
-853
-442
-171
585
891
-96
-215
358
-188
-348
303
823
1258
1518
1303
1282
2528
2366
347
-108
-586
-1716
-1764
-1466
-1455
-1063
58
49
-475
-305
-630
-1201
-1420
-1122
-936
-584
502
737
334
576
501
73
301
620
807
1109
1290
1150
1124
1842
1798
719
202
-443
-1439
-1764
-1365
-1298
-1184
-345
-302
-716
-584
-988
-1603
-1566
-1424
-991
103
695
954
985
719
724
330
23
185
481
1008
1332
1426
1476
2017
1833
812
412
-411
-1327
-1398
-1439
-1514
-1074
-575
-672
-661
-736
-979
-994
-1235
-1342
-882
-155
276
347
563
1025
970
642
735
598
702
1009
1058
1292
1373
1683
1648
960
605
-102
-992
-1113
-1248
-1486
-1237
-883
-918
-864
-615
-818
-938
-924
-796
-685
-587
155
176
79
785
581
658
880
481
782
1130
1108
956
934
968
1332
1394
729
556
291
-428
-681
-1281
-1662
-1473
-1604
-1487
-1029
-934
-792
-584
-543
-155
-292
-185
531
299
390
934
739
940
1065
816
1092
1224
918
840
926
946
1130
911
557
643
319
-320
-571
-1155
-1739
-1511
-1453
-1709
-1405
-1093
-1109
-923
-816
-604
-519
-583
40
397
572
1080
1157
1244
1328
1186
1225
1178
967
888
1108
1073
820
727
617
334
-14
-315
-547
-802
-1269
-1415
-1287
-1350
-1330
-1340
-1228
-1123
-1130
-851
-578
-339
26
323
635
1089
1082
1054
1273
1113
1206
1266
1185
1337
1029
737
598
216
-54
-201
-343
-419
-434
-550
-731
-968
-1196
-1254
-1111
-1158
-1305
-943
-861
-1047
-775
-720
-441
106
351
847
1138
1151
1280
1184
1109
951
752
882
777
554
457
226
63
-196
-514
-491
-468
-456
-443
-504
-269
-361
-638
-454
-643
-770
-469
-561
-543
-417
-357
-193
-239
-84
143
226
585
709
759
1035
967
693
631
425
168
222
84
-181
-79
-3
-152
-253
-344
-470
-336
-230
-314
-202
-107
-151
-144
-200
-344
-424
-421
-303
-230
-127
26
117
220
177
102
223
240
208
327
398
470
428
336
351
158
100
22
-147
9
-9
-72
-114
-231
-132
-124
-275
-211
-119
-156
-133
-96
-146
-195
-164
-158
-47
72
-9
-7
53
-17
44
-38
-53
148
142
139
96
129
202
32
29
51
14
100
75
76
179
6
-3
136
-92
-215
-189
-206
-213
-73
-149
-155
191
128
-32
156
141
-145
-114
126
1
-273
-269
33
185
131
0
159
321
-52
-202
25
44
-18
-15
12
62
101
38
12
-93
-142
-116
-64
82
145
-8
-41
72
21
-102
-111
24
-5
-144
32
245
-42
-158
-101
144
184
-182
166
340
-125
-12
22
-288
-111
-186
-104
310
21
43
219
19
-52
5
84
-46
-163
-95
60
2
-42
-146
52
158
-117
-91
178
186
-236
-145
106
91
81
3
108
93
-44
-120
100
108
-221
-55
-6
-8
-50
-151
-22
-3
-12
40
128
-24
-83
112
20
-17
49
-74
-48
117
17
-4
142
91
-135
-123
104
47
-119
-170
1
82
101
4
-52
125
6
-181
65
17
-101
51
-25
-33
154
51
-52
48
-36
59
-32
-47
-89
-106
20
69
73
-5
30
-17
-60
-33
38
88
-109
-31
54
-35
19
28
37
13
-76
6
27
-14
-45
-21
26
92
41
-14
7
65
-118
-102
49
-51
-3
-39
-52
129
21
6
-6
60
33
-40
58
16
-96
62
-8
-71
-29
-18
39
-38
40
31
40
-45
-6
143
-22
-21
49
-53
-52
-55
9
23
-64
-33
-47
12
74
20
-45
16
0
-34
104
45
-29
-9
-8
27
51
-90
-90
15
24
25
72
-6
-10
-46
-23
57
23
-19
-65
12
17
46
35
-17
1
-41
-17
72
-116
-100
48
78
-46
38
64
-67
37
-35
0
69
-11
-1
49
-21
30
-79
-7
21
-70
21
15
37
11
-30
32
-17
-3
4
-6
9
-43
-10
-14
26
24
-26
-24
48
-7
21
32
-10
24
-43
1
47
-37
-2
-49
-29
25
44
36
-55
-4
-23
10
45
-33
-8
-32
-77
57
70
58
5
-65
71
-51
-49
89
-50
-28
32
7
-5
-10
40
-50
-56
72
-26
-45
-9
82
36
-36
60
-43
-25
5
-29
36
-24
9
-16
-15
14
40
-12
-39
-4
3
29
-21
27
1
-41
54
16
-4
-32
-27
41
-7
16
12
-36
14
-49
62
29
-54
23
-39
9
43
-19
-7
-24
3
29
3
20
-22
-61
1
25
-35
15
62
-13
-3
10
0
-8
8
-44
-41
29
18
5
15
0
-2
27
-13
-25
26
-12
-36
25
30
36
2
-43
-2
23
-19
-30
-5
-17
-10
24
-10
33
29
-12
1
-10
28
-19
-5
-4
4
43
-49
-23
11
-11
4
-16
16
-9
-3
15
-7
11
11
2
9
8
21
-24
12
10
-3
-15
-23
-17
24
15
-15
-13
-17
-37
0
-4
24
20
8
3
25
37
-7
-22
-4
0
-12
1
13
7
-16
-26
5
-6
27
-31
2
3
2
45
-26
3
32
-32
8
-3
17
-22
-34
15
-41
13
0
24
26
-21
42
-16
-8
-17
43
-24
-31
31
-37
30
-7
-4
36
-52
52
12
-26
12
-22
7
-4
0
15
-53
7
0
-10
33
0
11
7
-33
50
-15
-15
7
-27
-6
14
-10
20
-8
-6
15
-16
61
-29
-17
36
-29
-6
15
-3
-5
-19
-2
26
-36
39
-22
26
-4
-21
33
-21
8
-15
30
-32
3
17
-46
33
-20
17
8
-13
9
-15
3
12
25
-28
4
15
-20
2
5
-2
-11
5
5
-15
3
32
-18
-41
18
43
-15
-4
-8
12
4
-18
24
-4
-25
-3
6
5
26
-18
-16
9
8
-6
0
-26
1
18
-44
2
47
5
13
24
-31
25
42
-30
-40
5
-8
-10
-46
10
-13
-38
11
16
47
-4
13
54
4
-9
0
-2
11
-15
-6
-25
-6
35
-49
-20
21
-34
17
-6
-39
27
40
-17
-34
90
-33
34
23
-52
65
-26
-27
-36
7
-8
4
6
-18
24
-21
9
-24
11
-3
56
44
-26
44
-58
65
6
-57
14
-53
-49
-8
34
-41
77
-27
-54
28
41
36
-3
-11
-78
-2
40
-2
11
18
-2
-1
52
-36
-9
33
-66
-2
15
43
-5
-4
12
-50
0
10
28
-15
-26
38
-8
-14
24
-90
77
-5
-66
47
-69
124
-24
-36
79
-71
-8
9
-16
36
-26
-24
49
-72
77
13
-56
86
-74
18
-1
-19
42
-89
7
47
10
64
-11
4
17
-24
0
-87
-23
36
-66
19
61
42
49
-68
33
-71
-52
67
-110
125
57
-65
55
-31
19
25
-72
-84
-42
21
62
12
102
58
-98
27
-23
-55
43
11
-2
-47
-67
52
20
-16
76
58
-86
-11
44
-79
8
0
-9
42
-53
10
-15
6
8
77
-7
20
7
-75
40
-68
20
27
-104
104
28
-31
48
-72
12
-60
14
79
-10
21
-52
8
-25
87
17
-3
-60
-32
-31
0
73
-19
21
-155
110
128
-89
31
-60
-17
8
-27
123
52
-183
86
38
-68
19
-114
53
46
-47
104
-28
-69
5
27
-46
56
0
37
-8
6
27
-38
1
-102
109
-46
-17
79
-150
-7
72
58
-103
19
124
-60
10
169
-57
-131
3
-68
-53
58
19
-68
-27
127
36
22
102
16
-109
-81
42
-22
46
-50
-24
-7
-31
43
-12
26
14
-9
28
95
-24
-115
40
3
-181
53
67
-1
89
9
27
-21
0
-65
-5
-9
10
22
-9
48
-45
-45
-56
69
69
-114
49
127
-75
-14
0
24
15
-23
0
-150
137
93
-186
136
-74
-152
171
-73
-62
150
-6
-25
12
19
61
-68
-40
37
-49
11
82
24
37
47
-76
-120
-15
13
-41
-34
76
38
-41
-1
10
23
-5
-27
17
79
41
-20
15
-23
9
-15
-61
-79
92
-18
-92
15
-4
-27
18
166
-24
-92
117
-13
-19
-17
-105
50
104
-28
-71
126
11
-138
-70
116
3
-40
7
2
88
-54
-76
62
16
-82
-37
4
77
36
-66
98
-48
-106
150
17
8
40
-51
-98
-60
72
13
-10
75
-140
-43
104
-28
-11
102
-14
-64
84
90
-112
3
-50
-28
37
33
7
-9
19
-41
9
-83
51
-45
-26
91
-2
-33
26
-60
-91
110
54
45
46
-35
17
-21
2
67
-54
-81
35
0
-23
-17
10
-28
-102
85
-7
-55
31
-10
-41
-113
71
57
-63
-18
73
-19
-39
101
24
-37
25
128
21
43
87
23
64
-20
-50
-39
-55
-98
-136
-50
-145
-251
-51
-133
-253
-54
-54
7
40
104
325
284
284
394
376
428
413
103
50
15
-313
-429
-603
-777
-773
-716
-726
-552
-319
-304
-124
75
188
331
439
652
751
710
802
1189
1041
353
530
504
-338
-521
-723
-1089
-1067
-1180
-1090
-528
-365
-390
135
441
326
429
574
453
211
96
-53
-230
-496
-548
-454
-394
-313
-337
-29
304
547
822
1045
1243
1166
1355
1561
830
246
545
-174
-1099
-969
-1416
-1811
-1582
-1566
-1351
-734
-503
-248
384
558
598
706
691
569
230
-277
-286
-305
-992
-716
-41
-244
221
916
970
1168
2229
2305
833
1366
1512
-474
-417
-423
-1935
-1853
-1628
-2119
-1635
-1010
-1127
-618
-13
24
287
639
701
490
705
490
-25
48
-238
-575
-329
-526
-339
-30
161
747
1270
1392
1513
2177
2271
1132
1143
1054
-440
-885
-1193
-2082
-2203
-2150
-2185
-1778
-1133
-944
-414
321
415
582
899
977
705
510
359
158
-176
-583
-490
-434
-464
-80
76
607
1096
1183
1438
1833
2155
1386
818
1030
-193
-1278
-1031
-1897
-2503
-2016
-1969
-1784
-936
-583
-238
498
644
819
1010
994
748
446
425
0
-437
-402
-593
-709
-406
-316
-218
536
831
1073
1505
1646
2198
1541
795
1325
119
-1220
-833
-1519
-2509
-2044
-1854
-1899
-1071
-714
-497
261
429
599
872
909
828
475
469
297
-196
-242
-278
-395
-322
-119
-67
275
740
841
1075
1189
1748
1535
557
1047
580
-1018
-670
-1049
-2253
-1835
-1617
-1875
-1189
-656
-464
137
464
666
799
723
788
408
121
202
-319
-679
-238
-592
-767
-12
-186
-28
788
709
1220
1377
1409
2207
1225
706
1469
-252
-1027
-420
-1795
-2295
-1729
-2013
-1792
-1162
-861
-304
31
350
875
644
790
1047
525
334
344
-34
-320
-222
-366
-374
-156
-105
283
495
830
1117
1061
1630
1431
793
1078
384
-602
-427
-1092
-1905
-1594
-1781
-1895
-1310
-964
-808
-254
186
329
549
891
832
616
697
546
153
-3
-13
-258
-412
-57
-148
-121
524
543
721
1087
1053
1338
1122
670
815
174
-636
-413
-1040
-1866
-1475
-1530
-1840
-1292
-776
-734
-254
284
415
583
876
953
597
608
612
6
-190
-51
-600
-507
-139
-483
-75
488
457
978
1242
1246
1670
1447
789
1065
276
-753
-417
-1327
-2029
-1644
-1919
-1915
-1341
-964
-634
-167
221
550
582
794
967
574
673
537
0
144
-81
-444
-183
-362
-407
-156
-5
161
409
748
979
1037
1127
1178
1068
621
374
149
-629
-886
-1075
-1651
-1654
-1611
-1598
-1205
-748
-367
110
454
755
967
977
1095
892
618
533
35
-212
-332
-684
-618
-558
-569
-219
17
270
732
978
1055
1273
1545
1077
654
891
-120
-793
-420
-1485
-1831
-1335
-1808
-1619
-928
-676
-357
243
551
704
943
1053
957
689
704
357
16
55
-227
-351
-268
-291
-258
-221
7
70
213
514
684
642
843
859
610
441
426
69
-494
-326
-715
-1266
-872
-1114
-1341
-842
-737
-622
-205
98
263
343
564
612
366
445
416
-124
-54
0
-474
-220
59
-104
398
701
648
1032
1496
864
1009
1343
-89
15
190
-1353
-1064
-951
-1785
-1372
-947
-1083
-770
-348
-132
43
252
678
517
421
834
301
265
544
-22
70
198
-164
-75
113
-81
13
302
166
358
425
401
372
264
129
20
-251
-306
-417
-724
-562
-612
-763
-418
-345
-359
56
27
19
293
132
169
281
83
132
189
1
55
158
-44
20
251
51
128
381
227
237
388
286
129
188
107
-139
-138
-179
-426
-444
-384
-596
-562
-440
-497
-443
-274
-191
-122
59
178
271
422
487
618
695
668
619
847
592
250
650
-90
-557
81
-831
-1010
-321
-897
-813
-161
-204
-246
190
279
85
194
367
117
-165
203
-106
-354
154
-99
-266
206
96
-85
328
291
94
418
342
268
326
258
169
95
-31
0
-158
-332
-184
-434
-470
-308
-492
-356
-238
-218
-32
-17
22
171
20
131
220
3
114
133
-7
133
128
109
165
113
217
180
110
246
74
50
113
-48
-42
-73
-189
-97
-187
-229
29
-284
-276
145
-524
-274
247
-670
-63
284
-464
300
349
11
451
428
328
449
379
313
202
148
170
-113
-127
-150
-400
-388
-313
-430
-425
-151
-227
-208
125
-104
-52
119
-158
-19
4
-287
0
-5
-190
295
299
247
566
742
711
495
922
440
-241
548
-248
-914
27
-774
-1037
-190
-490
-588
-99
-117
-178
-3
141
195
-167
231
208
-310
309
118
-274
202
46
-150
139
132
-39
217
256
221
377
324
353
294
239
233
57
-122
-48
-369
-419
-272
-530
-502
-227
-379
-242
-24
-97
8
55
113
134
67
142
112
-6
156
111
17
135
91
98
99
94
144
28
61
113
21
-38
52
-44
-133
-13
-99
-102
-88
-85
-75
-141
-74
-63
-150
-49
-61
-82
13
5
30
87
65
98
89
103
74
58
81
25
2
42
-41
-21
11
-42
2
0
-2
7
4
16
-1
-32
10
-28
-75
-12
-60
-77
-9
-45
-29
-24
15
14
-1
61
52
5
73
76
1
56
59
-4
19
27
-16
-5
0
-26
-31
-17
-46
-24
-21
-29
-11
0
-5
1
12
6
-8
-4
-1
-20
-14
-4
-20
-15
5
-3
3
22
27
15
35
24
16
29
1
6
5
-24
-2
-8
-27
-2
-5
-21
-2
-6
-25
-4
-16
-11
-8
-2
3
-5
9
14
4
13
22
10
16
22
7
18
2
0
6
-14
-8
-7
-10
-10
-7
-3
-2
-11
0
0
-9
-3
0
-1
-9
8
4
-6
13
3
-2
4
3
2
-5
8
6
-4
9
7
-5
3
5
-3
-3
5
-2
-10
-6
0
-14
-8
9
-11
0
15
-9
5
8
-9
6
-9
-15
-2
-23
-11
-5
-13
0
5
5
8
13
7
11
12
0
11
3
-2
12
-3
5
15
-2
11
11
-7
4
-1
-15
-6
-8
-18
-5
-9
-12
2
-11
-3
4
-13
4
0
-6
13
-1
7
18
0
14
15
0
7
8
-2
-7
0
-6
-9
-1
-7
-2
2
-1
8
5
5
12
2
6
3
-7
1
-5
-9
-1
-5
-7
-5
-5
-7
-5
0
0
-1
5
4
-4
6
6
-3
4
7
-2
2
5
-3
0
2
0
-3
0
2
0
0
4
-1
0
1
-3
-1
0
-4
-1
-2
-3
0
-1
0
1
2
2
0
4
2
-1
4
2
-5
0
1
-7
0
1
-7
0
3
-6
0
4
-7
2
4
-5
3
4
-4
1
7
-3
-5
9
-3
-9
10
-1
-14
7
4
-15
7
9
-17
8
14
-11
6
15
-9
1
14
-8
-3
15
-7
-9
11
-3
-12
11
0
-17
9
6
-19
5
9
-19
2
15
-16
-2
14
-11
-6
15
-3
-9
11
4
-9
4
8
-6
-3
11
-2
-9
11
0
-13
9
5
-12
6
8
-13
1
10
-9
-3
11
-4
-4
11
-3
-8
12
0
-12
10
3
-15
11
7
-15
9
7
-16
6
5
-15
3
8
-12
0
8
-9
-3
7
-5
-1
4
-7
2
6
-7
3
7
-8
4
12
-10
0
13
-10
-3
9
-5
-6
8
0
-6
7
1
-3
4
-2
-2
1
-6
1
2
-7
1
2
-8
4
5
-8
4
6
-10
1
4
-7
2
5
-5
-4
4
-2
-3
5
0
-5
5
0
-3
6
5
-2
4
6
-6
2
7
-4
1
7
-4
-3
4
-1
-4
2
0
-4
0
0
-3
0
0
-3
-1
0
-1
-1
1
0
0
0
0
0
0
0
0
-1
0
0
-1
0
0
0
0
0
2
0
0
2
1
0
3
2
1
2
2
0
1
1
0
0
1
0
0
0
-1
-1
-1
-2
-2
-4
-1
-2
-3
0
-2
-3
0
0
-1
0
0
0
0
1
1
1
0
2
2
1
2
3
2
0
3
3
-1
3
4
-1
2
3
-1
0
2
0
0
1
-1
-2
0
0
-1
0
-1
-1
-1
-2
-3
-1
-1
-2
-1
-2
-3
-1
-1
-2
0
0
-1
0
0
0
1
0
0
2
1
2
1
0
3
2
0
1
1
2
1
1
2
1
1
1
0
0
-1
-3
-5
-4
-2
-4
-4
-2
-1
0
1
0
3
2
4
1
-1
-1
0
-2
-2
-1
-2
1
5
4
4
5
3
2
0
-4
-7
-7
-2
0
3
10
16
23
25
21
7
0
4
-13
-44
-53
-63
-62
-31
-36
-43
-5
19
48
93
85
69
83
76
77
62
9
-10
-28
-51
-36
-56
-85
-53
-45
-50
-9
-7
-26
7
16
3
12
6
-10
-16
-18
-20
-36
-37
-16
-16
-12
13
34
45
63
73
74
71
70
64
41
23
18
10
-2
-19
-36
-50
-51
-43
-50
-58
-51
-46
-31
-13
-22
-29
-20
-20
-11
1
1
7
17
24
34
38
37
40
36
30
35
34
31
35
25
7
0
-11
-27
-26
-35
-47
-35
-32
-29
-16
-22
-26
-11
-6
-3
11
9
3
14
15
9
11
3
-6
-7
-5
-1
4
0
-4
5
11
9
18
16
3
5
5
-5
-9
-13
-26
-23
-12
-17
-10
0
0
8
16
15
14
19
11
8
11
0
-2
0
-5
-7
-5
-8
-14
-8
-1
-5
-1
-1
-3
2
1
1
4
3
-2
5
6
0
4
5
0
0
0
0
2
0
0
3
0
0
5
6
6
5
2
1
0
-2
-2
-6
-11
-8
-8
-8
-3
-2
-3
0
0
1
2
1
1
2
0
0
3
1
0
2
3
1
1
3
1
1
1
-1
0
-2
-2
0
-3
-2
1
0
1
3
2
3
6
4
1
0
1
1
-2
-2
-2
-6
-5
-3
-3
-5
-2
-1
-1
0
2
2
0
2
3
2
1
1
0
-1
0
0
-1
1
0
1
2
3
7
6
4
4
2
0
-1
-2
-6
-5
-5
-5
-4
-3
-2
1
1
0
0
1
1
1
0
-1
-1
-1
-2
0
0
-1
0
2
0
-3
-1
0
2
1
0
0
0
1
1
1
1
1
5
4
3
2
0
0
-1
0
-1
-1
-3
-4
-1
0
-3
-2
1
2
1
0
1
-2
-3
0
0
0
0
-2
-1
0
1
0
-1
-1
0
0
0
-1
0
1
0
-1
2
2
1
3
3
0
0
1
0
0
0
0
-1
-1
-2
-2
-1
0
0
1
0
0
0
0
0
-1
0
-1
0
1
0
-1
0
0
0
0
1
1
1
2
1
1
1
0
1
1
0
-1
-1
0
-1
-2
-2
-2
0
0
-1
-1
-1
0
1
1
0
0
0
0
0
0
-1
0
0
0
1
0
-1
0
1
0
1
1
0
0
0
1
0
1
1
0
0
1
0
0
-1
-2
0
-1
0
-1
-2
0
0
-1
-2
1
0
0
1
0
0
0
0
0
0
0
-1
0
0
0
0
1
0
0
0
0
0
0
0
0
2
0
-1
0
0
-1
0
1
0
-1
1
1
0
1
0
0
0
0
0
-1
0
0
1
0
-1
-1
-1
0
-1
0
0
0
-1
0
-1
0
0
0
0
0
0
0
0
0
0
2
1
0
0
0
0
1
0
-1
-1
0
0
1
0
-2
0
0
0
0
0
0
0
0
0
0
0
0
0
0
1
0
0
0
0
0
0
0
0
0
0
0
0
-1
0
0
0
0
0
0
0
0
0
-1
0
0
0
0
0
0
1
1
0
0
0
0
0
0
0
0
1
0
0
0
0
0
0
0
0
0
0
-1
0
0
0
-1
0
0
-1
0
0
0
0
0
0
1
0
0
1
0
0
0
0
0
1
0
0
2
0
0
0
0
0
-1
0
0
0
0
0
0
0
-1
0
0
0
0
0
0
0
0
0
0
0
0
-1
-2
0
-1
-1
0
0
0
0
0
0
0
0
0
0
0
0
1
0
0
0
0
0
1
0
0
0
0
0
-1
-1
0
0
0
1
1
0
0
1
0
0
0
0
1
0
0
0
0
0
0
0
0
0
0
0
0
0
0
0
0
-1
0
0
0
0
0
0
0
-1
1
1
0
0
0
0
0
0
0
0
0
1
0
0
2
0
0
1
0
0
0
0
0
0
0
0
0
0
0
-1
0
-1
-1
-2
0
0
0
0
0
0
0
0
-1
0
0
0
1
0
1
1
0
0
1
1
0
0
1
0
0
0
0
0
0
0
0
1
0
0
0
0
0
0
0
0
0
0
0
0
0
-1
0
-1
0
0
-1
0
0
0
0
-1
-1
-1
1
0
0
0
-1
1
0
0
1
0
0
0
0
1
2
0
0
1
1
0
3
0
0
0
0
0
0
-1
0
0
0
0
-1
0
-1
-1
-1
-1
-1
0
0
-1
0
1
1
0
0
1
1
0
0
0
0
0
0
0
0
0
0
1
0
0
0
0
0
0
0
0
0
0
0
0
0
-1
0
0
0
-1
-1
-1
0
0
0
0
0
0
1
0
0
0
0
0
0
0
0
0
0
1
1
1
1
0
0
0
0
0
-1
0
0
0
0
0
0
-1
0
-1
0
0
-1
0
0
0
0
-1
0
0
0
0
0
0
0
0
0
0
1
1
1
0
0
1
0
0
0
0
0
0
0
0
0
0
-1
0
0
0
0
0
-1
0
0
0
0
0
0
0
0
0
0
0
0
1
0
0
0
0
0
0
0
-1
0
0
0
1
0
0
-1
0
0
-1
0
0
-1
0
0
0
0
0
0
0
0
0
0
1
0
0
0
0
0
0
0
0
0
0
0
0
0
0
1
0
0
0
0
0
0
0
-1
0
0
-1
0
-1
0
0
-1
0
-1
0
1
0
0
0
0
0
1
1
0
0
0
0
1
0
0
0
0
0
0
0
0
1
0
-1
0
0
0
1
0
-1
0
0
0
-1
0
0
0
0
0
-1
0
0
0
0
0
0
0
1
0
0
1
0
0
1
0
0
0
0
-1
0
0
0
-1
0
-1
0
0
0
-1
0
0
0
0
0
0
0
0
1
1
0
2
0
0
0
0
1
0
0
0
1
0
0
0
0
-1
0
-1
-1
0
0
0
0
0
0
0
0
0
1
1
0
0
0
0
1
0
0
0
0
0
0
0
0
0
0
0
0
0
-1
-1
0
0
-1
0
0
0
1
0
0
0
0
0
0
0
0
0
0
0
-1
0
-2
0
0
-1
-1
0
0
1
1
1
0
0
0
0
0
0
0
0
0
-1
0
0
0
0
0
0
0
1
0
0
0
-1
-1
0
0
0
0
-1
0
0
0
0
1
0
0
0
1
0
0
0
-1
0
1
0
0
0
0
1
0
0
0
-1
0
-1
-1
-1
0
0
0
0
0
0
0
0
0
0
0
0
0
0
0
0
0
1
0
0
0
1
0
0
0
0
-1
0
0
-1
0
0
0
0
0
-1
0
0
0
0
0
1
0
0
0
0
1
1
2
1
0
0
0
0
0
0
0
0
0
-1
-1
0
0
0
0
-1
-1
-1
0
0
0
0
0
0
1
1
0
0
0
0
0
0
1
1
0
1
0
0
0
0
0
0
0
0
0
0
0
0
0
0
0
0
0
0
0
0
0
0
-1
0
1
0
-1
0
0
0
0
-1
0
-1
-1
0
0
0
0
0
0
0
0
0
0
2
0
0
0
0
0
0
0
0
0
0
0
0
0
0
0
0
0
0
0
0
-1
-1
0
0
0
0
0
0
0
1
0
0
0
0
0
1
0
0
0
0
0
2
0
0
1
0
0
0
0
-1
-1
0
0
0
0
0
0
-1
0
0
0
1
1
0
0
1
0
0
0
0
0
0
0
0
0
0
-1
0
0
0
0
1
0
0
0
0
-1
0
0
0
0
0
0
0
0
0
0
0
0
0
0
0
0
-1
0
0
-1
0
0
0
0
0
-1
0
0
0
0
0
0
0
0
0
0
0
1
0
0
0
0
0
1
0
-2
0
0
-1
0
0
0
0
0
-1
1
-1
0
0
0
0
0
0
0
0
0
1
0
0
0
0
0
0
0
0
0
1
0
0
0
0
1
0
0
0
0
-1
0
0
0
0
0
0
0
0
0
0
0
-1
1
0
0
0
0
0
0
0
0
0
0
0
1
0
0
1
-1
-2
0
0
0
0
0
0
0
0
0
0
0
0
0
0
0
0
1
0
0
0
-1
1
0
0
0
0
0
0
0
0
0
0
0
0
0
-1
-1
1
0
-1
0
0
-1
0
0
1
1
0
-1
-1
1
0
0
0
-1
0
0
0
1
0
0
0
0
0
0
0
0
0
0
0
0
0
0
0
0
1
0
0
0
0
0
0
0
0
0
0
0
0
0
0
0
0
1
0
0
-1
0
1
0
0
0
-1
0
0
0
0
0
-1
-1
0
0
0
1
0
-1
0
0
0
1
0
0
0
0
0
-1
0
0
-1
0
0
0
1
-1
-1
0
-1
0
0
1
0
0
0
0
0
0
0
0
0
1
0
-1
0
-1
0
0
-1
-1
0
0
0
1
0
0
0
0
0
0
0
0
0
0
0
0
0
0
0
0
0
0
-1
0
0
0
0
0
0
0
0
0
0
-1
0
0
1
1
0
0
1
0
1
1
-1
0
0
0
1
0
0
0
0
0
0
-1
0
0
-1
0
0
0
0
0
0
0
1
0
1
0
0
0
0
0
0
0
0
0
0
0
0
1
0
-1
0
0
0
0
0
-1
0
0
0
0
0
0
0
0
1
0
-1
0
-1
0
0
0
0
0
0
0
0
0
0
0
0
0
0
-1
0
0
0
0
0
0
0
0
0
0
0
1
0
0
1
0
-1
1
0
0
0
0
2
0
-2
0
0
-1
0
0
-2
0
0
0
0
0
0
1
0
0
-1
0
1
0
1
1
0
1
0
0
0
-1
-1
0
0
-1
0
0
0
1
1
0
0
0
0
-1
-1
0
-1
0
0
0
0
1
0
0
0
0
-1
0
0
0
0
0
1
0
0
0
0
0
0
0
0
0
1
0
0
0
0
0
0
0
0
0
0
0
0
0
0
1
0
0
0
0
0
0
0
0
0
0
0
0
0
0
0
0
0
-1
0
0
0
1
0
0
-1
0
0
-2
-1
0
0
0
1
0
0
0
0
-1
0
0
0
1
0
0
0
0
0
-1
0
1
0
0
0
0
0
0
0
0
0
0
0
0
-1
0
0
0
0
0
0
0
-1
-1
0
0
-1
0
0
1
0
-1
0
-1
-1
1
0
1
1
0
-1
0
0
-1
0
1
0
0
1
0
1
1
0
0
0
0
0
1
0
0
0
0
0
0
-1
0
0
0
0
0
0
1
0
-2
0
0
0
0
0
0
0
0
0
0
0
0
0
0
0
0
0
0
0
0
1
0
0
0
0
0
0
0
0
0
0
0
0
0
0
0
-1
0
0
-1
0
0
0
0
1
0
0
0
0
0
0
0
0
0
0
-1
0
0
0
0
0
0
0
0
0
-1
0
1
0
1
0
0
0
0
-1
0
0
-1
0
0
0
0
-1
0
0
0
-1
0
1
0
0
0
0
0
0
0
0
0
0
0
0
0
0
0
-1
-1
0
0
0
0
0
0
0
0
0
0
0
0
0
0
0
1
0
0
0
0
0
0
0
1
0
0
0
0
0
0
-1
-1
-1
0
0
1
1
-1
0
0
-1
0
0
0
1
0
0
0
0
0
1
0
0
0
0
0
0
0
0
1
0
-1
0
1
0
0
0
-1
0
0
1
2
0
1
0
-1
0
0
-1
0
0
0
0
-1
0
0
0
-1
-1
1
0
0
0
0
0
0
0
0
0
0
1
0
0
1
0
0
1
0
0
0
0
0
0
-1
0
0
1
0
0
-1
0
0
0
-1
0
0
0
0
0
0
0
0
0
1
0
0
-1
-1
0
0
0
0
0
-1
0
1
0
0
0
1
0
0
0
1
1
0
0
0
-1
0
0
0
-1
0
0
0
0
1
0
0
0
0
0
0
0
0
0
0
0
0
0
0
0
0
0
1
0
-1
1
0
0
1
0
0
-1
-1
-1
0
0
0
1
0
0
0
0
1
0
0
-1
0
0
0
0
0
0
0
0
0
0
0
-1
0
0
0
0
0
0
0
0
0
0
0
-1
0
0
0
0
0
0
0
0
0
1
0
0
0
1
0
0
0
0
0
0
-1
0
0
0
0
0
0
-1
0
0
0
0
0
0
0
0
0
0
0
0
0
0
0
0
0
0
0
0
0
0
0
-1
0
0
1
0
1
0
-1
0
0
0
0
0
0
0
0
-2
0
0
0
0
0
0
0
0
0
0
-1
0
1
0
0
-1
0
0
0
0
-1
0
0
-1
0
0
0
0
0
0
0
0
0
0
1
0
0
-1
0
0
0
0
0
0
0
0
0
1
1
0
0
0
0
0
0
0
0
0
0
-1
0
1
0
0
0
1
0
-2
0
0
0
0
0
0
0
0
0
0
0
0
0
0
0
1
0
0
0
0
0
0
0
0
0
0
0
0
-1
-1
0
0
0
0
0
-1
0
0
0
0
0
0
0
0
0
1
0
1
0
-1
0
1
0
-1
0
-1
0
0
0
-1
0
-1
-2
-1
0
0
-1
0
0
-1
0
0
0
0
1
0
1
1
1
0
0
0
1
0
1
0
0
0
1
0
0
0
0
0
-1
0
0
0
0
0
-2
0
0
0
0
-1
0
0
-1
0
0
0
0
0
0
0
1
0
0
0
0
0
1
0
-1
0
0
0
-1
0
0
0
0
1
0
-1
1
0
0
0
0
0
0
0
1
0
0
0
0
0
0
0
0
0
0
0
0
0
-1
0
0
0
0
0
0
0
0
0
-1
0
0
-1
-1
0
0
0
0
0
0
0
-1
0
0
0
1
0
0
0
0
1
0
1
0
0
0
0
0
0
1
-1
0
0
0
1
0
0
0
-1
0
0
0
0
0
0
0
0
0
0
0
0
0
0
0
0
0
0
0
0
0
-1
0
1
0
0
0
0
0
0
-1
0
0
0
0
0
0
0
0
0
0
0
0
0
0
0
0
0
0
0
0
0
0
0
0
0
0
1
0
-1
-1
0
-1
-1
0
0
0
0
0
0
0
0
0
0
1
0
0
0
0
0
0
0
0
1
0
-1
-1
0
0
0
0
0
1
0
0
0
0
0
0
0
0
0
0
0
1
1
0
0
0
0
0
0
0
0
0
1
0
0
0
0
0
-1
0
0
0
0
0
1
0
0
0
0
0
0
0
0
0
0
-1
0
0
-2
0
0
0
0
0
0
0
0
1
0
0
0
1
0
0
0
0
0
0
1
0
0
0
0
0
0
0
0
-1
-1
0
-1
0
0
0
0
0
0
0
0
0
0
0
0
1
0
0
0
0
-1
-1
0
0
-1
0
0
0
0
0
-1
0
0
0
0
0
1
0
0
0
0
0
0
0
0
0
0
0
1
0
0
0
0
0
0
0
0
0
0
-1
0
0
0
0
0
0
0
0
0
0
0
0
0
1
0
0
0
0
0
0
0
0
-1
0
0
0
0
0
0
0
0
0
0
0
1
0
0
0
0
-2
0
0
0
0
0
0
0
0
0
0
0
0
0
0
0
0
0
0
1
0
0
0
0
0
0
0
0
0
-1
0
0
0
0
0
0
0
-1
0
0
-1
1
0
0
0
0
0
0
0
0
0
0
0
1
0
0
0
0
0
0
0
0
0
0
0
0
0
0
0
0
0
0
0
0
0
0
1
0
0
1
1
0
0
0
0
0
-1
0
0
0
0
0
0
0
0
0
0
0
-1
0
0
0
0
1
1
0
1
0
0
0
0
0
0
0
0
0
0
0
0
-1
0
0
0
0
0
0
0
1
0
0
0
0
0
-1
-1
0
0
0
0
0
0
0
0
0
0
0
0
0
0
-2
0
0
0
0
0
0
0
0
0
0
0
0
-1
0
0
0
0
0
-1
0
0
0
0
0
0
0
0
0
0
0
0
0
1
0
0
1
0
0
0
0
0
-1
0
0
0
0
-1
0
0
0
0
0
0
0
0
0
0
0
0
0
0
0
0
0
0
0
0
0
0
0
0
0
0
0
0
0
0
0
0
0
0
0
0
0
0
0
0
1
1
0
0
0
-1
0
0
-1
1
0
0
1
0
0
1
0
-1
0
0
0
0
0
0
0
1
0
0
0
0
0
0
0
0
-1
0
0
0
0
0
1
0
0
0
0
-1
0
0
0
0
0
0
0
0
0
0
0
0
0
1
0
0
0
0
0
-1
0
1
0
0
1
1
0
0
0
0
0
-1
0
0
0
0
0
0
0
0
0
0
0
0
0
0
0
-1
-1
0
0
0
0
0
0
-1
0
0
0
1
0
0
0
0
0
0
0
0
0
0
1
0
0
0
-2
0
1
0
0
0
0
0
1
0
0
0
0
0
0
0
0
-1
0
0
0
0
0
0
0
0
0
0
0
0
0
0
0
0
0
0
0
0
1
0
0
0
2
0
0
0
0
1
0
1
0
0
0
0
0
-1
0
0
0
0
0
0
0
0
-1
0
0
0
1
0
1
0
-1
0
0
0
0
0
0
0
0
0
0
-1
0
0
0
0
0
0
1
1
0
0
1
0
0
0
0
0
1
0
0
0
0
-1
0
0
-1
0
0
0
1
0
-1
0
0
0
-1
0
0
0
0
0
0
1
0
0
0
0
-1
0
0
0
0
0
1
0
0
0
0
0
-2
0
0
0
0
0
0
0
0
0
0
0
0
0
0
0
0
0
0
0
0
0
1
0
0
0
0
0
0
0
0
0
0
0
0
0
-1
0
-1
0
0
0
0
0
0
0
-1
0
0
0
0
0
0
-1
1
0
0
0
0
-1
-1
1
0
1
1
0
0
0
0
0
1
0
0
0
1
0
0
-1
0
0
0
0
0
0
0
0
0
-1
0
0
0
0
-1
0
0
-1
0
1
0
0
0
0
0
0
0
0
0
0
0
0
0
0
0
0
0
-1
0
0
0
0
0
0
1
0
0
0
0
0
0
0
1
1
0
-1
0
-2
0
0
0
0
0
0
0
1
0
0
-1
0
0
0
1
2
1
0
-1
0
0
0
0
0
0
0
0
0
0
-1
0
-1
-2
-1
-1
0
0
1
1
0
1
2
0
-2
0
0
0
0
0
-1
0
1
0
0
0
1
-2
0
0
-1
0
0
0
1
0
0
1
1
1
0
0
0
-1
0
0
0
-1
-1
0
0
0
-1
0
1
1
0
0
0
1
0
0
0
0
0
0
0
0
0
1
0
-1
-1
0
0
1
0
0
1
0
0
0
0
0
0
0
-1
-2
0
1
0
0
1
0
0
0
0
0
0
0
1
1
0
0
0
0
0
0
0
0
0
0
0
0
0
0
0
0
0
0
-1
0
0
0
-2
0
0
0
0
0
0
0
0
0
1
0
2
1
1
0
0
0
0
0
0
-2
0
-1
0
0
0
0
0
0
-1
-1
0
0
0
0
0
0
-1
0
0
1
0
0
0
0
0
0
0
0
0
-1
0
0
0
1
0
-1
-1
0
1
0
0
0
0
0
0
0
0
0
0
0
0
1
0
0
1
0
0
0
0
0
0
0
0
0
0
0
0
0
0
0
-1
0
0
0
0
1
0
0
0
0
0
0
0
0
0
0
-1
0
0
0
0
0
0
0
0
0
0
0
1
0
0
0
0
0
0
1
0
0
0
0
-1
-1
0
0
0
0
1
0
0
1
0
0
0
1
0
-1
0
0
0
0
0
0
0
0
0
0
-1
0
1
0
0
0
0
0
0
-1
0
0
1
0
0
0
0
0
0
0
0
-1
0
1
0
0
0
1
0
0
0
0
0
0
0
0
0
0
0
1
0
0
0
0
0
0
0
-1
0
0
0
0
0
0
0
0
0
0
0
0
0
0
0
0
-1
1
0
0
0
-1
0
0
0
0
0
0
0
0
0
0
0
0
0
0
-1
1
0
0
0
0
1
0
1
1
0
0
0
0
0
0
0
0
0
0
1
1
0
0
0
0
0
0
0
0
0
-1
-1
0
0
1
-1
0
0
0
0
-1
0
0
0
1
-1
0
0
0
0
0
0
0
0
0
0
0
0
0
0
0
0
1
1
0
0
0
-1
0
0
0
0
0
0
0
0
1
0
0
-1
-1
0
0
0
0
0
0
0
0
0
0
0
0
-1
-1
0
0
0
0
0
0
0
0
0
0
0
0
0
-1
0
1
0
1
0
2
0
1
0
0
2
0
0
0
0
1
-1
0
0
0
0
0
0
0
0
0
0
0
0
0
0
1
1
0
0
0
-1
0
0
0
0
1
0
0
0
1
1
0
0
0
0
-2
0
1
0
0
0
1
0
0
1
1
0
0
0
0
0
0
-1
0
0
0
-1
0
0
0
0
0
0
0
1
0
0
0
0
0
0
0
0
0
0
0
0
0
1
0
0
0
0
0
0
1
0
0
0
0
0
0
-1
-1
0
0
0
0
0
0
-1
0
0
0
0
0
0
0
0
0
0
1
0
0
0
-1
1
0
0
0
0
1
0
0
0
0
0
0
0
0
0
1
0
0
0
0
0
0
0
0
0
0
0
0
0
0
0
1
0
0
1
0
0
-1
0
-1
0
0
-2
0
0
0
0
0
-1
0
0
1
0
1
0
0
0
-1
2
0
0
1
0
1
-1
0
1
-1
0
-2
0
0
-1
0
0
0
0
-1
0
0
0
0
0
0
0
0
1
1
0
1
0
0
0
0
0
0
0
0
0
-1
0
0
-1
-1
0
1
-2
0
0
0
1
0
1
0
0
0
0
1
1
0
1
0
0
0
-1
0
0
0
0
0
0
0
0
0
0
0
0
0
0
0
0
-1
0
0
0
0
-1
0
0
0
0
0
0
0
1
0
0
1
0
0
0
1
0
0
1
-1
0
1
0
-1
0
0
0
0
0
0
-1
0
0
0
-1
0
0
0
-1
0
0
0
0
0
-1
0
0
-1
0
1
0
0
1
1
0
1
0
0
0
0
0
0
-1
1
0
0
0
-2
0
0
1
0
0
0
0
0
1
1
0
0
0
0
0
0
0
0
-1
0
0
1
0
0
0
0
0
0
0
-1
0
0
-1
0
0
0
0
0
0
-1
0
1
0
0
-1
0
2
0
1
0
0
0
0
1
0
-1
0
0
0
0
0
0
0
0
0
0
0
0
0
-1
0
0
0
0
0
0
0
0
0
0
0
0
-1
0
0
0
0
0
0
1
0
1
0
0
0
-1
0
1
1
0
0
0
1
0
0
0
0
0
0
0
0
-1
0
1
0
-1
1
0
0
0
0
0
-1
0
0
-1
1
0
0
0
0
1
0
0
0
-1
0
0
0
-1
0
0
0
1
0
-1
1
0
0
0
0
0
1
0
0
0
0
0
1
0
0
0
0
0
0
0
0
0
0
0
-1
0
0
0
-2
-1
-1
0
0
-1
0
0
0
0
1
1
0
0
0
1
0
0
1
0
1
0
-1
0
0
0
0
0
0
0
0
0
0
0
0
-1
0
0
0
0
0
-1
-1
0
0
0
1
0
0
0
0
1
-1
1
0
0
1
-1
1
0
-2
0
-1
0
0
0
1
0
1
0
0
0
0
0
0
0
0
0
0
0
-1
0
0
0
0
-1
0
0
-1
0
0
0
0
0
1
0
0
0
0
0
-1
0
0
0
0
-1
-1
0
0
0
0
0
0
0
0
0
0
-1
0
-1
0
0
0
2
0
2
1
0
0
0
0
0
0
0
0
0
0
0
1
1
0
0
0
0
0
0
-1
0
0
-1
-1
-1
0
0
-1
0
1
0
0
0
0
0
-1
0
0
0
0
0
0
-1
0
0
0
1
0
0
0
0
2
0
1
1
-1
0
0
0
0
0
0
-1
0
0
0
1
0
0
0
-1
0
0
1
0
0
1
0
0
0
0
0
0
0
0
0
-1
-1
1
0
0
0
0
0
0
1
0
0
1
0
1
0
0
-1
0
0
-1
0
0
0
0
0
0
0
0
0
0
0
-1
-1
0
0
0
0
0
0
0
0
0
0
0
0
0
0
-1
0
2
0
0
0
0
0
0
0
0
-1
0
0
0
1
0
-1
0
0
0
-1
-1
0
0
0
0
0
0
0
0
0
-1
-2
0
0
0
0
0
0
0
0
0
1
0
1
1
0
0
1
1
1
0
0
0
1
0
-1
0
-1
-2
0
0
0
0
0
0
0
0
0
-1
-1
0
0
0
-1
0
0
0
0
0
0
0
1
0
0
0
0
0
-1
0
0
0
1
0
0
1
0
1
0
0
0
0
1
1
0
1
0
1
0
0
0
-1
-1
0
-1
0
1
1
0
0
0
0
1
-2
0
0
-1
0
0
0
0
0
0
1
0
0
-1
0
0
0
0
0
0
0
0
0
0
0
1
0
0
0
0
-1
0
0
0
0
0
0
0
0
-1
0
-1
-1
0
0
0
0
0
1
0
0
0
0
0
0
0
0
0
0
0
0
0
0
0
0
1
0
0
1
0
0
1
0
1
0
-1
0
0
0
0
0
0
-1
0
-1
-1
0
0
0
0
0
0
0
0
0
0
0
1
0
1
0
0
0
1
1
0
0
0
-1
0
0
0
0
1
0
0
0
-1
0
0
0
-1
1
1
0
0
0
0
1
0
-1
0
0
0
0
0
0
0
0
0
0
0
0
0
0
0
0
0
0
0
1
0
0
0
0
0
0
0
0
0
0
0
0
0
0
0
0
0
-1
0
0
0
0
1
0
-1
0
0
0
0
0
0
0
0
0
0
0
0
0
0
0
0
0
0
0
0
1
0
0
0
0
0
0
0
0
1
0
0
0
0
-1
0
0
0
-1
-1
0
0
0
0
0
0
-1
0
1
1
0
1
1
0
0
0
1
0
0
0
0
0
0
0
0
0
-1
0
0
-1
-1
0
0
0
-1
0
1
0
0
0
0
0
0
0
0
1
0
0
1
0
0
1
0
0
0
0
-1
0
0
0
0
-1
-1
0
-1
0
0
0
0
0
0
0
0
-1
0
0
0
1
0
0
1
0
0
-1
0
0
0
-1
0
0
0
1
0
0
1
0
-1
0
0
0
1
-1
0
2
0
0
0
0
0
0
0
0
0
0
0
0
0
0
0
0
0
0
0
0
0
0
1
0
-1
0
0
0
0
0
1
0
0
0
0
0
0
0
0
0
0
0
0
0
0
0
0
0
-1
0
0
0
0
0
0
0
0
0
0
0
0
1
0
0
0
0
0
0
0
0
0
1
0
0
0
0
0
0
0
0
0
0
0
0
0
0
0
0
0
0
0
0
-1
0
0
0
0
0
0
0
0
0
0
0
0
1
-1
0
-1
-1
0
0
0
0
0
1
0
0
0
0
1
0
0
0
0
1
1
1
0
0
-1
0
0
1
0
0
0
-1
0
0
-2
-1
0
0
0
0
-1
0
0
0
0
0
0
0
0
-1
0
0
0
1
0
0
0
0
0
0
0
-1
1
0
0
0
0
0
1
0
1
0
0
0
0
0
0
0
0
0
0
0
0
0
-1
0
0
-1
0
0
0
0
1
-1
0
0
0
0
0
0
0
0
0
0
0
0
0
0
0
0
0
0
2
0
0
0
0
0
0
0
-1
0
1
0
0
0
0
1
0
0
0
0
0
0
0
-1
0
-1
-1
0
-1
-1
0
0
0
0
0
-1
1
1
0
0
0
1
0
0
0
0
-1
-1
0
0
0
1
0
0
0
0
-1
0
-1
0
0
1
0
0
0
0
0
0
0
0
0
0
0
-1
0
0
0
0
0
0
0
0
0
0
0
0
0
0
0
1
-1
0
0
0
0
0
0
0
0
0
1
0
-1
0
0
0
0
0
0
0
0
0
0
0
1
0
0
0
0
0
0
0
0
0
0
0
0
0
0
0
0
1
0
0
0
0
0
-1
0
0
0
0
0
0
0
0
0
0
0
0
1
1
0
0
0
0
0
1
0
-1
0
-1
0
0
0
0
0
0
0
1
0
0
0
0
0
0
0
0
0
0
0
0
0
0
0
1
0
0
0
0
0
0
0
0
-1
0
0
0
0
0
0
0
0
0
0
-1
0
-1
0
0
-1
0
0
-1
0
0
-1
0
0
0
-1
0
0
0
1
0
0
0
1
1
1
1
1
1
1
1
0
0
0
-1
0
0
-1
0
0
-1
0
-1
-1
0
-1
0
0
0
0
0
0
1
0
0
0
0
0
0
1
0
0
0
0
0
0
-1
0
0
0
0
0
0
0
0
0
0
0
0
0
0
0
-1
0
0
0
-1
0
0
0
0
0
0
0
-1
-1
0
0
0
0
0
0
1
0
0
0
0
0
1
0
0
0
0
1
0
0
0
0
0
0
0
1
0
-1
0
0
0
0
0
0
0
-1
0
0
0
0
0
0
0
-1
0
0
0
0
0
0
0
0
0
1
1
0
-1
0
0
0
0
0
0
0
0
0
0
0
0
0
0
0
0
0
0
0
0
0
0
0
0
1
0
0
2
-1
0
1
0
2
0
0
-1
0
0
0
0
0
0
0
-1
0
0
-1
0
0
0
1
0
0
0
0
0
0
0
0
0
0
0
0
1
0
0
1
0
0
-1
0
0
0
0
0
0
0
0
0
0
-1
0
0
0
1
0
0
0
0
0
1
0
0
0
0
-1
0
0
0
0
0
0
1
0
0
0
0
0
0
-1
0
0
0
0
0
0
0
1
1
0
0
-1
0
0
0
0
0
-1
-1
0
0
0
0
0
0
0
1
1
0
0
1
0
0
0
0
0
-1
0
1
0
0
0
0
0
0
0
0
0
0
0
0
0
0
0
0
0
0
1
0
0
0
0
0
0
1
0
1
0
-2
0
-1
-1
0
0
0
0
1
-1
0
1
0
0
0
0
1
0
-1
0
-1
0
0
0
0
0
0
0
0
0
1
0
0
0
2
0
0
1
0
0
0
0
0
0
0
0
-1
0
0
0
0
-1
-1
-1
0
0
0
0
0
0
0
0
0
0
0
0
0
0
0
0
0
0
0
0
0
1
0
0
0
0
0
0
-1
0
0
0
-1
0
0
0
0
0
0
0
0
2
1
0
0
0
0
0
0
0
0
0
0
-1
0
0
0
0
1
0
-2
-1
1
3
0
0
-3
-1
2
2
0
-2
-1
0
0
1
1
4
-4
-6
2
5
7
-3
-9
-7
0
10
2
0
-11
-3
12
4
5
-9
-5
3
0
8
-7
-13
-4
1
10
-5
-5
-4
0
14
9
26
13
-16
-36
-4
55
20
-27
-110
-56
136
106
21
-114
-72
118
95
31
-141
-129
28
18
44
-34
-73
-4
35
78
-6
9
12
-27
0
-12
28
17
-10
-43
0
86
28
-10
-52
4
34
8
3
-48
11
28
6
-14
-16
-14
-21
-23
-70
-37
-2
15
-12
-26
42
61
77
33
-3
13
28
27
-14
-16
-33
1
19
-21
-16
-12
18
-2
-13
-7
-14
6
-5
1
-17
-29
-12
-6
-14
-28
-25
-11
3
7
9
20
23
21
37
26
26
16
5
1
-6
6
-5
-8
-18
-6
-5
-14
-10
-14
6
5
-3
-13
-5
12
6
2
-6
-11
-8
3
3
-5
-1
0
9
2
0
3
6
12
-2
4
7
3
5
-1
-6
-10
0
3
-9
-16
-12
11
12
1
0
-1
14
10
5
2
-4
0
-4
0
-4
-5
-8
-3
-3
0
4
-1
-1
-5
1
0
-1
-4
-8
-1
6
7
0
1
7
10
6
0
0
1
3
-5
-3
-2
-6
-6
-6
3
4
0
-1
0
7
5
1
-4
-3
-1
2
1
0
1
0
3
6
0
-3
-2
-1
-3
-9
-7
-5
-3
-3
-1
2
0
5
6
3
4
2
1
2
0
-1
0
-2
0
0
0
0
1
0
0
1
0
0
0
0
0
0
1
0
1
0
0
0
0
0
-1
-1
-2
0
0
0
0
0
0
0
1
0
-1
0
0
-1
0
0
1
0
-1
-1
0
2
0
0
1
-1
0
0
0
0
0
0
0
0
0
0
0
0
0
0
-1
0
0
-1
0
1
-1
0
1
1
0
1
1
0
0
0
0
1
0
0
0
0
0
0
0
0
0
-1
0
0
-1
-1
0
1
0
0
0
0
0
0
0
0
0
1
0
0
0
0
1
0
-1
0
-1
0
0
-1
0
0
1
0
0
0
0
1
-1
0
0
0
0
0
0
0
1
0
0
0
0
1
2
0
-1
-1
0
0
0
0
0
0
0
0
0
1
1
1
0
0
0
0
0
0
0
-1
0
0
0
0
0
0
0
0
0
0
0
0
0
0
0
0
0
0
0
0
0
0
0
-1
-1
0
0
0
0
0
0
0
2
1
0
0
-1
0
0
-1
0
0
0
0
0
0
0
0
0
0
0
0
0
0
0
1
0
0
0
0
0
0
0
0
1
0
0
0
0
1
1
0
0
0
1
0
0
0
-1
0
0
0
1
0
0
0
-1
1
0
0
0
1
0
-1
0
-1
0
0
0
0
0
0
0
0
0
0
1
0
0
0
0
0
0
0
-1
0
0
0
0
0
0
1
-1
1
0
0
0
0
0
0
0
0
0
0
0
0
-1
0
-1
0
0
0
-2
0
0
0
1
0
-1
0
0
-1
0
1
1
0
0
0
0
0
0
0
0
0
0
0
1
0
0
0
0
0
0
0
0
0
0
0
0
0
0
0
1
2
0
0
0
-1
0
0
0
0
0
1
0
0
0
0
1
0
1
0
1
0
0
0
0
0
0
0
-1
0
0
-1
0
0
0
0
0
0
0
0
0
0
0
0
0
0
0
0
0
0
0
-1
0
0
0
0
0
0
0
0
1
0
0
1
0
0
0
0
0
0
0
0
0
-1
-1
0
0
0
0
0
-1
0
1
0
-1
0
0
0
0
0
-1
0
0
0
1
0
-1
0
0
0
2
1
0
-1
0
0
0
0
0
0
0
0
2
1
0
-1
0
0
0
0
-1
0
0
0
0
0
0
0
0
0
0
0
0
0
0
0
-1
-1
0
0
0
0
0
0
0
0
0
1
0
1
1
0
-1
-1
0
0
0
0
0
0
1
1
0
-1
-1
0
0
0
-1
0
0
0
0
0
0
0
0
-1
0
0
0
0
0
1
0
0
0
0
0
0
0
-1
-1
0
0
0
0
0
0
1
0
0
0
0
0
0
0
0
0
0
-1
0
0
1
0
0
0
0
0
0
0
0
0
1
1
0
0
1
0
0
1
0
0
0
0
0
0
0
0
0
0
0
0
1
0
0
0
0
0
0
0
0
0
0
-1
0
0
-1
0
0
0
0
0
0
1
1
0
-1
0
1
0
0
0
1
1
0
-2
0
1
0
-2
0
0
0
1
0
0
1
0
-1
0
0
-1
-1
0
0
0
0
0
0
0
0
0
1
1
1
0
0
-1
0
0
-1
0
0
-1
0
0
-1
-1
0
0
0
0
-1
0
1
0
1
0
0
0
0
1
0
0
1
0
0
1
0
0
0
0
0
0
0
0
0
0
0
0
0
1
0
1
1
-1
-1
0
0
0
-1
0
0
0
-1
-1
0
0
-1
0
0
0
0
0
1
0
1
0
0
2
2
0
0
0
0
0
0
1
0
-1
1
0
0
0
0
0
-1
-1
-1
-2
0
0
0
1
0
0
1
1
0
0
1
0
0
0
0
1
0
-1
-1
0
0
0
1
0
0
0
1
0
0
0
0
0
0
0
0
0
0
0
0
0
0
0
0
1
0
-1
0
0
0
1
0
0
0
0
0
0
1
0
0
0
-1
-1
0
0
0
0
-1
0
0
0
0
0
0
0
0
0
1
1
0
0
0
1
0
0
0
-1
0
0
0
0
0
0
0
0
0
-1
0
0
0
-1
0
0
-1
0
0
0
0
0
1
1
3
1
0
0
0
0
-1
-1
-1
0
0
0
0
0
0
1
1
1
0
0
0
0
-1
0
0
0
0
0
0
0
0
0
0
1
0
0
0
0
0
0
-1
-1
-1
1
2
0
1
0
0
1
0
0
0
0
0
0
1
0
1
0
0
0
1
0
-2
0
-1
-1
0
-1
0
0
0
0
0
0
0
0
0
0
-1
0
-1
0
1
0
1
0
0
1
1
2
0
1
-1
0
0
0
0
-1
0
0
0
0
0
0
0
0
0
0
0
0
0
0
0
0
0
0
0
0
0
0
0
1
0
0
0
0
0
0
-1
0
0
0
0
-1
0
1
0
0
-1
0
0
-1
0
1
1
2
0
-1
0
0
0
0
0
0
0
-1
0
0
0
0
0
0
0
1
0
0
0
0
-1
0
0
0
0
0
0
0
0
1
1
1
1
1
0
-1
0
0
0
0
0
0
0
1
0
0
1
1
-1
0
0
0
0
-1
0
-1
0
0
1
0
-1
0
0
0
0
0
0
0
0
0
0
0
0
0
0
0
-2
0
0
-1
0
0
0
0
0
0
0
0
0
0
-1
0
0
0
1
0
0
0
-1
0
0
-1
0
0
0
0
0
0
-1
-1
0
-1
0
0
0
0
-1
1
0
0
0
0
0
0
0
0
0
0
0
0
0
0
0
-1
1
0
0
0
-1
0
0
0
0
0
0
0
0
0
0
0
0
1
1
0
0
0
0
0
0
0
0
0
-1
0
0
0
0
0
0
1
1
1
0
0
0
0
0
0
0
0
0
1
0
0
0
-1
0
0
0
0
0
0
0
0
0
0
0
0
1
0
0
0
0
0
0
0
0
0
0
-1
0
0
0
0
0
0
0
0
0
-1
0
0
0
0
0
0
0
0
1
0
0
0
0
0
0
1
0
0
0
0
0
-1
0
0
0
0
0
0
0
0
1
0
-1
0
-1
0
0
0
0
0
0
0
0
0
0
0
0
-1
1
0
0
0
1
0
0
1
1
-1
-1
0
0
0
0
0
0
0
0
0
-1
-1
1
-1
0
1
0
0
0
0
0
0
0
0
0
0
-1
0
1
0
0
1
0
0
0
0
0
0
0
0
0
0
0
0
0
-1
0
0
0
0
0
0
0
0
0
-1
0
0
-2
0
0
0
0
-1
0
0
0
0
1
0
0
0
0
0
0
0
0
0
0
0
0
0
0
0
0
0
0
-1
0
0
0
0
0
0
0
0
0
0
0
0
0
0
0
0
0
0
0
0
0
0
0
0
0
0
0
0
0
0
1
0
0
0
0
0
0
0
0
0
0
0
0
0
0
0
0
-1
0
0
0
-1
0
0
0
0
0
1
0
0
0
0
0
0
0
0
0
0
0
0
0
0
0
0
1
0
0
0
0
0
0
0
0
0
0
-1
0
2
0
-1
0
0
0
-1
0
0
0
0
0
0
0
0
-1
-1
0
0
0
0
0
0
0
0
0
0
0
0
0
0
0
0
0
0
0
0
-1
0
0
0
0
-1
0
0
-1
0
0
0
0
0
0
0
1
1
0
0
0
0
0
0
0
0
0
0
-1
0
0
1
0
-2
0
0
0
0
0
0
0
0
0
0
0
0
-1
0
0
0
0
0
0
0
0
0
1
0
0
1
0
0
0
-1
-1
0
0
0
0
0
0
0
0
0
0
0
0
0
0
0
0
0
0
0
0
0
0
0
0
0
0
0
0
0
1
0
0
0
0
0
0
0
0
0
0
0
0
0
0
0
0
1
0
0
0
0
0
0
1
0
0
0
0
0
1
0
0
0
0
0
0
0
0
0
0
0
0
0
0
0
0
0
0
1
1
-1
0
0
0
0
0
0
0
0
0
0
0
0
0
0
0
0
0
0
0
0
0
-1
0
0
0
1
0
0
0
0
0
1
0
0
0
1
0
0
0
0
0
0
-1
0
0
0
-1
0
0
0
0
-1
0
0
0
0
0
0
0
1
0
-1
0
0
0
0
0
0
0
0
0
0
0
0
0
0
0
0
0
0
-1
-1
0
0
-1
0
0
0
0
1
0
0
0
0
0
0
0
0
0
0
-1
0
0
0
0
0
0
1
0
0
0
0
0
0
0
0
1
0
-1
0
0
0
0
0
-1
0
0
-1
0
0
0
0
0
0
0
1
-1
-1
-1
0
0
0
0
0
0
-1
0
0
0
1
1
0
0
0
1
0
-1
0
1
0
0
0
0
0
0
0
0
0
0
0
0
0
1
0
0
0
0
0
-1
0
0
0
0
0
0
0
0
0
1
0
0
0
0
0
0
0
0
0
0
0
0
0
-1
0
0
0
0
0
0
0
0
0
0
0
0
0
1
0
0
0
0
0
0
-1
0
0
0
0
0
0
0
0
0
0
-1
-1
0
0
1
0
0
0
-1
0
0
-2
1
0
0
0
-1
0
0
0
0
0
0
0
0
0
-1
0
0
0
0
0
1
0
0
0
1
0
0
1
0
0
0
0
0
0
0
0
-1
0
0
0
0
0
0
0
0
0
0
0
0
1
1
0
0
0
0
0
0
0
0
0
-1
0
0
-1
0
0
1
0
-1
-2
0
0
0
0
0
0
1
0
0
0
1
0
0
0
1
0
0
1
0
0
2
0
-1
0
0
0
-1
0
0
0
0
0
-1
0
0
0
0
0
0
1
0
0
-1
0
0
-1
0
0
0
0
0
-1
0
0
0
0
0
1
0
0
0
0
1
0
1
0
0
0
0
-1
0
1
0
0
0
1
0
0
0
0
-1
0
-1
-1
0
0
1
0
0
0
0
0
0
-1
0
0
0
2
0
0
0
-1
0
0
2
0
0
0
0
1
1
0
0
0
0
1
0
-1
0
0
0
0
0
0
-1
0
0
0
0
0
0
0
0
0
0
0
0
0
0
0
-1
0
0
0
0
0
0
0
0
0
0
0
0
0
1
0
1
1
0
0
0
0
-1
-1
0
0
0
0
0
0
1
0
0
0
0
0
0
0
0
0
2
0
0
2
0
0
0
-1
0
0
0
0
0
0
1
1
0
0
0
0
0
0
0
0
0
0
0
-1
0
-1
-2
0
-1
0
-1
0
0
1
0
0
0
-1
0
1
1
0
0
1
0
-1
-1
0
0
0
1
1
1
0
0
0
0
0
0
0
0
0
0
0
-2
-1
0
1
1
0
1
1
0
0
-1
-1
0
-1
-1
0
0
0
0
0
0
0
0
-1
0
-1
-1
0
0
0
1
0
0
1
2
2
1
1
0
1
0
0
0
-1
-1
0
0
0
0
0
1
0
0
0
-1
-1
0
-1
-1
-1
-1
0
0
0
0
1
1
1
2
2
1
0
0
0
0
0
-1
0
0
0
0
0
0
0
0
0
-1
0
-1
0
0
0
0
0
0
0
0
0
1
0
1
0
0
0
0
0
0
1
1
0
0
-1
0
0
-1
0
0
0
0
0
0
1
0
0
2
1
0
0
0
-1
0
0
0
0
0
0
0
0
0
-1
0
0
0
0
0
0
1
0
0
0
0
1
0
0
0
1
1
0
0
0
0
1
0
0
0
0
0
0
0
0
0
0
1
0
-1
0
0
-1
0
0
-1
-1
0
0
0
-2
-2
-1
-1
-1
-1
-1
0
-1
0
0
0
0
1
0
0
0
0
1
1
1
1
1
2
2
0
1
0
1
2
0
0
0
0
0
0
0
0
0
0
-1
-1
0
-1
0
-1
-1
0
-1
-1
0
-1
-1
-1
0
0
0
1
1
0
0
0
0
0
0
1
1
0
2
0
0
0
0
0
1
0
0
0
1
1
0
0
-1
0
0
0
0
0
0
0
0
0
0
-1
0
-1
-1
0
-2
0
0
-1
0
0
-1
0
0
0
0
1
1
1
0
0
0
0
0
0
0
1
2
1
0
0
0
0
-1
0
0
0
0
0
0
0
-1
0
0
0
0
0
0
0
0
1
0
0
-1
-1
0
0
0
1
0
0
0
0
0
0
0
0
0
1
0
0
0
-1
0
0
1
0
0
0
0
0
0
0
0
0
0
0
0
0
0
-2
0
0
0
0
0
0
0
1
0
-1
-2
0
0
0
0
0
0
1
0
0
0
0
0
1
0
0
0
0
0
0
0
0
0
1
0
0
0
0
0
0
0
0
0
-1
0
0
0
0
0
0
0
0
0
0
0
0
0
0
0
-1
0
0
-1
-1
0
0
1
0
0
1
1
0
0
1
0
0
0
0
-1
0
0
-1
0
0
1
1
0
0
0
0
0
0
0
0
0
-1
0
1
1
0
0
-1
-1
0
0
0
0
0
0
0
0
0
1
0
-1
0
-1
0
0
1
1
-1
0
0
0
0
0
0
0
0
0
0
0
0
0
0
0
0
0
0
0
0
0
-1
-1
0
0
0
0
0
0
0
0
0
0
-1
1
0
0
2
0
-1
0
0
0
0
0
-1
1
0
0
1
0
0
0
0
0
0
-1
0
0
0
0
0
0
0
0
0
0
0
0
0
0
0
0
0
0
0
0
0
0
1
0
0
0
-1
-1
0
0
0
0
-1
0
0
1
0
0
0
0
1
0
0
0
0
0
0
-1
0
0
0
0
0
0
0
0
0
0
0
1
0
0
0
0
0
0
0
0
1
0
0
-1
0
0
0
0
0
0
0
1
0
0
0
0
1
0
0
0
1
0
0
0
0
0
0
0
0
0
-1
-1
0
0
0
0
0
0
0
0
0
0
0
1
1
0
0
0
0
0
0
0
0
0
0
0
0
0
0
0
0
0
0
0
0
0
0
0
0
0
0
0
0
0
0
0
0
0
1
0
0
1
0
0
1
0
0
1
1
0
0
0
0
0
0
0
0
0
-1
-1
0
0
0
0
0
0
0
0
0
0
0
0
0
0
0
-1
0
0
0
0
0
0
0
0
0
0
0
0
0
0
1
0
1
1
1
0
0
0
1
1
0
0
0
-1
1
0
-2
-1
0
0
-1
0
0
-1
0
0
0
0
0
0
0
-1
0
0
1
1
0
0
0
0
0
0
0
0
0
0
0
2
0
-1
0
0
1
0
0
-1
-1
-1
-1
0
1
0
0
1
1
0
-1
0
0
0
0
0
0
0
0
0
0
0
0
0
0
0
0
1
1
-2
-1
0
0
0
0
0
0
0
0
0
0
0
0
0
0
0
0
0
0
0
0
0
0
0
0
0
0
0
0
1
0
0
0
1
0
0
0
0
0
-1
-1
0
0
0
0
0
0
1
0
1
0
0
-1
0
1
0
-2
0
0
0
0
0
-1
0
0
1
0
0
0
0
0
0
0
0
0
0
0
0
-1
0
0
0
-1
0
0
0
0
0
1
0
0
0
0
0
-1
0
0
1
0
0
0
0
1
0
-2
0
0
0
0
0
0
0
0
0
0
0
0
1
0
0
0
0
0
0
-1
-1
0
0
0
0
0
0
0
0
0
0
0
1
0
0
0
0
0
0
1
0
0
0
0
0
0
0
0
0
0
0
0
0
0
0
0
0
0
-1
-1
0
1
0
0
0
0
0
0
0
0
0
0
0
0
1
0
0
0
-1
0
0
0
0
0
0
0
0
0
0
0
0
0
0
1
0
-1
0
0
-1
0
0
0
0
0
0
0
0
0
0
0
0
0
0
0
0
1
0
0
0
0
0
0
-1
0
0
0
0
0
0
0
0
-1
-1
0
0
0
1
1
0
0
0
0
0
-1
0
0
0
0
0
0
0
1
0
0
1
0
0
0
1
0
0
0
0
1
0
-2
0
-1
-1
0
1
0
0
0
0
0
0
0
0
0
0
0
-1
0
1
0
0
1
0
0
0
0
0
0
0
0
0
0
0
0
1
0
0
-1
0
0
0
0
0
0
-1
0
0
0
0
0
0
0
1
0
0
0
2
-1
0
0
0
0
0
1
0
0
0
0
0
0
0
0
0
0
1
-1
0
0
0
0
0
0
0
0
0
0
0
0
0
0
0
0
0
0
0
0
1
0
0
0
0
-1
0
0
0
0
0
0
0
0
0
0
0
-1
0
0
0
1
0
0
0
0
0
0
0
0
0
0
0
0
0
0
0
0
0
0
0
0
0
0
0
0
0
0
0
0
0
0
1
0
0
0
0
0
0
0
0
0
1
0
0
0
0
0
-1
0
0
0
0
0
0
0
0
0
0
0
0
0
0
0
0
0
0
0
0
0
0
0
0
0
0
0
0
0
0
0
0
0
0
0
1
0
1
0
0
0
0
0
1
0
0
0
0
0
-1
0
-1
0
0
-1
0
0
0
0
-1
0
0
0
0
0
0
0
1
0
0
0
0
0
-1
0
1
0
-1
0
0
0
0
0
0
1
0
0
1
0
1
0
0
1
-1
0
1
0
0
0
0
0
-1
-1
0
-1
-1
0
0
-1
0
0
-1
0
0
0
0
0
0
1
0
0
1
0
0
1
0
0
1
1
0
0
0
0
0
0
0
0
0
0
0
0
0
0
0
0
0
0
0
-1
0
0
-1
-1
0
0
0
0
0
0
0
0
0
0
-1
0
0
0
0
2
0
1
0
0
1
0
0
0
-1
0
-1
0
0
0
0
0
0
0
0
0
-1
1
2
0
0
0
0
0
1
1
0
0
0
-1
0
1
0
0
0
0
0
0
0
-1
0
0
0
0
0
0
0
0
0
0
-1
-1
1
0
0
0
0
1
0
0
0
0
1
0
0
0
0
0
0
-1
0
0
0
0
0
-1
0
0
0
0
0
1
0
0
0
0
0
0
0
-1
0
2
0
0
0
0
-1
0
0
0
0
0
0
0
0
0
0
0
0
0
0
0
0
0
0
0
0
0
-1
0
1
0
0
0
0
0
1
0
-1
-1
0
0
0
0
0
0
0
0
0
0
0
0
1
0
-1
-1
-1
0
0
0
0
0
0
0
0
-1
-1
0
0
0
0
0
0
1
1
0
0
1
1
0
0
1
0
0
0
0
0
0
0
0
0
0
-1
0
0
0
0
0
0
0
0
0
0
0
0
1
1
0
-1
-1
0
0
0
0
1
1
0
1
0
1
0
0
0
0
-1
0
0
0
0
0
0
0
0
0
0
0
-1
-1
0
0
0
0
0
-1
0
0
0
0
0
0
0
0
0
0
0
0
0
0
0
0
1
0
0
0
0
0
0
0
0
0
0
0
0
0
0
0
-1
0
0
0
0
1
0
0
0
0
0
0
0
0
0
0
0
-1
0
0
0
0
0
0
0
0
0
0
0
0
0
-1
0
0
0
-1
0
0
0
0
0
0
0
0
-1
0
0
0
0
0
0
0
0
0
0
1
0
1
0
0
0
0
0
-1
0
0
0
0
0
0
0
-1
0
0
0
0
0
0
0
1
0
0
0
0
0
0
0
0
0
0
0
0
0
0
0
-1
-1
0
0
-1
0
0
0
0
0
1
-1
0
0
0
0
0
0
0
0
0
0
0
0
0
-1
0
0
0
1
0
0
0
0
0
0
0
0
0
0
0
1
0
0
0
0
0
0
1
0
0
0
0
0
0
0
0
0
0
0
0
0
0
0
0
0
0
0
0
1
-1
-1
0
0
0
0
0
-1
0
0
0
0
0
0
0
0
0
0
0
0
0
0
0
1
0
0
0
0
0
0
0
0
0
0
0
0
0
2
0
0
0
0
-1
0
0
0
0
0
0
0
-1
-3
0
0
0
1
0
0
0
-1
0
0
0
0
0
0
1
0
0
-1
0
0
1
0
0
0
0
0
0
0
0
0
1
0
0
0
0
-1
0
0
0
0
0
0
0
0
0
0
0
0
0
0
0
0
0
0
1
0
0
0
0
0
0
-1
0
0
1
1
0
0
-1
0
0
1
1
0
0
0
0
0
1
0
0
-2
-1
0
0
0
0
0
0
1
1
0
0
-1
0
1
0
0
0
0
0
0
0
0
0
0
-1
0
0
0
0
0
0
0
0
1
0
0
0
0
0
0
1
0
0
0
0
-1
0
0
0
0
0
0
0
0
0
0
0
0
0
0
0
0
0
-1
0
0
0
1
0
0
0
0
0
-1
0
0
0
0
0
0
0
0
0
1
-1
0
0
0
1
0
0
-1
0
0
-1
0
0
0
0
0
0
0
0
0
0
0
0
0
0
0
0
0
0
0
0
0
0
1
0
0
0
0
0
0
0
0
0
0
0
0
-1
0
1
0
0
2
0
0
0
0
0
0
0
1
0
0
0
0
0
0
-1
-1
0
0
-1
0
0
1
1
1
0
0
0
0
1
0
-1
-1
0
0
0
0
0
0
0
0
0
0
0
0
0
0
0
0
0
0
0
0
0
0
1
0
0
1
0
1
0
0
0
0
0
0
0
0
-1
0
0
-2
-1
-1
-1
-2
-1
0
-1
-1
0
0
-1
0
0
0
0
1
0
0
0
0
0
0
0
0
1
1
0
0
0
0
2
0
0
1
0
0
1
1
0
1
2
1
1
0
0
0
0
0
0
0
-1
0
0
-1
0
-1
0
0
-1
-2
-1
-1
-1
0
0
0
0
0
0
0
2
0
0
0
1
1
0
1
0
1
2
1
0
-1
1
0
-1
0
0
0
1
0
0
0
0
0
0
0
0
-1
-1
0
0
0
0
0
0
0
0
0
0
0
0
0
1
1
0
0
0
0
0
0
0
0
0
0
0
0
0
0
0
0
-1
0
0
0
0
0
0
0
0
-1
0
-1
-1
0
0
-1
1
0
0
1
0
0
-1
0
0
0
0
0
0
0
0
0
0
0
0
0
1
1
0
0
0
0
1
0
0
0
0
0
0
0
0
1
0
0
0
-1
0
0
0
0
-2
-1
0
0
0
0
0
0
0
0
-1
0
0
0
0
0
0
0
0
0
0
0
0
0
0
1
0
0
0
0
0
0
0
0
0
0
0
0
0
0
0
0
-1
0
-1
0
0
0
-1
0
0
-1
0
0
0
0
0
0
0
0
0
0
0
1
0
0
1
0
0
0
0
0
0
0
0
0
0
0
-1
0
-1
0
0
0
0
-1
0
0
0
-1
0
0
0
0
1
0
0
0
1
2
0
0
0
0
0
0
0
0
-1
0
-1
0
0
-1
0
1
0
-1
-1
0
0
0
0
-1
0
0
0
0
0
0
0
0
0
1
0
0
1
0
0
0
0
1
0
0
0
0
1
0
0
0
0
0
0
0
1
0
0
-1
-2
-1
0
0
-1
-1
0
0
0
0
0
0
0
0
0
0
0
0
1
1
0
0
0
0
0
1
0
-1
0
1
0
0
-1
0
0
0
0
-1
0
0
0
0
0
0
0
0
0
0
0
0
0
0
0
0
0
-1
-1
0
-1
0
0
0
0
0
0
0
1
0
1
0
0
0
0
1
0
-1
0
0
0
1
0
0
0
0
0
0
0
0
0
0
0
1
0
0
0
0
0
0
1
1
0
0
0
0
0
0
0
0
0
0
0
-1
0
0
0
0
0
0
0
0
0
0
0
0
0
0
0
1
1
0
0
0
0
0
-1
-1
0
-1
-1
0
0
0
0
0
2
1
1
1
1
0
0
0
0
0
0
-1
-2
0
-1
-1
0
0
0
0
0
0
0
1
0
0
0
0
0
0
0
0
0
0
0
0
0
0
0
0
0
0
0
0
0
0
0
0
0
0
0
0
0
0
0
0
0
0
-1
0
0
0
0
0
-1
0
0
0
0
0
0
1
1
0
0
1
0
0
0
-1
0
0
0
-1
0
0
-1
0
0
0
0
0
0
0
0
0
0
0
0
0
0
-1
0
0
0
-1
0
1
0
0
0
0
0
0
0
0
0
-1
0
0
0
0
0
0
0
0
1
0
0
0
0
0
0
0
0
0
0
-2
0
0
1
0
0
0
0
0
0
1
1
0
0
0
0
0
-1
0
0
-1
0
0
0
0
0
-1
0
0
0
1
0
-1
0
0
0
0
0
0
0
0
0
0
0
-1
0
0
0
0
0
0
-1
0
0
0
0
0
0
0
1
0
0
0
0
0
0
0
0
0
0
0
-1
0
0
0
0
0
0
0
0
-1
0
0
0
0
0
0
0
-1
0
0
0
0
0
0
0
0
0
0
1
0
0
-1
0
0
0
0
0
0
0
0
0
0
0
0
0
0
0
0
0
0
0
0
0
-1
1
0
0
-1
0
0
0
0
0
0
0
0
0
0
0
0
0
1
0
0
0
0
0
0
0
0
0
0
0
0
0
0
0
0
0
0
0
0
0
0
0
1
0
0
-1
0
0
0
0
0
0
0
0
0
0
0
0
0
0
0
0
0
1
0
0
0
1
0
0
0
-1
0
0
0
0
0
0
0
0
0
0
0
0
0
0
0
0
1
0
0
0
0
0
0
0
0
0
0
0
-2
0
0
0
0
0
0
1
1
0
0
0
0
1
0
0
0
0
0
0
0
0
0
0
-1
-1
0
-1
0
0
0
0
0
-1
-1
0
0
0
0
0
0
0
0
1
0
0
1
0
-1
0
0
0
0
0
0
0
0
0
0
0
0
-1
0
0
0
0
1
0
0
-1
0
0
0
0
0
0
0
0
1
0
0
1
0
0
0
0
0
0
0
0
0
-1
0
0
0
0
0
0
0
0
0
0
0
0
0
0
0
1
0
0
0
0
0
0
0
0
0
0
0
0
0
0
0
0
0
0
0
0
-1
-1
-1
0
0
0
0
-1
0
0
0
0
0
0
0
0
0
1
0
0
0
0
1
0
0
0
0
0
0
1
0
0
0
0
0
0
0
0
0
0
0
0
0
0
-1
0
0
0
0
0
0
0
0
0
0
0
0
0
0
0
0
-1
0
1
0
0
1
0
0
2
1
0
0
0
1
0
0
0
0
-1
-1
0
0
0
0
0
0
0
0
-1
0
0
0
1
0
0
0
0
0
0
0
0
-1
-1
0
0
0
0
1
0
0
0
0
0
0
1
0
0
0
0
0
0
0
1
1
1
1
0
0
0
0
1
1
0
0
0
0
0
-1
0
0
-1
0
0
-1
-1
0
0
0
0
0
0
0
0
-1
0
0
0
0
0
1
0
0
0
0
0
-1
0
0
0
1
1
1
1
0
0
0
0
0
0
-1
0
0
-1
0
0
0
-1
0
0
0
0
-1
-1
0
0
0
-1
0
1
0
0
1
0
0
1
0
0
0
0
0
0
0
0
-1
0
1
0
0
1
0
0
0
0
0
-1
0
0
0
1
0
0
0
0
0
0
0
0
0
0
0
0
0
0
0
-1
0
-1
0
0
0
0
0
0
1
0
0
0
0
1
0
1
0
0
0
0
0
1
0
0
-1
-1
0
-1
-1
0
0
0
1
0
-1
0
0
-1
0
0
0
0
0
0
0
0
0
0
0
0
0
0
0
0
0
0
0
0
0
0
0
0
0
-1
0
0
0
0
0
1
0
0
0
-1
0
0
0
0
1
0
0
1
0
0
0
0
1
0
1
0
-1
-1
0
0
0
0
-1
0
-2
-1
0
0
0
0
0
0
0
0
0
0
0
0
0
0
0
0
0
0
0
0
0
0
0
0
0
0
-1
0
0
0
0
0
-1
0
0
0
0
0
0
0
1
1
0
0
0
0
-1
0
0
-1
0
0
0
0
0
0
0
0
0
0
0
0
0
0
0
0
0
0
0
-1
0
0
1
0
0
1
1
0
0
1
1
0
-1
0
1
1
0
0
0
0
0
0
-1
0
-1
-1
-1
-1
-1
-2
-2
-1
-1
-1
-1
-1
0
0
0
0
0
0
1
0
1
1
0
0
1
1
0
0
2
3
0
0
0
0
2
0
1
1
1
1
0
-1
0
0
-1
0
0
0
0
0
-1
-1
0
0
0
0
0
0
0
-1
-2
0
0
-1
-1
0
0
1
0
0
2
0
0
0
0
0
0
1
0
0
1
1
0
0
0
0
0
0
0
0
0
-1
0
0
0
-1
0
0
0
0
0
-1
0
0
0
0
0
0
0
0
0
0
0
0
0
1
0
0
0
0
0
0
0
0
0
0
0
1
0
0
0
0
0
0
0
0
0
0
1
-1
0
0
-1
0
0
0
0
0
0
0
0
0
0
0
0
0
0
