0
0
0
0
0
0
0
0
0
0
0
0
0
0
0
0
0
0
0
0
0
0
0
0
0
0
0
0
0
0
0
0
0
0
0
0
0
0
0
0
0
0
0
0
0
0
0
0
0
0
0
0
0
0
0
0
0
0
0
0
0
0
0
0
0
0
0
0
0
0
0
0
0
0
0
0
0
0
0
0
0
0
0
0
0
0
0
0
0
0
0
0
0
0
0
0
0
0
0
0
0
0
0
0
0
0
0
0
0
0
0
0
0
0
0
0
0
0
0
0
0
0
0
0
0
0
0
0
0
0
0
0
0
0
0
0
0
0
0
0
0
0
0
0
0
0
0
0
0
0
0
0
0
0
0
0
0
0
0
0
0
0
0
0
0
0
0
0
0
0
0
0
0
0
0
0
0
0
0
0
0
0
0
0
0
0
0
0
0
0
0
0
0
0
0
0
0
0
0
0
0
0
0
0
0
0
0
0
0
0
0
0
0
0
0
0
0
0
0
0
0
0
0
0
0
0
0
0
0
0
0
0
0
0
0
0
0
0
0
0
0
0
0
0
0
0
0
0
0
0
0
0
0
0
0
0
0
0
0
0
0
0
0
0
0
0
0
0
0
0
0
0
0
0
0
0
0
0
0
0
0
0
0
0
0
0
0
0
0
0
0
0
0
0
0
0
0
0
0
0
0
0
0
0
0
0
0
0
0
0
0
0
0
0
0
0
0
0
0
0
0
0
0
0
0
0
0
0
0
0
0
0
0
0
0
0
0
0
0
0
0
0
0
0
0
0
0
0
0
0
0
0
0
0
0
0
0
0
0
0
0
0
0
0
0
0
0
0
0
0
0
0
0
0
0
0
0
0
0
0
0
0
0
0
0
0
0
0
0
0
0
0
0
0
0
0
0
0
0
0
0
0
0
0
0
0
0
0
0
0
0
0
0
0
0
0
0
0
0
0
0
0
0
0
0
0
0
0
0
0
0
0
0
0
0
0
0
0
0
0
0
0
0
0
0
0
0
0
0
0
0
0
0
0
0
0
0
0
0
0
0
0
0
0
0
0
0
0
0
0
0
0
0
0
0
0
0
0
0
0
0
0
0
0
0
0
0
0
0
0
0
1
1
0
0
1
1
1
2
1
0
0
0
0
-1
1
0
-1
-3
-2
0
0
0
0
0
0
0
0
-1
0
-1
0
0
1
0
0
0
-1
0
1
0
0
0
-1
0
1
0
0
0
-1
-1
0
0
0
0
0
0
0
0
0
0
0
0
-1
0
0
0
0
0
0
1
1
-1
1
2
0
-1
0
0
0
1
0
-1
0
1
0
-1
-1
0
0
-1
-1
0
2
0
0
1
2
-1
-2
0
0
0
0
-1
0
-1
0
1
1
0
0
0
1
1
-1
0
0
0
0
-2
0
0
-2
0
1
0
1
1
0
0
2
1
0
0
0
0
0
0
0
0
0
-2
-1
-1
-1
-3
-2
0
0
0
1
0
-2
0
1
0
1
1
0
0
0
0
0
0
1
0
2
0
0
2
-1
-1
0
0
0
0
-1
0
-2
0
-1
-4
0
0
-2
-2
0
0
0
0
1
1
-2
0
0
0
2
2
1
2
3
3
1
0
0
0
0
0
-1
0
0
0
-2
-2
0
0
-2
-1
0
-1
-1
-2
-3
0
1
1
0
0
0
1
0
0
0
0
1
1
0
-3
0
1
1
0
0
2
1
1
0
-2
-1
0
-1
-2
-1
-1
0
0
1
0
1
0
-1
0
1
-1
1
1
-3
-1
0
0
1
0
-6
0
4
-1
1
1
0
-2
-1
3
1
4
10
-20
-17
40
16
-29
8
23
-15
-20
11
11
-12
-30
-14
25
15
-23
-6
28
4
-33
13
39
-16
-17
16
0
-7
9
-2
-14
4
10
-8
-4
14
-1
-9
9
4
-8
4
7
-5
-5
1
7
-1
-12
4
6
-17
-5
5
-1
0
0
2
0
-1
7
3
7
2
-15
3
22
-4
-14
7
9
-11
-4
10
3
-7
-2
7
0
-9
2
5
-3
-7
-1
5
-2
-8
0
5
2
-8
-9
12
9
-8
-2
8
4
-4
-2
5
5
-3
-5
1
2
0
-3
-1
0
0
0
-1
-2
0
7
6
-2
0
7
2
-4
-2
3
0
-11
-7
5
0
-10
-3
4
1
0
0
1
2
1
0
3
0
-1
1
0
0
0
-2
-1
0
0
0
0
3
1
2
3
2
1
3
2
0
-1
0
-1
-6
-7
-5
-1
0
-1
1
2
3
4
3
1
3
1
0
-3
-3
-2
-1
-2
-2
0
1
0
0
1
1
0
-1
1
2
-1
0
0
2
2
1
3
3
3
2
0
-1
-2
-2
-4
-6
-3
-2
-3
0
1
2
3
3
2
3
1
0
-1
-1
-2
-2
0
-1
1
-1
-1
1
1
0
0
0
-1
-2
0
0
-2
0
2
0
1
2
1
2
2
0
1
0
2
0
0
0
-1
0
0
-1
-2
0
0
0
-1
-1
0
-1
1
1
1
1
0
1
1
0
0
0
-2
0
0
0
-1
-2
0
0
0
0
0
0
0
0
0
1
0
-1
0
0
1
0
1
1
0
1
1
0
0
0
-1
0
0
-2
-1
0
0
1
2
0
-1
0
-1
-2
0
0
0
0
0
0
0
0
0
0
1
0
1
0
0
0
0
0
0
0
0
-1
0
1
1
0
1
1
-2
0
0
-1
1
1
0
0
0
-1
0
-1
-1
0
-1
0
0
-1
0
0
-1
2
-1
-2
1
2
0
0
0
0
2
0
1
1
0
0
0
2
0
0
2
0
0
-2
-2
0
-2
0
-1
0
0
0
0
0
0
0
0
-2
0
1
0
-1
0
0
0
0
0
0
0
0
0
1
0
1
-1
0
0
0
0
0
1
0
0
1
0
-1
2
0
-2
0
1
0
0
0
-1
0
2
0
-1
0
0
-1
0
0
0
0
0
0
0
0
0
0
0
0
0
0
0
0
-3
0
1
0
0
0
0
0
0
1
0
0
0
0
0
0
0
0
0
0
1
1
0
-1
0
2
2
0
-1
0
-1
0
1
-1
-1
1
0
-1
0
-1
0
1
0
0
1
0
0
1
0
-1
1
0
-1
0
0
0
0
1
-1
-1
1
0
-1
0
-1
0
0
0
-1
0
1
2
1
1
2
0
-1
-1
0
-1
-1
0
0
0
1
0
1
0
0
1
1
-2
1
0
-1
0
-1
0
0
0
0
0
1
2
0
-1
-2
0
1
-1
-1
1
1
1
0
-1
-2
-1
2
1
0
-2
0
2
3
0
-1
1
3
2
0
0
0
-1
0
0
-1
0
-1
-2
-3
0
1
0
0
0
1
0
0
-1
-1
0
-1
0
0
0
0
0
0
-1
0
0
2
3
0
0
0
0
0
2
1
0
1
2
0
0
0
-2
1
1
0
0
-2
-2
1
3
0
0
-1
-2
-1
0
0
0
0
-3
-1
0
-2
0
1
0
0
-1
1
2
0
1
0
2
0
0
1
0
3
2
1
0
-1
-1
1
1
-2
-2
0
-2
-5
-5
0
0
2
0
1
5
-1
4
4
-2
2
0
2
-1
-2
0
-3
2
0
0
2
-2
1
1
1
0
0
0
-4
0
0
-2
-2
-1
0
-2
0
0
0
1
-2
0
0
-1
-2
-1
0
1
3
1
0
2
4
0
1
3
1
1
0
0
0
-2
0
-1
0
-2
-5
2
2
-5
0
-3
2
1
-9
0
4
1
-5
-8
5
11
0
-3
3
5
-2
-9
2
8
0
-7
-1
13
0
-6
3
2
0
-7
-6
4
4
-5
0
2
0
1
-1
2
4
-4
-7
1
0
4
6
-17
-15
8
0
3
13
-2
-3
10
4
11
8
-13
-3
0
-2
4
-1
-3
-1
-11
-3
7
0
-4
-4
-5
-4
-1
-1
1
3
-2
-4
5
5
3
6
1
0
1
1
7
4
-4
-2
0
0
1
0
1
0
-5
-1
0
0
3
1
-3
-3
0
0
2
-4
-7
0
0
0
-4
-6
3
3
-3
-4
0
7
7
0
0
4
5
0
-6
0
9
6
-6
-6
4
8
-2
-9
-2
6
0
-9
-5
3
6
-2
-12
0
12
4
-11
-9
8
12
-6
-16
5
20
0
-17
-8
15
11
-9
-8
10
7
-10
-4
12
3
-20
-9
22
17
-15
-18
12
22
-1
-18
-3
21
12
-12
-17
2
13
0
-16
-6
7
1
-13
-16
-4
4
0
-11
-10
0
9
3
-9
-5
10
14
1
-4
4
14
10
-3
0
15
15
2
-2
4
13
6
-11
-15
2
13
-6
-23
-8
11
3
-12
-15
4
14
-3
-12
0
11
4
-5
-5
4
7
0
-6
-1
3
0
-8
-6
1
0
-10
-17
-6
1
-4
-10
-7
4
9
-3
-7
1
11
11
1
0
8
15
8
4
1
6
11
3
-5
-1
2
3
-1
-1
1
0
-4
1
-1
-5
-3
0
0
-3
-5
-1
4
0
-2
-4
-6
0
5
-2
-13
-4
9
5
-12
-13
9
15
-7
-14
10
22
-4
-15
13
25
-4
-19
9
24
0
-22
-4
26
9
-23
-18
13
15
-17
-23
5
16
0
-17
-12
7
9
-2
-10
-3
12
16
-4
-17
1
23
6
-21
-8
23
13
-20
-19
19
21
-16
-23
16
29
-13
-34
7
35
-1
-36
-4
35
11
-34
-22
18
20
-13
-18
7
13
-2
-8
1
1
-5
0
6
-1
-4
9
13
-5
-12
11
22
-6
-25
4
28
0
-30
-7
26
11
-24
-19
16
19
-12
-22
1
21
5
-15
-8
12
14
-5
-12
-1
10
6
-6
-5
1
4
2
-5
-2
5
1
-8
-4
3
4
-8
-9
10
7
-13
-8
12
15
-10
-18
12
20
-8
-17
5
20
-3
-19
4
19
-4
-21
0
19
1
-19
-8
19
13
-9
-12
2
8
1
-4
-5
0
6
11
-3
-19
-2
24
11
-22
-21
18
25
-12
-30
0
26
5
-20
-10
12
13
-7
-14
2
12
3
-9
-5
11
7
-8
-8
6
11
-4
-9
3
8
-1
-7
0
2
-1
0
4
3
-5
-1
5
5
-3
-6
1
5
0
-8
-3
5
3
-3
-6
1
10
3
-8
-8
3
11
-6
-15
4
16
-1
-10
-2
9
5
-6
-1
7
4
-5
-1
7
2
-5
-1
7
2
-4
-6
0
6
0
-3
-7
1
9
1
-15
-6
16
1
-19
-5
18
11
-15
-19
9
24
-4
-30
-3
25
5
-24
-4
28
8
-27
-10
32
24
-26
-35
18
40
-6
-28
11
34
0
-25
11
37
0
-39
-15
36
19
-35
-34
8
22
-7
-26
-6
4
-14
-8
12
2
-26
-13
21
24
-3
-15
9
24
4
-12
7
26
1
-18
-2
21
22
-10
-31
-4
29
6
-32
-22
13
14
-18
-23
5
26
-2
-30
0
24
8
-6
4
10
-7
2
19
15
-7
-29
3
36
10
-33
-30
19
28
-9
-38
-26
24
29
-25
-38
8
35
-2
-32
-4
23
20
-10
-20
8
16
2
0
1
-5
-4
15
11
-12
-12
3
10
0
-14
-6
13
7
-2
-8
3
14
3
0
-6
-7
6
10
2
-6
-12
0
14
5
-19
-24
10
26
-6
-31
-14
28
17
-33
-22
28
32
-22
-39
26
55
-7
-62
-11
64
28
-55
-43
37
49
-27
-51
15
45
-8
-40
11
49
0
-44
-3
47
20
-39
-25
28
30
-14
-32
3
25
4
-20
-9
17
13
-13
-21
5
18
-4
-23
-6
20
4
-22
-11
16
14
-16
-18
14
19
-6
-15
4
16
0
-8
4
7
-2
-2
6
5
-9
-6
10
2
-9
-5
8
3
-13
-3
14
2
-20
-16
14
20
-7
-20
-2
18
16
-6
-18
-3
22
20
-11
-19
7
24
4
-20
-9
18
12
-18
-14
10
8
-15
-14
5
8
-4
-10
-1
8
0
-3
0
1
3
0
-3
-3
6
16
0
-16
-2
21
11
-18
-11
14
15
-7
-19
0
11
-6
-11
1
8
-2
-5
4
1
0
-2
1
3
0
0
-4
2
2
-2
0
-2
2
4
-4
-6
0
7
0
-9
-4
5
7
0
-8
4
12
2
-9
-5
11
8
-9
-9
6
12
-1
-12
1
10
-1
-9
-6
8
4
-9
-5
4
2
-5
-3
3
6
-2
-6
0
4
2
-9
-2
12
6
-8
-4
7
2
-5
-2
2
5
-2
-1
1
-1
-2
2
2
-5
0
7
-1
-5
1
2
-8
-1
6
0
0
-1
3
5
-3
-5
1
5
-4
-3
-3
0
4
-1
-3
0
5
0
-2
3
-1
0
2
0
0
0
0
-2
0
1
-1
0
2
1
2
-2
-2
5
4
0
-3
-2
3
2
-3
-3
0
0
1
-1
-2
1
1
0
-3
-4
1
1
-2
2
2
-1
0
2
0
-1
0
3
1
-5
-3
4
1
-6
3
7
-1
-3
0
5
0
-6
-1
8
5
-3
-2
7
6
-7
-9
7
9
-8
-12
1
7
-2
-12
0
11
3
-10
-7
15
11
-18
-8
18
7
-13
-8
8
6
-7
-9
2
6
-3
-7
-3
10
12
-6
-11
8
16
-5
-15
6
19
-5
-21
-1
16
4
-13
-8
9
10
-4
-16
3
19
-2
-19
-1
17
3
-15
-8
10
6
-10
-7
10
12
-2
-12
0
10
0
-10
-4
8
7
-3
-9
4
7
-4
-7
2
12
1
-9
-1
9
6
-6
-7
5
7
0
-7
1
7
-1
-10
-3
8
3
-10
-9
4
9
0
-9
-1
8
1
-7
-2
4
4
0
0
1
3
4
-1
-4
-1
4
6
-2
-3
2
2
-3
-6
0
8
2
-5
-3
0
2
0
0
1
-1
-2
-1
0
1
0
-2
-4
-3
2
0
0
3
3
0
-3
0
4
0
-6
-2
6
5
0
-1
6
6
-2
-7
-1
5
2
-5
-3
5
5
-3
-4
1
3
-2
-8
0
6
0
-7
0
7
0
-6
-3
3
0
-6
-4
6
5
-3
-4
3
5
-1
-5
3
8
1
0
-1
3
4
-4
-7
1
5
-2
-5
-2
2
1
-7
-6
0
5
-1
-5
2
8
2
-3
-2
6
7
-7
-7
8
8
-5
-8
5
10
-4
-13
3
10
-1
-11
-3
10
2
-12
-4
8
5
-9
-2
11
6
-4
-8
1
8
0
-7
-1
9
3
-6
-3
3
7
-4
-10
0
5
0
-7
-3
7
3
-7
-4
8
7
-7
-9
8
10
-7
-8
4
8
-1
-10
0
11
0
-9
-1
6
5
-6
-4
6
1
-7
-6
1
3
-2
-3
2
5
1
0
-1
3
3
-2
-5
2
6
0
-3
3
3
-3
-4
0
2
-3
-7
0
5
1
-6
-2
6
5
-5
-2
4
4
-1
-4
2
5
0
-5
-2
3
0
-4
-3
3
1
-4
0
1
0
-2
0
2
0
-1
0
0
-1
0
2
0
1
0
0
2
3
0
-2
-1
-1
-1
0
0
0
2
0
-4
-1
1
-1
-3
0
2
2
0
-1
2
2
-2
-3
1
2
-1
-6
0
4
1
2
3
1
1
1
0
-1
0
0
-2
-3
-1
0
-1
-1
0
2
0
-1
0
0
0
0
1
1
0
-1
-1
-1
-3
-1
0
2
1
0
2
1
1
0
0
0
-2
0
0
0
0
0
0
0
1
0
-1
0
0
0
0
1
1
1
0
-2
2
2
0
0
0
0
-1
-2
2
0
-1
-2
-2
1
-2
-1
1
-1
-1
-2
0
1
1
0
0
2
2
0
0
2
2
2
3
4
2
0
-1
-1
1
0
-3
-3
-3
-3
-2
-1
-1
-1
0
-1
0
0
0
1
2
0
-3
1
3
1
0
0
4
3
-4
-1
3
2
-3
-6
1
2
-2
-3
2
4
2
-3
-3
1
1
-1
-1
1
4
1
-3
0
3
1
-4
-4
1
2
0
0
2
4
0
-2
0
0
0
0
0
0
0
-2
1
2
-1
-2
0
1
0
-3
0
0
0
0
-1
-1
1
0
-2
0
2
-2
-2
-1
0
0
-3
-3
-1
0
0
0
-2
-1
0
0
1
0
0
3
4
4
3
3
3
5
5
3
4
4
2
0
0
-2
-3
-4
-4
-4
-7
-8
-10
-10
-5
-5
-6
-3
-1
-1
4
3
3
6
6
10
9
7
8
8
7
5
3
5
2
0
0
-3
-5
-5
-7
-8
-7
-9
-8
-7
-6
-7
-5
-1
1
3
1
3
4
6
8
7
5
7
4
3
3
2
1
-2
-7
-5
-3
0
0
-3
-3
0
0
0
-1
0
0
0
0
1
2
2
0
0
2
0
0
-2
-4
-2
-3
-1
0
-2
0
0
0
0
0
-1
0
2
2
2
1
3
2
2
1
1
0
-1
-1
0
0
0
-2
0
0
1
-1
-2
-1
0
1
2
2
1
-2
0
-1
-2
0
0
-1
-2
-1
0
-1
-1
-1
0
0
0
1
0
1
1
1
2
2
0
1
2
1
0
0
0
0
0
0
-1
-1
-1
0
0
-1
-2
2
0
-2
0
0
0
-1
-2
-2
0
2
0
3
0
-1
1
1
0
1
1
0
-1
0
0
0
0
-3
0
1
0
0
0
0
2
0
-1
0
3
-2
-2
0
0
2
0
-1
0
1
0
-2
-2
0
2
0
-2
0
3
0
0
-2
0
2
-1
0
0
0
1
-4
-4
0
0
0
0
0
3
1
0
0
0
0
0
-1
0
0
0
0
0
0
0
1
4
0
-1
0
1
2
0
0
0
2
0
-1
0
0
1
0
0
0
-2
-1
0
1
-1
0
0
-3
-1
1
-1
-3
0
1
1
1
1
1
0
0
0
-1
0
1
1
2
0
0
1
3
0
-3
0
2
-2
-3
0
0
0
-1
0
0
-1
0
0
0
0
0
0
-2
-1
0
2
2
1
2
1
-1
-3
0
2
1
0
0
0
0
0
0
-2
-2
0
1
-1
0
1
0
0
-1
-2
0
1
0
0
1
0
0
1
0
0
2
2
1
0
-1
-2
-3
0
0
0
0
0
0
0
0
1
0
0
0
-1
0
0
0
0
0
1
0
-3
0
0
-3
-2
-1
0
1
1
1
1
1
2
2
-1
0
1
-1
0
0
0
0
-1
0
2
1
0
0
2
1
-2
-1
0
-1
0
1
-2
0
0
-1
0
0
0
0
2
0
-1
1
1
-2
-1
0
0
-2
0
0
0
1
0
0
1
1
-2
-1
-1
0
0
0
0
1
1
0
2
2
-2
0
0
-1
-3
-1
1
1
0
0
2
2
0
0
0
1
0
-1
-1
0
0
-1
-1
0
0
0
0
0
0
0
0
1
1
0
0
0
0
0
0
-1
-1
0
1
0
-1
0
0
0
0
0
-1
0
1
2
0
0
3
0
-4
-3
-1
-1
-3
0
4
1
-1
4
4
1
0
-1
0
0
-4
-2
0
-2
-2
0
1
0
0
2
3
2
2
0
0
0
0
-1
-2
-2
-1
-1
0
-1
-1
0
1
1
0
0
1
1
0
0
0
-1
-3
0
0
0
-1
0
0
0
1
0
0
0
0
0
-1
1
0
0
1
2
1
0
1
0
0
0
0
0
0
0
-1
0
1
0
-2
0
1
0
1
1
0
-1
-1
-1
-2
-1
0
-1
0
2
2
0
1
2
-1
-2
0
-1
-1
0
0
0
1
0
0
0
5
3
-1
-2
0
2
-3
-2
0
3
2
0
0
1
3
0
-4
-1
-1
-1
-3
-4
-1
0
-1
1
3
1
-2
0
2
0
-2
0
0
1
0
0
1
1
1
1
0
1
1
-3
-1
0
1
-1
-2
2
0
0
0
2
0
0
0
0
0
-1
-1
-2
-1
-1
-1
-1
-2
0
0
0
1
1
2
2
1
1
1
0
-1
-3
-1
1
0
-2
0
2
1
1
1
2
0
0
0
0
0
0
-2
-1
0
-2
-2
0
0
0
1
2
1
1
0
-1
0
0
-2
-2
-1
0
0
-3
-1
1
1
0
0
0
0
0
0
0
0
0
0
0
0
2
0
0
1
0
0
0
0
0
1
1
0
3
1
0
0
-1
-2
-3
-1
0
-3
-2
0
-1
3
0
-2
1
2
2
2
0
0
0
1
0
-4
-1
0
0
-1
0
0
0
0
0
-1
2
1
0
-1
0
0
0
-1
0
1
0
0
0
1
1
-1
-1
0
1
1
0
1
1
0
-2
0
2
0
1
-2
0
2
0
-2
-1
-1
0
-1
-2
0
1
2
-1
0
0
0
1
-1
-2
0
2
1
0
0
0
2
0
-2
1
3
0
-3
-2
1
3
-1
-2
0
5
0
-4
-2
1
2
-2
-1
2
3
-1
-2
0
2
3
-1
-4
0
1
-1
-2
0
1
1
1
-2
0
3
1
0
0
0
0
0
0
0
-1
2
0
-1
0
0
0
1
0
-1
-2
0
0
0
0
-1
0
1
1
1
0
0
2
0
-1
0
0
0
-1
-1
0
0
0
0
0
0
0
0
0
0
0
0
0
0
0
-2
1
2
0
-1
0
0
0
1
0
0
0
1
-1
-1
-1
0
2
0
-3
-1
0
0
-2
0
0
0
1
0
0
2
0
0
1
0
0
2
0
0
0
-1
-1
0
1
1
0
0
0
0
-1
0
0
0
-1
-1
0
0
0
0
1
3
1
0
0
0
0
0
-1
0
0
0
1
-1
0
0
-1
1
0
0
0
0
-1
-1
1
0
0
1
0
1
0
0
-1
-2
0
0
0
0
0
0
1
1
0
1
0
0
0
0
-1
0
0
0
0
0
0
0
0
0
-1
0
0
0
-1
0
0
0
1
0
0
0
0
-1
-1
0
0
-1
-1
0
1
0
0
0
1
0
0
0
1
2
0
-1
0
0
-2
0
2
0
0
2
0
0
1
0
-2
-1
0
0
1
1
0
2
0
0
1
-1
0
0
-1
0
0
0
-1
-1
-1
0
0
0
0
0
0
0
0
2
0
0
1
2
0
1
0
0
0
-2
0
0
-1
-1
0
0
-1
0
0
0
-2
-1
0
0
0
-1
1
1
0
0
0
0
0
1
0
2
2
1
0
0
-1
-1
-1
-1
1
1
-1
0
1
1
0
0
-1
0
0
0
0
0
-1
1
0
-2
-2
0
1
-2
-1
0
0
0
0
0
0
1
0
0
1
1
1
2
1
0
1
0
-1
0
-1
0
0
-2
-1
-1
0
0
1
0
-3
-1
0
0
0
1
1
0
1
0
0
1
1
0
1
1
0
0
0
0
0
0
0
0
0
-2
0
0
-1
0
-1
-2
1
0
0
0
0
0
0
0
0
0
1
0
0
0
1
1
-1
-1
0
0
1
0
0
0
0
0
1
0
-2
-1
3
1
0
1
0
0
0
1
0
-3
-1
-1
-1
0
0
-2
0
0
0
0
0
0
1
0
0
0
-2
0
1
0
0
0
0
3
4
1
0
0
0
0
0
0
0
0
-2
-2
-1
0
0
-1
-1
0
0
0
0
0
0
-1
-1
-1
0
0
1
2
0
0
0
0
0
1
1
2
0
0
-1
0
0
0
-1
0
0
0
0
0
2
0
-2
-1
0
0
0
0
-1
0
0
0
0
0
0
0
0
0
0
0
0
0
-1
0
0
0
0
0
0
1
1
0
-1
0
1
0
0
0
0
0
-2
0
0
1
0
0
1
-1
-1
-1
0
-2
0
0
0
0
1
0
0
0
-1
0
1
-1
0
0
0
0
0
0
2
0
-1
0
0
0
0
0
0
0
0
0
0
0
0
0
0
0
0
0
-2
0
1
1
0
0
0
0
-2
0
0
0
0
0
-1
-1
1
0
0
0
0
0
0
0
0
1
1
0
0
2
-1
-2
0
0
-1
0
0
-1
-1
0
0
0
1
0
0
0
0
0
0
-1
-1
0
1
0
2
2
0
0
1
1
0
0
0
1
-1
-3
0
1
-1
-1
0
0
0
-1
-2
-1
1
2
0
0
0
-2
0
1
0
1
0
-2
0
0
0
0
0
0
-2
0
0
0
0
0
0
2
1
0
0
-1
0
1
-2
0
1
0
-1
0
0
-1
0
0
3
0
-2
2
0
-2
1
0
0
0
0
0
0
0
0
-1
0
0
0
0
1
0
-1
0
-1
-3
-1
0
1
0
0
1
0
2
0
-2
1
1
1
0
0
-1
0
2
-1
0
0
0
0
0
-2
-1
1
0
0
0
0
1
0
0
0
0
0
0
0
0
0
0
1
0
0
0
1
0
0
0
0
0
0
-1
0
1
0
0
0
0
0
0
0
0
0
0
0
1
0
0
0
0
0
0
0
0
-1
0
0
0
0
0
-1
-1
1
0
0
0
-1
0
0
0
1
1
-1
-2
-1
0
0
1
1
-1
0
0
-1
0
0
0
0
0
2
0
1
0
0
0
1
1
0
2
3
0
0
-1
0
-1
0
1
0
2
-1
-1
0
0
-1
-3
-2
0
0
0
0
2
0
0
-1
0
-2
-2
0
0
2
0
1
0
1
0
-1
-2
0
1
-1
1
1
1
0
-2
-1
0
1
0
-2
1
4
1
1
0
1
0
-2
0
0
0
0
-1
0
0
0
-1
-2
-1
0
0
-2
0
0
1
0
-1
0
0
0
0
0
0
0
2
1
0
1
0
0
0
0
2
0
0
1
0
0
0
0
0
0
0
0
-1
-1
1
1
0
0
0
0
-1
0
0
-1
0
0
0
0
-1
0
1
0
0
0
0
-1
-1
0
0
0
0
0
1
0
2
1
1
0
-1
0
0
0
0
0
0
0
0
0
0
0
0
0
0
1
-1
0
0
0
-1
-1
0
0
0
0
0
0
1
0
0
1
0
-1
-1
0
0
0
0
0
1
0
-1
0
1
0
-2
-1
-1
0
0
0
0
0
0
0
0
1
1
0
0
1
0
0
0
0
0
-1
0
0
0
0
0
0
-1
0
0
0
-1
-1
0
-2
0
2
1
1
0
0
0
0
0
0
0
1
1
0
0
0
0
1
0
0
0
0
0
0
0
0
-1
-2
0
0
-1
0
-1
0
0
0
0
0
-1
-2
1
1
0
0
0
0
0
0
1
1
2
1
0
0
0
1
1
0
0
0
0
1
0
0
0
0
0
0
0
0
0
-1
-1
0
0
0
0
0
-1
0
-1
0
1
-1
0
0
0
-1
0
2
-1
-2
0
-1
0
1
0
0
0
0
1
0
1
-1
0
2
0
1
0
-1
0
0
0
0
-1
1
0
0
1
0
0
0
0
0
0
0
0
1
0
0
0
0
0
0
-2
-1
0
-1
0
0
0
1
-1
-1
0
-1
-2
-1
0
1
1
0
-1
-1
1
3
2
-2
-3
0
2
4
0
-5
-1
4
3
-1
-4
0
4
1
0
-1
2
1
-3
-4
0
4
1
-6
-8
4
16
6
-26
-24
19
42
3
-44
-27
24
37
0
-35
-23
15
32
15
-16
-28
-9
17
26
6
-18
-18
-1
11
10
5
-5
-16
-4
6
11
10
-5
-14
-7
3
10
6
-6
-7
0
5
0
-5
-4
6
10
-4
-15
-6
10
15
-3
-16
-6
10
14
1
-12
-6
10
7
-4
-6
0
0
-5
0
12
5
-8
-7
4
9
0
-5
0
-3
-1
10
11
-7
-19
-1
13
6
-5
-9
0
4
-1
2
10
-2
-14
-8
3
12
7
-4
-10
-6
3
12
7
-8
-13
-1
10
5
-5
-6
3
6
2
0
0
0
-2
0
4
7
1
-8
-9
1
14
10
-6
-10
0
8
3
-4
-3
0
-4
-3
3
3
-3
-8
0
3
-2
-5
0
3
-3
-8
-3
5
1
-5
-6
-3
0
1
4
3
0
-2
-1
7
9
5
-1
0
6
9
4
-1
-1
0
1
2
1
0
-1
-3
-2
0
0
1
0
-2
-3
0
3
-1
-5
-5
-2
0
-1
-2
-1
0
-3
-2
0
3
-1
-1
3
4
0
-1
3
4
-1
-2
2
5
1
0
0
0
2
2
1
0
-1
-1
1
1
0
-2
-6
-1
1
1
-1
-2
-1
1
0
0
0
0
0
1
-1
-1
0
0
0
-1
1
2
0
0
0
0
0
0
0
0
1
0
0
1
2
0
1
0
-2
0
0
0
0
0
0
-1
0
0
-1
-1
0
0
0
0
0
0
0
0
2
1
-2
0
0
0
0
0
0
-1
0
1
0
0
-1
0
0
0
1
0
1
1
0
1
0
0
1
0
-3
0
1
0
0
-2
0
0
0
1
0
0
0
0
1
0
0
0
0
0
1
0
-2
-1
-3
-3
-3
-3
-1
-1
0
2
0
0
0
0
0
1
2
0
-1
0
-1
0
0
0
0
0
0
-2
-2
0
0
1
5
4
1
1
2
0
0
0
-1
-1
-2
-3
-2
-2
-2
0
0
0
0
0
-1
0
0
-1
1
2
1
0
0
0
0
0
1
0
0
1
2
0
1
0
1
0
-2
-1
-2
-1
0
1
1
1
1
1
-2
-1
2
-1
-1
1
1
0
0
0
0
-1
-1
-1
0
0
0
0
0
-2
-1
1
2
0
-1
-1
0
0
-1
0
0
0
1
1
0
0
1
2
1
0
2
0
-1
0
0
0
-2
0
2
1
0
0
-1
0
0
-1
0
1
0
0
-1
0
0
0
0
0
0
0
1
0
-2
0
0
0
1
0
-1
-1
0
0
0
0
2
0
0
0
1
0
0
0
0
-2
-2
0
0
-2
-1
0
0
1
0
0
2
1
0
0
2
2
1
0
-1
1
0
-6
-3
0
-1
-1
1
0
1
2
1
0
0
2
2
0
0
0
-1
-1
0
-2
-1
1
0
-1
0
1
0
0
0
0
0
0
0
-2
0
1
0
0
0
2
2
1
-1
0
1
1
0
0
1
1
-3
-3
1
-3
-2
-1
-4
0
1
0
0
0
0
1
1
0
1
0
1
2
1
1
1
-1
0
1
1
0
0
0
0
0
0
0
-1
0
-3
-4
0
-1
-5
-1
2
-1
-3
-1
2
0
0
1
2
3
3
3
1
1
4
1
0
1
0
0
1
-3
-4
-1
-1
0
-2
-3
0
0
-2
0
2
-1
-1
0
0
-2
-2
-2
0
2
-2
0
1
0
1
4
1
1
1
-1
0
-1
-2
1
1
0
0
-1
-2
0
-1
-1
0
0
-1
0
4
1
-1
0
-2
-1
0
-1
-1
0
0
0
0
3
4
2
3
1
0
2
-2
0
-2
-2
0
0
1
0
0
3
-4
0
0
-5
-1
-4
-1
0
-3
0
-3
0
4
2
2
0
-1
0
2
6
1
1
5
0
2
0
-3
0
-5
-2
0
-6
-1
0
1
1
-1
2
-2
-1
6
-3
-3
1
-3
0
-3
-1
5
0
1
5
2
3
5
0
-4
6
3
-7
6
3
-13
3
4
-11
-2
3
-4
-7
1
3
-7
-1
6
0
-6
2
13
2
-4
11
6
-11
1
5
-14
-5
9
-6
-11
3
7
-2
0
15
-1
-14
20
-1
-15
10
0
-8
-1
7
-4
-6
8
-3
-3
5
-4
-2
12
-8
-9
13
-4
-6
22
-5
-13
15
0
0
-13
5
30
-45
14
41
-63
22
25
-48
15
3
-8
-4
-9
27
-20
-5
34
-26
13
9
-23
28
-29
-3
39
-56
15
41
-54
22
31
-34
13
18
-11
-4
7
7
-27
10
17
-44
25
19
-42
29
11
-27
31
-4
-7
4
-16
34
-37
-5
29
-45
39
-1
-36
35
-4
-15
25
-12
-11
18
-4
8
-13
-4
27
-20
-5
24
-17
-11
44
-15
-43
42
10
-51
29
13
-38
28
4
-24
12
-2
-4
12
-20
-3
31
-23
-12
38
-23
-22
50
0
-52
25
33
-34
-7
39
-34
-4
68
-60
-9
59
-41
-21
16
-2
-16
-1
-6
40
13
-36
50
11
-31
22
-10
-60
46
-2
-110
102
5
-93
83
-1
-24
39
-14
0
22
-4
29
-46
0
66
-91
-14
41
-44
-29
13
47
-24
-17
113
-13
-55
109
-33
-72
69
-47
-51
-4
-12
1
-19
47
11
-3
96
-5
-36
57
-29
-25
-21
-77
4
3
-64
33
-4
8
88
-27
1
85
-25
-3
40
-67
2
35
-74
14
-3
-35
28
-31
30
12
-36
49
31
-47
49
13
-32
-3
5
8
-71
-11
69
-80
-7
83
-57
37
36
-34
64
-19
-17
28
-46
30
-35
-36
40
-55
29
11
-64
79
-30
-2
64
-74
61
15
-33
51
-52
2
43
-27
22
-97
23
140
-111
-56
43
-9
47
-21
-107
49
101
-15
-57
2
91
48
-71
-70
38
42
-91
-66
94
-26
-46
90
-17
47
53
-110
60
64
-128
-30
8
0
9
-30
10
51
24
3
10
-6
-16
24
-30
-53
32
-5
-34
50
42
-62
31
59
-58
30
-25
-86
97
-16
-84
37
4
50
-10
-15
45
-73
65
48
-139
56
34
-30
40
-49
43
7
-71
77
-50
-81
68
-5
-44
12
59
-22
-17
120
-68
-54
122
-76
-22
60
-63
16
-26
10
62
-116
42
82
-113
30
59
-50
14
9
-5
7
-19
18
15
-30
6
18
2
10
-27
-2
33
-29
-20
2
-24
28
16
-3
-44
30
97
-112
12
68
-95
55
-14
-25
50
-64
93
3
-94
94
-5
-66
14
-6
-36
-21
52
-11
-56
82
47
-38
9
3
0
12
-41
-56
4
41
-25
1
26
-13
97
22
-74
30
7
-24
-27
-26
-19
-46
39
21
-39
42
18
26
26
-4
33
-77
10
69
-110
-24
30
-16
13
12
1
-9
30
54
-30
-59
54
-10
-73
60
3
-71
59
47
-49
31
15
-24
3
-32
14
-29
-28
35
-14
0
26
33
-45
29
57
-99
66
1
-103
116
-38
-87
103
-9
-31
22
-29
47
8
-47
9
18
26
-38
17
9
-63
80
-19
-90
43
22
-40
9
33
-44
33
42
-48
26
-5
-5
3
-16
31
-15
-23
33
18
-25
-6
32
-29
-33
53
-23
-59
55
12
-42
29
24
-5
3
15
11
-33
-14
25
-59
-19
31
-38
9
18
13
23
-4
43
11
-35
1
20
-16
-52
14
21
-42
17
15
-28
51
-19
-9
39
-35
25
15
-41
9
21
-39
-17
68
-84
-23
145
-99
-43
118
-55
0
34
-54
38
-2
-4
10
-44
62
-19
-43
58
-31
-21
7
29
-11
-61
63
5
-37
51
-21
-22
63
2
-56
17
10
-32
0
-25
-9
12
-31
66
10
-60
93
7
-13
22
-61
57
-28
-62
57
-62
11
41
-54
18
16
11
-21
14
45
-81
58
45
-113
69
0
-59
75
-37
-25
17
-6
42
-48
-31
72
0
-26
13
-4
8
22
-44
-5
18
-43
36
15
-42
37
53
-37
13
47
-108
13
67
-124
-4
67
-99
68
95
-150
93
130
-127
64
67
-159
74
30
-145
64
-76
18
68
-114
126
-4
-100
188
-6
-148
104
-15
-94
78
-26
-162
49
137
-120
-23
100
-1
31
95
-25
-72
107
25
-86
-43
-18
0
-20
-24
-5
-32
33
102
-65
-21
96
-16
-9
28
-61
-29
84
-61
-48
32
-38
44
21
-19
0
2
40
23
-47
-14
23
-30
53
0
-98
50
73
-42
-26
14
-43
57
34
-90
-2
41
19
17
-35
-27
64
0
-8
0
-75
32
32
-37
-38
-14
34
12
2
-6
22
17
5
61
-39
-75
93
-9
-87
38
-14
-37
13
48
-33
-71
102
36
-77
49
47
-41
20
40
-29
-59
9
24
-83
-27
41
-27
-13
41
18
-2
22
57
-5
-43
33
19
-44
-37
21
0
-73
48
48
-113
39
102
-100
2
135
-89
-49
150
-60
-64
73
-28
-15
14
-4
-10
-28
29
35
-86
0
84
-57
-13
52
-24
-13
37
11
-34
-11
35
7
-63
20
47
-80
5
74
-61
-23
73
-23
-27
42
5
-11
-20
24
28
-71
21
46
-75
24
50
-68
5
50
-30
-9
50
-17
-17
51
-25
-28
23
-23
-7
4
-12
16
-24
9
42
-62
25
50
-74
26
54
-67
9
60
-54
-6
37
-30
-15
8
-4
-13
0
10
14
-11
29
15
-16
23
-4
-8
-9
-2
-12
-19
15
-19
-17
35
-14
-11
51
-29
13
32
-36
28
2
-24
14
-13
-18
7
-8
-2
-5
10
20
-11
12
22
-6
-11
23
-10
-42
25
-13
-40
20
9
-24
19
29
-7
9
20
-2
-6
-5
-5
-14
-31
7
-1
-27
35
-2
-2
32
-10
19
11
-13
12
-2
-16
1
-1
-6
-8
6
1
-15
21
-9
-3
14
-11
9
0
-3
9
2
-2
8
-11
-4
9
-9
-7
6
-8
-15
14
-6
-5
6
2
4
-4
14
5
-7
12
0
-9
4
-3
0
0
-5
9
-4
0
7
-8
-2
-2
-5
-3
0
0
0
5
3
5
6
0
0
-1
-9
-2
-2
-6
4
6
2
2
6
0
-4
-1
-5
-6
-5
-3
0
1
5
9
7
6
1
1
1
-5
-1
-1
-6
-1
-1
-3
0
3
-3
-2
4
-2
-1
1
0
3
2
1
1
1
0
-1
-3
-1
-1
-1
1
-1
0
0
0
0
0
2
-1
0
1
0
3
2
0
0
1
-2
-4
0
-2
0
2
-2
1
3
0
3
-1
0
2
-1
-1
0
-2
0
0
2
0
1
0
-2
0
0
0
-1
1
1
-1
0
0
-1
0
0
-1
0
2
2
-1
0
1
-3
-2
0
-1
-1
-2
0
0
1
2
1
2
2
1
-1
-1
0
-1
-1
0
2
0
0
0
0
0
0
-1
0
-1
-2
-1
0
1
0
1
1
1
-1
-1
0
0
0
-2
-1
0
-1
0
0
0
1
0
1
0
1
0
0
0
0
-1
-1
0
0
0
0
1
1
1
0
0
1
-1
-2
0
0
-2
-2
0
0
1
0
0
-1
0
-2
0
2
0
0
1
1
0
0
2
1
0
0
0
0
2
2
2
0
-1
-1
0
-1
-1
0
0
-1
0
0
0
-2
-2
0
0
-1
0
0
-1
-1
1
0
0
0
0
0
0
0
0
0
0
0
0
0
0
3
2
0
0
0
0
0
0
0
-1
0
0
-1
0
-1
0
0
0
1
-1
0
0
0
0
-1
1
0
0
0
-1
0
-2
0
0
0
1
1
1
0
1
0
0
0
-1
0
0
0
0
1
0
1
2
0
0
0
1
0
-1
2
0
0
0
-2
-2
-2
0
-2
-1
-1
0
2
0
1
0
0
2
1
0
1
0
0
-1
0
0
1
0
0
2
0
0
0
0
0
0
0
0
0
0
0
0
0
0
0
-1
0
0
0
0
-1
0
0
0
0
0
0
0
0
0
1
0
2
0
0
0
-1
0
1
0
-1
-1
0
0
1
-1
0
2
1
1
0
-2
-2
-1
0
1
1
0
0
0
0
0
2
0
-1
-2
-1
-1
0
-1
-2
0
1
1
0
-1
0
0
-1
1
0
0
1
0
2
3
0
0
0
1
0
0
0
0
-1
-1
0
1
-1
0
-1
0
-1
-2
-1
0
-1
-1
0
-1
0
0
0
0
0
1
1
1
0
0
-2
-1
0
2
0
1
0
0
-1
0
0
0
-1
-3
-1
1
0
1
2
2
1
0
1
1
1
0
-2
0
0
-2
-1
1
1
0
0
0
0
0
0
0
0
0
-1
0
-1
-1
0
-1
1
1
0
0
0
0
0
1
0
0
0
0
1
0
-1
0
0
0
0
0
1
2
-1
0
0
1
1
0
2
0
-3
0
0
0
1
1
1
0
-1
-1
-1
-1
-1
0
0
-1
-1
0
0
0
0
0
1
0
-1
0
1
-1
0
0
0
0
0
1
0
0
2
0
1
0
-1
-1
-1
-1
0
2
2
1
1
0
0
0
0
0
0
0
-1
-2
-3
-2
-1
0
0
0
1
0
0
1
0
1
0
0
1
0
1
0
0
1
0
-1
-2
2
0
-3
0
0
-2
0
0
-1
-2
2
1
0
1
0
2
-1
0
4
2
-2
0
-1
-4
0
2
-4
-6
3
2
-2
5
6
-1
0
6
0
-8
-1
0
-7
-2
12
4
0
9
8
0
0
0
-5
-15
-14
-3
-10
-14
15
9
-2
37
41
-8
21
61
-20
-30
35
-39
-98
-25
-33
-149
-13
62
-105
65
216
23
42
268
88
-110
92
69
-228
-130
39
-204
-163
-3
-58
-118
12
86
-127
95
157
-58
56
194
62
-68
176
98
-78
47
69
-4
-80
3
-11
-63
-118
-33
-9
-151
-25
0
-68
-54
54
-19
-36
122
-5
42
78
65
28
22
35
-33
-27
-65
-12
-102
-30
40
-67
13
60
35
0
1
55
13
4
4
29
162
-4
25
9
255
-62
-603
364
-83
-882
-90
209
-622
-221
633
149
142
895
591
210
757
39
-36
97
-593
-468
-435
-556
-944
-418
-254
-678
-216
263
600
237
899
1583
928
705
943
844
-379
-421
-216
-869
-926
-831
-516
-338
-856
-669
299
-968
-1196
93
-542
-707
150
956
1043
1024
1917
2019
1568
1156
1281
638
-467
-153
-691
-1284
-803
-1149
-1442
-659
-699
-639
-644
-383
108
-776
-589
247
-433
-883
553
838
755
1773
2356
2650
2617
2480
2239
1570
304
-226
-738
-1723
-1721
-2033
-2318
-1978
-1863
-1791
-1365
-869
-768
-399
46
875
841
159
1211
1341
-340
-247
1524
-569
-1174
1301
1664
727
1023
3858
2456
755
2005
1871
-921
-2003
-480
-2465
-3506
-1889
-2038
-3034
-1618
-592
-1449
-1022
328
227
-792
985
1484
364
683
927
956
-763
-278
275
-1002
-754
586
2263
898
2437
4562
2668
1662
2423
1301
-1604
-1780
-1471
-3152
-3577
-1626
-2597
-3066
-755
-1189
-1501
-358
858
-348
-256
2327
1040
-215
1081
1097
-906
-863
722
-136
-764
2088
3115
1559
3546
4347
1987
1166
1362
-418
-2988
-2436
-2673
-4748
-3603
-2345
-3417
-2504
-758
-756
-830
577
1264
-264
1354
1764
-275
158
383
-549
-733
271
158
676
2692
3255
3011
4585
4484
2501
2409
1121
-793
-2475
-3109
-3585
-5103
-4134
-3415
-3664
-2495
-1323
-433
-421
803
1577
432
1682
1598
-45
114
231
-918
-934
387
1
452
3333
3620
2765
4890
4544
1709
1477
1068
-1700
-3474
-2819
-3638
-5121
-3553
-3143
-3792
-2521
-1488
-978
-956
651
1340
476
1825
1706
874
236
-9
324
-432
-222
943
1875
3388
3928
4158
4892
4192
2494
752
8
-1885
-4433
-4132
-4324
-5207
-4260
-3774
-3001
-2286
-1747
-280
-276
604
1629
1301
1520
1605
1626
28
74
1029
-137
584
1917
2592
4199
4585
4796
5327
4248
2240
997
-198
-2608
-4260
-4404
-5034
-5160
-4696
-4519
-3280
-2770
-2217
-462
-320
725
1963
1509
1929
2428
1448
193
992
725
-413
1018
1666
2087
4516
4350
3800
5393
4340
1716
832
12
-2514
-4582
-4279
-4928
-5822
-4852
-4012
-3566
-3237
-1387
-145
-962
1294
2218
798
1480
2274
1055
-542
716
339
-465
1060
1532
1725
3618
5501
3563
3991
5772
2662
432
857
-602
-4234
-4338
-3809
-5906
-5798
-3743
-4094
-3985
-1488
-684
-711
323
2721
1602
734
3378
2660
93
874
2437
-363
-170
2773
1705
1196
4898
6202
2756
4913
6036
2150
805
1017
-1314
-4637
-4176
-4789
-6495
-5813
-4819
-5256
-4241
-2376
-2167
-1706
28
1589
270
970
3118
1462
85
1881
1807
-564
1669
3030
1301
2384
5954
4894
2279
5688
4634
723
506
755
-2703
-4944
-3473
-5118
-6339
-4683
-4002
-5088
-3250
-1092
-1781
-1219
1136
1768
-422
1517
2870
204
25
1474
823
-485
1812
2357
1669
2877
5131
5214
2742
4817
4651
1007
87
726
-2649
-5299
-3369
-5288
-6805
-4562
-3530
-5187
-2863
-20
-1377
-609
2205
3227
18
2089
4432
676
-95
1808
1285
-1507
986
2623
881
2028
4700
5503
2750
4508
5127
1374
273
444
-1961
-5178
-4111
-4816
-6846
-5536
-3874
-5024
-4261
-574
-1209
-1321
1378
2860
920
1299
3891
1788
245
1506
1592
-763
129
2360
1102
1239
3501
4876
3650
3535
4919
3054
1081
859
-581
-2987
-4076
-4331
-5446
-5850
-4520
-4428
-4937
-2565
-1347
-2263
-348
1247
1073
805
2050
2800
1193
1102
2048
1319
143
1335
2372
1748
2355
3484
4569
4098
2979
3868
2882
536
-205
-1014
-2889
-4310
-4364
-5150
-5630
-4474
-4151
-4331
-2414
-1173
-1357
0
1245
1711
1143
1956
2572
1369
1289
1342
1024
493
1164
1750
1627
2622
3187
3531
4451
3676
2838
3396
1788
-174
-724
-1989
-3657
-4757
-4930
-5477
-5126
-4341
-4741
-3127
-1810
-1752
-304
498
1510
1456
1606
2795
2205
1725
1615
1894
978
818
1954
1571
2057
3110
3395
4002
4679
3408
3200
3125
711
-503
-1461
-2902
-4748
-5248
-5384
-6159
-5107
-4937
-4579
-2935
-2222
-1450
-481
616
1413
1382
2204
2636
2062
1955
1809
1559
955
1131
1672
1656
2182
2893
3438
3897
3925
2887
2988
1931
62
-698
-2118
-3064
-4310
-4648
-4915
-4803
-3865
-4185
-3186
-1844
-1668
-876
197
719
1224
1748
2195
2595
2357
2261
2266
1654
1149
1433
1148
879
1556
2355
1947
2502
3994
2076
1789
2050
462
-1261
-2041
-2360
-4390
-4617
-4373
-4606
-4506
-3720
-2876
-2851
-1804
-748
-320
-59
1217
1936
1994
2522
2840
2665
2118
2153
1465
1130
1051
817
1230
1721
2160
2067
3398
3136
1606
2235
1617
-501
-1555
-1725
-3418
-4847
-4508
-4566
-5116
-4493
-3391
-3250
-2293
-1164
-246
354
1190
1938
2369
2998
2758
2829
2693
1946
1256
1026
652
-157
242
1036
1077
1403
2419
3592
2700
1831
2949
1510
-659
-703
-1645
-3571
-4512
-4052
-4652
-5274
-3885
-3401
-3471
-2218
-923
-321
-138
1321
1924
1730
2942
2898
2517
2438
2229
1532
793
734
296
439
1070
1224
1893
2416
3129
3263
2128
2558
1912
143
-460
-1362
-2808
-4067
-4147
-4493
-5345
-4319
-3447
-3927
-2603
-945
-512
-110
1587
2548
1441
3234
3985
2149
2376
2715
1487
-102
105
-263
-1271
-565
-13
671
1175
1891
3631
3152
2143
3058
2448
272
-584
-938
-2797
-3995
-3769
-4469
-4577
-3712
-3635
-2965
-1649
-920
-293
697
2067
1722
1747
3474
3505
1828
2227
3165
1353
84
744
-71
-1148
-635
245
116
401
1943
2383
2370
1857
2369
1733
157
-275
-1487
-2575
-3415
-3812
-4358
-4269
-3593
-3657
-3114
-1781
-1274
-1019
379
1386
1347
1533
2878
3293
2264
2200
2784
1764
429
641
67
-1099
-933
-284
-201
-27
1149
1417
2391
2121
1566
2246
1310
170
-672
-973
-2627
-3442
-3287
-4127
-4014
-3688
-3447
-2960
-1714
-1202
-457
856
1600
1729
2052
3022
2703
2292
2207
1745
1195
488
91
-450
-565
-605
-350
283
565
1125
1310
2258
2052
1089
1521
1433
-94
-1000
-642
-2075
-3341
-3124
-3361
-3929
-3515
-2949
-2851
-1730
-1011
-250
685
1360
1896
1828
2567
2540
2114
2117
1894
1197
701
604
-301
-738
-631
-525
-435
-261
408
527
917
1963
1278
610
1606
1019
-852
-883
-637
-2405
-3560
-2786
-2945
-3863
-3186
-2345
-2224
-1735
-614
453
367
1672
2256
1878
3187
2823
2552
3092
2193
1319
1557
1154
-523
-430
-59
-842
-473
110
216
394
1189
2149
1163
960
2318
1279
-618
-285
-339
-2646
-3318
-2419
-3688
-4193
-2581
-2909
-2628
-1371
-949
-202
237
1444
1105
1410
3104
1900
1793
3037
2583
975
1573
1969
-547
-554
73
-1240
-1976
-711
-332
-1209
50
1375
1641
819
2070
2842
684
280
799
-691
-2833
-2107
-2125
-4168
-3154
-1849
-3102
-2596
-728
-1119
-1119
206
893
461
1029
2418
2070
1776
2494
2880
1781
1242
1766
720
-366
-419
-489
-1430
-1379
-467
-610
-342
693
1954
1415
1562
2797
1939
553
689
149
-2008
-2033
-2254
-3381
-2985
-2390
-2832
-2477
-854
-1163
-1109
228
1038
584
575
2526
2195
1293
2269
2700
1949
1590
1901
1030
379
332
-552
-1224
-1411
-1352
-1392
-1300
-559
-86
739
1582
1096
1392
2286
1056
-145
311
-657
-1958
-2175
-2169
-2641
-2452
-2023
-2298
-1019
-781
-860
287
661
968
735
1514
2043
1687
1785
1770
2199
1923
1602
1247
748
812
-272
-1091
-1096
-1267
-2095
-1686
-653
-1210
-589
931
1367
588
1374
2425
1096
343
716
-66
-1674
-1714
-1650
-2683
-2575
-1969
-2097
-1819
-1146
-1020
-489
98
286
288
959
1806
1407
1578
2357
2317
1827
2533
2273
595
1064
1015
-1069
-1589
-689
-1938
-2866
-906
-803
-1752
-74
1715
735
374
2247
2092
213
312
1069
-911
-1992
-873
-1788
-2764
-1749
-1466
-2006
-998
-654
-800
75
435
513
299
1405
1575
877
1999
2120
1512
1972
2395
1369
472
1197
287
-1471
-1359
-997
-2523
-2731
-727
-1422
-1534
521
1520
1106
1180
2664
2414
812
698
1047
-679
-1705
-1261
-1779
-2471
-2068
-1607
-1777
-1159
-906
-474
3
144
688
581
1254
1444
1164
1837
1760
1538
1547
1676
1302
755
704
-29
-328
-1047
-1674
-1927
-2317
-2323
-1975
-1456
-997
-88
815
1654
1543
2059
2628
1688
1073
960
5
-1199
-1273
-1808
-2581
-2099
-1912
-2332
-1565
-822
-970
-334
385
741
618
994
1838
1489
1304
1872
1956
1235
1403
1677
822
547
508
-105
-818
-1117
-1489
-2185
-2277
-2153
-1765
-1340
-751
-75
1162
1825
1343
2320
2664
1531
886
889
156
-1420
-1310
-1432
-2330
-1954
-1654
-2031
-1399
-914
-911
-321
186
810
365
1169
1979
1015
1463
1966
1468
1143
1668
1307
564
1065
540
65
-224
-853
-1096
-1655
-2208
-2129
-2154
-2261
-1293
-654
-488
461
1858
2141
1918
2781
2674
2004
1375
672
247
-991
-1698
-1780
-2194
-2392
-1895
-2001
-1591
-806
-956
-201
74
223
613
607
1335
1277
1138
1661
1754
1298
1419
1704
957
849
732
289
-138
-911
-1202
-1710
-2478
-2470
-2485
-2574
-1797
-745
-477
269
1903
2568
2302
2861
3483
2492
1579
1414
513
-904
-1487
-1775
-2644
-2812
-2069
-2439
-2281
-848
-1128
-821
316
235
574
759
1279
1518
1183
1631
1819
1420
1464
1644
1146
845
893
795
41
-328
-259
-1359
-1898
-1934
-2648
-3064
-2422
-2131
-2250
-672
359
279
1492
2678
2775
2432
2824
3211
1771
943
1114
-297
-1497
-1626
-2148
-2864
-2476
-2255
-2557
-1455
-1089
-1165
-77
354
468
648
1326
1654
1296
1650
1848
1478
1234
1336
1105
506
603
493
-72
-393
-349
-883
-1823
-1509
-1745
-2533
-2033
-1320
-1448
-822
642
857
1277
2117
2508
2867
2131
2171
2362
941
85
-5
-1106
-2318
-2290
-2710
-2980
-2426
-2134
-1891
-864
-482
-390
702
730
783
1203
1225
1585
1194
1323
1474
1032
1049
966
909
469
565
439
-341
76
-498
-1287
-1190
-1493
-1915
-1945
-1636
-1510
-1240
-728
7
614
1097
1479
1925
2477
2511
2066
2074
2201
891
-63
436
-1039
-2182
-1854
-2514
-2900
-2398
-2109
-2301
-1331
-973
-841
243
241
967
1284
1409
2080
2016
1882
1917
1916
1253
1116
867
104
130
-314
-760
-744
-1082
-976
-1470
-1600
-1186
-1570
-1684
-1076
-1062
-1244
-313
78
110
1100
1754
1419
1902
3238
2046
1463
2609
1547
85
-13
-79
-1859
-2248
-2168
-2970
-2788
-2432
-2240
-2096
-872
-673
-219
837
695
1619
1430
1801
2344
1766
1805
1829
1605
954
939
470
-182
-186
-547
-943
-1132
-824
-1377
-1592
-854
-867
-1357
-924
-172
-861
-715
236
-180
-198
678
547
671
1545
1466
1035
2012
2248
871
1482
1550
61
-325
-302
-1402
-2266
-2027
-2543
-2742
-2176
-1761
-1867
-896
-144
-294
989
936
1198
1771
1418
2002
1632
1441
1424
1134
631
300
333
-451
-575
-688
-937
-1029
-1234
-805
-1079
-948
-616
-550
-272
-149
207
273
461
725
598
589
806
635
129
439
117
-607
-480
-709
-1086
-1200
-866
-841
-384
282
457
903
1829
2023
1272
2177
2007
722
618
362
-751
-1376
-1530
-2023
-2167
-1992
-1787
-1832
-1001
-807
-454
271
136
1116
710
1129
1679
1010
1569
1282
1160
1024
695
476
105
23
-383
-352
-656
-834
-662
-984
-889
-736
-802
-633
-272
-368
-25
233
135
361
451
527
252
319
502
7
182
86
-38
0
-258
-56
-194
-268
-240
-136
-160
-207
54
-28
66
152
133
393
270
20
424
91
-504
10
-341
-988
-356
-541
-431
51
286
765
918
1898
1202
1277
1976
508
430
-31
-714
-1139
-1932
-1782
-1785
-2125
-1475
-1184
-1244
-232
-185
117
701
842
1068
978
1519
1292
1126
1293
952
920
480
424
146
-283
-330
-472
-719
-928
-576
-915
-942
-471
-608
-454
-172
-35
52
296
513
398
485
669
420
217
477
134
-142
123
-139
-340
-150
-182
-365
-109
-182
-179
-70
-47
38
14
186
183
156
242
336
127
314
281
52
157
31
-93
-152
-180
-231
-252
-297
-170
-259
-194
-89
-198
-42
20
31
40
160
133
109
214
130
101
142
18
-22
25
-95
-67
-70
-86
0
-9
31
82
13
43
268
-237
22
143
-435
-262
-246
-420
-473
-309
-283
84
40
484
554
971
1105
643
1462
634
627
409
-324
-35
-1052
-1133
-888
-1584
-1210
-1065
-1137
-474
-590
-98
207
231
690
622
882
958
808
962
727
691
512
244
154
-10
-250
-387
-302
-594
-474
-545
-477
-395
-389
-228
-122
-58
47
204
66
341
219
146
310
110
118
89
52
-108
-18
-84
-228
-98
-213
-142
-182
-173
-60
-77
-9
0
146
124
133
237
230
182
242
242
102
174
80
-8
-25
-121
-105
-162
-229
-140
-213
-206
-97
-226
-72
-65
-82
0
62
43
68
178
92
175
83
161
101
18
94
-10
9
-74
-34
5
-104
-35
-3
-41
-8
-35
35
64
-1
9
81
129
-243
92
-78
-333
-241
-256
-444
-409
-227
-288
74
78
428
891
714
951
1287
977
573
759
0
-394
-525
-1310
-923
-1528
-1094
-1163
-970
-404
-795
298
-198
421
724
188
1292
553
780
1020
456
691
327
131
180
-376
-100
-389
-483
-345
-458
-327
-435
-252
-141
-235
68
14
120
221
164
305
55
290
109
24
93
-64
-70
-70
-207
-132
-233
-190
-178
-199
-135
-138
52
-23
92
197
213
236
276
244
263
262
185
164
128
-8
28
-96
-137
-190
-169
-198
-253
-133
-179
-86
-103
-100
33
-45
-7
110
38
118
128
136
158
54
94
43
-11
-61
-16
-77
-112
-22
-100
-41
-40
5
39
-1
73
53
74
60
45
88
18
28
26
-22
-20
-84
-47
-94
-119
-64
-76
-44
-42
-22
21
-7
32
44
31
72
41
76
8
7
59
-9
6
39
15
38
-5
19
-18
-23
0
-40
1
-15
-6
15
-34
-15
-8
-25
-17
-23
-8
-22
-3
-14
4
-1
19
11
28
10
18
24
-1
-2
0
-14
0
-4
-8
-8
-14
1
-19
-7
3
10
11
22
0
14
16
-9
-8
4
0
7
13
8
14
14
2
8
-5
-19
-4
-21
-39
-11
-33
-14
6
-12
18
35
9
40
13
21
13
3
-1
-21
0
-36
-12
5
-37
16
-3
-7
10
-31
6
-18
-17
4
4
19
19
21
30
3
11
2
-3
-13
-9
-5
-14
4
15
4
28
13
3
22
-3
0
-9
-11
-11
-13
-8
-12
-8
-19
-9
-13
-20
-1
-15
-4
-10
-1
2
4
9
13
12
12
11
4
-3
1
-9
9
-6
11
7
8
13
-4
4
1
-7
6
-6
4
10
5
13
0
4
0
-9
3
-17
-5
-7
-9
4
-10
10
3
1
10
-10
2
-4
-8
-5
-3
0
4
12
7
12
7
1
5
-4
0
-4
0
-1
0
-2
-2
-6
-4
-12
-5
-11
-6
2
-1
11
8
11
6
0
-3
-6
-6
-6
-7
4
-3
2
1
2
-1
-2
-3
-2
0
0
3
2
4
3
1
3
-2
1
-6
-5
-6
-2
0
0
9
4
9
6
4
8
0
0
-3
-7
-4
-6
1
0
4
5
4
4
2
0
-1
-1
-1
-1
1
0
-3
0
0
-3
-4
-5
-3
0
-2
0
-1
0
-3
0
-3
-6
-5
-1
-2
1
3
3
5
8
6
6
4
3
-2
-3
-4
-5
-3
0
0
0
1
5
3
2
3
1
1
-3
1
-1
0
-1
0
0
0
0
2
-6
-2
-3
-2
0
0
-2
-6
-3
0
-1
0
-1
3
2
5
5
5
3
0
2
-2
1
1
-1
3
0
4
5
-1
3
-4
-2
-2
-4
-3
-5
0
0
0
3
3
0
1
3
-1
-1
1
-1
-1
-2
-2
0
-1
2
0
-3
1
0
0
0
1
1
-1
0
1
-2
3
0
-1
0
1
0
0
1
3
-1
0
-2
0
-1
0
-2
1
1
-1
2
0
2
2
1
1
-3
2
-1
0
-4
0
-1
-3
1
0
1
2
0
1
1
2
-1
-1
-1
-9
-7
-9
-20
-16
-18
-4
-7
5
24
15
33
41
31
25
12
-1
-38
-38
-16
-28
-26
-19
-12
-14
-14
1
-4
-9
0
17
14
23
35
40
35
25
27
10
-7
-17
-32
-42
-43
-57
-49
-55
-39
-48
-15
-14
-10
24
60
43
95
143
138
74
214
108
-54
51
-134
-249
-392
-276
-574
-534
-287
-224
-97
463
930
729
1397
1384
1155
817
503
84
-884
-1035
-1202
-1705
-1476
-1174
-1097
-657
-363
89
207
385
916
587
868
998
662
642
430
301
-28
-155
-100
-372
-236
-201
-17
-71
-100
170
0
-67
13
366
-187
-41
290
-370
-392
-100
-673
-969
-429
-419
-707
296
1268
610
1543
2253
1457
1268
998
250
-957
-1714
-1402
-2422
-2459
-1387
-1725
-957
-393
499
859
355
2277
945
985
1920
602
749
311
338
-273
-600
-43
-912
-609
-517
-411
-131
-331
261
148
478
43
196
106
-548
-698
-691
-1254
-966
-536
-782
454
1602
1363
2128
2412
2344
1078
1146
175
-1434
-1545
-2659
-2101
-2589
-1931
-1289
-1204
25
107
1002
802
1492
1434
740
2046
832
949
753
160
178
-415
-288
-689
-635
-354
-855
-476
-763
-884
-1129
-897
-838
-581
120
478
1634
2555
2729
3015
3132
2267
1182
645
-1063
-2182
-2945
-3669
-3603
-3497
-2631
-2217
-938
-250
647
1725
1265
2608
1887
1701
2247
1113
1220
178
62
-88
-1131
-890
-1271
-1880
-1900
-1381
-1037
-1064
656
974
2019
3597
3586
3954
3242
2771
1071
-173
-1203
-3410
-3559
-4559
-4363
-3521
-3366
-2033
-1309
-449
477
1339
1420
2180
2562
2067
2726
1982
1695
1041
-71
-551
-1911
-2110
-2418
-2282
-1673
-761
238
2011
3105
3545
4337
3404
2776
1535
127
-1316
-2679
-3373
-3832
-3787
-3186
-2716
-2087
-1052
-581
518
748
1244
2014
1184
1738
2031
834
235
-36
-1483
-2095
-1838
-2139
-1566
-505
160
1992
3348
3946
4480
4310
3548
1937
1031
-618
-2531
-3002
-4256
-3944
-3660
-3467
-2424
-1858
-748
-243
963
984
1376
1461
1079
1567
479
27
-484
-1535
-1561
-1870
-1384
-880
224
1386
2916
4989
4818
5612
5091
3733
2235
544
-1055
-3376
-4263
-4881
-5200
-4554
-3614
-3059
-1946
-822
-4
895
996
1852
1460
1328
1849
1061
247
208
-714
-1479
-1373
-1348
-918
-195
1003
1975
3788
4594
4986
5283
4209
3392
1638
438
-1439
-3547
-4011
-5174
-5393
-4963
-4176
-3489
-2784
-1205
-193
348
1097
1724
1465
1645
1765
794
405
-557
-1151
-1184
-1839
-975
-91
517
1525
3946
4792
4584
5560
4642
2942
1969
511
-1663
-3570
-4548
-4809
-5701
-4921
-3636
-3555
-2053
-696
604
984
1302
2403
1307
1277
1278
0
-751
-1459
-1232
-1668
-1528
340
972
1681
3116
5670
5480
5032
5996
4239
2105
1103
-107
-2884
-4306
-4487
-5152
-5556
-4214
-3293
-3100
-1644
-238
437
816
1003
1699
768
473
698
-688
-1356
-1353
-922
-1589
-571
1305
1467
2541
4352
5850
4761
5204
5018
2468
1200
4
-1540
-4266
-4545
-4613
-5680
-4868
-3370
-3082
-2472
-370
219
571
1114
1591
1476
472
987
330
-948
-1332
-1158
-1347
-1780
236
1122
1494
3391
5002
5825
5397
6014
4888
2456
1562
-6
-2714
-4271
-4936
-5699
-6143
-5247
-3987
-3871
-2220
-524
27
664
1199
2047
899
675
1093
-641
-1147
-858
-1197
-1570
-103
1431
1887
3454
5012
5809
5779
5746
5059
3092
1453
311
-1785
-4022
-4515
-5109
-5784
-4996
-3482
-3234
-2075
32
483
923
1576
1950
966
304
685
-944
-1691
-1242
-1356
-1519
-513
1301
2062
2993
4595
5579
5698
5342
4746
3239
1028
-133
-1781
-4295
-4926
-5614
-6251
-5644
-4248
-3248
-2688
-875
336
644
961
1645
1326
20
313
-355
-1940
-1387
-829
-1556
-599
1441
2174
3087
4999
5985
5967
6332
5724
4423
2678
1200
-125
-2943
-4180
-4882
-6154
-5859
-4764
-4019
-3380
-1288
-314
316
1334
1488
1959
711
561
661
-1473
-1153
-737
-1927
-1190
444
1241
1957
3816
4981
5130
6008
5316
4211
2566
706
-183
-3242
-4522
-5088
-6765
-6281
-5153
-4504
-3766
-1716
-567
63
1102
1273
1694
395
174
323
-1868
-1568
-891
-1870
-946
863
1801
2638
4377
5633
5576
6005
5544
3990
2254
651
-558
-3272
-4537
-5096
-6512
-6279
-5066
-4147
-3666
-1528
-333
260
1266
1567
1900
569
632
360
-1577
-992
-776
-1388
-448
1115
2125
2829
4358
5412
5317
5783
5151
3874
2101
690
-194
-2960
-4031
-4717
-5956
-5608
-4642
-3727
-3422
-1562
-192
-49
868
1507
1372
310
586
184
-1264
-609
-417
-839
200
1772
2879
3541
5226
6124
5590
6166
5458
3546
1949
490
-1192
-3740
-4508
-5518
-6382
-5911
-5038
-3937
-3308
-1554
-297
159
777
1486
1279
213
526
-174
-1302
-890
-583
-1029
116
1497
2400
3552
4449
5623
5437
5584
4968
3192
1815
113
-1213
-3743
-4568
-5285
-6624
-5664
-4695
-3943
-2947
-1101
-186
252
1069
1144
973
76
33
-478
-1527
-1265
-904
-930
-142
1776
2818
3622
5010
6021
5942
5945
5572
3951
2213
794
-792
-3075
-4155
-5054
-5993
-5647
-4844
-4054
-3259
-1978
-958
-554
-10
593
337
-394
-33
-471
-1182
-686
-112
-294
700
2408
3321
4055
5205
5772
5482
5668
4854
3348
1777
115
-1020
-3410
-4544
-5123
-6267
-5928
-4773
-4007
-3385
-1546
-699
-221
416
996
770
-112
371
-430
-1351
-706
-575
-845
215
1750
2589
3522
4492
5307
5074
5465
4862
3165
1844
224
-1016
-3548
-4532
-5376
-6570
-5903
-5012
-4254
-3203
-1225
-497
311
1260
1270
1462
456
559
-317
-1218
-699
-921
-926
71
1507
2615
3660
4693
5457
5593
5659
5234
3466
1860
432
-1046
-3349
-4599
-5480
-6470
-6071
-5090
-4336
-3537
-1719
-770
-72
595
941
959
-26
234
-315
-1483
-990
-520
-955
-21
1781
2765
3786
5061
5767
5750
6160
5566
3906
2281
671
-735
-3003
-4389
-5326
-6286
-6290
-5163
-4380
-3969
-2023
-976
-774
192
823
447
-7
166
-571
-1431
-1034
-836
-1235
-129
1273
2369
3669
4633
5519
5919
6295
5514
4377
2764
1029
85
-2493
-3666
-4415
-5562
-5380
-4615
-3996
-3330
-1675
-1084
-442
357
506
591
-146
-151
-608
-1533
-1126
-634
-964
75
1618
2773
4003
4994
5839
5984
6422
5854
4435
2788
1286
234
-2530
-3637
-4469
-5955
-5508
-4877
-4451
-3847
-2354
-1556
-1044
-221
110
-56
-248
142
-532
-923
-404
-239
-470
526
1793
2563
3839
4401
5044
5496
5634
4944
3766
2164
693
-380
-2991
-4045
-4983
-6341
-5979
-5169
-4781
-4118
-2485
-1910
-1189
-372
117
247
-140
316
-66
-478
-32
239
-86
731
2195
2870
3639
4462
5247
5338
5513
5171
3562
1975
1058
-459
-2862
-3504
-4627
-5631
-5240
-4507
-3959
-3430
-1892
-1324
-800
-110
332
30
-390
175
-762
-1012
-370
-306
-488
510
1755
2531
3493
4079
4844
4910
4971
4398
3038
1663
686
-817
-3142
-3502
-4670
-5508
-4906
-4352
-3728
-3235
-1614
-1339
-914
-27
-50
-122
-178
16
-916
-924
-190
-443
-78
1002
2130
2926
3672
4547
5012
5008
4953
3988
2354
1178
176
-1670
-3425
-3934
-4945
-5328
-4625
-3964
-3553
-2722
-1391
-1048
-396
248
278
13
126
212
-564
-411
-67
55
160
1186
2468
3357
4053
4701
5182
5302
5239
4196
2688
1613
659
-1414
-2867
-3648
-4984
-5387
-4807
-4306
-4042
-2921
-1766
-1468
-606
99
208
62
505
99
-635
-197
62
-259
-29
1156
2074
3037
3958
4585
4915
5286
5158
3890
2469
1561
190
-2044
-3243
-4016
-5343
-5322
-4655
-4273
-3761
-2456
-1510
-1288
-497
-12
-136
-636
42
-490
-1524
-649
-571
-1005
-221
971
1996
2834
3770
4547
4973
5273
5288
4115
2638
1872
580
-1667
-2568
-3428
-4836
-4529
-3607
-3514
-3000
-1978
-1338
-1091
-487
-352
-439
-674
-247
-1033
-1757
-829
-972
-1075
-3
1169
2582
3731
4687
5641
5970
6267
5804
4243
2661
1604
-23
-2597
-3681
-4797
-6172
-5696
-4787
-4726
-4016
-2273
-1673
-1149
-66
-128
216
188
81
-432
-878
-544
-488
-437
74
1361
2364
3318
4178
4762
5195
5172
4916
3443
2120
1513
-360
-2289
-3247
-4191
-4969
-4540
-3726
-3342
-2599
-1277
-735
-513
145
-26
-198
-228
-318
-995
-1236
-595
-536
-384
716
1871
2865
3570
4464
4614
4877
5165
4191
2681
1717
888
-1180
-2466
-2991
-4338
-4698
-4086
-3752
-3392
-2461
-1631
-1207
-559
-95
32
-147
36
-51
-835
-618
-424
-532
-224
424
1628
2551
3089
3837
4121
4449
4562
3682
2149
1490
630
-1410
-2296
-3069
-4269
-4295
-3756
-3384
-2941
-2019
-1176
-1092
-337
180
-32
-79
247
-557
-1077
-412
-707
-1126
-126
531
1701
2907
3532
4103
4755
5232
4710
3750
2491
1646
583
-1655
-2391
-3302
-4739
-4104
-3688
-3557
-2429
-1880
-1054
-609
-280
103
-35
-346
-382
-1116
-1615
-1239
-1418
-1490
-541
571
1435
2471
3268
3822
4469
4823
4154
2860
1948
1472
-450
-1884
-2563
-3959
-4143
-3800
-3518
-2929
-2114
-1179
-851
-525
179
95
75
111
-238
-712
-757
-646
-553
-557
440
1796
2555
3389
4091
4485
5059
5197
4065
2785
2154
1116
-828
-1949
-3182
-4240
-4222
-4097
-3690
-2958
-2428
-1353
-1134
-813
-206
-489
-204
-1
-630
-914
-775
-576
-593
-389
647
2030
2928
3550
4220
4818
5365
5241
4140
3036
2456
1140
-814
-1700
-3099
-4165
-4144
-4152
-3857
-3456
-2781
-1943
-1789
-1124
-560
-588
-365
-119
-794
-797
-133
-409
-391
457
1295
2401
3195
3584
4137
4646
4995
4462
3265
2359
1793
426
-1306
-2211
-3614
-4501
-4272
-4457
-4065
-3434
-2833
-2025
-1775
-1255
-876
-871
-384
-165
-912
-744
-28
-293
-62
769
1570
2797
3699
3912
4370
5173
5310
4638
3510
2453
1693
53
-1514
-2455
-3729
-4139
-4099
-4196
-3611
-2982
-2291
-1686
-1280
-849
-753
-397
-186
-484
-912
-887
-575
-564
-468
135
1213
2374
2992
3492
4126
4669
4814
4061
2864
2213
1476
-148
-1393
-2347
-3324
-3669
-3435
-3222
-3045
-2300
-1469
-1309
-1001
-591
-610
-369
-154
-653
-1134
-834
-655
-943
-878
-176
787
1715
2487
2966
3501
4289
4518
3812
2853
2240
1557
52
-1201
-2193
-3473
-3876
-3737
-3671
-3309
-2717
-1919
-1433
-969
-469
-471
-170
181
-304
-800
-642
-464
-736
-720
50
1152
2142
2887
3425
4114
5035
5333
4507
3384
2728
1892
272
-1244
-2537
-3771
-4172
-4152
-4221
-3750
-2827
-2050
-1642
-1164
-649
-533
-96
123
-656
-972
-653
-787
-1030
-797
-209
827
2069
2821
3300
3936
4609
4857
4274
3163
2361
1702
347
-1191
-2467
-3630
-4017
-3792
-3785
-3542
-2732
-1944
-1408
-915
-619
-649
-244
194
-415
-950
-646
-484
-682
-613
-148
791
2051
2727
3041
3679
4374
4738
4418
3283
2368
2036
1041
-597
-1892
-2839
-3421
-3413
-3313
-3319
-2690
-1755
-1330
-1060
-694
-415
-235
44
-92
-709
-787
-531
-606
-746
-381
655
1846
2637
3061
3375
4041
4719
4413
3268
2344
1829
888
-469
-1834
-3135
-3803
-3734
-3731
-3715
-3234
-2507
-1753
-1232
-921
-691
-439
210
327
-461
-523
66
40
-171
72
752
1865
2848
3113
3289
3947
4581
4510
3511
2482
2037
1234
-92
-1469
-2982
-3915
-3961
-4108
-4359
-4121
-3481
-2644
-1968
-1564
-1223
-886
-247
193
-427
-903
-333
-152
-579
-573
-174
872
2363
2934
3004
3753
4727
5175
4589
3369
2734
2161
691
-983
-2633
-4113
-4592
-4708
-5035
-4746
-3849
-2953
-2184
-1576
-943
-323
237
701
295
-462
-88
310
-352
-659
-151
767
2107
2863
2959
3537
4357
4767
4395
3150
2245
1807
600
-952
-2251
-3473
-3952
-3791
-3845
-3754
-3114
-2224
-1433
-1059
-945
-714
-155
386
-46
-901
-647
-69
-345
-618
-207
717
1944
2755
2980
3357
4052
4593
4335
3337
2537
1930
909
-362
-1836
-3230
-3722
-3651
-3705
-3634
-3267
-2529
-1606
-1198
-1081
-725
-345
34
-29
-829
-988
-347
-397
-739
-389
459
1695
2694
2936
3264
3971
4514
4461
3361
2131
1747
1031
-396
-1626
-2877
-3785
-3674
-3568
-3670
-3077
-2207
-1606
-1170
-993
-855
-445
-103
-283
-922
-1106
-509
-354
-716
-444
450
1677
2891
3328
3461
4082
4798
4953
4124
2880
2311
1783
503
-883
-2211
-3200
-3321
-3412
-3687
-3438
-2886
-2270
-1806
-1671
-1406
-1091
-748
-406
-864
-1335
-686
-147
-295
-199
451
1667
3013
3651
3739
4016
4739
5148
4237
2788
2148
1670
533
-830
-2197
-3231
-3378
-3309
-3561
-3486
-2843
-2043
-1563
-1471
-1275
-992
-611
-208
-649
-1242
-692
-133
-369
-431
46
1012
2300
3032
3080
3432
4277
4831
4351
2985
2082
1853
985
-479
-1914
-3157
-3522
-3315
-3463
-3567
-3105
-2214
-1497
-1290
-994
-522
-109
349
192
-423
-192
399
193
-243
-99
639
1753
2574
2709
2911
3648
4397
4368
3195
2008
1697
1130
-202
-1605
-2859
-3477
-3408
-3568
-3798
-3500
-2805
-2063
-1710
-1624
-1333
-848
-355
-387
-1050
-1166
-556
-413
-650
-449
293
1552
2771
3234
3491
4096
4812
5101
4261
2904
2262
1687
366
-1266
-2699
-3475
-3691
-3886
-3923
-3719
-3138
-2154
-1646
-1546
-1074
-622
-130
295
-351
-925
-265
10
-491
-595
-188
796
2013
2489
2686
3311
4096
4723
4424
3154
2414
2211
1289
-181
-1708
-2918
-3194
-3189
-3517
-3540
-3070
-2376
-1762
-1522
-1337
-950
-454
-51
-242
-835
-793
-281
-361
-700
-471
301
1375
2111
2281
2645
3358
4082
4188
3192
2231
1969
1368
21
-1499
-2591
-3191
-3499
-3569
-3647
-3360
-2485
-1899
-1601
-1104
-645
-284
-34
70
-140
-543
-375
-74
-389
-485
157
1123
1993
2341
2495
3073
3926
4403
3723
2451
2038
1907
649
-1001
-2003
-2713
-3018
-2971
-3167
-3095
-2296
-1578
-1280
-885
-383
3
160
193
166
-170
-412
-263
-324
-563
-255
514
1399
2111
2368
2651
3275
3870
3668
2572
1777
1678
1051
-457
-1660
-2322
-2832
-2951
-2929
-3015
-2641
-1906
-1564
-1290
-865
-617
-479
-415
-298
-306
-663
-655
-264
-354
-294
434
1301
2220
2722
2831
3306
4030
4212
3286
2164
1899
1429
-44
-1478
-2324
-2889
-3122
-3066
-3100
-2920
-2191
-1664
-1360
-900
-664
-411
-46
81
-8
-318
-252
151
-136
-377
265
1134
1917
2337
2491
2980
3596
3899
3350
2173
1714
1592
428
-1122
-2032
-2672
-3149
-3123
-3141
-3235
-2598
-1894
-1703
-1477
-1253
-909
-453
-397
-522
-779
-772
-139
-107
-495
-46
835
1776
2412
2476
2843
3560
4034
3894
2850
1964
1865
1223
-255
-1401
-2030
-2599
-2842
-2809
-2914
-2616
-1939
-1634
-1434
-1267
-1149
-698
-465
-552
-604
-830
-637
-120
-262
-364
257
1177
2051
2354
2421
2915
3363
3654
3395
2176
1470
1484
628
-830
-1757
-2299
-2730
-2756
-2763
-2984
-2504
-1718
-1534
-1368
-1127
-841
-365
-277
-305
-381
-623
-233
47
-323
-80
680
1416
2076
2293
2530
3025
3458
3685
2989
1870
1656
1441
222
-1112
-1923
-2451
-2675
-2673
-2877
-2787
-1947
-1370
-1316
-1106
-750
-299
5
-128
-248
-366
-427
-138
-207
-505
-165
601
1425
1968
2272
2844
3359
3789
4062
3223
2183
2155
1755
327
-925
-1637
-2198
-2617
-2871
-3127
-3086
-2445
-1921
-1893
-1777
-1293
-729
-510
-587
-584
-540
-339
-28
-169
-336
155
1010
1725
2026
2245
2709
3158
3610
3555
2518
1784
1807
1175
-289
-1411
-1917
-2382
-2774
-2925
-3047
-2717
-1962
-1676
-1641
-1300
-890
-435
-190
-357
-407
-251
-62
61
-114
-152
441
1258
1805
2007
2257
2829
3191
3387
3301
2303
1520
1596
950
-563
-1516
-1946
-2353
-2566
-2732
-2825
-2415
-1780
-1552
-1447
-1182
-802
-375
-336
-478
-441
-430
-343
-219
-344
-324
194
1015
1627
1676
1954
2640
2972
3210
3073
2111
1557
1624
820
-594
-1449
-1828
-2069
-2310
-2552
-2594
-2139
-1467
-1232
-1195
-919
-520
-127
-17
-262
-356
-225
-137
-173
-320
-167
382
1043
1546
1727
2086
2679
2936
3050
2839
1950
1403
1300
486
-790
-1642
-2095
-2448
-2658
-2784
-2868
-2440
-1692
-1437
-1374
-1042
-651
-234
-66
-280
-344
-134
98
115
-92
57
662
1264
1699
1909
2229
2761
3047
3177
2982
2172
1576
1426
798
-486
-1536
-1926
-2259
-2667
-2845
-2917
-2572
-1891
-1615
-1478
-1178
-813
-310
-193
-453
-506
-456
-212
-17
-372
-460
189
934
1358
1470
1808
2426
2730
2914
2861
2191
1688
1594
1060
-7
-968
-1469
-1727
-1955
-2208
-2414
-2113
-1487
-1280
-1319
-1187
-846
-390
-298
-616
-733
-563
-324
-238
-485
-530
45
770
1227
1429
1725
2289
2704
2837
2757
2216
1588
1437
1139
46
-1016
-1371
-1677
-2105
-2336
-2575
-2414
-1774
-1542
-1516
-1210
-787
-220
62
-23
122
216
172
320
158
-166
65
525
814
966
1081
1453
1934
2108
2082
1871
1424
1211
1020
171
-785
-1235
-1609
-1990
-2232
-2475
-2414
-1983
-1688
-1548
-1393
-1110
-578
-278
-349
-359
-252
-33
130
-76
-233
189
748
1087
1329
1496
1940
2465
2486
2312
2164
1795
1370
1067
471
-381
-931
-1268
-1634
-1966
-2171
-2143
-1835
-1514
-1469
-1422
-1044
-517
-426
-679
-512
-248
-272
-199
-148
-47
514
1081
1229
1485
1920
2144
2194
2119
2078
1924
1423
1063
818
139
-578
-948
-1350
-1624
-1708
-1916
-1824
-1540
-1553
-1456
-1117
-909
-900
-885
-674
-461
-495
-454
-206
51
483
897
1115
1516
1889
1914
1898
1983
1967
1720
1340
1033
650
94
-400
-920
-1403
-1547
-1638
-1733
-1587
-1497
-1399
-1001
-808
-927
-834
-662
-669
-692
-652
-540
-305
56
438
754
1161
1711
2002
1965
2059
2244
2161
1958
1742
1334
877
456
-122
-732
-1132
-1413
-1645
-1745
-1731
-1676
-1575
-1460
-1353
-1160
-1014
-1020
-867
-559
-472
-349
120
563
814
1124
1498
1783
1922
2010
2138
2148
1984
1789
1457
953
495
-20
-660
-1082
-1334
-1646
-1767
-1694
-1683
-1636
-1496
-1368
-1192
-1013
-887
-643
-367
-227
-3
363
654
906
1218
1512
1673
1743
1843
1910
1814
1573
1273
970
611
113
-470
-939
-1215
-1484
-1763
-1820
-1750
-1736
-1663
-1534
-1447
-1231
-891
-674
-430
-61
230
528
812
1088
1497
1576
1366
1547
1713
1452
1248
1206
1102
917
646
290
-95
-367
-615
-995
-1241
-1226
-1256
-1413
-1422
-1300
-1307
-1200
-832
-685
-600
-116
292
404
653
1026
1273
1372
1383
1372
1332
1258
1135
907
671
481
219
-137
-500
-770
-968
-1136
-1255
-1378
-1434
-1327
-1216
-1130
-976
-825
-612
-218
144
282
453
832
1129
1198
1177
1131
1165
1208
1032
782
698
629
354
-36
-345
-557
-767
-968
-1076
-1126
-1189
-1114
-953
-945
-894
-705
-541
-260
51
162
306
603
876
1015
1030
1050
1100
1119
1085
886
626
562
490
111
-300
-419
-493
-745
-927
-974
-1033
-972
-828
-853
-858
-652
-471
-330
-111
5
127
504
855
893
834
896
1000
980
855
769
712
630
494
237
-99
-328
-437
-589
-806
-966
-991
-914
-888
-941
-897
-725
-540
-420
-318
-93
162
361
605
781
836
913
963
991
971
816
711
681
534
298
59
-143
-321
-490
-625
-778
-864
-813
-811
-871
-837
-739
-640
-542
-386
-173
-13
145
386
614
762
845
879
877
856
822
712
561
527
527
306
-13
-149
-242
-455
-623
-737
-857
-848
-784
-820
-838
-730
-564
-446
-331
-134
18
106
342
637
756
782
835
876
880
805
670
585
526
402
196
-26
-149
-249
-459
-619
-679
-760
-776
-705
-690
-701
-605
-440
-361
-312
-144
39
162
320
503
629
687
729
749
707
655
596
491
384
250
75
-88
-239
-384
-480
-532
-579
-653
-699
-644
-543
-477
-416
-307
-167
-56
28
130
224
324
446
537
543
505
513
535
469
353
262
197
146
54
-101
-252
-332
-335
-377
-502
-588
-558
-490
-485
-495
-413
-266
-115
6
64
114
242
400
470
446
437
469
487
447
324
227
239
215
53
-90
-122
-181
-269
-288
-332
-421
-399
-329
-346
-361
-289
-215
-160
-75
-27
26
189
299
264
265
347
374
348
329
265
215
250
190
-2
-77
-55
-145
-264
-292
-307
-335
-310
-328
-401
-336
-199
-184
-153
-11
67
76
172
279
261
255
343
352
264
224
235
216
153
79
24
-19
-77
-154
-219
-231
-225
-258
-316
-324
-260
-216
-215
-181
-109
-36
31
75
111
171
240
277
271
249
239
257
256
195
117
57
-1
-45
-95
-185
-220
-165
-167
-262
-286
-209
-151
-124
-85
-35
48
132
131
91
111
166
180
143
103
111
134
86
32
48
35
-36
-60
-80
-157
-164
-113
-158
-202
-119
-76
-124
-94
-5
12
52
126
110
107
200
199
92
87
151
112
40
31
4
-12
-17
-113
-164
-92
-81
-159
-180
-109
-64
-96
-63
35
53
44
65
75
105
126
92
63
55
46
59
53
-13
-36
17
10
-47
-64
-60
-44
-25
-50
-90
-86
-27
-12
-57
-9
46
-21
-12
77
31
-29
49
94
35
36
76
21
-7
44
16
-58
-23
20
-37
-60
-3
-15
-52
6
40
-14
-28
26
35
-17
-22
14
13
-2
5
2
13
28
-13
-38
0
-3
-53
-47
-1
16
3
-15
-2
14
-5
-15
14
30
23
37
48
16
-4
22
21
3
21
29
14
26
19
-38
-58
-17
-23
-64
-44
-16
-40
-40
-24
-35
-15
-5
-39
5
86
47
-2
61
96
40
-5
9
45
58
33
-1
-13
-9
-16
-39
-52
-56
-50
-20
-11
-42
-46
-9
16
13
-4
-7
36
55
11
-4
36
51
24
1
-8
-6
-7
-13
-20
-25
-16
-3
-8
-13
-19
-36
-12
38
9
-48
0
60
27
-9
1
30
46
21
-10
-8
25
34
-13
-29
19
14
-36
-25
5
-26
-49
-17
-11
-34
-33
-14
6
15
3
-9
0
31
22
-9
9
44
35
18
18
21
15
4
4
5
-4
-19
-24
-6
-10
-38
-27
-10
-16
-19
-17
-17
-6
17
19
-9
9
45
15
-6
18
23
0
2
18
-6
-28
-3
0
-18
-13
-15
-11
1
-4
-12
-3
13
13
11
31
25
10
24
16
-2
0
-6
-20
-22
-17
-24
-28
-7
0
-6
6
6
-4
17
21
-8
-1
29
21
-5
-11
3
-2
-18
-5
-7
-20
-4
1
-4
6
12
0
1
17
3
-12
11
18
-3
-11
-2
12
-3
-22
-5
3
-7
-6
-3
1
4
5
5
7
6
10
11
0
1
3
-15
-2
18
-12
-15
20
16
-22
-18
20
4
-32
-7
9
-15
-18
-5
-8
-14
-10
-8
-12
4
17
3
21
42
12
0
45
53
3
1
53
48
-8
-18
18
30
-15
-48
-16
15
-17
-66
-53
-11
-20
-54
-40
-11
-9
-17
-22
-7
18
9
-13
8
42
28
-2
21
56
29
0
15
28
25
17
10
19
25
15
4
-4
1
2
-13
-24
-27
-23
-21
-44
-49
-22
-33
-64
-48
-17
-28
-35
0
28
17
15
33
42
52
55
27
30
70
52
-3
11
41
10
-18
-11
-6
-17
-18
-15
-33
-32
-9
-22
-24
0
-18
-31
-7
-10
-24
-15
-2
0
4
16
19
15
37
36
3
24
49
5
-17
21
27
-16
-19
11
-4
-34
-31
-39
-44
-15
-10
-29
-2
40
12
-18
26
41
-14
-22
24
31
-9
-31
-7
19
9
-24
-42
-3
42
13
-25
-3
39
45
15
-2
11
18
13
5
-6
-24
-26
1
16
-21
-46
-14
12
1
-25
-27
0
24
19
-19
-26
24
31
-24
-25
15
16
-5
-9
3
3
7
17
1
-1
20
12
2
8
-7
-16
4
10
-13
-24
5
13
-9
-11
2
2
5
3
-8
2
15
0
-10
5
13
-8
-17
4
12
-12
-23
4
16
-3
-15
5
17
0
-5
5
0
-6
2
-5
-7
12
12
-10
-11
17
13
-11
3
14
-9
-2
17
-4
-20
0
11
-8
-18
1
9
0
-5
-9
-6
14
10
-23
-16
28
20
-21
-8
22
7
-11
-1
9
4
-4
-3
1
1
0
-9
-5
9
2
-13
2
20
0
-20
-1
18
7
-13
-16
3
14
0
-12
-2
2
2
1
2
4
-3
-1
7
0
-5
-5
-4
4
3
-5
-1
4
0
-1
5
0
-3
0
3
0
-2
-4
-1
3
5
6
-2
-7
3
8
4
0
0
0
0
-2
0
0
-4
-2
-1
0
-2
-4
-3
0
3
-4
-4
1
0
0
1
0
0
2
4
0
-1
4
2
0
1
3
4
0
0
0
0
0
0
-2
-1
-4
-4
-2
0
-2
-2
-1
0
-3
-5
0
3
1
-2
0
0
3
3
3
5
7
5
1
0
0
1
0
0
1
3
0
-1
-5
-6
-8
-8
-9
-10
-7
-10
-12
-8
-4
-4
-3
3
8
10
9
14
16
17
18
14
17
16
9
4
3
3
-1
-9
-13
-12
-12
-16
-21
-18
-16
-18
-18
-17
-9
-5
-7
-3
5
12
10
10
17
26
21
17
20
22
19
11
6
8
2
-4
-8
-12
-12
-16
-23
-25
-22
-21
-23
-19
-11
-9
-7
-3
1
7
8
8
13
13
15
16
14
16
15
11
6
4
3
0
-5
-3
-4
-6
-6
-4
-4
-7
-7
-3
-2
-5
-3
0
0
0
1
1
0
2
2
2
4
2
0
3
2
0
0
0
0
0
0
0
1
3
0
0
3
5
1
-1
2
1
2
0
0
-2
-2
0
-1
-4
0
-1
-6
-5
0
-3
-7
-4
-2
-3
2
3
0
0
2
3
0
1
3
2
2
1
0
0
1
2
0
0
4
4
0
-1
0
0
0
-3
-3
-1
1
-1
-4
0
0
0
1
-2
0
0
-2
0
0
-1
0
0
0
0
0
0
0
0
2
0
0
0
0
1
2
2
1
2
1
0
0
0
1
0
0
0
1
0
-2
-1
-1
0
-1
-1
-1
0
1
0
-2
0
1
2
-2
-3
1
0
0
0
1
2
3
2
0
2
3
0
-3
-2
0
0
-2
-2
-1
0
0
-2
-1
0
-1
0
0
0
2
1
0
0
1
0
-1
0
0
0
1
0
-1
1
1
1
0
0
0
0
1
1
0
-1
0
0
0
0
0
-1
-2
0
2
0
0
-2
0
0
0
0
1
0
0
1
0
0
-1
0
-1
-1
1
0
0
0
0
1
0
0
0
0
1
0
0
0
-2
-1
0
0
1
0
1
1
1
0
0
0
1
0
-2
1
1
-2
-3
-2
-2
0
0
0
1
1
2
0
0
0
0
0
-1
0
0
0
0
0
0
0
0
0
0
0
0
2
1
0
2
0
0
0
0
0
-1
-1
-2
-3
-3
0
0
0
-1
-1
1
1
-1
0
1
4
3
0
1
3
0
0
-1
0
0
0
-2
-1
-1
0
-1
-3
-2
0
2
0
0
0
1
2
0
-2
0
2
0
0
-1
0
1
0
0
0
-2
0
0
0
1
2
0
0
0
0
0
-1
0
0
0
0
0
0
1
1
0
1
0
0
2
-1
-3
-2
0
1
0
-3
-2
0
0
-2
-2
0
2
1
0
0
2
1
-2
0
0
1
1
0
0
2
1
0
0
1
0
-2
-2
-1
-1
-1
-2
0
2
-1
-4
-1
2
2
0
0
1
1
0
2
2
0
0
0
0
1
0
0
0
0
-1
0
1
0
0
0
0
0
1
2
0
-1
-1
0
0
0
-1
-1
0
-1
0
-1
0
1
0
-1
0
1
2
3
1
0
1
3
0
0
0
0
0
0
0
0
0
0
0
0
-1
0
0
-2
-1
0
0
0
0
-1
0
-1
0
0
0
0
2
1
2
1
-1
0
-1
0
0
0
1
0
-3
0
0
0
1
0
-1
0
1
0
1
3
1
0
1
2
1
0
-3
-1
0
0
0
0
-3
-2
-1
0
0
-1
0
0
0
0
0
2
0
0
1
1
0
0
0
0
1
0
1
0
0
0
2
0
0
-1
0
1
-1
0
0
0
-1
-1
-1
-2
-1
0
0
-1
-1
1
3
2
0
1
1
0
0
-1
0
1
2
0
0
1
-1
-2
-2
-1
-2
0
0
0
0
-1
0
0
2
1
0
2
1
0
0
0
1
0
1
0
0
-1
0
1
0
0
0
0
1
1
-1
0
0
-2
0
-2
0
0
0
0
0
0
0
0
1
0
0
1
0
0
0
0
0
0
1
1
0
-1
-2
0
0
0
2
0
0
0
0
0
0
-1
0
0
-1
1
0
-1
-1
-2
-1
0
1
2
-1
0
0
0
1
0
-1
1
2
0
0
0
-1
0
1
2
0
1
2
1
0
-1
0
1
0
-1
-3
-1
0
-1
-1
0
-1
0
1
1
0
0
0
1
2
0
0
0
-1
-1
0
-1
0
1
0
0
1
-1
0
0
-1
0
0
0
0
1
1
0
0
0
0
0
0
0
0
0
0
0
-1
-1
0
0
0
1
0
0
3
0
1
0
0
1
0
0
-1
0
-1
-2
-1
-1
-1
-2
0
0
0
-3
0
1
2
2
-1
0
0
0
2
0
-1
0
1
3
3
0
2
2
0
0
0
0
-1
0
0
-2
-3
0
0
-2
-2
-2
0
1
0
0
0
0
1
0
0
0
-2
1
0
0
1
0
0
0
0
0
0
-2
0
0
1
0
0
1
0
0
1
1
0
0
1
0
0
0
1
0
0
-1
0
0
-1
0
0
-1
-1
0
0
-1
-1
0
0
0
0
0
0
0
0
0
0
1
1
0
1
0
2
0
-2
-1
0
0
0
0
0
0
0
2
0
0
1
0
-1
0
-1
-3
-1
0
0
1
0
1
2
1
0
-1
-1
0
0
0
-2
0
3
0
0
0
0
0
0
0
0
-1
1
0
0
1
0
0
1
1
0
-1
-2
-1
0
0
-2
1
1
-1
0
0
0
0
0
0
0
0
0
0
1
0
0
0
0
0
2
0
0
0
0
0
0
1
0
1
2
0
0
0
0
0
-1
-2
0
0
-1
-1
-1
-2
-2
0
1
0
0
1
0
-1
1
1
1
1
0
1
0
2
2
-1
-2
-1
1
0
-1
-1
-1
2
0
0
4
1
-1
-1
-2
-1
1
-1
1
0
-1
1
0
-2
0
0
0
0
2
0
-2
1
0
0
0
-1
0
0
1
0
1
0
0
-1
0
1
0
1
1
0
-2
0
0
0
2
2
1
0
0
0
-1
1
0
-1
0
1
0
-1
0
0
-1
-1
0
0
0
-2
-1
0
0
0
-1
0
0
0
0
0
0
1
1
0
1
1
-1
1
1
-1
1
0
1
2
0
0
0
0
0
0
0
0
-2
-2
-1
0
1
0
0
0
-1
0
0
0
-1
0
-2
-1
0
1
1
0
0
0
0
1
0
0
1
2
3
1
0
2
1
1
2
0
0
0
-3
-1
-1
-1
-2
-3
0
0
0
-1
-2
0
-2
0
2
0
0
0
0
0
2
2
0
0
1
1
1
3
0
-1
-1
-1
-1
-1
0
0
-1
-1
0
0
0
0
0
0
1
2
0
-1
0
0
-1
-1
0
0
0
1
0
-1
1
1
0
1
0
-1
1
2
0
-1
0
0
0
0
0
0
0
0
0
0
-1
-3
-2
0
-1
0
0
0
0
0
0
-1
0
1
0
2
3
1
1
1
0
-1
1
0
0
0
0
-1
-2
-1
-1
0
-2
-1
0
-1
-2
0
0
-1
1
2
1
3
2
0
0
0
1
0
0
1
0
0
0
-1
-1
0
0
0
1
0
-1
1
0
-1
0
-1
-1
0
0
0
2
0
0
1
1
1
0
-1
1
0
0
0
-1
-1
0
0
0
0
0
-2
0
0
0
0
0
3
1
0
1
0
1
1
0
2
0
0
0
0
0
0
0
0
1
0
0
-2
0
0
-1
0
0
0
0
0
0
1
0
0
0
0
-1
-1
-1
0
0
0
0
0
0
1
0
-2
0
0
0
0
0
1
0
1
1
0
0
0
0
-1
1
1
-1
-1
0
1
2
0
0
-1
1
1
0
0
0
0
0
1
1
0
0
0
0
1
1
0
-1
0
1
0
-2
0
0
-2
0
0
-1
-2
0
0
-2
0
0
0
1
0
0
0
0
0
0
1
0
0
1
2
0
0
0
-1
0
1
0
0
1
1
1
1
0
-1
0
0
0
1
1
0
3
1
0
0
-1
-1
-2
-2
0
0
0
0
0
0
0
0
-1
-2
-3
-1
0
0
0
-1
0
0
0
2
0
-1
0
1
0
1
3
2
1
0
0
0
0
2
3
0
0
0
0
-1
-2
1
0
0
0
0
0
0
0
0
-1
-2
0
0
0
0
0
0
0
0
-1
0
0
0
0
0
0
-1
0
0
0
0
0
0
-1
0
0
0
-1
1
0
-1
0
0
2
0
2
1
-1
0
-1
0
0
0
1
-1
-1
1
1
-1
1
3
0
1
2
0
0
0
0
0
0
-1
0
1
0
1
0
-1
0
1
-1
0
-1
0
0
0
0
-1
-2
-1
-1
0
-1
-3
-1
-1
-2
0
-2
0
0
-1
1
0
0
3
2
2
0
0
3
2
1
3
4
0
0
1
0
1
1
0
-1
-1
-2
0
-1
-1
0
-2
-3
0
-1
0
1
-1
3
1
-1
3
3
0
1
-1
0
0
0
1
0
-3
-1
-1
0
-1
-1
0
0
-1
0
0
0
-1
0
1
1
0
1
0
-2
0
0
-1
0
0
0
-1
-1
0
0
0
0
-1
-1
0
1
1
1
0
0
0
0
0
0
0
0
0
0
0
-1
0
0
2
2
-1
-1
0
0
0
1
-1
0
0
-1
1
0
0
0
0
1
-2
0
0
0
1
0
0
1
0
0
0
0
0
0
0
0
-1
-1
-1
0
1
0
0
0
0
0
0
-1
0
0
0
0
-1
0
1
0
0
0
0
0
0
1
0
0
0
0
0
0
0
0
-1
-1
0
1
1
-1
0
0
0
-1
0
0
0
1
-2
0
2
0
-1
0
1
1
0
-1
-2
0
0
1
0
1
0
0
0
0
0
0
0
0
1
0
-1
0
-1
1
1
0
0
-1
-1
0
0
-1
1
0
-1
0
0
0
0
0
1
0
0
0
0
-1
2
3
-1
0
1
-1
0
0
0
0
1
3
2
0
0
-1
-1
1
0
1
0
-2
2
0
-1
0
0
-2
-2
-1
-1
0
-1
0
0
0
0
0
-1
0
0
1
0
0
1
-1
-1
0
1
2
1
0
1
0
1
1
0
0
0
0
1
0
0
0
0
0
1
0
-4
-2
1
0
2
2
-1
-1
0
0
0
1
1
-2
-1
1
0
-2
-1
-2
0
2
0
0
0
0
1
1
0
-2
0
0
2
2
1
0
0
2
0
0
0
-1
0
0
0
0
-1
0
-1
0
1
0
-2
0
0
-1
0
0
0
0
1
3
2
0
-1
0
1
0
0
0
-2
0
0
1
0
-1
2
-1
0
0
-2
-1
0
1
0
0
0
-2
-2
1
-1
0
1
-1
1
0
0
0
-1
1
2
-1
0
1
1
0
0
0
1
2
1
0
-1
1
0
0
-1
0
0
0
0
0
0
0
0
0
0
0
0
-1
-5
0
2
0
-2
0
1
0
0
-1
-3
0
1
3
2
0
0
0
-2
0
0
-2
0
1
1
2
1
0
0
0
-1
-1
-2
-1
-1
0
2
0
0
0
0
0
0
-1
-1
0
1
2
3
2
0
0
0
-1
0
-1
0
2
1
1
-1
-1
0
-1
0
0
0
0
0
0
0
0
1
-1
0
0
1
2
0
0
0
1
1
-1
-1
1
0
-1
-2
-3
0
2
-1
-2
0
0
-1
0
-1
-1
1
3
2
0
2
3
2
-1
-2
3
3
0
-1
0
4
0
-2
-1
-4
-1
0
-1
-1
0
-1
-1
1
-1
-2
-1
0
1
0
0
1
2
2
1
-2
1
0
0
2
0
-1
0
0
0
2
1
0
-1
-1
-1
0
1
0
0
2
2
0
1
0
0
0
0
0
0
-1
-2
0
0
0
0
0
0
0
0
0
-1
0
-1
0
0
0
1
0
0
1
0
0
0
0
0
-1
-1
1
0
-1
0
0
0
0
0
1
0
0
1
1
0
0
1
0
-3
0
1
1
0
-1
0
0
0
3
0
-3
-1
-2
-2
0
1
0
0
2
1
0
0
0
-2
-1
-1
1
3
2
0
-2
-1
0
0
0
1
1
0
1
0
0
-1
-1
0
-1
0
0
0
3
1
-2
-3
-2
-1
0
1
0
1
-1
-4
-1
0
2
4
0
-3
0
0
0
0
0
2
2
-1
0
2
1
0
0
-1
0
0
0
0
0
0
0
0
-1
1
1
0
-2
-1
0
1
2
0
0
1
0
1
3
0
-2
0
-1
-1
2
0
-4
-1
0
4
3
0
-2
-4
-2
0
2
4
1
0
-3
-2
2
1
0
1
-1
-1
0
0
0
-1
-3
-2
2
2
0
0
0
-2
0
0
0
1
0
-1
0
1
5
2
0
0
1
0
0
1
0
-3
-2
-1
2
0
-2
0
-2
-1
1
-3
-2
1
0
-1
0
0
0
0
-4
-2
1
2
2
-1
-2
2
2
0
0
0
0
2
2
2
2
2
2
3
2
0
-2
0
-2
-4
-1
-1
0
0
-4
-3
-1
-2
-1
-2
-1
0
2
3
0
-2
0
4
3
1
1
0
1
3
2
2
1
0
1
-2
-2
0
-1
-1
0
-1
-1
-1
-1
0
-1
0
0
0
-1
0
0
1
2
1
1
0
0
1
0
1
0
-2
0
0
1
0
-1
0
-1
0
1
0
-1
0
0
1
2
0
0
0
-1
0
0
2
1
-1
0
0
-1
0
-1
-1
0
0
-1
0
0
-1
-1
0
0
0
2
1
0
0
0
0
0
0
1
0
0
0
0
0
0
-1
-1
0
1
1
0
0
-1
-1
0
0
0
0
4
2
-2
0
0
0
-1
0
0
0
0
0
0
-1
1
0
-1
-1
0
0
3
0
-1
0
-2
0
0
0
1
0
0
0
0
2
2
1
0
0
0
0
0
0
0
-2
-1
-1
-2
1
0
0
0
-1
0
0
0
0
0
1
-1
0
-1
0
2
1
0
0
1
0
0
0
1
0
-1
0
0
0
0
-1
-1
0
-1
0
2
0
-1
-2
1
0
0
2
1
0
0
-1
-1
0
0
0
0
0
0
0
0
0
-1
0
0
0
0
0
0
0
0
0
0
0
0
0
1
1
0
0
0
1
0
1
0
0
0
0
0
-1
-1
0
0
-2
-2
-1
0
-1
-2
0
1
3
0
-1
1
1
0
0
0
2
0
0
1
0
1
0
0
0
-1
0
1
-1
0
0
-2
0
-1
-1
-1
-1
0
-1
0
0
0
0
1
1
2
2
0
0
2
1
0
2
2
0
0
1
0
-1
1
-2
-2
-2
-3
0
0
-3
-1
-1
-1
-1
-1
-1
0
0
1
0
0
1
3
1
3
1
-1
-1
0
0
0
1
0
0
0
0
0
-2
0
1
-1
2
2
-1
0
-1
0
0
0
2
-1
-2
0
0
0
2
0
-1
1
0
-1
1
-1
0
0
-2
0
1
0
1
-1
-2
0
0
1
0
0
-3
0
2
0
0
0
2
-1
-1
2
0
-1
1
-1
-1
1
0
-1
0
0
0
0
-1
0
0
-2
-1
1
0
0
1
0
-1
-1
-1
0
1
0
0
0
2
3
0
-2
0
-1
0
3
1
2
0
-1
0
0
0
-1
0
1
-2
0
1
2
1
-2
0
0
0
0
0
0
-1
0
2
4
-1
-2
0
-1
-3
3
0
-1
0
-1
0
-1
-2
0
1
-2
0
3
0
0
-2
0
1
0
0
-2
0
0
0
-1
0
0
5
1
-1
2
0
0
0
1
2
-1
1
4
1
1
0
1
0
-3
-3
0
0
0
-1
-4
-1
-2
-2
-3
-2
-2
-1
-1
-3
-3
0
-1
-2
0
0
1
1
0
-1
-3
0
3
0
0
1
3
4
3
1
1
4
2
2
3
4
2
1
2
3
3
3
2
1
1
-1
-1
-1
-2
-3
-2
-2
-2
-4
-5
-6
-3
-2
-3
-3
-2
-1
-1
0
0
0
0
1
0
0
1
1
3
3
0
1
4
3
0
0
1
0
1
2
1
0
0
0
-2
0
0
0
-1
0
0
-2
-1
0
0
-1
-1
-2
0
-2
-1
1
-2
-1
0
1
3
0
1
2
0
0
2
2
0
0
2
1
0
1
0
0
-1
0
1
0
-1
-3
-1
0
-1
-1
-1
1
0
0
-1
0
2
0
0
-1
-1
0
0
0
0
-1
0
1
-1
0
0
0
1
3
-3
-1
2
-2
0
0
0
2
0
0
0
0
0
0
1
1
0
-1
1
0
0
-1
0
3
0
-2
-2
0
0
0
0
0
-1
-1
-1
0
0
-2
0
2
2
0
-2
1
0
0
0
0
3
-1
-3
1
2
1
2
1
0
0
-1
-1
0
0
0
1
-2
-1
-1
-1
2
1
1
0
0
1
0
0
1
0
-4
0
0
1
0
0
1
0
1
0
2
0
0
0
-2
0
-2
0
0
1
0
0
0
-1
-1
1
1
-3
0
2
1
-2
1
0
-3
0
-1
0
3
1
0
1
1
1
-1
1
1
-1
0
0
-1
-2
0
0
-1
1
0
-1
0
0
0
-1
0
0
-2
1
0
1
0
2
0
0
3
1
-2
-1
-1
-1
1
3
2
2
2
0
-2
0
-2
-3
0
-1
-3
0
1
-1
0
0
0
-2
-4
0
0
-2
0
0
0
3
3
1
0
3
0
0
2
0
0
3
1
1
4
2
2
1
4
4
0
2
3
0
-1
-2
-5
-3
-1
-4
-6
-3
-2
-1
-3
-3
-1
-2
0
-2
-2
-3
-2
-1
-3
0
0
0
2
-1
0
1
1
4
4
4
4
1
1
5
5
2
2
2
4
3
0
0
0
4
2
-1
-1
1
-1
-4
-2
-4
-1
-2
0
-3
-7
-3
0
0
-5
-6
1
2
0
-2
1
2
1
1
-2
2
3
2
0
0
1
1
2
2
0
0
0
1
3
0
0
2
0
-1
0
-3
-3
-1
0
-1
-3
0
1
-1
-3
-2
0
0
-1
-1
-2
-1
0
0
0
1
0
1
1
0
0
-2
3
3
0
1
0
0
0
0
3
2
1
2
0
-1
0
0
0
0
0
-2
-2
-1
1
-1
-1
0
-2
1
2
0
-3
-2
1
0
0
0
-3
0
1
2
0
0
2
0
0
0
1
1
0
0
-1
-1
3
0
0
0
1
-1
0
0
-1
0
-1
-4
-2
2
1
-2
0
2
0
-1
-2
0
0
0
-1
0
2
0
1
1
1
0
0
2
1
-2
-1
0
1
0
0
1
0
0
0
0
-1
0
-1
0
0
0
0
-1
1
0
-3
0
0
0
0
-1
0
3
0
0
0
0
1
1
1
0
-1
-2
3
1
-2
-4
-1
4
1
-6
-4
0
2
3
0
-1
0
2
0
-1
-1
0
-3
3
7
-1
-2
0
2
1
-1
1
0
0
0
2
0
-3
0
4
1
-4
-2
-2
-1
1
0
0
1
0
1
-1
-5
0
0
1
0
0
0
2
3
1
0
1
-3
0
0
-4
-1
0
0
0
-1
-1
1
-2
-1
0
-2
2
2
0
1
0
1
3
0
-1
0
1
2
1
0
-2
-1
1
0
0
-2
-2
0
4
0
-6
-3
2
0
0
-1
-3
0
1
0
-1
0
4
3
-1
-1
0
0
1
0
-2
0
0
0
0
0
0
0
1
2
0
0
1
3
1
0
-2
0
1
-1
0
-1
2
3
-2
-1
-2
0
0
0
-4
-5
0
-1
0
1
-2
0
3
3
0
1
2
3
-1
-1
0
0
0
-1
-2
0
2
2
1
-2
0
0
-5
0
2
-3
-2
2
0
0
2
0
-1
0
1
0
0
0
-1
0
1
0
-1
1
0
-1
-1
1
1
-1
-1
0
-1
2
0
-1
1
-1
-1
0
0
-2
0
5
1
-4
0
4
1
-2
-1
0
1
0
1
0
0
1
0
0
0
0
0
0
0
-2
-1
0
0
2
0
0
0
0
0
-1
-1
1
0
0
2
-1
-1
0
0
-1
0
0
0
0
-1
0
1
2
0
0
0
-1
0
0
0
0
2
2
1
1
2
2
0
1
0
-2
-1
1
-2
-3
0
-1
-4
-2
0
1
-1
-1
0
0
1
3
1
-1
-1
-3
1
1
1
1
-2
-1
1
3
3
0
-1
-2
0
1
1
2
1
-2
0
2
0
3
0
-4
-2
1
0
-1
0
-1
-1
-1
-3
-1
0
0
-1
-3
-1
2
1
1
1
0
0
0
0
0
3
3
0
-2
1
1
1
2
0
-3
0
0
1
1
0
-3
-2
2
1
0
1
-1
0
0
-2
-2
0
0
-1
-3
0
0
0
0
0
2
2
0
2
0
0
1
1
1
0
-1
1
0
1
2
-1
-2
-2
-2
0
1
0
0
3
-1
-4
0
-1
0
0
2
3
0
0
-1
0
0
0
-1
0
-2
0
0
3
0
0
-1
-2
0
-1
1
0
-1
1
0
2
2
0
-1
1
0
-1
1
0
0
0
1
1
-1
0
-1
0
-1
0
0
0
0
0
-1
0
-2
2
2
-1
0
0
0
0
0
0
0
0
0
2
1
-1
-5
-1
3
0
-3
0
1
1
1
-1
1
4
1
0
1
-1
-2
0
-2
0
0
-3
0
0
-1
2
-1
-2
-2
0
2
-1
0
0
3
3
1
0
1
5
0
-2
0
1
2
0
-3
1
0
-4
-3
-2
0
1
0
-1
-1
0
1
0
2
2
-2
-1
1
1
1
0
-1
-1
-2
0
-2
-2
1
-2
-4
-1
-1
0
0
0
1
-1
3
5
1
1
3
3
4
3
2
2
0
2
2
-1
-4
-2
-1
-3
-3
-5
-4
-4
-1
-1
-5
-2
1
0
0
0
2
4
3
5
3
2
3
3
4
0
0
2
-4
-1
0
-4
-2
-2
-4
0
-4
-3
-2
0
0
0
2
1
3
0
0
1
2
1
0
1
0
0
0
0
-2
0
0
-1
0
1
2
1
2
0
0
0
0
1
-1
-1
0
3
3
-3
-3
0
0
-1
-1
0
-2
-2
0
-3
-2
0
-2
-1
3
1
0
0
0
1
0
2
2
0
0
2
2
0
2
1
0
1
-1
0
0
-2
0
-2
0
0
-1
-1
2
-1
0
0
-4
2
2
1
0
0
-2
-3
-1
-2
0
0
0
0
0
0
0
0
1
1
0
0
0
0
0
0
1
0
0
0
-2
0
2
0
0
0
0
0
1
0
-2
-1
1
2
0
0
0
0
0
0
-1
0
0
-1
0
0
0
1
-2
0
0
-1
-3
0
1
0
0
0
1
0
1
1
1
-1
0
0
0
0
0
0
2
0
1
0
-1
0
0
-1
-3
-2
-3
-4
-4
-1
2
1
1
2
2
0
0
1
2
2
0
0
1
-1
0
-1
-1
0
0
3
1
0
0
-1
-2
-2
0
0
2
0
-1
0
0
1
1
0
0
1
-1
-1
0
0
0
0
0
1
0
-4
-3
-2
0
1
1
1
-2
-2
-1
-2
1
0
1
2
2
2
0
0
0
0
0
0
2
0
-1
0
0
2
2
0
0
0
0
-2
0
0
0
0
0
-2
0
0
-1
-1
-2
-2
0
0
-2
-2
0
-1
1
4
0
0
2
2
0
0
2
-1
-2
0
0
1
0
0
0
0
0
1
1
0
-2
-3
0
0
-2
0
1
-1
-1
0
0
0
0
0
0
1
0
3
0
-1
0
0
0
0
-1
0
1
-3
0
0
1
-1
-4
-3
1
2
-1
0
0
1
0
0
3
3
-2
0
1
0
0
1
4
0
-3
2
1
-1
-1
0
-1
0
0
-1
0
0
1
1
-1
1
0
-1
2
-1
-1
1
0
0
-1
0
0
0
1
2
-1
-4
0
0
0
0
1
1
0
0
1
0
0
1
1
-1
-3
0
1
-1
1
0
0
2
2
0
-1
0
1
-2
0
1
-1
0
0
0
0
0
0
1
0
-1
0
0
0
0
0
0
-2
1
0
0
0
0
0
0
0
-1
-2
-1
0
2
2
0
0
-3
0
0
0
1
0
-2
-1
-1
2
2
0
1
0
1
0
0
1
-1
-1
-1
1
2
1
0
-1
-1
1
0
0
1
-1
0
0
0
-1
0
-1
0
1
0
-1
0
0
0
1
0
-2
0
-1
-1
1
1
1
0
-1
0
0
0
1
-2
0
0
-1
1
0
-1
0
0
0
0
0
1
0
0
1
0
-1
0
0
0
0
0
-1
2
0
0
0
0
2
0
0
-2
0
2
0
0
0
0
0
1
1
0
0
-2
0
0
1
0
-2
0
0
0
0
0
-1
0
-1
-1
0
1
1
0
0
1
0
0
0
-1
-1
1
1
0
1
-1
2
2
0
0
-1
-1
0
0
-1
-1
1
0
0
-2
-2
-1
-1
0
0
1
0
-6
0
5
2
-5
2
6
-1
-1
2
6
4
0
-1
0
3
0
-2
1
1
-1
-3
0
0
-1
-2
0
-1
-2
0
-2
-2
0
-2
-4
-2
0
0
-5
0
1
-1
0
0
0
1
0
-2
0
2
-1
0
0
0
2
2
3
5
4
2
2
3
4
5
1
3
5
3
1
0
3
3
-1
-3
-1
-3
-2
0
-2
-4
-4
-3
0
-2
-6
-5
-2
-2
-3
-3
-4
-1
0
-1
1
0
1
2
0
1
0
1
2
2
2
4
3
3
6
2
1
1
3
0
-3
-1
2
2
-4
-3
0
1
-1
-4
0
2
-5
-6
1
1
-7
-14
5
14
-15
-18
17
16
-21
-7
26
4
-16
9
14
-3
-3
1
2
7
2
-13
-3
19
-3
-21
12
18
-19
-9
18
-1
-16
5
9
-10
-3
6
-3
-7
6
0
-9
3
4
-9
3
11
-6
-11
8
11
-8
-6
10
6
-6
-2
4
4
-1
-7
0
12
0
-14
4
12
-9
-8
7
4
-5
-3
1
0
-2
-3
0
3
0
-3
1
2
-1
2
1
-3
0
4
0
-4
2
3
-1
0
4
1
-4
-2
4
0
-4
0
0
0
-3
-4
3
4
-2
-3
1
2
-2
0
5
0
-3
-1
1
-2
0
3
0
0
-2
-3
1
3
-1
-1
1
0
0
2
0
-1
1
1
-2
0
1
0
-1
-1
0
0
0
-3
-1
3
1
-1
1
2
0
0
0
0
0
0
0
1
0
-1
0
2
2
-2
-1
2
0
0
1
0
-2
0
1
0
-2
0
0
-1
-1
0
0
-1
0
2
0
0
0
1
0
0
0
-1
0
-1
0
0
-1
-1
1
2
0
0
0
0
0
0
1
0
0
0
0
0
1
1
-1
0
2
2
1
0
0
0
0
0
-3
-4
-1
1
0
0
-2
0
1
0
0
0
-2
0
1
0
0
0
1
1
0
1
0
0
0
0
1
-1
-2
0
0
0
0
0
0
0
0
-1
0
1
0
1
0
-1
1
2
0
1
0
0
0
0
0
0
1
-1
-1
0
0
-1
0
0
-1
-1
-2
-1
0
0
0
-2
0
0
-1
-1
1
0
0
0
0
1
0
0
2
1
1
1
0
0
0
0
3
1
0
0
0
0
0
0
0
0
-2
-3
0
0
-1
0
0
0
1
0
0
1
0
-2
0
0
-1
0
0
0
-1
-2
-1
0
0
0
1
1
1
0
0
1
0
0
0
-1
0
2
0
0
1
1
1
0
0
0
0
0
-2
0
0
-1
-1
-2
-1
0
1
0
-1
1
2
0
0
0
0
-1
-1
0
0
0
0
0
0
0
2
1
0
2
1
-1
-1
0
0
0
0
0
0
0
0
-1
0
0
-1
1
0
0
1
0
0
0
0
0
0
0
0
1
-1
0
1
0
0
0
0
-1
-1
-2
-1
0
-1
-1
0
2
0
1
0
0
1
1
0
2
1
1
0
0
0
0
1
-1
0
0
0
-1
-1
1
2
-2
-3
0
0
0
0
0
-1
-1
0
0
-2
-1
0
0
0
0
0
1
0
0
0
1
1
0
0
2
0
-1
0
-1
0
-1
0
1
0
0
0
0
0
-1
0
0
-1
-1
0
0
1
0
1
0
-1
0
-1
0
-1
-1
0
0
0
-1
0
0
0
1
0
0
0
0
1
-1
1
0
-1
0
-1
0
0
0
0
1
-1
0
1
0
0
0
2
0
0
0
0
0
0
0
0
0
0
0
0
-1
-1
0
0
0
0
0
0
1
0
-1
2
1
0
2
0
-1
0
1
0
0
-1
0
0
0
0
0
-1
0
0
0
-1
0
-1
-1
0
0
-1
0
1
1
1
0
0
0
1
0
0
0
-3
0
1
3
2
0
-1
1
1
0
0
-2
-1
0
0
0
-1
0
1
1
0
0
0
0
1
1
0
1
1
-1
0
0
0
0
0
0
0
0
0
0
0
-1
0
0
0
-1
-1
-1
0
0
-1
1
1
0
1
0
0
0
0
0
0
0
1
0
1
2
0
1
0
1
0
0
0
0
0
0
0
-1
-1
-2
-2
-2
-1
0
-1
0
0
1
0
0
0
-1
0
0
0
1
1
1
0
0
0
0
0
0
0
1
1
0
0
2
1
0
0
0
-1
-1
0
-1
-1
0
0
0
0
0
0
0
0
0
0
0
0
0
0
-1
-1
-1
0
1
2
0
1
2
0
0
0
-2
-1
-1
-1
-2
0
0
1
0
0
1
0
0
0
-1
2
2
1
3
0
2
2
1
1
0
0
0
0
0
0
-1
0
0
-1
0
-2
-2
-2
-1
0
-1
0
0
0
1
0
-2
0
0
0
0
-1
2
2
1
1
0
0
0
0
0
0
-1
0
2
1
0
0
1
1
0
0
0
0
0
0
0
0
-1
0
0
0
-1
0
0
1
-1
0
-2
-1
0
-2
0
-1
-2
1
1
0
1
0
0
1
2
1
2
2
0
0
0
0
0
0
1
0
1
0
0
0
0
-2
0
0
0
0
0
0
0
0
-1
0
1
0
1
0
0
1
0
0
0
-1
0
0
-1
0
0
0
0
0
0
0
0
0
0
0
0
0
1
0
0
2
1
1
0
0
0
-1
-1
0
1
1
0
0
0
0
-1
0
-1
0
0
-1
0
0
0
1
0
0
0
0
0
0
1
0
1
0
0
1
-1
-1
0
0
0
0
0
0
0
0
0
0
-3
-2
0
1
0
1
0
-1
0
2
1
0
0
0
-1
0
3
1
0
1
0
2
2
0
0
0
0
0
0
1
0
0
0
-1
0
0
0
0
-1
-1
-1
-2
0
-2
-2
0
0
0
-1
0
1
0
0
0
0
0
2
1
0
0
0
-1
0
0
-3
0
1
0
1
1
1
0
0
-1
-2
0
2
2
0
1
0
0
1
0
-1
0
0
0
-2
-1
0
0
1
0
0
0
-1
0
0
0
-2
1
0
0
-1
-1
0
2
2
1
0
0
0
0
-1
0
1
2
4
0
-1
-2
-1
0
0
0
0
-1
0
0
0
0
1
0
0
-2
-4
0
2
1
0
-1
1
0
0
0
0
-1
0
0
-1
0
4
2
0
-1
0
0
0
0
1
0
-2
1
1
0
1
1
0
1
0
-1
-1
-2
-2
-1
0
0
2
2
1
0
-1
1
2
1
0
0
0
0
0
1
-1
-1
-1
-1
0
0
0
1
-1
-1
0
-1
-1
0
0
-1
0
0
0
0
0
1
1
2
1
0
-1
0
0
1
1
0
1
0
0
0
-1
0
-1
-3
-1
0
-1
0
1
0
1
0
0
1
1
0
1
0
0
2
0
0
2
-1
0
0
-2
-1
0
0
1
0
2
1
-1
0
0
-1
-1
0
-1
-1
-2
-1
-2
-3
0
-1
0
0
-1
2
1
2
1
2
3
0
0
1
2
1
0
0
0
0
-2
-3
0
0
0
0
1
0
-1
0
1
0
-3
-2
-1
0
0
-1
0
0
0
2
1
0
0
0
0
2
1
0
-1
-2
0
0
0
0
0
1
2
1
0
0
0
0
0
0
0
1
1
0
1
0
0
-1
0
0
0
0
0
1
0
0
0
0
0
0
0
0
0
1
-1
-1
0
0
0
0
0
0
0
0
1
0
0
0
0
0
0
1
0
0
1
1
1
-1
0
1
0
0
0
0
0
-1
-1
-1
-1
-1
0
-1
0
0
1
0
-1
1
1
0
0
3
4
0
0
2
0
0
-1
-1
0
0
-2
-1
0
0
0
0
-1
-1
-1
0
0
1
0
0
2
1
1
0
0
1
2
2
0
-1
-1
1
0
1
-2
-1
0
-3
-2
-2
0
1
-1
-1
0
0
0
3
0
0
0
0
1
1
3
1
2
0
-2
0
0
0
0
0
0
-2
-1
0
0
-1
0
2
1
0
1
1
0
0
0
1
1
1
0
-1
-1
0
-1
-2
-2
-3
-1
-2
-1
0
0
1
0
-1
0
0
1
1
0
2
0
0
3
0
1
0
0
-1
-1
-1
0
0
1
0
0
0
-1
0
0
-1
0
0
-1
0
0
0
0
-1
0
0
0
1
0
2
0
-3
-2
-1
0
0
0
0
2
0
1
0
0
0
0
0
0
0
0
1
0
-1
-1
0
0
0
0
1
0
0
0
1
1
1
0
-1
-1
0
2
0
-2
0
1
0
0
0
0
0
1
0
-1
0
0
0
-1
-2
0
1
1
0
0
0
1
1
0
0
0
-1
0
0
-1
0
-1
-1
-2
0
1
2
1
0
1
0
1
1
0
0
0
0
-1
0
-1
2
0
0
1
0
0
0
1
1
1
-1
-1
0
-2
0
0
0
0
-1
-1
-1
-2
-2
0
1
-1
-2
0
2
0
0
1
2
3
0
-1
1
1
1
0
-2
-1
-1
-2
0
0
-1
0
1
-1
-2
2
4
0
0
0
1
0
0
1
0
1
1
0
1
-1
0
1
0
-1
-1
0
0
0
0
0
-1
0
0
0
0
-2
0
0
0
0
1
1
0
-1
-1
0
0
1
0
0
1
0
0
0
0
0
0
2
1
1
0
0
0
-1
-1
0
-1
0
1
0
0
0
1
1
-2
-2
-1
-1
0
-1
-1
-1
1
1
0
2
0
0
0
0
0
0
0
0
0
-2
0
0
0
0
0
0
0
1
1
2
0
0
0
0
0
-1
0
0
1
0
0
0
-1
0
0
0
0
0
0
0
0
0
0
0
0
-1
-1
0
0
0
0
0
0
2
1
0
0
0
0
0
0
-1
-1
0
0
1
1
0
0
0
0
0
0
0
0
0
-1
0
0
-2
0
2
2
0
0
-1
-1
0
0
0
0
0
0
0
0
0
0
-2
-1
-1
0
0
0
-2
0
0
0
0
0
1
1
1
3
3
0
0
0
0
-1
-1
0
0
-2
-1
0
0
-1
1
-2
-1
0
0
0
2
0
1
0
0
1
0
0
1
0
0
1
1
0
-1
-1
-1
0
0
-1
0
0
0
0
-2
0
-1
-2
-2
0
0
0
1
0
1
0
1
1
0
0
0
0
0
0
0
-1
0
-1
0
1
0
-1
0
3
1
0
2
1
0
0
2
0
0
0
0
0
-1
0
-1
0
0
0
0
0
0
1
1
2
1
0
-1
-1
-1
-1
-1
-1
0
0
0
0
0
1
1
-1
1
2
1
0
0
2
1
2
0
-2
0
0
0
-2
-1
0
-1
1
0
0
1
-1
0
0
0
0
-1
0
1
0
0
-1
0
1
2
1
0
0
1
0
1
0
-1
0
-1
1
-1
-1
-2
-3
-1
0
0
0
0
1
1
2
0
0
0
0
2
0
1
0
0
1
-1
0
0
0
1
0
1
0
0
0
0
-1
1
0
0
0
-1
-2
0
0
1
2
0
0
0
-2
0
0
-2
0
0
-1
-1
0
0
1
2
1
0
0
1
1
0
-1
-2
0
0
1
1
0
0
0
1
1
0
0
-2
-1
0
0
1
0
0
0
1
0
-1
-1
-3
0
0
1
1
0
0
0
-1
1
2
0
1
1
0
2
1
0
0
0
0
0
0
-1
0
1
0
0
-2
-1
0
-2
-2
0
-1
0
1
0
1
0
0
0
-1
0
-1
0
0
0
1
0
0
0
0
0
1
-1
0
1
0
0
1
1
-1
-2
2
0
0
0
0
1
0
-1
-1
-1
1
1
-1
0
0
0
0
0
0
0
0
0
0
-2
0
0
0
-2
-1
0
0
1
2
0
0
0
0
0
0
0
1
0
0
-1
-2
0
1
0
-1
0
0
-1
-1
0
1
2
3
3
2
-1
-1
0
0
0
-1
1
2
0
0
-2
0
0
0
1
0
-2
-1
0
0
-1
-1
0
1
0
-3
1
2
0
-1
-2
0
0
-4
-2
0
2
1
2
-1
-2
0
0
1
1
0
2
1
1
1
1
0
0
1
1
2
1
0
1
-1
-1
0
-1
0
0
-1
-1
0
1
0
-1
-4
-4
0
-2
-2
-2
0
0
1
3
1
0
0
0
0
-1
-1
2
1
2
3
0
1
0
2
1
1
0
0
1
0
-1
-2
-1
-1
0
0
-1
0
0
-1
-3
-2
-2
-2
-2
-1
-1
0
-1
-2
-2
-2
0
1
0
0
-1
0
-1
0
0
0
2
0
0
4
2
1
0
0
1
2
4
2
1
2
2
2
2
1
1
0
-1
0
1
0
-3
-4
-2
-2
0
0
-2
-2
-3
-3
-1
0
-1
0
0
0
0
0
0
0
2
2
1
1
-2
0
2
1
0
0
-1
1
2
0
1
-1
-1
0
0
0
0
-1
1
1
0
0
0
-2
0
2
-3
-1
-1
-1
0
0
1
0
-1
0
0
2
0
2
1
0
1
0
0
0
0
1
1
1
1
0
0
0
0
0
0
1
0
-2
-1
-1
0
-1
-1
0
0
0
0
-1
-1
0
0
0
0
-1
0
0
-1
0
1
0
1
-2
-1
0
0
2
0
1
3
0
0
1
1
0
0
0
0
0
1
0
0
-1
0
0
0
0
-1
-1
-2
0
1
0
0
-1
-2
0
0
1
0
0
0
0
0
0
0
1
0
0
0
1
0
0
0
0
1
-1
-2
0
1
0
0
0
0
1
1
3
0
-2
0
-1
-1
0
0
-1
-1
0
0
1
0
-1
-1
-1
0
0
0
0
0
0
-2
0
1
2
0
-1
0
-1
-1
0
1
0
0
0
1
2
0
1
0
-1
1
1
1
1
0
0
0
1
0
0
0
0
0
-1
0
0
0
0
0
-1
1
0
-2
0
-4
-2
0
-1
-1
-1
0
0
-1
1
0
2
1
0
0
0
0
-1
1
0
2
0
-2
1
0
0
0
0
1
-1
-1
1
1
2
0
0
0
-1
0
2
1
0
-1
-1
0
0
-1
0
-1
0
0
-1
0
-2
-1
0
-1
0
1
-1
0
1
0
0
0
2
1
2
1
0
1
0
1
0
-1
0
0
-2
-1
0
0
0
0
-2
0
-1
-1
4
1
0
0
0
-3
-2
-2
0
2
-2
0
2
0
-1
0
0
1
0
-1
0
0
0
0
1
0
0
-1
0
2
1
-1
0
0
-1
1
1
-1
0
0
0
0
0
0
0
0
0
0
0
0
0
2
0
-1
0
0
1
0
0
0
1
1
-1
-2
-2
0
0
0
0
0
1
1
0
-1
0
-1
0
0
0
0
1
0
0
0
0
0
-1
0
0
1
0
0
0
0
-2
0
1
0
0
0
-1
1
1
0
0
1
-1
-1
2
1
2
2
0
0
-1
-1
0
0
0
0
0
0
-1
-3
-2
2
0
-1
0
-1
-1
0
-1
-2
0
0
0
0
1
-1
0
1
1
1
0
0
-1
-2
-2
1
2
1
2
0
0
0
0
0
0
0
-1
0
0
-1
-1
1
1
0
0
0
0
1
0
0
0
0
0
0
0
0
0
-1
-1
0
0
1
0
1
1
0
0
0
-1
0
0
-1
0
0
0
0
0
0
0
1
1
0
0
0
0
0
0
-1
0
1
0
1
1
0
0
0
1
0
0
0
0
-2
1
0
-1
0
-1
0
0
0
0
0
0
0
0
-2
-1
1
1
2
0
0
1
1
2
0
-1
-1
-2
1
0
-1
0
0
-2
-1
0
0
0
0
-1
-1
0
0
0
1
0
0
0
0
1
3
0
-1
0
-1
-1
2
0
0
-2
0
1
-1
1
0
0
0
0
1
0
0
0
-1
0
-2
0
1
0
1
0
0
0
-2
0
0
0
0
0
0
0
1
1
0
0
0
-1
0
1
1
0
-1
0
0
1
1
0
-1
-3
0
0
0
-1
0
0
-2
0
1
0
0
0
-1
0
1
0
-1
-1
0
0
1
0
1
-2
-1
0
0
2
0
0
0
1
0
0
0
1
0
-1
0
2
2
1
0
0
0
-1
0
0
-1
-1
0
0
0
0
0
0
0
0
-1
0
-1
-1
0
0
0
1
0
2
3
1
0
0
0
0
0
1
2
0
-1
0
-1
-2
-1
-1
0
2
0
-1
0
-1
2
1
0
1
1
2
1
-1
-3
0
1
1
0
-1
0
0
-1
0
0
0
1
0
-1
-1
-1
0
1
1
0
0
0
0
-1
1
1
0
0
0
0
-1
0
1
0
0
0
-1
-1
0
0
0
0
0
0
0
0
1
0
-1
-1
0
0
1
2
2
0
0
-1
1
0
-1
0
1
1
0
0
0
0
0
-1
0
1
0
-1
0
-1
0
1
1
1
1
0
-2
-1
-2
-1
0
0
1
1
0
0
1
1
-1
0
0
0
0
-1
0
0
0
1
1
0
0
0
-1
0
0
0
1
1
1
0
0
0
-1
-1
0
0
-1
-3
-1
0
0
0
0
0
-1
0
2
1
0
0
0
0
1
1
0
0
0
0
0
0
0
0
0
0
1
0
-1
-1
0
-1
0
0
1
0
0
1
2
0
-3
0
0
0
-1
-2
1
2
0
1
-1
-1
0
-2
0
0
0
-1
0
2
2
0
-1
0
0
2
0
-1
0
0
1
1
2
1
0
0
0
0
-3
0
0
-1
1
-1
-1
2
0
-1
0
0
2
-1
-2
0
0
1
0
1
1
2
0
0
0
-1
-1
-1
0
0
0
-1
0
0
0
0
0
0
0
0
0
0
-1
0
0
0
-2
0
0
0
0
-2
1
-1
0
0
-1
0
0
0
0
-2
0
1
0
0
0
1
1
1
-1
-1
-1
0
1
0
0
0
0
0
0
0
0
0
-1
0
0
1
1
0
0
0
1
0
-1
-2
-1
2
0
0
-1
-1
0
0
0
0
0
0
0
0
0
0
0
0
0
0
2
1
0
0
0
1
1
0
1
1
0
0
0
-2
-2
0
-1
-1
0
0
-1
0
0
0
0
0
-2
-1
0
-1
-1
0
-1
-2
2
3
2
4
1
2
2
1
2
0
1
0
0
1
1
1
0
0
0
1
0
-1
0
-2
-3
-3
-5
-4
-2
-2
-3
0
0
-2
-3
-2
-2
0
0
1
1
1
1
3
4
5
7
5
6
5
5
5
3
1
3
2
3
1
0
0
-2
0
-1
-2
-3
-3
-2
-4
-4
0
-3
-3
-4
-4
-3
-2
-2
-2
-3
-2
-3
-5
-1
-1
-2
-1
-2
-2
-1
0
-1
3
5
3
6
6
8
8
7
9
7
9
9
9
7
3
1
1
-1
-6
-6
-9
-12
-12
-12
-11
-11
-10
-8
-5
-4
-1
-1
-1
5
6
6
9
9
9
10
13
12
9
7
7
6
4
0
-3
-7
-10
-12
-13
-14
-16
-18
-19
-18
-18
-17
-15
-14
-9
-8
-2
2
4
8
10
15
21
24
27
27
26
23
24
22
16
14
9
5
2
-1
-5
-10
-15
-18
-21
-24
-24
-24
-24
-22
-18
-17
-14
-10
-7
-2
2
6
8
9
12
17
18
17
16
11
9
7
6
5
2
-2
-5
-8
-11
-11
-12
-13
-12
-13
-9
-6
-3
0
3
3
6
9
9
11
13
11
12
12
8
8
7
2
0
-2
-2
-5
-8
-10
-9
-9
-12
-12
-10
-5
-6
-6
-1
0
2
1
4
7
6
5
6
6
3
3
5
5
3
3
2
2
2
0
-1
0
0
0
0
-1
0
0
0
1
0
-2
0
-1
-3
-3
-5
-6
-4
-3
-6
-6
-4
-3
0
-1
-1
0
1
3
3
3
3
6
6
6
5
4
4
5
4
3
0
0
