0
0
0
0
0
0
0
0
0
0
0
0
0
0
0
0
0
0
0
0
0
0
0
0
0
0
0
0
0
0
0
0
0
0
0
0
0
0
0
0
0
0
0
0
0
0
0
0
0
0
0
0
0
0
0
0
0
0
0
0
0
0
0
0
0
0
0
0
0
0
0
0
0
0
0
0
0
0
0
0
0
0
0
0
0
0
0
0
0
0
0
0
0
0
0
0
0
0
0
0
0
0
0
0
0
0
0
0
0
0
0
0
0
0
0
0
0
0
0
0
0
0
0
0
0
0
0
0
0
0
0
0
0
0
0
0
0
0
0
0
0
0
0
0
0
0
0
0
0
0
0
0
0
0
0
0
0
0
0
0
0
0
0
0
0
0
0
0
0
0
0
0
0
0
0
0
0
0
0
0
0
0
0
0
0
0
0
0
0
0
0
0
0
0
0
0
0
0
0
0
0
0
0
0
0
0
0
0
0
0
0
0
0
0
0
0
0
0
0
0
0
0
0
0
0
0
0
0
0
0
0
0
0
0
0
0
0
0
0
0
0
0
0
0
0
0
0
0
0
0
0
0
0
0
0
0
0
0
0
0
0
0
0
0
0
0
0
0
0
0
0
0
0
0
0
0
0
0
0
0
0
0
0
0
0
0
0
0
0
0
0
0
0
0
0
0
0
0
0
0
0
0
0
0
0
0
0
0
0
0
0
0
0
0
0
0
0
0
0
0
0
0
0
0
0
0
0
0
0
0
0
0
0
0
0
0
0
0
0
0
0
0
0
0
0
0
0
0
0
0
0
0
0
0
0
0
0
0
0
0
0
0
0
0
0
0
0
0
0
0
0
0
0
0
0
0
0
0
0
0
0
0
0
0
0
0
0
0
0
0
0
0
0
0
0
0
0
0
0
0
0
0
0
0
0
0
0
1
0
0
0
0
1
-1
-1
0
2
0
0
1
2
3
0
-3
-5
-1
1
-1
-3
-1
0
0
0
-2
-1
0
-1
0
0
0
0
1
1
0
0
0
3
0
0
1
2
2
2
1
0
0
-1
-1
0
-2
-2
0
0
0
1
0
0
-1
0
0
-1
0
0
0
0
-1
0
0
0
0
0
0
0
0
0
0
0
0
0
0
-1
0
0
0
0
-1
-2
0
1
0
-2
1
2
1
0
0
2
2
1
1
-1
-1
0
1
0
0
0
0
2
0
-1
0
0
-1
0
0
0
1
-1
-1
0
-1
-1
-1
0
0
0
1
-1
0
0
0
1
1
1
0
2
2
0
0
0
0
0
-1
-1
0
0
0
0
0
0
0
0
0
0
0
0
0
0
0
0
0
0
1
0
0
0
0
0
0
0
0
1
0
0
2
1
0
0
0
1
1
0
0
0
1
0
0
0
-3
0
0
-1
0
0
-1
-2
-1
-1
-1
-1
0
0
0
0
0
2
1
0
3
1
1
2
3
3
-1
-1
5
0
-3
0
0
-1
-2
-1
0
-1
-3
-3
-4
1
0
-3
0
0
0
0
0
1
1
0
0
2
2
1
0
0
2
0
0
0
2
1
-3
-1
1
0
-2
-1
0
1
-1
-3
2
2
0
-1
1
1
1
0
0
1
0
0
-1
0
0
0
-1
0
0
-2
-2
0
-1
-1
-1
-1
0
0
0
0
0
1
0
1
2
1
1
0
0
1
2
0
0
0
-1
0
-2
0
1
0
-1
0
-1
-1
0
-1
2
0
0
1
0
0
2
2
2
0
1
2
1
0
0
0
0
0
0
-1
-2
0
-1
-3
0
0
-2
0
-2
-1
-1
-2
-1
-1
-1
0
0
1
2
0
0
1
1
1
0
3
2
0
0
0
2
1
1
2
0
-1
0
0
0
0
0
-1
-1
-2
0
-1
0
0
-1
0
-1
-1
0
0
-1
0
1
0
1
2
1
0
0
0
1
0
0
0
1
2
0
0
-1
-1
-1
0
-1
0
0
0
-2
0
1
0
-1
0
0
0
0
1
0
0
0
0
2
2
0
-1
0
0
0
-1
-2
-1
-2
0
-1
-1
0
0
0
0
1
0
1
1
-1
0
0
0
0
0
-1
0
0
1
1
0
0
1
3
2
-1
0
0
3
1
0
1
0
0
0
-2
0
0
-1
-3
-1
0
0
0
-1
1
1
-1
-1
0
0
-1
-1
-1
0
0
0
2
0
0
0
0
0
-1
-1
0
0
0
-1
-1
1
1
-1
-1
0
1
-1
0
1
5
1
-3
-2
0
1
0
-1
0
0
0
-1
0
1
0
-2
-1
0
1
-3
0
0
0
0
0
0
3
0
0
0
1
1
-2
0
2
0
0
0
0
0
0
2
0
0
-1
-1
0
0
0
0
1
0
-1
1
1
0
-4
1
5
1
-1
0
2
0
-2
-3
0
0
-3
-4
4
4
-6
-6
2
5
-5
-7
5
10
-4
-12
7
16
-6
-16
7
21
-3
-19
6
23
-3
-20
1
23
-1
-25
0
23
0
-27
-3
23
-1
-27
-1
24
-1
-27
-1
24
0
-25
2
24
-2
-18
5
19
-4
-16
9
14
-4
-11
5
15
-3
-11
6
14
-4
-12
6
15
-3
-13
5
12
-2
-12
2
11
-1
-10
-1
8
0
-9
-1
4
0
-5
-3
0
-2
-2
-1
-1
-5
1
6
-2
-8
3
9
-3
-11
4
13
-4
-11
6
10
-1
-6
3
5
-2
-2
3
0
1
5
0
-8
2
11
0
-12
-1
14
0
-16
-2
16
1
-16
-3
15
5
-14
-6
12
6
-10
-5
9
7
-9
-10
6
8
-5
-10
5
10
-3
-7
3
7
-2
-7
2
7
-2
-6
1
7
0
-5
3
4
-2
-2
3
1
-3
0
4
0
-2
2
1
-3
-4
0
1
-1
-3
0
1
-1
-2
0
0
-1
0
3
1
0
1
1
0
0
1
-1
-1
0
0
0
0
0
2
0
-1
0
0
0
-2
-1
2
0
-2
0
2
0
-1
0
2
4
0
0
0
0
-2
-2
2
0
-2
0
0
0
-1
-1
0
0
0
-1
-1
0
0
1
-1
2
2
0
0
1
5
1
-4
0
6
0
-6
0
6
2
-6
-3
6
4
-6
-6
7
4
-6
-4
5
5
-7
-6
3
6
-3
-7
3
8
-2
-8
1
6
-1
-6
2
5
-1
-4
1
5
0
-4
0
4
0
-3
-1
1
-1
-2
0
1
0
-1
2
0
0
2
2
0
-2
0
0
0
0
0
0
0
1
2
0
-3
-1
1
-1
-1
-1
0
-3
-6
-1
2
0
-4
0
4
0
-2
1
4
0
-6
-2
4
1
-1
2
4
2
1
1
3
4
2
0
2
3
0
0
2
6
2
-2
1
4
0
-6
0
3
-1
-5
-4
-1
-4
-6
-4
0
-2
-8
-6
0
-2
-9
-11
-1
2
-4
-4
4
4
-5
-4
6
9
2
-2
5
10
5
0
2
8
6
-1
2
10
7
0
0
3
1
-1
-1
0
-1
-1
0
-2
-4
-1
0
-3
-4
-3
-2
-3
-5
-3
0
0
-4
-2
2
1
0
-1
1
2
-1
0
0
1
3
3
4
3
3
3
2
-1
2
2
1
0
-1
1
-1
-2
0
0
0
-1
-2
0
-3
-5
0
0
-2
-2
-2
0
0
-1
-1
0
0
1
0
-4
1
2
1
1
0
3
3
2
2
0
2
1
0
1
0
0
-1
-1
1
-1
-1
0
0
0
0
1
1
0
0
0
-1
-1
-1
0
0
0
-1
0
0
0
0
0
-1
0
1
1
1
1
1
1
1
1
0
2
0
-1
-1
0
0
-1
-1
0
0
1
-1
0
0
-1
-3
0
0
0
0
0
0
-1
0
0
0
0
1
4
0
-1
0
0
0
0
-1
-1
0
1
0
0
2
1
0
0
1
0
0
0
0
1
-2
-2
1
0
-1
-1
0
1
-2
-3
0
2
-2
-2
0
1
2
-1
0
3
1
0
0
0
0
0
-1
0
0
0
2
1
1
-1
0
2
3
0
-3
-1
0
0
-1
-2
0
-2
0
1
0
0
0
-2
-1
0
0
0
0
0
0
1
2
0
-1
0
2
1
0
0
0
0
0
1
3
2
0
-2
1
2
0
-3
-2
0
1
-3
-1
2
-1
-2
-1
1
1
-2
-4
1
4
-2
-5
0
3
0
-3
0
4
4
-2
-2
4
6
0
-2
3
8
3
-4
0
10
4
-6
-3
6
3
-5
-9
2
4
-9
-12
-2
5
-6
-13
-3
5
-3
-13
-5
7
0
-11
-4
10
7
-7
-3
9
11
-2
-6
5
15
3
-7
6
17
5
-7
0
15
10
-5
-2
13
9
-6
-6
7
6
-6
-9
4
6
-10
-12
2
3
-12
-16
2
8
-11
-17
2
13
-8
-22
0
19
-2
-24
-1
25
7
-27
-10
30
21
-24
-22
24
33
-17
-35
18
42
-6
-42
2
47
7
-46
-13
44
20
-39
-25
33
29
-32
-38
18
33
-17
-37
10
35
-1
-35
-5
28
6
-26
-9
23
14
-19
-15
18
21
-10
-17
12
23
-3
-16
5
20
0
-17
0
14
0
-14
-2
9
-2
-12
-1
9
-2
-10
-1
8
2
-8
-4
3
5
-1
-8
-1
8
8
-7
-13
6
17
2
-13
-1
17
6
-14
-8
13
9
-6
-7
6
7
-4
-3
4
2
-6
-5
2
2
-2
-2
0
1
-1
0
-1
-4
-3
2
2
-2
-4
4
5
-2
-5
0
5
2
-1
-2
-1
0
0
1
-3
-3
3
8
3
-1
1
9
3
-6
-6
1
4
-4
-7
-3
0
0
-3
-2
1
1
0
0
0
2
2
0
1
3
2
0
-2
2
7
2
-2
1
6
3
-2
-2
3
1
-5
-3
1
4
0
-4
0
0
-7
-4
1
0
-2
-5
-2
1
-2
-8
-4
1
0
-3
-2
2
6
3
-2
-2
-2
0
1
1
0
2
7
6
3
3
5
7
8
3
2
2
4
3
-1
-2
-2
-4
-5
-6
-6
-3
-2
-3
0
1
0
0
-1
0
-2
-4
0
2
0
0
-1
1
1
0
1
2
0
-1
-1
0
1
0
1
2
1
3
0
0
0
-1
-1
-2
0
0
0
-2
-3
0
2
0
0
0
2
4
2
0
0
0
1
0
0
-2
0
0
-2
0
2
2
1
0
0
1
0
-2
0
0
-2
-2
-4
-2
1
-2
-1
0
0
0
0
0
1
2
1
0
-1
1
0
-1
-1
1
2
2
4
2
0
0
1
0
-2
-3
-4
-1
2
0
-2
2
2
-1
-3
-3
1
2
0
1
1
2
0
0
0
-1
0
-1
0
2
-1
-1
0
0
0
-1
0
1
0
0
-2
0
2
0
-1
0
1
0
-1
-2
0
-2
-4
0
1
-1
-2
0
2
2
0
3
6
2
-1
0
3
2
-4
-2
4
0
-9
-8
4
9
-2
-6
7
12
0
-14
0
12
0
-12
-4
12
5
-12
-7
9
10
-4
-7
5
8
-1
-7
-1
4
0
-6
-5
0
0
-1
-3
0
2
0
-1
-1
0
1
0
1
5
2
0
-2
3
5
0
-2
2
5
-1
-6
0
6
0
-6
-3
3
-1
-5
-3
0
1
0
-1
0
1
-1
0
0
0
-1
4
5
-2
0
4
4
-1
-3
0
3
1
-3
-1
1
0
-3
-3
-2
2
0
-2
0
2
2
-1
0
1
1
0
-4
0
1
0
2
1
2
3
-1
0
1
0
0
-1
-1
-3
-5
-4
-2
-3
-1
1
2
3
2
2
4
3
0
0
-2
-2
-1
-2
-2
-2
0
1
0
1
0
3
3
1
1
0
0
-2
-3
-2
-1
1
0
-1
3
3
1
0
0
3
2
0
-1
0
-1
-4
-2
-1
0
-3
-2
0
3
0
-1
0
0
0
-2
-2
0
1
1
0
0
1
0
0
0
0
0
1
1
0
1
1
0
0
3
1
-1
-1
0
0
-1
-1
-2
1
2
-1
0
0
0
1
1
0
0
0
-2
-1
-2
-2
-3
-5
0
0
0
0
0
2
2
0
-3
0
1
1
0
1
3
2
0
-1
2
4
2
0
2
3
2
1
0
0
2
0
-3
-1
1
0
-4
-4
-1
0
-4
-4
-1
0
0
-2
-4
-5
-6
-7
-9
-4
-2
0
0
0
5
5
3
1
0
1
1
1
4
6
5
5
4
4
2
4
4
1
2
3
5
3
-1
0
0
-1
-3
-3
-2
-1
-1
-1
-2
-2
-1
-1
-2
-4
-3
-1
0
0
-1
0
0
-1
-1
-2
-1
0
0
3
6
4
4
4
2
0
-2
0
1
2
0
0
1
0
-3
-3
0
-1
-4
-2
-2
-2
-5
-4
0
-1
-1
-1
0
1
0
0
0
-1
1
1
1
2
2
3
1
-1
0
0
0
0
2
3
4
3
1
0
0
0
-1
0
-1
-1
0
0
0
0
0
0
-1
-2
-3
0
0
-1
-1
-1
-1
-3
-1
-1
0
0
0
0
0
1
1
1
0
0
0
0
0
2
1
2
1
1
0
2
3
1
1
0
0
-1
-3
-3
-3
-2
-2
-2
0
0
0
0
0
0
0
0
0
0
-1
-2
-1
-2
-1
2
1
0
-1
0
3
2
2
2
3
2
1
0
0
0
1
-2
-2
1
-1
-1
1
0
0
0
0
0
-1
1
-1
0
1
-3
0
-1
-1
-1
0
2
0
0
0
0
1
0
1
1
0
1
1
-1
0
0
0
0
1
2
0
-2
-1
0
0
1
0
0
1
0
0
1
-1
0
0
0
0
0
-2
-2
1
-1
-2
1
0
1
0
0
1
1
0
3
2
-1
-1
-1
0
0
-1
-1
-1
0
0
0
0
2
2
2
2
0
0
-1
0
0
0
-1
0
0
0
0
0
-3
-1
0
0
1
-1
0
1
0
0
0
0
0
1
2
3
1
-1
0
1
-1
-3
-3
-3
-1
-2
-2
0
1
2
2
2
1
0
0
1
1
-3
-1
1
0
0
1
0
1
0
-2
0
0
-2
-1
0
0
0
-1
0
1
1
0
0
1
1
1
0
0
0
1
0
-1
0
0
1
0
0
2
-2
0
-2
-1
-1
-1
0
0
-2
-1
0
0
-1
0
0
1
0
0
0
2
2
1
0
0
0
0
1
1
1
0
-1
0
0
-1
-1
0
-1
-1
1
0
0
0
0
-2
-2
-1
-1
0
0
0
0
0
2
1
-1
-1
0
1
1
0
2
1
0
0
0
-1
0
1
1
2
0
-1
0
0
0
-1
0
0
0
0
-1
1
0
-1
-2
-2
1
-1
0
0
0
0
1
0
0
-1
0
0
0
0
0
0
2
3
1
1
2
1
1
0
0
0
0
-1
0
0
1
2
2
-1
-1
0
-1
-1
-2
-2
-1
-1
0
0
-2
-1
0
0
-3
-2
-2
0
0
0
-1
0
2
2
3
2
2
4
2
2
0
0
0
0
-1
-2
0
-1
-1
-1
-1
0
0
2
1
1
0
0
-1
-2
0
0
1
0
1
2
3
2
1
0
-1
0
-2
-1
0
0
0
0
-1
0
-1
-3
-4
-3
0
-1
1
3
2
2
0
0
-2
0
0
0
1
1
5
3
2
1
-1
-3
-3
-6
-5
-1
0
1
2
3
3
2
1
-1
-6
-7
-5
-3
0
6
6
7
6
3
0
-2
-4
-7
-4
0
0
2
4
2
0
-1
-1
-1
-1
0
0
1
0
0
0
-2
-2
-1
0
2
5
6
4
-1
-4
-5
-7
-8
-2
1
3
6
7
7
2
-2
-4
-7
-6
-4
-2
2
6
5
3
1
0
-1
-1
-3
-2
0
1
0
2
1
-1
-2
-3
-2
0
0
0
0
0
0
1
1
1
-2
0
1
1
0
-2
0
0
0
1
3
3
1
1
0
1
0
-3
-2
0
0
0
0
0
-1
-3
-5
-4
0
0
-1
2
3
1
0
0
-1
-1
-2
0
2
2
2
2
2
0
-3
-1
0
0
0
0
2
3
0
0
1
0
-2
-2
1
0
-2
0
0
3
1
-1
-1
0
0
-2
-1
0
1
0
0
0
-1
0
0
0
0
0
0
-2
-1
0
-1
-1
0
2
1
1
0
0
2
1
-2
0
-1
-2
0
-1
0
0
0
2
0
0
1
2
0
0
1
0
0
-1
0
0
-1
-3
0
0
0
1
0
2
2
-1
0
0
0
-2
-3
-1
0
1
0
0
1
1
0
-1
2
0
0
1
0
1
1
-2
-1
0
0
0
1
0
0
0
-1
0
0
0
0
-1
-1
0
-1
-3
0
1
0
1
2
3
3
1
0
0
0
0
-1
0
0
0
-1
-1
0
-1
-1
-4
-1
0
0
0
0
2
2
1
0
-1
-1
0
0
1
3
2
0
-2
-1
0
1
1
0
-1
0
-1
0
0
0
0
-1
-2
0
0
0
-2
-2
0
2
2
0
0
2
3
1
1
0
0
-1
-3
-1
-1
-1
-1
-1
0
0
0
3
2
0
3
3
2
2
0
-1
-2
-1
-1
0
0
0
0
-1
1
2
0
0
0
-1
-3
-4
-6
-7
-4
-3
0
2
3
6
6
6
5
5
2
-1
-5
-5
-5
-3
-2
0
4
6
5
6
4
3
0
-3
-4
-4
-3
-4
-4
0
1
2
1
1
0
-1
0
-1
1
1
0
3
1
0
-2
-2
-2
-5
-4
0
0
3
2
3
4
5
3
0
0
-2
-2
-2
0
0
0
1
2
3
0
-1
0
-1
-3
-4
0
2
0
0
2
2
0
-1
-3
-3
-1
0
0
0
1
4
2
0
1
1
-1
-3
-2
1
2
2
2
1
0
-2
-1
0
0
-1
0
2
0
0
3
0
0
0
0
0
1
1
-2
-1
0
0
-2
-2
-1
-2
-1
0
1
3
1
0
1
0
0
-2
0
0
-3
-1
0
0
0
0
1
0
1
2
2
2
0
0
0
-1
0
2
1
-1
-1
-1
0
-3
-3
0
-1
-1
0
1
3
2
-1
0
0
-1
-1
-2
-1
-2
-1
0
1
6
2
3
5
0
-1
-3
-2
-1
0
2
2
1
3
0
0
0
-4
-3
-4
-2
0
-2
2
1
2
0
-1
0
0
0
-1
-2
-1
2
0
0
0
0
2
2
1
0
-1
0
0
0
0
0
2
1
-1
-2
0
0
0
-1
-1
0
0
0
1
2
0
0
0
0
-1
-3
-2
0
2
0
0
1
0
0
0
-1
0
0
-2
0
1
0
1
0
0
0
0
0
0
0
1
0
0
0
-1
0
0
0
0
0
0
0
1
0
0
0
0
-2
0
0
-1
0
0
0
0
-1
1
1
-1
0
0
0
-1
0
1
0
1
0
1
1
0
-1
-1
0
0
0
0
-1
0
-1
-1
0
0
0
0
0
0
-1
0
0
0
0
-1
0
0
0
0
0
1
2
0
0
-1
0
1
1
0
0
1
0
0
1
0
-1
-1
0
0
0
0
0
0
0
-1
-2
-3
0
0
0
2
0
0
0
0
-1
0
0
0
0
1
0
-1
1
0
-1
0
1
0
0
0
0
0
0
0
0
0
0
1
0
0
1
0
-1
-2
-1
0
1
1
1
0
0
0
1
0
0
-1
0
0
-1
0
0
-2
0
0
0
1
1
0
0
0
0
0
-1
0
1
0
0
0
1
-1
-1
2
0
1
1
1
2
0
0
0
-2
-2
-1
0
0
0
1
0
-1
-2
0
0
-2
0
1
0
-1
0
0
1
0
-1
-1
1
0
-1
0
1
1
2
0
2
2
0
0
0
-1
-1
0
1
0
0
0
0
0
-1
-1
0
0
0
0
0
0
0
0
0
0
-2
0
0
0
1
2
1
2
-2
-1
0
0
0
0
0
-1
2
0
-1
0
-2
-1
1
0
0
0
-1
1
2
0
1
0
0
1
0
0
0
0
0
0
-1
-2
0
0
0
0
0
1
0
0
0
1
1
0
0
-1
0
0
0
0
0
0
1
0
0
0
0
0
0
-1
-3
-2
0
-1
0
0
1
0
1
1
2
2
1
0
0
0
1
0
0
-1
-1
0
0
-1
0
0
0
0
0
-2
-2
0
0
1
1
1
0
1
1
-1
-1
0
-1
-2
0
0
0
0
0
0
0
0
0
0
0
-1
-1
0
1
1
-1
0
1
0
2
0
0
0
0
0
-1
1
0
-1
0
0
0
0
0
0
0
0
1
0
1
-1
0
4
-5
-4
2
0
-2
0
0
-1
0
0
0
0
0
-2
0
2
0
1
1
1
2
-1
1
1
0
-1
0
0
0
0
0
-1
0
0
0
-2
0
1
1
0
-2
0
1
-1
-1
0
0
0
0
1
1
0
0
0
-2
-1
0
2
2
0
-1
2
2
0
0
0
0
1
-1
-1
0
0
0
0
-1
-1
-1
0
1
0
1
1
0
1
1
0
0
-1
0
0
0
0
0
1
0
0
0
-1
-1
1
-1
0
-1
0
0
-1
-2
0
0
0
0
-1
0
1
0
1
0
1
1
0
0
1
0
0
0
1
1
0
0
0
0
0
-1
-1
-1
-1
0
0
-1
0
0
0
-1
0
0
0
1
2
1
3
2
0
0
-3
-3
0
0
0
-1
-1
0
0
0
0
0
0
0
0
1
0
0
-1
0
1
0
1
1
0
-1
-1
0
1
0
-1
0
0
0
0
0
-1
0
2
0
0
0
0
0
0
0
-2
-2
0
0
0
0
0
0
0
2
1
1
0
0
0
0
0
0
0
0
0
-1
-1
-1
0
1
0
1
0
-1
0
0
0
0
0
0
0
0
0
0
0
0
0
1
0
0
0
0
0
1
-1
-1
0
1
0
1
2
1
0
0
-1
-2
0
-2
0
0
2
2
1
0
0
-1
-2
-1
-1
-2
-2
1
1
1
2
1
1
-1
0
0
-1
0
0
-1
0
0
-1
-3
0
0
1
2
1
1
0
0
0
0
0
0
0
1
0
1
0
-1
0
-1
0
0
0
1
1
1
2
0
-1
-1
-2
-2
0
0
0
0
1
1
-1
0
0
2
0
-1
0
0
0
-1
0
-1
-2
0
0
0
0
1
1
1
3
1
0
0
0
0
0
0
-1
-1
0
-1
0
0
0
1
1
2
0
0
0
0
0
-3
0
0
0
0
0
0
0
0
0
0
2
0
0
0
-1
-2
-1
0
1
1
1
2
1
1
0
0
-1
0
1
0
0
0
0
0
0
-2
-1
0
0
-1
0
0
-1
0
0
0
1
0
0
0
0
0
0
0
0
0
0
0
0
0
0
0
0
1
1
1
0
0
0
1
0
0
0
0
0
0
-1
0
1
1
0
0
0
0
-1
0
0
0
0
0
0
0
1
0
0
0
0
1
0
0
0
0
0
0
0
0
0
-1
-1
0
-1
-1
-1
-1
0
0
0
1
2
0
0
0
0
0
0
1
0
-1
1
0
-1
1
0
0
2
0
0
2
0
-1
-1
-2
1
2
0
0
0
1
0
0
0
-2
-2
0
-1
0
1
0
0
-1
0
0
1
0
0
0
0
-1
-2
0
0
0
0
0
0
0
0
0
0
0
0
0
2
0
0
0
0
0
0
1
1
0
0
-1
0
-2
0
1
0
0
0
0
-1
-1
-1
0
0
0
1
1
0
0
0
1
0
0
-1
-1
1
0
0
1
0
-1
0
1
0
0
0
0
0
1
-1
0
1
0
0
0
0
0
0
-1
0
0
-1
-1
0
0
2
0
-1
0
0
-1
0
0
0
-1
-1
0
1
0
0
0
0
-1
0
0
1
1
2
1
0
1
0
0
0
1
0
-1
0
0
-1
-1
0
1
0
0
-2
-1
0
1
0
0
0
-1
-2
-1
0
0
-1
0
1
0
0
0
0
0
0
0
0
0
1
1
0
2
2
-1
1
2
1
0
1
1
0
-1
-1
-1
-1
0
-2
0
0
-1
-1
0
0
0
0
-1
0
0
0
0
-1
0
0
0
0
0
0
-2
-1
0
1
1
0
0
0
2
1
0
1
1
0
0
0
1
2
0
-1
0
0
0
-1
-1
1
-1
0
0
0
0
0
0
0
0
0
0
0
0
0
0
1
0
0
0
0
0
0
0
0
0
0
0
0
0
0
0
0
0
0
0
0
0
0
0
0
0
0
0
0
0
-2
0
0
0
0
0
0
-1
0
0
0
0
0
1
0
0
0
0
0
0
0
0
-1
0
0
1
0
0
-1
-1
0
0
0
0
0
0
1
-1
-1
0
0
0
2
2
0
0
1
0
-1
0
0
0
0
0
0
0
1
0
0
0
0
1
0
0
-1
-1
0
0
0
0
0
0
0
0
-1
-1
0
0
0
0
-1
0
-1
0
0
0
1
0
-1
0
0
0
0
-1
0
1
1
0
1
1
0
1
0
0
1
0
0
0
0
-1
0
-1
-1
0
1
0
0
0
0
0
0
0
-1
-2
0
0
1
0
0
2
0
1
0
-1
-1
0
0
0
0
0
2
2
0
-1
0
0
-1
0
-1
0
0
1
1
0
-1
0
-1
0
1
0
0
1
0
-1
-1
0
0
1
0
-1
1
0
0
0
0
-1
0
1
1
0
0
0
0
-1
-2
-2
0
1
0
1
1
0
1
1
-1
-1
1
-1
-3
-2
0
-1
-1
-2
0
4
3
2
2
2
2
3
3
2
2
2
0
-1
-4
-5
-5
-6
-7
-3
-4
-1
1
0
2
3
4
7
8
6
6
7
2
-3
-4
-7
-7
-8
-8
-5
-6
-7
-8
-12
-17
-18
-14
-14
-4
11
21
31
45
47
28
23
10
-20
-43
-51
-67
-74
-66
-42
-10
25
74
121
152
163
180
158
92
57
-15
-110
-173
-234
-284
-307
-319
-287
-233
-179
-98
41
165
204
372
490
422
463
455
313
178
47
-86
-195
-328
-383
-349
-368
-359
-301
-191
-202
-161
-30
-65
44
94
98
237
237
223
307
317
227
275
242
145
145
44
-14
-60
-148
-194
-199
-225
-230
-174
-163
-126
-87
-44
-30
7
34
43
113
73
104
131
68
65
54
-1
-9
-21
-34
-13
-57
17
-13
-56
5
-39
-63
-62
-33
-45
-31
17
32
46
53
64
61
30
11
27
-4
-19
-15
-8
-7
-50
-3
0
-68
-30
7
-51
-77
0
-1
-28
-37
-1
82
0
-68
-9
199
-258
-285
311
-315
-342
98
-32
-162
37
103
102
181
-27
245
176
162
142
225
458
359
258
239
721
166
-358
198
-117
-807
-660
-557
-794
-804
-588
-544
-130
-121
-324
462
251
1
394
141
314
264
-22
370
689
117
803
1316
129
1264
1267
168
495
236
-373
-851
-1001
-1245
-1251
-1469
-1140
-984
-635
-468
-391
453
-37
491
611
264
1093
507
538
869
729
455
553
498
-133
274
-425
-386
-479
-912
-547
-591
-559
-443
691
273
265
1324
1282
627
547
857
7
-438
-834
-720
-872
-1423
-916
-857
-731
-673
-381
-81
-343
703
183
-265
1472
301
-268
964
-66
-359
602
-153
-140
1485
1015
451
2115
1957
832
1177
723
-438
-573
-1523
-1981
-1422
-2512
-2108
-1384
-1579
-1215
-553
-193
-320
785
585
739
1675
1245
1416
1101
1313
768
-155
160
-684
-920
-723
-1045
-571
707
401
298
2134
1680
952
952
969
-68
-962
-1207
-1777
-1260
-2296
-1908
-854
-1368
-1119
-241
-5
-522
892
538
380
2005
1015
1117
1787
904
381
777
-491
-675
90
-1104
-453
308
971
861
902
2251
1779
587
505
710
-1059
-1613
-1652
-2085
-2008
-2311
-1697
-1460
-1021
-1176
-231
158
-321
1308
399
1217
2028
729
1712
1428
253
282
346
-762
-470
-20
-535
1549
1442
868
3334
2716
1182
1815
924
-668
-1283
-2116
-2769
-2629
-3107
-2682
-1958
-1992
-1345
-652
-148
-155
957
612
1228
2207
324
1817
1281
-399
197
363
-592
-675
728
1070
2337
1552
2994
3974
1612
1620
1263
-256
-2305
-2196
-2936
-3862
-3320
-3069
-2787
-2124
-1351
-1288
389
151
669
1749
1482
1936
1018
1676
658
-449
174
-142
-628
-475
1152
1801
1979
2667
3795
3063
1833
1287
371
-1032
-3131
-2463
-3443
-4575
-3091
-3321
-3038
-1770
-1716
-802
934
71
1119
2442
1584
1797
1547
1332
334
-489
24
-311
-1120
473
1616
1713
2520
3138
3577
2208
1398
441
-400
-2121
-3647
-2594
-3998
-4207
-2411
-2952
-2335
-623
-1390
444
1279
47
2534
2081
1432
2073
1585
412
-135
315
-701
-236
-168
794
2368
2371
2846
3877
3421
1696
1609
103
-1162
-2546
-3349
-3124
-4281
-3475
-2658
-2744
-1922
-968
-419
701
328
1207
3066
567
1242
2859
119
-490
876
-641
-640
771
-271
2392
3609
1685
4124
4264
1559
1491
781
-1380
-2796
-3355
-3975
-4452
-4161
-3962
-2995
-2536
-1954
-574
370
767
965
3237
1887
1026
3114
904
-330
361
-55
-518
225
662
1880
3985
3254
3732
5143
3376
1486
1387
-719
-2733
-3470
-5036
-5202
-5315
-5396
-4309
-3656
-2820
-1398
-322
531
689
2570
2646
897
2694
1871
311
289
9
116
206
589
1256
3243
3891
3790
3935
4290
2965
1045
281
-1307
-2813
-4568
-5026
-5059
-5571
-4981
-3945
-3572
-2254
-824
-48
1194
1548
3565
2559
1639
4026
1482
47
1304
-26
-761
890
292
1361
3107
3332
4625
3126
3718
3529
775
-183
-510
-2593
-4476
-4442
-5257
-5456
-5493
-4776
-4386
-3105
-2190
-1318
770
701
2992
2253
1284
4201
1384
54
1836
82
-359
1320
560
1413
3096
3114
4013
2977
3286
3169
784
-137
-918
-2625
-4612
-4636
-4716
-5635
-4862
-3638
-3657
-2093
-951
-419
1235
1703
2950
1963
1654
3680
1365
286
1915
680
171
2073
1940
2150
3847
4706
4443
3248
4069
2895
452
-499
-1708
-3180
-5403
-5385
-5257
-6355
-5426
-3870
-4163
-2345
-485
-571
1180
2189
2814
2072
1741
3206
1286
-228
1160
325
-792
1270
1287
1452
3518
3686
4532
3893
3317
3429
1336
-450
-1161
-2732
-4996
-5248
-5334
-6117
-5551
-3857
-3915
-2662
-218
-648
1120
2308
2301
2701
1433
2453
2084
-506
371
1048
-891
360
1968
1355
2921
4032
4401
4655
3535
3289
2808
339
-1117
-1563
-4118
-5083
-4950
-6387
-5888
-4568
-4567
-3957
-1453
-1200
-464
1826
1537
2252
1980
1895
2750
934
573
1712
652
448
2280
1962
2265
3941
3456
4321
4352
2277
2988
2032
-964
-778
-2391
-5069
-4356
-5876
-6620
-5023
-5151
-4810
-2798
-1567
-1559
836
1239
1366
2568
1148
2110
2310
31
774
1196
-486
581
1447
840
2301
2755
2535
4332
3389
1654
3225
1681
-999
-556
-2549
-4101
-4129
-5857
-5424
-4689
-5071
-3913
-2387
-1821
-793
644
1231
2042
2319
1929
2485
2477
1079
1218
1459
463
965
1450
1485
2587
2888
3002
4599
3882
2309
3614
2226
-223
-184
-1964
-3473
-4171
-5517
-5512
-5259
-5472
-4637
-3182
-2688
-1703
51
699
1401
2294
1902
2243
2677
1220
1012
1393
538
526
1187
1289
1834
2675
2434
3620
3956
2098
2679
2337
114
-453
-1503
-3027
-3747
-4849
-5229
-4975
-4988
-4354
-3281
-2462
-1596
-289
451
1553
2087
1584
2446
2686
1597
1531
1940
1243
1031
1645
1547
1633
2480
2096
2480
3465
1861
1622
1786
176
-618
-1475
-2790
-3146
-4239
-5390
-4614
-4993
-4968
-3757
-3397
-2581
-1392
-628
341
1235
1706
1933
2169
2718
2073
1422
1863
1677
917
1148
1656
1412
1933
2409
2552
3095
2633
1939
2182
1197
-291
-1007
-1948
-3275
-4321
-4797
-5389
-5037
-4576
-4467
-3031
-1818
-1357
125
1376
1689
2360
2280
2394
2620
1738
1364
1550
1122
667
1166
1274
1433
2455
2527
2565
3578
3316
2310
2357
1616
177
-979
-2064
-3056
-4477
-5407
-5443
-5738
-5601
-4682
-3979
-2919
-1625
-438
849
1648
2559
2779
2721
3109
2517
1883
1853
1292
993
1168
844
1267
1910
2072
2129
2505
3181
2118
1527
1637
442
-889
-1891
-2481
-3666
-4861
-4831
-4890
-5215
-4130
-3556
-3251
-1336
-814
49
1365
1723
2559
2270
2373
2771
1922
1528
1521
906
741
956
665
1312
2021
2036
2358
2881
3196
2277
1852
1559
510
-701
-1883
-2323
-3859
-5120
-4959
-5390
-5615
-4540
-4078
-3499
-1506
-799
112
1640
2054
2983
2930
2615
3237
2491
1387
1747
979
163
793
122
511
1598
1352
1742
2560
2655
2142
1765
1298
757
-552
-1779
-1873
-3226
-4400
-4050
-4387
-4782
-3359
-2873
-2794
-831
-154
488
1817
2031
2969
3115
2248
2798
2556
947
1171
804
-557
99
-280
-666
701
912
697
1786
2009
1598
1752
838
541
318
-1365
-1506
-1876
-3643
-3697
-3382
-4252
-3442
-2582
-2869
-1375
-427
-22
1282
1811
2130
2920
2609
2325
2768
1780
1184
1327
124
-281
84
-520
-304
802
893
1568
2405
2662
3043
2458
2064
1808
814
-520
-1107
-2061
-3665
-3892
-4307
-5173
-4452
-3948
-4307
-2650
-1522
-1292
711
1261
1766
3119
2905
2889
3184
2299
1706
1530
248
-67
42
-697
-393
657
938
1316
2314
2768
2861
2528
2051
1773
596
-599
-1211
-2446
-3506
-3888
-4406
-4597
-3947
-3561
-3244
-1840
-1083
-341
1103
1370
1993
2858
2749
2843
2914
2309
1992
1617
609
183
-6
-575
-547
15
417
988
1592
1920
2615
2261
1460
1677
873
-420
-1038
-1791
-2882
-3511
-3934
-4175
-4157
-3646
-3291
-2900
-1538
-1022
-161
1094
1331
2193
2943
2711
2882
2918
2148
1739
1370
364
-107
-59
-679
-519
450
841
1200
2065
2658
2619
2426
2060
1478
958
-454
-1612
-1774
-3315
-4236
-3989
-4570
-4418
-3365
-3351
-2388
-638
-588
657
1889
1902
2582
3130
3105
2734
2732
2046
1377
750
-195
-740
-1106
-1217
-1192
-473
341
993
1492
2387
3068
2080
2132
2274
932
-289
-686
-1738
-3024
-3362
-4010
-4186
-3954
-3511
-3016
-2198
-1129
-322
732
1474
2061
2599
2840
3334
3164
2703
2396
2044
1045
146
-380
-991
-1016
-1425
-871
103
275
831
1782
2387
1509
1600
1915
464
-405
-1002
-2110
-3228
-3837
-4499
-4591
-4460
-4068
-3056
-2690
-1146
-74
402
2021
2393
2742
2911
3390
3621
2416
2198
2160
897
-288
-193
-1307
-1944
-1037
-1421
-644
715
959
1409
2761
3035
1735
2315
2083
503
-127
-1078
-1909
-2883
-3868
-3950
-3903
-4107
-3211
-2285
-1935
-500
404
1111
1874
2339
2716
2304
2910
3164
2094
1825
1826
810
-309
-421
-1402
-1850
-1412
-1762
-938
120
358
949
2106
2616
1746
1795
2211
966
-244
-477
-1182
-2590
-3346
-3186
-3511
-3959
-2794
-2247
-2179
-669
97
745
1539
1930
2530
2394
2769
3143
2646
2188
1920
1292
288
-228
-1211
-1854
-1544
-1765
-1564
-651
325
401
1032
2598
1925
1270
2239
1358
-26
-278
-1054
-2376
-3141
-3358
-3848
-3951
-3407
-2790
-2450
-1566
-518
133
867
1261
2242
2322
2394
3043
2895
2667
1927
1820
1119
128
-501
-1359
-1226
-1396
-1384
-619
95
638
1102
1884
2681
1972
1466
2489
1118
-284
139
-1045
-2666
-2824
-3245
-4102
-3837
-3156
-2979
-2593
-1069
-258
250
1436
1737
2757
2539
2335
3327
2447
2145
2323
1470
806
785
-511
-1153
-899
-1881
-1753
-1275
-1092
-663
372
835
1451
2558
1817
2168
2268
1093
222
-120
-1430
-2672
-2567
-3754
-3666
-3151
-3247
-2906
-1920
-1091
-911
629
711
1532
2484
2174
3269
3107
2764
2831
2621
1469
898
679
-861
-1272
-1503
-1884
-1890
-1608
-1009
-511
453
640
1602
2453
1563
2005
2107
818
239
-140
-1773
-2253
-2451
-3954
-3504
-2999
-3343
-2709
-1534
-916
-401
931
1213
1725
2617
2200
2777
3117
2159
2399
2568
1259
842
835
-620
-1204
-1204
-2386
-2321
-1967
-2049
-1352
-324
49
551
2381
2124
1559
2877
2033
906
968
-234
-1221
-1742
-2927
-3193
-3016
-3502
-3172
-2369
-2050
-1302
-145
413
927
2282
2355
2489
3608
2923
2548
2940
2425
891
798
377
-1390
-1348
-1862
-2517
-2164
-1768
-1538
-567
356
384
1648
2763
1847
1980
2659
1211
455
336
-1142
-1824
-2088
-3176
-3344
-2971
-3200
-2945
-2057
-1827
-1180
102
408
981
2518
2164
2572
4025
2920
2675
3414
2662
1244
1256
344
-1164
-1324
-2325
-2842
-3000
-2826
-2399
-1741
-953
188
897
1826
3036
2089
2666
3118
1660
885
534
-526
-1930
-2206
-2996
-3404
-3313
-3265
-2826
-2460
-1580
-868
117
657
1726
2338
2284
3619
3247
2959
3307
2859
2190
1566
654
-463
-768
-2246
-2980
-2887
-3642
-3271
-2449
-2052
-1057
432
874
2310
3247
2468
3163
3285
1686
926
680
-1107
-1935
-2239
-3420
-3301
-2983
-3142
-2355
-1536
-1417
-92
850
605
1975
2373
1745
2773
2943
2119
2324
2349
1351
1433
951
-584
-378
-1027
-2446
-2195
-2363
-3277
-2602
-1627
-1989
-599
733
701
2100
3061
2477
2753
3176
1902
1185
857
-616
-1348
-1769
-3005
-3088
-2848
-3407
-2756
-2037
-2113
-964
137
113
1295
2236
1682
2780
3442
2454
2837
3093
1951
1655
1729
432
-322
-557
-1618
-2055
-2512
-2928
-2933
-2748
-2370
-1838
-854
-59
553
1332
2153
2524
2476
2637
2553
1916
1193
468
86
-1065
-2096
-1997
-2552
-3188
-2579
-2241
-2635
-1547
-608
-751
303
1257
1109
1783
2661
2251
2534
2961
2324
2030
1980
1388
245
-307
-787
-1722
-2369
-2630
-2818
-3084
-2538
-1994
-1423
-385
619
1152
2102
3163
2448
2853
3113
1712
1189
557
-587
-1293
-2081
-2781
-2728
-2975
-2818
-2204
-2099
-1157
-236
116
769
1827
1929
1745
2849
2500
1871
2413
1895
1231
1222
457
48
-72
-1398
-1246
-1363
-2735
-2362
-2214
-2704
-2222
-1508
-1171
-23
752
1337
2138
2775
3353
2699
2937
2424
1626
1028
-412
-552
-1673
-2854
-2578
-2922
-3467
-2636
-2355
-2290
-1087
-861
-54
619
1031
1901
1704
2489
2688
2233
2373
2277
1555
1213
1032
-106
-436
-453
-1412
-1961
-1684
-2076
-2341
-2063
-1650
-1558
-1181
-296
-2
476
1343
1600
1697
2072
2338
2543
1700
1775
2026
554
16
33
-1237
-2213
-2266
-2867
-3140
-2796
-2587
-2190
-1388
-859
-136
788
1047
1642
2367
1794
2627
2803
1726
2291
1781
932
692
496
-481
-702
-762
-1708
-998
-1504
-2094
-1290
-1793
-1773
-1183
-1266
-810
-198
-17
674
1309
1703
2294
2321
2421
3006
2849
1776
2057
1424
222
-614
-1007
-2178
-3189
-2924
-3788
-3480
-3075
-2377
-2121
-1118
-38
228
1530
1256
2341
2640
1786
2961
2346
1639
2060
1144
642
655
-232
-519
-758
-1241
-1239
-1422
-1467
-1255
-1464
-1058
-973
-646
-316
-444
248
173
164
458
503
306
591
471
437
904
741
1022
845
1329
1669
566
1097
891
24
-248
-898
-1264
-1750
-2319
-2405
-2098
-2292
-1562
-1361
-943
79
121
1051
1216
1514
2176
1298
2204
1868
974
1666
673
254
380
-465
-562
-752
-1214
-776
-1224
-1162
-590
-1152
-590
-343
-441
-40
121
364
426
475
723
688
364
754
379
268
414
99
-22
-313
-375
-708
-930
-1129
-1142
-1181
-1149
-679
-493
241
767
1033
1408
2610
2283
1812
2710
1441
1453
187
-577
-599
-2451
-2470
-2459
-3435
-2474
-2229
-2380
-725
-967
-22
1054
399
2213
1635
1210
3023
1245
1799
1896
712
1340
419
-21
206
-633
-826
-446
-1323
-1113
-944
-1462
-702
-1038
-831
-288
-398
11
262
253
837
663
788
1083
464
791
537
291
188
-170
-229
-237
-668
-611
-522
-804
-368
-659
-397
-33
-365
246
224
270
692
413
677
872
297
549
349
-191
-227
-544
-710
-968
-868
-571
-365
87
416
1194
1576
1211
1840
1533
1047
622
120
-607
-1110
-1721
-2013
-2048
-2167
-1811
-1719
-1099
-680
-267
440
623
1272
1626
1187
2091
1598
1294
1463
868
742
419
-95
-209
-528
-741
-773
-911
-1046
-894
-985
-759
-721
-584
-243
-171
74
238
367
574
644
553
803
516
468
457
183
159
-81
-184
-231
-416
-375
-455
-427
-344
-418
-183
-40
-244
96
194
74
263
207
306
245
172
250
182
52
102
39
-9
-84
-114
-61
-286
-180
-246
-255
-223
-223
-175
-53
-42
9
176
173
211
227
276
214
110
149
53
-8
77
-65
-81
-92
-146
-78
-138
-35
-54
-64
16
62
42
93
80
56
65
24
9
-30
-21
-97
-105
-43
-52
-95
-26
0
-7
15
90
105
93
147
176
86
94
120
53
32
93
23
-37
-56
14
10
-59
21
22
-41
-31
-35
-26
-125
-82
-14
-95
-64
28
275
-376
27
51
-343
-247
-407
-316
-397
-222
-13
94
322
889
702
949
1067
896
878
424
255
41
-900
-674
-1086
-1488
-1107
-1383
-1066
-902
-685
-84
-22
470
748
794
1070
1062
995
995
714
581
323
74
-10
-292
-381
-485
-433
-591
-452
-375
-417
-256
-219
-193
-33
-10
109
126
142
286
177
225
222
95
128
55
-52
-31
-103
-137
-156
-189
-181
-131
-113
-13
-11
-32
84
72
116
249
109
142
167
80
92
43
4
-40
-109
-101
-90
-96
-99
-65
-110
-15
-34
-57
1
-76
35
-39
17
79
21
110
75
59
97
-24
-18
24
0
-10
-29
-40
5
-3
-1
-20
-42
-8
-37
0
-9
48
23
3
78
65
6
-11
-37
15
-25
-60
-23
-32
-10
-35
-6
26
24
65
30
55
54
35
42
32
-1
-19
-14
-33
-27
-52
-65
-88
-67
-43
-26
11
55
24
43
56
0
29
29
25
26
17
-17
-9
0
-22
-35
-47
-45
-37
-24
-3
-8
-9
10
-4
15
26
41
84
51
11
-2
-26
1
14
-3
-17
-52
-43
-11
0
6
9
18
0
-49
-11
-15
-9
-5
-30
-5
22
46
52
20
24
37
31
29
-4
-18
-26
-27
-2
-50
-62
-44
-29
-1
12
15
37
46
37
19
-9
11
11
9
-8
-47
-40
-20
-6
18
11
19
26
16
15
17
21
22
-19
-33
-11
-15
8
11
-26
-11
-9
2
15
0
-4
-20
-23
-4
-9
-20
-8
-5
3
13
9
8
1
-4
14
5
-4
13
21
7
1
-17
-21
-3
25
31
7
2
7
12
12
3
-23
-22
-11
4
-1
5
-5
-8
-16
-13
-9
0
-9
-10
-17
-12
1
13
3
9
10
25
26
21
12
-5
14
18
7
0
-9
-22
-40
-18
-2
-1
9
-8
-23
-20
-10
4
12
8
1
-5
0
2
16
6
4
21
13
21
4
-9
-15
-18
-8
1
-6
12
-14
-15
-9
-16
0
23
3
12
-5
-13
9
0
14
3
4
35
7
-3
0
-17
25
12
0
-1
-13
-19
-21
-28
-22
-8
-4
-21
-32
-35
-5
5
8
16
3
28
29
8
21
12
24
30
4
7
2
-4
-2
-7
2
5
-13
-14
-19
-14
-4
-9
-11
-2
-7
7
11
12
14
2
0
4
5
16
13
-4
-17
-29
-11
6
6
0
-13
-15
-2
-2
7
9
8
5
-2
5
8
0
6
1
3
9
5
9
7
4
-6
-9
9
8
-3
-13
-24
-5
9
2
-10
-19
-13
-1
4
2
0
-7
-8
-4
5
1
0
0
2
10
12
5
-5
1
8
16
15
3
-12
-7
-2
0
-1
-4
-5
4
5
-6
0
0
-8
-1
4
-3
-3
-10
-11
0
2
0
2
6
3
5
10
2
3
8
-3
2
1
-12
-12
-3
-2
-3
0
-3
-8
0
-2
5
3
0
0
2
-3
2
3
3
-9
-2
2
5
5
0
1
-1
2
7
7
6
6
-6
3
5
10
1
-1
-1
-2
3
0
-5
0
0
-9
-3
-10
-2
-1
2
-3
-2
-10
-8
-3
2
-4
0
-11
-7
-7
2
4
10
2
0
-2
11
2
18
11
5
6
4
0
8
7
14
3
-3
-1
-4
-4
-2
4
-3
-5
-4
-11
-15
-3
3
7
1
0
-9
-7
-3
4
12
5
-2
1
-7
1
5
4
7
-2
-6
-3
-3
-3
0
-5
-3
-2
4
3
5
0
-1
0
9
12
13
6
0
-4
0
3
2
-1
-2
-12
-9
-7
-12
-7
-9
-10
-5
-5
-6
0
0
3
0
5
9
10
9
12
12
12
6
7
6
10
0
5
-8
1
-4
-9
-15
-12
-2
-6
-4
-11
-5
-10
0
-1
-6
1
0
2
0
-3
4
1
11
8
17
0
6
-9
-3
0
4
6
-2
5
0
-1
-5
6
8
9
-7
-21
-16
-1
9
8
-14
-9
0
17
21
21
-2
-4
1
0
6
0
-15
-6
-10
-5
-22
-10
12
-17
-9
-25
-36
7
23
8
43
20
21
48
7
-5
22
-36
-20
-12
-23
6
-12
-28
-25
-11
6
33
19
7
18
-1
27
20
11
2
2
-7
-16
20
0
0
26
-1
7
31
10
49
-9
9
6
-32
13
-21
-16
-9
-71
37
24
76
122
41
-22
358
-219
-338
-21
-883
-383
-532
-667
-136
260
669
996
1505
1667
1281
1025
757
-82
-560
-1039
-1671
-1369
-1902
-1532
-806
-1344
-160
-35
104
737
831
802
742
1236
771
716
659
207
123
-348
-198
-474
-621
-353
-449
-400
-140
-103
149
135
244
396
252
410
197
284
86
-88
-13
-304
-277
-334
-311
-379
-274
-323
-307
-170
-245
-23
-19
96
186
211
659
406
152
574
-73
-141
-316
-631
-673
-839
-373
-435
64
1251
847
1524
1938
1576
1477
917
392
-535
-1314
-1784
-1830
-2376
-1866
-1634
-1313
-781
-155
525
404
1129
1483
764
1671
1028
781
773
108
291
-406
-410
-431
-915
-351
-682
-40
-127
-33
450
208
528
543
379
490
147
387
194
-481
43
-608
-799
-957
-1249
-1296
-1536
-741
-724
-676
1403
1317
1335
2980
2179
2205
1626
1006
42
-1227
-1579
-1870
-2602
-2086
-1634
-1450
-677
-166
543
752
781
1738
1063
796
1564
602
495
297
-19
-165
-721
-348
-735
-584
-509
-16
478
-574
797
-5
-385
-128
-781
-766
-1118
-619
-188
-543
1146
2053
1144
2668
2479
1859
1547
219
152
-1932
-2712
-2080
-3799
-2717
-2308
-1909
-708
-323
1045
1413
1426
2216
2370
1080
1939
1418
217
454
-115
-537
-1116
-652
-1172
-1273
-793
-1172
-491
-791
-167
-231
114
1039
767
1629
2661
2242
2570
2513
1703
1218
-417
-910
-2072
-3901
-3048
-3940
-3950
-2435
-2160
-968
41
1055
1942
1948
2599
3016
1722
2153
2010
330
499
-124
-974
-1751
-1775
-2295
-2583
-1893
-1864
-389
317
1230
2924
3878
4201
4219
4028
2809
1216
127
-1680
-3516
-3778
-5098
-4905
-3979
-3778
-2066
-1236
-290
1227
1729
2081
2648
3154
1845
2057
2308
478
-367
-657
-1692
-3237
-2453
-1970
-2409
-427
609
1727
3833
4349
4867
4632
3398
2294
321
-1101
-3116
-4268
-4831
-5964
-4478
-3974
-3390
-1281
-229
727
2364
3019
2972
3888
2780
2388
2285
270
-564
-1425
-2882
-3561
-3346
-2889
-2253
-571
674
2455
4201
5049
5329
5298
4195
2295
732
-1256
-2940
-4839
-5237
-5907
-5394
-4363
-3551
-1698
-753
805
1996
2541
3148
2938
2706
2204
1513
387
-539
-1273
-2480
-2438
-2367
-2147
-885
275
1198
3089
4891
4353
5203
5035
2660
1719
92
-2097
-3506
-4892
-5183
-5319
-4716
-3123
-2448
-949
198
1250
2221
2194
2586
2439
1309
1016
191
-775
-2005
-2623
-2333
-3340
-1916
-915
-293
1730
2472
4920
5762
5111
6244
4339
2535
1479
-1007
-2011
-4516
-4942
-4768
-6778
-3768
-3525
-3233
-605
-332
1167
1656
1906
2088
2296
1048
727
774
-1301
-1525
-1511
-1772
-1507
-243
1110
1614
2831
5235
5675
4481
5702
3806
1593
765
-1547
-2826
-4689
-5490
-4762
-5809
-4420
-2502
-2670
-708
493
1344
2019
1583
2906
1704
184
1599
-623
-1859
-1188
-2047
-1499
-872
721
1952
2224
4196
5522
5592
4813
4750
3073
455
-513
-2038
-4294
-5090
-5441
-5803
-5166
-3848
-2575
-1896
-195
1151
1644
2043
1962
2864
888
157
1153
-1796
-1805
-1070
-1962
-945
43
1808
2328
3167
5904
5406
4864
5226
3154
1313
-675
-2231
-3922
-6478
-5810
-6423
-6784
-3999
-3320
-1995
-26
1451
2639
2740
3247
3191
2099
191
449
-1237
-3166
-2237
-2668
-2496
-702
1266
2225
3708
6184
6774
6067
6169
4960
1839
133
-1716
-4233
-6253
-6806
-6654
-6987
-5343
-2796
-1935
-353
2204
2762
2712
3140
3244
1520
-118
122
-1640
-3290
-1852
-2214
-1950
301
1873
3069
4405
6524
7101
6119
5988
4745
1693
-368
-1987
-4435
-6537
-6879
-6503
-7194
-5206
-2733
-2122
-208
2107
2574
2532
3536
2364
1003
571
-1516
-1679
-2670
-3170
-2014
-1554
101
1828
3449
5009
5995
7095
6335
5035
4214
1441
-1200
-2016
-5160
-6487
-5879
-7401
-5445
-4197
-3072
-300
98
2000
2613
2108
3147
1292
184
-512
-2662
-2862
-3049
-3195
-2003
-895
1210
3346
4212
6371
7746
6945
6847
5920
3065
1149
-1329
-3027
-5690
-7075
-5945
-7714
-6003
-3222
-2931
-865
1206
2164
2386
3092
3133
1723
844
96
-1336
-2244
-1987
-2152
-1665
3
1497
2524
4099
5663
5939
5657
5660
4036
1960
98
-2119
-3334
-6402
-5992
-6462
-7736
-4506
-4069
-2711
-229
597
1948
1961
2506
2637
905
284
-87
-2129
-2104
-1578
-2105
-719
1002
2175
3209
5009
6478
5951
5673
5911
3217
1336
285
-2456
-3486
-5631
-5443
-5206
-6816
-3585
-2866
-2598
-148
669
1217
1076
2256
1416
290
481
-990
-1150
-1490
-1698
-519
-194
1175
2785
3487
4535
5680
5743
5186
4190
2907
926
-1435
-2187
-4466
-6042
-5122
-6797
-5687
-3586
-3646
-1471
-395
544
1508
1285
1993
2125
12
178
-38
-2188
-1293
-1254
-1514
84
1096
2675
3592
5022
6334
5407
5663
4904
2347
1016
-1503
-2994
-4674
-7149
-5297
-6828
-6527
-2861
-3328
-1445
821
1562
2206
1905
3169
2074
-21
846
-736
-2681
-1601
-1825
-1969
-415
1312
2230
3382
5450
6381
6015
6074
5475
3001
904
-786
-2568
-5169
-6211
-5465
-7233
-5990
-3368
-3155
-1417
546
1631
1632
2011
3049
1407
386
486
-1121
-2500
-1831
-2212
-2149
-651
502
2104
3050
4823
6054
5532
5767
5008
2733
1032
-961
-2313
-5118
-5948
-5226
-7444
-4888
-3422
-3213
-593
208
1557
2092
1801
2862
1925
-193
476
-871
-2746
-1489
-1907
-1950
-177
866
2508
3229
5294
6532
4909
6144
4749
1861
1203
-1438
-2597
-4934
-6123
-4983
-7276
-5388
-3088
-3688
-1507
331
756
844
1810
2394
782
-3
928
-1361
-2242
-565
-1945
-1284
701
1638
2579
3685
5754
5724
5019
5887
4047
1728
534
-1347
-2874
-5500
-5138
-5235
-7117
-3908
-3302
-3261
-634
457
1224
1207
1803
2137
430
-624
251
-1608
-2823
-927
-1555
-1355
784
2273
2678
3767
6172
5397
4681
5593
3390
1091
310
-1615
-2987
-5215
-4963
-4258
-6372
-3341
-1991
-3054
-233
857
813
1016
1777
1786
-229
-192
252
-2228
-1751
-885
-2053
-401
679
2022
2957
3504
5970
4756
4500
5211
2180
791
-206
-2283
-3736
-5449
-4508
-5634
-5697
-2557
-3053
-1942
148
520
1251
1305
1633
2088
53
-28
860
-2218
-1431
-455
-1639
-165
1076
2345
2653
3896
6315
4860
4770
5840
2478
1089
702
-1991
-2775
-4681
-4343
-4607
-5901
-2529
-2762
-2471
-59
170
527
714
1470
1156
-558
167
-296
-2088
-1264
-1112
-1300
-228
1142
2461
2705
4580
6113
4692
5684
5135
2621
1719
-210
-1754
-3712
-5450
-4337
-6398
-5427
-2911
-3585
-1783
-186
603
915
1413
2402
1119
2
1095
-828
-1840
-596
-1888
-1180
-95
509
2266
2373
4389
5365
4845
5628
4775
2988
1445
-55
-1358
-4084
-4635
-4322
-6775
-4867
-3181
-3752
-1676
187
-146
797
1828
951
1004
360
-250
-460
-1270
-921
-1185
-609
466
1211
2802
3085
4568
5455
4804
5440
4285
2429
1027
-534
-2272
-4397
-4273
-5185
-5951
-3629
-3482
-2680
-722
-307
465
947
1042
976
643
-487
36
-1272
-1294
-1076
-1418
-64
71
1690
2715
2931
4979
4777
4483
4943
3111
1603
273
-1147
-2940
-4184
-4291
-5056
-4934
-3212
-2370
-2107
48
263
289
1514
562
1016
-29
-872
-536
-1991
-1420
-1801
-1295
-330
90
2207
2455
3433
4891
4378
4710
4291
2795
1316
63
-1173
-3294
-3557
-4083
-4879
-3968
-2808
-2472
-1437
73
117
816
1490
1060
1357
480
16
-37
-1099
-920
-1082
-998
-226
364
1796
2313
3113
4394
4165
4165
4148
2429
1012
-3
-1470
-3434
-3587
-4045
-4898
-3860
-2851
-2530
-1329
-39
9
690
960
910
723
-173
-77
-687
-1243
-939
-1217
-773
-152
865
2020
2409
3680
4547
4104
4722
3929
2245
1117
121
-1556
-3289
-3070
-4260
-4814
-3371
-3087
-2793
-1308
-719
-597
407
557
633
621
-88
290
-643
-486
-586
-764
112
150
1640
2350
2886
4183
4303
4251
4162
3102
1542
441
-601
-2609
-3218
-3770
-4553
-4088
-3270
-2621
-2025
-648
-472
120
901
354
994
-29
-321
-369
-1094
-1018
-1292
-506
-391
508
2015
2138
3219
4194
3970
4066
3914
2334
1093
490
-1420
-2891
-2955
-4241
-4494
-3619
-3161
-2523
-1318
-422
-348
791
631
591
1028
-259
-25
-342
-710
-891
-479
8
92
1740
2359
2649
4141
4249
4192
4356
3525
1724
992
-83
-2446
-2704
-3681
-4636
-4206
-3797
-3066
-2553
-1086
-979
-299
682
-137
1007
42
-563
-132
-928
-845
-1067
-239
-234
531
2279
2215
3500
4306
4373
4502
4151
3205
1523
718
-954
-2476
-3227
-4026
-4325
-4305
-3311
-3062
-2050
-1030
-783
380
141
643
917
-21
167
52
-458
-850
-177
-36
-57
1826
2250
2599
3992
4310
4381
4384
3756
2171
1138
-89
-1937
-2754
-3815
-4320
-4169
-3777
-2784
-2138
-987
-726
92
511
20
896
-193
-342
-473
-793
-1031
-985
-216
-174
852
2216
2401
3406
4335
4195
4373
4183
2806
1532
743
-751
-2332
-2905
-3555
-4267
-3621
-3097
-2736
-1735
-1238
-756
-197
-330
188
213
-655
-402
-363
-1064
-633
-182
-250
439
1643
2243
2639
3602
3920
3585
4006
3414
1733
1123
-223
-1535
-2346
-3415
-3512
-3843
-3562
-2516
-2054
-1337
-889
-68
-11
38
854
-183
-397
-229
-635
-859
-683
-181
-323
653
1878
1816
2654
3376
3252
3420
3389
2188
1306
462
-906
-1813
-2923
-3291
-3700
-3634
-2903
-2537
-1620
-1065
-435
288
63
666
568
-324
-242
-307
-1134
-941
-397
-527
214
1569
2149
2645
3890
4194
4136
4554
3775
2520
1655
313
-925
-2229
-3059
-3564
-4086
-3605
-3019
-2413
-1725
-968
-88
-157
236
826
-297
-311
-80
-834
-964
-565
-466
-207
820
1832
2127
2967
3847
3689
4016
3966
2751
1895
843
-389
-1589
-2751
-3111
-3901
-3918
-3189
-2981
-2263
-1645
-1033
-640
-456
251
6
-287
79
-22
-349
15
305
380
981
1962
2515
2674
3396
3715
3609
3934
3192
1959
1043
-161
-1347
-2629
-3288
-3914
-4345
-3815
-3133
-2666
-1919
-1196
-715
-357
-7
338
-36
-180
85
-300
-376
-211
-37
113
820
1858
2120
2666
3402
3680
3925
3947
3183
2071
1066
52
-1393
-2414
-3299
-3776
-3956
-3467
-2825
-2388
-1650
-1139
-471
-306
157
380
-467
55
-145
-550
-483
-307
-83
106
1289
1853
2194
3121
3570
3815
4070
3805
2616
1720
645
-645
-1893
-2946
-3337
-4042
-3853
-2981
-2691
-2012
-1299
-812
-395
-47
354
143
-161
134
-22
-419
-241
160
151
608
1724
1966
2324
3066
3330
3522
3799
3227
2143
1332
367
-995
-2097
-2918
-3598
-3849
-3562
-2946
-2371
-1623
-971
-344
-84
362
686
40
190
135
-328
-319
-221
-100
67
858
1647
1988
2516
3023
3205
3472
3508
2523
1704
847
-332
-1599
-2703
-3340
-4009
-4155
-3539
-3087
-2526
-1597
-1210
-591
-104
326
481
1
163
87
-200
-224
-78
-54
205
960
1646
2044
2442
3131
3326
3654
3600
2659
1879
891
-197
-1506
-2578
-3079
-3702
-3754
-3287
-2903
-2219
-1442
-1042
-384
-34
372
393
85
194
-14
-223
-340
-136
-204
110
783
1422
1928
2420
3126
3381
3696
3603
2648
1928
993
-22
-1261
-2259
-2880
-3423
-3390
-2890
-2639
-1934
-1304
-1005
-407
-189
242
162
-108
-45
-259
-513
-629
-518
-551
-135
532
1308
1782
2230
2966
3140
3538
3382
2419
1592
831
-310
-1443
-2252
-3011
-3445
-3378
-2845
-2616
-1921
-1136
-889
-278
60
385
367
120
96
-151
-260
-389
-278
-357
-65
518
1150
1648
1897
2676
2989
3277
3320
2622
1744
1074
96
-1175
-1962
-2762
-3301
-3402
-2939
-2719
-2187
-1403
-1054
-415
-124
223
326
84
105
-23
-144
-361
-297
-307
-300
467
1016
1552
1940
2534
3008
3190
3435
2657
1837
1162
284
-894
-1772
-2583
-3136
-3256
-3033
-2493
-2216
-1532
-1044
-565
-64
201
474
158
155
-3
-218
-255
-362
-290
-234
352
922
1650
1999
2473
3103
3299
3664
3168
2293
1625
872
-357
-1359
-2297
-2964
-3216
-3035
-2682
-2482
-1741
-1213
-804
-323
-95
196
137
115
-100
-319
-259
-363
-432
-345
25
594
1419
1815
2156
2884
3151
3479
3313
2291
1520
1002
-151
-1297
-1911
-2985
-3115
-3025
-2897
-2592
-2197
-1483
-1236
-671
-261
29
298
306
373
25
12
-4
-270
-232
-181
287
863
1449
1665
2163
2743
2941
3255
2820
1829
1440
788
-346
-1149
-2075
-2569
-2768
-2618
-2361
-2314
-1764
-1324
-1028
-688
-336
-122
0
7
1
-42
30
13
-35
-17
231
766
1233
1553
1757
2377
2621
2916
2856
1874
1299
770
-215
-1118
-1969
-2618
-2966
-2818
-2487
-2404
-1956
-1440
-1215
-853
-463
-262
-193
4
28
-215
-49
216
-185
-111
232
444
1073
1726
1697
2056
2791
2833
3016
2618
1600
1229
653
-527
-1235
-2015
-2661
-2707
-2689
-2459
-2264
-1765
-1314
-1178
-756
-385
-91
34
165
171
-56
408
470
20
279
440
789
1476
1853
1841
2301
2871
2937
3144
2498
1581
1355
622
-417
-1237
-2081
-2575
-2679
-2630
-2550
-2323
-1812
-1432
-1156
-713
-487
-237
-81
49
-94
-249
124
20
-238
-97
-53
371
1126
1349
1417
2021
2531
2959
3163
2457
1754
1479
873
-170
-1118
-2008
-2556
-2524
-2479
-2404
-2170
-1759
-1311
-1023
-660
-384
-177
-27
127
-81
-299
-3
-37
-338
-181
130
447
1146
1529
1586
2128
2662
2957
2982
2275
1562
1259
531
-506
-1326
-2154
-2545
-2441
-2510
-2533
-2225
-1620
-1151
-894
-603
-322
-117
87
154
-164
-232
61
-47
-291
-43
203
522
1276
1585
1670
2227
2639
2914
2918
2171
1534
1294
614
-411
-1283
-1995
-2443
-2523
-2483
-2534
-2276
-1700
-1277
-922
-636
-325
-23
238
468
178
-102
363
340
-173
35
162
317
1171
1463
1461
2106
2607
2867
2964
2269
1514
1276
574
-524
-1317
-2061
-2566
-2489
-2533
-2632
-2189
-1723
-1372
-922
-728
-527
-139
21
153
88
-264
-11
347
-30
-143
160
386
1008
1452
1406
1880
2426
2543
2760
2389
1532
1277
857
-222
-1069
-1787
-2446
-2510
-2471
-2591
-2254
-1683
-1292
-803
-426
-237
107
310
371
506
174
-126
214
166
-242
-157
-13
299
1029
1360
1530
2116
2618
2984
3063
2378
1756
1601
911
-227
-1083
-1855
-2416
-2501
-2649
-2787
-2421
-1938
-1527
-1087
-881
-641
-204
14
236
319
-74
12
485
171
-221
-34
109
461
944
989
1267
1835
2132
2557
2607
1778
1383
1408
625
-333
-937
-1710
-2201
-2271
-2505
-2562
-2239
-1851
-1362
-1034
-807
-243
102
237
738
692
163
460
706
154
-47
80
155
633
1006
1095
1560
2025
2362
2864
2733
2014
1708
1411
615
-255
-1162
-1964
-2349
-2556
-2703
-2654
-2387
-1871
-1349
-1070
-748
-305
-11
316
641
438
155
487
707
299
44
182
445
844
1027
1055
1507
1993
2196
2471
2314
1655
1367
1070
181
-703
-1405
-2038
-2312
-2401
-2520
-2414
-2046
-1516
-1085
-981
-757
-291
-62
101
244
-33
-151
194
143
-204
-136
80
363
859
1102
1262
1805
2225
2388
2578
2310
1648
1300
950
140
-728
-1413
-1934
-2244
-2433
-2519
-2365
-1977
-1470
-1172
-1075
-733
-258
-50
79
144
63
201
431
325
196
320
489
811
1190
1234
1395
1897
2102
2238
2472
2070
1476
1310
789
-137
-831
-1452
-1982
-2224
-2443
-2532
-2254
-1873
-1532
-1222
-990
-554
-8
107
124
378
385
402
609
422
302
560
682
944
1232
1199
1454
1827
1916
2190
2173
1557
1273
1059
261
-467
-1023
-1714
-2040
-2148
-2400
-2125
-2072
-1053
49
44
-156
-1184
-1116
-810
-424
-52
-127
131
163
46
317
385
161
319
480
584
994
1164
1199
1571
1789
1984
2280
1902
1328
1218
791
16
-613
-1313
-1833
-1950
-2070
-2119
-1983
-1762
-1332
-989
-843
-531
-264
-136
82
84
-33
174
385
334
366
561
829
1173
1355
1397
1608
1837
2016
2140
1780
1202
941
549
-200
-914
-1503
-1949
-2094
-2085
-2165
-2129
-1739
-1317
-1113
-894
-603
-387
-188
2
39
93
329
468
473
580
743
993
1238
1299
1471
1700
1816
2084
2034
1446
1065
757
110
-552
-1189
-1785
-2020
-2022
-2107
-2174
-1989
-1622
-1361
-1202
-934
-639
-466
-261
-35
74
246
399
357
510
786
874
1162
1499
1567
1741
1969
2111
2064
1568
1106
811
200
-451
-996
-1550
-1826
-1928
-2030
-1966
-1781
-1564
-1389
-1243
-971
-745
-632
-387
-113
17
139
289
463
699
847
983
1332
1606
1610
1715
1995
2034
1736
1397
1033
543
39
-562
-1234
-1602
-1735
-1893
-1939
-1812
-1614
-1418
-1261
-1002
-677
-528
-340
60
239
225
457
706
816
971
1053
1236
1543
1430
1302
1643
1633
1194
1024
742
184
-245
-768
-1250
-1391
-1589
-1746
-1604
-1452
-1248
-1048
-1035
-763
-374
-340
-147
277
344
351
590
702
776
954
1089
1272
1379
1296
1430
1604
1318
996
933
663
118
-450
-965
-1233
-1270
-1470
-1814
-1774
-1342
-1128
-1226
-1192
-891
-482
-121
63
106
266
602
723
630
813
1038
1066
1200
1139
924
1139
1232
856
667
541
179
-142
-505
-972
-1265
-1300
-1237
-1290
-1371
-1280
-1128
-966
-799
-712
-583
-326
-46
99
217
525
887
1149
1239
1170
1234
1420
1436
1153
750
676
679
307
-97
-500
-841
-808
-943
-1286
-1249
-1087
-985
-912
-1008
-933
-628
-446
-233
9
97
368
752
870
997
1173
1227
1375
1369
1206
1247
1041
700
678
385
-57
-257
-595
-829
-925
-1180
-1196
-1095
-1107
-1043
-1066
-1012
-774
-653
-463
-163
19
262
526
634
808
1062
1149
1142
1178
1221
1221
1024
735
607
382
13
-248
-564
-810
-861
-989
-1038
-962
-943
-876
-828
-781
-637
-509
-305
-36
116
268
500
656
767
951
1021
992
1042
1036
998
883
575
430
297
-103
-415
-652
-859
-913
-1018
-1068
-972
-904
-842
-868
-846
-613
-431
-312
-103
109
268
438
654
774
859
1065
1160
1106
1075
1010
891
698
465
283
24
-338
-636
-828
-979
-1104
-1141
-1103
-1060
-1006
-942
-854
-690
-507
-359
-157
79
257
455
682
850
1018
1153
1197
1232
1241
1169
1045
872
655
439
216
-43
-320
-596
-808
-917
-1020
-1102
-1080
-1009
-927
-864
-807
-684
-492
-280
-125
3
233
468
602
730
856
960
1036
999
931
911
797
616
477
295
44
-199
-404
-586
-729
-852
-939
-932
-939
-954
-908
-831
-697
-539
-400
-219
-4
214
431
568
691
895
1012
992
981
959
872
752
592
408
225
41
-171
-410
-596
-700
-800
-919
-944
-899
-916
-911
-856
-738
-575
-472
-329
-105
103
313
485
623
782
946
1040
1005
1004
1066
960
806
710
507
241
42
-121
-409
-725
-827
-899
-1058
-1126
-1110
-1087
-1021
-876
-717
-580
-322
-2
200
383
637
851
964
1059
1116
1062
995
936
802
595
367
201
45
-187
-407
-562
-679
-756
-836
-906
-915
-880
-802
-721
-678
-568
-334
-109
28
189
424
643
806
920
963
996
1027
972
840
682
501
317
133
-87
-340
-552
-667
-746
-850
-919
-921
-878
-820
-750
-675
-588
-391
-129
23
126
304
541
720
771
831
922
938
897
803
663
542
428
263
6
-232
-365
-518
-678
-766
-848
-885
-860
-825
-786
-735
-601
-405
-251
-93
85
264
472
649
755
813
870
930
892
786
724
619
461
325
167
-10
-192
-368
-484
-573
-681
-768
-787
-741
-706
-687
-650
-566
-387
-218
-126
20
227
416
560
640
710
780
803
778
683
575
511
424
284
95
-69
-153
-267
-445
-573
-644
-694
-738
-761
-738
-682
-581
-441
-341
-238
-65
111
257
379
489
580
625
653
637
558
519
496
399
280
190
104
-27
-176
-259
-337
-437
-490
-533
-542
-506
-501
-487
-423
-324
-234
-182
-91
23
117
231
308
354
438
491
492
472
441
416
377
325
229
101
41
-11
-145
-262
-315
-347
-382
-425
-464
-463
-374
-273
-255
-215
-99
0
55
113
176
234
297
335
313
292
292
254
220
209
137
22
-21
-26
-103
-211
-245
-236
-233
-237
-270
-283
-215
-148
-152
-140
-54
21
45
95
160
199
233
275
278
245
228
223
198
153
103
52
9
-36
-94
-148
-177
-190
-213
-245
-251
-230
-203
-182
-136
-53
4
29
72
127
153
169
195
194
173
176
172
129
91
73
37
4
-10
-58
-120
-119
-102
-156
-206
-184
-145
-129
-110
-93
-73
-13
35
26
33
99
128
102
94
91
61
55
77
54
8
11
30
11
-20
-34
-32
-10
0
-32
-71
-56
-19
-39
-93
-78
-13
2
-20
-29
-13
9
20
12
8
30
56
53
33
37
55
46
49
58
13
-32
-18
-20
-71
-76
-37
-26
-24
-2
7
3
20
32
23
31
44
19
0
32
34
-20
-44
-14
5
-17
-54
-63
-29
6
-6
-36
-9
54
64
20
1
21
36
24
5
-12
-29
-32
-10
-17
-51
-22
25
11
0
20
22
21
39
24
8
36
30
-22
-29
2
-5
-46
-42
-11
-9
-18
-14
-16
-6
21
16
-9
9
23
-15
-24
-5
-16
-11
20
17
-2
22
33
8
13
29
9
-4
14
12
-20
-20
2
-4
-29
-25
-7
-8
-8
-10
-16
0
24
11
-20
-12
13
12
2
10
26
34
31
17
10
7
0
4
-5
-34
-34
-21
-35
-35
-9
-11
-15
20
43
20
10
30
37
21
0
-21
-15
-3
-17
-31
-40
-28
2
-2
-28
-13
12
9
5
6
12
20
27
29
12
-4
11
14
-9
-5
6
1
14
12
-17
-14
16
8
-17
-14
1
5
-2
-19
-30
-19
-13
-35
-44
-29
-20
-3
25
19
15
60
69
17
8
42
32
-12
-25
-3
6
-13
-36
-19
17
14
-13
10
56
39
6
8
14
5
-38
-81
-48
-19
-88
-111
-22
2
-56
-49
17
34
25
32
31
58
111
80
14
58
107
30
-27
17
25
-26
-40
-28
-34
-43
-51
-56
-38
-25
-39
-30
9
17
-9
-8
19
16
-15
-29
-10
2
-12
-21
-7
11
16
3
3
29
43
24
28
59
49
18
25
32
5
-8
-15
-37
-22
-17
-59
-62
-20
-11
-37
-32
6
11
3
12
10
19
26
1
4
22
8
-4
0
16
11
-6
1
15
17
12
-2
2
16
3
-4
-9
-18
-16
-16
-21
-28
-33
-26
-18
-9
-9
-18
0
33
29
13
22
39
38
25
9
-7
-2
14
-8
-47
-32
5
-5
-38
-33
-5
4
-6
-20
-5
13
5
-9
0
21
7
-15
10
31
5
-13
5
34
32
3
-11
22
47
20
-18
-15
21
20
-15
-29
-20
-9
-5
-13
-38
-43
-6
3
-25
-26
-1
18
27
8
-6
27
48
9
-21
6
35
16
-5
-7
-1
19
23
-16
-32
13
23
-20
-20
12
1
-24
-8
4
-8
-6
-9
-20
-2
16
-9
-21
4
16
0
-4
5
-3
0
20
11
-6
4
16
12
7
0
-8
2
16
2
-16
-3
12
-4
-12
-1
-6
-11
-1
0
-14
-15
1
-1
-8
2
4
-4
2
8
0
-1
3
2
-4
3
11
1
3
-2
-8
7
18
-2
-10
13
18
-3
-3
11
4
-5
-1
3
-3
-17
-16
1
2
-12
-13
8
20
0
-19
2
21
4
-19
-8
14
3
-24
-19
9
4
-15
-9
4
12
6
-2
10
25
11
0
0
14
17
-14
-23
13
20
-21
-32
8
31
-3
-30
-7
25
12
-30
-31
14
23
-22
-36
2
22
0
-14
-5
11
22
4
-17
14
33
-1
-10
21
15
-9
2
7
-8
-7
2
-6
-10
-3
-4
-6
0
-8
-11
9
15
-11
-10
16
12
-14
-20
-9
1
-11
-30
-21
6
9
-19
-16
22
30
2
0
30
42
19
4
21
32
13
-12
-8
1
-15
-36
-30
-16
-18
-31
-24
4
15
4
1
18
29
8
-10
-3
5
-5
-20
-13
13
13
-5
-1
25
30
0
-11
10
25
0
-23
-11
12
4
-24
-30
-6
4
-9
-23
-9
15
13
-6
-6
12
21
3
-7
2
4
1
-5
-7
3
2
-5
-3
3
1
-4
0
14
16
9
0
-2
10
12
-5
-9
2
9
0
-12
-7
-4
-2
7
6
1
4
10
7
-4
-10
-4
3
-1
-22
-34
-17
-7
-12
-19
-11
8
13
0
-8
0
13
21
11
1
6
14
7
-6
-4
8
17
16
6
1
10
13
4
-4
-3
4
3
-6
-11
-12
-1
-3
-21
-16
0
3
-9
-15
2
19
0
-20
-12
12
14
-22
-35
6
28
-12
-51
-18
32
21
-18
-9
40
47
5
-16
17
37
1
-27
2
36
13
-20
-8
22
14
-16
-21
0
10
-9
-31
-23
-1
-4
-26
-26
-3
9
0
-7
5
23
19
0
-2
10
15
-1
-13
-2
9
9
0
0
11
14
5
-1
3
11
8
-2
-7
0
2
-5
-17
-12
-1
0
-10
-16
-8
-2
-4
-11
-8
0
6
6
1
-1
3
9
2
-6
-3
6
9
0
-6
0
10
2
-7
-4
7
4
-4
-2
4
10
0
-2
1
4
1
-5
-3
2
2
1
-3
-2
5
6
2
-5
-3
6
2
-9
-9
0
2
-8
-15
-6
1
2
-6
-4
7
8
4
4
11
14
10
6
7
8
4
0
-5
0
-1
-7
-13
-8
-5
-9
-13
-13
-5
0
-5
-4
4
10
5
0
4
9
6
1
0
4
8
6
6
9
10
10
8
2
-2
-5
-7
-12
-16
-13
-13
-18
-15
-10
-6
-5
-2
3
9
9
10
15
16
15
11
8
7
3
-4
-6
-8
-8
1
3
0
6
11
6
-3
0
-1
-13
-16
-13
-15
-19
-7
-3
-6
2
6
7
6
8
11
9
7
7
0
-3
-3
-8
-6
-3
-2
1
3
6
7
6
7
6
3
2
-1
-7
-8
-7
-8
-8
-9
-5
0
-1
0
3
3
1
0
1
0
-2
-3
-3
-4
-3
-1
-2
1
6
7
3
10
11
3
4
7
5
2
2
1
-4
1
-2
-7
-4
-3
-2
0
1
1
-2
-2
1
1
-3
-4
-1
0
-1
-6
-10
-5
-3
-8
-8
0
3
3
4
1
2
6
3
0
5
5
3
4
3
0
0
5
2
-1
0
0
-2
0
0
0
0
3
4
2
0
-3
-1
-3
-7
-3
-4
-6
-1
2
1
3
3
2
0
-1
-1
-1
-1
-1
0
-2
0
0
-1
0
-2
-1
-2
0
2
0
0
3
5
4
3
1
1
3
0
-1
0
0
-1
0
1
2
-1
-1
1
-1
-1
-1
0
-1
0
0
-5
-3
1
-1
-4
-2
-2
-2
-2
-1
2
0
2
6
4
6
5
3
2
2
2
1
2
0
0
-2
0
0
-5
-2
-2
-3
-4
-2
0
0
-1
0
0
-1
-1
0
-2
-1
0
0
-1
0
0
-1
0
2
2
0
0
0
0
1
2
3
0
0
1
0
1
0
0
3
1
1
1
1
0
-1
-2
0
0
-4
-2
0
-3
-1
1
-1
-1
2
0
-3
1
3
-3
0
2
-1
-2
0
0
0
0
1
0
0
2
0
0
2
0
0
2
0
-1
-1
1
0
0
2
1
-1
0
-1
-2
2
1
-1
0
1
0
0
0
0
0
-1
-3
-1
-2
-1
1
-1
0
0
0
0
0
-1
0
0
-1
0
0
0
0
0
0
0
3
2
0
1
1
0
1
0
0
1
0
-1
-2
0
1
0
0
-2
0
0
-3
0
0
1
0
-1
0
1
1
-3
-1
0
0
2
0
0
1
0
-1
0
1
0
1
1
0
-1
0
1
-1
-2
0
0
0
1
0
1
3
0
-1
-2
0
-1
-1
0
0
0
2
2
0
0
0
0
0
0
-1
0
1
1
0
0
2
2
0
0
1
0
-2
-2
-3
-1
-2
-2
-1
0
0
-1
0
0
0
0
0
1
2
1
0
0
0
1
0
0
2
2
1
2
1
0
-1
0
-2
-1
-2
-2
0
0
-1
-2
0
0
0
-1
-1
0
1
0
1
2
0
2
1
0
0
-1
0
1
1
1
0
0
1
1
-1
-3
0
0
-3
-1
-1
-1
0
1
0
0
1
0
2
1
0
0
0
0
1
3
1
1
1
1
0
0
0
-2
0
-1
0
0
0
-1
0
0
0
0
-1
0
0
0
0
-2
-1
0
0
0
1
0
0
0
-1
0
0
0
0
0
0
0
-2
0
1
1
0
0
1
1
1
0
0
0
0
0
0
1
0
-1
1
0
0
2
-2
0
0
0
0
-1
-1
-1
0
1
0
-1
-1
0
0
0
-1
0
1
-1
0
1
0
0
0
0
1
0
-1
0
0
0
1
2
0
0
0
0
0
0
0
0
1
0
0
0
0
1
1
0
0
0
0
0
0
0
0
-2
-1
1
1
0
0
-1
-1
-2
-1
-1
0
0
0
1
0
3
0
1
1
-1
0
0
0
-1
0
0
0
1
0
1
0
0
0
-1
0
-1
0
1
2
1
3
0
-1
1
-1
0
-1
-4
-1
0
1
0
-3
-2
0
2
3
3
0
0
1
1
1
1
1
1
0
1
0
0
-1
-2
-2
-1
0
0
-1
0
2
0
0
0
0
-1
-1
-1
-3
-1
0
0
0
0
0
0
0
1
0
1
2
0
0
1
1
1
1
0
0
0
1
1
0
1
0
-1
0
-1
-1
-1
0
1
0
0
1
0
2
0
-1
1
0
0
0
-1
-1
-1
-1
0
0
0
0
-1
-1
-2
-1
-2
-2
-1
-1
0
0
0
0
0
0
0
4
2
1
3
5
4
1
3
4
2
1
3
2
0
0
-2
-1
-1
-3
-2
-3
-1
-1
-4
0
0
-3
-1
-3
-3
0
-1
-4
-1
0
1
2
0
4
2
1
2
2
1
0
0
0
2
1
0
0
0
0
0
-1
-1
0
-2
-1
0
0
0
0
-1
-1
-1
0
0
-1
0
0
0
1
1
0
0
0
0
0
0
0
1
0
-1
-2
0
0
0
1
1
0
0
0
0
0
0
0
0
0
1
-1
1
0
0
0
1
0
0
0
0
0
4
0
0
-1
-1
0
0
0
0
-1
1
1
1
0
0
0
0
-2
-1
0
-1
-1
-2
0
-1
0
1
-1
0
0
0
2
1
0
0
0
0
1
1
0
0
0
0
0
0
-1
0
0
0
0
0
0
0
0
0
-1
0
-1
-1
-1
0
0
0
2
2
1
1
1
0
0
0
0
-1
0
-1
-1
0
0
0
-1
0
0
-1
-3
0
-1
0
0
-1
0
0
0
0
0
1
2
3
1
2
1
2
2
0
0
0
-1
-2
-1
0
0
-1
0
0
0
0
-1
-1
0
0
0
1
0
1
2
1
0
1
0
0
1
0
0
0
0
0
0
-1
-1
0
0
0
0
-1
-2
0
0
0
0
0
0
0
1
0
0
0
0
1
0
1
0
0
0
-1
0
0
-2
0
0
0
-1
0
1
0
0
0
2
1
1
1
0
1
2
0
0
1
-2
-2
0
0
0
-1
-2
0
-2
-2
-1
0
0
0
-1
0
0
0
0
0
0
0
3
2
1
1
0
0
0
0
0
0
0
0
-1
-1
0
-2
-1
0
0
0
-1
0
-2
0
0
0
0
0
2
0
1
1
2
1
0
1
1
0
0
1
0
0
-1
-1
-1
0
-1
0
0
-1
-1
-1
-1
0
0
0
0
1
1
-1
0
2
1
0
0
1
2
0
-2
0
0
0
-1
-1
-1
-1
0
0
0
0
0
0
0
0
0
0
0
1
1
0
0
1
0
-1
0
1
0
0
1
1
0
0
0
0
-1
-1
0
-1
-1
0
-1
-1
0
0
0
1
2
2
1
1
0
1
0
0
0
0
0
0
-1
-1
-1
0
0
-1
0
-1
0
0
-1
0
0
0
0
0
-1
-2
0
0
-1
0
0
0
1
0
-1
0
0
1
1
0
1
0
2
1
0
0
0
0
0
0
1
0
1
1
0
0
0
-1
-1
-2
-2
-1
-1
0
-2
0
0
0
-1
0
0
0
0
1
1
0
0
0
0
0
0
0
0
0
0
0
0
0
0
1
1
0
0
0
-1
-2
-1
0
2
0
0
2
2
0
0
1
0
0
-1
-1
0
0
0
0
2
1
-1
0
0
0
0
0
0
0
-1
-1
0
0
0
-1
1
1
1
1
0
0
0
-1
-2
0
0
-1
-1
0
0
0
0
0
0
0
-1
0
-1
0
0
0
0
0
1
1
1
1
0
1
0
0
0
0
0
1
1
0
1
0
-2
1
0
0
0
0
1
0
0
0
-2
0
1
0
0
0
-1
-1
-1
-1
0
0
0
0
0
0
0
0
0
0
0
0
0
0
0
0
2
0
0
0
0
0
1
0
0
0
0
0
-1
0
0
0
0
0
0
0
1
0
0
0
0
0
1
0
0
0
0
0
0
-2
0
1
0
0
0
0
0
0
0
-2
0
0
0
0
0
0
0
1
0
1
0
0
0
0
0
0
0
1
0
0
0
1
1
0
0
-2
0
1
0
-1
0
0
0
1
0
0
0
0
0
-1
0
0
0
0
0
0
0
0
0
0
0
0
0
1
0
0
0
0
0
0
-1
0
0
0
0
0
0
-1
0
-2
0
0
1
2
0
1
2
2
0
1
0
-1
0
0
1
0
0
1
0
0
0
0
0
0
-1
0
-1
-2
0
0
-1
0
-1
0
-1
0
1
0
1
0
-1
0
-1
1
0
0
0
0
-1
0
0
1
0
1
0
-1
0
0
0
0
0
1
2
0
0
0
3
0
0
0
0
0
0
0
0
-1
-3
-2
-1
-3
-1
0
0
-1
0
0
0
0
0
1
0
1
2
1
0
2
3
0
0
1
0
0
0
0
0
0
0
0
0
-1
0
1
0
0
0
-1
0
-1
0
0
0
0
0
0
0
0
-1
-1
-1
0
0
0
0
0
0
2
-1
0
0
1
0
0
1
0
1
2
0
-1
0
0
0
-1
0
0
-1
0
0
-1
0
0
0
0
1
0
2
0
-1
0
0
0
0
-1
-1
0
0
-2
0
0
-2
0
0
0
1
0
0
0
0
1
0
0
0
2
0
0
1
0
1
1
0
0
0
0
0
0
-1
0
0
0
0
-1
-1
0
0
-1
-1
1
0
-1
1
0
0
0
1
0
0
0
0
0
-1
0
0
-1
-2
0
0
0
1
1
0
0
0
1
2
1
0
0
0
0
0
1
1
1
1
0
1
0
-3
-2
0
0
0
0
0
0
0
-1
0
-1
0
-1
-2
0
-1
0
1
1
2
0
0
0
-2
1
0
0
2
2
0
-2
-2
0
0
1
2
1
-1
-1
0
0
0
0
0
-1
0
0
-1
-1
1
1
0
1
1
-1
0
0
0
-1
0
1
0
0
1
0
0
1
-1
-1
0
0
0
0
0
-1
1
0
0
0
-1
0
-1
-1
2
1
2
0
0
0
1
1
1
1
1
1
2
0
0
0
0
1
0
-1
-2
-3
-1
-1
-2
-1
0
-1
-3
-3
-3
-2
0
0
1
0
1
3
0
1
0
2
3
1
0
1
3
2
1
-1
0
0
1
1
0
0
0
0
0
0
-1
-2
0
-1
-1
0
0
0
-1
0
0
0
0
0
0
-1
-1
0
0
1
0
-1
0
0
-1
0
0
0
0
0
0
1
0
0
0
-1
1
0
1
1
1
2
1
0
0
0
-2
0
0
0
0
-2
-1
1
1
1
0
-1
-2
-1
0
0
0
0
0
0
0
0
1
0
0
0
-2
-1
1
0
0
-1
0
0
1
1
0
0
0
0
2
0
-1
-1
0
0
-1
0
0
0
0
0
-2
0
1
0
0
-1
0
0
0
0
0
1
0
0
0
0
0
1
0
0
0
2
1
0
0
1
0
2
0
-1
0
0
-1
-1
-1
-1
0
-1
0
0
1
0
0
1
0
-1
0
3
0
0
2
0
0
0
-1
4
1
-3
-4
-9
0
18
18
9
-5
-16
-15
-2
7
5
-8
-17
-12
1
14
14
9
-3
-8
0
3
7
5
-6
-9
-10
-5
4
6
2
-3
-6
0
8
11
6
-1
-5
-2
2
6
0
-7
-8
-4
2
7
4
-3
-7
-1
6
13
10
0
-8
-15
-14
-1
6
3
-2
-8
-5
3
13
13
8
-3
-11
-6
-2
4
5
0
-2
-4
0
1
0
0
0
0
0
0
-1
0
0
1
1
0
-2
-1
-1
1
2
3
0
-2
-1
0
3
2
0
-2
-1
1
2
-2
-1
-2
-1
2
2
0
0
-1
-3
-3
-2
4
9
8
4
1
-1
-2
-4
-7
-8
-2
6
2
-13
-31
-22
23
58
46
0
-40
-41
-1
33
31
0
-33
-44
-25
10
31
26
3
-14
-16
-6
5
8
3
-5
-8
-4
3
10
10
7
4
0
-2
-1
-1
0
2
0
0
0
0
-3
0
3
3
0
-4
-5
0
7
9
6
1
-3
-2
-3
-6
-6
-4
0
3
0
-2
-4
-4
-2
-2
0
0
0
-6
-9
-5
2
7
7
3
-2
-5
-5
-1
3
5
6
2
1
2
3
5
4
1
0
0
1
3
3
3
0
0
0
1
1
2
0
-3
-2
-2
-4
-4
-7
-5
-5
-4
-3
-2
-5
-6
-4
-3
0
0
1
0
0
0
2
4
6
10
11
6
2
0
4
7
12
8
4
1
-1
0
3
0
-1
-3
-7
-7
-7
-8
-8
-6
-7
-5
-5
-4
-2
-3
-2
-2
-2
-1
0
1
0
1
2
3
3
2
2
0
2
4
2
0
0
1
3
5
4
2
0
0
0
3
4
3
2
0
0
2
2
0
0
-1
-2
0
0
-1
-3
-2
0
2
0
-2
-3
-3
-2
0
0
-1
0
0
0
1
1
2
2
0
0
2
2
2
0
0
0
1
1
0
0
0
0
0
1
1
-1
0
-2
-4
-3
-2
-2
-2
-3
-3
0
0
-1
-1
0
0
0
0
-1
0
0
0
2
2
3
1
1
2
1
1
1
1
0
0
0
0
1
0
0
1
0
0
0
-1
0
1
1
0
0
0
-1
-1
0
0
0
0
0
0
-1
0
0
0
-1
0
-1
-1
-1
0
-1
0
0
0
1
0
0
1
0
1
0
1
1
0
0
0
0
0
0
0
0
0
0
-1
0
0
-1
0
0
-1
-2
0
0
0
0
0
0
-1
0
1
1
1
0
-1
-1
0
1
1
1
1
0
1
0
0
-1
0
0
0
0
0
-1
-1
-1
-1
0
-2
0
-1
0
-1
-1
1
0
0
0
0
0
0
1
1
0
1
0
0
0
0
-1
0
0
1
0
0
0
0
-1
0
-1
0
0
0
1
0
1
0
-1
1
2
1
2
0
0
0
0
0
0
-1
0
0
-1
0
0
0
-1
-1
-1
-1
0
1
0
0
0
1
0
1
0
-1
0
0
0
0
0
0
1
1
-1
0
0
0
0
0
0
-1
-1
0
0
-1
-1
-1
0
1
0
0
-1
0
1
0
0
2
0
0
0
0
0
1
0
0
0
2
1
0
0
0
1
0
0
0
-2
-2
-1
0
-2
-3
0
0
0
0
0
1
0
0
0
0
0
0
0
-2
0
1
1
1
0
0
0
2
1
0
1
2
1
2
3
2
2
2
0
0
-1
0
1
-1
-2
-2
-2
0
0
-1
-1
-2
-1
-2
-2
-1
0
-1
-1
-1
-2
0
0
0
-2
-1
0
0
-1
0
0
0
0
2
1
0
1
2
3
2
2
2
3
2
3
4
4
3
2
2
1
1
0
0
0
0
-1
-2
-3
-2
-3
-2
-3
-3
-2
-3
-2
-3
-1
0
-2
0
-1
1
1
0
0
1
2
2
1
1
2
1
2
3
0
1
1
0
0
0
0
-1
-1
0
0
0
0
0
1
0
0
-1
0
0
0
0
0
-1
-1
0
0
2
0
0
-1
0
0
0
0
-1
0
0
0
0
0
0
0
1
1
1
0
0
0
0
0
0
0
-1
-1
0
0
0
0
0
0
-1
0
-1
0
1
0
0
0
-1
-1
1
0
-1
0
0
0
0
0
1
0
0
0
1
0
1
0
1
0
0
1
0
-1
0
0
0
-1
0
1
0
-1
0
0
-1
0
1
0
0
0
0
0
-1
0
0
0
0
1
1
0
0
0
0
0
1
0
0
0
-1
0
0
0
0
0
-1
0
0
0
0
0
0
0
0
0
0
0
0
0
0
0
0
0
1
-1
0
0
-1
-1
0
0
0
0
0
0
0
0
1
0
0
0
0
0
0
0
0
0
0
-1
-1
0
0
-1
0
1
1
0
0
1
0
0
0
0
0
0
0
0
0
0
-1
0
0
-1
0
0
1
-1
-1
0
0
0
0
-2
-2
0
1
1
0
-1
0
0
0
0
0
2
0
0
0
-1
0
0
0
0
0
0
0
0
0
0
0
0
-1
0
0
0
0
0
0
-1
0
1
-1
0
0
0
0
1
0
-1
-2
0
0
0
0
0
0
0
0
0
-1
-1
0
0
-1
-1
1
1
0
0
0
0
-1
0
2
0
2
1
0
0
0
0
0
0
0
0
2
1
0
0
-1
0
-2
0
0
-3
0
0
0
0
-1
0
0
0
0
1
0
0
0
2
1
1
1
0
0
1
0
0
1
0
-2
-1
-1
0
0
0
0
-2
0
0
2
0
-2
1
0
0
-1
-1
2
1
-1
0
0
0
0
1
0
1
0
0
1
0
0
0
-1
-1
0
0
-1
-1
-1
-2
0
0
0
0
0
-1
0
0
0
0
0
0
-1
0
1
1
1
1
0
0
0
1
0
1
0
0
1
0
0
0
0
0
0
-1
0
0
-1
-1
0
0
0
0
0
0
0
0
0
2
0
1
0
0
1
0
-1
2
0
0
0
0
0
0
0
0
-1
0
0
0
-1
0
0
-1
0
1
0
0
1
1
0
1
0
0
0
0
0
1
0
0
0
0
0
0
0
-1
-1
0
0
1
0
0
0
0
1
-1
1
0
-1
0
-2
1
0
0
-1
0
1
0
0
0
0
1
0
0
1
0
0
0
0
0
0
0
-1
0
0
0
0
0
1
0
-1
0
-1
0
0
0
0
-1
0
1
0
0
2
0
0
0
0
0
-1
0
0
0
0
1
0
0
1
0
0
0
0
0
2
0
-1
0
0
0
0
1
0
1
0
-2
-2
-2
-1
0
0
0
-1
-3
0
4
2
0
-3
-7
-4
3
5
7
9
4
0
2
4
0
-3
2
0
-5
-4
0
3
-1
-2
-3
-2
-2
0
5
0
-10
-4
1
-3
-1
0
0
7
4
4
7
3
-4
-7
-4
-5
-7
-2
9
9
4
8
6
0
-7
-12
-11
-8
-1
3
15
17
9
5
-1
-8
-16
-16
-11
-3
10
13
15
16
2
-9
-8
-10
-15
-7
1
9
12
13
8
-1
-8
-15
-13
-6
-2
4
12
17
15
6
-1
-11
-19
-17
-12
-3
8
13
15
17
7
-4
-5
-10
-13
-9
-6
0
8
9
7
4
4
0
-4
-3
-6
-1
-1
-2
1
2
4
2
1
0
-2
-2
-1
0
-1
3
6
6
1
-7
-8
-5
-3
1
7
5
6
7
4
1
-1
-7
-13
-13
-3
0
5
11
10
5
0
-2
-2
-6
-9
-10
-4
-1
1
9
10
8
2
0
0
-2
-4
-2
-1
1
0
0
2
2
0
-1
0
0
-2
-3
-2
0
-1
0
2
2
1
-2
-1
0
-3
-1
-1
1
4
5
6
3
1
1
-1
-2
-1
-3
-1
0
1
2
2
0
-3
-1
-1
0
1
0
1
-1
0
2
-1
0
0
-1
-2
-1
-1
0
0
0
2
0
0
-2
0
0
-1
0
0
0
0
1
2
1
0
0
0
0
0
0
0
1
1
0
0
1
0
0
0
0
0
-1
-1
1
2
1
0
0
0
1
1
-1
0
0
-3
-3
0
0
1
0
0
-1
-1
-3
0
-1
-2
0
1
3
2
3
3
2
3
0
0
0
0
3
2
1
-1
0
-1
-3
-5
-3
0
-1
0
-1
-2
1
0
-2
0
0
0
1
0
0
1
0
0
0
-1
1
0
0
3
0
0
4
0
0
0
-1
0
0
-1
0
1
0
0
-2
-2
0
0
0
2
-1
0
0
0
0
0
-1
0
0
0
0
-1
0
0
0
0
2
1
1
0
1
0
0
0
0
1
0
-1
0
0
0
0
0
1
0
0
0
0
0
-1
0
0
0
1
0
0
0
-1
1
0
0
0
-1
0
0
0
0
0
0
-1
0
0
0
0
0
0
0
0
-1
-1
0
1
2
0
0
1
0
0
-1
-1
0
1
0
0
0
1
0
-1
-2
-2
-1
0
-1
-1
0
0
0
0
0
1
0
0
0
0
4
2
2
3
1
2
1
1
1
2
3
1
0
-2
0
0
-3
0
-3
-4
0
-4
-2
0
-3
-2
-1
-3
-3
-2
-1
0
1
0
-1
0
2
1
0
0
2
0
2
1
0
1
0
2
4
1
1
3
1
1
1
2
2
1
2
-1
0
1
0
0
-1
0
-1
0
0
-1
0
-2
-4
-3
-1
0
-1
-1
0
0
1
1
0
0
0
0
1
0
1
0
0
0
0
2
1
0
0
0
0
0
2
0
-1
0
-1
0
0
-1
0
1
0
-2
-1
0
2
1
-1
-1
-2
-2
0
0
0
-1
0
0
0
0
1
0
0
1
0
0
1
0
0
0
0
0
1
1
1
0
0
1
1
0
-1
-2
0
2
0
0
-1
-1
0
1
0
0
0
3
0
0
-2
-1
1
0
-1
0
0
0
1
0
-1
0
1
0
0
0
0
0
0
0
0
-1
0
1
1
0
0
0
0
0
0
1
1
0
0
-1
1
1
0
2
0
-1
-1
-3
0
0
1
1
-1
-1
0
0
0
0
1
1
1
0
0
0
-1
0
0
0
-1
0
2
1
0
0
0
0
-2
0
0
0
0
0
-2
0
-1
-3
0
0
0
1
0
0
2
0
1
2
0
-3
1
1
1
0
1
1
0
0
0
-3
-1
0
-2
0
0
0
0
-1
-1
0
2
0
0
2
1
0
0
1
0
0
1
1
0
-2
0
0
-1
0
-1
0
-1
-1
0
-2
0
0
-1
0
0
1
2
0
0
1
0
-1
-1
0
0
0
0
0
0
1
0
1
0
0
0
-2
-1
0
0
1
0
0
1
0
-1
2
1
3
2
0
0
-1
-2
0
0
0
2
-1
0
1
0
1
0
0
0
-2
-2
-1
-3
-2
-1
0
0
0
3
2
0
-2
-3
0
-1
-2
-1
0
1
1
0
1
2
1
1
1
2
2
0
-1
1
0
-1
0
0
1
0
-1
0
0
0
0
0
0
-1
-2
-2
0
0
0
1
0
-1
0
0
0
2
0
-1
0
-1
0
0
-1
1
1
-1
-2
0
0
0
0
0
1
0
0
1
2
3
2
0
-1
0
-1
-1
0
0
0
-1
0
-1
-1
0
0
0
-1
0
1
1
1
0
0
0
1
-1
-1
1
0
-1
0
0
-1
-1
0
0
-1
2
2
0
1
0
0
0
1
0
0
-1
-2
0
-1
0
0
0
0
0
0
0
1
0
0
0
0
1
0
-2
0
0
0
0
1
0
1
0
0
0
0
0
-2
1
2
0
0
0
0
0
1
0
-1
0
0
0
1
-1
-1
0
-1
-1
-1
-1
0
0
0
0
0
0
0
0
0
0
0
1
0
0
1
0
-2
0
0
-1
0
0
0
-1
0
2
2
3
2
1
0
0
0
0
0
0
1
0
0
-2
-1
2
0
-2
0
0
-2
0
0
0
-2
-3
-3
-3
-1
-1
1
2
2
3
2
2
2
1
1
0
0
0
0
0
0
-2
1
0
-1
4
3
0
2
-1
0
-2
-5
-2
-2
-3
-1
1
0
0
0
-1
-2
-2
-1
-2
0
2
0
0
0
1
0
-1
0
2
2
2
1
3
3
0
3
4
2
3
0
0
0
0
-2
-1
0
2
0
0
0
-1
-3
-3
-5
-2
-1
-2
-2
0
0
0
-1
0
-4
-4
-1
-3
-1
0
0
0
-2
-1
-1
-1
0
1
2
4
4
5
5
2
0
0
1
1
0
2
2
3
3
1
1
1
0
-2
0
0
-1
-1
0
-1
-3
-2
-1
-2
0
0
-3
0
0
-3
-2
-2
-1
0
2
1
2
2
1
2
4
4
2
3
3
0
-2
-1
-2
-2
0
-1
0
0
0
0
-1
-1
-3
-1
0
-1
-1
1
0
-1
-1
0
0
1
0
0
-1
-1
-1
-1
0
1
1
1
1
0
0
0
1
0
2
1
0
-1
-2
-2
-1
0
0
1
0
0
0
0
0
0
0
0
-1
-2
-1
0
1
2
0
0
0
0
1
2
2
0
1
0
0
0
-1
-2
0
0
-2
-1
-2
-4
-3
-2
-1
0
0
0
-1
0
0
1
1
0
1
3
1
2
2
1
0
0
-1
0
2
0
-1
1
-2
-1
0
-1
-1
0
0
0
-1
0
0
-1
2
2
0
0
0
-1
0
0
0
0
0
-2
0
2
0
1
1
-1
0
0
0
1
0
1
0
0
2
0
0
2
1
0
0
0
0
0
0
0
-1
-2
-2
-1
0
0
-1
0
0
0
0
0
0
0
0
-1
-2
0
2
2
2
1
-2
-1
1
0
0
2
0
0
-2
0
3
1
1
0
0
0
0
0
-2
-1
1
0
0
0
0
0
-1
0
-1
0
0
-1
-1
1
0
1
0
-2
1
0
0
0
-1
0
2
0
0
0
0
1
0
-2
0
-1
-1
-1
-1
1
1
0
1
0
2
1
0
0
0
0
-2
1
2
0
0
0
-2
0
1
0
0
-1
-1
0
-1
-3
1
1
-1
0
0
-3
-1
1
0
-2
0
1
0
-2
1
0
0
0
0
0
0
0
1
1
-2
2
0
0
1
2
0
0
0
0
0
0
0
1
0
-1
0
0
-1
0
2
0
0
2
0
0
-1
0
1
-1
-1
0
-1
1
0
0
1
0
0
0
0
-1
-1
0
-2
-6
-2
0
2
0
1
1
-1
2
0
2
2
-2
0
1
1
1
1
0
-1
0
0
0
0
0
0
-1
-2
0
0
0
0
-2
-1
0
0
1
1
0
0
-1
0
2
2
0
0
0
1
0
0
1
0
0
-1
-2
0
-1
-2
-1
-2
1
0
0
2
1
1
-1
-1
1
2
0
0
0
0
2
1
0
0
-2
-1
1
0
0
0
-3
-2
0
2
0
-1
0
2
0
0
-1
0
1
0
2
0
0
0
1
0
0
1
-1
-1
1
1
-1
0
0
0
0
0
0
1
-1
-1
1
1
0
0
0
-1
-1
0
3
-2
-2
0
0
0
0
1
0
-2
0
1
-1
0
0
0
-1
0
0
0
2
0
0
0
0
-1
2
2
0
0
0
-1
0
0
-2
0
0
0
2
-2
0
1
1
0
-2
0
0
0
0
0
0
0
0
0
-1
0
0
-1
0
0
0
1
1
1
0
0
0
0
-2
0
1
0
0
0
0
1
-1
0
0
1
0
0
0
0
-1
0
0
0
2
1
-1
0
0
0
-1
-1
-2
0
0
1
3
1
2
2
-1
-1
0
-1
0
0
-1
-2
1
1
0
1
2
0
0
-1
0
-1
-1
1
0
1
0
0
0
1
1
-2
0
1
0
-1
0
0
0
0
-1
-2
-1
1
0
0
0
0
-2
0
1
0
0
-1
-1
0
1
0
0
1
2
-1
-1
2
3
1
1
0
0
1
0
-1
-1
0
-1
-1
0
0
0
0
-1
0
0
-1
0
0
-1
0
0
0
0
0
0
0
0
0
0
0
1
0
0
0
0
1
0
0
0
0
0
0
0
0
0
1
0
0
0
-1
0
1
-2
0
1
-1
0
2
0
-1
-2
-1
0
0
0
0
1
1
0
-1
0
0
0
0
0
0
0
0
1
0
-3
0
0
0
0
-1
-2
0
0
0
0
-1
-1
0
0
0
0
0
0
0
1
0
0
0
2
2
0
0
0
0
0
0
0
0
0
0
0
0
0
0
0
1
1
-1
0
0
-2
-1
-1
0
0
0
0
0
-1
0
1
2
0
0
0
-1
0
0
-1
0
3
1
2
2
1
1
-2
-6
-4
-4
-3
0
0
1
6
5
4
3
1
-2
-1
-2
-5
-4
-1
-1
-1
0
2
2
1
3
2
0
-1
-1
0
0
0
-1
-1
1
0
0
0
-2
1
1
1
0
2
0
0
1
0
0
0
-1
-1
0
-1
0
0
1
4
0
1
2
0
-2
0
-1
-3
0
-2
-3
-1
0
3
1
0
1
0
0
0
1
0
0
0
-1
0
-1
-1
0
2
1
1
2
0
0
-1
-2
0
-1
0
0
-1
1
2
0
0
0
-1
0
1
0
1
2
0
2
1
0
0
0
-1
-1
0
-1
-3
0
0
-1
0
0
2
1
0
0
-2
-1
0
-1
0
1
0
0
0
0
0
0
0
0
0
1
2
1
0
1
1
0
0
0
0
0
0
0
-1
-1
-1
0
1
0
0
0
0
0
0
0
0
-1
-2
-2
-2
-1
-1
0
0
1
2
0
2
2
2
0
0
0
0
0
-1
0
0
0
1
0
0
1
0
0
0
0
0
1
1
0
0
0
-1
0
0
-1
0
1
0
0
-1
-2
0
-1
-2
0
-1
0
0
-1
1
0
-2
-1
0
0
-1
0
0
0
2
2
2
2
0
1
0
0
0
1
3
1
0
0
1
0
-2
-1
0
0
0
-1
0
-1
-1
-2
-2
0
0
-1
-1
0
0
0
0
0
1
0
0
0
0
0
0
1
0
0
0
0
0
0
0
0
0
0
0
1
1
0
0
0
1
2
0
0
-2
0
0
-1
0
0
0
0
-1
-1
0
-1
0
-2
-1
0
0
1
0
0
-1
-2
-1
0
0
1
2
1
0
1
0
0
0
0
0
1
0
1
1
-2
0
0
0
0
-1
1
1
0
0
0
0
-1
0
0
-1
-1
0
0
0
1
1
0
0
0
0
0
0
-1
-1
-1
0
0
0
0
1
1
1
0
0
-1
0
0
0
0
0
0
0
1
1
0
0
0
0
0
1
0
0
0
1
0
-1
1
-1
0
1
0
-1
0
0
0
1
0
0
0
0
0
-2
0
0
0
0
0
0
0
0
0
0
1
0
0
-1
-2
-1
0
0
0
0
0
0
1
2
0
2
1
0
1
0
1
0
-1
0
1
-1
-2
-1
0
0
0
-1
-1
0
0
0
0
0
0
0
0
0
0
-1
0
0
0
0
1
1
0
0
0
0
1
1
0
0
1
1
0
-1
0
-1
0
0
-1
0
0
-1
0
0
-1
-1
0
0
1
1
-1
1
0
0
0
0
1
0
0
0
-1
1
1
0
0
1
3
0
0
0
0
0
0
0
0
0
0
-1
0
0
0
-1
-1
-1
-1
0
0
0
0
0
0
0
0
0
0
0
0
0
0
0
0
1
-1
0
2
1
1
1
0
0
0
0
0
0
0
-1
-1
0
0
0
0
0
0
-1
0
-1
0
0
0
0
0
-1
-1
0
1
0
0
1
0
0
0
0
0
0
0
0
0
0
0
0
0
0
2
0
0
0
0
-1
0
0
0
0
0
0
1
-1
0
0
0
0
0
0
0
0
0
0
0
0
0
0
1
0
0
0
-1
-1
0
0
0
0
0
0
0
1
0
-1
0
0
0
0
0
0
0
0
0
1
0
0
0
0
0
0
0
0
0
0
0
0
0
0
-1
0
0
0
0
-1
0
0
0
-1
-1
3
0
0
1
0
-1
0
0
-1
0
-1
0
1
0
0
0
-1
0
0
0
0
0
0
0
0
0
0
0
1
1
0
0
0
0
0
0
0
0
0
0
0
1
0
0
0
0
0
-1
0
0
0
0
2
0
0
1
-1
1
0
0
-1
0
0
-1
-1
0
0
0
-1
0
-1
-2
0
-1
-1
1
0
0
-1
1
2
1
1
0
1
1
0
0
1
1
0
1
0
0
0
0
0
0
0
0
0
0
-1
0
0
0
0
-1
0
0
0
0
0
-2
0
0
0
0
-2
0
0
-1
0
0
1
2
0
1
0
0
0
0
1
1
0
1
2
1
-1
-1
1
0
0
1
0
0
-1
0
1
0
0
-1
0
0
-2
0
0
0
0
-1
0
0
0
0
0
0
0
0
0
0
1
0
0
0
0
-1
0
0
0
1
1
1
1
1
1
0
0
1
-1
0
0
0
0
0
0
0
-1
0
0
0
-1
-1
0
0
-1
0
0
0
0
1
0
0
0
0
2
0
0
0
0
1
1
0
0
1
0
0
0
0
0
0
0
0
1
0
0
0
0
-1
0
-1
-1
0
0
0
0
-3
-3
2
0
0
-1
0
1
1
0
0
0
0
2
0
-1
1
0
0
0
0
0
0
1
0
0
0
0
0
0
0
0
1
0
0
0
0
2
1
0
-1
0
0
0
0
0
-1
-1
0
0
0
0
0
0
0
-1
-1
-1
0
0
0
0
0
0
0
0
0
1
1
1
1
1
1
0
1
0
0
-2
0
0
-1
0
0
0
0
-1
0
0
-1
0
0
0
0
1
0
0
1
-1
0
1
-1
0
0
0
0
0
-1
0
0
0
0
0
0
0
0
-1
0
0
0
0
0
0
0
0
0
0
1
0
0
0
0
0
0
0
-1
0
0
0
0
0
-2
0
0
0
-1
-1
0
1
0
0
1
0
0
1
0
0
2
0
1
0
0
0
0
0
0
-1
-1
0
0
-1
0
0
0
-2
0
0
1
1
0
1
1
0
0
0
0
0
0
-1
0
1
1
0
2
0
0
0
1
2
0
-1
-1
0
0
-1
-1
-1
0
0
0
0
1
0
-1
0
0
-1
0
0
0
0
0
0
0
0
0
0
-1
0
1
0
0
0
0
1
0
-1
3
2
0
0
0
0
0
-1
0
0
0
1
0
-1
0
0
0
0
-1
0
0
0
0
0
0
0
0
1
1
0
0
0
0
0
0
0
0
0
-2
0
0
0
0
0
0
0
1
0
0
0
1
0
0
0
2
1
-1
0
0
0
-1
0
0
0
0
0
0
-1
0
1
0
-1
0
0
0
0
1
0
0
0
0
0
0
0
0
0
1
-1
1
0
0
1
0
0
0
0
0
0
-1
0
2
0
-1
0
1
0
0
-1
1
0
-2
0
0
0
0
0
0
0
0
0
0
0
0
0
-1
0
0
1
0
-1
1
0
-1
0
1
0
0
0
0
0
0
0
0
-1
-1
1
0
0
0
0
0
0
0
-2
0
1
0
0
0
0
-1
0
1
0
0
0
0
0
2
2
-1
-2
-1
0
1
0
0
0
0
0
0
0
0
2
0
0
0
1
1
0
0
0
-1
0
0
0
0
0
0
-1
0
0
-2
-1
0
0
0
0
1
0
0
1
0
1
0
0
2
0
1
1
0
0
0
1
0
0
0
-1
-1
-1
-1
0
-1
0
0
-1
-1
0
0
1
1
0
0
1
0
0
0
0
0
-1
1
0
0
0
-2
0
0
-1
0
0
0
0
0
0
0
0
1
0
1
0
-1
1
0
0
0
0
0
0
0
0
0
-1
0
0
0
0
0
0
0
0
-1
0
0
1
0
0
0
0
0
-1
0
0
-1
0
0
-1
0
0
0
0
0
1
0
0
0
0
1
0
0
0
0
0
0
0
0
0
0
0
0
0
0
1
0
0
-1
-1
0
-1
0
0
0
1
1
0
0
0
0
0
0
0
0
0
0
0
1
0
0
0
0
0
0
0
0
0
0
0
0
0
0
0
0
0
-1
0
0
0
0
-1
-1
-1
0
1
0
-2
0
1
0
1
1
0
0
0
0
0
0
0
0
0
0
-1
1
0
0
0
0
1
0
0
0
-1
-2
0
0
0
0
0
0
1
1
0
0
0
0
0
0
0
0
2
1
1
0
0
0
-1
0
1
0
1
0
0
0
0
-1
-1
0
0
0
0
0
0
1
0
0
1
0
0
0
0
0
0
0
0
0
0
0
0
0
0
0
0
0
0
0
0
0
0
-1
0
1
0
1
0
0
0
1
0
0
0
0
-1
0
0
0
0
0
0
-1
0
0
0
0
0
-1
0
-1
0
0
0
-2
-2
0
0
0
0
0
0
0
0
1
1
0
0
0
0
0
0
1
1
0
0
1
0
1
0
-1
0
1
0
0
0
0
0
-2
0
0
0
-2
-1
-1
-1
0
2
-1
-1
1
0
0
0
0
0
0
0
0
1
1
1
0
1
0
0
0
0
0
-1
-1
0
0
0
0
0
0
0
0
0
0
0
0
0
1
0
0
0
0
0
0
0
0
2
0
0
0
-2
0
0
-1
0
0
1
0
-1
0
0
-1
0
0
0
0
0
-1
0
0
-1
0
0
0
0
0
0
0
0
0
0
1
0
0
0
0
0
1
1
0
0
0
0
0
0
0
0
0
0
0
-1
0
0
0
0
0
-1
-2
0
0
0
0
0
-1
1
0
0
2
0
0
1
0
0
0
-1
0
-1
0
1
0
1
0
0
0
2
0
2
0
0
-2
-1
0
-1
0
0
0
0
0
-1
-1
-1
-1
0
1
1
0
0
0
0
0
0
0
0
-1
0
0
1
1
0
0
-1
0
0
0
1
0
-1
-1
0
2
1
0
0
0
0
1
0
-1
0
0
0
0
0
0
1
0
0
0
-1
0
0
0
0
-1
-1
-2
0
0
0
0
1
2
0
0
1
0
0
2
0
1
0
0
1
0
-1
1
0
0
0
0
0
0
-2
-1
-1
-1
-2
-1
0
0
0
0
0
3
1
0
0
0
2
0
-1
0
0
0
0
1
2
1
1
0
0
0
0
0
-1
0
-2
0
0
-1
0
-2
0
-1
0
2
0
0
0
-1
0
0
1
0
0
0
0
0
0
0
0
1
0
0
0
0
1
0
0
-2
-1
0
-1
0
0
-1
-2
-1
-1
-1
0
1
0
2
0
1
2
2
2
3
4
3
2
2
1
1
0
0
-2
-1
-2
-5
-3
-4
-4
-2
-2
-3
-2
-4
-4
-2
0
0
0
2
1
1
1
1
4
4
3
5
3
3
2
3
0
0
0
-1
-2
-1
-2
-2
-3
-2
-3
-1
0
-2
0
1
0
2
2
0
0
1
2
0
-1
0
-1
0
0
-1
0
-1
0
0
0
0
0
0
1
1
0
1
1
0
1
2
1
1
-1
0
1
0
0
0
0
-1
-3
-3
-2
-2
-1
-2
0
-1
-2
-1
0
2
1
0
2
1
1
1
3
3
0
0
2
1
-1
-1
0
0
-2
-1
-1
-1
0
0
-1
0
0
0
0
-2
0
1
0
1
1
0
-1
1
0
0
-1
-1
0
0
0
-1
0
0
0
-1
-1
0
0
0
0
0
2
0
0
0
0
0
1
1
0
0
-1
0
1
1
0
0
0
0
0
0
-2
0
1
0
-2
0
0
0
0
-1
0
0
0
0
0
2
0
-1
0
0
1
0
0
2
1
0
-2
-2
-1
0
0
0
1
0
0
0
0
1
1
2
1
2
1
0
0
-1
-2
-1
-1
-1
-1
0
-1
0
2
1
-1
0
-1
-1
0
0
0
1
0
1
1
0
1
0
0
0
0
1
0
0
-3
-2
0
0
0
-1
0
-1
0
0
0
0
0
0
2
0
0
0
1
-1
0
0
-1
0
0
-1
0
0
0
0
0
0
0
0
1
0
0
0
-1
-1
0
-1
0
0
0
0
-1
0
1
0
0
0
0
0
0
0
0
0
0
0
0
0
0
0
1
2
1
1
0
0
0
0
0
0
0
0
0
0
-1
0
0
0
0
0
-1
0
0
1
0
0
0
0
0
-1
1
0
1
1
0
0
0
0
0
0
0
0
0
0
0
0
0
0
-1
0
-1
0
1
0
0
0
0
-1
0
0
0
0
0
0
1
0
0
0
-1
0
0
0
0
0
0
1
0
0
0
0
1
0
1
2
1
0
0
-1
-1
-1
-1
0
1
1
1
0
0
-1
0
0
0
2
0
-1
0
0
0
-2
0
1
0
0
0
0
-1
-1
0
1
0
0
0
0
-1
0
1
1
0
0
0
1
0
0
1
0
1
-1
0
0
0
0
0
0
0
0
-1
0
0
0
0
-1
0
1
1
0
0
1
0
0
-1
-1
0
0
-1
0
-1
-1
1
0
-1
0
1
0
-1
-1
0
0
0
1
0
-1
0
0
0
1
0
1
0
0
1
0
0
0
0
0
0
0
0
0
0
0
0
0
0
0
0
0
0
0
0
1
1
1
0
0
0
-1
0
-1
0
0
0
2
1
0
0
0
-1
0
-1
0
1
0
0
-1
0
0
-1
0
0
0
1
0
0
0
0
0
0
0
0
-2
-1
0
0
1
0
-1
0
0
0
0
0
1
1
-1
0
0
0
0
1
0
0
0
0
0
0
0
0
0
0
0
0
0
0
2
0
0
1
1
1
0
1
0
0
0
0
0
0
1
0
-3
-1
-1
-2
-2
-1
1
0
0
0
-1
0
1
1
0
0
3
0
1
1
0
1
1
0
-1
0
1
0
0
0
0
-1
0
0
-1
-1
-1
0
0
0
0
0
0
1
0
0
0
-1
0
0
0
0
0
0
0
-1
0
0
0
0
1
1
2
1
1
0
0
1
1
1
0
-1
0
-1
-1
0
0
-2
0
0
-1
1
0
0
0
0
0
0
0
0
0
0
-2
-1
0
0
0
-1
1
1
-1
0
0
0
0
1
0
0
1
1
0
0
0
1
0
0
0
0
1
0
0
0
1
0
-2
0
0
-1
-1
-1
0
0
-1
0
0
-1
0
0
0
0
0
0
0
0
2
0
-1
0
0
0
-1
0
0
0
0
0
0
0
-1
0
0
0
-1
0
0
1
1
1
0
1
2
0
0
0
0
1
0
0
0
0
0
-1
0
0
0
0
0
0
0
-1
0
-1
0
0
0
0
0
0
0
1
0
-1
0
0
1
0
0
-1
-1
0
0
0
0
-1
0
0
1
0
0
0
0
1
0
1
2
0
0
0
-1
0
2
0
-1
-2
-1
0
0
0
0
0
-1
1
1
0
0
-1
0
0
1
0
0
0
-1
1
0
0
0
-2
-1
0
1
0
0
0
0
0
0
-1
-1
-1
0
0
0
0
0
0
0
0
1
0
0
0
0
0
0
0
0
0
1
0
0
0
-1
0
0
0
1
0
0
0
0
-1
1
0
0
0
0
0
-1
1
1
0
0
2
1
0
0
0
0
1
0
0
0
-2
0
-1
-1
0
-2
0
0
0
-1
0
-2
-1
0
1
1
0
0
1
1
0
0
0
0
1
0
1
0
0
0
0
0
1
0
0
1
0
0
0
-2
-1
-1
0
-1
-1
-1
-2
0
0
0
0
-1
1
1
0
0
1
0
0
0
1
1
0
0
1
0
2
1
0
-1
0
1
-3
0
0
0
0
-1
1
0
1
1
0
0
0
0
2
1
2
0
0
-1
-1
0
0
0
0
0
0
-1
0
0
-1
0
-1
-2
0
0
1
0
-1
0
0
-1
2
1
0
0
0
0
-1
0
0
0
0
0
-2
-2
0
0
1
0
-1
0
1
-1
1
1
1
2
-1
0
1
0
1
0
0
1
-1
-1
0
0
0
0
0
0
-1
1
-3
4
-4
-3
2
0
0
-1
2
-1
0
-3
2
-5
2
0
0
-1
1
1
0
0
6
0
-2
3
-1
-2
0
1
-1
-2
1
-2
-2
1
0
-1
0
-1
2
0
2
1
0
2
0
0
1
0
0
0
-1
0
-2
0
-1
0
0
0
-2
1
0
-2
0
1
0
-1
3
0
2
1
1
-1
0
-2
0
0
-2
0
0
0
0
0
-1
3
0
0
0
0
0
1
1
0
0
0
0
-1
2
-1
0
0
0
0
-1
-1
0
0
0
1
0
0
0
-1
0
-1
0
0
0
-1
0
0
0
0
0
0
1
0
0
0
0
2
0
0
-2
-1
0
-1
0
1
0
0
1
2
1
1
1
0
0
0
0
0
0
0
0
0
-1
0
-1
0
1
0
-1
0
0
-1
-1
0
0
0
0
0
0
0
1
-1
0
0
0
-1
0
0
0
2
0
0
-1
0
0
-1
0
0
0
0
0
0
0
0
1
0
-1
0
0
0
-1
1
0
-1
0
-1
0
0
0
0
0
0
0
0
0
0
1
0
0
0
-2
0
0
0
0
0
2
0
0
0
1
0
0
0
-1
0
0
0
0
-1
0
0
0
0
1
0
0
0
0
0
-1
0
0
0
1
0
0
0
0
0
0
-1
0
-1
1
2
0
0
-1
0
0
0
0
-1
-1
0
0
1
0
0
0
0
2
1
1
1
0
0
1
0
0
1
0
1
1
0
3
0
-1
0
0
0
-2
-1
0
0
-1
-2
-1
-1
-1
0
0
0
0
0
1
1
0
0
0
0
0
0
0
0
0
0
0
0
1
1
0
0
-1
0
0
0
0
0
0
1
0
0
0
1
0
-1
0
0
0
0
0
0
-1
0
0
-1
-1
-1
0
0
0
0
0
0
0
0
0
0
0
0
1
0
1
0
0
0
0
1
0
-1
0
0
0
0
0
-1
-1
0
0
0
0
1
0
0
0
0
0
0
0
0
0
0
0
0
0
0
0
1
0
0
-1
-1
0
0
1
0
-1
0
0
1
0
1
0
0
1
1
0
0
0
0
1
0
0
0
0
0
-1
-2
1
2
0
-1
0
0
0
-1
-1
-1
0
0
0
0
0
0
1
-1
-2
1
0
-1
0
-1
0
0
0
0
0
1
0
1
1
1
1
1
0
1
1
0
0
0
0
0
0
0
0
0
-1
-1
0
0
0
-1
0
0
1
0
-1
0
0
0
0
0
0
1
1
0
0
0
-1
0
0
1
1
0
0
0
1
0
-1
-1
0
1
0
0
0
-1
0
0
-1
0
0
0
0
0
-1
-1
0
0
0
0
0
0
0
0
0
0
0
-1
0
1
1
0
0
1
0
0
0
0
0
0
0
0
1
0
0
0
0
0
0
0
0
0
0
-1
0
0
-1
1
0
0
0
0
0
0
0
-1
0
0
0
0
0
-1
0
-2
-2
1
0
0
2
0
0
0
0
-1
0
0
0
1
1
0
0
0
0
0
0
-2
-1
0
0
0
0
1
0
0
0
0
0
0
0
0
0
1
1
1
0
-1
0
0
-1
0
0
-1
0
0
0
-1
-1
0
0
0
0
-1
-1
0
0
0
1
1
0
0
1
0
0
0
0
0
2
0
1
2
0
0
0
0
0
2
0
0
0
0
0
1
0
-1
-1
0
-2
-2
0
1
0
0
0
0
-2
-1
0
0
0
0
0
0
1
1
0
0
0
0
0
1
0
0
1
0
0
0
0
1
0
0
-1
0
0
0
1
0
0
-1
0
0
0
-1
0
-1
0
0
-1
0
0
-1
1
0
0
1
0
0
0
0
1
0
0
0
0
0
0
0
0
0
0
0
0
0
1
1
0
0
0
-1
-3
0
0
0
0
0
1
-1
-1
0
0
-1
0
0
0
0
0
0
1
0
0
1
1
2
1
1
0
-1
-1
-1
0
0
0
2
1
1
1
0
0
0
0
0
0
0
-1
-1
0
-1
-1
0
0
1
0
-1
0
0
0
0
1
0
0
-1
1
0
0
1
0
0
0
0
0
0
0
0
1
0
0
0
0
0
0
0
0
0
-1
-1
0
-1
-1
0
1
0
0
0
0
0
0
0
0
0
0
1
0
0
1
0
0
0
0
0
0
0
0
0
0
0
0
0
0
0
0
0
-1
0
-1
-1
0
0
-1
0
-1
0
0
0
0
0
0
0
0
0
0
0
0
2
1
0
0
0
0
1
0
0
0
0
1
0
0
0
0
0
-1
0
0
0
0
-1
1
-1
-1
0
0
0
1
0
-1
0
0
0
1
0
0
-1
0
1
1
0
0
1
0
0
0
0
0
-1
0
0
0
0
0
0
0
0
1
1
0
0
0
-1
0
0
0
0
0
0
0
0
0
0
0
0
0
1
-1
0
0
0
0
0
-1
0
0
1
0
0
0
-1
0
1
0
1
0
-1
0
1
0
0
1
1
-1
0
0
-1
1
0
-2
-2
-1
0
0
0
-1
0
0
0
1
2
1
0
0
0
0
1
0
0
0
1
0
0
-1
0
0
0
0
0
1
0
0
0
0
1
1
0
0
0
-1
0
0
-1
0
0
0
1
0
0
0
-1
0
0
0
0
0
0
0
0
0
-1
0
1
0
-2
1
5
2
0
0
2
1
-1
-2
0
0
0
-1
-4
-1
1
0
-1
-1
0
0
0
1
-1
0
1
1
0
-1
0
0
1
0
-1
0
0
1
0
-1
0
1
0
0
0
1
0
-1
-1
0
1
0
0
0
0
1
1
0
0
0
-1
1
0
-1
0
1
1
0
0
-1
0
1
2
0
0
0
0
0
-1
-1
-2
-2
0
0
-1
-1
-1
1
-1
0
1
1
-1
0
0
1
0
0
0
0
1
1
0
0
1
1
0
0
0
1
1
1
0
0
0
-1
-1
0
0
-1
-2
-1
-1
-1
-1
0
-2
0
0
0
0
0
0
0
0
0
1
1
0
2
2
1
0
0
0
0
1
0
1
1
0
-1
1
0
-1
-1
0
0
0
0
-1
0
-1
-1
0
-1
0
0
0
-1
0
0
0
0
0
0
1
0
1
0
1
0
-1
0
0
1
0
0
1
1
1
0
0
0
0
0
0
0
0
1
-1
-1
1
0
0
0
0
1
1
0
0
0
0
0
0
1
0
0
0
-1
0
0
1
0
-1
0
0
-1
0
0
0
1
0
0
0
0
0
-1
0
1
0
-1
0
0
0
0
-2
-1
0
0
0
0
0
0
0
0
0
-1
0
1
0
0
1
0
0
0
0
2
0
1
0
0
3
0
0
0
-1
0
0
0
0
-1
0
0
0
0
-1
-1
0
-1
0
0
3
0
0
0
0
0
-1
0
0
0
-1
0
0
0
1
0
0
1
0
0
0
0
0
1
0
1
0
0
0
0
1
0
-1
0
0
0
0
0
-1
-1
0
0
0
1
0
0
0
0
0
0
0
0
0
0
0
0
1
0
0
-1
0
0
0
0
0
0
-1
0
0
0
1
0
0
0
0
0
-1
-1
1
0
-2
-1
0
0
0
0
0
-1
0
0
-1
0
0
0
0
0
1
0
-2
0
1
1
0
0
0
0
1
0
0
-1
1
0
0
0
0
-1
-1
0
0
0
0
0
0
0
0
0
0
0
0
0
0
0
0
0
0
0
0
0
0
0
0
1
0
0
1
0
0
0
0
0
0
0
-1
0
0
0
0
0
0
0
0
0
0
0
0
0
-1
0
0
0
0
-1
0
0
0
-1
0
0
0
0
1
0
0
1
0
0
0
0
0
0
0
0
0
0
0
0
0
0
1
0
0
1
0
0
1
0
0
1
0
0
0
0
0
0
1
0
-2
-1
0
0
-1
-2
0
0
-1
0
0
0
0
-1
0
1
1
0
1
1
1
0
1
0
0
1
0
0
0
-1
0
-1
-1
1
1
-2
-1
0
0
-1
-1
0
0
0
1
1
0
0
0
-1
1
3
1
1
0
0
0
0
0
0
0
0
0
1
0
0
-1
-1
0
0
0
-1
0
-1
-1
0
0
0
-1
-2
0
0
0
0
-1
0
1
0
0
0
0
0
0
0
0
0
1
1
2
0
0
0
0
0
0
-1
0
1
1
0
0
-1
-3
-2
1
0
-1
0
1
0
0
0
0
0
0
0
0
0
0
1
1
0
0
0
0
0
0
0
0
0
-1
0
1
1
0
0
2
1
0
0
0
0
-1
0
-1
0
0
1
0
0
1
-1
-3
-1
0
-1
-1
0
0
1
0
-1
0
3
1
-1
0
0
0
0
-1
-2
2
1
0
0
0
0
0
0
1
0
0
0
0
0
0
1
1
-1
0
0
0
1
0
0
0
0
0
0
0
0
-1
1
1
-1
0
1
1
0
-1
0
0
-1
0
0
0
0
0
0
0
0
0
0
0
0
0
0
0
-1
-1
0
-1
0
0
2
1
0
0
1
0
0
0
1
0
0
0
0
0
0
-1
0
0
0
0
-1
0
0
1
0
0
1
0
0
0
0
0
0
0
0
-1
0
0
-1
0
0
0
0
-1
0
0
0
-2
0
-1
0
0
-2
0
1
-1
0
1
2
1
1
0
3
1
0
0
0
1
0
0
0
0
0
-1
0
-1
-1
0
-1
0
0
0
0
0
0
1
0
-1
0
0
0
0
0
0
0
1
0
0
0
0
0
0
0
0
-1
-1
0
-1
0
0
0
0
0
0
0
0
0
-1
0
0
0
1
0
-1
0
0
0
0
0
1
0
-1
1
0
0
1
1
1
0
-1
0
0
0
0
1
0
0
1
0
0
0
0
0
0
1
-1
0
-1
0
0
0
0
-1
0
0
0
0
0
1
0
0
0
0
0
0
1
0
0
0
0
0
0
0
0
1
1
1
-1
0
0
0
0
-1
-1
0
0
0
0
0
0
0
0
0
1
0
1
0
-1
1
0
0
0
-1
0
0
0
0
0
-1
0
0
0
0
0
0
0
0
0
0
1
1
0
0
0
0
0
0
-1
0
0
0
0
0
0
0
0
0
0
1
0
0
1
2
1
0
0
-1
0
0
0
0
0
1
1
0
-1
0
0
0
-1
0
1
0
0
0
0
-1
0
-2
0
0
-1
-1
0
0
0
0
0
1
0
0
0
0
0
0
0
0
1
-1
-1
0
0
1
0
0
0
-1
0
1
1
1
0
0
0
0
0
1
0
-1
0
0
0
0
0
1
1
-1
0
0
0
-1
-1
0
0
1
1
0
0
0
0
1
-1
0
0
0
0
0
0
0
-1
0
0
0
0
0
0
0
1
0
1
0
0
1
1
0
0
0
0
0
0
0
0
0
0
0
0
0
0
0
-1
0
0
0
0
1
0
-1
0
-2
0
0
-1
0
0
0
0
0
1
0
0
0
0
0
1
1
0
0
-1
-1
0
-1
0
0
0
0
0
1
0
0
1
0
1
1
1
0
0
0
-1
0
0
0
-1
0
0
0
0
-1
0
0
-1
0
1
0
-2
0
0
0
0
0
0
0
0
-1
0
2
0
-1
2
1
1
0
1
0
0
0
1
0
-1
-1
-1
0
0
-1
0
-1
0
0
0
0
0
0
0
0
0
0
1
0
0
0
0
-2
0
0
0
1
0
-2
0
0
0
0
-1
0
0
0
0
1
0
2
1
0
0
0
0
1
0
0
1
0
-1
0
-1
0
0
-1
0
0
0
0
0
-2
-1
0
-1
0
0
0
0
0
1
0
1
1
0
0
-2
0
-1
0
0
0
0
0
0
0
0
1
0
0
0
0
-1
0
0
0
1
1
2
-1
0
0
1
0
-1
-1
-1
0
0
0
-1
0
0
0
1
0
0
0
0
0
0
1
0
0
-1
0
0
0
1
0
0
-1
0
0
0
0
-1
-1
0
0
1
1
0
0
0
1
1
0
0
0
0
0
1
2
0
0
0
0
0
0
0
0
-1
0
0
-1
0
-1
0
1
0
0
-1
0
0
0
0
0
0
-1
0
-1
0
1
0
-1
1
0
0
1
0
0
0
0
0
0
1
1
0
0
0
0
-1
-1
-1
0
0
0
0
-1
1
1
-1
0
0
0
-1
1
0
0
1
1
0
0
-1
0
