0
0
0
0
0
0
0
0
0
0
0
0
0
0
0
0
0
0
0
0
0
0
0
0
0
0
0
0
0
0
0
0
0
0
0
0
0
0
0
0
0
0
0
0
0
0
0
0
0
0
0
0
0
0
0
0
0
0
0
0
0
0
0
0
0
0
0
0
0
0
0
0
0
0
0
0
0
0
0
0
0
0
0
0
0
0
0
0
0
0
0
0
0
0
0
0
0
0
0
0
0
0
0
0
0
0
0
0
0
0
0
0
0
0
0
0
0
0
0
0
0
0
0
0
0
0
0
0
0
0
0
0
0
0
0
0
0
0
0
0
0
0
0
0
0
0
0
0
0
0
0
0
0
0
0
0
0
0
0
0
0
0
0
0
0
0
0
0
0
0
0
0
0
0
0
0
0
0
0
0
0
0
0
0
0
0
0
0
0
0
0
0
0
0
0
0
0
0
0
0
0
0
0
0
0
0
0
0
0
0
0
0
0
0
0
0
0
0
0
0
0
0
0
0
0
0
0
0
0
0
0
0
0
0
0
0
0
0
0
0
0
0
0
0
0
0
0
0
0
0
0
0
0
0
0
0
0
0
0
0
0
0
0
0
0
0
0
0
0
0
0
0
0
0
0
0
0
0
0
0
0
0
0
0
0
0
0
0
0
0
0
0
0
0
0
0
0
0
0
0
0
0
0
0
0
0
0
0
0
0
0
0
0
0
0
0
0
0
0
0
0
0
0
0
0
0
0
0
0
0
0
0
0
0
0
0
0
0
0
0
0
0
0
0
0
0
0
0
0
0
0
0
0
0
0
0
0
0
0
0
0
0
0
0
0
0
0
0
0
0
0
0
0
0
0
0
0
0
0
0
0
0
0
0
0
0
0
0
0
0
0
0
0
0
0
0
0
0
0
0
0
0
0
0
0
0
0
0
0
0
0
0
0
0
0
0
0
0
0
0
0
0
0
0
0
0
0
0
0
0
0
0
0
0
0
-1
-1
0
-1
0
-1
-2
0
0
0
-1
0
0
0
2
0
0
1
1
0
1
2
-1
0
0
0
2
0
-1
0
0
1
0
0
0
-2
0
0
1
0
0
0
-1
0
1
1
0
0
-1
0
1
0
0
0
0
-2
0
0
-1
0
1
1
0
0
1
0
0
-1
0
0
0
0
0
0
0
-1
0
0
-2
-1
-1
0
1
-1
0
0
-1
0
0
0
1
0
1
1
1
0
1
0
1
0
-1
0
0
0
1
0
-1
0
0
0
-1
-2
0
0
1
-1
-1
0
-1
0
0
0
0
0
0
0
1
0
2
0
0
1
-1
0
0
0
0
0
0
0
-1
0
0
0
0
0
1
1
0
-1
0
0
0
1
0
0
1
0
0
0
0
0
-2
-1
-2
-1
0
0
0
0
0
2
1
2
0
0
0
-1
0
0
0
0
-1
-1
0
1
0
0
0
-1
0
0
0
0
1
0
0
0
0
0
1
0
0
-1
0
0
-1
0
0
0
0
0
0
1
1
1
2
0
0
0
0
0
0
-1
0
0
-1
0
-1
-1
-1
0
0
0
0
0
-1
0
2
0
0
0
1
1
0
0
0
1
0
0
-1
-1
0
1
0
0
-1
0
1
0
0
-1
-1
0
1
0
0
0
0
1
1
0
0
-1
-1
0
1
0
0
-1
-1
0
0
0
0
0
-1
0
0
0
1
0
0
-1
0
-1
0
0
-1
0
1
1
1
0
0
-2
0
1
0
0
0
-1
0
0
-1
0
0
0
0
0
0
0
-1
0
0
-1
-1
0
0
0
0
0
0
-1
-1
0
0
1
2
1
0
0
0
1
1
0
0
0
0
-1
0
0
0
0
0
0
0
0
0
-1
-2
-1
1
0
0
1
0
0
0
0
-1
0
1
1
1
0
0
0
0
-1
0
1
0
0
0
0
1
2
0
-4
-4
1
3
3
0
-5
-4
0
3
3
0
-2
-2
0
0
0
2
2
-2
-4
0
1
1
2
0
-2
0
0
-4
-2
4
8
4
-4
-11
-3
11
16
2
-19
-20
-1
20
26
3
-28
-39
-4
32
57
25
-44
-13
4
2
-63
-71
60
121
61
-69
-146
-60
109
165
34
-135
-161
-28
142
171
12
-166
-163
13
168
141
-29
-163
-120
41
150
98
-45
-134
-82
45
118
76
-39
-109
-67
44
111
58
-61
-107
-35
74
101
19
-78
-90
-4
88
80
-16
-84
-64
10
80
68
-22
-87
-56
20
75
62
-23
-88
-47
39
72
35
-30
-65
-26
36
53
14
-34
-46
-6
38
40
-1
-34
-31
1
32
30
-5
-35
-24
9
34
24
-13
-37
-18
18
34
13
-24
-37
-11
25
31
5
-24
-29
-3
24
24
-2
-20
-12
2
12
11
1
-5
-3
0
1
1
2
4
2
-4
-3
-2
3
7
0
-4
-5
-1
0
1
0
0
2
0
-4
-3
-1
3
7
3
-7
-9
0
11
9
0
-10
-10
1
11
6
-4
-10
-6
4
6
1
-2
-4
0
4
2
-1
-4
0
4
5
3
-2
-4
-1
6
9
0
-7
-9
-3
7
9
1
-9
-10
-2
6
8
0
-7
-8
0
6
3
0
-4
-3
0
4
3
-1
-1
-2
1
4
0
-2
-3
0
2
3
0
-1
0
1
1
0
-1
0
0
0
0
0
0
0
-2
0
2
1
0
-3
-2
2
1
-1
0
0
2
1
-2
-3
0
4
4
0
-3
-3
1
1
0
-1
-3
-1
1
3
0
-2
-1
0
1
1
-1
-1
0
0
0
-1
-1
0
1
3
0
-2
-3
0
3
1
0
-2
0
1
2
1
-1
0
0
0
0
0
0
0
0
1
0
-1
1
0
-1
0
-1
0
0
0
0
0
0
0
2
0
0
2
0
0
0
0
2
0
0
0
0
-2
0
0
0
0
0
0
0
0
0
1
1
0
0
0
0
0
0
0
0
0
1
0
0
1
0
0
0
-1
0
-1
0
1
0
-1
-1
0
1
0
0
0
0
-1
0
0
-2
-1
0
1
2
1
1
0
0
0
0
0
0
0
0
0
0
0
0
0
-1
-1
1
0
0
0
0
1
0
-2
-1
0
0
-1
0
2
2
0
0
0
0
0
0
1
0
0
0
0
0
1
0
0
0
0
-1
0
0
0
0
-1
-2
0
0
0
0
0
0
0
0
0
0
0
0
0
0
0
0
0
1
0
0
1
1
1
0
0
0
1
-1
0
0
-1
0
0
-1
-1
0
0
0
-1
0
0
0
0
0
0
1
0
0
0
-1
0
0
0
1
0
1
2
1
0
2
0
0
1
1
1
0
0
0
-1
0
0
-1
0
-1
-2
-1
-1
0
0
-1
0
0
-1
0
0
0
1
0
0
0
0
1
1
0
1
0
0
0
-1
0
0
0
0
0
0
0
0
0
-1
0
0
-1
1
0
0
0
0
2
2
0
0
-1
-1
0
-2
-1
0
0
0
0
1
0
-1
0
-1
0
0
0
0
0
0
0
1
0
0
0
0
1
1
1
0
-1
0
0
0
1
3
1
0
-3
-3
1
4
3
-1
-7
-3
3
6
3
-6
-8
-2
5
9
2
-11
-11
-3
7
10
0
-9
-10
0
12
10
0
-11
-8
4
12
6
-3
-9
-3
5
7
2
-6
-9
0
6
6
0
-7
-5
1
7
5
-1
-7
-2
2
6
4
-3
-5
-4
2
8
5
-2
-8
-5
5
8
1
-4
-6
-3
4
7
0
-5
-8
-1
7
7
0
-4
-5
-1
4
3
-1
-3
0
3
0
0
0
0
1
0
-2
-1
0
1
0
-2
-2
-1
0
0
0
-1
-2
-1
0
1
0
-1
-2
0
3
4
4
-1
-3
0
3
3
0
-3
-2
0
2
3
0
-2
0
1
1
1
-2
-3
-2
1
3
1
0
-1
0
0
0
0
0
1
0
-2
0
2
3
1
-1
-1
0
2
1
-1
-3
-2
-1
0
0
0
0
-2
0
0
0
0
0
-2
-1
4
0
-2
-1
0
1
0
1
0
0
1
3
3
3
3
1
0
3
2
0
1
1
0
1
1
-1
-2
0
0
-2
-2
-1
-3
-5
-3
-3
-5
-3
-1
-3
-3
-3
-3
0
0
-1
0
1
2
1
3
2
1
0
1
3
2
0
3
3
0
1
2
1
1
0
0
0
2
0
0
1
0
0
0
0
-2
-2
-2
-1
0
0
-3
-2
-4
-3
-1
-1
0
-1
-1
-2
0
1
0
0
1
-2
1
4
1
2
2
0
1
1
1
0
0
-1
0
2
0
0
-1
0
3
-1
0
1
0
0
-2
-3
0
1
-1
0
-3
-2
-2
-2
0
0
-1
-1
0
0
1
1
0
1
2
0
1
2
1
2
0
0
2
0
0
0
0
3
0
0
0
1
0
-1
0
0
0
0
-2
-1
0
-1
0
-3
-3
-2
0
0
0
0
0
2
1
0
1
0
0
0
0
1
2
0
0
-1
0
1
1
1
1
0
0
0
0
0
1
-1
1
0
0
0
0
0
0
0
0
0
0
0
0
0
-1
-2
0
1
0
0
0
0
0
0
0
0
2
0
-1
0
-2
-2
-1
0
0
0
-1
0
0
1
2
0
0
1
0
0
0
0
1
3
1
1
1
2
0
0
0
0
0
-1
0
0
1
0
-1
-1
-1
-2
-3
-1
0
-1
0
0
0
0
-1
-2
-1
0
1
1
1
0
0
1
0
0
0
0
1
1
1
0
0
1
-2
-1
1
0
0
0
0
2
0
-1
0
0
-1
-1
0
0
0
0
0
0
1
0
0
0
0
0
1
0
0
0
0
0
2
0
1
0
0
1
0
0
0
0
0
0
0
1
1
0
-1
-1
0
-2
0
0
1
0
0
0
-1
-1
0
0
1
0
0
0
-2
0
1
1
0
0
0
0
0
0
0
0
0
0
0
1
0
0
-2
0
0
0
0
-2
-2
0
1
0
1
1
1
2
0
0
1
0
0
0
0
0
0
0
0
0
-1
0
-1
-2
0
0
1
0
0
-1
0
-1
0
0
0
0
-1
0
1
0
0
0
0
1
1
1
2
1
1
0
0
0
1
0
0
0
-1
0
-1
0
-1
0
0
0
0
0
0
1
0
0
0
0
0
0
0
0
0
0
0
0
0
0
0
0
0
0
-1
0
0
0
0
-2
-1
1
0
-1
0
1
1
0
0
0
1
0
0
2
0
-1
1
0
-1
1
0
-2
-1
0
-1
0
0
0
1
0
0
-1
0
0
0
1
0
1
1
0
0
0
0
0
1
0
0
0
0
0
-1
0
0
2
0
-1
0
-2
-1
0
0
1
1
1
0
0
0
0
1
2
0
0
0
0
0
-3
0
1
-2
-2
0
0
0
0
0
0
0
0
1
1
0
1
1
1
0
-1
-1
-1
-1
-1
-1
0
0
0
0
0
2
-1
-1
0
0
0
-1
0
2
-1
0
0
0
1
0
1
1
-1
0
1
0
0
0
0
-1
-1
0
0
2
1
-1
0
0
-1
0
-1
-2
0
1
0
0
0
-1
-1
-1
0
0
0
1
0
0
0
0
0
0
-1
0
1
0
1
0
0
0
0
0
0
0
1
1
-2
-1
0
-2
-1
1
0
0
2
-1
-1
-1
-1
0
-1
0
0
1
2
0
-1
0
0
0
0
1
1
-1
0
1
0
0
0
2
1
1
1
0
-1
0
0
0
0
0
1
0
0
0
0
-1
-2
0
0
1
0
-1
0
0
0
0
-1
0
0
1
0
0
0
0
0
0
1
1
0
0
0
0
0
0
0
0
0
0
0
1
0
-1
0
3
0
0
1
0
0
0
0
1
0
0
-2
0
0
0
-2
-1
0
-1
0
1
1
0
-1
-1
0
0
0
2
0
-1
0
1
0
1
2
2
0
0
-1
0
0
1
0
0
0
-2
-1
0
-2
-1
0
0
-1
0
1
0
0
1
0
-1
0
0
0
-1
0
0
0
1
0
0
0
0
1
0
1
1
-1
0
0
0
1
1
0
-1
0
1
0
0
0
0
0
1
-1
-2
-1
0
0
-1
0
-1
0
-1
0
0
0
0
0
0
0
3
1
1
1
0
0
0
0
-1
0
1
1
0
0
-1
0
-1
-1
1
0
0
1
1
0
1
0
-2
-2
0
-1
-1
0
0
1
-1
-1
-1
-1
0
0
0
0
0
0
-1
0
0
-1
1
0
2
2
1
2
0
-1
0
0
0
0
0
0
0
0
0
0
0
-1
0
0
-1
-1
-1
1
0
0
1
-1
0
0
0
0
0
1
1
0
0
0
0
0
0
0
2
0
0
0
-1
0
0
0
0
0
0
0
0
0
-1
0
-1
0
0
0
0
0
0
-1
0
1
0
0
0
0
0
0
-1
0
-1
0
0
0
0
0
0
1
1
0
0
0
0
-1
-1
0
1
1
0
-1
0
0
0
0
0
0
0
-1
0
0
0
-1
-1
0
0
0
2
0
0
0
-1
0
1
1
0
0
0
-1
0
-1
0
0
0
0
0
1
0
0
0
-1
0
-2
0
0
0
0
-1
0
0
-1
-2
0
0
1
0
1
2
0
0
1
0
0
2
0
1
2
0
0
1
1
0
-1
-1
0
-1
-1
-1
0
-1
-1
-1
0
-1
0
0
-1
0
0
-1
0
1
0
0
0
0
1
0
0
0
0
0
0
0
0
0
1
0
0
0
0
0
0
0
0
1
0
0
0
0
0
0
0
-2
0
0
-1
0
0
0
0
-2
0
0
-1
0
0
1
0
0
1
1
1
0
0
0
1
0
0
0
0
-1
-1
-1
-1
0
0
0
0
0
0
-1
0
0
0
0
0
-1
1
1
-1
0
0
0
0
0
0
0
0
1
0
1
0
0
0
-1
1
0
0
0
-1
0
0
-3
1
0
0
1
-1
1
2
0
1
0
0
0
-1
0
-1
0
1
0
0
0
0
-1
-1
0
1
-1
0
0
0
0
0
1
-1
-1
0
-2
0
2
0
0
0
0
0
0
0
2
0
-1
0
0
0
0
0
0
0
0
0
0
0
0
-2
1
0
-1
0
0
0
0
0
1
-1
0
1
-1
0
0
0
0
0
0
0
1
0
0
-1
0
0
0
0
0
0
2
0
1
0
0
1
0
0
0
0
0
0
0
0
0
0
0
-3
0
0
0
0
1
-1
-1
0
-1
0
1
0
0
-2
0
0
0
1
-1
0
0
0
1
1
0
0
1
0
0
0
0
0
0
0
0
0
-1
-1
0
0
0
0
0
1
0
0
0
-1
1
2
-1
0
-2
0
1
0
1
0
0
-1
-1
-2
-1
-2
-2
-2
-3
-1
0
0
0
0
2
1
0
1
0
0
2
2
3
2
2
3
2
2
0
2
3
1
1
0
0
1
0
0
0
0
0
-2
0
-1
-3
-3
-4
-2
-3
-2
-3
-2
-1
0
-1
-3
0
-1
-1
0
-2
0
-1
0
-1
-1
0
1
1
2
3
5
5
3
3
6
3
0
1
0
1
2
1
0
0
0
0
0
0
-1
0
-2
0
0
-1
-1
-1
-1
0
-2
-3
-2
0
-3
-1
0
-2
-1
0
0
0
1
0
0
2
1
1
3
3
2
3
1
0
1
1
0
0
-1
0
-1
-2
0
0
-1
-1
0
1
-2
-1
-2
0
1
-1
0
-1
-1
0
-1
0
0
1
0
0
1
0
1
2
0
0
0
0
2
0
0
0
0
1
1
-1
-3
-1
0
0
0
-1
0
0
0
0
0
0
0
0
0
0
0
0
0
0
0
0
0
0
0
0
1
0
0
1
2
0
-1
0
0
0
1
0
0
-1
0
-1
0
0
0
0
0
0
0
0
1
1
0
0
1
1
0
0
0
2
0
0
0
0
0
-1
0
-1
-2
-1
-1
-1
0
0
-1
0
-1
-1
0
0
0
1
1
1
0
0
2
1
0
0
0
1
1
0
0
0
1
1
0
-1
-2
-1
1
0
0
0
0
-2
0
1
-1
-2
-1
0
1
0
0
0
-1
0
1
0
0
0
-1
0
2
1
0
0
1
0
0
1
-1
-1
0
-1
0
1
0
0
0
0
0
0
-2
0
0
0
-1
0
0
0
1
0
-1
0
1
0
0
1
1
2
1
-1
1
0
0
1
1
0
0
0
-1
-1
1
0
0
0
1
0
0
0
0
0
0
-2
-2
0
0
0
0
-1
0
0
0
1
2
0
0
0
-1
1
0
0
1
1
0
0
0
-1
2
0
0
1
2
0
0
1
0
0
0
1
0
0
0
-1
-2
-1
-1
-1
-1
-1
0
0
0
0
1
0
-1
-1
-1
0
0
0
1
1
1
1
0
0
0
1
0
0
0
0
0
0
1
2
0
0
0
0
0
0
-1
0
0
0
0
0
0
0
2
0
-1
-1
-2
-1
-1
-2
-1
0
0
1
0
0
3
1
0
2
2
0
0
1
2
0
0
0
-1
0
0
0
0
0
0
0
0
0
-1
1
1
0
0
0
-1
-1
-1
0
0
0
1
1
0
0
2
0
1
0
-1
0
0
0
0
-1
0
0
-3
-1
0
0
2
2
1
1
1
0
0
0
0
-1
0
1
0
0
0
0
0
0
-1
0
0
-1
-1
0
-1
-2
0
-2
-1
1
0
0
0
0
0
0
0
1
1
0
0
2
0
1
0
1
2
0
0
0
0
-1
0
0
0
-1
-1
0
0
0
0
-1
0
-1
-1
0
-1
0
0
0
0
0
0
0
0
1
0
0
0
0
0
0
0
0
0
0
1
0
0
-1
0
2
0
0
0
1
0
-1
-1
0
-1
0
-1
0
-2
-2
0
0
0
1
-1
-1
0
0
0
1
0
0
0
0
1
1
0
0
0
0
1
0
0
0
0
-3
-1
0
1
2
0
1
0
0
0
1
1
-1
0
0
0
0
0
0
1
1
0
-1
0
0
-1
1
0
-1
-1
-1
0
1
0
0
0
0
0
0
-1
1
0
0
0
0
0
0
0
0
-2
1
1
0
1
0
0
0
0
0
-1
1
0
0
0
0
0
-1
1
0
0
0
0
-1
-1
0
-1
0
1
1
0
1
1
-1
-1
0
0
0
1
0
0
0
0
1
0
0
0
0
0
0
0
0
0
0
1
1
0
0
0
0
0
0
1
1
0
0
0
0
-1
0
1
0
0
0
0
0
1
0
-1
0
-1
-1
-1
0
0
0
1
0
-2
-1
0
-1
0
0
0
0
0
1
1
0
0
0
0
0
0
0
0
0
0
0
0
0
0
0
0
1
-1
0
1
2
2
0
0
0
-1
0
0
0
0
-1
0
1
1
-2
0
0
0
0
-2
-2
0
-1
0
0
0
0
0
0
0
0
-1
0
0
0
1
-1
0
-1
1
0
0
1
0
-1
0
0
0
1
1
2
2
2
2
1
1
1
2
0
-2
-2
0
0
-2
-2
-1
-1
0
0
-3
-2
-1
0
-1
-2
0
0
0
1
1
2
1
1
1
1
-1
0
0
0
0
0
0
0
0
1
0
0
-1
-1
0
0
0
0
0
1
0
0
0
0
2
0
-1
0
-1
-1
-1
-1
-1
0
0
-1
1
0
0
0
0
0
0
-1
0
0
0
0
1
0
2
1
0
0
-1
0
-1
-2
0
0
0
0
1
1
0
0
0
0
0
0
0
0
0
0
0
0
1
0
0
0
-1
0
0
0
0
1
0
0
0
1
4
0
0
0
0
0
0
0
0
1
0
-1
-1
-1
0
0
0
-1
-1
0
0
1
0
0
0
0
0
0
0
0
0
0
0
0
0
0
0
0
0
-1
0
0
0
2
1
0
0
0
0
0
0
0
-1
0
0
0
1
1
0
0
0
0
-1
0
-1
0
0
-1
-2
0
0
0
1
-1
-2
0
0
0
1
1
1
2
2
1
1
0
0
0
0
-2
-1
1
-1
-1
-2
-3
0
1
0
-1
0
-1
0
0
0
0
1
1
0
2
2
1
0
1
2
1
0
-1
0
-3
0
0
0
0
0
-1
0
0
-1
0
-1
0
0
0
0
1
2
1
1
2
0
0
0
-1
0
0
0
-1
0
0
-1
-1
0
0
-1
0
0
0
3
0
0
1
0
-1
0
1
0
0
1
0
-2
0
-1
-1
0
0
0
0
-1
0
-1
-1
-1
0
0
0
2
2
0
2
1
0
0
-1
0
2
2
2
1
1
0
-1
-2
-3
0
-2
-1
2
1
0
0
0
1
0
-1
-1
0
0
-1
1
1
-1
0
0
0
0
0
0
0
0
0
0
0
-2
0
2
0
0
2
1
1
-1
0
0
2
0
0
2
0
0
0
0
0
0
0
-1
0
0
-2
-1
-1
-1
-1
-2
-1
0
1
-1
0
1
0
1
0
0
0
0
0
0
3
0
0
1
0
1
0
0
1
1
0
0
0
1
0
-2
0
0
0
0
0
0
1
0
0
-1
-2
0
0
0
-1
0
0
0
0
0
0
0
0
0
0
0
0
1
0
0
1
0
0
-1
0
0
-1
0
0
-1
0
1
0
0
0
0
-1
0
0
0
0
2
1
0
0
1
-1
0
0
0
0
0
0
0
0
-1
-1
0
-1
-1
0
-1
0
1
0
1
0
1
0
-1
1
0
0
0
0
0
0
0
0
-2
0
-1
0
1
0
0
-1
0
0
0
2
1
0
1
0
0
0
-1
0
-1
0
1
0
0
0
0
0
0
1
1
0
0
0
0
1
0
0
0
-1
-1
-1
0
0
-1
-1
0
-1
-1
-1
0
1
1
2
1
1
2
0
-1
-1
-1
1
0
1
2
0
0
0
-2
0
0
0
-2
-3
-2
-2
0
0
0
0
1
3
0
1
0
0
0
0
0
0
-1
-1
-1
0
-1
1
4
2
0
0
0
0
-1
0
-2
-2
-2
-1
0
0
0
0
0
1
3
2
2
0
-2
0
0
-1
-2
-2
0
-1
-2
1
1
0
1
0
0
2
0
0
-1
-2
-1
0
-1
1
2
0
-1
0
1
2
2
1
1
0
0
0
0
-1
0
-1
0
-1
1
0
0
1
0
0
0
-1
-2
-2
0
-1
0
-1
-3
-2
-1
0
0
-4
-1
-1
0
-1
-1
0
1
4
2
2
1
2
1
1
0
-2
0
0
2
2
0
1
0
1
3
3
0
0
1
-1
0
-1
0
0
0
0
1
-2
-3
0
-1
0
-2
-2
-1
-1
-1
0
0
-2
-1
0
0
0
-1
-2
1
1
0
0
1
2
1
0
3
2
3
1
-1
0
0
0
0
0
0
0
0
0
-1
0
-2
0
0
0
0
-3
0
0
0
0
-4
0
-2
-1
1
2
0
0
1
2
1
-1
-1
0
1
2
0
1
0
1
0
-3
0
0
0
0
0
3
1
0
-1
1
0
-1
0
0
0
0
-1
-2
0
-2
0
-2
-1
0
-3
2
2
0
0
0
1
1
-1
-1
-1
0
1
2
3
0
2
0
2
5
0
-1
0
1
-1
-3
-1
0
0
-1
-2
-1
2
0
0
0
-1
1
0
0
0
0
1
0
-1
-1
0
0
0
-1
0
0
0
3
0
0
1
1
2
0
0
-1
0
-2
0
2
0
2
-1
-1
-1
0
0
-3
0
0
3
1
-3
0
0
1
-2
-5
-2
3
1
1
-1
-1
5
0
2
1
1
1
-2
1
-3
-1
-2
-5
1
1
1
2
1
1
4
2
0
-4
-4
0
-4
-2
-3
-3
3
1
3
1
3
3
2
-3
-9
-6
-4
-2
-4
2
7
10
5
2
0
0
0
-7
-9
-7
1
6
4
2
5
10
9
0
-5
-10
-6
-2
-4
-5
-1
4
8
6
2
2
0
-1
-6
-11
-9
-5
0
-2
-1
5
9
16
10
0
0
-3
-2
-5
-14
-6
0
6
7
0
1
7
4
0
-7
-11
1
-3
0
-3
-1
6
4
3
0
0
-1
3
0
-1
-3
-4
5
4
0
-9
-1
11
5
-3
-9
0
10
4
-11
-8
3
6
2
-9
0
2
5
-1
-1
5
1
2
-1
-1
-4
-4
-2
-3
-1
-2
0
2
1
0
0
7
5
2
0
4
7
2
-2
-13
-6
-6
-3
-4
-3
5
1
9
7
2
4
2
3
0
-4
-5
-5
-4
-1
0
1
3
2
6
5
0
-6
-7
-1
0
-4
-5
2
5
5
-1
0
4
4
0
-3
-3
0
5
2
-3
0
2
3
-1
-4
-4
-1
-2
-4
-6
0
9
3
0
0
3
6
2
-4
-5
1
0
-1
-4
-3
5
1
-3
-3
1
7
3
-3
-2
6
3
0
-6
-8
2
1
1
-9
0
12
9
7
-11
-2
6
0
-5
-18
-2
3
8
-4
-6
4
9
13
-9
-1
-3
10
4
-16
-10
-7
10
-2
-9
-4
8
18
1
1
0
7
10
-2
-8
-12
0
0
-8
-10
-9
1
9
4
1
5
12
17
2
1
0
-6
-1
-10
-12
-15
-10
4
6
4
-3
3
17
16
0
-13
0
11
0
-17
-13
2
11
-8
-5
3
5
6
-13
4
7
-4
0
1
18
6
-17
-2
6
9
-13
-22
4
9
2
-13
-6
16
12
-4
-6
4
13
3
-12
-1
2
2
-6
-8
2
-4
-3
-2
3
7
-3
5
2
4
1
0
8
-9
-4
0
6
2
-12
3
10
3
-14
-3
7
8
-16
-19
13
9
5
-22
-3
22
6
0
-20
3
16
2
-11
-14
7
17
2
-14
-5
11
6
-2
-13
0
6
-6
1
-1
5
0
-6
4
6
-5
0
-5
-1
5
-14
5
-4
2
7
-5
7
2
3
11
-5
-4
3
-9
7
-11
-7
8
-5
7
3
-8
12
-9
0
7
-14
18
-12
3
2
-15
13
-7
1
2
-6
6
5
-1
7
-3
-2
9
-6
5
-2
-15
5
-11
5
3
-3
8
-8
11
-8
0
-7
-3
19
-14
13
-9
3
7
-14
4
-8
7
-5
11
-14
10
-1
-7
27
-27
28
-13
-6
17
-27
12
-9
-6
9
-2
-7
18
-3
6
12
-30
25
-11
-6
10
-28
17
-7
-7
9
-7
-3
13
-10
7
10
-22
30
-19
7
5
-17
19
-17
5
-3
0
10
1
4
3
-4
10
-8
-1
2
-9
14
-24
5
-6
-6
12
-13
10
-1
6
1
0
0
7
-7
4
1
-11
19
-27
28
-12
-1
12
-44
43
-34
20
0
-26
35
-29
18
-6
-3
-2
4
-3
9
13
-29
37
-26
30
-3
-29
34
-33
38
-21
3
3
2
20
-32
5
-28
22
-16
-19
13
-11
25
-31
9
18
-3
7
-28
26
16
2
0
-3
3
7
-6
4
7
-33
14
-12
42
3
-60
40
-24
44
-11
-66
44
-19
16
-11
-19
26
0
-11
-10
15
18
9
-41
3
10
26
12
-51
12
-5
27
-8
-20
7
-11
21
-20
20
0
-8
15
-15
21
-9
1
2
-5
6
-2
9
-20
5
-11
19
5
-21
19
-29
24
-4
0
17
-36
5
-9
14
15
-12
-5
-8
6
9
13
-15
0
-10
-2
27
-11
21
-39
-14
31
2
17
-44
-2
34
8
-24
-1
0
29
0
-49
47
-9
7
-3
-37
47
-1
-31
18
-11
20
4
-44
33
10
-19
-1
-6
32
2
-57
22
13
25
-34
-38
52
7
20
-65
6
43
-2
-10
-37
15
42
-21
-32
29
-22
49
-36
-21
62
-55
41
-14
-18
41
-48
20
7
-21
6
-6
-6
26
-14
-19
27
-33
43
-20
-15
25
-33
43
-26
4
5
-12
23
-16
1
0
4
11
-6
-8
5
9
4
-10
-3
10
1
-3
-16
14
6
-8
-16
-4
17
0
-2
-18
22
1
-5
-2
-5
29
-14
-11
-11
15
12
-7
-18
-5
24
4
-6
-16
0
24
-4
-16
-1
2
29
-19
-9
9
9
13
-21
0
4
7
-2
-4
0
-5
2
5
7
-1
-23
1
14
3
-8
-21
5
17
-5
-12
6
-1
18
-15
-11
18
-9
17
-13
-5
10
-8
13
-4
-3
1
-1
8
0
-8
0
7
8
1
-17
-2
16
1
6
-24
7
12
-3
2
-15
16
0
-9
-7
3
14
0
-17
-8
0
6
22
-15
-2
-15
-3
26
-18
7
-14
0
12
0
18
-1
1
-12
24
-6
11
-6
-12
20
-46
12
-10
6
-1
-30
29
4
22
-21
11
22
-4
1
-46
49
-11
0
-36
-35
63
-30
9
-28
25
39
-19
-9
-8
23
-6
-6
-31
17
13
-15
17
-39
41
23
-5
11
-51
35
22
-4
-29
-39
17
42
-24
-36
21
17
37
-63
-29
48
13
-5
-36
12
50
10
-39
0
0
1
0
-26
22
-21
-10
27
27
8
-36
-4
27
35
-37
-32
15
20
7
-53
-2
45
13
-30
-27
30
43
-16
-52
8
33
11
-32
-33
26
18
-7
-6
0
9
-10
-16
16
4
-4
-8
1
14
-1
2
7
3
-4
-1
-1
4
-3
0
9
-16
-3
1
15
1
-26
2
15
17
-13
-23
5
13
2
-18
-10
11
10
-5
-11
3
8
6
-10
-5
3
0
7
0
-2
3
-1
8
2
-12
7
0
-2
4
-6
17
4
-20
15
-2
8
-2
-22
20
-9
-1
0
-11
12
-6
-4
8
-10
4
13
-19
12
-9
-9
27
-27
12
3
-18
32
-21
-4
15
-17
19
-2
-20
25
-12
6
8
-26
28
-5
-4
16
-28
22
0
-19
21
-36
21
13
-23
26
-23
10
9
-22
19
1
-3
1
0
0
15
-28
-4
30
-20
13
-31
8
39
-28
-6
-7
22
11
-21
-28
23
12
-23
4
-22
47
-14
-9
20
-10
28
-41
19
1
0
-2
-19
23
1
-3
-22
26
-9
36
-36
-24
39
-31
54
-53
13
15
-16
21
-43
30
-11
14
-3
-16
1
6
12
-7
-3
-31
53
-17
0
0
-37
68
-34
0
0
-24
44
-11
-13
4
-7
13
15
-37
13
0
6
31
-43
22
-12
3
13
-21
12
-15
12
0
7
-20
-4
14
-4
8
-29
11
16
-6
3
-14
8
8
-8
2
0
1
0
5
-8
6
0
-7
25
-19
0
8
-11
32
-16
-23
15
-19
22
2
-22
25
-18
1
13
-9
17
-19
-13
17
0
4
-7
-13
16
-1
-4
14
-19
10
-7
-3
34
-22
0
-6
-8
36
-20
0
2
-20
23
-18
6
4
-10
1
-8
8
4
1
-11
5
-7
8
6
1
8
-23
2
11
6
-4
-22
1
8
0
-8
0
18
5
-5
4
5
14
-2
-10
13
-16
-3
-5
-6
14
-24
0
4
-2
11
-11
12
20
-9
-8
-1
-2
26
-26
-25
7
-9
24
-24
-1
28
-2
14
-20
8
24
-22
2
-18
-7
29
-20
16
-1
-13
36
-7
4
1
-21
20
-8
-15
11
-14
4
-9
-8
30
-19
-14
10
-1
28
-26
-3
29
-16
8
-13
6
6
-41
14
18
-6
1
-25
27
13
-25
5
9
20
-16
-17
7
19
17
-18
-4
6
0
0
-5
-1
2
-14
-18
-1
17
8
-11
-9
2
29
10
-3
0
-4
7
-5
-13
0
-1
-17
1
-27
17
22
-14
24
-41
33
18
-2
11
-49
36
-4
-1
-23
-14
30
6
-10
-26
40
0
28
-39
-5
42
-35
36
-58
15
14
-23
37
-42
8
2
5
22
-13
-19
17
4
-9
2
-32
38
-2
-19
16
-26
40
-9
-20
12
-16
19
2
-16
3
0
0
15
-11
0
8
11
8
-22
-12
9
23
-12
-25
-1
23
11
-21
-4
18
14
-16
-13
8
25
-10
-36
7
1
19
-12
-23
32
0
-6
-2
-1
30
-9
-37
11
7
14
-2
-36
31
0
-3
11
-37
29
5
-15
17
-13
11
28
-30
5
0
-19
29
-38
4
12
-18
25
-29
-9
9
4
26
20
-8
0
6
2
27
-63
-40
-8
12
36
-47
-3
42
44
3
-21
11
40
4
-47
-13
-13
-9
-51
-26
36
20
16
6
47
29
-5
-34
-15
21
-32
-12
-23
11
11
-26
9
13
26
10
-5
-5
14
-23
-15
0
-7
31
-11
9
12
7
16
-18
-20
-24
6
-6
12
-11
13
26
-26
15
-31
13
6
-11
13
-25
8
0
30
15
-9
-7
-16
10
-17
-3
-8
3
13
-4
17
14
11
-12
-9
-6
7
0
-22
18
4
11
-20
-30
19
-14
-3
-12
-5
37
2
-3
34
8
13
-19
-30
33
-39
-22
-22
-16
57
-24
19
31
-2
37
-18
2
-1
-43
-2
-13
-13
17
-4
28
16
-13
41
-5
-10
-21
-42
14
-31
-1
20
15
30
1
14
16
-12
-25
-6
-10
-7
-24
-14
29
12
15
18
-12
19
-13
-18
14
-42
18
1
-24
20
-11
35
14
-32
17
13
-2
-5
-17
18
12
-35
-1
16
2
-14
-26
29
16
-18
-27
17
38
-3
-20
-7
27
-4
-28
-20
23
16
-27
0
2
38
-2
-34
32
0
5
-25
-27
44
-4
-14
-8
-7
31
1
-22
8
-7
10
6
-29
23
0
3
4
-27
28
-1
-9
0
-6
19
-3
-12
3
12
-4
-4
-9
-3
14
-9
4
2
-10
7
8
-5
4
-7
-7
21
-28
3
10
-13
21
-18
3
26
-22
7
0
-10
25
-20
1
19
-26
27
-8
-7
22
-48
25
0
-16
19
-30
20
16
-12
14
-6
-4
20
-10
-3
0
-17
12
-4
-17
7
-3
7
1
-10
7
4
-1
-3
1
-3
4
-6
-4
9
0
0
4
-3
13
2
-2
19
-3
5
-3
-2
12
-12
-10
2
-1
3
-12
-2
13
-2
-2
-3
5
2
-8
-4
2
3
-2
-9
2
5
-3
-3
-7
7
6
-5
-1
1
9
-1
-7
0
-5
4
-11
0
5
-1
7
0
11
4
1
7
6
3
-5
0
1
0
0
-4
1
3
-1
-2
-3
-1
-2
0
0
-1
-5
-2
-1
0
0
-6
-1
-3
2
0
-6
2
-4
1
2
1
6
-5
6
6
-2
5
-2
2
8
-2
2
-2
-2
3
-9
3
2
-5
5
-1
7
0
0
3
-1
3
-6
-5
-4
-2
-6
-10
2
-2
1
8
3
7
11
-1
4
7
-9
0
-5
-12
1
-6
-14
6
0
-1
18
2
9
9
0
0
0
-6
-7
-6
-7
0
-11
8
0
1
12
-8
18
0
-4
4
-3
1
-4
-1
0
2
-6
2
-1
4
3
-8
5
-1
2
0
-1
2
-2
-6
-3
6
-1
4
-2
4
7
-10
4
0
0
2
-6
4
4
0
4
0
2
7
-7
1
0
-12
1
-8
-3
5
-3
1
4
-2
3
2
-4
6
-3
-3
2
-4
1
0
-1
0
-1
1
3
1
4
0
-1
-1
0
0
0
-1
0
3
0
0
-2
2
2
-2
-1
0
-1
-3
0
1
4
4
-2
1
1
0
0
-4
0
-1
0
-3
-1
0
0
-1
-1
3
0
3
0
0
-1
-3
0
-4
-2
-1
0
1
0
1
1
6
0
0
0
-1
1
0
1
3
2
1
-1
0
-2
-2
-2
-1
0
0
-1
-1
-1
-2
0
0
0
2
2
3
1
2
0
0
-1
-4
-2
1
0
-1
1
1
1
2
0
2
2
0
1
-2
-3
-1
0
0
-1
-2
-3
-1
-1
-1
0
1
-1
1
3
2
3
3
0
1
2
-1
-1
-1
0
-2
-2
-2
0
-1
0
2
0
0
0
-2
0
0
1
1
-2
0
1
0
0
0
0
1
2
0
0
0
1
2
0
0
0
-2
-1
-3
-1
-1
-1
0
0
1
0
0
0
1
1
2
0
1
3
0
0
0
-1
0
-2
-1
-3
0
0
0
0
0
0
1
0
1
1
0
0
0
0
0
0
-1
-1
0
-1
-1
0
-1
-3
-2
-1
0
-1
0
0
0
0
1
1
1
1
2
0
0
1
0
0
1
2
0
0
0
2
2
-1
0
1
0
-1
0
0
0
0
0
1
3
1
0
0
0
-1
-1
-2
-4
-2
-3
-2
-2
1
1
-1
2
2
1
1
1
1
0
0
0
0
0
0
0
1
0
0
3
1
0
1
0
-1
-1
-1
-1
0
-1
0
3
3
1
2
1
-2
0
1
-3
-2
0
-3
-2
1
0
1
0
0
0
0
-1
0
0
-3
0
0
-1
0
2
2
2
2
1
2
2
1
0
0
1
0
-2
0
1
0
-2
0
0
0
0
0
0
2
-1
0
-1
-2
-2
-2
-1
0
-1
0
1
2
0
1
0
-1
0
0
-1
-1
0
1
2
2
0
0
0
0
-1
-1
1
0
0
0
1
1
1
0
-1
-1
-1
0
0
0
0
0
0
0
0
-1
0
0
0
1
-1
0
1
-1
-1
0
0
0
0
0
0
0
0
1
2
2
1
0
0
0
0
1
0
0
0
-2
0
0
-1
0
0
0
0
-1
-1
0
-1
-1
1
0
0
-2
0
1
-1
1
1
1
1
1
0
0
0
1
0
0
0
0
0
0
0
0
-1
0
0
0
0
0
0
-1
-1
0
0
0
0
1
1
1
0
-1
0
0
0
0
1
0
0
0
0
0
-1
-1
-2
0
0
0
0
0
0
0
0
0
0
0
0
0
0
0
3
1
-1
0
-1
0
0
0
-1
0
-1
-1
2
0
0
-1
0
0
0
0
0
0
-1
0
0
1
1
0
1
2
2
0
0
-2
-1
0
-1
-1
0
0
-2
0
0
0
0
0
0
0
0
0
0
0
0
-1
0
1
0
0
0
0
0
0
0
0
1
0
-1
0
1
0
-1
0
0
0
1
0
0
0
0
-1
0
0
-1
0
0
0
0
0
0
0
0
0
0
0
1
0
0
0
1
1
1
0
0
0
0
0
0
1
0
0
0
-2
0
1
0
0
0
0
0
0
0
0
0
0
-1
1
0
0
0
-2
0
1
0
0
0
-1
-1
0
0
1
0
0
1
0
0
0
0
0
1
0
0
0
0
0
0
0
2
1
0
-1
0
-1
0
0
0
0
1
0
-2
0
0
1
0
1
2
0
0
0
-1
-1
1
1
0
0
0
0
0
0
0
0
0
0
0
0
0
0
-2
-1
0
-1
-1
0
0
-1
0
0
0
0
-2
-1
-1
-1
0
0
-1
0
-1
0
1
0
1
2
0
0
1
3
3
3
2
3
4
3
3
4
1
0
0
1
-1
-2
-1
-3
-3
-4
-6
-6
-7
-9
-7
-6
-3
-1
-3
0
0
-1
-1
0
1
2
3
3
2
3
2
2
3
2
1
1
1
1
2
2
0
1
2
1
3
1
0
1
0
0
0
0
0
1
0
0
0
-4
0
-1
-5
-3
-4
-6
-2
-4
-3
0
0
-1
0
1
1
0
1
-1
0
5
1
0
3
3
3
2
3
4
1
-1
-2
1
-4
-3
2
-6
-3
7
-5
-3
11
-4
-3
8
-6
-2
3
-7
0
2
-6
3
0
-9
4
4
-7
2
5
-2
2
-2
1
2
-3
16
-16
-11
57
-42
-38
105
-41
-76
102
-27
-69
108
-38
-73
104
-28
-69
67
-8
-28
31
-43
15
58
-94
12
105
-98
-23
111
-78
-27
106
-95
-12
115
-108
-9
105
-91
0
84
-91
14
58
-80
41
28
-76
56
33
-82
44
32
-62
44
9
-53
50
6
-53
47
11
-48
29
13
-22
0
0
9
0
-13
8
1
-11
7
-5
-1
4
-9
2
0
-4
7
-1
-14
8
4
-8
7
-1
-1
4
-2
2
5
-12
3
13
-12
4
7
-10
4
9
-8
0
5
-2
0
1
1
0
-5
-1
10
-6
-8
7
-1
-4
1
-1
-1
6
-7
-6
3
4
-2
-13
10
10
-15
0
9
-8
3
6
-12
7
6
-7
4
0
0
5
-6
3
9
-8
-2
7
-3
3
0
-8
4
-1
-3
7
-3
-4
9
-5
-6
10
-4
-6
4
-3
-1
2
-2
0
-1
0
1
-4
0
9
-6
-2
7
-3
0
4
-6
0
5
-2
0
1
-2
2
0
-2
2
-1
-2
4
-2
-1
4
-2
-3
3
-2
-1
2
-4
0
2
-5
0
0
-3
3
0
-2
2
0
0
3
-4
0
4
0
0
0
-1
2
2
-1
0
0
-2
2
0
0
1
-2
0
1
-1
0
1
-1
0
1
-1
1
0
-1
0
0
1
2
0
2
1
0
0
0
0
-1
-1
-2
-2
-2
-4
-2
-3
-2
-1
-2
-2
0
1
0
3
3
3
3
1
4
4
5
6
1
1
4
1
0
0
-2
-2
-1
-3
-1
-2
-2
-2
-4
-4
-4
-6
-3
0
-1
0
2
3
1
1
-1
0
0
-3
1
1
0
4
6
7
5
2
4
3
0
-5
-7
-10
-14
-17
-15
-9
-6
3
13
17
20
18
10
-3
-18
-27
-37
-39
-31
-18
4
33
60
88
99
90
75
36
-21
-71
-120
-172
-181
-145
-125
-74
50
110
142
236
233
180
167
85
-12
-57
-130
-191
-181
-178
-171
-125
-82
-31
14
27
81
140
101
114
179
113
65
94
32
-35
-39
-74
-88
-83
-110
-66
-32
-64
-36
10
-10
-11
20
18
26
40
35
35
44
24
2
15
3
-6
7
6
13
8
-2
4
-3
-14
0
0
0
-2
-5
5
-33
-40
-20
-47
-33
-5
-11
31
34
-1
28
9
-49
-43
-24
-52
-17
32
59
111
135
155
167
145
105
69
-9
-82
-144
-244
-268
-318
-345
-278
-158
-142
57
293
206
456
484
361
404
236
96
-2
-128
-288
-262
-340
-386
-291
-262
-259
-148
-46
-84
114
101
104
279
162
194
240
187
137
180
148
65
167
4
31
12
-105
-125
-175
-208
-280
-213
-252
-198
-138
-114
-34
10
61
83
138
129
139
150
125
116
100
75
48
33
1
-1
-31
-45
-64
-61
-72
-89
-63
-64
-47
-43
3
-3
17
52
22
49
44
20
19
31
-11
4
-1
-21
-5
-36
-9
-39
-30
-43
-42
-26
-48
-21
-9
10
9
60
70
63
101
83
75
73
57
22
22
5
-20
-2
-35
-45
-46
-68
-62
-72
-69
-37
-32
-15
10
27
33
27
59
23
23
75
-10
38
63
8
46
46
49
43
94
56
50
125
16
36
72
-56
-6
15
-46
62
0
50
142
-208
152
-38
-380
12
-312
-433
-249
-297
-409
-162
-84
-15
295
371
386
1072
678
390
1399
246
155
543
-478
-504
-526
-1010
-1121
-766
-1039
-1099
-372
-495
-396
170
160
406
781
377
516
1138
-1
203
652
-173
-94
369
51
21
1314
427
443
1647
569
142
704
-99
-930
-583
-1324
-1637
-1046
-1540
-1595
-710
-680
-852
224
162
303
994
204
1232
1451
18
711
1153
-270
-253
456
-604
-395
285
-448
446
1389
189
722
2025
397
302
964
-412
-774
-1016
-1552
-1465
-1446
-1910
-1501
-614
-1193
-626
546
-147
-164
860
76
100
708
-82
85
923
372
885
2717
1189
1675
3077
1433
1147
1090
-141
-1254
-1296
-2559
-2530
-2165
-3080
-2471
-1664
-1565
-1416
-123
45
310
922
1025
2136
1378
706
1409
1025
-279
-294
321
-695
-423
90
1450
1402
659
2854
1604
1156
1213
-88
-606
-1588
-2028
-2693
-2341
-2293
-2716
-2158
-1124
-1270
-795
77
221
1082
661
1424
2487
1459
1232
1718
1082
17
-260
-668
-977
-946
-1393
-237
586
1452
1144
2302
3459
1285
1706
1463
-587
-1416
-1789
-2831
-3156
-2298
-3057
-2493
-1019
-1413
-544
462
242
774
1330
934
1156
1245
223
452
191
-377
-8
544
378
1768
3543
2310
3638
4423
2525
1946
1431
-627
-2189
-2762
-4123
-4442
-4034
-4257
-4105
-2430
-1910
-2056
292
682
616
2084
2247
2411
2189
1809
1317
670
11
-209
417
-238
538
2080
2978
2627
3308
4373
1902
1631
821
-1366
-2435
-3574
-4338
-4816
-4268
-4099
-3485
-2195
-1500
-501
629
1199
1687
2170
2183
2147
1349
1027
429
-743
-234
-317
-479
358
1653
2531
3490
3754
4187
3776
1879
1229
-541
-2415
-3754
-4405
-5086
-5494
-4342
-4127
-3298
-1877
-935
3
1114
1768
1747
2469
2445
1500
1764
1164
-582
154
93
-947
245
1162
1945
3372
3435
3399
4278
2261
671
370
-1793
-3638
-3890
-4548
-5499
-4004
-3892
-3789
-1661
-1186
-656
1270
1855
1697
3243
2966
2119
2582
1809
-294
-9
504
-1537
-73
884
841
3131
3922
3011
4199
3977
844
799
-266
-3320
-3872
-4088
-5286
-4824
-4132
-4279
-2895
-1836
-1405
39
1276
1317
2617
3066
2104
2789
2460
91
-236
793
-1335
-971
763
293
2410
4464
3312
4049
5332
1981
907
695
-2508
-4036
-4095
-5161
-5620
-4408
-4566
-3894
-2113
-1976
-969
1014
906
2054
3260
2121
2479
3184
685
-302
1290
-577
-994
1631
734
1550
4965
4216
2887
5729
3949
355
1388
-584
-3996
-4413
-4611
-6608
-6247
-4919
-5513
-4060
-2406
-1926
-388
624
1467
2716
2320
2299
3208
1627
464
1122
472
-759
670
1330
645
2970
4843
3361
3595
5530
2394
810
1231
-1470
-3724
-4016
-4644
-6154
-5402
-4594
-4818
-3683
-2335
-1422
-549
659
2044
2131
2189
3204
2822
1369
1365
1254
221
128
1364
1203
1480
3392
5047
3333
3682
5204
1927
330
149
-1877
-4741
-4723
-4839
-6688
-5693
-4157
-4473
-3726
-1048
-719
-317
2062
2662
2206
2405
3559
2190
1276
1238
185
-11
-366
351
680
1105
2254
4559
3644
2792
5274
2377
169
587
-1407
-4447
-4732
-4567
-6738
-5906
-3982
-4713
-3928
-1270
-1135
-424
1435
2496
2143
2336
3925
2707
1976
2060
1216
464
623
999
668
1979
2136
3962
4810
2954
4500
3645
969
-55
-535
-3515
-5253
-4086
-5929
-6677
-4337
-4276
-4862
-2104
-1265
-1267
288
2045
1996
1494
3357
2916
1616
1609
1575
465
84
1085
1218
1371
2419
3781
4852
3507
3883
4331
1191
44
-583
-2979
-4723
-4701
-5476
-6439
-4878
-4192
-4401
-2626
-1048
-834
210
1902
2207
1508
2474
2716
1351
1026
1186
335
-69
684
932
1289
2299
2355
4114
4154
2235
3872
2481
-389
-490
-1416
-4245
-5231
-4565
-6171
-6095
-4032
-4224
-3857
-1440
-862
-494
1152
2144
1523
1878
3060
2153
1639
1803
1063
977
791
987
1789
1826
2446
3135
5077
3948
2784
4491
2354
-172
-160
-1446
-4497
-5186
-4900
-6458
-6329
-4583
-5044
-4336
-1931
-1513
-910
578
1867
1057
1536
3226
1788
1462
2038
1001
785
852
1053
1228
1625
2395
2575
4520
3743
2509
4129
2208
-242
-15
-1723
-4244
-4663
-4950
-6099
-6006
-4182
-4644
-4147
-1522
-1339
-586
802
2139
2060
1795
3384
2772
1579
1769
1484
502
116
916
870
868
1951
2413
4081
3716
2745
4246
2938
546
200
-957
-3401
-4759
-4617
-5959
-6497
-4669
-4950
-4550
-1774
-1267
-201
1370
2508
2991
2909
4152
3385
2685
2520
1351
690
459
2
-317
660
1076
939
2958
4005
2136
2678
3854
663
-777
-469
-3153
-5151
-4813
-5612
-6468
-5025
-4398
-4485
-2287
-1223
-871
892
1681
2107
2831
3017
3435
2926
2228
2347
1274
606
281
300
186
865
1405
1871
3764
3449
2381
3572
2586
-585
-545
-1614
-4619
-5106
-5018
-6346
-6269
-4493
-4732
-4121
-1839
-1281
-670
944
1876
2335
2796
3195
3768
2802
2216
2229
1250
199
149
353
-162
616
1204
1643
2934
3080
1937
2917
2116
-460
-445
-1485
-3613
-4474
-4194
-5252
-5236
-3574
-4035
-3224
-1364
-1203
-283
1015
1713
2107
2615
3102
3304
2638
2083
2028
1140
-163
198
219
-401
755
1315
1740
2740
3547
2301
2577
2607
-110
-636
-1154
-3148
-4370
-3967
-4725
-4973
-3663
-3679
-3303
-2002
-1376
-915
168
1137
1447
1904
2898
2790
2513
2507
1802
1264
515
301
21
-392
437
848
1300
1887
3453
2693
2043
3331
1393
-83
-36
-1504
-3613
-3851
-4029
-5179
-4787
-4017
-4113
-3386
-2021
-1503
-588
695
1349
1662
2836
3150
2615
3001
2413
1565
1298
483
29
-260
-200
488
871
1105
2245
3757
2201
2190
3479
1007
-492
68
-1716
-4029
-3903
-4244
-5435
-5035
-4108
-4267
-3442
-1916
-1353
-197
1054
1757
2331
3068
3375
3255
2782
2431
1772
748
381
-124
-689
-200
275
398
1007
2328
3120
1804
2505
3011
583
-165
-22
-2124
-4078
-3954
-4566
-5736
-5262
-4339
-4412
-3696
-1912
-860
49
1600
2669
2868
3647
4382
3547
2908
2816
1669
479
-248
-399
-1165
-1177
89
219
791
2021
3495
3131
2317
3428
2138
90
138
-979
-3566
-4083
-3740
-5253
-5227
-3665
-3831
-3782
-1832
-799
-604
617
1962
1902
2180
3505
3087
2146
2728
2027
869
666
-7
-489
-629
116
228
908
1878
2475
3643
2756
2431
2914
1140
-449
-728
-2245
-4177
-4237
-4419
-5568
-5063
-3676
-4053
-3352
-1388
-797
-68
1493
2641
2394
2998
4567
3490
2530
3338
2159
574
425
4
-1452
-1218
51
-349
435
1814
2586
3190
3011
2915
2868
1538
271
-337
-2299
-3658
-3900
-4872
-5734
-4771
-4071
-4545
-2979
-1561
-1057
-5
1766
2712
2567
3467
4507
3911
2615
3078
2541
517
82
-171
-1541
-1635
-828
-731
-164
982
1926
2718
3147
2387
2876
2413
259
-210
-1259
-3149
-3986
-4056
-5028
-5079
-3600
-3749
-3235
-1359
-694
-47
1365
2676
2734
2660
3812
3775
2482
1897
2051
928
-815
-468
-969
-2056
-1252
-576
-105
326
1321
2116
2879
2381
1688
2882
1031
-528
-205
-1946
-3640
-3598
-3945
-5075
-4051
-3262
-3344
-1982
-596
-145
938
2103
2474
2925
2747
3343
3491
2397
1892
1815
1283
-335
-282
-727
-1799
-1262
-776
-354
94
1330
1848
3058
2914
2195
3328
1699
-45
-49
-1660
-3828
-3859
-4223
-5681
-4581
-3501
-3934
-2594
-835
-576
385
1930
2285
2552
2695
3215
3307
2496
2237
1802
1211
-25
-773
-985
-1950
-2382
-1520
-844
-685
933
1537
2544
3595
2495
3090
2808
664
-128
-739
-2757
-3881
-3611
-4685
-4825
-3270
-3175
-3244
-1172
-236
-504
1171
2185
1866
2128
3004
3035
2052
2648
2502
826
942
483
-891
-1622
-1360
-1930
-1959
-650
-475
-16
1162
2475
2568
2089
2916
2605
667
322
-74
-2305
-3233
-3057
-4070
-4365
-2983
-2899
-3076
-1062
-512
-536
1086
1593
1476
1975
2700
2802
2242
3017
2992
1537
1661
1664
-195
-1155
-266
-1809
-2619
-869
-806
-1413
238
1753
1816
2087
2506
3084
1719
697
723
-917
-2524
-2749
-3185
-4359
-3717
-3013
-3355
-2424
-1352
-965
-75
869
1393
1571
2231
2957
2507
2562
3300
2324
1259
1909
1087
-1130
-677
-396
-2360
-2141
-638
-915
-1388
746
1650
1183
1804
2485
2259
1010
899
467
-1182
-2142
-2210
-3021
-3963
-3119
-2967
-3514
-2404
-1439
-1589
-625
721
864
1087
2261
2940
2560
2838
3435
2765
1740
1830
1225
-718
-734
-825
-2267
-2288
-1341
-1399
-1545
360
677
1114
2042
1785
2144
1437
693
465
-762
-2103
-2169
-2730
-3792
-2958
-2589
-3202
-2008
-1019
-1327
-438
706
816
951
1763
2494
2327
2589
2840
2859
2512
1523
1693
669
-988
-486
-1363
-2706
-2001
-1377
-1772
-739
547
965
2170
1987
2207
2921
1284
654
669
-1328
-2532
-2186
-3250
-4074
-2856
-2644
-3090
-1923
-590
-880
-184
1226
973
1162
2127
2393
2395
2511
2499
2886
2584
1141
1425
767
-1093
-999
-1396
-2677
-2328
-1374
-1631
-789
255
1084
2394
1713
2231
2915
1099
784
641
-1273
-2196
-1951
-3097
-3806
-2526
-2667
-3168
-1446
-876
-1135
398
828
1075
1630
1584
2583
2589
2024
2387
2492
2166
1402
1115
396
-282
-1156
-1905
-1929
-2866
-2566
-1761
-1623
-1033
438
1379
2223
2267
2535
3329
1643
1390
959
-840
-1371
-2084
-2685
-3339
-2794
-2555
-2943
-1502
-1295
-983
112
302
965
1169
1566
2366
2330
2185
2622
2429
2061
2012
1216
514
286
-834
-1540
-1759
-2532
-2589
-2218
-2005
-1504
-277
323
1428
2398
1990
2761
2976
1606
1217
665
-936
-1722
-2278
-3091
-3512
-3119
-3103
-2987
-1928
-1503
-636
253
989
1526
1786
2674
2805
2575
2861
2704
2172
2082
1823
613
264
-211
-1508
-1660
-2237
-2883
-2843
-2284
-2046
-1477
-55
437
1468
2917
2475
2634
3719
2354
1038
1443
39
-1864
-1808
-2368
-3704
-3232
-2614
-3368
-2442
-1315
-1404
-345
590
832
1541
1990
2306
2832
2775
2843
2763
2555
2317
1717
709
82
-563
-2167
-2459
-2748
-3918
-3711
-2773
-2747
-1971
57
615
1270
3418
3306
2667
4178
3016
1400
1904
356
-1329
-1422
-2268
-3481
-3207
-2954
-3640
-2699
-1923
-1770
-562
188
862
1604
1965
2620
3050
2861
3000
3027
2498
2220
1779
564
137
-599
-2223
-2103
-2792
-3960
-3235
-2810
-2905
-1680
-222
-47
1323
3094
2316
2772
3964
2296
1655
1798
94
-1004
-1158
-2267
-2971
-2501
-2818
-2941
-2167
-1868
-1516
-677
-57
482
962
1519
2142
2360
2510
2768
2662
2292
2124
1680
910
351
-215
-947
-1728
-2111
-2256
-2887
-3073
-2448
-2252
-1684
-254
236
745
2553
3135
2536
3252
3429
1899
1283
974
-557
-1779
-2219
-2857
-3495
-3306
-3050
-2957
-2329
-1509
-761
-154
721
1572
1745
2216
2912
2810
2642
2742
2467
1905
1476
829
-18
-391
-1197
-1921
-2139
-2829
-2924
-2713
-2612
-1908
-846
-57
512
2154
3226
2583
3421
3854
2043
1708
1135
-793
-1533
-2328
-3401
-3659
-3568
-3546
-3175
-2505
-1819
-740
-46
664
1882
2013
2230
3118
2761
2393
2447
1915
1424
1013
622
7
-203
-625
-1321
-1261
-1942
-2357
-2042
-2511
-2499
-1550
-1279
-641
686
1258
1615
2762
3637
2701
2936
3291
1467
1010
691
-1072
-1995
-2224
-3133
-3725
-3171
-3121
-3032
-1907
-1352
-585
524
1052
1739
2378
2343
2829
3137
2366
2434
2160
1320
837
555
-562
-1402
-1238
-2283
-2753
-2326
-2821
-2779
-1823
-1471
-1069
347
1049
1318
2846
3388
2643
3431
3324
1586
1478
758
-984
-1521
-2238
-3248
-3296
-3142
-3330
-2692
-2022
-1601
-406
176
693
1765
1784
1984
2828
2253
1968
2395
1644
1149
1233
488
-87
97
-616
-1033
-932
-1511
-1877
-1753
-2084
-2337
-1809
-1759
-1415
-383
-33
745
1686
1854
2926
3388
2484
3056
2835
1110
987
188
-1640
-1910
-2560
-3532
-3237
-3298
-3241
-2584
-1913
-1283
-406
499
995
1995
2194
2670
3302
2722
2926
2814
1991
1557
1274
361
-474
-535
-1660
-2051
-2136
-2952
-2771
-2679
-2813
-2116
-1286
-995
7
1110
1357
2244
2663
3133
3462
2509
2797
2234
703
337
-555
-2054
-2648
-2888
-3650
-3549
-3046
-2813
-2398
-1477
-796
-202
523
1006
1988
1832
2401
3313
2422
2778
2830
1953
1839
1239
541
27
-466
-1302
-1415
-2070
-2593
-2469
-2884
-2515
-2425
-1948
-1094
-566
124
875
1712
2074
2417
2554
2900
3330
1848
2243
2195
38
276
-625
-2357
-2369
-3115
-3753
-3394
-3280
-2829
-2417
-1536
-855
-316
726
1126
1994
2392
2337
3292
2807
2327
2678
1577
1204
804
23
-617
-605
-1190
-1811
-1370
-2212
-1954
-2107
-1998
-1727
-1413
-863
-540
397
533
976
1949
1925
1635
2529
2720
1846
1790
2162
615
-53
205
-1457
-2199
-2090
-3001
-2979
-2639
-2541
-1908
-1541
-807
-275
411
902
1462
2089
1875
2533
2779
1838
2284
1923
811
1076
421
-518
-365
-722
-1466
-854
-1754
-1625
-1415
-2156
-1260
-1649
-1358
-720
-659
-336
300
583
772
1311
1435
1801
1777
1738
2398
2220
1065
1825
1079
-513
-113
-1511
-2436
-2377
-3359
-3320
-2933
-2850
-2089
-1605
-657
72
683
1417
1805
2518
2260
2499
3048
1992
2081
1957
809
794
157
-565
-823
-1054
-1685
-1364
-1657
-1715
-1280
-1412
-967
-833
-484
-300
449
205
234
1065
459
321
783
242
-118
391
48
-47
346
502
613
572
1050
1683
828
1053
1616
71
152
-41
-1534
-1622
-2228
-2646
-2387
-2901
-1742
-1680
-1602
108
-281
635
1336
1189
1915
1519
2132
2015
1378
1725
1146
744
451
-15
-140
-538
-800
-668
-620
-1168
-463
-880
-919
-472
-882
-420
-495
-343
-22
-56
259
469
336
718
526
503
847
81
394
325
-433
149
-353
-541
-274
-392
-86
-648
-37
-61
-925
90
-542
-802
-1
-557
-17
487
572
1306
1050
2167
2159
1025
2702
903
474
709
-1364
-871
-2148
-2782
-2023
-3116
-2216
-1741
-1895
-724
-288
118
886
1058
1688
1626
1606
2437
1271
1678
1492
668
911
213
-90
-136
-559
-829
-475
-1253
-791
-975
-1139
-650
-989
-489
-419
-249
3
131
321
608
298
759
596
389
791
259
427
267
-61
58
-262
-432
-297
-675
-420
-419
-652
-42
-376
-167
186
-54
285
180
393
384
326
461
307
343
159
177
35
-54
-72
-157
-173
-227
-216
-199
-271
-371
6
-217
-524
49
-338
-551
-63
-545
-454
-71
-270
431
451
777
1550
1504
1392
1815
1452
926
641
133
-814
-1144
-1391
-2152
-2022
-1885
-1777
-1739
-1116
-630
-681
356
300
974
1103
1065
1955
1182
1500
1549
972
1157
641
340
162
-269
-243
-736
-781
-781
-996
-1004
-766
-993
-591
-582
-351
-156
-55
326
324
447
661
616
613
627
444
448
175
186
-54
-145
-265
-382
-376
-495
-395
-455
-392
-264
-325
-163
63
14
193
248
388
384
331
485
290
336
276
163
105
-16
-43
-187
-196
-317
-301
-326
-432
-230
-279
-311
-26
-107
38
149
110
270
285
228
261
293
171
163
207
5
80
8
-124
-34
-186
-185
-144
-201
-147
-158
-95
-159
-61
-38
-57
34
14
39
97
59
113
55
44
112
53
81
46
84
19
-12
29
-70
-45
-86
-77
-78
-121
-60
-41
-108
-13
-57
-27
32
24
92
76
128
135
112
113
83
82
-3
-29
-39
-87
-118
-103
-134
-100
-68
-88
-9
5
-5
62
17
57
37
26
66
9
27
6
14
-3
26
-12
-17
7
-19
-2
-10
-7
33
-29
10
-9
-37
15
-45
-23
15
-13
10
35
18
30
30
3
4
-20
-34
-53
-40
-45
-46
-10
-6
30
39
56
72
53
58
28
22
11
-37
-11
-13
-45
29
-23
-36
23
-67
4
-17
-39
38
-29
28
32
2
67
14
37
40
-17
32
-30
-27
-17
-63
-10
-62
-42
-21
-59
-12
-5
-23
-12
9
12
12
46
111
115
108
97
321
-75
-79
264
-550
-355
-239
-785
-287
-498
-114
545
35
1201
1154
788
1484
609
597
167
-581
-239
-1430
-966
-936
-1705
-606
-1044
-775
-231
-574
338
62
334
932
525
972
848
763
828
368
590
153
203
155
-118
148
-273
-65
-355
-383
-334
-692
-358
-490
-579
-133
-420
-47
-22
-21
339
141
370
441
285
455
220
266
174
-56
67
-150
-163
-111
-258
-116
-177
-209
-91
-220
-51
-124
-94
104
-28
178
139
158
282
46
203
120
9
112
-30
63
18
-93
37
-138
-129
-140
-262
-137
-239
-178
-87
-105
25
57
90
195
139
185
155
85
133
-20
36
-3
-48
-5
-56
-4
-57
-23
-18
-53
0
-18
-10
-16
7
-6
-4
0
-15
8
-18
3
2
22
31
23
74
35
40
41
-5
9
-58
-20
-62
-65
-20
-83
-3
-28
-26
27
-26
63
18
35
85
29
69
38
33
44
-1
21
13
-27
6
-17
-46
-40
-63
-62
-63
-74
-48
-44
-24
-14
12
24
10
48
23
41
29
3
27
12
7
6
18
21
23
16
36
27
16
11
-3
12
-23
-13
-13
-22
-11
-21
-14
-8
-28
-8
-29
-11
-26
-23
0
-14
13
2
22
24
9
31
2
12
1
-15
3
-24
-7
-15
-9
4
-2
15
3
24
10
15
15
5
8
8
1
9
6
9
2
2
4
-8
-6
-12
-18
-10
-23
-13
-17
-15
-14
-15
-4
-4
2
8
17
24
25
39
27
36
25
15
12
-4
-4
-16
-20
-21
-30
-24
-24
-22
-17
-16
-8
-6
-1
7
6
15
14
21
16
19
12
9
-1
-4
-10
-17
-17
-17
-24
-10
-20
-11
-5
-12
8
-3
7
20
4
32
13
23
19
6
21
-1
9
6
-12
18
-19
2
-6
-24
-3
-31
-15
-9
-21
7
-6
10
10
13
17
12
14
13
10
13
7
11
-1
9
-9
-3
-10
-16
-7
-18
-17
-2
-23
-1
-10
-11
7
-6
5
10
0
18
2
5
14
1
18
5
11
11
4
8
1
-4
-3
-14
-4
-15
-5
-13
-5
-4
-8
-4
-8
-7
0
-6
6
2
8
13
11
13
9
4
2
-1
-4
-8
-5
-5
-6
-2
-7
-1
-4
-5
4
-3
5
6
1
10
0
7
4
-2
7
-6
1
0
-7
0
-5
-6
-2
-5
0
-4
1
0
3
7
7
8
7
5
0
1
-3
0
-7
-2
-4
-4
0
-4
-1
0
-3
1
-5
0
0
-6
0
-4
-2
0
-1
2
2
3
7
6
8
9
3
9
6
3
6
-3
3
-6
-3
-5
-3
-1
-1
2
2
2
9
-7
10
-9
-11
-11
-32
-26
-27
-35
-15
-6
-3
37
42
55
72
61
54
29
-23
-28
-39
-28
-35
-30
-27
-29
-10
-18
-1
17
40
75
70
103
108
61
93
30
-2
-5
-68
-78
-60
-87
-98
-43
-17
-5
130
155
231
367
400
444
504
380
317
202
19
-90
-247
-285
-425
-476
-179
-622
-553
-390
-1058
-829
-819
-1062
-522
-275
189
1122
1636
2009
2485
2382
1929
1548
836
-152
-867
-1438
-2151
-2207
-2144
-2210
-1850
-1404
-1072
-591
-124
143
823
801
1092
1780
1172
1486
1314
1002
742
267
455
-388
-267
-351
-673
-441
-591
-391
-501
-216
-105
-133
315
-2
345
394
-4
284
-146
-449
-622
-720
-1063
-1037
-592
-614
-211
656
1455
1258
2243
2461
1747
2013
1148
364
-443
-1602
-1428
-2704
-2591
-2039
-2708
-1627
-1206
-629
72
246
1533
1099
1511
2168
1623
1580
1266
1103
553
21
52
-563
-634
-762
-787
-411
-788
-123
-364
-124
168
-407
39
-360
-730
-568
-927
-1029
-797
-677
-261
361
731
1868
2073
2149
2910
2374
1718
1409
403
-785
-1635
-2106
-2816
-3212
-2732
-2647
-2317
-1563
-865
-162
337
987
1864
1561
1967
2567
1698
1815
1536
1021
633
42
98
-603
-541
-838
-834
-1031
-1515
-993
-1612
-1498
-1167
-1053
-483
60
986
1233
2170
2731
2396
2868
2114
1420
779
-448
-1190
-2213
-2607
-3109
-3066
-2619
-2434
-1585
-1087
-340
318
669
1370
1550
1691
1936
1927
1775
1685
1412
1007
543
-131
-401
-1147
-1378
-1509
-1590
-1221
-790
-82
489
1419
2020
2118
2489
2421
1581
1086
367
-877
-1459
-2066
-2410
-2611
-2345
-1956
-1983
-1089
-740
-392
518
636
1480
1365
1694
2300
1168
1496
948
-154
-411
-1123
-1448
-1767
-1151
-478
-62
1180
2294
2673
2964
3402
2738
1747
1117
-97
-1336
-2544
-2935
-3434
-3829
-3204
-2854
-2381
-1616
-715
-19
338
1425
1657
1547
2180
1988
1343
1345
690
-93
-345
-963
-1018
-1207
-662
58
546
1537
2394
3042
2922
3180
2790
1505
993
-132
-1592
-2583
-3310
-3840
-4311
-3850
-3492
-3111
-2135
-1361
-429
328
1140
2167
1816
2783
2745
2168
2245
968
632
-239
-1257
-1344
-2004
-1862
-1232
-417
430
1488
3001
3205
3485
3949
2849
1886
1185
-485
-1845
-2853
-3924
-4233
-4526
-4255
-3556
-3278
-2114
-1153
-175
689
1592
2450
2289
3026
2632
2263
1538
506
187
-1341
-1216
-1281
-1493
-292
208
1594
2479
3743
4161
3699
3812
2314
1169
-31
-1745
-3009
-4375
-4852
-5234
-4988
-4365
-3646
-2638
-1765
-335
537
1412
2354
2726
2771
2718
2473
1541
639
-104
-1041
-1649
-1812
-1377
-1061
60
1350
2225
3632
4479
4526
4227
3392
2137
618
-859
-2443
-3801
-4953
-5543
-5311
-5162
-4369
-3200
-2113
-771
581
1846
2370
3239
3358
2575
2863
1624
313
-198
-1630
-2298
-2383
-2215
-1767
-657
862
1766
3515
4809
4993
5264
4786
3155
1976
280
-1748
-3135
-4705
-5546
-5710
-5636
-4964
-4174
-2912
-1768
-248
784
1690
2848
2707
2729
2806
1938
757
268
-625
-1587
-1203
-1016
-739
568
1572
2621
3944
4771
4607
4522
3739
2159
998
-817
-2579
-4039
-5377
-5905
-6235
-5793
-4901
-4188
-2459
-1218
164
1398
2308
3091
2720
2873
2429
1042
671
-487
-1167
-1207
-1244
-574
188
1403
2458
3630
4730
4661
4483
3731
2161
823
-890
-2562
-4065
-5372
-5967
-6028
-5757
-4701
-3555
-2508
-905
336
1234
2195
2665
2371
2004
1799
475
-275
-770
-1586
-1421
-1050
-389
733
1782
2864
4271
5017
5094
4922
4174
2351
1258
-376
-2434
-3695
-4969
-5880
-5831
-5428
-4707
-3659
-2436
-1040
208
1293
1996
2573
2251
1792
1862
459
-190
-419
-1217
-1031
-361
418
1203
2719
3700
4640
5508
5422
4736
3744
1946
140
-1338
-3420
-4893
-5600
-6567
-6338
-5425
-4631
-3489
-1943
-450
415
1392
2304
2156
1748
1789
998
-182
-49
-772
-1207
-335
50
920
2076
3087
3783
4600
5058
4527
3907
2766
884
-351
-1967
-3690
-4504
-5371
-5738
-5199
-4607
-3551
-2458
-1232
-135
804
1497
2018
1869
1362
1155
-27
-594
-921
-1857
-1388
-972
-159
1165
2191
3549
4254
5087
5269
4551
3757
2134
495
-982
-2839
-4080
-5019
-5614
-5371
-4839
-3821
-2689
-1520
-217
710
1348
2064
2151
1447
1359
734
-372
-220
-733
-1188
-146
432
1212
2679
3668
4322
5237
5542
5142
4309
3044
1105
-392
-2242
-3903
-4910
-5948
-6296
-5646
-4985
-3864
-2275
-1231
229
1592
1638
2671
2711
1282
1688
835
-1093
-549
-878
-2038
-534
352
891
2299
3849
4661
4910
5824
5187
3807
2590
752
-785
-2877
-4537
-4826
-6328
-6101
-4638
-4506
-3136
-1681
-222
316
1384
2209
1699
1723
623
550
-851
-1574
-1103
-1916
-1272
-273
1042
1838
3160
4676
5085
5721
5642
4958
3271
1733
407
-1879
-3520
-4869
-5854
-6294
-5960
-4918
-4031
-2912
-1315
-98
552
1398
2091
1570
1158
875
-108
-1331
-1159
-1447
-1960
-447
219
1433
2782
4194
5412
5324
6267
5416
3802
2701
665
-1091
-2947
-4437
-5082
-6134
-5839
-4586
-4210
-2754
-1126
-221
1002
1500
2222
2180
1396
1126
471
-1068
-940
-1330
-1601
-1005
89
1043
2110
3628
4565
5485
5442
5611
4388
2603
1438
-513
-2087
-3970
-4934
-5498
-6418
-5083
-4489
-3523
-1916
-678
527
1184
1938
2134
2100
1132
587
121
-1653
-1090
-1238
-1681
-374
737
1769
2640
4318
5125
4930
5591
4656
2864
1550
-186
-1870
-4000
-5018
-5574
-6325
-5550
-4382
-3667
-2252
-662
550
920
1920
2430
1216
1404
907
-751
-927
-951
-1801
-1137
-124
595
2021
3079
4186
4962
5343
5222
4528
3173
1402
155
-1839
-3663
-4471
-5411
-5733
-5507
-4661
-3161
-2525
-1412
86
509
911
1563
1622
879
693
351
-530
-755
-364
-438
-211
1245
2204
2831
4171
5205
5105
5083
5117
3253
1670
573
-1307
-3127
-4237
-4880
-5667
-5518
-4275
-3522
-2602
-1185
-331
229
777
1394
1284
724
578
157
-849
-1035
-762
-1031
-562
543
1616
2498
3627
4851
5419
5167
5378
4500
2196
1174
-245
-2466
-3645
-4604
-5135
-5687
-4877
-3693
-3352
-2001
-899
-262
240
692
1165
453
329
226
-580
-1140
-749
-864
-872
309
1253
2059
3121
4189
4973
4736
5079
4406
2583
1383
82
-1733
-3611
-4417
-5147
-5905
-5152
-4074
-3631
-2654
-1105
-540
-196
1100
1134
440
1018
250
-605
-424
-769
-1361
-386
-148
945
2377
2993
4171
5128
5467
5276
4789
3339
1400
376
-1525
-3495
-3945
-5135
-5483
-4605
-3912
-2867
-1639
-401
10
1059
1366
1237
1165
423
95
-1070
-920
-1443
-1857
-330
-620
1187
2421
3099
4463
5012
5697
4941
4750
3073
1009
332
-1994
-3368
-4174
-5249
-5410
-4878
-4104
-3358
-1910
-963
-186
895
1250
1505
1277
878
226
-629
-322
-1291
-1373
-539
-412
571
2269
2947
3566
4858
5002
4644
4582
3074
1403
352
-1385
-2816
-3781
-4723
-4943
-4757
-4091
-3133
-1976
-1306
-418
411
358
1041
709
325
-331
-939
-567
-1681
-1354
-301
-531
1045
2248
2948
3622
4642
5091
4254
4577
2891
985
480
-1710
-2800
-3774
-4641
-4702
-4637
-3600
-2998
-1908
-933
-456
450
582
1108
694
522
175
-563
75
-835
-590
464
100
1653
2876
3258
4152
5141
5041
4613
4673
2745
1265
339
-1696
-2807
-3962
-4683
-4869
-4649
-3892
-3036
-2082
-1559
-501
8
307
1034
347
541
37
-586
6
-963
-695
73
87
1344
2302
3304
3555
4758
5133
4668
4744
2941
1633
343
-1561
-2580
-4067
-4885
-5101
-5018
-4198
-3243
-2164
-1395
-488
253
499
956
508
362
-414
-947
-483
-1657
-1088
-308
-426
1040
2455
2909
3748
5014
4841
4801
4719
2872
1345
361
-1468
-3056
-3859
-4851
-5357
-4767
-4083
-3282
-2109
-1420
-468
169
491
1021
447
463
-382
-652
-603
-1562
-754
-614
-238
1344
2137
3070
3606
4716
4872
4597
4750
2835
1490
584
-1306
-2545
-3678
-4298
-4935
-4508
-3697
-3228
-1908
-1228
-263
215
598
1141
502
636
-309
-584
-487
-1580
-488
-505
-216
1580
2160
3165
3849
4872
4847
4546
4623
2401
1331
363
-1712
-2681
-3795
-4651
-4924
-4582
-3974
-3287
-2294
-1453
-658
11
414
967
633
660
145
-102
-39
-799
-66
-4
283
1522
2155
2563
3244
4030
3675
3885
3396
1688
947
-119
-1513
-2518
-3340
-4057
-4181
-3656
-3149
-2471
-1627
-1188
-319
-93
379
580
311
227
-422
-70
-551
-881
129
-99
497
2032
2495
2826
3775
4135
3971
4102
3536
1761
915
99
-1782
-2266
-3245
-4048
-3819
-3522
-2964
-2150
-1583
-1136
-203
-278
101
659
-300
-121
-17
-246
-635
-228
-22
-120
981
1876
2308
2813
3738
3902
4060
4482
3046
1927
1075
-359
-1396
-2867
-3495
-4145
-4323
-3382
-3108
-2202
-1523
-1036
-162
-93
392
478
-4
-334
-194
-617
-1247
-431
-514
-428
1039
1867
2351
3344
4020
4153
4461
4345
2786
1626
763
-807
-2136
-3220
-4159
-4539
-4370
-3925
-3155
-2528
-1851
-972
-659
27
306
151
166
-242
51
-346
-795
-14
-284
101
1501
2062
2625
3503
4013
4131
4606
4224
2792
1858
748
-724
-1935
-2937
-3943
-4405
-4300
-3969
-3034
-2531
-1850
-917
-538
-67
417
119
-128
-163
-217
-697
-681
-554
-531
368
985
1987
2499
3161
3985
3893
4620
3925
2698
2024
624
-400
-1812
-2999
-3667
-4322
-4134
-3729
-3210
-2527
-2043
-1158
-876
-248
192
-153
-226
-160
-98
-692
-227
-229
-243
787
1220
2091
2581
3165
3810
3725
4346
3686
2529
1944
617
-346
-1637
-2716
-3392
-4142
-3973
-3599
-3158
-2570
-1987
-1327
-962
-115
-9
38
-54
-124
81
-469
-71
95
163
1115
1790
2424
2941
3525
3701
3878
4132
3310
2297
1541
269
-636
-1752
-2682
-3169
-3525
-3400
-2975
-2589
-2118
-1502
-1015
-766
-41
-40
-288
-180
-264
-360
-566
-480
-419
-140
419
1225
1984
2507
3145
3542
3796
4151
3334
2297
1398
214
-915
-2277
-3153
-3912
-4351
-3952
-3580
-2900
-2166
-1501
-928
-339
374
461
414
196
323
-53
-455
-59
-476
-84
681
1158
2045
2423
2985
3443
3611
3933
2972
2069
1149
-87
-1018
-2403
-3115
-3727
-4164
-3596
-3254
-2665
-1864
-1289
-712
-64
444
284
158
193
219
42
-133
42
323
627
1190
1982
2446
2950
3253
3415
3663
3624
2568
1651
864
-125
-1245
-2181
-2911
-3661
-3770
-3620
-3305
-2781
-2508
-2066
-1664
-1116
-778
-677
-629
-396
-72
-223
-44
386
570
1055
1613
2281
2832
3190
3489
3676
3913
3744
2845
1969
981
10
-1099
-2199
-2887
-3659
-3819
-3500
-3168
-2492
-1972
-1528
-922
-308
-13
-42
-115
118
100
-163
-16
-5
263
792
1291
2007
2510
2849
3337
3457
3664
3752
2741
1865
1102
31
-1193
-2065
-2842
-3609
-3666
-3511
-3214
-2664
-2138
-1660
-1146
-543
-276
-184
-242
61
54
-277
-110
-155
77
672
1085
1699
2254
2632
3105
3392
3667
3657
2863
1989
1319
255
-859
-1654
-2650
-3386
-3408
-3288
-3211
-2619
-2148
-1980
-1285
-713
-524
-315
-438
-180
42
-177
-18
239
466
964
1512
2093
2587
2947
3286
3424
3662
3472
2598
1805
1003
-33
-1191
-2073
-2879
-3640
-3757
-3542
-3300
-2780
-2251
-1870
-1276
-662
-351
-286
-298
68
115
-138
-17
-5
206
639
1064
1686
2223
2616
3021
3285
3612
3490
2680
2003
1216
211
-857
-1823
-2525
-3226
-3473
-3292
-3117
-2538
-2071
-1776
-1142
-588
-215
-230
-295
61
1
-258
-141
-151
190
634
1000
1702
2229
2682
3071
3223
3590
3596
2829
2135
1414
424
-652
-1614
-2439
-3125
-3360
-3247
-3033
-2552
-2145
-1805
-1205
-740
-487
-441
-654
-465
-381
-702
-621
-498
-233
331
753
1458
2178
2533
2997
3357
3583
3647
2968
2142
1433
447
-538
-1440
-2255
-2900
-3208
-3151
-2944
-2503
-2116
-1881
-1351
-842
-522
-336
-402
-136
126
-5
120
157
239
750
1024
1501
2097
2306
2689
2977
3196
3503
3027
2228
1621
812
-120
-1076
-1987
-2760
-3246
-3278
-3203
-2981
-2514
-2173
-1719
-1138
-697
-304
-224
-156
163
163
91
139
145
428
762
1155
1726
2090
2508
2868
3111
3580
3416
2641
2078
1272
247
-645
-1604
-2461
-2986
-3183
-3156
-2903
-2435
-2098
-1758
-1229
-737
-343
-297
-358
-158
-216
-329
-298
-421
-135
324
581
1199
1718
2049
2634
2960
3329
3623
2955
2156
1634
661
-383
-1228
-2182
-2873
-3067
-3080
-2879
-2456
-2128
-1770
-1276
-881
-478
-282
-421
-307
-142
-242
-188
-167
-89
310
639
1222
1884
2083
2536
3023
3161
3515
3305
2387
1840
1184
156
-631
-1471
-2376
-2831
-2903
-2824
-2599
-2265
-1898
-1505
-1093
-668
-338
-353
-442
-308
-299
-375
-390
-485
-309
47
387
1036
1525
1819
2363
2653
2922
3225
2699
1986
1499
609
-257
-993
-1965
-2637
-2844
-2904
-2757
-2395
-2014
-1602
-1107
-704
-378
-119
-198
-337
-231
-217
-329
-397
-287
50
410
971
1590
1881
2362
2820
2902
3288
3235
2307
1756
1195
95
-732
-1535
-2431
-2832
-2901
-2848
-2553
-2052
-1550
-1184
-838
-445
-83
-14
-266
-370
-296
-297
-271
-271
-102
351
839
1512
2045
2254
2708
2983
3036
3370
2950
1891
1408
793
-303
-1162
-1988
-2806
-3202
-3267
-3218
-3064
-2669
-2157
-1741
-1336
-868
-364
-106
-134
65
376
445
449
412
502
823
1149
1547
1804
1902
2256
2484
2625
2866
2380
1567
1235
641
-339
-1129
-1912
-2619
-2947
-3088
-3044
-2768
-2426
-2033
-1546
-1055
-603
-124
97
-103
-135
121
109
-112
-237
-138
206
627
1118
1613
2081
2650
3004
3254
3539
3075
2160
1611
827
-360
-1385
-2276
-2960
-3281
-3390
-3269
-2881
-2323
-1781
-1368
-966
-549
-152
88
-43
-211
-57
87
-56
-236
-131
170
561
1145
1620
1978
2525
2854
3010
3299
2950
2034
1478
875
-151
-1080
-1856
-2514
-2854
-3009
-3034
-2745
-2248
-1878
-1620
-1179
-660
-269
58
94
-71
197
631
533
287
451
785
1157
1611
1777
1925
2568
2947
2907
3108
2851
2025
1570
989
-133
-1147
-1928
-2514
-2875
-3106
-3100
-2821
-2280
-1740
-1537
-1278
-746
-280
36
50
-196
-58
336
241
-111
-135
149
524
938
1277
1614
2250
2795
2971
3290
3275
2492
1858
1334
394
-598
-1536
-2232
-2570
-2906
-2981
-2705
-2344
-1805
-1413
-1163
-675
-245
105
278
-29
-31
423
410
110
63
236
584
946
1209
1462
1828
2249
2480
2668
2675
2107
1529
1108
247
-717
-1424
-2096
-2565
-2806
-2914
-2722
-2302
-1830
-1482
-1263
-858
-444
-150
201
134
-110
307
646
308
69
198
458
796
1073
1252
1582
2112
2458
2658
2859
2493
1770
1421
848
-224
-1157
-1856
-2314
-2591
-2824
-2741
-2337
-1804
-1330
-1128
-775
-226
43
311
426
72
72
436
246
-209
-223
46
335
694
975
1232
1878
2489
2605
2760
2700
2050
1580
1078
-5
-962
-1649
-2290
-2681
-3055
-3187
-2755
-2262
-1801
-1378
-1054
-449
68
238
499
415
107
423
609
83
-176
138
454
662
922
1211
1576
2037
2352
2598
2802
2465
1887
1570
964
26
-812
-1597
-2114
-2460
-2807
-2710
-2405
-2103
-1556
-1229
-947
-337
-111
3
355
144
-76
304
216
-294
-307
-70
141
498
858
1168
1611
2066
2356
2622
2649
2109
1559
1326
725
-237
-917
-1400
-1892
-2257
-2397
-2320
-2144
-1798
-1452
-1366
-1001
-461
-281
82
320
-19
193
713
468
180
300
481
777
1049
1152
1387
1902
2302
2420
2658
2637
1988
1501
1134
256
-713
-1446
-2003
-2475
-2915
-2950
-2654
-2347
-1869
-1516
-1258
-687
-274
-14
383
305
81
432
609
198
-49
115
352
566
782
966
1392
2031
2304
2436
2804
2675
2033
1661
1182
223
-675
-1377
-2004
-2480
-2766
-2808
-2614
-2230
-1812
-1579
-1236
-663
-327
-60
248
123
84
501
453
-20
-26
261
444
633
850
1166
1779
2306
2378
2530
2827
2560
1938
1427
778
-32
-818
-1521
-2098
-2573
-2757
-2683
-2573
-2200
-1752
-1522
-1097
-608
-290
141
251
51
324
592
288
59
206
394
553
795
1079
1446
2002
2306
2284
2645
2845
2157
1518
1165
408
-486
-1291
-2066
-2602
-2933
-3080
-3021
-2782
-2286
-1878
-1624
-1065
-436
-141
-47
13
206
482
493
217
137
475
791
936
1177
1449
1892
2372
2375
2456
2796
2473
1808
1364
636
-211
-879
-1653
-2332
-2694
-2874
-2870
-2714
-2394
-1933
-1541
-1189
-739
-323
-153
-100
73
257
292
158
30
252
569
705
918
1211
1634
2110
2094
2091
2498
2386
1766
1316
750
41
-567
-1267
-1983
-2375
-2459
-2438
-2361
-2118
-1682
-1274
-956
-524
-156
-107
-12
224
248
263
300
169
304
581
600
804
1137
1277
1548
1698
1581
1846
2189
1808
1074
720
642
173
-738
-1412
-1715
-1941
-2081
-2208
-2264
-1964
-1563
-1459
-1352
-933
-584
-456
-210
-76
-110
204
452
293
419
748
894
1162
1395
1419
1544
1768
1982
2036
1741
1356
1021
607
105
-583
-1318
-1678
-1873
-2274
-2481
-2308
-2126
-1865
-1554
-1386
-1051
-650
-487
-306
-92
83
336
471
431
542
832
1020
1097
1220
1482
1747
1757
1860
2091
1765
1312
1187
721
83
-406
-1039
-1497
-1704
-2017
-2256
-2184
-1964
-1815
-1641
-1333
-1064
-819
-515
-228
18
201
316
463
697
891
952
1116
1453
1649
1619
1708
1924
1837
1564
1323
869
416
59
-603
-1162
-1402
-1772
-1989
-2005
-2070
-1907
-1709
-1530
-1200
-1020
-800
-363
-27
95
214
582
865
913
1058
1206
1502
1808
1634
1601
1961
2018
1700
1290
977
735
312
-271
-828
-1220
-1431
-1630
-1891
-1962
-1721
-1572
-1595
-1375
-1053
-828
-527
-276
-128
123
402
578
711
879
1063
1346
1606
1545
1548
1869
1827
1433
1272
1055
559
120
-325
-869
-1289
-1531
-1676
-1847
-1958
-1760
-1596
-1648
-1394
-1014
-892
-644
-295
-119
32
242
497
664
743
1004
1306
1365
1343
1466
1633
1559
1386
1268
992
673
366
-138
-588
-845
-1084
-1312
-1503
-1561
-1488
-1475
-1452
-1340
-1147
-891
-670
-454
-249
-51
251
537
721
950
1232
1470
1505
1396
1446
1562
1471
1199
920
776
580
163
-260
-607
-855
-1020
-1271
-1423
-1378
-1336
-1289
-1261
-1184
-949
-725
-523
-364
-244
113
482
650
896
1134
1296
1461
1435
1318
1281
1221
1072
807
549
330
24
-272
-560
-877
-1081
-1177
-1251
-1369
-1430
-1335
-1287
-1243
-1075
-945
-746
-436
-212
6
235
484
835
1059
1124
1242
1351
1362
1264
1105
961
850
722
412
31
-230
-479
-712
-928
-1089
-1084
-1114
-1175
-1130
-1056
-925
-779
-622
-343
-35
175
343
639
954
1100
1187
1181
1169
1186
1017
883
765
560
495
260
-108
-274
-506
-713
-831
-1022
-1081
-1083
-1086
-1041
-1045
-915
-750
-638
-350
-80
113
379
628
855
980
1040
1143
1140
1075
997
865
747
582
346
66
-239
-422
-574
-768
-866
-929
-1004
-1009
-950
-935
-965
-825
-606
-496
-301
-20
188
401
647
856
988
1080
1117
1026
967
978
830
637
546
288
-90
-281
-441
-690
-842
-935
-1044
-1036
-933
-931
-949
-754
-522
-436
-254
-5
120
321
560
679
829
957
954
930
901
836
693
533
460
349
121
-123
-327
-441
-527
-675
-811
-863
-835
-806
-843
-799
-632
-487
-316
-128
-5
183
419
586
700
779
881
927
844
769
695
567
447
336
213
25
-178
-346
-502
-553
-602
-748
-775
-713
-686
-654
-623
-508
-359
-220
-3
82
117
348
536
607
626
642
775
795
682
603
467
427
377
103
-77
-175
-314
-388
-582
-764
-711
-702
-780
-779
-711
-583
-491
-384
-190
-28
130
311
451
551
621
728
763
695
687
588
475
500
369
146
60
-13
-143
-331
-449
-455
-543
-603
-604
-667
-629
-541
-515
-467
-383
-188
-26
4
159
347
463
573
612
654
684
676
666
537
454
458
334
141
-63
-168
-221
-426
-549
-575
-647
-638
-649
-660
-569
-471
-315
-170
-99
30
232
370
353
427
617
612
569
573
497
430
359
270
161
11
-66
-176
-299
-299
-343
-441
-483
-481
-464
-481
-411
-291
-277
-180
-46
4
129
229
246
294
336
372
369
326
318
287
273
273
153
63
56
3
-104
-226
-258
-267
-339
-321
-359
-432
-294
-229
-269
-139
9
33
19
99
210
223
255
294
265
274
284
233
207
222
135
3
-1
-38
-139
-165
-208
-237
-206
-218
-262
-262
-180
-115
-107
-76
-34
37
93
95
133
142
149
176
126
141
171
138
145
98
59
85
39
-2
-57
-110
-94
-145
-204
-214
-199
-133
-150
-144
-52
-31
6
26
19
81
76
79
122
91
102
106
87
78
25
49
43
-29
4
-23
-78
-26
-37
-65
-66
-71
-38
-51
-69
-41
-19
1
-15
-24
12
15
28
43
9
14
45
48
37
0
-4
38
17
-27
-16
-8
2
23
-8
-35
42
114
6
-65
65
91
9
14
-2
-25
-21
-34
-52
-122
-118
-30
-49
-68
-38
4
67
59
36
32
43
102
50
-22
1
21
65
15
-51
25
13
-11
12
-69
-60
41
42
-37
-77
2
51
14
-19
-57
-17
24
-17
-31
-27
19
67
26
10
16
29
71
32
-16
1
12
21
-35
-85
-26
-16
-31
-1
-27
-30
10
-6
-35
-35
-14
0
-3
14
16
12
27
24
26
6
12
69
36
2
41
19
-12
0
5
-3
-11
4
7
11
5
-35
-27
-2
-49
-96
-70
-19
-43
-50
10
8
6
41
1
0
64
59
7
24
84
42
1
64
25
-25
40
-5
-67
0
-9
-72
-55
-20
-37
-50
0
7
-10
40
34
-17
19
40
-34
-59
24
35
-32
2
21
3
78
44
-56
23
95
18
-48
-26
21
18
-27
-54
-24
11
0
-38
-62
-12
31
-27
-39
11
6
18
34
-2
-4
33
44
2
-29
7
28
-12
-43
-40
-31
-16
-7
-42
-20
82
71
16
76
111
69
39
22
19
4
-45
-67
-70
-91
-78
-75
-91
-41
-27
-46
-3
0
0
13
-6
39
37
-19
34
46
22
21
-20
21
51
-5
-8
8
42
60
25
0
-12
50
63
-59
-67
15
16
-30
-59
-52
-43
-5
1
-80
-69
39
65
0
-31
38
74
30
24
-2
-30
57
77
-43
-59
32
63
15
-38
-5
41
33
21
-73
-102
33
9
-93
-61
-2
51
14
-61
-21
28
55
3
-70
28
56
-31
-5
10
7
20
7
20
5
2
18
2
35
35
-2
7
15
25
-10
-36
9
-10
-38
-20
-11
-11
-36
-9
23
-12
0
9
-9
17
1
-31
-22
-3
28
-4
-36
21
17
-18
-7
7
34
0
-8
19
-31
-13
7
-24
19
21
-4
-7
11
47
-23
-4
78
-8
-29
4
-2
16
-20
-1
15
-33
15
17
1
15
-39
-5
28
-6
-8
-43
19
74
-25
-54
-22
25
31
-54
-29
4
-7
9
-45
-54
13
38
13
-30
9
42
17
13
-10
5
37
21
13
-2
4
20
20
8
-45
-21
35
-8
-31
-28
-22
-2
-12
-20
-14
26
46
-10
12
84
51
5
-5
-15
4
17
-36
-93
-38
13
-24
-30
-26
-27
22
21
-20
-14
23
71
34
-15
30
54
30
-10
-44
-11
4
-20
-35
-46
-8
17
9
5
-25
-2
28
-17
-3
13
-8
49
49
-8
19
22
-1
-5
-34
-40
-19
-1
-5
-49
-14
39
-13
-33
3
8
2
3
28
40
44
60
-5
-23
43
-10
-78
-33
6
3
-26
-19
2
-6
17
1
-35
23
69
36
-3
-4
38
29
-29
-55
-55
-26
-8
-34
-36
-4
33
30
1
17
27
24
0
-25
19
20
-14
1
-8
3
23
-11
-12
14
23
11
-10
2
17
0
-34
-35
14
23
-22
-2
37
26
4
-25
-23
-4
-14
-22
-51
-31
49
29
-20
-16
11
34
-16
-47
-24
-25
19
38
-19
1
83
84
-3
-16
52
19
-36
-32
-44
-30
-1
-24
-49
-24
41
25
-43
0
39
-1
-6
2
5
16
11
10
28
42
4
-24
26
21
-21
-16
-35
-6
31
-29
-71
-34
17
10
-35
6
61
45
27
5
-15
-12
-2
-20
-45
-12
20
-1
-3
-5
-5
26
20
-2
19
30
13
13
5
-20
-7
13
-10
-25
-14
-20
-34
-18
-10
-25
-8
27
26
3
10
33
22
6
11
15
21
15
-12
-21
-2
-5
-40
-47
-15
4
7
-8
-16
14
34
17
-8
1
39
35
0
-17
-7
10
4
-15
-29
-5
37
3
-54
-26
1
-25
-33
-10
-5
4
36
20
-6
26
40
10
9
15
0
-5
0
-10
-17
-8
-4
-5
0
1
-1
9
21
10
7
14
-6
-15
2
-14
-47
-26
8
-6
-24
1
22
15
9
15
17
15
18
12
-3
-8
-2
-15
-30
-16
-15
-17
0
-15
-15
9
7
-5
7
37
41
23
20
25
30
11
-21
-18
5
-2
-36
-53
-24
0
-20
-38
-15
10
24
18
-9
-12
22
28
-18
-42
-3
20
4
-9
-6
16
45
43
6
6
53
61
10
-6
17
17
-6
-28
-42
-44
-31
-31
-54
-46
-9
-3
-8
-5
7
17
18
22
19
18
21
16
15
14
3
-3
0
9
4
-8
-8
-1
3
-2
-13
-7
8
16
4
-4
6
17
6
-11
-10
-5
-14
-24
-31
-26
-16
-11
-14
-8
5
10
9
15
21
25
18
8
12
18
4
-11
-2
4
-2
-10
-14
-9
2
3
-7
-7
3
2
-4
-7
-1
3
2
-5
-6
1
10
7
0
0
5
5
1
-3
-6
3
4
-3
-4
0
2
-2
-8
-4
3
0
-10
-7
-1
2
0
-1
6
9
7
4
4
8
9
7
0
0
0
0
-5
-7
-3
-2
-6
-6
-5
-4
-5
-8
-5
-2
-5
-5
-2
6
7
3
4
10
13
10
6
6
6
7
0
-4
-3
2
3
-6
-8
-5
-4
-6
-8
-7
-3
-3
-5
-3
3
1
-1
0
1
1
0
0
0
2
4
0
-3
3
6
3
1
0
4
4
0
-1
0
3
0
-3
0
2
0
-7
-3
5
3
-8
-8
6
9
-1
-10
-4
8
6
-9
-11
3
10
-2
-13
-2
15
7
-7
-5
7
11
2
-10
-5
11
9
-7
-11
3
8
-4
-8
-4
0
5
-2
-9
-2
4
4
-7
-4
8
8
1
0
2
6
3
0
-2
3
5
-2
-7
-1
1
-3
-7
-5
0
2
-4
-4
0
1
0
0
6
5
1
0
3
5
3
0
-1
4
6
1
-3
-2
1
-1
-7
-6
-4
1
-1
-8
-5
0
0
-6
-4
5
3
-1
-1
5
5
0
-1
0
7
3
-5
-1
7
7
0
-7
1
7
1
-5
-6
1
7
-2
-10
-1
6
1
-5
-6
2
6
0
-4
-4
1
5
0
-2
2
3
0
-3
0
1
-1
-3
-1
0
0
-3
-5
2
4
0
-1
1
8
5
-2
-2
3
8
2
-6
-4
3
3
-6
-9
-1
4
0
-3
-1
5
8
0
-2
2
5
0
-4
-3
0
-5
-6
-3
0
-1
-3
0
5
4
0
0
7
5
2
0
1
0
-2
-2
-2
-3
0
-1
-3
-1
-2
-1
1
1
0
0
1
0
-2
0
2
2
1
1
1
1
1
0
-1
0
0
-1
-1
0
0
0
0
-1
0
0
0
0
1
1
0
0
2
0
0
1
0
-1
-1
-2
0
-2
-2
0
-2
-1
-1
0
0
0
0
0
0
0
0
0
3
1
1
1
2
4
0
2
0
-1
0
0
-1
0
0
-2
-2
-2
0
0
-2
0
0
0
-2
0
1
0
0
0
0
1
2
0
0
0
-1
0
0
0
0
0
1
1
0
1
2
1
-1
-1
0
0
0
0
0
0
-1
-2
-1
-1
0
-1
0
1
2
2
1
1
0
-1
0
-1
-2
-1
0
-1
0
0
-1
0
0
-1
0
0
0
1
2
1
1
2
0
0
0
-1
0
0
-1
0
0
0
0
0
0
0
-1
1
1
0
2
1
0
0
0
0
0
0
0
0
0
-1
-1
0
-1
-1
0
2
0
0
0
0
-1
0
-1
0
-1
-2
-2
0
-1
0
1
1
1
1
2
1
2
0
-1
0
-1
0
0
2
2
2
1
0
-1
-1
0
0
-1
-1
0
0
0
0
0
-1
0
0
0
1
0
1
2
2
0
-2
-2
0
-1
0
-1
0
-1
0
0
0
0
1
0
0
1
0
0
0
0
2
1
1
1
0
0
0
0
0
-1
0
0
-1
0
0
0
0
-1
-1
-3
0
0
0
-1
-1
0
0
1
0
-1
0
0
3
0
0
1
2
4
1
1
2
1
0
0
0
0
0
-1
-2
-2
-3
-1
-1
-4
-2
-3
-1
0
-1
-1
0
0
0
1
0
0
1
4
2
2
2
3
2
1
1
1
1
1
0
1
-1
-1
0
-1
-2
-2
-3
-4
-1
-3
-4
-1
-2
-1
0
0
2
0
0
1
3
4
3
2
1
1
1
0
0
0
1
1
2
-1
-1
0
-1
0
0
0
-1
-2
-2
-1
-2
-1
0
0
0
0
1
0
0
-1
-1
0
0
-1
1
1
1
0
0
0
0
0
0
0
1
1
2
0
1
0
0
0
0
0
0
2
0
-1
0
0
-2
-1
0
-1
-1
0
0
0
0
0
-2
-1
0
0
0
0
0
1
1
0
0
0
0
1
0
2
1
0
-1
-1
0
-1
0
0
0
0
-1
1
0
0
0
-1
-1
0
-1
1
0
0
2
1
0
0
0
-1
-2
0
2
0
0
0
0
0
0
0
0
0
0
-1
0
0
0
0
-1
0
1
0
0
0
0
0
0
-1
0
2
1
0
-1
-2
-1
-1
0
0
0
2
1
0
0
-1
-1
-2
0
0
0
0
1
0
0
0
0
0
0
-1
0
0
0
0
-2
0
0
0
0
0
0
0
0
0
1
1
2
0
-1
0
0
0
-1
0
0
0
0
0
0
0
0
-2
-2
0
1
0
2
0
0
1
0
1
0
-1
-1
0
0
0
0
0
0
0
-1
-1
0
0
1
0
0
0
1
1
0
-2
0
1
1
1
0
0
0
0
0
0
0
-1
0
-2
-1
-1
-1
0
2
1
0
0
0
-1
-2
-3
0
2
2
1
0
0
-1
0
0
-1
0
0
0
1
0
0
0
0
0
0
0
0
2
3
1
-1
1
0
-1
-1
0
1
0
0
0
2
0
0
-2
0
-1
-3
-1
-1
-1
0
-1
-1
-1
0
0
0
0
1
0
0
-1
0
0
0
1
1
0
0
0
0
1
1
0
1
0
0
0
1
0
0
1
0
0
-1
-1
1
-1
-1
0
2
1
-1
0
-1
0
-1
-2
-1
0
0
0
0
1
0
1
0
-2
0
1
-1
0
0
0
0
0
0
1
1
3
1
0
0
0
-3
0
0
-1
0
0
2
3
2
0
0
1
0
-1
-1
0
1
0
-2
0
0
0
0
-1
-1
-2
-2
-1
-2
0
0
0
1
0
1
0
0
0
2
1
0
1
3
2
1
1
0
0
0
0
0
-1
0
0
-1
-1
-1
-2
0
0
-2
0
0
-1
0
0
0
0
0
0
0
1
0
0
0
0
-1
0
-1
-1
0
1
0
0
1
-1
-1
0
-1
0
2
1
1
3
0
1
2
0
0
0
1
0
0
0
1
1
0
-1
-1
0
0
-1
-1
-1
0
0
0
0
-1
-1
-1
0
0
0
0
0
0
0
0
0
0
1
0
2
0
0
0
-1
0
0
-1
3
1
-1
2
1
0
0
0
0
-1
0
0
1
0
0
0
-1
-2
0
0
0
0
0
0
0
0
0
2
0
-1
0
0
1
1
1
2
0
0
0
0
0
0
-2
-1
-2
0
2
0
0
0
-1
-2
-1
1
0
0
2
3
2
-1
0
0
-1
0
0
1
1
1
3
2
0
0
0
-1
-1
0
1
1
0
1
0
-2
-3
-2
-3
-1
0
0
0
0
0
0
1
0
0
0
0
0
0
1
0
0
2
0
0
0
0
0
1
1
1
0
0
0
0
0
0
0
0
-1
-2
-1
-1
1
1
-1
0
0
0
0
0
0
-2
0
0
0
0
0
1
0
0
1
1
1
2
1
2
1
0
1
1
0
0
-1
-1
-1
-2
-1
-1
-1
0
0
0
0
0
0
0
-1
0
0
1
0
0
1
1
1
0
1
0
0
1
0
0
0
0
-1
0
0
0
0
0
0
1
0
0
0
0
0
0
-1
0
0
0
0
0
0
0
0
0
-1
-1
0
0
0
0
1
0
-1
0
0
0
0
0
1
0
0
0
0
0
0
0
1
0
0
1
0
1
0
-1
-1
-1
0
0
1
1
0
0
-1
0
1
-1
-1
-1
-2
-1
0
0
1
0
0
0
-1
0
0
0
0
0
0
1
2
1
0
0
0
-1
-1
0
-1
0
-1
0
1
1
0
0
0
0
0
0
0
-1
0
0
0
0
0
-1
0
0
0
0
0
0
0
0
0
0
0
0
0
1
0
-1
0
0
-1
0
0
0
0
0
0
0
0
-1
0
0
-1
0
0
-1
0
0
-1
0
0
1
0
-1
0
-2
0
0
0
1
0
0
0
0
0
0
0
1
0
1
2
0
0
0
0
2
1
0
0
0
1
-1
0
0
0
0
0
0
-2
-2
-1
-3
-1
0
0
0
-1
0
0
-1
-1
0
1
1
1
0
2
2
0
0
0
0
1
2
0
1
0
-1
1
2
0
0
-2
-1
0
0
0
-1
0
1
0
0
0
-2
-2
0
0
1
0
0
0
-1
-1
0
-1
-1
0
1
2
2
0
0
-1
-1
0
1
0
0
1
1
1
0
-2
-2
-2
0
0
0
0
0
0
0
2
-1
-1
1
0
1
0
1
1
0
0
-1
-1
0
0
1
0
0
1
1
0
0
0
0
1
0
0
3
0
1
1
0
0
-1
0
0
0
1
1
0
-2
-3
-1
-1
-1
-1
-1
1
0
0
0
0
1
0
0
0
0
1
-1
0
0
-1
0
0
1
0
1
0
0
0
0
0
2
0
1
0
0
3
2
-1
0
0
-1
0
-1
0
1
0
-1
0
0
0
-1
0
-1
-1
0
0
0
1
0
0
-1
0
0
0
0
1
2
1
0
0
0
-2
0
0
2
1
0
0
0
0
0
0
1
2
2
1
0
-3
-2
0
1
1
1
1
0
-1
-1
-1
-1
0
-1
0
0
0
0
-2
0
1
1
0
0
0
1
0
0
2
1
0
0
0
-1
-1
0
0
1
1
2
2
0
-1
-2
-2
-2
-2
0
3
3
2
1
-1
0
-2
-3
0
0
0
2
1
0
-2
-2
0
0
0
0
2
1
0
0
-1
0
0
-1
-1
1
0
0
0
-1
0
0
0
0
0
1
0
0
0
0
0
0
1
0
0
0
-1
-1
1
0
0
1
0
2
0
-1
0
-1
-1
0
0
-1
0
0
2
0
0
0
1
-1
-3
0
-1
-1
1
2
0
0
0
-2
0
0
0
1
0
1
2
1
0
0
1
0
0
0
0
0
-1
0
-1
-1
0
-1
-1
1
0
-2
1
0
-1
1
-1
0
-1
0
1
0
0
0
0
2
1
0
-1
0
0
2
2
3
1
0
0
0
0
-2
-1
1
3
3
0
0
-1
0
-1
-1
0
1
0
2
1
1
0
-2
-2
-2
0
0
0
0
0
-1
-2
-2
-1
0
0
0
0
1
0
0
0
0
1
1
0
1
1
3
2
0
0
0
0
0
1
2
0
-1
0
0
0
-1
-1
-1
0
-1
0
-1
-1
-1
-1
0
0
1
0
1
0
0
1
0
0
0
0
0
0
1
1
0
-1
-1
-1
0
0
0
1
1
1
-1
-1
-2
-1
0
-2
-2
0
1
0
1
0
0
0
2
2
0
1
2
0
0
0
0
0
0
0
0
0
-2
0
0
0
0
0
0
0
0
1
1
0
-1
-1
0
0
0
1
0
0
0
0
-1
-1
-1
0
0
0
0
0
0
0
-1
-1
0
0
0
1
1
1
2
2
2
1
1
1
0
0
0
0
0
1
0
-4
-3
-2
-2
-1
-1
0
-1
-2
-4
-3
-1
0
0
1
2
0
0
2
2
0
1
0
1
3
2
2
1
0
-1
-1
0
0
0
-1
0
1
-1
0
0
-2
-2
0
0
0
-1
0
0
0
0
0
1
-1
0
0
0
0
2
0
0
0
-1
-1
0
0
0
0
0
0
0
0
0
1
0
0
-1
0
0
-1
-2
0
0
0
3
0
-1
1
0
1
0
0
0
0
-2
0
0
-1
1
2
0
2
0
-1
0
0
-3
0
1
0
0
0
0
0
0
0
1
1
2
1
0
0
0
0
0
0
0
0
0
0
0
0
-1
0
-1
0
-1
-2
-1
-1
-2
-1
-1
0
1
0
1
0
0
0
0
1
1
3
2
2
3
1
1
1
3
0
0
1
0
0
-1
-2
-4
-2
0
-2
-1
0
-1
-2
-2
-3
-2
0
1
0
0
0
0
0
0
0
2
2
1
0
1
0
0
1
0
0
1
0
-1
0
-1
0
2
0
0
0
0
0
-1
0
0
0
0
0
1
1
0
0
-2
-2
-1
0
0
0
0
0
-1
0
0
-1
0
0
0
1
0
2
2
0
0
0
2
1
0
2
1
1
0
0
0
-2
-1
-2
0
0
0
0
0
0
0
0
0
0
0
-1
0
0
0
0
0
0
0
0
1
1
1
0
-1
0
0
0
0
0
0
-1
0
0
-1
1
-1
0
-1
0
2
0
1
0
0
0
0
0
-1
0
0
0
0
0
0
0
0
0
0
0
0
0
1
1
1
1
0
-2
0
0
-2
-2
0
0
-1
0
0
-1
-1
1
0
0
0
2
2
0
0
0
0
0
0
-1
0
0
-1
0
1
0
0
1
0
0
0
1
0
0
-1
-1
0
0
0
0
0
0
0
-1
-1
0
0
-2
0
1
0
2
0
0
0
0
0
0
1
0
0
0
1
0
-2
0
0
0
0
1
0
0
0
0
1
0
0
0
0
0
0
0
0
0
0
1
0
-1
-1
0
-3
-2
0
0
0
1
0
0
0
-1
0
0
0
0
1
0
0
1
0
0
1
0
0
0
0
0
0
1
0
0
0
0
-2
0
0
-1
0
0
0
1
0
0
0
1
0
1
2
0
0
0
0
0
0
0
0
-1
0
0
0
0
0
-1
-1
-1
0
0
0
0
0
-2
0
0
0
1
2
0
1
0
1
1
0
1
0
-1
0
-1
0
0
2
0
0
0
1
0
0
0
0
-1
-1
0
-1
-1
-1
0
0
0
0
1
-1
-1
1
0
0
0
-1
0
0
0
1
0
0
-1
0
0
0
1
0
1
0
0
0
-1
1
0
0
1
2
0
0
0
-1
-1
1
1
1
1
0
0
0
0
0
0
0
0
0
-1
-1
-2
-2
-3
-1
1
0
0
1
0
0
0
0
0
0
0
0
0
1
0
1
0
0
1
0
1
0
0
1
-1
0
0
-1
0
-1
-1
-1
-1
0
0
1
0
-1
1
1
0
0
-1
0
0
-1
0
0
0
1
1
0
0
0
0
0
-1
-1
0
0
0
1
0
0
1
0
0
0
0
0
0
-1
0
0
0
0
1
0
-1
0
-1
1
2
1
1
0
0
-1
-2
-1
-1
0
0
1
1
0
0
0
0
0
0
0
0
0
1
0
0
0
0
0
0
0
0
-1
-2
0
0
0
0
0
0
0
0
0
0
0
0
2
1
0
1
0
-1
1
0
0
0
-1
0
0
-2
0
1
0
0
0
0
-1
0
0
0
0
0
1
1
1
0
1
0
-2
0
0
1
1
0
0
0
0
-2
0
0
0
0
-1
0
0
0
0
0
0
0
1
0
0
0
0
0
0
0
0
0
0
0
-1
-1
0
0
0
0
0
0
0
-1
-1
0
0
0
0
0
1
1
1
0
0
1
1
1
1
0
-1
-1
-1
0
0
0
0
-1
0
0
0
0
0
0
0
-1
-1
0
0
0
0
0
1
0
0
0
-1
1
0
-1
0
0
0
-1
0
-1
-1
0
0
0
0
0
0
0
0
0
1
0
1
0
0
-1
-1
0
0
0
0
0
0
0
0
0
0
0
-2
0
1
1
0
0
0
0
-1
-1
0
0
0
0
1
-1
-1
0
-1
0
0
0
0
0
0
0
0
0
0
0
0
1
-1
-1
0
0
0
0
0
-1
0
0
0
0
0
0
0
0
0
1
0
1
1
1
0
-1
0
0
1
1
1
0
0
-1
0
-2
-2
-1
-2
0
-1
0
1
0
0
0
-1
0
1
1
0
1
0
0
1
0
0
0
2
1
0
-1
-1
0
1
0
0
0
-1
-2
-2
0
0
1
0
0
0
0
0
-1
0
0
0
-1
1
1
0
0
0
0
-1
-1
0
0
0
0
0
0
0
1
2
0
0
0
1
1
0
0
-1
0
0
0
-1
-1
0
0
-2
-1
0
0
0
0
0
1
0
1
0
0
0
1
1
2
0
0
2
1
1
0
-1
0
-1
0
0
-1
0
-1
-1
0
0
0
0
-1
0
1
0
1
1
0
0
0
0
0
-1
0
1
0
-1
0
1
2
0
0
0
0
0
1
0
-1
-2
0
1
-1
-2
-1
-1
0
0
0
0
-1
0
0
1
0
0
0
2
0
0
0
0
1
0
0
1
0
0
0
1
0
-1
0
0
0
0
-1
0
0
0
0
0
-1
-1
0
0
0
-1
0
0
1
0
0
0
0
0
0
0
-1
0
1
0
0
0
0
-1
0
0
0
2
0
0
0
-1
0
0
1
2
0
0
2
1
0
-1
-1
-1
-1
-1
0
0
0
0
-2
-1
0
0
0
0
0
0
0
0
1
0
0
0
0
0
0
0
0
0
0
-1
-1
1
0
2
1
2
0
0
0
0
-1
0
0
0
1
0
0
0
0
-1
0
0
-3
-1
-1
1
1
0
0
1
1
0
0
1
1
0
0
0
0
0
0
0
0
0
0
0
0
0
-1
-1
0
-2
0
1
0
1
1
1
1
-1
0
0
0
0
-2
-1
0
1
0
-2
0
0
0
0
1
2
1
0
0
0
1
0
1
0
0
0
0
0
0
0
0
-1
0
0
0
0
-1
0
0
-1
0
0
0
0
0
1
-1
-1
0
-1
0
1
2
0
0
0
-1
0
0
0
0
0
0
-1
0
0
0
1
0
0
1
-1
0
-1
0
0
0
2
0
1
-1
-3
-1
0
0
0
0
0
-1
0
1
0
2
0
0
2
0
0
0
1
0
0
0
0
0
-1
0
0
0
0
0
0
0
-1
0
0
0
0
0
1
1
0
0
0
0
-1
0
0
0
1
0
-2
-1
-1
-1
-1
1
0
0
0
0
0
1
0
0
0
1
1
0
0
1
2
-1
-1
0
-1
-1
0
0
0
-1
-1
0
0
0
0
0
0
1
1
0
0
1
1
0
0
0
-1
0
-1
-1
0
0
0
0
0
0
0
0
2
1
0
1
0
0
1
1
0
0
0
0
0
-1
0
0
0
0
0
-1
0
-1
-2
0
0
-1
0
0
0
1
2
0
0
0
1
0
0
0
0
0
-1
0
-1
0
0
0
0
-2
0
1
0
1
3
0
-1
0
0
0
-2
-1
0
-1
0
0
-1
-2
0
1
0
1
0
0
0
0
1
0
0
1
2
1
1
0
0
0
1
0
-1
-1
0
1
0
-1
0
-1
0
0
-1
-1
0
0
0
0
0
0
0
0
1
0
-1
0
-1
-1
0
-1
0
1
0
0
1
0
0
2
1
0
0
0
0
0
0
0
0
0
0
1
-1
0
0
1
0
-2
0
0
0
-1
-1
0
0
0
0
0
-1
0
0
-1
0
1
1
1
2
1
-1
-1
0
0
0
0
0
0
0
0
0
-1
-1
0
1
1
0
0
0
0
0
0
0
0
-1
0
0
0
-1
0
-1
0
0
0
0
0
0
0
-1
0
1
1
0
0
1
2
0
-1
-1
1
2
1
0
0
1
0
0
-1
0
0
0
1
0
0
0
0
-1
-2
0
3
2
1
1
-1
-2
0
0
0
0
-1
-1
0
-1
0
-1
-3
-2
0
2
1
0
0
0
0
1
0
0
1
3
0
2
0
0
1
0
0
1
0
0
0
-1
0
-1
0
0
0
0
0
0
-3
-1
-2
0
0
-1
0
0
0
1
-1
0
1
0
0
0
1
1
0
2
1
0
1
0
2
0
0
0
0
1
0
0
-1
0
0
-1
1
2
0
0
0
0
1
-1
0
-1
-1
-1
-1
0
0
0
0
-2
0
0
0
0
0
0
-1
-1
-2
0
1
0
0
0
2
1
0
0
0
1
0
0
0
0
0
-1
0
1
0
0
0
0
0
0
0
0
0
0
0
0
0
-1
0
0
-1
1
0
-1
0
-1
0
0
0
0
0
0
0
0
0
2
1
0
0
0
0
1
0
-1
0
0
0
0
0
-1
-1
-1
0
0
0
0
0
1
-1
-1
0
0
0
0
0
0
0
0
1
0
0
0
0
0
0
1
0
0
0
0
-1
0
0
-1
0
1
0
1
0
0
-1
0
0
0
0
0
0
0
0
0
0
0
0
-1
-1
0
0
0
0
0
1
1
1
0
0
-1
-1
0
0
-1
0
1
-1
0
0
0
0
-1
0
0
-1
0
0
0
0
0
0
0
0
1
2
0
0
1
2
-1
1
0
-1
0
0
0
0
0
0
0
0
0
0
-1
-2
0
0
-1
0
-1
0
1
1
0
1
1
1
0
-1
0
0
0
0
0
-1
1
0
0
1
0
1
1
0
0
1
0
0
1
0
0
-1
0
0
0
1
0
0
0
0
0
0
-2
0
0
-1
0
2
0
-1
0
0
0
0
-1
0
0
0
0
1
0
1
0
0
1
0
0
-1
0
1
0
0
2
1
1
0
0
0
-1
-1
-2
-1
0
0
0
1
2
1
-1
0
1
-1
0
0
-1
0
0
0
-1
-1
0
0
0
0
0
-1
-1
-1
-1
0
1
0
0
0
0
0
0
1
1
1
0
1
2
1
0
0
-1
0
0
0
1
0
-1
-1
-1
0
0
0
-1
0
0
-1
0
0
0
-1
0
0
0
1
1
0
0
0
0
1
0
0
1
0
0
0
0
0
0
0
-1
0
1
0
0
1
0
1
3
0
-1
0
-1
-1
1
0
0
0
0
0
-2
0
-1
0
0
-1
0
0
0
1
0
-1
0
-1
-1
2
1
0
0
0
0
1
1
0
0
0
0
0
0
0
0
0
0
0
-1
0
0
-1
1
2
0
0
0
-1
0
-1
0
2
1
1
0
0
0
-2
0
0
0
1
0
0
0
1
0
0
0
-1
-1
0
0
0
1
1
1
0
0
0
0
-1
1
0
0
0
0
0
-1
0
1
1
1
0
1
0
0
1
0
0
-1
0
1
0
0
0
0
0
0
0
0
-1
0
0
0
0
0
0
0
0
0
-1
-1
-2
0
1
0
1
0
0
0
1
0
0
0
0
0
0
0
0
-1
0
0
0
0
0
-1
1
0
0
0
0
0
1
1
-1
0
0
-1
1
-1
0
0
-1
0
0
0
0
0
0
0
-1
0
0
0
0
1
0
0
0
0
0
0
1
0
0
0
0
0
0
0
0
-1
-1
0
0
0
-1
-1
0
0
0
0
0
0
0
0
0
0
-1
0
-1
-1
0
0
0
0
-1
1
1
0
0
0
1
1
0
0
1
0
0
0
0
1
0
1
1
0
0
0
0
0
0
-1
0
0
0
-1
0
0
0
0
0
0
1
0
0
0
0
0
0
0
-1
0
1
0
0
0
0
0
0
0
1
0
1
1
-1
0
-1
1
2
0
0
0
0
-1
0
1
0
0
-1
0
0
0
0
0
0
0
0
0
0
0
0
0
0
0
0
-1
0
1
0
0
0
0
0
0
0
0
0
0
0
0
0
2
0
0
0
0
0
0
0
1
-1
-1
-1
0
0
-1
0
0
0
1
1
0
1
0
-1
-1
0
-1
0
1
-1
0
1
0
0
1
0
-1
-2
-1
0
-2
0
-1
-1
-1
-1
0
0
2
2
1
2
2
1
1
2
0
0
0
0
0
0
0
1
1
1
0
1
0
-1
-2
0
0
0
0
-1
-1
0
0
-3
0
1
-1
0
0
-1
3
1
0
0
-1
0
0
0
0
0
0
0
0
0
2
0
0
0
0
0
0
1
1
0
-1
0
-2
-1
0
0
0
0
-1
-2
-1
0
0
1
0
-1
1
1
0
1
1
0
0
1
1
0
-1
0
0
0
0
0
0
0
0
-1
0
0
3
2
-1
-2
0
1
1
1
0
-1
-3
-2
0
0
-1
0
0
0
0
0
-1
0
1
1
-1
-3
-1
0
0
1
0
1
0
0
0
0
1
0
1
2
0
0
0
0
0
0
0
-1
0
0
0
0
0
1
0
1
-1
-1
0
-1
-1
-2
-1
0
0
-1
0
2
0
0
-1
0
1
0
0
0
0
0
0
0
1
0
0
1
2
0
0
0
-1
0
0
0
1
1
-1
0
0
0
1
1
0
-1
-1
0
0
0
0
-1
0
0
0
0
0
-1
0
-1
-2
0
0
0
0
0
0
0
0
2
0
0
1
0
1
1
0
0
0
0
0
0
0
0
0
0
0
1
0
0
0
0
0
0
2
1
0
-1
0
2
0
-1
0
-1
-1
-1
0
0
2
0
0
0
0
0
-2
-2
-2
-1
-1
0
1
0
0
1
1
1
1
2
0
-1
0
0
0
0
-1
-1
0
0
0
1
1
1
0
0
0
0
0
-2
0
0
0
1
0
-1
0
-1
1
3
1
2
1
1
0
0
0
0
-2
-1
-1
0
0
0
-1
0
-1
-2
-2
-1
0
-1
-2
0
0
0
0
0
1
1
0
1
0
0
0
0
0
0
1
0
0
0
1
1
1
0
1
0
0
0
0
0
-1
0
0
0
0
-2
0
0
0
-1
0
0
-1
0
0
0
0
0
0
0
0
0
0
0
0
0
1
1
0
0
0
0
1
0
0
0
0
0
-1
0
1
0
0
-1
0
0
0
0
0
0
0
0
0
0
0
0
0
1
0
0
0
0
0
0
1
0
1
0
0
-1
-2
-1
-2
-1
0
0
0
0
0
-1
0
0
0
0
0
0
0
1
0
0
0
0
1
1
0
0
0
-1
-2
-1
0
0
-2
0
0
2
1
0
0
0
0
0
1
0
0
1
0
0
0
1
1
0
0
-1
0
0
-1
0
-1
-1
-1
0
0
0
0
0
0
0
1
0
0
1
-1
-2
0
0
0
1
1
0
0
-1
0
-1
0
0
1
0
0
0
1
0
0
1
2
1
0
0
0
0
-1
-1
0
-2
-2
-1
0
0
0
0
0
0
-1
0
-1
-1
0
0
0
0
0
0
1
0
0
0
0
0
2
0
-1
-1
0
0
0
0
1
0
0
0
1
0
0
0
0
0
0
1
0
-1
0
0
0
-2
-1
0
0
-1
-2
0
1
0
0
-1
1
-1
0
0
0
0
1
1
0
0
0
0
-1
0
1
0
0
0
0
0
-1
0
0
0
-1
0
1
-1
-1
0
0
0
2
1
1
1
-1
0
0
0
0
0
0
-2
0
0
-1
-1
-1
0
2
-1
0
2
0
0
0
0
0
0
0
0
0
0
0
0
0
0
-1
0
0
0
-1
-2
1
0
-2
1
1
-2
0
2
0
0
1
0
1
0
0
0
0
-1
0
0
-1
0
1
1
0
-1
0
0
0
1
1
0
-1
0
1
1
0
0
0
-2
0
2
0
1
0
0
0
-1
0
2
0
0
0
0
-2
-1
0
-1
0
0
-2
0
-2
-1
0
0
0
0
0
0
0
1
1
0
0
0
0
1
0
0
0
0
0
1
2
-1
0
0
-2
0
0
0
0
0
0
-1
0
0
0
0
0
0
0
0
0
-1
-1
-1
0
0
-1
0
0
1
1
0
0
0
1
2
0
0
0
0
0
0
0
0
0
0
0
0
0
-1
-1
1
0
-2
-2
0
0
1
0
0
0
0
1
0
0
0
0
0
0
0
1
0
-1
0
1
1
0
0
0
0
1
0
0
-1
0
0
0
0
0
0
0
0
0
-1
0
0
0
0
0
0
0
0
0
0
1
0
-1
0
0
-1
0
0
0
0
0
0
0
0
0
0
0
1
0
1
2
0
0
1
0
0
1
0
0
0
0
0
-1
0
0
-1
-1
0
0
-1
0
-2
-1
1
0
0
0
2
0
0
0
0
-2
0
0
0
0
0
0
0
0
-2
1
1
0
0
0
0
0
0
-1
0
0
1
0
0
0
0
-1
-1
0
0
1
0
-1
0
0
0
0
0
0
0
-1
0
0
1
1
0
0
0
0
0
0
2
1
0
0
0
2
0
0
0
0
0
0
0
0
-1
0
0
-1
0
0
-1
0
0
0
0
0
0
-1
0
0
0
0
0
0
0
1
1
0
0
0
0
1
0
0
0
1
0
0
0
1
0
1
0
0
-1
-1
0
0
0
0
0
-1
0
0
0
0
0
0
0
0
0
0
0
-1
-1
0
-1
1
-2
0
0
0
1
-1
-1
0
-1
-2
0
0
0
-2
-2
0
1
1
0
1
0
0
1
0
1
1
0
1
0
0
0
0
0
0
1
0
1
0
0
1
-1
0
-2
-2
0
0
0
-1
0
0
0
0
-1
0
0
-2
0
-1
0
0
0
1
1
1
1
0
0
0
1
1
1
0
-1
-1
0
0
0
0
0
1
0
0
0
0
0
0
0
-2
-1
0
0
0
-1
-1
1
0
0
1
0
0
0
0
0
-1
-1
-1
-1
-1
0
0
0
1
0
1
1
0
0
1
1
0
2
1
1
2
1
0
1
0
0
0
0
0
0
-1
-1
-1
-1
-1
-2
-1
-1
-1
-1
0
-1
0
0
-1
0
0
1
0
1
1
-1
2
3
1
1
1
1
0
0
0
2
0
0
0
0
0
0
1
1
-1
-3
-3
-1
0
-1
-1
0
0
1
1
0
-1
1
0
0
0
-1
-1
0
1
0
-2
-1
0
0
0
0
0
0
1
1
1
1
1
0
1
2
0
0
0
0
-1
0
1
0
0
-1
-1
0
0
0
-2
-2
-1
0
1
0
0
0
0
0
0
-1
1
0
-2
0
1
0
-2
0
0
-1
0
0
0
0
0
0
0
0
-1
-1
0
0
0
0
2
0
1
2
0
0
0
0
0
1
1
1
0
-1
-1
-1
0
0
-1
0
-1
0
0
0
0
-1
0
1
0
0
0
0
0
0
0
0
2
1
0
0
1
1
0
0
0
0
0
0
1
-1
0
0
0
-1
-1
0
1
0
-2
0
0
0
0
-1
0
0
-1
-2
-1
0
0
2
1
0
0
0
0
0
0
0
0
0
-1
2
0
-2
0
1
0
-1
-1
0
1
0
1
0
0
1
1
0
0
1
0
-1
0
-1
0
1
0
-3
-1
0
1
0
0
-1
0
0
0
0
0
1
1
0
-1
0
0
0
2
1
0
3
1
0
0
0
0
1
0
-1
-1
-3
-1
0
0
-1
-2
0
0
0
0
0
1
0
0
2
0
1
1
0
0
-1
2
0
-1
-1
-1
-1
0
-1
-1
0
-1
0
0
0
1
0
1
0
0
0
1
0
-1
-1
0
1
0
0
0
0
0
1
0
0
0
0
0
-1
0
0
-1
0
0
0
0
0
0
0
0
1
0
-2
0
0
1
0
0
1
-2
-1
1
0
0
1
0
-1
0
0
0
0
0
-1
2
0
-1
-1
0
2
0
0
-1
-1
-1
-1
0
0
0
0
0
1
0
0
2
1
1
1
0
0
0
0
0
-1
-1
1
0
0
0
0
0
0
0
0
0
-1
0
0
0
0
1
0
1
2
0
1
0
0
0
0
0
1
0
-1
0
0
0
0
-1
0
0
0
0
0
0
-1
0
-2
-1
0
0
0
0
1
0
0
0
0
0
0
0
0
1
0
1
0
2
1
0
1
0
0
0
0
0
0
-1
0
0
0
0
-1
0
0
0
-1
-1
-1
0
0
0
1
0
0
1
0
1
0
-1
1
1
1
0
0
0
0
1
0
-1
0
-1
0
0
-1
-1
0
0
0
-1
-1
0
0
0
0
0
0
1
1
0
0
1
1
0
1
0
0
0
-1
0
-1
-1
0
0
0
0
-1
0
1
0
0
0
0
-1
0
1
0
0
0
0
0
0
0
0
0
0
0
0
0
0
1
0
0
1
0
0
0
0
-1
0
1
0
0
0
0
0
1
0
0
0
0
0
0
-1
0
-2
0
0
0
0
0
0
0
0
0
0
1
0
0
0
0
1
0
1
1
0
1
0
-2
-1
0
0
-1
-1
0
-1
0
-1
-1
0
0
0
0
-1
1
2
0
0
1
0
0
0
0
1
0
1
1
0
0
0
0
0
0
0
0
0
0
0
-2
0
0
-1
-1
0
2
1
0
-1
-2
-2
0
0
0
0
-2
-1
0
1
1
1
0
0
0
0
0
0
1
0
0
0
0
1
1
1
0
0
0
0
0
0
0
0
0
-1
-1
-3
-2
0
0
0
0
0
0
0
0
2
1
0
0
0
0
0
0
1
2
0
0
0
-1
-1
0
2
0
2
1
-1
1
0
0
0
0
0
0
-1
-1
0
0
0
0
1
0
0
0
-2
1
1
-1
1
0
-1
0
1
0
0
-2
0
0
0
0
-1
-1
0
0
1
0
0
0
0
1
0
0
1
0
2
1
0
0
1
0
0
0
0
0
0
1
1
0
0
0
0
1
0
-2
0
0
0
0
0
0
0
-1
-1
0
-1
0
1
0
0
0
0
0
-1
0
0
0
0
2
1
0
2
1
0
1
0
0
0
0
1
0
0
0
0
0
-1
0
0
-1
0
0
0
2
0
0
1
-1
-1
-1
0
-1
-2
0
0
0
0
0
0
0
1
0
0
0
0
0
0
0
0
0
0
0
1
0
0
0
0
1
0
0
0
0
0
0
0
0
0
0
-1
0
0
0
0
0
0
0
0
0
-1
1
1
0
1
0
0
0
0
0
1
0
0
-1
-2
-1
0
0
0
0
-1
0
0
-1
0
0
0
0
0
1
0
-2
0
0
-1
0
1
0
1
1
1
0
0
1
0
1
0
0
1
0
1
0
0
0
0
-1
-2
-1
-3
0
0
0
1
0
1
1
0
1
0
0
1
0
0
-1
0
1
-1
-1
0
0
0
0
0
0
0
1
0
0
0
1
1
0
0
0
0
0
-1
1
1
0
1
1
-1
-1
0
0
0
0
0
0
0
0
-1
-1
-1
-1
0
-1
-1
0
1
1
0
2
0
0
0
0
-1
0
2
0
0
0
0
0
0
0
0
0
0
1
0
1
0
0
1
0
0
0
0
1
0
0
0
0
0
0
-1
-2
-2
-1
-1
-2
0
0
0
0
0
0
1
1
0
0
0
0
0
2
0
0
1
1
2
0
1
2
0
0
0
0
0
0
-1
0
-1
-1
0
-1
0
0
-1
0
0
0
1
0
0
0
-1
-1
0
1
0
0
0
1
0
0
0
0
0
0
0
0
0
0
0
0
0
0
0
0
0
0
0
1
0
0
-1
-1
-2
-1
0
-1
0
0
-1
0
0
0
0
1
0
0
0
0
1
0
0
1
0
1
0
0
0
-1
0
0
-1
0
0
-1
-1
0
0
0
0
-1
0
0
0
1
1
1
0
0
1
0
-1
0
-1
-1
0
0
-1
0
0
0
0
-1
1
-1
0
2
0
0
0
0
0
0
0
0
0
0
0
1
0
1
0
1
0
0
1
0
0
-1
0
0
0
0
0
0
0
0
-1
0
-1
0
0
0
1
1
0
0
0
0
0
0
-1
0
0
0
1
3
2
1
1
0
0
1
0
0
0
0
-1
-1
0
0
-1
0
0
0
0
0
-2
0
0
0
-1
0
0
0
0
0
0
0
0
0
0
0
0
0
0
-1
0
2
0
1
1
0
0
0
0
1
1
0
0
1
0
0
0
0
0
0
0
0
0
0
-1
-1
0
0
0
0
1
0
0
0
0
-1
0
1
0
0
0
-1
-2
0
2
0
-1
1
2
-1
0
0
0
0
0
0
0
0
0
0
0
0
0
0
0
0
0
0
-1
0
0
0
0
0
0
-1
-1
0
0
0
0
0
0
0
0
0
-1
0
0
0
1
0
0
0
-1
-1
1
0
0
0
0
1
-1
0
2
1
1
2
0
0
0
0
0
0
0
1
0
0
0
-1
0
-1
0
0
0
0
0
0
0
-2
0
0
0
0
1
-1
0
0
0
0
0
0
0
0
1
1
-1
0
1
0
0
0
0
1
2
1
-1
0
0
0
0
0
-1
0
0
1
1
0
0
-1
0
0
-2
-1
0
0
0
-1
0
0
0
0
0
-1
-1
1
0
-2
0
0
0
1
0
0
1
-1
0
0
1
0
0
0
0
0
0
0
0
0
0
0
1
0
-1
0
0
0
0
-1
1
0
0
0
0
0
0
0
0
2
-1
-1
0
0
0
0
0
0
-1
0
1
0
0
0
0
0
-1
-1
0
0
0
1
0
-1
2
1
0
0
0
1
-1
0
-1
0
1
0
0
0
0
0
0
0
-1
0
0
0
1
0
1
0
0
0
0
0
0
0
1
0
-1
-1
0
-2
-1
-1
0
0
-1
0
1
1
0
0
0
-1
0
0
2
0
0
1
1
1
0
0
0
0
0
0
0
0
1
0
0
-1
0
0
0
0
1
0
-1
0
0
0
-2
0
0
0
1
0
-1
-2
0
0
0
2
0
-1
0
0
-1
0
1
1
1
2
0
0
0
0
1
0
0
1
0
-1
0
0
-2
0
-2
0
1
0
0
1
0
0
0
0
0
0
0
-1
0
1
0
0
-1
0
0
0
1
0
1
0
0
1
0
-1
0
0
0
-1
0
-1
0
0
-1
0
2
0
0
1
-1
0
0
0
3
2
1
0
1
-1
-1
0
0
0
-1
0
0
0
0
0
0
0
0
0
0
0
0
1
2
0
0
1
0
0
-1
-1
1
0
0
1
-1
-1
0
0
0
0
0
0
0
0
-2
-2
0
0
1
0
0
0
0
1
0
0
0
0
1
0
0
-1
0
0
0
0
1
0
-1
-2
-2
0
3
1
0
1
0
-1
0
1
-1
-1
0
0
0
1
1
0
-2
-1
0
-1
-1
0
0
-1
-1
0
0
1
1
0
0
1
0
0
0
0
0
0
1
0
0
2
0
-1
0
0
-1
-2
0
-2
-1
1
0
-1
0
1
0
0
0
0
0
0
0
0
0
2
0
0
0
-2
0
0
0
0
0
1
0
0
0
0
2
1
0
0
-2
-1
0
0
2
1
1
2
-1
0
0
0
0
0
0
0
0
0
0
0
2
0
-2
0
0
0
1
0
-1
-1
1
1
-2
0
1
0
-1
-1
0
0
0
0
0
0
-1
0
1
0
0
0
0
0
0
0
0
0
0
1
0
0
0
1
1
0
1
0
0
0
0
0
-1
-1
0
-1
0
0
0
0
0
-1
-1
0
0
1
0
0
0
0
0
0
0
0
0
0
0
1
0
0
1
-1
0
1
1
1
0
-1
0
0
0
0
-2
0
0
0
0
1
0
-1
0
0
0
0
1
1
0
-1
0
0
0
0
0
0
-1
0
0
0
-1
-1
0
0
0
1
0
0
0
0
0
0
0
0
1
0
0
0
1
2
0
0
0
0
0
0
0
0
0
0
0
0
-1
-2
0
0
0
0
0
0
0
-1
-1
-1
0
0
0
0
0
1
1
0
0
1
1
-1
-1
0
1
0
0
-2
1
1
1
0
0
0
0
0
-1
0
-1
0
1
0
-1
1
0
1
1
0
1
0
0
0
0
0
0
0
0
-1
0
0
0
0
-2
0
1
-1
0
0
0
-1
0
0
3
2
2
1
0
0
0
0
0
0
-1
