0
0
0
0
0
0
0
0
0
0
0
0
0
0
0
0
0
0
0
0
0
0
0
0
0
0
0
0
0
0
0
0
0
0
0
0
0
0
0
0
0
0
0
0
0
0
0
0
0
0
0
0
0
0
0
0
0
0
0
0
0
0
0
0
0
0
0
0
0
0
0
0
0
0
0
0
0
0
0
0
0
0
0
0
0
0
0
0
0
0
0
0
0
0
0
0
0
0
0
0
0
0
0
0
0
0
0
0
0
0
0
0
0
0
0
0
0
0
0
0
0
0
0
0
0
0
0
0
0
0
0
0
0
0
0
0
0
0
0
0
0
0
0
0
0
0
0
0
0
0
0
0
0
0
0
0
0
0
0
0
0
0
0
0
0
0
0
0
0
0
0
0
0
0
0
0
0
0
0
0
0
0
0
0
0
0
0
0
0
0
0
0
0
0
0
0
0
0
0
0
0
0
0
0
0
0
0
0
0
0
0
0
0
0
0
0
0
0
0
0
0
0
0
0
0
0
0
0
0
0
0
0
0
0
0
0
0
0
0
0
0
0
0
0
0
0
0
0
0
0
0
0
0
0
0
0
0
0
0
0
0
0
0
0
0
0
0
0
0
0
0
0
0
0
0
0
0
0
0
0
0
0
0
0
0
0
0
0
0
0
0
0
0
0
0
0
0
0
0
0
0
0
0
0
0
0
0
0
0
0
0
0
0
0
0
0
0
0
0
0
0
0
0
0
0
0
0
0
0
0
0
0
0
0
0
0
0
0
0
0
0
0
0
0
0
0
0
0
0
0
0
0
0
0
0
0
0
0
0
0
0
0
0
0
0
0
0
0
0
0
0
0
0
0
0
0
0
0
0
0
0
0
0
0
0
0
0
0
0
0
0
0
0
0
0
0
0
0
0
0
0
0
0
0
0
0
0
0
0
0
0
0
0
0
0
0
0
0
0
0
0
0
0
0
0
0
0
0
0
0
0
0
0
0
0
0
0
0
0
0
8
1
-23
11
29
-34
5
-3
1
43
-17
-25
-25
-22
63
-3
0
4
-79
83
44
-107
8
73
-17
47
-93
6
113
-182
133
116
-233
191
17
-324
81
245
-91
-148
113
17
-110
91
52
-157
55
-25
-63
152
-42
-100
205
26
-120
-44
61
0
-57
86
-163
60
99
-139
10
103
72
6
-42
-12
-58
-63
148
-32
-82
80
-50
-35
140
33
-97
-54
26
48
-11
-19
-41
81
55
-79
-7
103
-46
-172
-1
27
30
8
-33
55
79
-62
114
-21
-109
17
-121
68
91
-33
5
-17
-41
70
-5
-12
-50
-88
192
69
-49
-4
-17
-32
-27
6
-50
11
-66
-92
112
161
35
7
-151
32
83
-162
62
37
-151
108
79
-91
31
13
67
53
-114
-178
23
148
-40
20
138
-35
-64
-21
-30
125
-57
-78
54
-88
9
133
-66
-7
53
-57
84
-39
-98
-11
14
29
84
-43
-70
77
34
-8
-73
-4
27
38
-62
-65
34
53
39
-8
4
-51
-20
40
108
-66
-171
-65
80
231
31
-149
21
64
-48
-38
-24
55
58
8
-117
-27
34
18
46
-25
30
-143
-3
249
-4
-109
-156
-1
82
4
15
80
14
-167
20
-7
-13
92
0
62
-39
-61
-35
-65
90
45
-105
33
7
11
151
-19
-103
87
72
-219
-83
186
-26
-177
237
150
-176
-58
31
36
33
-75
-24
120
69
-166
-155
146
41
79
-92
-207
299
87
-295
77
30
-61
-36
43
58
-104
110
146
-98
-58
16
-36
5
11
-112
-13
183
14
-90
17
6
86
-34
-234
-19
246
5
-146
68
-7
10
48
16
-60
-84
155
-5
-148
59
-6
-12
128
-66
-24
66
-91
-48
175
-12
-161
148
-10
-110
84
80
-72
-27
47
-92
121
34
-133
87
-35
-120
71
10
-174
96
88
-171
-49
62
44
37
0
-152
155
72
-196
200
112
-138
-105
110
242
-179
-54
207
-72
-23
95
-77
-178
139
54
-84
26
-51
-17
71
27
-145
84
27
-197
59
31
-20
17
-28
-70
36
121
21
-74
-110
92
24
-34
65
-13
-63
65
141
-121
-5
3
-93
62
62
-81
-166
109
157
-51
-60
68
-66
-9
98
-124
-22
101
0
7
-37
-24
114
-40
14
-12
-58
115
-42
-45
-20
54
59
-86
-87
-2
55
-9
103
-34
-123
120
0
-141
128
19
-92
125
3
-97
-11
102
-29
3
113
-79
-149
75
78
36
10
-134
27
32
-7
-46
-7
56
15
-25
-68
59
-32
-64
63
-102
77
164
-157
-62
80
74
37
-72
-98
2
89
16
-85
0
57
44
-13
-35
34
-51
-56
54
47
24
-34
-54
25
59
31
-93
-30
117
-35
-67
82
-65
-101
103
82
-18
-62
-9
-1
3
6
-73
2
105
53
-19
-75
-26
16
94
-10
-130
80
33
-91
28
8
-4
135
-96
-59
78
-18
-18
-1
-3
-18
25
-52
112
37
-50
-45
-40
46
29
31
-1
-94
-159
182
214
-89
-172
102
112
-191
-111
68
86
-83
-28
166
60
-166
-45
128
-84
-72
99
41
-37
3
-1
57
33
-119
-126
84
185
-41
-61
-15
5
118
-100
-107
171
52
-34
-222
11
272
-144
-131
116
-37
53
100
-85
-56
0
-42
-46
64
11
27
91
-37
-1
-31
-86
57
-3
-6
43
-21
1
18
-27
17
87
32
-192
-11
155
-88
9
44
-23
17
-14
72
-23
-181
154
18
-184
146
29
-65
34
-21
38
56
-50
-121
-8
70
-16
-22
-27
89
130
-66
-90
0
-105
69
113
-18
-25
-66
141
9
-132
59
48
-50
-70
-120
118
200
-74
-46
-83
85
39
-105
-64
78
146
-174
-70
87
-21
54
112
28
-41
-90
-153
19
177
17
-50
-1
-40
-57
86
101
-14
-139
24
77
-111
23
-12
-55
123
-30
-50
102
33
30
-88
-104
105
-3
-117
63
97
-20
3
-69
87
-10
-88
96
-88
-29
98
-163
103
239
-175
-83
-2
-21
84
6
-53
52
11
-20
46
-52
-105
-18
121
198
-199
-223
159
127
-30
-60
-83
34
142
-24
-74
67
-79
-105
130
34
88
-109
-138
221
20
-169
67
65
-190
51
170
-44
-81
-46
35
49
29
-20
-38
41
-39
-54
112
-38
-35
-50
18
189
-30
-107
-66
-18
77
142
-45
-113
15
14
-55
18
38
-36
94
51
-127
-40
34
-7
33
48
-90
0
37
-64
72
67
-83
-64
42
43
21
-15
22
-8
-82
-39
105
15
-99
81
-21
33
104
-126
-92
79
64
-68
3
27
49
-56
-91
140
59
-199
21
95
-135
122
64
-129
72
-37
-73
46
71
23
-98
-19
74
-70
28
53
12
-16
-94
104
-59
-63
137
-89
0
167
-131
-80
64
-28
59
44
-51
-39
36
34
-27
-13
12
11
-26
87
-104
-105
188
22
-85
11
-40
-42
36
96
77
-156
-103
118
91
-87
-10
16
-57
41
64
-92
8
125
-26
-119
-43
98
-7
37
24
-97
12
37
-15
-13
-17
53
-57
41
51
-81
25
3
-35
50
16
-44
3
-45
79
24
-39
-9
3
-1
-32
57
-22
-57
91
-32
-34
33
-33
-26
65
-15
-33
83
-48
75
-145
40
119
-269
107
144
35
-9
-108
83
-62
-91
76
-60
118
0
-81
4
-22
82
48
-44
-145
84
80
-19
-136
8
214
-103
-33
2
-37
65
-36
27
6
0
-15
-96
97
4
-165
139
202
-133
-67
59
-62
-97
129
57
-93
93
-24
-202
16
129
37
148
45
-357
12
168
-86
9
72
-54
-24
98
-27
-26
11
0
-15
4
-27
-27
9
50
35
-97
-36
-7
139
94
-67
-39
-111
24
56
17
50
-90
-17
88
-142
-27
102
23
41
104
-45
-141
60
-80
-114
14
121
34
-40
68
61
0
-36
21
-37
101
92
-239
18
128
-86
-100
-92
81
301
129
383
-799
-867
1265
-274
-950
208
181
429
228
-85
-131
-36
-11
-63
110
88
-223
57
349
-267
157
296
-135
-118
-216
266
37
-269
-47
-44
232
123
-40
-108
-126
-8
27
-35
-65
60
-33
-157
70
232
-29
-191
-5
147
140
-171
-20
155
-77
-15
-61
-34
37
42
-76
-58
-53
7
165
72
-112
-38
62
38
74
3
12
-15
-63
9
-12
39
-177
9
217
-148
-142
51
11
-30
164
0
-99
192
106
-44
33
-133
-89
87
34
44
-97
46
21
-100
83
6
-115
19
145
-119
-82
146
29
-107
54
24
-141
85
17
-72
67
-87
13
53
-11
-31
-16
-45
-86
-19
-34
55
5
140
81
-151
30
54
-80
11
59
20
-25
45
74
-14
12
48
-70
-55
2
-14
-25
-95
90
142
-170
-59
50
-46
48
86
-30
-30
18
32
40
-135
38
93
-24
0
-125
53
52
-4
12
-49
-46
57
17
-20
142
-50
-79
29
-17
93
-83
-95
162
-31
-83
12
-26
-27
16
15
105
87
-102
-24
0
-32
54
-26
13
3
-4
-46
-30
31
-25
88
10
-41
-34
-50
-40
71
92
-24
-54
16
53
-47
-30
-4
-23
-20
9
48
24
2
26
-44
-46
-31
21
35
0
102
-15
-68
34
25
-58
-81
34
6
8
50
35
12
-57
-34
2
-25
-22
21
53
97
36
-131
-51
102
-35
8
61
-36
-84
14
41
-12
83
-101
-50
137
7
-59
-13
-6
5
-32
-16
0
26
21
-14
70
-68
-63
33
55
83
-100
-47
70
15
29
-28
1
-21
-52
41
-20
-18
-16
14
7
-9
-26
-57
112
45
-48
27
-41
-53
0
40
39
-15
-29
1
13
2
40
-27
60
26
-92
10
17
52
4
-1
-96
-71
71
-18
10
17
-19
-6
82
56
14
76
-76
-161
1
53
-35
-4
14
5
-26
-13
21
34
70
-82
15
77
-90
-40
29
85
-21
-23
13
-102
80
70
-99
-20
20
-41
24
19
-28
61
-47
43
17
-71
117
-70
-33
64
-15
-29
-4
71
-30
-6
-14
48
33
-74
-25
-74
-1
115
-4
-69
46
-44
-21
92
69
-84
10
53
-171
40
43
-60
31
55
-21
-19
104
-106
-29
106
0
-24
-38
26
-1
-59
92
51
-125
66
60
-123
53
-38
-71
143
-24
-25
-23
34
56
-96
94
30
-104
17
-10
-42
12
33
-4
18
-36
-28
-13
-7
77
75
-41
-23
21
-74
12
31
-37
17
-12
-17
19
-3
5
90
79
-112
-47
24
17
-1
-77
18
19
-48
14
53
-26
-13
9
-10
79
29
-63
16
-17
-37
-8
48
0
-87
61
-62
-22
152
-146
25
135
-80
61
-8
-107
47
92
-42
-38
-39
-4
143
-16
-85
9
-48
42
2
-86
45
87
3
-47
-74
110
-3
-134
37
74
22
-6
-33
-24
33
-23
21
43
43
-20
-54
-14
-35
1
12
13
34
9
-40
-17
-9
-9
82
-14
-62
13
-40
-25
62
90
-26
-71
51
-25
-28
33
19
-8
-45
42
-20
-52
31
-3
18
29
-15
-25
27
-6
28
20
-98
44
35
-44
27
27
-21
-31
-9
49
13
-37
39
16
-60
-14
24
6
-39
-58
47
38
3
57
-65
-45
19
53
52
-75
15
1
-52
18
3
1
-25
44
95
-65
-107
55
19
-34
24
15
-32
14
48
-59
-41
108
51
-43
-82
-32
88
13
-31
-4
5
8
1
10
-30
-8
37
-46
-20
23
36
24
-65
-21
-16
2
50
20
10
-34
-52
50
28
-37
62
-66
-48
30
73
20
-78
-18
-22
72
73
-68
-32
19
32
8
-29
-43
-1
62
-12
-33
16
8
14
12
19
-27
-61
11
-11
42
39
-55
-16
31
-13
24
70
-40
-104
8
39
-16
38
13
9
-37
-64
62
74
15
-33
-44
-48
-54
78
78
-19
-34
-31
41
30
-23
-37
-21
25
28
-33
-25
17
40
-9
-28
31
31
18
-61
-57
19
49
0
1
7
-29
-19
38
16
-39
5
-9
-18
-16
52
58
-26
-74
-8
43
-6
25
12
-37
3
19
7
13
11
-13
-60
-7
25
34
44
-14
-86
-23
58
55
-14
-48
-5
-11
0
35
9
-39
19
30
12
-20
-11
-4
-45
21
57
-47
11
57
-70
-11
3
-6
24
37
4
-54
-9
15
-9
-1
22
12
1
-7
-15
2
-20
-2
41
0
-43
-7
65
11
-55
-17
11
9
10
53
-14
-81
-11
17
46
48
-33
-26
-11
-2
30
-28
4
35
6
-25
-48
7
29
0
9
-4
-9
6
-13
-15
11
44
-2
-41
-41
25
87
-7
-73
18
59
-13
-69
7
66
-11
-23
-2
-6
13
24
-22
-48
29
57
-31
-37
9
4
-6
-9
17
47
-18
-58
7
48
-1
-41
-7
49
-4
-55
18
44
-2
-20
-28
0
47
-6
-40
10
12
0
-31
-22
59
41
-42
-20
4
7
0
3
25
-14
-32
7
25
6
19
-18
-60
28
79
-25
-75
6
49
2
-19
4
4
-4
-11
-9
23
28
-37
-56
42
76
-7
-61
-40
29
36
1
-1
-4
-42
-10
28
1
21
13
-37
-11
22
22
0
-36
5
29
-12
-41
-9
52
21
-26
13
8
-55
13
67
-35
-51
31
37
-18
-16
26
-6
-47
8
52
30
-27
-35
-7
-19
-5
41
18
-12
20
12
-3
2
-1
1
-2
3
3
-29
-37
-15
25
50
8
-48
-47
4
15
33
64
9
-81
-68
18
50
20
-9
-15
-18
0
12
7
21
36
-14
-74
-33
34
29
-1
26
31
-38
-68
18
75
22
-29
-24
-6
-20
-19
6
39
43
10
-36
-48
10
53
20
-23
-45
-25
45
45
-25
-43
-25
3
44
29
-22
-37
-48
10
89
25
-56
-23
4
7
25
-13
-30
5
36
0
-41
3
33
5
-6
0
-8
8
33
-5
-48
-33
18
58
25
16
-24
-94
-16
53
0
-12
66
43
-54
-52
-22
-15
12
58
21
-42
13
29
-52
-63
31
51
-6
-3
2
-3
10
33
-16
-54
16
15
-44
39
78
-12
-50
-48
-17
65
68
-53
-64
37
35
-5
-27
-12
33
15
-40
-20
32
-9
-6
41
-21
-34
34
15
-60
-15
52
19
0
-29
-22
34
25
7
-44
-50
42
39
-12
-31
-1
48
21
-40
-13
-7
-21
-6
-12
50
60
-15
-36
-3
6
-48
-35
39
43
14
4
-20
-9
8
-21
-32
37
22
-35
53
35
-69
-17
36
-4
-21
-31
27
64
-33
-44
36
-12
-68
48
40
-34
57
-5
-75
30
15
-21
-1
-39
57
89
-29
-36
-12
1
-13
-47
3
86
54
-37
-46
-29
-3
20
-30
-11
85
49
-28
-73
-53
21
-2
16
37
-50
40
81
-66
-15
40
-67
-48
35
48
36
-1
-23
0
6
6
13
-8
-60
-57
46
75
13
-9
2
-14
-2
-24
-84
-17
54
43
62
0
-58
72
28
-117
-43
-4
-8
12
13
62
78
0
-65
-24
0
-55
-40
43
78
34
-30
-33
-9
39
9
-39
60
-13
-129
-11
26
78
84
-112
-49
113
13
-55
-15
-8
15
6
-61
16
109
3
-14
-4
-98
-58
13
63
98
-13
-58
3
0
-35
4
80
27
-57
-48
-25
21
15
1
64
7
-25
10
-48
-24
39
10
-1
-39
12
79
-44
-91
3
70
70
-48
-71
-9
-22
69
83
-42
-71
-67
43
118
-16
-40
-13
-40
-5
26
63
34
-32
-21
-53
-23
36
29
52
-16
-54
25
-7
1
61
9
-59
-59
0
72
43
-57
-53
-3
23
96
80
-3
-120
-165
0
47
38
126
1
-93
24
50
-9
-23
-31
-14
3
-19
-22
-23
11
89
43
20
10
-60
-16
-36
-82
34
46
30
46
-1
-12
3
-32
-40
41
27
-64
-11
22
23
37
-11
-39
-31
-12
-25
-15
70
69
32
-44
-131
-6
130
32
-111
-81
32
68
14
19
25
-14
-11
-18
-24
50
32
-60
22
31
14
-12
-85
55
108
-13
-3
-2
-88
11
32
-16
-39
-33
96
47
-115
-33
55
-63
-39
44
60
-17
-91
45
85
-65
-84
-3
2
51
56
-26
-63
2
42
-5
23
53
-1
-55
-52
-1
70
68
-32
-27
31
-26
-32
32
58
17
-28
-15
1
-41
-10
22
-15
15
29
-57
-17
55
34
54
-49
-146
-32
67
50
14
-11
3
11
-10
-24
-17
-12
20
52
22
-51
-19
28
-7
-5
-11
25
5
4
21
-59
-31
47
53
11
-12
-11
5
-12
-47
38
27
-21
-12
-64
-31
130
81
-128
-98
22
36
36
-10
1
34
-34
-29
27
-13
-53
15
76
1
-9
69
-13
-46
-18
-51
-10
37
54
52
40
-40
-102
-50
41
56
42
42
-64
-66
18
0
-2
-36
14
62
21
17
-22
-24
-91
-95
54
147
43
5
9
-156
-71
71
29
30
11
-9
32
42
-48
-52
-17
-29
29
73
47
8
-2
-85
-73
65
45
-19
11
9
4
-33
33
43
-126
-32
94
-34
-37
52
33
37
-12
-108
10
7
-65
78
24
-56
17
67
12
-18
-16
-51
-39
-6
35
18
50
68
-85
-10
11
-1
0
-88
66
112
-46
-46
43
-63
-61
71
41
-34
40
25
-80
0
-6
-18
48
30
-35
-11
33
-17
-46
43
-76
-81
197
101
-52
-26
-113
-36
-30
-26
150
116
-27
-66
-112
37
73
-55
51
6
-31
7
-7
2
7
-3
33
-47
-10
69
-87
28
86
-32
-56
-26
-7
63
59
-60
-67
40
21
-12
57
-6
-79
-8
-18
38
86
6
-52
-49
-6
17
36
-34
-7
0
30
15
-29
32
-16
15
-20
-127
10
113
-1
17
23
-53
58
-74
-25
65
-27
-10
-9
58
24
-7
-15
-45
50
15
-59
-46
49
-25
64
19
-74
70
9
35
-60
-66
-20
-92
127
35
-23
22
-17
71
-66
42
-20
-71
60
-54
62
-40
-73
114
25
5
85
-100
-99
48
-31
60
-43
-42
76
38
56
-60
-15
-14
-52
36
-2
-10
-31
4
0
-9
95
-3
17
34
-36
-83
11
44
-65
44
-16
10
-84
6
223
-64
-71
17
-58
-11
-6
54
59
-24
0
-2
-47
-26
53
-10
-39
5
61
16
-63
53
-14
-56
-1
-3
75
-53
6
116
-78
-29
-5
-70
35
-41
57
122
-61
-40
-3
-18
26
-8
-65
79
33
-29
15
-17
21
-10
-80
45
34
8
-7
-32
39
-28
18
-3
-7
-17
-13
34
-36
64
13
-53
-9
-89
46
70
-9
44
-27
-44
21
17
-8
-20
13
6
-12
-1
-18
28
17
-26
48
-14
-90
55
39
-35
36
-52
31
27
-91
68
-26
-18
26
-20
71
-34
-13
-17
-46
24
0
37
33
0
-37
-29
12
2
1
-13
-6
62
-8
-36
8
-2
12
-28
22
18
-17
16
-3
-19
13
0
-41
30
14
-6
54
-50
-29
23
-28
4
11
16
-3
-19
21
-3
-6
20
-16
-11
-11
9
21
-16
6
35
-5
-34
-10
3
11
-7
-18
43
23
-60
-5
36
-12
-33
-20
42
31
2
38
-42
-46
30
-15
-18
12
41
36
-67
-2
54
-55
-8
26
-18
19
-4
-2
10
-46
20
27
-36
13
33
8
-23
-43
12
21
-23
3
21
-1
18
-4
-23
22
-5
13
17
-56
7
24
-15
23
-25
4
63
-31
-54
7
10
-3
10
0
-14
30
9
-47
-17
33
37
-13
-29
-36
14
46
13
-70
5
56
-99
-8
159
-99
-15
121
-115
-8
26
-33
34
32
3
-15
-3
-12
-15
8
56
29
0
28
-6
-25
-22
-15
-12
12
16
-56
37
42
-71
-30
-32
-16
21
2
-31
7
36
-14
-48
-2
48
11
4
61
3
-35
55
9
-15
21
-3
34
40
-16
-37
14
28
-58
-52
29
40
-44
-62
5
-23
6
-27
-36
42
0
-17
-17
20
7
-22
36
57
-17
19
18
3
40
-23
-12
8
20
11
-41
7
-4
-42
9
-1
-23
6
10
-13
9
10
-17
-13
5
16
27
15
-18
26
14
-2
20
-19
23
11
-32
28
17
-33
-37
4
22
-36
-21
13
-17
-15
-11
4
-2
-17
8
7
5
-10
2
14
-5
11
0
-3
6
-18
3
2
-1
-9
-17
28
-15
-30
29
-1
-3
14
5
28
-14
-16
19
13
18
2
-10
18
12
-26
5
20
-13
-10
3
-12
-2
-10
-18
17
-3
-33
-6
8
-7
0
4
11
5
-14
3
15
-4
5
10
4
14
-5
-15
12
6
-7
-5
-7
-8
-4
0
-8
-5
8
-6
0
3
0
14
-11
-8
27
9
-16
-3
8
5
7
-17
-4
23
-6
-16
5
13
-5
-16
-8
8
9
-6
-5
5
-3
5
1
-3
7
4
4
0
0
1
-2
-2
1
1
1
-5
-1
8
-6
-7
0
0
0
0
0
3
0
1
-4
-6
-1
0
4
2
2
-5
-5
4
0
-15
-2
12
-7
-2
0
2
6
-4
0
5
2
-4
6
9
-4
0
5
5
1
1
-1
-2
2
2
-1
0
-4
-3
9
0
-9
-1
0
1
2
0
-1
-7
-1
7
-2
-6
2
7
-4
-6
0
2
-3
-6
8
5
-6
-4
0
3
-1
1
0
0
10
2
-4
0
-1
6
8
2
-2
0
3
4
2
-3
-1
5
-2
0
-1
-4
0
-3
0
-3
-5
0
-2
-2
0
0
1
0
-3
-1
2
2
3
-1
-5
-1
1
0
0
3
3
4
0
-3
-2
2
5
1
3
0
-2
-2
-1
1
0
3
-1
-4
-2
-3
-1
1
3
-1
-2
-3
0
-1
3
4
-3
-4
-1
2
-1
2
0
-2
-4
-3
6
-1
2
3
-3
1
1
4
3
4
2
0
0
-3
1
-2
-3
1
-2
-5
0
2
-1
0
2
-2
-2
2
-1
-1
-2
0
1
-3
4
3
0
0
0
1
1
-2
1
2
-1
0
0
1
-1
-4
0
0
-1
3
3
-2
1
2
0
-1
0
0
3
0
0
-1
0
0
2
0
-3
-2
0
2
-1
-3
0
-1
0
0
1
1
0
0
2
0
-1
0
0
-1
-2
1
0
-1
0
-1
1
2
0
-2
0
1
0
2
0
0
3
0
-1
1
1
-1
-3
0
-1
-2
0
0
-1
0
3
0
2
2
-2
-3
0
1
-2
0
2
-1
-1
1
1
1
1
-1
-1
-2
1
0
0
1
-4
-1
2
0
-1
1
-2
0
2
1
1
1
2
0
1
1
0
0
0
1
0
0
1
0
0
-1
-1
1
0
-1
0
0
-1
0
2
-1
-4
0
0
-1
-2
-3
1
0
-2
2
0
0
0
0
0
0
0
0
0
0
0
0
-2
-1
2
0
0
0
0
0
0
2
1
0
0
0
-1
0
0
-1
0
0
0
1
0
0
-1
0
1
0
-2
-1
1
0
-2
1
-2
-4
2
3
3
0
-1
0
-3
-3
0
2
2
2
0
0
0
-1
3
1
1
0
3
2
-2
0
1
1
0
-1
-2
0
1
-2
-1
0
-3
-3
-2
-2
0
0
0
1
-1
-2
0
0
3
1
0
4
2
2
2
0
2
1
0
4
0
-3
0
0
0
-1
-4
0
-1
-3
0
-2
-4
0
-2
-2
1
0
1
0
1
4
4
2
0
0
0
0
1
-3
0
2
0
0
-1
-2
-4
-2
0
-1
1
0
1
0
-1
-1
-2
1
0
3
1
0
3
-3
0
1
1
3
0
-1
0
-1
-3
0
-1
0
1
0
0
0
0
0
1
-1
-1
0
0
0
0
1
2
0
-1
-1
-2
0
-2
-1
0
0
0
0
0
-1
-1
-1
0
-1
-2
1
3
1
-1
0
0
0
1
2
1
0
3
0
-3
-3
0
2
0
1
3
3
3
0
0
-2
-1
0
-1
0
1
0
0
0
-1
0
-1
-1
0
0
0
0
-3
-2
-1
1
0
-1
1
1
1
-1
0
2
0
0
1
0
0
2
0
4
1
-2
3
1
0
-1
-4
-1
0
1
0
-3
-2
-1
0
2
0
0
2
0
0
-1
-1
-2
1
2
0
0
1
2
-1
0
0
0
1
0
2
0
0
0
-1
0
-1
0
1
1
0
-2
-1
-2
1
0
0
0
0
1
0
0
0
0
1
1
0
-1
1
0
0
0
0
-1
-2
1
2
2
-1
0
4
2
-3
-3
0
0
0
2
-2
0
3
0
0
-1
-3
-3
0
-1
0
2
0
0
0
-1
-3
-1
1
1
1
0
0
1
0
0
0
0
0
1
0
3
0
-1
1
0
-1
0
0
-1
0
0
0
0
0
1
1
1
0
0
0
1
1
1
1
-1
-2
0
-1
-1
0
-1
0
2
2
0
1
1
0
1
-3
-4
0
-1
-1
0
0
0
2
4
1
2
-1
-1
0
-1
0
-2
-3
0
-1
0
0
-1
1
0
0
0
0
-2
0
1
-2
0
0
3
1
2
0
2
-1
-5
-2
0
3
-1
1
0
4
0
-2
2
0
0
0
0
1
0
-3
0
0
-4
-1
0
0
0
-3
-2
0
-2
0
1
0
1
0
-2
0
3
1
1
3
2
-1
0
2
1
1
0
0
-2
0
0
-6
0
1
-2
0
0
-3
-1
0
-5
0
2
0
1
1
4
1
0
1
-3
-4
-3
0
-1
-5
0
-1
-1
-2
0
3
3
-2
-3
6
1
-2
4
4
4
7
5
-2
6
8
-2
0
4
-2
-1
0
1
3
-3
-6
-3
-6
-6
-1
-7
-10
-1
-2
0
-7
-3
2
-1
0
1
2
7
6
0
0
4
1
1
2
-3
0
-1
-1
9
0
-4
-3
0
2
3
10
-2
-4
5
3
0
-1
0
0
-7
-3
2
3
-6
-5
3
-1
-5
-1
0
0
-3
-4
0
-1
1
0
0
-4
0
4
-4
6
0
-5
3
3
6
0
4
6
1
6
4
3
1
-2
-1
-5
2
-1
2
1
-4
4
-6
-1
-3
-4
0
-3
-4
0
-4
-8
7
-2
-7
11
3
-5
13
4
-16
8
9
-7
5
11
-6
-5
7
-4
-3
1
0
7
-3
-12
4
0
-11
14
6
-10
-6
-4
7
-1
-6
10
0
-10
9
0
-9
12
0
-8
11
3
-14
7
12
-11
-2
16
-5
-15
19
2
-23
17
1
-26
16
15
-25
1
15
-26
-13
24
-6
-13
18
-2
-19
8
-2
-1
12
-10
24
6
-24
19
14
-23
4
27
-22
-8
36
-23
-20
27
1
-4
8
0
-11
-6
9
4
-18
-13
19
8
-29
-5
12
-21
0
42
-16
-61
29
35
-36
15
20
-35
16
55
-30
-32
22
11
-1
-1
-7
-9
8
6
-12
-11
24
29
-10
-9
-2
-11
13
5
-5
4
13
0
-18
-15
-5
11
21
-2
-24
-3
10
-17
-23
19
8
-7
21
-7
-16
1
-22
-10
25
27
-1
3
4
-36
1
15
-5
32
23
-22
-24
5
5
-23
9
9
-7
15
-4
7
2
-17
5
5
7
11
14
-6
-27
18
-18
-42
22
25
-9
1
10
-31
-18
28
-14
-36
17
18
14
17
-3
-13
-19
10
3
-20
13
-8
-16
8
0
13
13
-6
-6
9
13
20
33
-15
-28
3
-23
-30
-11
37
46
-4
5
0
-53
-7
41
-7
0
28
-16
-41
2
-9
-42
24
27
-34
11
45
0
-11
10
-19
-15
32
0
-30
8
42
-5
-51
-4
2
7
52
16
-38
-31
20
16
-20
1
28
12
-26
-5
-6
-30
35
50
-19
-27
10
-34
-45
35
29
-1
-1
-13
-2
25
31
-8
-21
-24
-18
2
18
40
-2
-28
-26
-31
46
60
-6
-17
-22
-9
23
4
-26
-27
-30
-15
13
37
46
20
11
1
-30
16
26
-32
5
27
-37
-30
-31
-56
-20
31
60
27
32
51
-69
-98
13
35
29
56
15
-19
6
-22
-57
-16
19
19
-22
-36
-27
-18
70
77
-26
-25
6
-3
16
42
8
-39
-43
-32
1
26
11
-35
-44
59
84
7
6
-14
-36
23
6
-30
29
21
-31
-38
-41
-63
-48
51
48
2
121
131
-44
-127
-65
-9
51
80
18
-48
-110
-35
46
3
-18
-1
37
3
-2
60
-23
-23
101
8
-109
-40
62
-20
-58
74
18
-40
66
18
-111
-36
39
19
41
102
0
-110
-45
-71
14
82
-3
14
31
-27
-34
15
-52
-1
178
82
-17
-34
-185
-163
-57
5
89
96
119
65
2
12
-5
8
-41
-30
-13
-116
-72
-52
-45
95
66
83
63
43
109
-55
48
-136
-255
81
-206
75
305
-126
122
127
-218
73
101
-104
-96
-56
-171
-131
201
225
198
91
-99
-134
-106
4
51
-102
-104
-27
-41
99
167
2
143
31
-101
137
-146
-137
87
-163
-40
4
-94
75
24
-6
0
125
122
198
213
-164
-57
-121
-257
96
-34
-160
-1
-9
64
-117
182
34
-121
272
-51
48
179
-264
112
-16
-63
152
-191
81
-190
-117
258
-247
0
89
-38
67
67
82
-10
0
78
88
-84
-89
155
-167
-234
160
-71
-73
159
19
-92
49
142
-94
102
-31
-56
4
-80
39
-43
110
100
-192
78
25
-168
136
-81
-325
139
108
-138
244
45
-106
358
13
-128
-74
-87
48
-9
-97
7
-146
-147
430
-184
8
215
-242
95
158
-6
89
141
-112
-116
-4
-165
-172
51
-239
-67
245
49
274
231
-57
146
-433
-116
88
-132
148
-88
186
57
35
52
-199
-66
46
18
-57
-253
50
9
-44
208
137
8
-133
244
-44
-182
153
-54
-108
8
170
-50
-95
202
-42
-193
-25
-137
-94
5
201
154
-70
207
43
128
-133
-354
58
-197
41
215
127
-92
-67
185
-380
-27
236
-22
213
256
48
-374
-141
-41
-80
158
-108
52
27
-45
73
-79
-176
-63
191
-154
61
217
20
13
176
16
-267
44
-50
109
-72
-57
11
-113
154
-28
139
-107
-80
160
22
79
234
-7
-222
59
-132
-34
-128
-134
-24
-172
224
135
-122
97
232
-109
-168
-79
-8
135
17
156
50
-280
53
-65
-311
329
14
-155
216
0
10
138
132
76
5
-150
-80
-60
73
24
-101
-105
-209
85
-83
-81
-5
100
77
90
196
-159
130
-154
177
5
-245
253
-221
-88
212
-223
-46
171
7
226
-41
-31
107
-170
29
0
-28
-160
54
187
-112
114
-220
-171
-39
55
375
-59
22
-140
15
-170
224
232
-184
153
-20
8
-34
-83
-3
-237
-55
19
155
-230
-48
-23
-227
169
-45
104
151
5
255
101
91
-87
147
75
-137
-5
54
-163
-45
272
-144
-71
-269
-247
52
284
72
19
-29
36
-169
-127
434
-356
-118
379
-155
-9
194
-180
-216
27
-103
-30
228
67
22
20
-159
-16
41
299
112
-83
47
-115
24
48
106
-122
-14
133
-351
-38
39
-95
81
141
-67
-92
31
-98
35
-117
74
-36
76
191
-21
83
-126
-83
105
-22
-97
233
-34
-3
-10
179
124
-140
3
-168
-220
-29
-76
21
-34
25
-18
-145
35
-50
121
206
26
-21
67
239
72
124
183
-73
-164
-38
-166
-153
67
-55
-256
-164
-48
60
4
-15
232
-89
67
213
-1
-22
95
8
40
144
8
-112
-83
-84
-158
-43
8
-41
237
61
-108
35
-78
-81
-97
232
85
-167
160
186
52
-166
-153
26
16
-52
32
-78
-226
-36
109
-49
13
168
-44
46
209
103
38
-145
-20
-20
-343
65
202
2
156
-34
-59
-40
12
163
-79
-77
-39
-88
6
169
46
-145
-11
-43
-96
51
113
40
-105
34
65
-66
-53
1
15
0
213
89
-165
15
-70
-66
-80
17
127
-123
80
68
-32
82
-30
82
-104
-209
-56
-48
195
69
-43
37
-54
-12
79
128
-1
-26
39
-52
-72
-75
-13
-40
61
92
-68
173
45
-70
2
-225
-78
-41
51
262
67
39
-209
10
-26
22
112
42
111
-200
-68
-113
-9
9
-85
-41
56
58
102
68
227
-123
-136
60
-80
201
79
20
1
-132
-61
-181
-86
-23
-32
-68
85
39
145
107
-19
7
-107
-57
19
233
-4
-43
-14
-302
31
223
163
111
-102
-171
19
90
-28
-55
-60
22
39
32
-162
-191
-65
-36
136
162
152
-105
66
-99
-91
140
43
119
-109
-2
1
-96
-10
98
-52
23
54
-45
-199
-159
189
-127
-41
343
9
133
215
-20
50
-41
-169
-216
-1
-63
-66
94
-204
-79
83
-73
158
76
185
33
-87
0
-168
91
96
101
-115
45
-66
-106
143
-189
122
95
-143
211
-116
-188
149
-164
91
-55
-84
69
-97
247
17
113
112
-260
-118
62
-2
80
126
-19
-191
-66
140
-30
248
-150
-64
-48
-178
377
-321
32
144
-285
131
36
96
43
138
133
-102
40
-225
-140
13
-114
58
-32
74
159
164
9
-161
28
-26
-146
103
-59
-61
187
-142
-55
197
-72
81
-137
-80
0
-87
196
-124
39
82
163
97
-24
37
-298
177
-138
-227
24
-58
-22
56
143
272
-4
-6
188
-115
-64
-342
-119
12
-5
277
25
-9
31
42
-25
-14
-16
-30
147
37
-283
-145
118
129
131
-76
-154
-91
119
92
112
-215
-114
-93
184
145
-30
229
-265
27
42
-91
194
-49
18
-87
1
-60
-92
49
-52
-113
121
-146
19
173
-3
116
117
-28
36
14
-20
-129
-187
232
-166
114
85
-400
270
0
59
-43
59
-108
-142
-4
102
192
-54
119
-126
115
-148
-246
310
-89
-114
284
-315
-42
196
-1
76
-26
233
-64
74
-232
-152
-109
-255
322
59
38
41
-75
-11
65
-11
189
-135
29
115
-52
-173
-55
242
20
50
114
-189
-270
29
-48
60
43
-150
196
-75
48
232
-169
7
73
-63
-57
-59
-56
-149
195
-8
80
114
-4
83
-102
131
-183
-179
113
-24
121
168
-171
-68
6
-114
155
43
7
-218
-27
-5
-64
245
-35
76
22
3
65
-138
-8
-49
-82
43
67
-56
-13
77
-49
-17
144
-92
65
14
35
119
-99
-32
-20
143
-19
-44
-13
-157
-119
-56
111
-95
126
-68
71
-60
11
53
-151
120
11
-27
108
174
-79
-44
-24
-75
39
-27
54
232
-42
-329
231
-68
-89
88
-101
119
-34
-118
-26
7
69
171
-194
54
99
-107
92
50
-88
-14
-7
-2
-55
-15
29
16
88
-293
184
-6
-181
323
-161
-4
116
-36
35
67
36
-80
58
-70
-7
-57
17
14
-204
144
65
-44
15
-46
-128
150
68
-59
78
-12
-7
-42
114
-187
49
123
-158
12
-34
55
59
-65
-5
-32
-88
81
171
-13
78
-180
-47
-93
147
102
70
-88
-145
-144
62
150
83
-13
29
-24
-158
144
-231
12
72
132
93
33
51
-533
152
94
-30
233
-89
21
-28
-110
201
-135
57
80
-130
65
-240
49
93
32
122
-81
-133
-12
-153
217
22
-101
-51
141
251
-225
171
32
-106
54
-151
82
-190
243
-17
-228
-10
-497
371
244
-419
176
23
-43
629
84
-282
93
-31
39
-190
151
-273
-342
113
194
93
-156
240
-182
-16
201
-54
45
-22
-195
-363
330
65
110
267
-225
27
4
-157
100
12
-69
-220
-37
103
-59
204
245
24
-29
11
116
-399
-30
329
-733
384
373
-387
370
-511
-114
491
111
-256
-170
-12
211
109
-215
145
105
-94
81
222
-405
-154
148
-237
97
-163
230
358
-90
64
-278
-154
103
147
269
-120
39
61
-145
-27
-338
27
-39
440
-143
121
-79
-369
317
-233
102
160
36
-85
-7
-142
-297
473
56
-155
334
79
-133
233
-236
-302
-37
-269
17
140
89
42
136
7
21
126
-134
171
146
29
-84
-90
109
-55
-122
-105
-91
-93
30
229
52
-155
-165
94
-14
-158
187
-156
-59
422
28
-183
185
-136
81
58
74
70
46
330
-113
-116
0
-138
-168
-44
-262
-197
34
4
-89
-4
-112
-146
330
-46
-212
146
69
159
544
773
415
794
800
414
792
728
558
189
6
-44
-498
-516
-829
-1479
-1279
-1386
-1506
-1344
-1307
-913
-750
-195
250
750
1288
1491
2219
2017
1920
2524
3035
2223
988
897
-300
-1155
-1456
-2384
-3232
-3578
-3085
-2901
-2744
-1750
-813
264
1166
1601
2686
2767
2591
2491
1974
1393
10
-355
-1029
-2072
-1818
-1386
-1243
-503
491
1364
3333
3510
2876
3445
2273
1122
692
-1568
-3235
-3582
-4617
-5048
-4416
-3743
-2578
-1187
-273
926
2342
2638
3024
3473
3073
2457
1927
766
-539
-1381
-2264
-3140
-3539
-3334
-2653
-1932
-28
2044
2453
4181
6999
6431
5367
5714
3409
555
-24
-2761
-6235
-6881
-7413
-7851
-6993
-5834
-3875
-1824
135
2729
4753
5486
6557
6932
5814
5345
3441
899
-143
-2996
-4830
-4171
-6073
-6697
-3731
-2940
-2127
1415
4847
5398
6240
7995
6346
4275
3941
1293
-2665
-4393
-5656
-7998
-8326
-7382
-7100
-5213
-2868
-907
1819
3752
4970
6894
7808
6843
5472
5857
3313
-1363
-1355
-3761
-7814
-5949
-5136
-6989
-3889
169
939
3226
7370
9087
8438
8708
7823
4506
1314
-528
-4011
-8009
-9284
-10098
-11208
-9994
-8064
-5415
-2421
146
4089
7324
7453
9151
10562
8254
6210
5538
2518
-1801
-3543
-5114
-8128
-8231
-6320
-6584
-4701
-874
1209
3021
5873
9174
8979
7565
8446
5478
1325
974
-2698
-7480
-7987
-9667
-10829
-9529
-8485
-6253
-2859
-437
2874
6778
7820
9352
11157
9542
7554
6276
3500
-326
-3483
-5362
-8257
-10830
-8835
-7786
-7906
-3268
236
1644
5670
8228
10121
11224
9663
8492
6064
1124
-974
-3636
-8557
-9634
-10143
-11428
-9953
-7655
-5298
-2394
439
4146
6345
7253
9676
9556
7923
7438
4655
2424
117
-4116
-5484
-7393
-10181
-7671
-6629
-7765
-2581
1411
1502
5943
9720
10272
10975
10870
8914
5742
1677
-904
-4387
-9251
-10772
-11284
-12925
-12045
-9098
-6419
-3821
-294
4705
7102
7770
11538
11945
9025
9288
7154
2948
53
-3373
-5839
-8788
-10908
-8372
-8456
-8262
-2616
317
1630
6296
8959
9847
10612
10105
8314
4954
1478
-709
-4425
-8519
-9359
-9908
-11381
-9884
-7197
-5425
-2625
551
3665
5795
7088
8932
8984
7615
7281
5037
2419
696
-2368
-4303
-5819
-8156
-7105
-5844
-6103
-3181
420
1379
3893
6959
7562
7877
8302
6843
4248
1802
-425
-2752
-6002
-7435
-7510
-8921
-8552
-6050
-5321
-3844
-693
1106
2513
4465
5768
6275
6186
6405
5489
3944
2872
1147
-807
-2144
-3991
-4965
-4846
-5451
-4909
-3148
-2031
-621
1852
3274
4373
6244
6543
5882
5401
3619
1906
608
-2325
-3998
-4750
-6765
-6980
-6259
-6526
-5009
-3121
-2068
174
1973
3020
4766
5582
5783
6055
5477
4328
3211
1981
254
-1799
-2925
-4082
-5233
-4944
-4519
-4203
-2805
-996
559
1904
3310
4772
4842
4602
4683
3130
1340
817
-700
-2854
-3265
-3867
-4820
-4410
-3752
-3289
-2324
-1428
-241
796
1234
2317
2750
2500
2995
2761
1992
1957
1357
743
544
-218
-278
-491
-1074
-907
-981
-1483
-1168
-948
-1241
-961
-422
-245
-19
609
881
883
1385
1391
1224
1090
632
354
0
-575
-871
-1063
-1462
-1537
-1302
-1344
-1273
-771
-492
-480
53
273
164
572
667
633
824
867
854
937
899
734
688
681
498
408
466
236
115
206
-6
-135
-95
-269
-382
-380
-480
-445
-452
-512
-396
-402
-460
-328
-346
-425
-288
-336
-350
-244
-326
-321
-318
-348
-300
-296
-312
-114
-17
91
390
526
701
989
1019
1091
1203
1040
959
879
556
407
204
-85
-213
-386
-597
-682
-811
-889
-932
-962
-931
-885
-760
-623
-524
-364
-214
-120
-18
54
105
180
238
327
421
516
615
727
786
806
862
824
716
637
526
349
205
43
-140
-323
-482
-633
-772
-869
-942
-963
-917
-843
-712
-526
-368
-204
3
138
230
345
418
412
421
419
376
327
299
250
171
111
92
39
8
49
44
36
114
161
148
164
144
68
4
-64
-153
-260
-336
-369
-410
-412
-369
-351
-291
-201
-130
-57
23
95
142
196
245
277
291
278
275
245
180
156
106
46
31
15
20
25
37
70
48
33
58
10
-48
-60
-116
-176
-175
-183
-213
-207
-184
-168
-136
-96
-70
-44
7
58
97
137
159
174
184
172
164
141
87
57
35
-5
-34
-41
-57
-72
-52
-47
-49
-23
-17
-22
-13
-5
0
3
18
27
28
27
13
-2
-28
-40
-45
-60
-61
-66
-64
-52
-38
-17
-3
4
23
32
41
57
57
64
77
67
61
66
43
20
19
-1
-35
-33
-30
-51
-46
-39
-48
-44
-29
-29
-19
1
-7
-1
10
-7
2
28
18
13
26
18
15
23
19
9
9
3
-8
-6
-6
-13
-4
3
-8
-11
5
0
-12
0
-3
-18
-7
5
0
3
22
16
10
22
17
8
11
5
-6
-8
-8
-18
-23
-23
-25
-20
-15
-16
-6
0
0
6
14
8
13
23
10
1
0
-3
-8
-13
-7
-6
-4
2
5
9
11
9
9
12
1
-7
-3
-7
-10
-1
0
-3
6
8
6
7
8
4
0
4
0
-8
-10
-9
-11
-12
-8
-7
-7
-4
0
2
-1
2
4
0
0
4
1
0
7
6
5
11
14
11
10
11
4
3
1
-6
-3
-9
-13
-8
-12
-13
-8
-8
-6
1
1
6
13
9
10
13
10
11
5
-1
0
-6
-14
-12
-19
-26
-16
-16
-15
-5
-2
0
11
18
19
20
20
22
20
15
8
7
0
-6
-5
-10
-10
-7
-7
-5
-6
-5
-2
-3
-3
-2
-3
-4
0
-3
-5
-5
-8
-7
-5
-5
-5
-3
-4
1
7
7
11
12
13
18
18
17
11
7
3
1
0
-10
-16
-14
-14
-13
-12
-14
-13
-9
-4
0
-1
1
0
0
4
0
2
2
1
5
6
8
9
8
6
7
7
5
5
3
-1
1
0
-3
1
-4
-7
-4
-4
-4
-4
-5
-5
-4
-5
-3
0
-2
-2
0
1
0
0
3
2
7
5
0
0
2
0
-2
-1
-4
-6
-5
0
-1
-3
2
2
2
4
4
7
5
0
5
4
0
2
0
-1
0
0
-3
-5
-3
0
-7
-2
4
-4
-4
5
-1
-1
9
-4
-3
4
-3
-8
2
8
-9
-4
13
-3
-11
18
3
-15
12
15
-11
-2
13
-5
-6
3
0
-5
3
3
-5
4
1
-5
8
4
-3
6
0
-8
4
1
-14
-3
10
-10
-11
3
-7
-11
5
5
-7
2
3
-9
0
17
8
-3
0
-4
-10
8
13
-4
-8
7
25
4
-3
11
20
21
10
4
-12
-35
-28
-8
-39
-48
-9
-6
-28
8
40
19
38
57
-11
18
115
-6
-100
-27
-61
-66
36
26
-74
-47
70
33
-19
78
80
-35
-65
15
17
-105
-9
86
-122
-69
83
-71
-189
-60
73
322
597
-385
-992
-309
-378
-91
726
382
-142
632
1267
179
-117
746
482
-153
-225
-184
-794
-941
-125
-369
-910
-491
-70
-30
-353
-121
503
-55
-425
585
631
-346
182
1094
261
-213
729
622
-329
35
580
-247
-719
147
163
-780
-417
313
-215
-497
110
203
-343
-142
548
116
-369
230
356
-119
14
400
124
-346
78
308
-407
-390
131
-134
-313
69
75
-319
-103
283
-64
-212
146
181
97
154
255
231
102
200
116
-102
-27
-85
-157
-202
-292
-150
-133
-132
-71
-109
61
86
70
225
124
171
243
111
139
56
-64
-83
-179
-235
-210
-163
-181
-164
-1
59
-14
76
147
138
231
255
260
139
61
242
79
-155
-68
-95
-273
-327
-244
-281
-302
-156
-117
-143
-17
203
310
335
356
344
312
178
130
148
13
-154
-249
-293
-402
-469
-397
-349
-283
-195
-38
146
228
337
464
519
480
513
573
388
263
169
-73
-270
-474
-589
-636
-753
-695
-555
-433
-250
-18
179
384
697
881
889
920
890
683
371
125
-133
-489
-756
-932
-1091
-1161
-1058
-876
-622
-331
-19
395
656
839
1106
1209
1241
1151
889
557
102
-197
-474
-849
-1036
-1222
-1366
-1241
-1049
-817
-456
6
449
772
1102
1366
1382
1339
1225
847
417
25
-406
-768
-1056
-1295
-1407
-1313
-1151
-929
-522
-179
174
632
920
1106
1277
1303
1226
1016
685
306
-80
-441
-824
-1102
-1283
-1340
-1220
-1074
-788
-386
-12
430
800
1068
1263
1364
1347
1186
866
491
58
-400
-690
-949
-1285
-1389
-1273
-1125
-851
-526
-120
340
648
936
1163
1245
1255
1081
808
544
136
-314
-611
-893
-1117
-1183
-1150
-1027
-823
-551
-156
201
498
753
914
1042
1057
932
763
555
308
-11
-328
-559
-742
-844
-883
-845
-696
-582
-352
-30
178
376
580
677
720
711
577
443
298
132
-88
-324
-413
-491
-602
-529
-454
-412
-244
-91
47
190
345
429
419
454
452
375
302
158
-15
-145
-255
-355
-415
-414
-469
-446
-253
-180
-148
60
199
246
382
463
444
383
325
257
126
10
-80
-250
-327
-369
-432
-364
-312
-269
-121
-36
57
249
308
315
330
292
265
226
134
19
-72
-86
-142
-272
-265
-228
-210
-193
-169
-71
-15
19
124
179
175
220
253
223
159
128
53
-26
-20
-111
-216
-194
-197
-212
-155
-91
-84
-75
15
104
117
151
147
98
112
116
71
29
5
-11
-31
-58
-68
-79
-101
-81
-56
-73
-66
-9
22
9
1
51
90
62
61
71
57
50
26
7
0
-20
-26
-26
-29
-40
-50
-27
-34
-66
-37
-12
5
15
-5
9
32
31
57
57
26
11
3
12
6
12
1
-60
-40
-21
-56
-22
-3
-30
-6
-23
-26
6
17
51
47
29
30
9
20
42
27
46
14
-23
8
-17
-41
-17
-16
-10
-20
-46
-33
-44
-29
21
2
-2
31
0
-39
0
33
25
25
16
0
1
-16
-4
15
13
16
-6
-32
-14
-12
-14
18
7
-2
10
-1
-2
8
7
21
4
-4
19
-7
1
8
-8
9
-9
-15
14
1
-9
-11
-5
14
-11
-5
14
13
16
-10
-17
11
4
-20
7
2
-23
-8
-2
-7
-7
-8
-5
12
1
-2
12
8
0
-4
10
13
3
3
5
-4
-3
3
0
1
4
5
0
-1
-5
1
0
-6
-3
0
-5
0
1
-11
-3
1
-12
-3
13
-3
-12
3
-1
4
2
-2
16
5
-6
6
3
-11
-5
3
-11
2
6
-9
5
6
-6
9
9
-1
15
9
0
8
0
-4
5
-1
-9
4
-5
-12
-1
-6
-10
0
-2
-4
1
-2
-7
-1
-2
2
3
-5
-1
-1
-3
1
0
3
5
3
4
8
3
1
5
7
5
4
0
6
4
-1
10
4
-3
2
1
-5
-4
-1
-7
-8
-6
-4
-6
-9
-5
-4
-7
-6
2
-4
-2
2
-3
1
0
-5
0
1
0
1
0
0
6
4
1
3
5
3
4
1
0
5
2
1
3
4
7
0
2
0
-3
2
-2
-2
1
0
-2
0
-2
0
2
0
-1
-2
-4
-4
-5
0
2
-4
0
-4
-2
7
3
-4
-3
-1
0
4
2
0
5
5
-2
-1
0
3
1
-1
0
-1
4
0
-3
3
-6
-4
6
-2
-3
4
2
0
0
-2
-2
0
0
-3
-1
0
1
1
-1
-3
2
2
0
4
4
1
-1
0
-1
-1
0
-1
-1
0
-2
-1
0
0
5
8
5
4
11
9
6
12
6
7
4
-3
1
-3
-7
-9
-8
-5
-5
-2
1
-1
0
2
-2
-2
-7
-11
-10
-25
-42
-43
-38
-43
-44
-25
-23
-12
28
46
67
96
99
113
131
126
121
117
91
58
32
0
-27
-50
-78
-102
-106
-121
-140
-116
-116
-140
-117
-102
-120
-94
-67
-78
-54
-11
2
43
106
131
167
236
265
273
309
316
298
291
256
211
169
106
52
-3
-84
-152
-213
-281
-337
-394
-446
-475
-500
-521
-506
-442
-346
-239
-115
24
189
375
545
688
799
871
932
969
959
912
807
693
595
479
341
190
22
-116
-252
-420
-583
-736
-870
-956
-1025
-1079
-1041
-930
-795
-599
-357
-151
63
317
533
709
871
975
1028
1068
1049
981
890
764
626
527
430
286
103
-103
-328
-576
-856
-1140
-1381
-1542
-1567
-1502
-1399
-1228
-997
-739
-453
-241
-141
-14
191
369
523
722
929
1172
1445
1627
1721
1816
1817
1684
1510
1237
936
710
432
-22
-522
-944
-1407
-1890
-2289
-2655
-2904
-2869
-2655
-2349
-1960
-1538
-1041
-464
14
300
502
697
781
797
825
828
855
1024
1230
1348
1573
1799
1867
1972
2004
1836
1740
1583
1138
815
636
126
-531
-1001
-1631
-2448
-2977
-3406
-3997
-4169
-3870
-3655
-3196
-2403
-1734
-904
145
872
1479
2094
2392
2648
2970
2908
2518
2178
1757
1133
648
424
277
379
640
626
708
1058
1214
1432
1700
1360
968
1089
836
-125
-1138
-1914
-2562
-3043
-3483
-3992
-4244
-3821
-3065
-2459
-1825
-893
275
1417
2206
2666
3031
3252
3118
2609
1989
1493
797
-207
-980
-1133
-1052
-1002
-908
-645
-285
251
878
1385
1742
2204
2570
2369
1630
1224
1044
63
-1560
-3007
-3939
-4400
-4276
-4343
-4539
-3725
-1942
-617
68
1043
2290
3220
3617
3244
2707
2509
1947
677
-404
-814
-1382
-2045
-2404
-2162
-1086
129
786
1103
1971
2727
2906
2656
2083
1727
1719
1056
-504
-1216
-871
-1307
-2659
-3636
-3832
-3808
-3186
-2449
-2095
-1051
475
1326
1564
2043
2632
2801
2582
1831
1081
932
593
-326
-760
-516
-798
-1305
-1790
-1716
-584
427
568
478
1122
1600
1685
2003
1984
1627
1691
1171
37
-83
632
-129
-2130
-3730
-4024
-3611
-3174
-2914
-2653
-1454
22
976
1454
1743
2308
2845
2448
1632
1045
794
580
163
-546
-698
-462
-700
-1260
-1402
-407
678
1268
1475
1669
1986
2231
2103
1464
944
983
683
-138
-545
-573
-1222
-2661
-3951
-4194
-3933
-3066
-2210
-1957
-744
777
1221
1398
1515
1583
1927
1877
1272
703
605
941
657
155
150
28
-99
-262
-347
220
750
1019
1048
992
1183
1538
1500
993
657
698
612
309
382
-150
-1658
-2911
-3742
-3985
-3377
-2560
-2228
-1668
-288
860
1301
1563
1508
1521
1749
1448
668
355
516
602
341
-11
-295
-398
-433
-573
-393
274
798
1292
1459
1413
1574
1751
1485
1067
834
714
280
-80
-269
-1250
-2703
-3731
-4181
-4032
-3028
-2035
-1588
-771
625
1391
1410
1438
1167
1037
1317
1093
666
503
577
575
485
119
-358
-342
-284
-430
-360
-174
208
1255
1911
1814
1943
1998
1675
1284
764
134
-180
-67
-14
-1255
-3179
-4236
-4336
-3649
-2626
-1975
-1822
-627
872
1673
1750
1400
1148
1220
1357
1133
447
209
506
697
781
539
-29
-103
-177
-498
-388
-337
133
1218
1681
1503
1308
1141
1054
922
801
402
-24
-10
202
-458
-1886
-3119
-3653
-3254
-2431
-1765
-1680
-994
60
1106
1388
947
777
1139
1148
596
-1
-189
426
1258
1014
219
-44
183
436
-250
-793
-869
-157
1032
1420
1564
1376
1300
1315
787
60
-42
149
-18
309
-188
-1703
-2688
-3362
-3442
-2907
-1901
-1719
-1256
-44
822
1491
1426
859
607
888
1125
1187
663
453
687
888
869
362
-287
-604
-733
-531
-330
-350
433
1271
1810
1833
1530
1071
861
942
835
463
263
438
-228
-1710
-3339
-4474
-4195
-2845
-1483
-1000
-611
229
1354
1911
1807
1207
642
701
1062
1052
593
430
332
340
512
275
-53
-494
-638
-596
-497
-47
650
1258
1584
1800
1612
1256
1051
819
534
182
-46
175
-202
-1567
-3093
-4303
-4079
-2870
-1309
-889
-658
-135
672
1481
1824
1343
597
644
780
1053
826
485
24
38
403
629
491
-5
-442
-301
-220
-74
414
768
1153
1494
1746
1480
1186
921
439
12
-121
-71
-476
-1670
-2923
-3746
-3516
-2509
-1346
-941
-664
49
645
1278
1600
1319
886
918
1141
1172
725
122
-318
-68
245
164
377
135
-248
-177
-164
-293
117
376
526
1311
1698
1666
1371
766
254
-180
-208
-81
7
-773
-2074
-3162
-3592
-2968
-1722
-732
-354
-356
20
1034
1640
1844
1112
68
-8
222
756
757
642
542
304
608
669
367
-456
-1111
-944
-495
465
1105
1159
1322
1617
2068
1655
928
-37
-460
-446
-296
241
-561
-2024
-3573
-4238
-3741
-2389
-1025
-916
-949
-336
903
1876
2146
1237
24
-541
-186
739
1253
1050
550
263
305
632
877
215
-859
-1138
-918
-266
774
1360
1486
1592
1595
1575
1377
834
163
-108
-111
255
585
-635
-2379
-4004
-4518
-3614
-1708
-535
-428
-311
-40
980
2202
2183
1141
249
-300
99
826
1174
848
148
-76
64
827
819
-176
-1003
-1460
-1017
322
1367
1614
1495
1369
1230
1250
990
542
-56
-433
-224
408
29
-1485
-3153
-4484
-4365
-2777
-996
-292
-31
-54
343
1505
2206
2050
1274
231
-165
185
460
592
244
-27
179
683
1119
744
-266
-1012
-1132
-491
715
1503
1640
1424
1259
959
1027
1031
518
46
-411
-141
337
-173
-1637
-3830
-5105
-4748
-2745
-979
-104
128
0
907
2092
2642
2082
995
134
43
645
1284
1235
408
-336
-653
-278
176
-88
-596
-1078
-903
234
1491
1958
1605
1089
668
660
1010
1217
854
315
16
57
-273
-1529
-3053
-4366
-4393
-3110
-1430
-274
255
249
343
1099
1702
1759
1168
145
-427
-292
384
1178
1104
402
-3
-96
111
204
-230
-524
-611
-193
692
1329
1385
1175
728
436
703
934
698
223
-165
-257
142
-372
-1563
-3232
-4793
-4821
-3429
-1766
-264
389
352
917
1559
2270
2413
1722
669
-57
-13
660
1269
1272
911
299
-23
-166
-225
-500
-707
-699
-145
977
1848
2113
1744
944
317
373
575
651
467
96
34
98
-681
-1712
-3305
-4478
-4202
-3083
-1628
-498
198
493
1070
1526
1761
1672
1083
416
111
74
531
913
696
406
34
-213
-36
-124
-406
-350
-400
181
1091
1708
1919
1634
988
393
313
327
475
461
-10
-258
-268
-795
-1441
-2499
-3540
-3714
-3052
-1943
-555
335
720
1217
1343
1663
1827
1601
932
347
70
213
593
594
438
79
-249
-408
-455
-556
-387
-92
370
1226
1760
2049
1963
1378
739
271
170
230
263
25
-73
-109
-663
-1421
-2747
-3765
-4014
-3340
-2061
-758
157
616
1128
1472
1797
1885
1560
1016
481
128
252
491
556
624
462
339
105
-255
-542
-597
-634
-262
342
891
1447
1540
1203
543
223
123
262
428
203
-83
-159
-718
-1498
-2362
-3413
-3474
-2812
-1741
-576
189
383
696
910
1231
1791
1770
1575
939
300
70
197
269
405
332
182
207
-66
-251
-353
-248
-11
571
947
1068
987
538
297
318
708
934
868
413
-124
-336
-865
-1443
-2481
-3385
-3625
-3066
-1863
-648
207
514
754
787
1114
1507
1673
1502
1033
442
140
182
223
393
500
516
162
-196
-602
-595
-288
60
468
668
767
996
1075
834
742
535
256
133
6
-2
133
-447
-1487
-2859
-4080
-4200
-3276
-1965
-636
306
574
929
1183
1665
2204
2231
1823
1085
385
-26
41
189
447
397
128
-307
-829
-1016
-760
-223
328
904
1164
1299
1188
787
444
291
346
432
592
562
604
286
-718
-2060
-3589
-4431
-4185
-3118
-1853
-571
238
562
957
1218
1777
2195
2181
1621
761
-46
-372
-222
44
389
510
584
292
-34
-165
-4
229
634
877
918
998
979
914
761
804
681
671
677
615
581
-154
-1326
-2769
-4011
-4589
-4027
-2965
-1598
-248
428
1016
1411
1898
2348
2470
2188
1352
292
-391
-556
-253
395
652
741
584
29
-336
-508
-539
-177
193
356
700
914
1196
1297
1191
1023
658
456
357
524
381
-429
-1771
-3498
-4438
-4510
-3546
-2054
-453
547
1081
1292
1358
1726
1983
1931
1448
656
-160
-572
-485
-39
370
451
462
336
182
212
184
196
233
158
334
651
1057
1422
1310
1160
809
371
106
308
682
262
-635
-2377
-4035
-4764
-4397
-3079
-1392
13
649
1098
1271
1669
2098
2343
2212
1431
346
-623
-695
-551
-65
289
384
569
288
-16
-178
-274
-218
-37
80
327
603
914
1181
1298
1374
1056
829
710
881
542
-311
-1705
-3579
-4462
-4614
-3590
-2303
-958
-101
372
864
1331
2088
2395
2498
2021
1130
315
-410
-612
-473
-205
86
178
25
-64
-62
-106
84
337
470
699
867
928
1137
1174
1219
1047
769
783
1049
799
-50
-1558
-3402
-4643
-5061
-4109
-2773
-1196
-159
431
929
1424
2150
2868
3175
2705
1613
139
-831
-1562
-1397
-913
-592
-103
-145
-77
-51
177
532
837
1008
1112
1103
990
1000
740
582
466
276
202
577
802
345
-729
-2540
-3965
-4670
-4063
-2895
-1220
156
754
1223
1257
1876
2292
2652
2635
1790
689
-576
-1293
-1659
-1349
-945
-453
33
181
442
396
463
561
658
787
944
1070
1097
1146
995
871
540
341
603
668
-27
-999
-2591
-4080
-4709
-4372
-3291
-1777
-417
341
899
1196
1740
2301
2912
3240
2714
1718
402
-811
-1626
-1643
-1414
-1012
-423
-319
40
178
399
881
1169
1690
1770
1578
1329
839
506
265
187
537
806
784
117
-1398
-3081
-4366
-4674
-4062
-2767
-1258
-194
486
812
1183
1794
2536
3031
3067
2397
1261
198
-743
-1015
-1023
-832
-535
-563
-544
-413
-504
20
634
1022
1655
1664
1610
1397
1054
939
740
620
807
592
-105
-1253
-3072
-4536
-5243
-4834
-3637
-1948
-426
380
756
850
1340
2082
2856
3336
3071
2045
661
-678
-1498
-1466
-1238
-758
-480
-634
-619
-583
-152
707
1417
2104
2385
2166
1911
1391
810
372
72
375
343
21
-929
-2588
-3999
-4858
-4593
-3524
-1917
-464
525
977
1151
1491
1980
2684
3083
2933
1971
682
-637
-1483
-1497
-1499
-958
-689
-579
-265
-120
306
939
1467
1825
2129
1917
1680
1233
786
586
553
718
348
-325
-1808
-3327
-4457
-4885
-4317
-3194
-1680
-302
720
1108
1496
1890
2520
3272
3632
3414
2329
845
-859
-1811
-2159
-2109
-1402
-1018
-644
-414
-336
95
720
1386
2175
2520
2452
2370
1705
1314
923
816
594
-82
-1189
-3084
-4490
-5592
-5536
-4559
-2829
-902
580
1460
1653
1747
1839
2428
2966
3319
2967
1871
332
-1223
-2070
-2565
-2144
-1473
-823
-110
-5
149
566
1175
1983
2776
2953
2939
2486
1596
890
398
283
-142
-720
-2151
-3521
-4648
-5286
-4731
-3552
-1748
-74
1188
1578
1787
1834
2141
2775
2967
2875
1872
516
-945
-2012
-2603
-2480
-1892
-1420
-514
-94
304
932
1457
2114
2855
3215
3320
3162
2402
1741
1311
480
-434
-1563
-3354
-4611
-5616
-5908
-5071
-3690
-1883
-30
1187
1748
2278
2366
2771
3264
3291
3073
2182
721
-592
-1843
-2889
-2851
-2664
-1914
-650
-186
544
1196
1485
2257
2824
3240
3511
3041
2283
1889
1097
91
-785
-2465
-3898
-5010
-5778
-5451
-4227
-2553
-614
953
1657
2343
2459
2641
3034
3034
2915
2205
831
-499
-1886
-3139
-3302
-3150
-2231
-822
55
891
1505
1839
2405
2990
3428
3669
3218
2529
2066
1070
-1
-1101
-2879
-4284
-5475
-6074
-5675
-4496
-2684
-691
1012
1985
2651
2931
3233
3615
3699
3535
2767
1345
-99
-1586
-3040
-3484
-3609
-3159
-1936
-1073
5
1035
1691
2509
3121
3537
3790
3449
3021
2629
1499
337
-1294
-3413
-4984
-6355
-6862
-6121
-4535
-2445
-219
1487
2545
3136
3473
3756
3984
3885
3464
2516
900
-653
-2483
-3907
-4477
-4594
-3705
-2381
-1127
393
1751
2620
3523
3943
4266
4270
3778
3522
2825
1605
187
-1974
-4268
-5952
-7245
-7381
-6318
-4595
-2281
-104
1637
2958
3739
4121
4364
4248
3640
3023
1761
36
-1657
-3590
-4659
-4803
-4236
-2824
-1151
380
1869
2851
3553
4307
4572
4687
4643
4266
3109
1618
-633
-3144
-5223
-6942
-7367
-7008
-5630
-3687
-1761
-86
1391
2451
3389
4294
4691
4903
4459
3408
1661
-281
-2356
-3875
-4560
-4703
-4035
-2895
-1576
-51
1364
2520
3716
4332
4651
4851
4681
3820
2555
530
-1872
-4143
-6067
-7051
-7026
-6017
-4421
-2391
-657
889
2140
3090
3899
4370
4593
4238
3197
1722
51
-1613
-2825
-3526
-3565
-2914
-1880
-652
429
1442
2256
2810
3151
3315
3502
3163
2517
1258
-623
-2528
-4313
-5429
-5624
-4996
-3659
-2148
-836
356
997
1744
2455
2942
3405
3307
2747
1761
476
-730
-1879
-2618
-2806
-2559
-1700
-920
47
1137
1891
2596
3092
3491
3604
3181
2262
739
-1095
-2803
-4270
-4969
-4917
-4259
-3033
-1845
-721
197
934
1664
2258
2797
3109
3180
2806
1985
827
-513
-1593
-2213
-2143
-1386
-258
781
1488
2038
2388
2365
2220
1617
757
-332
-1687
-2767
-3548
-3785
-3458
-2873
-2045
-1149
-289
516
1110
1555
1697
1741
1633
1435
1207
659
90
-500
-933
-852
-538
129
1025
1573
2003
2075
1732
1284
596
-172
-922
-1652
-2243
-2696
-2776
-2593
-2144
-1425
-698
-32
536
904
1186
1278
1128
928
534
233
-7
-196
-133
162
591
1095
1551
2099
2312
2142
1615
529
-532
-1684
-2738
-3197
-3322
-3026
-2328
-1654
-840
-82
601
1222
1629
1852
1939
1673
1185
635
-115
-726
-1204
-1419
-1176
-614
87
844
1412
1869
2109
2053
1695
1129
412
-438
-1240
-2071
-2568
-2721
-2596
-2160
-1556
-819
39
725
1262
1600
1614
1397
1093
784
597
534
550
600
614
711
807
836
651
193
-408
-1103
-1778
-2163
-2284
-2070
-1578
-1006
-453
0
384
721
998
1224
1403
1376
1187
806
256
-292
-749
-983
-915
-524
30
622
1107
1377
1364
1087
648
84
-431
-880
-1260
-1491
-1672
-1709
-1497
-1141
-731
-322
106
443
707
933
961
976
968
918
1011
1022
1046
1182
1177
1145
893
310
-419
-1302
-2037
-2552
-2751
-2481
-1933
-1162
-366
246
741
1038
1261
1365
1317
1293
1085
869
673
331
102
-50
-130
-38
104
252
306
192
-30
-404
-800
-1089
-1309
-1257
-1030
-695
-317
-90
4
38
38
-37
-51
83
386
697
967
1118
1050
932
761
674
562
317
91
-268
-709
-1146
-1491
-1625
-1592
-1225
-750
-277
200
450
571
568
516
539
600
753
901
972
1001
875
647
387
22
-317
-674
-1002
-1213
-1409
-1417
-1274
-1043
-604
-228
106
487
689
846
942
945
1004
966
976
931
743
602
292
-38
-379
-822
-1117
-1423
-1621
-1570
-1438
-1098
-627
-167
244
565
812
931
974
1006
992
1015
1074
1038
952
773
445
78
-351
-796
-1164
-1444
-1585
-1611
-1458
-1159
-846
-478
-118
200
483
750
1018
1231
1369
1435
1451
1332
1055
710
289
-199
-625
-1010
-1335
-1494
-1536
-1453
-1227
-946
-604
-199
173
497
803
1086
1283
1434
1477
1329
1113
787
323
-168
-630
-1037
-1334
-1493
-1486
-1334
-1078
-745
-389
-55
258
525
756
939
1056
1109
1127
1068
905
626
251
-123
-530
-899
-1142
-1306
-1329
-1184
-968
-702
-421
-75
263
518
838
1106
1261
1369
1293
1108
828
428
18
-455
-910
-1201
-1372
-1420
-1319
-1097
-807
-533
-189
169
466
768
1058
1274
1375
1376
1232
933
581
132
-391
-809
-1140
-1406
-1514
-1426
-1220
-952
-543
-110
262
667
967
1164
1348
1385
1278
1079
748
351
-88
-568
-977
-1210
-1361
-1452
-1287
-986
-724
-347
74
415
760
1072
1275
1399
1437
1255
893
551
87
-480
-859
-1186
-1505
-1549
-1418
-1254
-879
-395
-59
323
792
1065
1266
1464
1440
1255
999
602
101
-342
-743
-1124
-1331
-1379
-1367
-1199
-871
-526
-142
314
720
1048
1355
1490
1430
1273
931
438
-40
-496
-956
-1268
-1423
-1490
-1368
-1101
-767
-359
105
553
958
1323
1503
1489
1389
1110
676
237
-243
-725
-1083
-1298
-1387
-1285
-1095
-914
-568
-170
173
568
950
1200
1354
1373
1204
911
512
32
-442
-801
-1098
-1311
-1323
-1164
-929
-634
-264
91
422
766
1062
1224
1228
1089
848
537
142
-271
-638
-900
-1051
-1141
-1097
-911
-649
-318
16
353
679
936
1130
1198
1103
862
510
118
-295
-678
-945
-1118
-1167
-1042
-820
-569
-241
116
435
717
949
1099
1110
1030
808
423
77
-276
-650
-893
-1014
-1074
-1004
-786
-518
-208
120
399
630
849
953
933
865
684
416
106
-267
-549
-721
-897
-946
-847
-724
-511
-165
97
306
622
844
865
867
753
493
294
23
-279
-474
-617
-752
-749
-608
-493
-293
-69
104
305
487
541
558
550
425
283
150
-39
-252
-386
-451
-467
-454
-388
-253
-123
13
157
274
320
335
318
267
236
146
56
-55
-181
-203
-227
-301
-285
-183
-133
-31
125
190
243
256
207
218
148
-28
-50
-33
-188
-226
-145
-245
-247
-51
9
-6
119
250
250
248
239
152
66
27
-62
-142
-162
-229
-231
-146
-179
-162
-34
-28
22
145
160
121
143
172
128
91
31
-43
-26
-74
-174
-98
-42
-114
-72
40
39
-8
5
81
90
53
57
48
58
37
-63
-43
33
-93
-140
9
-56
-162
-23
35
-17
14
58
71
84
54
57
104
56
2
-5
-32
-28
-64
-74
-1
-1
-41
-72
-63
-3
-5
-52
-16
53
14
-31
23
87
37
-21
11
21
-9
-8
2
24
36
33
41
46
55
54
63
65
42
63
35
-35
-50
-75
-122
-126
-111
-114
-89
-74
-67
-16
46
56
36
56
74
56
38
26
16
-17
-57
-64
-41
-12
-13
4
43
51
53
59
46
50
75
57
28
31
19
-33
-66
-47
-59
-82
-60
-55
-57
-32
-24
-19
11
25
33
49
47
41
48
32
7
11
5
-15
-20
-21
-25
-28
-22
-11
-2
20
27
15
26
31
12
-4
-20
-32
-29
-41
-41
-31
-35
-24
-17
-8
7
19
33
49
44
41
38
11
-3
6
0
-7
-7
-18
-6
-22
-43
-12
-6
-15
3
11
7
11
16
27
23
18
21
0
-11
-12
-15
-21
-15
-9
-5
2
-5
0
11
7
19
25
20
4
-8
-10
-12
-11
-11
-17
-13
-1
-4
3
14
0
9
13
-2
-2
-7
-13
-9
-7
-7
-8
-11
-11
-7
-5
-2
0
-8
4
11
1
8
13
12
19
20
24
25
16
12
8
9
2
-4
-4
-12
-12
-6
-1
1
7
0
-2
4
4
-6
-15
-16
-25
-28
-27
-28
-20
-9
-2
8
20
24
27
24
22
15
14
8
-9
-1
-3
-14
-7
-3
0
0
7
8
2
8
8
-6
-3
-4
-12
-12
-7
-5
-10
0
5
4
11
12
9
11
8
2
-1
-8
-13
-11
-9
-8
-4
-1
3
4
5
6
2
4
2
-1
-1
-4
-9
-2
1
1
0
1
3
2
5
0
0
3
0
0
0
0
1
-1
0
1
-2
-2
-2
0
-1
-2
0
-3
-3
3
0
-6
0
1
0
0
-2
3
1
0
0
-3
-2
-4
0
2
0
3
7
6
4
10
9
2
4
3
-3
-2
0
-7
-7
-5
-1
-5
-12
-2
0
-6
-7
-2
-4
-3
-1
6
16
9
8
13
5
0
6
1
-5
2
4
-5
0
5
-9
-8
-3
-10
0
0
-12
5
7
-13
0
4
-5
7
1
-12
6
6
-7
0
4
0
3
2
0
2
4
1
-4
-6
-5
-1
-2
-2
3
6
0
1
9
0
-2
4
7
7
-3
0
6
-3
-4
3
-2
-7
9
-1
-12
1
-3
-12
0
-1
-4
0
-5
2
6
-4
-1
4
-5
8
7
-5
3
7
2
1
0
-4
3
13
-7
-15
2
0
3
4
-3
-3
0
6
4
-4
1
7
-11
1
5
-11
2
0
0
-2
-13
-3
2
-7
0
1
-5
-2
12
4
-3
5
-5
1
14
-6
1
6
0
4
0
-6
0
10
6
-5
-5
-1
0
7
6
-10
-13
0
2
1
-5
-13
0
3
1
6
0
0
0
2
16
2
-2
1
3
6
-2
-7
0
-5
-5
-10
-6
-6
-6
1
-8
-7
5
-3
1
2
1
7
-1
1
2
2
5
6
8
5
1
7
3
4
7
0
-1
5
6
-1
-1
-1
-3
-5
-5
-1
-2
-4
-8
-7
-1
-4
-4
0
-1
-1
-2
-3
4
3
0
-6
-5
1
2
4
0
-3
0
0
0
4
4
7
0
-1
9
5
2
6
0
-1
3
-1
-3
3
-3
-4
1
-1
-3
0
-4
0
0
-5
-4
-3
-2
0
0
-4
0
4
0
1
1
3
5
0
1
3
1
0
1
2
-1
1
1
-2
3
0
-1
3
0
0
0
0
2
0
-2
1
2
-1
0
0
-2
0
0
-4
-1
-6
-2
1
-3
-2
1
0
-3
0
-1
2
3
1
3
2
4
0
0
4
2
3
0
-1
1
4
4
0
0
-2
-3
-5
-4
-1
-3
-5
-1
-1
2
3
0
-1
0
1
1
0
0
0
-3
-3
0
5
3
-3
-2
0
0
-2
0
0
0
-2
-2
1
0
2
-1
0
2
-3
0
2
0
1
3
3
4
5
2
3
4
-1
0
0
0
0
-4
-3
4
0
0
-2
-5
-4
-1
-1
0
-1
-4
-1
0
-1
0
0
-1
1
0
-2
0
0
4
2
-3
0
0
1
2
-1
-2
0
0
-1
0
1
2
1
2
2
2
2
1
-1
-3
-2
-1
0
0
-3
-6
0
1
-3
0
-3
-2
1
-1
1
2
-1
0
0
1
4
1
0
0
5
4
0
-1
0
-1
-1
1
4
-2
-4
2
-1
1
-3
-2
4
-1
3
0
-2
1
1
0
0
2
0
-2
-1
0
0
0
-2
-5
-2
1
0
-1
-1
-1
1
3
4
0
-1
2
3
1
-1
0
0
4
2
-1
-2
-1
2
2
-1
-3
-2
0
1
-1
-3
-3
-3
3
3
-3
-2
2
2
4
2
-1
0
2
2
0
-1
0
0
4
-1
-2
-1
-2
0
1
-2
-3
0
0
-2
0
1
-4
1
5
-1
3
1
-2
0
2
-2
-1
0
-2
-1
0
-2
0
4
1
0
1
-1
0
3
-1
-2
5
3
0
1
0
1
4
7
0
0
-5
-4
2
-1
-5
-4
-2
4
5
-1
-1
-5
0
3
-3
-4
0
-3
0
0
-8
-4
-2
-4
0
1
-4
-1
0
2
10
2
1
6
5
6
4
2
3
9
4
-4
2
4
0
-1
1
-5
-3
-3
-3
-5
-5
-2
-8
-3
0
-5
-4
-5
2
4
-6
0
-1
1
3
-3
-4
1
0
-2
0
-4
-2
2
-2
-8
2
3
3
5
-1
3
11
8
4
3
10
4
6
9
10
7
2
3
-3
2
1
-9
-10
-7
-9
4
1
-12
-4
-9
-12
0
0
-6
-8
-8
0
4
-4
-3
0
2
16
3
1
11
-1
8
22
-7
-2
11
-12
12
5
-29
-4
11
0
-1
-10
-21
6
12
-11
-14
0
7
3
5
-6
4
11
1
2
0
4
2
0
0
-4
0
0
3
1
0
0
0
4
2
-1
-7
0
3
2
2
-5
-2
3
6
4
-3
-3
2
4
2
-1
-13
-2
15
1
4
-5
-13
2
1
5
-7
-18
6
9
-13
4
8
-8
7
7
-6
-6
9
3
-13
1
9
-9
3
20
-3
-17
-7
7
0
-5
1
0
-9
9
19
-11
-8
11
-4
4
15
-19
2
23
-19
4
11
-31
16
13
-24
6
-8
-1
12
-10
-5
24
0
-19
17
-2
-6
-18
16
28
-47
2
35
-41
-4
44
-21
-5
36
-29
-12
28
0
-3
18
-11
-26
16
2
-12
11
-4
-18
18
9
-25
8
6
-14
13
-9
-9
-5
-9
41
13
-31
11
6
-10
6
-5
-23
7
21
-5
5
1
-6
0
14
15
-28
-21
7
7
11
-27
8
-15
1
58
-38
15
9
-11
37
-45
-23
12
-24
24
8
21
33
-74
0
38
-12
7
-9
0
10
-8
18
-32
-26
39
-23
17
41
4
-36
-3
19
-13
-8
-21
46
15
-41
0
-37
-27
43
-6
16
60
-40
-21
22
-17
13
36
-24
-2
-54
16
49
-36
34
-7
-16
-34
-43
87
47
-65
44
-30
-19
-17
-41
66
42
0
-17
16
-10
-30
-30
27
22
30
-38
-16
8
-2
-2
26
20
-60
26
-53
99
19
-102
31
1
0
-73
20
62
-83
113
104
-115
61
-107
3
18
-90
13
2
56
-14
35
9
-19
40
-4
2
57
-85
-92
-23
84
-8
-7
64
-11
-36
138
-71
-48
135
-193
28
58
-135
37
50
82
17
-64
-17
-61
62
25
-61
60
43
-59
24
15
-129
65
59
-68
73
-59
14
-73
0
121
-161
147
-132
-32
60
-145
269
-137
216
-27
-140
91
-140
-77
-76
184
21
164
54
-89
-12
-206
153
46
-21
165
-194
-17
89
-33
91
-57
-100
111
-142
-115
32
-121
202
116
41
-164
-231
-11
3
70
46
145
63
-9
47
-9
-60
-64
29
80
98
-118
-73
-29
-10
-15
56
41
-100
-26
35
61
10
-54
20
-34
43
11
-17
47
-49
35
14
123
-35
-65
55
-100
68
4
-93
53
60
-172
63
54
-40
38
42
0
-127
-29
24
103
-99
-46
13
90
-50
-41
39
-73
99
-25
160
45
-88
16
1
92
-15
-82
-164
38
49
-68
68
48
18
-13
-31
-31
-34
1
100
109
-71
-112
-35
-45
-31
14
109
2
76
12
-3
-5
-105
-20
-46
131
-3
-20
65
-111
53
0
11
90
-95
-126
-26
-5
53
29
94
46
-84
22
-88
-10
52
-40
82
15
-18
30
-83
-46
76
-1
-24
62
-46
83
-5
-27
51
-153
105
16
30
95
-79
-50
-75
-85
-18
95
-8
151
-5
-106
83
-130
23
47
-78
51
-88
8
54
-170
125
68
-95
108
-73
3
88
-26
-48
70
74
-84
48
32
-138
-37
-5
4
19
65
51
10
-19
-83
45
67
-53
-24
66
-151
-10
100
-76
45
-57
65
79
-126
39
55
-31
12
87
-21
-54
37
-28
-46
-19
4
58
-31
-9
77
-51
30
16
-79
-22
-11
44
-87
50
69
-54
25
-49
-20
-11
59
30
-20
-36
49
68
-38
-23
-69
69
-24
-3
31
-47
-4
-8
56
-80
13
25
-4
27
11
-59
-30
105
-36
12
7
2
5
33
60
-131
40
32
-74
100
21
-2
7
2
15
-76
56
-1
-102
16
-6
-7
25
-17
-18
-2
-8
24
-58
7
12
-56
14
2
34
-40
-12
-9
-12
57
-31
27
17
-11
21
0
18
-17
13
16
-4
38
19
-27
-23
40
-44
15
69
-53
-7
0
19
0
-41
-11
-30
26
-3
-22
-15
19
29
-37
-27
-31
51
44
-36
-26
19
46
2
-13
11
53
-36
10
10
-29
56
9
-25
-39
2
33
-9
-18
-10
28
-19
-34
38
0
5
-4
-20
8
-14
0
8
-13
-47
31
11
-56
18
28
-8
-11
-3
36
35
-42
-8
31
0
-6
1
-10
-2
18
-19
-9
3
5
17
-10
-3
20
-18
23
14
-18
5
10
18
-22
-19
23
23
-27
22
-11
7
5
-50
27
-7
4
16
-5
10
-5
-19
-1
13
-25
-3
15
-6
-7
-2
-13
-22
0
2
0
2
14
17
-33
2
7
-17
-2
5
28
-5
13
12
-11
-5
3
24
-24
5
25
5
8
-6
3
2
-24
-10
6
6
-20
9
30
-46
-15
28
-34
-24
55
14
-17
6
22
-19
-18
-6
11
-8
3
-11
-4
44
-42
-2
10
7
-9
-11
-27
15
41
-62
2
106
-25
-99
87
48
-105
8
59
-42
11
1
4
20
-16
-3
23
4
-18
22
-41
1
24
-12
14
-13
-31
14
14
-8
28
13
-55
1
3
-20
32
-3
-4
-36
26
36
-2
-38
14
27
-76
52
25
-9
0
-15
0
43
8
-33
37
-25
-64
31
63
-61
32
7
-44
44
-32
0
25
-24
2
-41
15
74
-77
36
24
-55
14
20
-48
33
30
-42
-13
-13
30
21
-8
-12
57
-61
15
34
-63
64
-61
-5
37
-68
100
36
-137
46
99
-142
50
41
-23
-36
-4
63
-10
-35
35
47
-83
-5
9
-16
42
-23
-3
107
-91
21
51
-94
42
-11
-39
0
16
-29
16
19
23
-26
15
48
-59
41
-47
2
22
-37
0
6
19
-12
-1
-29
17
6
-22
-5
4
-8
9
-15
30
27
-16
8
7
10
-38
-7
51
-29
-9
46
-8
27
29
1
26
-40
8
4
-57
39
-27
-4
15
-24
-30
10
-9
-26
25
-29
22
-17
19
-1
-20
27
-14
1
-47
-1
17
-21
18
42
-26
9
54
-26
11
36
-33
16
26
-31
7
-5
6
0
-4
-11
-2
19
-5
19
2
10
-57
35
-16
-16
25
-35
-2
1
15
-29
-3
-10
19
-13
-14
11
3
-6
-7
21
6
-22
9
30
-2
-4
27
-21
2
36
-36
-12
34
8
-10
25
-16
0
18
-25
4
2
-20
9
1
-10
1
-16
-6
22
-21
4
15
-42
28
5
-21
9
12
-22
0
10
0
-3
-31
52
-6
-38
40
6
-33
17
16
-19
7
2
22
-13
-22
34
1
-19
2
9
12
-18
-14
39
-8
-41
32
14
-43
10
15
-6
-7
-3
-1
-4
-5
-1
-3
-6
14
-4
-8
7
-13
1
11
-10
13
16
-16
13
12
-17
11
0
-5
12
-6
7
6
-8
9
-4
-16
11
1
-16
-1
3
1
-2
-4
9
0
-26
7
9
-8
6
2
7
1
-5
2
-1
2
3
2
6
-6
-6
6
-3
-7
-1
0
-1
-3
-1
0
-2
-4
-1
4
4
-5
-1
9
0
-4
6
7
-5
-1
12
0
-2
5
3
0
-1
3
2
-7
-2
5
-4
-7
10
4
-15
1
1
-2
-3
-6
4
0
-8
4
0
-6
0
-1
1
3
0
1
4
-3
1
4
-5
0
6
0
-1
3
3
-3
-3
4
0
-4
0
6
0
0
4
-1
0
0
2
2
-3
0
0
-2
1
-4
-4
0
-2
-2
1
-3
-5
1
0
1
1
-3
0
1
0
1
4
0
-1
3
1
-3
0
1
-2
-1
0
3
1
0
-1
1
3
-2
0
2
-3
-2
4
3
-1
-2
-1
1
1
1
1
1
-4
-1
0
-3
0
0
0
-2
-1
-3
2
1
0
3
-4
-1
1
2
0
0
3
3
0
0
6
0
-5
0
6
2
-8
0
3
-1
-5
1
5
-4
-4
1
5
-8
-5
6
3
-5
-2
4
0
-7
1
10
-6
-7
8
8
-4
-7
7
9
-8
-9
7
11
-10
-9
9
11
-6
-14
5
12
-6
-9
10
10
-8
-12
11
11
-13
-3
17
-1
-16
6
14
-8
-12
7
11
-14
-9
13
0
-14
3
5
-6
-2
-3
1
0
-2
1
3
4
0
-3
0
9
0
-6
6
2
-5
2
9
-2
-9
4
4
-9
-7
8
4
-10
-7
10
4
-15
-1
16
2
-11
0
11
-1
-15
1
11
2
-8
-3
9
-1
-8
2
14
-2
-15
5
10
-10
-13
13
8
-16
-6
12
0
-13
1
12
-2
-8
6
8
-3
-6
4
4
0
3
-1
-3
0
5
-2
-5
3
1
-2
-1
-3
0
3
-1
0
3
0
-6
1
5
-6
-1
9
0
-4
1
-1
-1
1
0
0
-1
0
4
0
-3
1
2
-6
-3
7
-2
-5
2
3
-4
-8
3
6
-2
0
6
3
-5
-4
3
4
-2
2
3
0
0
2
0
0
6
0
-5
-1
-1
0
-2
-1
6
-2
-4
2
-4
-1
0
-2
-1
1
-1
-1
3
-1
1
3
-1
0
3
0
1
2
0
3
-3
0
4
-1
-2
0
-2
-3
1
0
-1
-2
0
2
2
0
5
4
-5
1
8
1
-1
-5
2
3
-5
-1
4
0
-3
0
0
-2
-2
-4
-4
1
-5
-2
5
2
-1
0
4
4
-4
-2
5
5
-3
2
6
1
0
4
5
-4
-3
5
2
-4
-4
0
0
-4
0
2
0
-1
-4
1
-3
-6
6
2
-5
0
0
-3
4
-1
0
6
0
0
2
0
-2
2
1
0
-1
3
3
-4
4
0
-5
3
2
-1
0
2
-4
-1
4
-1
-3
0
0
-4
-2
4
-2
0
0
3
-2
-5
2
-1
0
3
0
-1
0
1
1
-1
3
0
-4
2
4
-5
-3
5
0
-5
1
6
0
-6
6
1
-13
3
12
-6
-5
11
-7
-11
14
4
-13
1
6
-10
-3
12
-1
-10
4
4
-11
0
12
2
-4
2
2
-4
6
6
-9
0
6
-2
-4
7
0
-11
5
3
-9
3
7
-5
0
3
-2
-4
3
4
-2
-2
0
0
-1
2
2
-5
-1
4
2
-3
0
2
-8
0
5
-4
2
4
-1
-2
0
0
2
3
2
-1
-2
2
-1
3
1
-2
3
-4
-1
5
0
-7
-1
4
-3
-1
2
-2
-2
-2
2
2
2
0
-3
-1
0
-2
0
0
-2
-3
0
4
-4
-5
4
0
-1
4
2
0
-1
3
5
0
0
0
1
3
-1
0
3
0
-1
-1
2
0
-5
4
4
-4
1
2
-1
-1
-3
2
-4
0
1
-4
-2
-1
-1
4
4
-2
-3
4
0
-3
0
-2
-3
6
2
-3
3
0
-1
3
2
1
3
0
-1
-3
-2
0
0
0
-1
0
0
-2
1
0
0
2
-1
0
0
-1
-1
0
0
-2
2
2
0
-1
1
-1
0
4
-3
-1
0
-2
-1
1
0
-4
3
6
0
0
0
-1
3
-2
-6
0
2
1
2
0
-4
0
2
0
-1
-3
-4
2
0
0
3
2
-1
-5
0
-1
0
3
-1
0
2
0
-1
0
0
-2
-1
2
-1
0
2
-3
2
1
-2
2
2
0
0
-3
-5
3
4
-2
1
0
0
5
3
-4
1
2
-6
1
2
-5
2
0
-4
0
-5
-1
1
-3
2
-3
0
0
-2
6
-2
-2
0
1
0
-1
4
1
4
3
-1
0
-2
1
3
0
4
1
-3
-5
3
2
0
1
-1
-4
-3
0
-1
3
-1
-4
3
0
-1
2
1
-1
-1
0
-4
-2
1
1
0
0
-3
-3
1
0
2
0
0
-1
-1
2
0
3
2
0
2
3
1
3
2
-1
0
-3
-1
-2
-1
-2
-1
0
0
7
0
0
2
-4
1
-1
-2
3
0
-4
0
-8
1
0
-7
1
3
-4
-1
1
-2
3
3
-3
4
0
-3
7
0
1
4
-2
0
2
-3
1
7
-5
3
5
-8
2
5
-5
1
6
-1
-1
0
-2
-2
-2
0
1
-5
0
6
-8
-6
3
-6
-1
8
-5
-6
0
1
4
-1
0
5
1
-3
4
4
-2
7
5
-3
0
1
-3
-2
5
2
-2
-4
5
0
-7
1
3
-2
4
5
3
1
-2
-3
-3
-9
-5
9
0
-6
2
0
-3
0
2
-1
-3
-1
3
5
0
8
2
-8
1
2
-2
0
1
0
2
0
-1
6
1
0
5
-4
-3
2
0
0
-3
0
0
0
-2
-5
-4
-9
0
4
-1
2
3
0
3
4
-1
0
2
0
2
1
0
0
-10
-3
4
0
0
0
0
2
0
6
6
-2
-2
9
1
-7
-3
0
-3
-2
5
-10
-5
2
-6
3
3
0
1
-3
4
1
2
3
0
1
-4
0
0
-1
-5
-1
0
-3
1
3
-1
-1
3
-3
-2
0
0
1
3
0
7
2
-8
6
0
-6
8
-2
-5
3
2
0
0
4
-4
-2
2
-3
0
-6
0
5
-4
0
2
-4
1
6
-3
5
5
-3
5
2
-1
0
-3
-2
-4
-5
-7
0
5
-3
0
4
0
0
4
-1
0
5
-1
-3
-1
3
0
0
4
-1
-1
4
3
-2
6
2
-6
2
2
-6
-3
-2
-5
3
-2
-5
6
1
-2
1
2
-4
2
1
-5
0
3
-4
-1
2
-4
-1
4
1
0
3
0
-3
0
-2
1
8
-2
-4
5
-1
-1
3
0
-2
1
2
-8
0
10
-6
-1
6
-10
1
4
-8
4
6
-2
-2
3
1
-2
0
-2
4
12
0
0
1
-8
-3
4
0
-6
1
3
-4
-1
-1
-2
3
-3
-4
0
0
0
-5
-2
-1
0
3
0
1
2
4
6
0
0
5
3
2
2
0
-1
0
-1
1
-1
-2
-2
-1
0
-2
-2
-1
-2
0
3
1
-1
2
0
-4
2
1
-2
3
-1
-2
0
-2
0
0
0
-1
-3
2
-1
-1
3
0
0
0
-4
3
9
0
-2
0
-1
-1
5
4
1
3
-4
-2
0
-3
0
0
4
2
0
2
-10
-4
8
0
0
0
0
0
-3
-1
0
0
-1
5
1
-14
0
7
2
4
-2
2
2
2
9
-4
1
0
-6
7
-1
-5
-1
-8
3
5
-2
-2
-3
-1
-1
4
5
0
-2
-8
3
13
2
-3
-6
1
1
0
-4
0
8
3
-2
-9
-2
2
-1
0
-2
-1
0
0
1
4
5
0
2
-6
-11
2
5
5
6
-5
-6
0
3
7
3
-3
-7
-1
0
-1
2
-2
1
1
-7
-8
0
9
8
8
0
-4
0
0
-1
6
5
-3
-7
-16
-7
3
2
3
1
-3
1
-3
-7
7
7
5
4
3
-2
-2
-5
0
10
-1
-3
0
0
-9
-1
4
-5
4
2
-6
-6
-3
-2
8
7
-7
2
7
2
2
7
1
0
-4
-5
2
0
-2
1
0
-8
0
1
-1
5
0
-5
0
3
-3
0
-3
-2
4
0
0
1
-1
0
5
3
5
3
-9
-2
1
3
0
-2
3
-1
-3
-2
-4
6
1
-4
-5
-3
1
-1
2
4
-2
0
4
2
2
-1
-3
0
0
2
1
-4
-3
-1
0
3
-3
2
1
-4
3
0
-3
2
4
0
-6
0
0
-2
-1
-3
-2
-6
0
-3
-1
5
2
1
-4
-1
1
0
7
0
-1
5
-6
-5
0
-6
-8
0
4
0
-1
1
12
16
11
10
18
25
27
29
20
15
17
10
9
6
-8
-17
-12
-17
-32
-44
-47
-36
-32
-43
-37
-41
-36
-18
-5
-17
-17
-1
15
32
25
29
29
34
45
60
43
31
37
34
37
32
25
8
-7
-6
9
-9
-27
-21
-23
-25
-23
-15
-23
-35
-29
-1
-6
-24
-14
-7
-10
-4
6
3
-3
-5
5
9
1
3
13
-3
-3
7
-5
-9
-11
-14
-15
-21
-11
-16
-21
-16
-5
-1
-13
2
13
7
8
21
24
18
27
28
19
17
23
20
7
6
15
5
-5
6
0
-14
-4
-3
-9
-19
-7
0
-20
-8
4
-21
-7
1
-6
-5
-15
4
2
-12
4
2
-7
10
6
-6
5
6
-5
8
1
1
6
0
10
5
8
-1
0
15
7
-14
-3
14
-6
-3
-3
-1
-1
-9
6
-17
-12
4
-2
-8
-1
3
-9
1
-1
4
1
-7
6
-3
-2
1
0
6
-4
-5
1
8
-6
-2
5
-2
5
1
0
0
3
-2
18
-6
-5
7
0
15
-5
-6
0
-1
-9
10
2
-12
2
0
-12
-9
9
14
0
-16
10
8
-6
-2
8
5
1
-3
-24
8
9
1
9
-20
6
3
-4
0
-9
-4
16
-3
-11
-9
-2
20
8
-17
-4
16
8
-7
0
-9
29
4
-3
-4
-17
46
-4
-30
-14
19
7
-18
-25
10
28
-5
-17
-15
17
3
4
1
2
5
-13
6
15
-5
-4
10
-8
-8
-15
-9
40
-30
-24
14
6
20
-33
-4
41
1
-20
-14
27
17
-12
-13
16
22
-26
-41
17
34
0
-11
-29
28
-2
2
3
8
14
-2
-45
-3
63
-9
10
-47
-23
17
23
19
-11
-22
-6
-12
-32
66
14
-16
-23
3
-8
-24
49
-10
17
12
-20
-19
-49
55
45
4
-48
-24
32
1
-21
-6
54
0
-19
-35
30
37
-33
-21
10
-12
20
31
-21
-35
15
6
43
17
-65
-4
-57
28
58
-58
-2
68
32
-48
-63
44
32
-97
-24
150
122
-176
-184
109
115
9
-108
50
125
3
-147
-104
110
87
-116
-80
144
147
-67
-205
38
139
-60
20
-33
-63
64
112
-7
-126
-158
-41
132
169
155
31
-83
-127
-216
-210
61
336
183
-47
-140
-24
80
10
-76
-87
56
48
-64
-45
103
57
-38
-62
-20
77
30
-10
25
-74
-121
47
71
-39
59
32
-92
-26
66
11
-20
25
14
-28
-87
11
79
52
-20
-54
49
-15
-15
69
-4
-68
-45
7
-18
2
45
43
12
-27
63
-3
-149
28
142
-128
-130
46
-6
54
156
51
-99
-25
32
-54
13
-8
-51
21
-5
4
16
21
25
16
-72
-79
122
56
-99
-32
43
-19
-33
100
25
-82
20
57
-88
-68
100
8
-15
54
-54
-55
80
40
-73
3
-1
-54
17
35
82
44
-117
-84
79
15
-61
34
38
10
-9
-49
35
80
-42
-58
-13
-16
-2
18
-17
67
51
-72
14
19
-109
28
75
-39
-14
-6
-19
48
23
-26
19
-55
54
6
-56
59
19
-80
-24
86
-23
-33
27
4
8
40
-41
-67
76
5
-83
15
47
32
-46
-8
29
-34
38
4
-43
67
-24
-79
77
0
-61
68
-3
-27
16
-23
72
-25
-88
31
83
-1
-90
2
66
0
-29
-22
0
-31
54
9
-15
-26
7
55
-18
-40
-6
46
-6
-36
25
7
-37
33
8
-5
-28
39
-8
-20
65
-6
-46
-55
65
12
-20
44
-26
-45
-21
103
-27
-50
13
-12
-21
46
32
-40
-46
18
61
8
-67
-9
86
-21
-38
-40
100
17
-86
-19
44
53
-89
0
88
-30
-58
10
17
62
-15
-98
68
15
-26
39
-48
-4
40
-18
-35
15
20
-23
-25
15
40
-8
-65
42
45
-42
23
-8
9
-13
-17
22
1
-35
-15
44
8
-20
-8
49
33
-64
3
60
-63
-9
52
-50
-19
50
-4
-20
9
20
-22
-55
39
95
-57
-65
33
0
21
13
-93
32
67
-101
57
100
-133
7
92
-78
3
124
-136
-66
156
-49
20
22
-161
11
271
-53
-280
133
148
-132
-67
132
34
-123
11
55
-28
-17
13
15
-2
33
-15
-116
23
125
-30
-35
32
-94
31
178
4
-11
20
-78
-207
29
275
-70
-194
-4
56
39
55
-14
-37
-53
-66
121
89
-119
43
75
-175
-36
172
26
-71
-3
-47
-43
69
73
-15
-40
-15
-9
1
15
-18
101
-10
-137
-15
121
52
-109
-27
70
11
-49
37
1
-53
44
-4
-50
64
-4
-39
7
6
-3
9
10
-4
-3
-26
27
8
-27
33
22
-49
-23
12
-12
23
58
-26
-53
-21
11
42
0
6
-18
-21
30
17
-33
18
25
-31
0
18
-9
-7
3
0
-8
19
12
-39
-9
24
-4
11
-1
-20
7
7
9
8
-37
-13
46
-8
-24
32
5
-25
-1
13
2
-7
6
-8
-2
14
-2
-19
10
7
-20
-2
21
-2
-20
9
0
-8
10
3
-9
13
9
-29
-6
46
3
-46
7
13
-18
-1
27
5
-11
-10
7
22
-20
-10
13
-12
0
5
0
7
-5
-12
8
9
-15
-6
22
4
-20
-1
26
-10
-23
26
2
-17
17
4
-10
-3
-13
3
16
-11
2
15
-13
-2
6
-8
3
14
1
-14
-12
6
3
-8
13
13
-12
-9
-3
1
13
-1
-9
10
-4
-20
12
20
-9
-3
4
-11
-4
9
4
-3
-5
-7
0
5
0
7
0
-8
-1
2
5
1
-2
4
-1
-5
9
3
-14
-1
7
-1
7
0
-6
6
1
-3
8
-2
-5
6
-2
-2
2
-4
3
1
-7
-2
5
3
-4
-7
4
5
-2
3
0
-3
1
-4
-3
1
3
0
-2
2
-4
-4
5
-3
0
2
0
8
1
0
-1
-3
0
4
2
-5
2
0
-8
3
5
0
1
5
-2
0
3
-5
0
0
-2
3
2
0
-2
-4
-2
-2
1
-2
0
2
-3
0
0
-4
2
1
0
0
0
-2
-4
1
0
-1
4
6
2
1
0
0
6
2
-1
8
1
1
3
-1
3
0
0
-1
-2
7
0
-4
0
-4
0
-3
-4
-1
-3
0
-3
-12
-3
-5
-7
-2
-10
-5
0
-2
-6
-6
5
1
-1
2
5
13
7
3
8
9
6
8
6
7
7
7
10
6
5
6
2
-1
-2
6
3
-5
-1
-1
-7
-7
-10
-2
-1
-8
-2
-11
-7
-9
-16
-2
0
-9
-2
-6
-13
5
0
-5
7
0
-2
7
0
0
5
-3
4
12
3
7
10
2
3
3
7
11
0
0
4
-1
0
3
-7
-5
-1
-2
0
0
-5
0
0
-7
-1
-1
-1
-2
-7
-1
-4
0
2
2
5
0
1
0
1
6
2
-1
4
3
0
2
3
-2
-4
-1
-4
1
2
0
-2
-2
-4
0
-2
-2
-2
-2
1
-1
1
3
2
1
1
1
-4
0
2
0
0
3
2
-1
0
-3
0
0
-3
0
0
4
3
-1
-2
0
3
4
1
0
2
1
0
0
0
0
-5
-3
-1
-5
0
0
-1
1
0
0
0
-5
-2
1
1
1
-1
0
0
0
4
2
0
4
4
-1
-1
2
1
3
5
-4
-1
1
0
0
-2
-1
-3
1
0
-3
0
-1
0
2
-5
-5
1
-2
0
2
-4
-4
6
1
-1
6
0
0
5
4
0
6
0
-7
1
4
-4
0
0
-5
4
3
-5
-3
2
2
-2
-3
1
0
0
4
-2
-2
4
3
-4
-3
0
-1
-4
-1
0
-1
3
0
-3
-1
-1
2
-2
-6
2
1
0
3
0
-1
3
2
0
2
1
-2
2
4
-1
0
-4
-1
7
-3
-5
4
0
-4
-2
1
3
-3
2
3
-4
1
0
-6
2
2
-4
2
4
-3
0
6
-1
-6
0
0
0
0
-1
4
3
-3
-1
1
-4
1
4
0
-2
0
-1
1
0
-8
0
0
-3
-1
2
0
1
0
2
6
0
0
2
0
0
2
-1
0
2
0
0
-3
0
0
-2
0
0
-4
-2
1
1
4
-2
-1
0
0
2
-2
-3
-2
0
0
5
2
-1
0
0
0
0
2
0
-3
0
1
1
0
-1
0
0
0
0
0
0
0
0
0
0
0
2
0
-1
2
0
-1
-1
3
1
-4
0
2
1
0
0
-1
-1
3
0
-1
-4
0
2
0
0
0
0
3
0
-3
-3
0
0
0
0
-1
2
-2
1
0
-2
1
-1
4
0
-3
3
-2
2
2
0
3
2
2
2
-2
4
0
-5
0
-1
0
-4
-5
0
-4
-3
0
-1
0
0
0
2
0
0
0
2
2
0
2
0
0
4
5
2
2
0
-3
0
1
-3
-4
-4
-2
1
-1
-1
0
-1
-1
0
1
0
-1
0
5
-1
0
1
-1
1
5
4
-2
-2
0
0
-3
0
0
-2
-1
2
5
-1
-5
-1
-1
-1
2
1
2
1
2
2
0
-1
0
0
0
0
0
-2
-1
-2
0
3
-1
-2
1
0
0
-3
0
0
1
1
0
0
1
1
-2
2
3
-5
-2
5
-4
1
7
-1
-3
-1
1
-1
-1
2
-1
-3
7
6
0
-7
-1
3
-4
0
3
0
-4
3
4
-7
-2
4
0
-3
0
1
4
-1
-5
-1
5
2
-3
0
0
0
1
-2
0
1
-2
2
0
-1
2
-2
4
5
-9
-6
8
3
-2
0
-5
3
6
-3
-4
-1
2
4
2
-7
-8
6
6
-5
-1
1
-2
0
2
1
-2
7
3
-2
2
-1
-3
0
-4
-2
3
2
4
0
0
4
-2
-7
4
0
-1
14
-14
-5
18
-20
-6
19
-10
-4
13
-9
-4
15
-3
-5
3
0
2
1
-7
-4
7
4
-6
-7
5
0
3
11
-8
-11
1
3
10
2
-8
-4
5
4
-1
-5
1
0
-8
10
9
-14
-5
9
2
4
7
-10
-11
6
0
1
4
-7
-8
9
5
0
2
-13
1
6
-4
5
10
-9
-12
6
0
5
1
-11
-4
10
-6
-3
18
-3
-14
8
7
-4
9
-3
-7
6
-4
0
4
-7
6
6
-15
3
4
-7
8
5
-12
2
12
-5
-5
6
-3
1
4
-12
-2
5
2
-1
-3
-2
-8
2
18
-2
-14
6
-2
-1
15
-4
-12
8
7
-9
0
6
-4
0
7
0
0
-3
-1
10
-6
-5
4
-14
7
15
-21
4
13
-20
2
13
-15
0
10
-11
0
8
-5
5
13
-5
-4
0
-3
6
-2
-2
7
-8
-7
8
-7
0
11
1
0
-1
-6
1
1
-2
4
-2
0
8
-7
-11
6
5
-1
0
-2
-2
1
-1
2
1
1
10
-4
-6
6
-9
0
3
-4
6
0
-2
0
0
0
9
5
-6
2
-7
-4
8
1
0
0
0
-4
-4
0
1
0
0
0
-5
-2
-3
0
6
-1
5
2
-6
9
1
-8
7
4
-6
-2
12
-5
-7
12
-3
-10
7
-3
-15
9
5
-13
6
9
-13
7
4
-17
13
4
-12
11
10
-15
1
2
-13
15
7
-7
-1
8
-4
-5
11
-9
-2
11
-3
-4
2
-10
-1
11
-7
-6
7
-5
6
7
-11
1
10
-8
-4
7
-14
-3
12
-5
1
4
-2
0
2
6
-2
-5
8
-4
-3
11
-9
-6
15
-7
-3
12
-13
0
12
-10
-3
6
-1
-6
6
8
-11
3
13
-16
-2
14
-9
-3
9
-6
-2
12
-7
-7
6
1
-7
11
3
-23
9
11
-26
7
16
-21
6
16
-16
-7
22
-5
-13
21
2
-15
6
8
-14
2
9
-11
3
3
-6
2
4
-1
-4
0
1
0
7
-4
-5
9
-2
-5
-1
5
-5
-3
12
-7
-3
10
-7
-3
8
-7
-2
8
0
-5
2
1
-5
0
-2
6
0
-10
15
2
-22
19
10
-28
16
18
-27
0
17
-22
-7
18
-15
-6
18
-3
-11
13
3
-9
13
6
-9
6
-1
-3
5
-5
-3
5
-7
-3
9
-6
-7
11
1
-5
4
4
-7
2
6
0
0
-3
0
1
2
-1
0
-3
0
2
-7
0
3
-4
-2
7
-4
-7
4
-5
-6
10
4
-10
3
2
-4
0
5
-1
0
10
0
-2
5
1
-4
3
3
-4
-2
1
-3
0
-1
1
6
-2
0
0
0
-1
-2
2
-1
-4
0
-2
-4
0
0
-4
4
4
-3
2
7
-1
-2
3
-4
0
1
-2
0
0
0
0
3
2
-1
2
1
0
0
-2
-5
1
3
-1
-3
-1
0
1
0
2
0
-1
4
3
0
0
-2
-1
0
0
3
0
-3
-3
0
0
-2
0
0
2
1
-3
1
2
-4
1
-1
-5
0
0
-6
-4
4
0
-4
4
1
-2
6
0
0
7
0
-1
3
-2
-5
2
2
-5
2
2
-4
0
4
-1
-3
6
2
0
2
-1
1
0
-2
0
-1
-6
0
2
-3
1
0
-1
2
-3
-1
0
-3
-1
2
-1
0
2
0
0
1
0
2
2
0
3
3
-1
2
-2
-3
0
0
0
-2
0
-2
1
4
0
0
-1
0
1
-1
0
2
0
-1
-1
-3
0
1
0
-1
0
0
-1
0
3
2
0
-1
0
-3
0
0
0
3
3
0
0
0
0
0
-1
-1
-1
-2
1
0
-2
0
0
0
0
0
0
0
1
0
0
0
0
0
0
0
2
-1
0
0
0
0
0
2
0
0
0
-4
0
0
-2
0
0
2
3
1
0
0
-2
1
2
0
1
-1
0
-1
-3
0
3
1
0
0
-2
-2
-2
-5
-2
4
5
3
-1
-2
-2
-1
-1
-2
2
3
2
0
1
0
-3
1
-2
1
0
2
3
-1
-1
-3
0
0
-1
0
0
1
0
0
3
0
4
1
-2
-1
0
0
-3
-6
0
2
0
0
-2
0
3
-2
0
2
0
3
2
-1
2
0
-1
0
-1
0
1
1
-2
-1
0
0
0
0
-3
3
1
-1
0
-1
-1
0
3
-1
-2
1
-1
1
0
3
2
0
0
-1
3
2
0
0
-2
-2
-1
-4
0
2
-1
0
1
0
-1
-3
1
0
0
2
0
3
2
0
0
-1
-1
0
-2
0
2
1
-1
-2
-1
-2
0
1
-1
0
1
-2
1
1
0
0
0
1
-1
0
1
-2
-1
1
1
-1
-1
0
0
0
0
1
0
-2
1
1
-1
-1
-1
0
3
-2
-1
1
0
0
2
2
1
1
0
0
-2
-2
-2
-1
0
0
-3
0
1
1
0
0
1
1
0
-2
-4
-1
-1
0
0
-2
1
2
1
-1
0
1
4
5
1
-2
-4
-1
2
0
-2
0
0
2
0
0
1
-1
2
2
2
0
-2
0
-2
-2
0
0
2
-1
-1
-1
-2
3
0
-2
0
0
0
-4
-1
2
0
-1
-1
0
0
0
1
0
0
0
0
-2
0
2
-1
0
0
3
1
-2
0
1
1
0
0
1
2
0
-1
0
2
0
0
-1
0
0
-1
-1
0
1
-1
0
1
0
0
0
0
-2
-3
-2
-1
1
0
-1
0
0
0
0
0
-1
-2
1
0
0
3
0
2
3
0
-1
1
1
0
0
1
1
-1
-1
0
0
-1
-2
0
2
0
1
3
-1
0
0
-1
0
0
-1
0
0
-2
-1
-2
0
-1
-1
1
-1
0
1
1
0
-1
1
1
0
1
0
-1
0
0
0
-2
0
2
1
0
0
1
0
0
1
0
0
0
-2
-1
0
-1
0
1
0
0
0
-2
-2
0
2
0
-1
0
-1
0
1
0
3
3
0
0
1
-1
-2
0
0
0
0
-2
-1
0
0
1
2
0
0
-1
0
1
0
0
-1
-1
0
0
2
1
0
0
0
0
0
0
0
-3
0
0
0
0
-2
-1
0
0
0
0
-1
0
0
0
1
0
1
0
-3
0
0
1
0
1
2
1
2
-1
-3
-1
-1
3
3
-1
0
1
-2
0
4
0
-2
0
-2
-1
2
0
-1
1
0
0
2
-3
0
1
0
-1
-2
2
1
0
-2
-2
1
1
0
0
1
2
0
0
1
-1
0
3
-1
-1
1
0
1
0
0
-1
0
0
2
0
0
1
5
0
0
1
-3
0
-2
-1
0
-2
-1
1
0
-2
0
0
0
-1
0
0
-1
0
0
0
0
-1
2
0
0
1
1
1
0
0
0
-1
-1
3
2
0
-1
-1
0
1
1
0
2
0
0
0
-1
-1
0
0
-3
-1
1
-1
-1
1
0
0
1
1
0
-1
1
1
0
-1
-2
0
0
0
2
-1
1
3
0
0
1
1
0
0
0
-2
-3
0
1
0
-1
0
1
0
0
1
0
0
0
-2
-3
-1
1
4
1
0
1
0
-1
-3
-1
1
6
3
0
1
2
1
-1
0
1
2
-1
0
0
-1
0
-2
0
2
0
1
-1
-1
-1
0
0
1
0
-2
0
0
0
0
-1
0
0
1
1
0
2
2
-1
-1
0
2
0
-1
1
0
0
2
0
-2
0
0
0
0
-1
0
1
-3
-2
1
1
1
1
0
-4
-3
0
0
2
2
0
0
1
1
0
1
0
-1
-2
0
0
2
2
0
0
0
1
-1
-2
0
-2
1
1
0
1
-2
-5
0
1
-1
-1
0
-1
-1
0
2
3
0
0
2
0
1
0
1
2
0
0
0
-2
-4
-1
2
0
0
2
2
1
-2
0
0
1
4
0
-1
-1
1
0
-2
0
0
-1
0
2
-3
-2
0
1
0
1
-2
0
0
-3
-1
0
0
1
0
0
1
0
-1
1
0
-1
1
0
-2
0
-1
1
0
-1
1
0
0
0
1
1
2
1
2
0
-1
0
-2
1
-2
-4
-3
1
1
-1
3
-1
1
1
-2
3
2
-1
1
-1
0
1
0
0
0
0
1
1
0
-2
1
0
0
0
-3
-2
0
-1
0
1
0
0
0
-2
1
0
-1
0
-4
0
3
0
0
-2
-1
1
0
0
1
-1
0
0
-1
1
-1
0
0
4
1
0
0
0
1
-1
0
2
0
-1
-1
0
0
-2
-1
0
1
0
0
2
0
-1
-2
0
1
0
1
1
-1
0
3
2
-3
-1
-2
0
0
0
0
-3
2
1
0
0
0
-2
-1
0
-1
1
-1
-1
2
3
3
1
0
0
-3
-1
1
3
0
-4
0
3
0
-5
-3
0
2
0
3
2
-2
-1
-1
-1
0
-1
2
3
2
0
2
3
-1
-2
1
3
0
-4
0
1
-3
-7
1
4
0
-2
2
2
0
2
0
-2
-6
0
0
-4
2
1
-5
-3
6
6
0
0
0
1
2
0
0
-2
-3
-3
0
1
2
1
1
1
0
-1
0
0
-3
0
2
3
0
3
0
-4
-2
-6
0
6
0
-3
0
0
-1
0
0
0
-1
0
-1
2
4
-1
-7
0
3
0
2
0
-1
0
1
1
-2
-1
-1
1
2
1
-2
2
1
-3
1
2
0
-1
0
3
4
-2
-4
0
1
3
0
2
3
-7
-2
3
0
-1
-2
-3
-1
0
0
1
0
-6
-3
2
7
0
-3
-2
-2
0
3
5
1
-7
-4
1
0
5
1
-2
2
0
0
5
0
-4
0
1
4
4
-3
0
1
-4
0
1
3
-1
-5
-4
-3
0
-1
-1
-3
-1
-1
0
1
-1
1
0
1
0
0
6
4
0
0
1
-2
0
6
1
-3
-1
0
0
0
-2
0
4
0
0
-3
-1
0
-1
-1
0
0
-1
2
0
-1
2
1
-3
-2
3
1
0
2
-3
-4
0
5
0
0
-1
-4
-4
3
5
0
-1
-2
0
4
4
0
-3
-2
0
0
3
0
-2
1
-1
0
0
-3
-2
0
0
-1
-3
0
2
0
-2
0
4
0
-3
0
3
-2
-1
3
0
2
1
-2
0
-1
-1
-3
2
8
1
-4
-3
0
0
3
2
-2
-2
-1
0
1
-1
0
4
2
-2
0
5
0
-8
0
4
4
-1
-4
-1
0
1
0
0
-7
0
9
1
-3
-2
1
0
-2
1
0
1
0
3
0
-2
2
0
-3
0
5
0
-8
1
2
-1
0
-2
0
-4
-2
5
4
0
-3
-1
-1
0
0
1
0
1
2
5
1
-4
0
1
-3
-3
-1
-1
-1
0
0
4
2
1
1
-1
1
4
-2
-3
2
0
0
0
0
-2
-3
0
3
2
-2
0
1
-2
3
1
0
2
0
-1
3
-1
-2
-2
-4
3
2
0
0
-3
-2
-5
0
3
1
0
0
6
0
0
5
0
-4
1
7
-1
-7
1
2
-5
-1
6
-3
-6
4
5
-3
-3
2
0
-2
-1
4
4
-1
0
0
0
3
0
1
0
-4
-1
1
0
-1
0
2
0
-1
4
0
-4
-3
0
-1
0
3
1
0
0
-2
0
1
0
2
3
1
-1
-1
-2
-2
0
0
1
0
0
0
0
3
0
1
2
1
0
-2
-1
1
0
2
0
-3
0
2
-4
-4
0
3
2
0
0
-2
-6
-5
0
6
1
-3
1
0
0
6
2
-11
-10
4
17
22
5
-18
-23
-10
10
10
6
3
-5
1
11
4
-12
-22
-17
8
27
34
27
-11
-61
-76
-36
49
127
124
15
-133
-199
-109
70
198
173
22
-136
-188
-78
90
141
83
-2
-99
-135
-69
41
155
194
62
-145
-271
-180
98
249
135
-35
-116
-50
56
43
-55
-111
-18
157
151
-107
-214
-1
199
163
-37
-220
-137
93
129
-19
-96
-15
120
135
-57
-179
-66
48
58
20
-38
-3
68
50
-32
-75
-62
19
90
36
-47
-48
18
43
26
12
-19
-48
-9
15
-19
-15
24
56
25
-59
-49
28
40
20
-23
-76
-33
49
74
25
-65
-64
15
72
78
-20
-101
-28
7
-11
34
10
-3
76
28
-69
-40
-22
-23
19
15
22
47
-32
-61
42
40
-46
-37
1
24
53
24
-41
-56
-8
48
19
-36
-9
38
44
7
-58
-55
10
18
17
41
4
-25
-11
-5
5
0
-25
-13
24
54
13
-63
-51
22
49
3
-44
-12
32
20
-10
-30
6
34
-1
-5
-1
-14
6
3
-10
9
-2
-16
0
12
18
5
-5
-1
-19
-22
16
29
1
-21
-10
6
17
19
-6
-25
-9
8
4
-19
-9
24
19
13
6
-24
-20
-1
-7
3
11
5
-3
-12
11
25
2
-20
-11
6
5
-4
-17
-8
36
42
-1
-33
-41
-7
29
11
-9
-6
-1
22
10
-31
-21
0
15
29
2
-29
-15
22
21
-8
-12
-9
3
22
6
-18
-8
13
7
-3
-2
-8
-2
15
11
-11
-16
-7
3
10
3
2
3
-5
-4
4
-3
-7
0
4
4
1
-5
-7
4
13
3
-8
-13
-8
3
5
2
7
5
-8
-6
-1
5
13
8
-6
-15
-2
13
7
-6
-6
-1
6
5
-4
-8
2
12
3
-7
-8
-2
2
2
0
-5
-3
1
5
-1
-7
-2
0
4
4
0
-6
-6
0
4
7
0
-4
6
9
5
-2
-7
-6
1
4
0
-3
-5
1
9
2
-7
-9
-3
5
5
0
-5
0
4
0
-2
-4
-6
0
5
3
0
1
2
-1
-1
-3
-2
2
-3
-1
6
1
-1
0
0
-1
2
1
-3
-2
-2
1
7
2
-3
0
3
2
4
-4
-7
1
0
4
2
-4
0
-1
0
-1
-2
2
2
2
0
-3
-4
-3
0
4
0
-3
0
0
5
0
-4
0
2
3
2
-1
3
0
2
0
-1
1
0
0
0
-2
-2
2
0
-1
1
0
0
0
0
-1
-1
0
0
1
0
1
2
0
0
1
-2
-1
0
0
-2
-3
0
-1
0
1
-1
0
0
2
0
0
-1
0
2
2
2
-3
-2
2
0
-2
-1
3
1
0
-2
0
1
0
-2
-2
1
5
0
-1
2
1
0
0
0
0
0
0
-2
0
0
-4
1
0
-2
-1
2
1
0
4
-1
-2
0
0
-1
0
-2
-1
6
4
-1
-3
0
-2
0
3
0
0
-2
0
1
1
-6
-4
4
2
0
-3
-1
2
0
0
6
9
3
0
-9
-15
-3
14
27
16
-20
-45
-31
10
36
37
13
-23
-36
-21
3
32
36
5
-27
-34
-19
8
29
26
6
-15
-22
-14
5
25
21
0
-20
-21
-5
11
16
8
-5
-13
-11
-6
2
10
9
9
-4
-12
-7
0
7
8
11
6
-3
-17
-21
-2
19
27
14
-12
-27
-27
-8
18
25
8
-11
-12
-5
0
6
10
4
-4
-5
-3
0
8
6
-6
-3
2
0
-1
2
0
-7
-2
2
4
6
2
-11
-12
5
13
2
1
0
-7
-5
0
3
6
2
-7
-9
-3
4
4
5
7
-5
-11
0
1
0
9
3
-3
-1
2
1
0
8
7
-6
-13
-2
-5
1
15
6
-5
-7
-5
-3
6
4
0
0
0
0
-5
-1
2
-1
-1
1
0
-1
-1
0
0
-1
4
4
1
-2
0
-3
-1
0
0
0
0
-1
-3
0
4
5
5
0
2
0
-7
0
4
-1
1
-2
-6
1
2
0
4
2
-5
-1
0
-3
3
4
-2
-4
-5
-1
0
0
2
-3
-3
-3
-3
3
1
0
5
5
2
0
0
0
1
1
-2
0
4
0
0
-4
-1
4
-4
-2
4
0
-2
0
0
-3
-2
0
0
1
0
0
0
0
-1
0
3
6
-1
-4
3
-1
-6
1
1
3
-3
-4
3
1
2
-1
-3
1
0
-2
-1
1
0
0
4
0
-3
7
2
-7
0
0
0
-1
0
0
-2
-2
0
0
2
-3
0
9
1
-1
0
-2
3
-3
-9
0
4
1
-5
-1
2
2
-1
-3
4
0
0
3
4
1
0
1
1
2
0
-4
0
1
0
0
0
0
-5
2
1
-5
-4
0
1
-2
0
1
1
3
0
0
0
-2
0
4
0
-4
0
0
1
-3
0
2
-5
0
2
0
0
-2
0
5
5
-5
0
2
-1
2
-3
1
6
-9
0
7
-2
7
1
-1
0
-9
0
0
-1
0
-5
0
-2
-2
4
0
4
3
0
9
0
-1
0
-5
-3
-3
-2
0
3
0
-3
0
0
0
2
4
1
0
0
-1
-1
0
-1
0
-3
3
2
-5
0
3
-2
-3
-2
1
0
-1
1
0
1
1
0
8
8
0
1
3
-2
-2
-2
-2
-2
-8
-5
3
2
-1
3
0
0
0
1
1
-6
-4
3
5
2
0
1
0
1
0
0
0
-4
-6
1
3
-5
2
0
-1
0
-1
4
10
-2
-6
2
2
7
-7
-6
5
0
-1
-3
-1
3
1
1
0
-5
3
3
-3
0
-8
-2
2
-6
1
2
0
6
1
0
2
-1
1
7
0
1
-4
-7
7
3
2
0
-1
-1
0
7
0
-3
-1
-3
0
2
-2
-4
-2
0
-2
-1
-2
0
2
-2
0
0
0
0
0
4
-2
0
5
-1
0
1
6
3
0
3
0
0
0
1
2
-4
-3
0
-2
-2
0
2
0
-2
2
0
-3
0
-2
0
0
-1
0
-1
-1
2
0
1
0
-4
1
0
-5
0
1
3
0
0
7
-1
-4
1
0
-2
-1
0
-2
-1
-3
-2
2
1
1
-2
3
-2
-4
0
0
2
1
3
5
0
1
0
0
1
0
0
2
-5
-1
2
0
1
0
-5
0
0
-9
2
5
1
6
1
-4
0
1
0
6
0
-2
0
0
4
0
0
-3
-6
-1
0
-4
-4
0
1
0
-1
-1
0
-1
0
6
1
2
6
-7
-1
7
-4
1
0
-2
9
3
-5
-2
5
1
-5
-1
0
0
4
4
-6
-4
3
-3
-3
5
1
0
4
-2
0
2
2
0
-6
0
-1
0
3
0
3
-2
-2
2
-6
-2
1
-4
5
9
-3
0
0
0
2
-1
0
-4
-1
3
-4
-5
5
-3
-4
5
-2
0
2
-3
3
2
2
5
-4
1
1
-6
4
0
-4
-2
-1
6
4
0
0
0
3
-1
-1
2
2
1
-2
-3
2
0
0
0
0
-3
-2
0
-6
3
5
-3
0
0
0
1
0
2
-1
-4
-1
-2
-1
2
-2
4
0
-5
0
3
5
-1
1
-1
1
2
-2
2
5
0
-4
0
0
2
2
-3
-2
-1
5
0
0
1
-5
0
0
-1
0
0
-2
6
4
-4
3
1
0
0
1
6
-2
-1
-3
-2
1
-4
-2
0
-2
-1
2
0
2
-1
-6
1
0
0
-2
-3
1
-1
2
6
-2
0
4
0
3
0
-3
0
0
-1
0
-1
-2
1
0
0
3
1
0
-3
-1
2
0
-1
-1
0
3
2
1
-3
0
0
-4
2
-1
-4
-4
-1
3
0
2
4
4
2
-3
-4
0
0
0
0
0
1
2
2
2
0
4
0
-2
-2
-5
-5
1
3
-1
0
1
0
3
0
-3
0
0
1
0
0
0
-5
0
-1
-3
0
1
0
-1
0
1
3
4
0
-1
2
2
-2
-3
-1
-1
0
1
0
1
7
-1
-3
0
0
4
-2
0
1
0
0
-1
3
1
-1
0
-2
-3
-2
0
1
1
0
-5
-2
2
-1
-2
0
2
0
2
-3
-6
2
2
0
0
4
1
-1
2
0
-3
0
0
-1
2
4
-3
-1
0
-1
0
0
1
6
1
2
0
-2
-2
-5
0
1
-1
1
0
-1
1
-1
0
0
0
2
0
0
0
0
0
0
-2
1
2
1
-2
-1
-2
-1
0
0
0
-1
0
1
1
-2
1
1
0
0
2
3
0
-1
-2
0
1
-1
0
0
-2
0
-2
1
0
-2
0
0
3
1
-2
-1
0
0
1
0
-2
0
3
0
0
1
-2
2
1
0
0
1
0
-2
0
0
0
4
0
-3
0
1
1
0
0
2
0
2
0
-1
-3
-4
2
-1
0
-1
-1
-1
0
-1
-2
0
-3
3
4
0
-1
1
1
-3
-1
2
0
1
3
2
3
0
0
1
0
-3
-3
0
1
3
0
0
0
-1
0
-2
-2
-1
0
-3
-3
3
1
-1
0
2
1
0
0
0
1
-2
-1
5
5
-2
0
0
-1
0
-2
0
-2
-5
-2
1
0
0
4
2
0
0
0
3
0
-2
0
0
0
-1
0
-2
-1
-1
0
2
-4
-4
1
-2
-3
2
2
1
-1
3
2
-2
0
0
0
2
0
3
4
0
2
4
-1
-1
2
-3
-3
2
0
-1
0
0
1
0
0
-1
-4
0
0
-1
0
0
1
3
1
0
0
2
-1
0
1
-4
-2
1
-2
-3
-1
0
0
1
-2
1
5
0
-2
2
4
-1
0
-2
-3
0
0
-2
0
5
1
-5
0
2
0
-2
0
-1
-1
2
0
0
-1
0
5
2
0
0
-2
1
0
4
1
0
5
0
1
1
-1
-3
-5
0
0
-5
1
3
-2
3
0
0
0
-2
0
-1
0
0
-1
-1
0
3
-3
-1
-1
1
5
-3
-1
4
1
-3
-1
1
0
3
1
0
0
1
0
-1
4
4
-1
-1
4
0
-1
3
1
-3
-5
3
-1
-3
2
-4
0
-3
-4
0
0
2
0
0
0
2
0
0
4
-2
-3
4
1
0
-1
-4
5
8
-3
0
2
-2
-3
2
0
-3
-1
2
-3
-2
2
-4
0
3
6
1
-5
0
1
0
-1
0
0
-3
-1
1
1
-4
-4
0
0
0
4
3
0
0
1
0
0
0
0
0
1
3
2
-1
-2
-1
0
0
0
0
0
0
1
0
-4
1
-1
2
2
-2
-1
4
3
-4
-3
-3
1
0
0
1
0
0
-2
-3
1
0
2
2
2
3
5
1
0
0
0
0
-3
2
-2
-4
4
0
0
-1
-2
0
-2
0
0
-1
0
0
-1
0
2
0
-1
2
2
-3
0
0
-1
2
2
1
-4
-2
1
1
-1
-3
1
2
-1
0
1
0
0
-1
0
1
-1
-1
2
0
2
3
0
4
1
-3
-1
-1
-1
-1
-1
1
-2
-2
3
3
-4
-1
0
-1
-1
0
0
2
1
2
1
-1
1
0
-2
-1
0
4
2
0
-1
1
0
-4
-6
-3
0
-1
5
5
-1
-3
0
1
0
-1
-2
1
2
2
0
-1
0
-2
0
0
3
3
0
4
1
-4
-1
2
0
0
-3
-3
0
0
1
1
0
-1
-1
3
-1
-1
5
-1
-3
-3
-2
-2
1
3
1
-1
-1
0
-2
0
0
1
5
1
1
0
0
4
1
-3
-4
0
-4
1
0
-3
1
0
1
1
-4
-5
0
1
2
4
0
2
0
0
0
-2
0
-1
0
2
0
5
6
-1
-3
1
-7
0
8
1
2
-2
-5
-1
-1
-2
3
0
-7
1
2
1
2
-1
0
0
-1
-3
4
4
0
0
4
-2
-1
4
-7
-1
7
2
0
3
-1
-4
4
-4
-2
3
0
-1
0
0
-1
-1
-2
-4
-1
0
-4
0
4
-2
1
2
-1
2
2
4
0
0
6
-4
-5
2
-2
1
1
-5
6
2
-6
1
0
-2
1
2
-4
1
0
-2
6
2
-9
-1
5
0
-2
2
0
-5
4
1
-5
3
-2
-4
6
2
-5
0
3
1
3
1
0
2
0
2
2
-4
-1
-2
-2
0
-1
-3
2
1
-6
-3
8
-3
-7
7
0
-3
5
-4
0
10
-7
-8
9
5
-2
0
0
0
1
-3
-3
6
6
-8
-2
5
-1
0
4
0
0
-2
-2
6
2
-6
-3
3
2
-1
-3
0
4
0
-8
-5
5
1
-6
-3
4
1
-4
0
1
0
0
2
0
3
6
0
1
3
-2
-6
3
5
1
0
-1
0
0
0
-1
3
0
-3
-2
1
6
-1
-4
-2
0
2
-3
-8
4
0
0
4
-2
0
7
-3
-4
5
0
0
0
0
0
0
0
0
0
-1
1
1
0
-2
0
1
0
2
-3
-1
3
-1
1
3
-5
-1
1
-1
-1
-2
2
2
0
0
-1
1
3
-3
-1
4
1
2
3
-2
2
0
-6
1
2
0
0
0
1
-2
0
0
0
0
-4
0
0
-2
0
5
3
-9
-6
3
1
1
0
0
1
-1
-3
-1
1
3
2
1
-3
0
6
2
0
2
0
0
-1
-3
2
1
5
3
0
-3
-7
0
-2
0
2
0
0
-3
-6
0
-1
0
4
0
2
-3
-3
0
1
5
3
1
1
2
-4
-4
0
0
0
3
1
-5
-4
0
2
1
0
-3
-1
-1
0
1
-2
-2
0
2
1
0
0
1
5
4
0
0
-2
-1
1
1
0
0
-1
1
3
2
2
0
-1
-1
-1
1
-2
-4
0
-2
-4
-2
-4
-2
0
0
0
0
1
4
0
0
4
0
0
1
2
3
2
2
1
0
0
1
-1
-3
-2
-1
-3
-2
0
-2
0
4
2
0
2
0
0
-2
-1
0
-1
1
0
0
1
-3
-1
-4
1
4
-1
0
0
1
-2
-2
2
0
-3
0
0
-3
1
0
-2
0
3
1
2
0
0
3
2
3
-4
0
4
-1
1
-1
-1
0
-2
0
0
0
0
-3
-4
0
-1
2
1
-4
1
1
0
2
0
0
3
-1
-1
0
-1
-1
3
3
-5
-1
4
2
1
6
0
-4
0
0
0
3
0
-2
0
-3
-3
4
0
0
-1
-2
1
0
2
0
0
0
-3
-3
2
0
0
4
-6
-5
1
0
-2
6
2
-3
1
-1
-2
1
1
-3
0
0
0
1
3
1
0
0
-1
4
-1
0
1
-2
0
0
-1
-1
1
-1
0
2
-2
-1
1
0
0
1
0
-1
0
0
0
2
0
-1
0
-1
0
0
-3
0
3
-1
0
1
-1
2
1
1
0
-4
0
0
-2
1
2
3
0
0
3
-4
-1
1
0
3
0
0
0
-3
-1
0
-3
1
3
2
0
-1
-1
2
-1
-3
-1
-1
3
5
0
-3
-7
-4
0
0
3
3
3
3
-1
-9
-9
-1
4
6
4
5
1
-3
-4
-6
-5
4
12
7
3
-1
-5
-5
-3
-2
-2
5
5
1
0
-2
-5
-1
-1
-3
1
3
4
1
-2
-1
-2
-2
0
0
0
4
3
0
-2
-3
-4
-1
1
2
3
0
3
1
-2
1
0
0
0
-1
1
0
0
3
0
1
1
-3
-5
-2
0
-1
0
3
3
-4
-3
1
-2
-5
2
1
0
5
-1
-3
0
0
0
0
4
2
2
5
-1
-4
3
0
-3
-1
0
3
1
-2
0
-3
-4
2
-1
0
2
-1
3
0
-4
-2
4
2
-1
0
3
2
0
-1
1
-2
-3
1
-1
-1
1
1
0
1
2
-3
-2
0
1
0
-1
-3
0
5
0
-5
0
7
3
1
1
-3
-4
1
5
0
-3
-2
-1
0
1
0
-3
-1
3
3
0
-5
-4
2
6
3
-2
-4
-3
2
6
0
-6
-2
1
3
1
-2
-2
0
4
0
-1
0
1
4
1
0
0
-2
-2
0
-1
0
0
0
0
1
1
-5
-2
3
2
0
-1
-1
0
1
0
0
3
2
-3
0
0
-1
0
-1
-2
0
3
-4
-7
0
0
5
2
-2
3
0
1
2
0
-4
0
1
2
4
1
-1
-4
0
1
-1
-1
-1
1
0
-1
0
-4
-3
0
2
3
0
0
2
3
-1
-2
1
2
0
0
2
-3
-3
-1
-4
0
0
1
3
1
-2
0
0
0
3
0
0
0
0
-1
-3
0
3
1
0
0
2
2
0
-2
1
-1
-3
0
-3
-1
-1
-6
2
1
0
0
3
0
0
3
0
0
1
0
-2
2
0
-1
2
0
0
3
0
0
0
-1
0
-1
0
2
-1
-2
0
-1
1
0
0
0
-2
0
5
0
0
5
1
0
0
0
-1
0
1
0
1
-3
-1
0
-2
-3
-3
-2
0
0
0
6
2
-3
2
2
-3
0
2
1
1
-2
1
0
-1
0
-1
-4
0
-1
-2
0
1
1
0
-4
1
1
0
0
-1
1
-1
-1
0
1
0
1
2
-1
0
-2
0
0
-2
0
1
0
1
1
0
-1
0
4
0
-2
3
3
-1
0
-1
0
1
0
-1
0
-3
-4
3
1
-4
1
2
0
-1
-2
0
2
-1
0
3
-1
-1
0
-2
-2
1
0
3
2
-3
-1
2
1
-2
-2
0
0
2
3
0
0
1
2
0
-6
-2
0
0
2
1
0
3
1
-1
0
0
0
0
-1
0
1
1
-1
-1
-2
0
1
1
0
-2
0
1
0
-3
-4
1
0
-2
1
1
0
-2
0
2
-1
-3
-1
0
0
0
-1
0
3
0
2
4
0
-1
2
2
0
1
-2
0
4
-1
4
1
-4
0
1
-4
-3
0
-3
-2
0
0
0
-1
2
-2
0
5
0
0
0
3
0
-3
3
2
-3
0
0
-1
1
-1
-1
2
1
0
-3
2
2
-2
0
1
0
0
0
0
3
0
-2
0
0
-1
0
0
-1
-1
0
1
0
0
0
0
0
1
2
-1
-1
0
0
0
-1
-2
2
-1
-2
2
0
3
2
-1
2
3
0
1
1
-3
0
0
0
-3
-4
0
0
-2
-4
2
0
-3
1
3
0
-1
0
0
0
2
0
-1
0
-1
2
1
2
5
0
0
-1
0
0
-2
-1
2
0
0
0
0
0
-3
2
1
0
0
0
0
-1
-3
1
2
-1
0
0
0
1
0
1
-3
0
1
-1
2
0
-2
0
0
-1
0
4
0
0
0
0
2
-3
0
0
-1
-1
0
0
0
1
2
0
-2
-2
2
0
0
0
-2
0
-2
1
2
-2
-4
4
2
-5
0
2
-1
0
-1
0
0
0
4
3
0
-2
0
1
2
0
-2
-1
0
0
2
1
-5
-5
2
3
0
0
-1
0
0
-1
0
0
0
0
1
2
-1
-2
-2
1
0
0
0
0
2
1
-1
1
2
0
-1
0
0
-2
-1
0
0
-1
-2
-1
0
0
1
1
1
5
3
2
0
3
2
0
0
0
0
-2
0
0
-4
-3
-3
-1
-4
-6
-2
0
-2
-4
1
0
0
3
0
2
5
4
2
3
4
3
3
-1
0
2
-2
0
-2
-3
-4
-2
2
-3
0
4
0
0
-2
0
1
-2
-1
1
-1
0
1
-1
2
0
0
-1
-2
0
1
4
3
1
2
3
1
0
4
-1
-5
1
0
-5
-3
0
0
1
2
0
1
0
1
0
-3
0
-2
0
3
1
0
-4
0
0
0
2
-1
-6
-2
-1
0
2
2
-1
-3
0
-2
0
5
3
-2
-2
0
3
7
7
1
-6
-9
-3
3
7
8
0
-5
-8
-7
0
9
8
1
-4
-6
-6
-1
-3
-3
-4
12
16
11
-23
-47
-28
26
85
63
-3
-96
-92
-22
83
111
43
-54
-110
-64
17
90
76
17
-54
-71
-34
26
64
45
5
-50
-48
-36
24
41
48
5
-40
-50
-43
29
46
66
-8
-39
-70
-15
26
57
29
-17
-38
-34
11
22
36
0
2
-21
3
0
6
-6
