0
0
0
0
0
0
0
0
0
0
0
0
0
0
0
0
0
0
0
0
0
0
0
0
0
0
0
0
0
0
0
0
0
0
0
0
0
0
0
0
0
0
0
0
0
0
0
0
0
0
0
0
0
0
0
0
0
0
0
0
0
0
0
0
0
0
0
0
0
0
0
0
0
0
0
0
0
0
0
0
0
0
0
0
0
0
0
0
0
0
0
0
0
0
0
0
0
0
0
0
0
0
0
0
0
0
0
0
0
0
0
0
0
0
0
0
0
0
0
0
0
0
0
0
0
0
0
0
0
0
0
0
0
0
0
0
0
0
0
0
0
0
0
0
0
0
0
0
0
0
0
0
0
0
0
0
0
0
0
0
0
0
0
0
0
0
0
0
0
0
0
0
0
0
0
0
0
0
0
0
0
0
0
0
0
0
0
0
0
0
0
0
0
0
0
0
0
0
0
0
0
0
0
0
0
0
0
0
0
0
0
0
0
0
0
0
0
0
0
0
0
0
0
0
0
0
0
0
0
0
0
0
0
0
0
0
0
0
0
0
0
0
0
0
0
0
0
0
0
0
0
0
0
0
0
0
0
0
0
0
0
0
0
0
0
0
0
0
0
0
0
0
0
0
0
0
0
0
0
0
0
0
0
0
0
0
0
0
0
0
0
0
0
0
0
0
0
0
0
0
0
0
0
0
0
0
0
0
0
0
0
0
0
0
0
0
0
0
0
0
0
0
0
0
0
0
0
0
0
0
0
0
0
0
0
0
0
0
0
0
0
0
0
0
0
0
0
0
0
0
0
0
0
0
0
0
0
0
0
0
0
0
0
0
0
0
0
0
0
0
0
0
0
0
0
0
0
0
0
0
0
0
0
0
0
0
0
0
0
0
0
0
0
0
0
0
0
0
0
0
0
0
0
0
0
0
0
0
0
0
0
0
0
0
0
0
0
0
0
0
0
0
0
0
0
0
0
0
0
0
0
0
0
0
0
0
0
0
0
0
0
0
1
0
0
0
0
0
0
-2
-2
-3
-3
-1
-2
-2
0
0
1
1
1
3
3
4
0
-1
0
-1
0
0
0
1
0
0
-3
-5
0
1
3
0
0
2
1
1
0
1
0
-2
0
0
2
2
0
0
0
0
0
-1
0
2
4
4
-2
-3
0
1
0
-3
-6
-2
0
-2
-3
-3
-1
-1
0
1
0
1
4
4
1
1
-1
0
1
-1
2
1
0
0
-2
-1
1
2
0
0
-2
2
0
-1
1
0
0
2
4
3
0
1
0
-2
0
-4
-2
-1
-1
-2
-2
-4
1
2
-1
-1
-5
-2
1
0
-3
-2
1
5
3
1
2
2
3
1
0
0
-1
0
3
2
-1
-2
1
0
-1
-2
-4
-1
1
-1
-2
-1
1
0
1
0
0
4
2
-1
0
3
2
0
0
-1
-2
0
-1
-2
0
0
-1
0
0
-3
-3
-1
-1
-5
-6
-5
0
5
1
0
0
0
1
3
5
4
3
5
2
2
1
1
2
4
1
-7
-2
0
0
0
-3
-2
-2
-3
-2
-5
-5
-3
-5
-1
0
0
0
2
5
7
10
8
5
5
3
-1
-2
-4
-6
-3
-7
-2
5
2
0
-3
-8
-11
-9
-5
3
11
19
21
14
2
-10
-25
-31
-26
-16
2
23
43
55
46
26
-1
-29
-51
-61
-51
-28
3
37
56
57
40
7
-29
-55
-64
-58
-33
1
33
51
58
49
24
-6
-36
-56
-62
-59
-52
-49
-34
-22
-6
16
43
81
110
128
136
121
87
42
-4
-45
-70
-78
-57
-25
2
20
23
9
-16
-58
-102
-140
-164
-166
-146
-100
-48
3
50
92
132
156
156
137
106
68
27
-13
-54
-87
-101
-84
-49
-7
41
84
121
126
113
95
61
17
-22
-55
-75
-95
-116
-127
-121
-102
-73
-29
19
61
97
121
118
86
39
-13
-61
-90
-94
-75
-45
-18
23
60
67
48
15
-17
-46
-66
-65
-48
-10
34
69
114
143
149
134
93
40
-19
-83
-136
-170
-177
-156
-113
-65
-27
7
26
27
27
14
9
11
8
21
38
57
86
101
109
110
103
90
65
27
-7
-31
-58
-85
-99
-112
-124
-131
-123
-81
-32
6
41
71
93
101
89
74
64
39
12
3
-5
-9
-6
1
12
21
27
30
29
10
-17
-43
-61
-68
-62
-54
-39
-17
8
33
51
61
63
53
29
11
3
-9
-26
-45
-60
-70
-70
-56
-37
-17
-4
1
8
18
12
2
-10
-22
-27
-29
-19
0
18
41
59
68
68
61
51
43
33
20
6
-4
-19
-27
-35
-46
-54
-61
-61
-60
-62
-57
-47
-34
-22
-5
10
26
39
58
74
81
85
81
75
71
58
41
26
9
-4
-13
-17
-28
-35
-33
-30
-26
-24
-29
-35
-33
-28
-17
-8
-4
0
5
15
24
26
24
22
14
3
-6
-16
-18
-20
-14
-3
3
6
6
0
-6
-12
-17
-21
-17
-13
-12
-7
-4
2
9
15
17
12
9
6
3
0
-7
-7
-15
-18
-14
-18
-21
-20
-13
-2
4
14
14
13
11
6
2
-2
-4
-9
-12
-12
-13
-10
-13
-14
-7
0
12
23
25
32
34
36
42
42
45
42
38
35
27
17
3
0
-6
-18
-22
-29
-32
-42
-49
-47
-48
-49
-46
-42
-39
-32
-28
-21
-15
-10
-1
8
20
27
33
38
36
36
33
23
18
12
6
-4
-14
-15
-17
-14
-16
-8
-5
-3
3
3
8
17
19
21
16
7
5
0
-3
-8
-17
-27
-37
-41
-39
-44
-43
-35
-29
-13
-3
9
21
24
27
33
43
48
55
58
52
40
26
13
1
-3
-6
-10
-11
-15
-16
-24
-38
-46
-44
-40
-35
-28
-25
-19
-21
-15
-6
-1
14
26
43
55
51
51
47
32
23
10
-1
-1
-3
-2
-12
-31
-44
-47
-36
-30
-20
-10
-7
0
2
12
17
10
0
-2
-1
-6
-4
-8
-6
-8
-1
4
3
2
0
2
12
25
29
28
25
22
16
13
8
0
-11
-13
-13
-22
-20
-19
-18
-16
-7
3
-6
-11
-4
-3
-1
6
10
6
0
-4
-2
-6
-8
0
2
-3
0
5
3
4
11
17
14
10
10
7
4
4
0
-4
-5
-1
0
-1
-1
-2
-6
-8
-2
6
12
11
10
2
-8
-12
-13
-11
-4
0
0
-5
-7
-5
0
3
4
8
13
11
3
5
6
0
5
6
4
2
3
6
0
-5
-5
-4
-3
-2
0
5
0
-10
-12
-15
-15
-18
-19
-15
-13
-12
-11
-7
0
2
8
13
8
11
11
11
14
13
11
10
11
12
12
12
11
8
6
2
-3
-2
-7
-10
-11
-13
-9
-10
-11
-11
-9
-9
-6
-6
-7
-2
-1
1
5
6
2
2
6
10
8
8
9
8
8
6
0
-1
0
1
-1
-1
2
1
-2
0
3
1
0
-3
-6
-1
0
-2
0
0
0
-1
-2
-3
-3
-5
-4
-3
-4
-3
0
0
-3
-5
-6
-5
-3
-2
-1
0
0
-2
-2
0
-3
-2
1
1
4
3
0
-1
-1
2
8
7
6
4
1
6
8
6
5
4
7
6
7
3
0
2
3
1
0
-2
-4
-5
-6
-7
-7
-6
-4
-1
-3
-1
2
3
3
0
0
-1
3
2
-1
-2
-2
-1
1
0
-1
-4
-3
-1
0
-1
-4
-1
0
-3
2
3
-1
-1
0
-1
0
1
1
1
0
2
3
0
0
0
0
2
1
0
-1
0
2
0
-1
0
-1
-3
-1
1
0
-2
-1
0
1
2
3
5
4
2
3
0
0
-3
-2
0
-5
-3
0
0
-1
0
2
0
0
-1
0
-2
-1
1
1
3
4
4
2
0
-1
-2
-1
0
-1
-2
-2
0
1
3
4
1
-1
-2
-3
-2
-2
0
1
2
3
1
1
1
-1
-2
-3
-4
-2
0
-1
-2
-1
-2
1
3
2
0
-1
0
-1
0
0
-1
0
-1
-1
0
4
2
0
2
2
0
0
0
0
2
0
-1
2
2
-1
1
1
1
0
1
3
-2
-4
0
1
-2
-5
-1
0
0
0
0
2
2
0
1
1
0
-2
-2
0
0
-1
-1
0
1
0
0
0
0
0
0
0
0
0
1
2
0
-4
-1
0
-2
-1
0
0
0
0
-2
0
0
0
2
1
-1
0
0
1
1
0
0
0
0
1
0
2
0
1
1
0
1
0
0
-2
0
0
-3
0
0
-1
-1
0
1
0
-2
0
0
-2
1
1
2
3
0
2
3
1
1
-1
0
0
-1
0
0
0
0
-1
2
2
0
0
-3
-2
0
0
1
0
1
2
0
3
0
-3
0
-1
0
0
0
0
0
0
-1
-3
0
-1
1
0
-3
0
1
1
1
-1
0
1
0
1
4
2
1
-2
-2
-1
0
-1
-1
0
1
2
2
0
-2
0
-1
-2
0
2
3
0
-1
1
0
-2
-1
-1
1
0
0
-1
0
-1
-1
-1
0
0
-1
0
1
0
0
0
0
1
-1
0
0
0
2
-1
0
1
0
1
-1
0
0
0
0
0
1
-3
-2
0
1
0
2
0
0
0
0
-2
-1
1
0
-1
0
0
2
1
0
0
-1
0
1
2
0
-3
0
-1
-1
-1
-3
-4
0
0
0
1
0
1
1
1
2
0
1
0
-1
-3
-3
0
2
2
3
0
1
0
1
1
0
0
0
0
0
0
-1
-1
-3
0
0
0
-2
-1
1
0
-2
-1
-2
-1
0
-2
-2
0
0
1
1
0
0
2
0
0
0
0
0
0
3
0
0
0
-1
0
0
-2
-1
0
2
3
0
0
-3
-1
0
-1
1
0
3
2
0
1
1
1
0
0
0
0
-1
0
-2
0
0
-2
-1
-1
0
0
0
0
1
1
3
1
0
1
-1
0
-2
0
0
0
1
2
2
3
2
0
-1
-2
-2
0
0
0
-1
-4
-2
0
1
0
-1
-1
-1
0
0
0
1
-1
0
3
3
0
-1
0
0
0
0
0
0
0
0
1
0
0
3
-1
1
0
0
1
-2
-1
0
0
-2
0
-1
-1
-1
0
0
0
1
1
1
1
0
0
-1
0
1
0
-1
0
0
0
0
0
0
1
2
1
0
0
1
0
1
0
-1
0
-1
-2
0
2
-1
-3
0
0
0
0
2
0
-1
-1
0
0
2
0
-1
0
0
0
-1
0
2
-1
0
0
-1
1
0
1
3
0
-1
0
-1
0
3
-2
-4
0
0
2
0
-1
-1
0
4
0
0
1
-2
0
0
0
-2
-2
-1
-3
0
0
-2
1
1
3
2
0
0
2
0
-1
0
0
1
0
-2
0
1
0
0
-1
-4
-2
-2
0
2
0
1
1
0
1
1
-1
-1
-3
0
2
0
0
-1
-2
-2
0
0
2
0
-1
0
1
0
-1
0
0
1
2
1
1
0
-3
-2
0
0
2
0
-1
-2
-1
0
-1
0
2
1
1
0
0
0
0
0
1
2
0
0
2
0
0
0
1
0
0
0
0
-1
0
0
-3
-1
-1
-4
-2
0
0
0
0
0
0
1
1
0
0
0
0
1
0
0
1
2
3
1
0
-1
0
1
1
2
0
1
2
0
-2
-3
-2
-2
-1
-2
-1
-4
-1
0
0
0
3
4
1
-1
0
0
1
3
2
0
-2
-2
-4
-2
0
0
0
3
1
0
0
-1
-1
-2
0
0
-1
1
0
2
2
1
3
2
1
-2
-3
0
-2
-5
-3
2
2
1
3
0
0
-1
-3
-1
-1
-1
0
0
-2
1
1
2
4
-1
0
5
1
-1
-3
-3
2
0
-1
2
0
0
3
1
0
-2
0
1
-2
-1
-2
0
1
0
0
2
-1
-1
0
0
0
0
0
0
-1
0
2
1
0
1
0
0
-4
-1
0
0
0
-2
-1
0
0
0
0
-1
0
0
1
0
0
1
3
0
-1
3
2
3
3
0
0
1
0
0
0
0
0
-2
-1
-2
-4
-2
-2
-3
0
-2
-2
0
-1
0
0
2
4
2
3
4
3
3
4
5
4
2
0
-2
0
0
-2
-3
-5
-6
-5
-4
-3
-5
-3
0
-1
-1
0
2
0
1
1
2
2
1
3
2
0
3
1
2
1
0
0
0
2
0
-1
-2
-1
0
1
-3
-2
1
0
-1
-1
0
1
1
1
-1
0
0
-1
-1
-1
0
0
0
-2
-5
-2
0
0
2
1
0
0
-1
0
2
5
3
2
0
0
0
0
0
0
-1
0
-2
-1
-2
-3
0
0
0
0
0
0
0
0
0
2
3
0
0
0
0
0
-1
-1
-1
-1
0
0
1
1
-2
0
0
1
0
-1
-2
1
0
1
1
-2
0
0
1
0
1
1
2
1
-1
3
0
0
0
-2
-2
-1
2
0
0
1
0
-1
0
-1
0
2
2
0
0
-2
-1
0
0
0
0
0
0
-1
-2
0
0
1
1
0
0
0
1
1
1
3
1
2
-1
-1
0
-3
0
-1
0
0
-1
0
-1
0
0
1
0
-1
0
0
-1
-2
-1
0
0
2
0
2
3
2
2
2
0
0
-2
-2
-2
-2
0
-1
0
0
0
0
-2
1
1
2
0
0
0
0
1
-2
-2
0
0
-1
1
1
1
2
0
0
1
0
0
-3
-1
-1
-1
-2
-2
0
0
0
2
0
0
1
0
2
0
0
0
0
1
-1
-1
0
0
0
1
0
0
0
0
-1
1
0
0
3
0
0
1
0
0
1
-1
-1
0
-1
-3
0
-1
-1
-1
0
0
-2
2
1
1
0
0
0
0
1
1
0
-1
-1
-2
-1
0
0
0
0
0
0
0
0
-1
1
1
1
1
0
0
2
0
1
1
-1
0
0
-2
-1
-2
0
2
2
2
0
0
0
0
0
-3
0
-1
0
0
-2
0
0
0
0
-1
-1
0
3
2
0
-1
0
0
0
0
-1
1
0
0
0
-1
0
0
0
0
0
0
0
0
0
1
0
0
0
0
2
0
0
0
-1
1
1
0
-1
0
0
1
2
0
0
0
2
0
0
0
0
1
0
0
1
-2
0
1
-2
0
1
0
-3
-2
0
-1
0
-1
-2
-2
1
0
0
0
0
-2
0
1
1
1
0
1
1
0
1
-1
0
0
2
1
0
-1
-2
1
1
-1
-2
-3
0
1
-1
0
-1
-1
-1
1
1
0
2
-2
0
3
0
1
-2
0
2
0
0
0
0
0
2
2
-1
-1
0
-1
0
1
0
0
-2
0
0
0
-1
-1
0
0
0
0
-1
0
0
0
0
0
0
0
-2
1
2
-1
0
3
-1
0
1
1
0
2
2
0
-1
-1
0
1
-1
-1
0
0
0
0
2
-1
-1
2
0
0
-1
0
-1
-1
0
1
0
0
-1
0
1
2
1
0
-1
2
2
0
-1
0
2
-1
0
-2
-2
-2
0
0
-1
0
-1
-2
0
0
0
0
0
1
1
0
0
0
0
0
0
2
0
-2
0
1
4
1
0
1
0
1
0
1
2
0
1
1
-1
-1
-1
-1
-2
-2
-3
-3
-1
0
0
0
0
-1
0
3
2
0
-1
1
2
1
2
-1
-2
0
0
-2
1
0
-1
0
2
2
0
1
0
-2
-1
0
-3
-4
-1
-2
0
1
1
-1
0
1
3
1
1
0
0
3
5
4
3
1
0
0
0
0
-2
-4
-3
-3
-1
0
-4
-3
1
1
1
0
0
-1
-2
1
0
0
0
-2
0
2
4
0
-1
0
-1
2
2
0
0
0
0
0
0
-1
-3
0
0
0
1
-2
0
1
2
0
0
2
-1
1
0
-4
-2
0
-1
0
0
-3
0
1
1
1
2
0
-2
0
0
-2
-1
0
0
1
2
1
0
3
2
0
-1
-2
-2
0
1
0
0
-1
0
1
0
0
-2
-2
0
0
0
2
1
0
0
0
0
0
0
-2
-2
0
1
1
0
0
-2
0
2
1
0
0
1
0
0
3
1
0
-1
1
1
-1
-1
0
-2
-1
-1
1
0
-1
1
3
1
-2
-1
1
2
0
0
1
1
-2
-4
0
0
0
-1
-2
1
1
2
0
0
-2
0
2
-1
0
0
0
0
1
2
0
-2
0
1
0
-2
0
0
0
5
2
0
0
2
2
-5
-2
1
-1
-5
-1
3
0
1
0
0
-1
-3
2
3
0
1
0
0
3
1
1
0
-1
0
0
-3
-5
0
1
3
2
-2
2
-1
0
4
-3
-1
-2
-2
1
2
0
2
5
0
0
0
-3
-2
3
-2
-4
0
0
0
3
0
0
0
-1
0
1
0
0
-2
-1
0
-1
0
1
-2
0
0
0
2
0
1
1
-1
0
0
-1
3
2
0
2
3
3
0
0
-2
-5
1
0
-4
-2
1
-2
-3
0
0
-4
0
2
-1
0
3
2
0
-3
0
5
3
0
0
1
-1
1
1
-2
2
-1
-2
3
0
0
0
0
0
-1
0
-1
0
0
-1
-2
0
0
0
-1
0
0
0
1
2
2
-1
-1
3
3
-1
-5
-2
-1
0
-2
-4
0
0
1
3
2
0
0
3
1
1
0
-1
1
1
0
0
0
0
1
1
0
-3
-1
1
-2
0
-1
-3
0
3
3
-2
-1
4
0
-1
7
2
-9
-2
5
3
-4
-4
-1
0
-5
-3
0
0
-4
-3
5
5
1
0
1
1
2
0
2
5
-7
0
3
0
6
3
0
0
-1
0
0
-2
0
1
-2
-1
0
-2
0
0
-1
0
1
-2
-4
-1
1
0
0
3
2
-2
0
-3
-1
0
-2
3
3
-2
-5
-1
1
3
3
0
-2
-1
3
4
1
-3
-2
3
6
4
-1
-2
0
0
3
0
-1
-4
-5
2
5
-1
-3
-1
0
0
0
-1
-2
-2
3
6
5
-6
-8
0
0
6
-1
-6
0
2
4
4
0
2
5
3
2
1
-1
-7
-5
-4
0
3
1
-4
-7
0
7
5
-4
-10
-5
5
5
2
0
0
1
3
7
4
1
-1
-1
-1
0
-2
-7
-2
0
0
0
0
1
0
1
1
-1
-2
1
4
6
0
-9
-6
5
10
6
-7
-12
-2
4
8
0
-13
-9
2
19
6
-11
-11
-1
12
13
0
-17
-10
8
14
8
-6
-17
-6
8
11
0
-7
-7
0
8
4
1
2
1
-2
-1
2
1
-1
-2
-6
-3
5
3
2
-2
-6
1
6
6
-1
-4
-7
2
11
1
-2
-6
-6
0
3
1
-9
-7
1
5
0
-2
1
2
0
5
6
5
3
-1
-2
0
2
6
-1
-6
-4
-1
1
3
-4
-8
-2
2
0
2
1
1
0
-3
-2
2
2
3
2
-2
-4
2
4
-5
-4
-4
1
7
2
0
-1
-2
0
1
0
2
0
-2
1
2
0
-2
-3
0
0
-2
0
2
1
2
-2
-6
0
1
0
-3
-4
4
4
2
2
-4
-5
0
4
8
-5
-12
2
14
12
-1
-14
-5
15
13
-3
-12
-5
3
0
1
1
0
-6
-10
4
13
6
-16
-21
8
21
7
-12
-24
4
31
6
-24
-20
10
27
8
-27
-25
11
34
8
-29
-21
10
27
10
-19
-18
5
22
17
-7
-19
-12
5
24
10
-27
-36
0
43
33
-20
-40
2
45
28
-22
-48
-15
25
17
-19
-39
-14
23
36
22
-8
-24
1
35
35
-8
-45
-30
21
38
-5
-39
-27
11
33
7
-26
-23
8
25
7
-16
-11
9
22
8
-10
-9
6
19
7
-10
-4
7
5
0
-3
-2
-5
-15
-13
5
13
-6
-27
-24
-2
12
5
-4
-13
-11
11
31
20
-6
-16
11
37
24
-17
-30
13
39
4
-31
-21
20
29
0
-16
-12
11
11
-6
-10
-3
-10
-18
-7
-9
-9
0
-9
-5
3
6
12
7
-2
-1
10
16
2
-19
-11
13
9
-10
-24
-11
16
23
9
-9
-8
5
13
12
5
-6
-11
-1
8
-1
-20
-17
3
11
2
-6
1
13
11
-8
-10
11
19
5
-17
-23
0
20
9
-16
-27
-5
26
25
-7
-22
-2
16
12
-10
-15
3
3
0
-4
-7
0
-5
4
12
5
-7
-18
12
27
5
-24
-26
17
40
16
-28
-38
1
46
29
-34
-52
-11
40
36
-18
-43
-18
23
42
14
-24
-30
-5
27
29
-3
-35
-31
4
33
23
-14
-28
1
28
23
-9
-32
-2
29
20
-17
-38
-9
25
23
-12
-40
-24
23
44
0
-43
-19
35
56
6
-45
-25
27
42
0
-49
-35
9
23
3
-16
-14
0
17
18
1
-3
8
15
-1
-16
-4
14
3
-22
-27
5
26
2
-19
-11
16
21
-6
-24
3
32
12
-35
-40
15
48
17
-34
-37
10
41
28
-17
-46
-12
34
27
-21
-37
-9
28
25
-12
-27
2
28
7
-22
-24
8
23
2
-16
-8
16
23
8
-12
-9
9
10
-9
-20
-14
2
18
10
-6
-8
8
12
3
-12
-19
-7
3
-3
2
10
9
7
5
7
3
-2
-7
-14
-29
-19
6
22
0
-21
1
36
38
-6
-38
-10
28
11
-28
-25
12
32
21
-6
-16
0
18
8
-27
-35
-12
13
15
-1
-8
1
24
30
-1
-33
-18
12
8
-20
-29
-4
22
23
4
-1
13
16
7
-1
-6
-9
-8
-7
-9
-9
-8
-7
4
7
2
-1
2
11
7
0
-3
1
11
2
-6
-11
0
11
2
-18
-14
9
14
0
-7
-9
5
14
0
-4
0
0
-2
2
6
4
-4
-7
7
12
3
-13
-17
2
11
0
-20
-22
1
18
7
-12
-11
9
27
18
-6
-15
5
15
5
-9
-9
-2
3
5
-3
-3
-1
-4
0
6
1
-9
-14
-1
11
5
0
-4
2
11
4
-10
-1
15
6
-16
-15
8
15
1
-12
-12
7
18
5
-14
-16
5
15
2
-9
-8
0
6
7
-6
-8
1
0
0
2
-6
0
9
2
0
3
0
-2
2
4
1
-4
-6
-1
2
0
-2
-4
-4
2
2
0
-4
-1
5
5
1
-4
-4
4
3
-1
-3
-1
0
4
2
-5
-4
2
2
-3
-1
-1
2
2
-1
0
2
4
0
-2
-1
2
4
0
-2
-4
0
6
4
-4
-4
0
4
2
-3
-1
-3
0
3
-2
-9
-2
0
0
1
-3
0
6
2
-1
2
5
6
3
-1
0
0
0
-5
-7
0
4
-6
-7
2
3
2
0
-1
3
13
3
-6
0
0
-3
-6
-2
0
0
0
0
3
1
-1
-2
0
4
0
1
0
-2
-2
-2
-7
-6
0
0
0
1
1
4
12
8
0
2
4
2
-4
-3
-3
-5
-3
-6
-7
-1
7
4
-1
2
5
4
1
0
-4
-4
0
-2
-6
0
5
1
-1
1
2
5
4
-2
-1
1
3
-3
-2
0
-7
-2
-3
-4
2
5
-1
-2
5
1
0
2
0
0
5
3
-1
1
0
-2
0
-2
0
-2
-3
-2
-1
0
0
5
5
1
6
5
-2
-4
0
-2
-4
-3
-3
-2
-6
0
3
0
4
3
0
1
2
-1
-4
-2
0
1
-1
-5
2
1
-1
3
0
1
4
-2
-3
-1
-2
-1
-2
2
3
-1
1
4
5
0
0
1
0
1
-1
0
0
0
-1
-3
0
1
0
-1
2
0
0
-2
-3
0
-1
-1
-1
0
5
0
-3
3
0
-3
1
0
0
1
-3
0
0
0
-2
3
3
-3
-1
1
0
0
0
1
-3
-1
3
1
-2
-3
4
1
-5
5
3
-3
-1
0
-1
-1
0
0
0
0
-2
2
1
-2
1
1
0
0
0
-1
0
3
0
0
1
0
0
1
0
-1
-1
-2
0
1
0
0
0
0
1
1
1
1
0
0
-2
-1
1
0
1
0
-3
-1
0
0
0
0
0
-1
-2
0
2
2
1
-1
-1
0
4
2
-3
0
0
-2
0
-2
0
3
1
-3
-1
2
3
0
1
3
0
0
-1
-4
0
3
-4
0
1
-3
5
1
0
1
-3
0
0
-4
-1
6
-1
-3
3
0
-2
0
-1
1
0
-2
-1
-1
2
5
3
-1
-1
0
0
-1
3
1
-1
-1
-2
2
2
-2
-1
3
3
0
-2
4
2
-4
-3
-3
-2
0
0
1
0
-4
0
3
4
-3
0
5
2
0
-4
-7
-1
10
1
-7
-2
-2
8
7
-10
-4
4
4
0
-4
-2
-1
6
4
-5
1
0
-12
6
18
-15
-18
15
19
4
-16
-18
10
11
4
-4
-25
-10
30
38
-26
-36
21
8
23
1
-59
19
37
-37
-15
58
11
-78
13
29
-20
46
-20
-22
16
-60
48
47
-66
4
1
1
17
-55
41
82
-64
-67
21
92
15
-119
33
75
-45
1
-55
12
101
-59
-52
19
16
9
-31
51
-64
-34
136
-73
-35
61
37
-50
-168
208
190
-346
-112
277
73
-134
-90
105
60
-89
37
64
-151
0
159
-75
-78
3
93
50
-140
31
89
-10
-36
-36
44
2
-73
-2
59
23
-96
-15
117
-44
-56
-1
26
14
-82
36
13
0
-19
19
107
-65
43
1
-47
126
-1
-86
-67
102
14
-103
36
2
32
-67
6
47
-70
59
0
-115
-5
119
-61
-78
62
-22
35
36
-29
5
34
5
-24
72
-49
18
-32
3
114
-67
-26
-36
6
74
-22
-54
-35
93
-75
-48
147
-139
4
164
-55
-51
59
27
-38
-7
6
-125
2
63
-44
14
-11
35
71
-3
87
-46
-60
90
-87
-143
89
-15
-137
56
149
-53
-98
148
94
-46
-4
-81
83
57
-129
-3
-1
54
-25
-138
153
68
-147
-17
-6
23
21
-18
92
-48
-79
169
0
-118
88
-84
-31
153
-120
10
12
-64
154
-132
-117
219
-82
60
137
-181
-70
141
43
-178
-27
46
-58
190
-76
-62
103
-13
5
30
-40
-137
179
40
-151
54
-20
-79
56
41
-92
98
13
-47
58
11
71
-130
35
31
-247
115
129
-106
66
-71
-1
65
-108
22
157
7
-64
85
-52
-91
78
-20
-61
-46
59
24
-20
22
-16
63
112
-124
-92
42
49
-8
-131
123
88
-123
-156
138
207
-213
-103
204
-40
52
-64
-81
173
-57
-85
-15
197
-129
-98
150
-155
75
53
27
28
-123
-73
23
-29
-20
76
85
121
-51
-18
-12
56
-94
-27
-7
-7
80
-222
37
132
-18
-150
144
225
-257
43
83
-208
50
92
33
-109
152
-43
-160
106
31
-11
62
130
-229
-51
-32
-61
127
146
31
-218
95
75
-116
-12
-107
67
124
-26
35
-77
-23
187
67
30
-188
-21
-83
44
-111
-122
130
101
-55
-171
213
69
158
91
-203
-49
30
-20
27
-181
-30
30
46
28
29
200
-162
-162
61
22
7
-61
29
127
38
-30
-17
70
55
-111
-98
-88
-48
88
-26
79
242
-98
-134
219
-32
-111
-6
-95
-53
-47
1
16
-159
203
-58
-45
418
-31
-157
26
113
23
-272
-46
282
-17
-45
-9
-11
-155
-119
59
39
-74
-41
-31
-12
226
61
33
327
78
-266
-202
-11
62
-95
16
24
-85
-43
-36
101
66
-4
-37
-35
255
-135
-155
50
61
69
3
-13
-117
106
35
-67
-184
134
144
-177
57
82
4
-143
-94
319
-88
-70
92
-78
-54
-297
-45
217
340
63
-139
94
20
-124
-165
-52
162
-48
-211
146
-90
-21
143
-1
129
11
-20
11
28
-1
26
-62
-186
-74
125
142
-150
-68
80
53
31
-13
5
-148
-10
105
62
51
23
-6
-19
96
-58
23
-20
-208
-3
-129
92
146
-204
91
53
-81
86
92
-56
-139
105
149
89
-28
-65
-4
39
48
-46
-39
-103
-6
-95
-109
-24
-88
40
20
220
142
-76
12
64
94
-104
-97
106
-32
-30
80
114
-91
-60
37
-152
-67
-77
-104
2
1
73
-5
2
181
245
31
-39
9
-42
40
-126
-129
-57
-15
31
169
126
-63
-59
-31
-12
-169
-209
-31
122
-56
-29
195
78
59
177
221
44
-226
-32
84
-165
-179
-69
-39
-27
37
33
81
-35
-64
70
79
-33
30
158
-59
-93
-69
43
185
-34
-177
-10
-12
-14
208
58
-132
-83
42
145
-43
-149
-81
17
91
-2
-75
-31
26
-1
-8
-64
17
48
83
131
44
-30
-20
151
2
-224
-71
101
-46
-126
-84
-1
78
-24
-66
-58
72
117
86
52
-24
98
129
-87
-103
76
-98
-71
82
18
-90
-138
11
49
-21
-98
43
54
-101
-52
200
123
-47
110
8
-61
-9
13
-42
-58
-36
50
105
-26
-109
-103
3
70
111
-57
-65
91
35
-19
115
17
-134
15
-29
7
-17
-65
-10
23
30
-136
-2
67
-29
32
50
17
85
-25
-87
-10
34
11
86
17
-17
-13
-66
-38
-24
-28
8
94
-26
-37
37
-3
-5
-57
86
55
19
126
-32
-61
-20
-8
-32
-55
-99
-13
81
18
-5
-43
-23
42
-6
60
81
-113
-19
77
66
74
-29
-70
-58
0
38
-28
-51
7
-10
-46
85
-54
-75
45
-12
53
-15
17
31
13
11
21
37
-15
38
-50
73
-13
-147
109
38
5
21
-4
-114
-95
87
-32
-86
58
151
-123
-148
161
35
-70
52
54
-50
-80
-11
21
33
81
-17
-76
92
75
-75
-78
54
-38
-27
59
-80
33
22
-19
4
43
29
-39
-31
10
-26
-114
45
40
17
117
28
57
-21
-13
23
-51
-26
-18
-117
-31
72
4
-33
44
130
-62
-61
-60
-16
74
-58
-13
101
45
-57
-129
31
127
-51
-120
32
42
-57
-38
61
116
-76
-53
73
3
125
0
-41
41
-19
-44
-29
36
88
-36
-26
14
-15
-68
-63
112
-23
-54
31
-56
17
49
-104
-31
60
-40
-1
9
-38
53
41
46
-9
-7
55
-104
-52
36
-21
36
57
-103
8
76
22
-5
71
10
48
-8
-35
100
-58
-73
-55
-5
39
-54
-128
170
25
-135
41
71
42
-6
-198
61
31
-177
215
55
-152
100
130
-85
-97
68
53
-49
-45
-12
18
48
3
10
24
-113
19
93
-26
15
-42
-122
13
44
131
-97
-33
146
-14
-2
-5
-8
-77
-40
67
-5
5
123
-35
-185
31
115
-53
-112
4
61
-3
0
157
-195
-93
342
-145
-174
128
101
-25
59
0
-92
26
-186
43
239
-210
-1
31
1
88
-106
26
44
16
11
-4
197
-238
-173
164
-39
-115
150
181
-217
126
-104
42
100
-86
127
-237
8
143
-272
20
179
5
50
100
-23
-220
99
36
-161
187
-90
-57
228
16
-128
46
-52
-52
-264
64
306
-96
-170
177
138
-37
-83
-165
239
48
-269
170
171
-225
-179
89
378
-386
-105
461
-96
-166
-43
109
-49
-240
41
229
98
33
-55
74
-45
-62
-38
-62
-153
-63
246
-151
-24
213
-136
177
243
-157
-119
-56
119
-13
-166
-42
-90
124
74
-148
147
-128
-62
273
71
0
-116
83
-29
-169
62
59
-49
37
-39
-209
75
120
-11
182
-35
41
196
-77
-204
-122
252
-44
-179
175
-278
-197
63
53
148
-308
3
228
-306
240
398
-128
-13
82
328
-183
-159
308
-152
-149
-142
30
-76
-184
-28
105
-11
172
-25
-158
256
51
58
-221
-264
202
-25
65
69
57
147
-104
128
27
-145
-99
-78
62
74
-376
20
97
82
169
-66
344
-149
-285
155
91
-100
-231
35
286
-163
6
400
-124
-176
-173
-140
263
-216
-40
17
-31
427
11
-391
252
19
-60
49
-206
293
-405
-171
651
-222
-109
234
104
-87
-320
117
233
-300
-55
502
-119
-371
479
-17
-262
75
-220
48
-75
-198
404
-232
-328
519
-64
-367
287
103
91
-68
-87
269
249
-199
-266
399
-174
-125
250
-273
232
-192
-274
134
-208
-48
150
41
-234
80
127
28
34
136
124
-48
-1
-302
253
-23
-189
299
-213
184
-91
-192
73
-10
204
-23
-125
14
89
38
-66
-201
237
130
-301
46
6
-15
23
99
-2
-168
90
263
-113
-116
-118
74
-40
-444
329
195
-167
79
102
-27
106
156
-201
70
-58
-110
-6
-46
-67
64
73
-42
55
12
63
-33
-80
108
-53
-73
-83
-12
133
-256
120
236
-248
38
137
169
-142
-27
204
140
-173
-207
320
-211
-290
140
30
-291
69
102
-81
145
105
-54
124
-39
-89
149
15
-114
83
263
-248
-96
90
39
-283
-11
208
-197
51
-92
74
152
-368
249
175
-120
34
198
38
37
181
-304
105
31
-362
31
58
-172
-134
251
-76
-16
348
-173
67
-85
-221
-59
-297
87
213
-203
178
524
85
61
519
384
-276
-108
121
-459
-517
-126
-187
-398
-300
28
34
-35
36
310
289
395
248
305
411
104
206
177
39
-135
-506
-120
-262
-1117
-682
-416
-890
-877
-567
-275
-345
-117
651
446
902
1744
1451
1476
1956
1368
847
902
148
-982
-1204
-1798
-2385
-2558
-2603
-1961
-1725
-1186
-540
1074
1331
1086
2867
2677
2155
3112
3085
1600
1267
1473
82
-1086
-1604
-2169
-2657
-2902
-3025
-2694
-1988
-1617
-482
635
218
1144
2301
1561
1585
1698
731
482
724
235
167
563
458
657
1255
689
311
707
305
-707
-1145
-922
-1696
-2423
-1657
-2000
-2375
-1201
-986
-972
-177
179
730
1120
1409
2404
2072
1857
3929
3736
1746
2271
2718
464
-1341
-1288
-2628
-4512
-4300
-3926
-4158
-3226
-1823
-682
420
1593
2750
2975
2708
2734
2023
898
571
-72
-1095
-836
-698
-1253
637
2330
686
1285
3591
1781
-65
878
-528
-2816
-2959
-2932
-3547
-3353
-2680
-1603
-549
142
923
1543
1709
1714
1364
838
1039
925
220
420
1857
2515
1455
1592
2987
1754
-254
205
-1303
-3932
-3492
-3263
-4697
-3567
-1803
-1197
91
1288
2025
2536
2327
2114
1743
551
22
-133
-551
-792
-413
515
1874
2167
1346
2738
3181
359
176
302
-2919
-3273
-2832
-4342
-3727
-2787
-2235
-757
-169
814
2045
1605
1605
2064
1139
432
1011
819
177
948
1548
2101
2257
1123
1859
1960
-664
-625
-1233
-3840
-3222
-3643
-4599
-2587
-2448
-1914
778
1090
1418
2904
2744
1825
1699
1191
-364
-548
43
-757
-375
1025
2167
2169
1517
3450
2673
-200
939
-713
-3636
-2413
-3589
-5007
-2890
-2978
-2470
-676
105
1086
1591
2167
2130
1896
1485
574
333
915
-52
-152
1324
2207
1587
1185
2881
1625
-561
580
-1145
-3659
-2054
-3196
-4854
-2142
-2138
-2753
-21
411
-119
1420
1490
649
1387
1011
379
839
1285
1366
1229
1882
3461
2288
1021
2832
1269
-1662
-237
-1784
-4605
-2564
-3154
-5015
-2178
-1701
-2405
181
572
190
1779
1817
566
1447
1114
-59
485
1166
666
1277
1866
2524
3145
1541
1791
2237
-696
-1189
-528
-3585
-3621
-2338
-3891
-3035
-1456
-1872
-734
435
400
997
1434
779
1044
1109
-34
5
813
392
639
1626
1760
3241
2677
1766
3265
1631
-1026
-30
-2063
-4532
-3144
-4270
-4952
-2636
-2628
-1776
390
648
1577
2753
1888
1758
2658
482
-286
969
-437
-1209
1070
-387
436
3375
549
1356
4108
176
-108
1738
-2496
-2965
-1515
-4183
-4087
-2256
-2439
-1940
-175
894
1020
1986
2217
1872
1916
672
284
991
-1023
-241
1529
-1209
1359
3763
-275
1956
4546
-721
288
2314
-3143
-2361
-405
-4576
-3613
-746
-3095
-1860
933
-315
379
2215
1281
866
1600
302
-294
475
-878
-963
610
-787
-297
2303
506
649
3119
805
168
2078
-209
-1419
20
-1470
-2758
-1104
-1171
-2483
-963
146
-1277
-180
1467
-178
241
1688
50
332
1462
-114
75
1105
28
77
1049
593
442
1005
734
565
484
428
-224
-584
-196
-1073
-1124
-558
-1260
-750
-469
-975
-374
-340
-679
-354
-177
-408
-24
333
387
694
1034
923
1032
1122
823
631
473
67
-124
-343
-713
-635
-791
-647
-633
-601
-328
-255
-178
53
173
87
316
255
189
290
149
20
70
106
-11
16
45
-58
-59
5
-102
-154
-32
-47
-104
-69
76
6
13
109
213
84
152
243
64
132
162
70
-36
-21
-42
-233
-126
-34
-261
-163
-40
-134
-154
-66
-67
-165
-61
-85
-26
-32
43
34
-26
130
72
14
239
141
167
320
142
193
191
79
-37
-57
-177
-162
-167
-231
-73
-80
-120
30
43
-39
71
52
23
95
65
-72
65
114
-97
-23
41
-76
-43
50
-66
-37
102
7
-19
137
-30
-108
52
-86
-125
7
-85
-47
70
-25
26
171
-52
28
132
-54
-16
57
-64
9
38
-50
8
45
-32
-6
8
-50
8
-1
-28
22
-2
-6
25
39
13
39
23
39
20
-1
-13
-16
-17
-40
-27
-40
-32
-63
-45
-14
-94
-10
-11
-21
4
3
-9
16
73
1
38
72
59
97
60
30
62
16
-26
14
-23
-45
-12
-27
-35
-18
-63
-35
56
-37
-48
30
-31
-32
0
-62
-40
-2
-5
-10
22
51
30
51
46
42
31
0
32
-34
-15
-1
-48
7
5
-10
32
39
-12
30
14
-65
-6
-11
-109
-35
-21
-61
6
12
8
48
51
43
57
20
-4
3
-16
-9
-7
1
18
37
1
11
38
-26
-8
8
-46
-28
-3
-57
-30
4
-27
-9
42
12
26
46
11
16
12
1
5
12
-22
-24
9
-20
-46
22
5
-20
52
26
21
34
6
-18
-10
-50
-39
-23
-46
-19
14
2
11
43
22
17
16
14
-17
-17
-22
-12
-13
-18
0
5
10
18
18
1
13
7
6
3
5
-9
-18
-18
-4
-11
-18
-4
-5
16
17
24
35
11
9
10
-21
-8
-20
-25
-12
-18
11
24
20
17
17
6
-18
-14
-8
-29
-22
1
-1
0
-5
-2
7
8
-5
3
9
-6
-3
8
7
0
5
14
2
3
12
5
0
0
7
10
-12
-3
1
-16
-10
0
-1
-12
-8
1
-10
-6
4
-9
-1
7
3
-3
1
14
13
9
4
7
8
1
5
11
-7
-6
-5
0
-1
-6
-8
0
2
0
0
-6
-8
-3
-1
-8
-7
-2
0
-6
1
5
1
-1
2
6
-7
-4
5
3
3
5
-2
4
7
5
1
4
2
4
4
-12
-6
6
-4
-6
0
-1
4
10
1
-3
5
1
-4
1
0
-4
-1
-5
-6
-4
-4
0
-3
-2
6
4
-4
0
6
0
-8
-5
4
3
-3
1
6
2
3
3
3
0
2
3
-1
0
3
0
-2
0
3
3
-3
-3
0
0
-2
-5
-1
-3
0
0
-6
-5
1
5
-3
-1
8
4
0
2
5
0
-3
5
0
-7
2
6
-1
0
14
-5
-36
8
34
-31
-26
33
14
-11
6
9
-1
-3
-5
-11
-12
10
-4
-32
17
34
-15
-4
13
-5
7
4
-11
13
10
14
6
-9
40
39
-41
-94
-15
67
-92
-109
151
71
-203
58
325
-135
-287
175
109
-244
-85
225
143
-64
45
133
-118
-178
134
205
-172
195
824
-1006
-1902
849
1252
-967
-340
1154
412
-293
258
441
-107
-258
-136
-412
-366
291
4
-920
55
877
-1147
-1192
2072
1810
-1930
-1392
1997
1161
-1200
-334
1150
435
-599
-50
388
-427
-339
236
-702
-1298
-408
388
51
-333
158
497
720
544
327
619
87
-105
278
-41
-664
-918
-190
-50
-669
-465
222
467
-107
72
759
366
212
426
211
-81
27
53
-601
-487
29
-327
-583
-189
319
39
-289
218
614
548
151
-13
281
242
-200
-387
-28
-63
-531
-452
-74
103
-70
-209
0
268
405
131
-205
269
556
-10
-170
118
156
-79
-286
-204
-14
34
-202
-514
6
474
40
-305
101
547
92
-221
110
81
-57
63
-196
-387
-8
250
-157
-330
82
361
191
-104
27
254
61
-145
-197
-108
68
-242
-295
177
50
-25
188
92
118
200
166
-31
-142
121
58
-224
-218
-160
-10
104
99
-155
-98
290
178
-99
-166
-24
150
23
-228
-135
104
178
14
-186
134
224
-145
33
245
133
-194
-237
89
99
-268
-269
37
-99
-205
81
200
-21
24
290
103
16
137
196
113
-167
-148
-117
-183
-98
-30
-28
-32
0
45
194
128
-178
133
357
-122
-366
-80
176
-37
-338
-103
216
10
-13
156
-97
-13
183
112
100
-166
-72
264
-2
-312
-319
55
348
-52
-309
-3
309
208
-119
-95
57
55
228
57
-280
-86
107
8
-81
-78
-131
-48
198
13
-124
-13
90
144
37
-135
-206
64
70
-157
-49
14
80
145
57
-70
-3
153
-14
46
13
-75
61
-9
6
-11
-36
-126
-24
142
-63
-106
78
20
-83
20
-5
55
71
-33
3
-28
-31
-3
-6
30
-26
-51
29
5
-1
64
25
3
-7
-23
10
44
-10
-37
32
-48
-2
60
-48
-36
5
-14
-54
-54
22
48
22
19
-3
19
32
-9
22
37
20
11
3
-41
-18
39
-14
-16
-2
-9
16
20
-40
-27
29
-39
-23
40
3
-21
-7
-15
-14
15
-12
11
40
-21
-8
12
-11
28
17
-32
25
36
-26
-19
-13
-4
22
24
-7
-24
0
3
-24
-29
5
28
-3
-15
15
7
-21
15
58
10
-21
4
5
-14
-18
-3
-33
-42
-6
21
18
0
16
17
8
9
21
13
-1
1
-12
0
2
0
-6
-29
-19
4
3
-8
13
-3
-17
13
-6
-13
11
-1
-19
-5
12
5
1
17
16
-12
-13
26
17
-34
-21
40
20
-44
3
65
5
-58
-16
43
7
-25
11
20
-18
-27
2
8
-10
-19
-3
1
0
17
9
-10
-6
5
3
-13
-12
9
2
-9
9
6
4
15
-5
-17
6
15
0
-4
6
18
0
-14
4
5
-4
-7
-1
11
0
-1
7
-17
-30
9
14
-12
-8
4
7
2
-6
-5
-6
6
17
1
6
26
10
-7
-2
-5
-7
-16
-21
-11
-20
-10
3
-5
0
7
16
30
23
25
19
4
11
2
4
7
-17
-14
-10
-21
-19
-27
-21
-15
-30
-19
-10
-14
-3
-5
0
5
-5
-1
14
9
-1
8
16
15
9
21
39
33
53
79
78
83
96
83
53
28
-1
-48
-93
-137
-192
-221
-240
-268
-255
-203
-132
-74
-3
86
157
227
298
334
350
350
299
237
158
45
-86
-210
-307
-422
-519
-548
-556
-553
-488
-389
-269
-111
70
290
489
678
876
1009
1070
1059
947
712
372
-21
-446
-911
-1321
-1601
-1758
-1795
-1704
-1442
-1071
-676
-259
168
598
1041
1390
1580
1696
1782
1822
1684
1279
775
299
-239
-850
-1432
-1876
-2048
-1961
-1723
-1361
-904
-372
204
691
996
1166
1215
1096
863
596
271
-56
-311
-518
-623
-614
-560
-390
-114
141
467
867
1172
1377
1440
1325
1098
728
217
-330
-887
-1417
-1822
-2050
-2119
-1982
-1641
-1227
-743
-189
347
855
1273
1518
1644
1728
1731
1608
1300
834
370
-95
-590
-995
-1374
-1624
-1574
-1408
-1133
-748
-406
23
474
732
850
816
698
672
635
420
174
104
219
437
485
239
84
104
-23
-290
-613
-921
-961
-794
-698
-617
-418
-117
231
452
391
217
105
-26
-214
-427
-652
-712
-464
-101
135
315
587
1052
1635
1836
1563
1409
1344
937
339
-305
-958
-1355
-1563
-1719
-1706
-1618
-1414
-905
-395
-56
207
304
330
358
252
54
-151
-286
-304
-206
23
187
324
663
1075
1520
1826
1670
1513
1583
1327
740
151
-445
-904
-1194
-1513
-1742
-1770
-1666
-1406
-1077
-821
-640
-500
-347
-200
-123
-108
-107
42
366
676
834
822
948
1452
1779
1492
1139
1071
873
446
9
-485
-922
-1067
-1076
-1083
-1038
-989
-855
-554
-375
-355
-266
-257
-340
-275
-267
-444
-563
-571
-506
-358
-204
1
353
763
1204
1789
2340
2393
2142
2114
1850
1116
402
-490
-1358
-1697
-2026
-2288
-2146
-2030
-1691
-1012
-573
-311
-87
82
323
430
317
87
-91
-61
-64
-23
155
161
375
833
1182
1883
2308
1890
1898
2098
1484
786
87
-862
-1435
-1805
-2189
-2288
-2253
-2029
-1530
-1011
-593
-423
-303
25
272
312
197
52
206
342
359
636
775
803
1149
1387
1730
2326
2274
1912
2022
1940
1170
310
-387
-1154
-1744
-2077
-2446
-2613
-2434
-2200
-1787
-1276
-1061
-972
-748
-373
-122
-231
-398
-293
-80
15
186
460
643
942
1378
1682
2215
2774
2510
2151
2222
1768
847
67
-845
-1657
-1912
-2139
-2488
-2518
-2236
-1801
-1284
-869
-626
-445
-263
36
238
68
-162
-92
159
213
246
392
497
769
1158
1437
2006
2406
2037
1808
1873
1320
432
-316
-1209
-1770
-1885
-2144
-2306
-2146
-1814
-1266
-783
-463
-219
-128
5
177
351
203
-173
-81
83
34
192
299
479
954
1240
1564
2249
2656
2277
1962
2025
1345
282
-457
-1398
-2030
-2164
-2476
-2548
-2305
-2064
-1529
-859
-472
-426
-374
-148
-50
-19
-56
-289
-183
190
299
402
593
926
1400
1557
1818
2581
2944
2469
2065
2211
1908
781
-225
-1134
-1964
-2207
-2411
-2688
-2657
-2630
-2235
-1429
-1029
-930
-711
-376
140
481
293
-135
-97
410
586
506
692
1032
1491
1829
2119
2830
3012
2030
1136
1032
885
-199
-1448
-2083
-2395
-2181
-2101
-2542
-2487
-2117
-1465
-604
-707
-995
-556
31
434
155
-492
-674
-182
449
488
308
729
1548
2373
2387
2053
3035
3824
2692
1113
298
85
-296
-1835
-3019
-3123
-2847
-2331
-2433
-2559
-1659
-727
256
688
181
532
1163
1418
1163
-223
-807
-47
321
105
-221
163
1499
2178
1909
1893
3100
3767
2352
476
-276
-286
-862
-2612
-3677
-3357
-2679
-2248
-2670
-2835
-1541
-382
214
466
278
847
1689
1782
828
-464
-586
180
247
-294
-292
733
2138
2391
1865
1976
3511
4319
2267
-273
-966
-603
-1234
-3257
-4293
-3598
-2579
-2027
-2376
-2563
-1162
281
673
506
328
922
1748
1763
687
-671
-542
41
-294
-695
-257
804
2039
2269
2023
2101
3819
4941
2563
56
-303
-266
-1086
-3316
-4381
-3051
-2353
-2377
-2525
-2935
-1330
-84
2
216
207
1375
2551
1846
850
-464
-367
743
-72
-742
-167
658
2394
2527
1946
2274
3461
5317
3276
-181
-716
-720
-1027
-2955
-5345
-4084
-2495
-2460
-2214
-3104
-1739
261
-108
-63
-4
800
2621
1977
1031
-117
-720
516
527
-985
-570
352
1711
2726
1610
1528
2742
4465
4594
1002
-1046
-719
-809
-1584
-4442
-5076
-2829
-2200
-1955
-2963
-2736
162
750
331
109
-84
1770
2405
1439
194
-998
-547
143
-775
-984
-391
248
2148
2204
1885
2169
3018
5424
3788
235
-1145
-1962
-1285
-2768
-5333
-4591
-3307
-1831
-1318
-2766
-1808
382
1057
1218
89
157
2090
2403
1492
-412
-1489
-356
-18
-897
-684
-135
1400
2856
2455
2254
2160
4201
5781
2444
-858
-1979
-2249
-1999
-3820
-5560
-4621
-3014
-1294
-1330
-2238
-1188
374
1868
1694
123
509
1812
2582
1598
-1352
-2029
-487
224
-301
-652
-223
1624
3124
3118
2449
2104
4792
6021
2344
-1104
-2828
-2758
-1928
-3824
-5797
-4746
-3036
-981
-1028
-1943
-1140
-147
1293
1476
267
752
1970
2644
1808
-804
-1742
-543
59
-124
-326
-820
966
2732
2734
2147
1582
3183
5818
3600
-413
-2700
-3785
-2330
-2936
-5582
-5232
-3320
-875
574
-568
-1575
-332
1513
2240
1006
-81
918
1951
2151
664
-1356
-1552
-264
39
457
-534
-1005
1787
2831
2890
2595
1563
3899
5809
2769
-463
-3877
-4800
-2766
-3844
-5143
-4542
-3415
-718
1078
-93
-848
-331
582
1888
867
121
951
1698
2246
854
-1123
-1320
-356
533
1171
-400
-541
1664
2550
3039
2524
1696
4159
5331
2484
-701
-4395
-4670
-2814
-4055
-4728
-4314
-3257
-513
996
84
-451
131
872
1869
1468
949
1313
1615
1504
381
-1109
-1383
-1067
-327
645
-521
-199
1602
2685
3457
2701
2103
4245
5133
2553
-984
-4272
-4611
-3693
-4483
-4910
-4339
-2869
-596
1100
683
-66
-357
-133
1261
1727
1365
1391
1529
1474
569
-947
-1309
-1210
-447
368
-332
517
1670
2256
2864
2488
2430
3892
4523
2879
-291
-3211
-4414
-4435
-3985
-3819
-3362
-2811
-1197
1224
1726
407
-602
-419
654
1369
1604
1345
847
1030
154
-438
-710
-1487
-1362
-338
-423
624
1590
1766
2711
2679
2117
2726
4064
3438
863
-2226
-3747
-3897
-3733
-3626
-3462
-2893
-1735
225
1328
879
-336
-736
-404
304
1376
1528
986
879
275
194
361
-479
-1037
-837
-511
165
1024
1446
2075
2761
2545
1801
2566
3624
2396
-675
-3498
-4730
-4050
-3254
-3320
-3186
-2572
-1018
989
1758
1197
406
-493
-376
755
1247
1255
1097
417
44
93
236
231
-652
-926
-934
-174
1501
2225
2625
2810
2159
2193
3381
3776
1491
-1905
-4207
-5208
-4482
-3509
-3483
-3189
-2428
-748
974
1371
1360
633
-428
-293
507
1137
1689
1300
267
-464
-468
353
242
-737
-1188
-1610
-418
1385
2169
2755
2581
2177
2452
3216
3627
1976
-1155
-3495
-4627
-4357
-3570
-3177
-2766
-2299
-1061
569
1567
1741
1196
224
64
663
1242
1652
1245
155
-506
-946
-677
-51
-778
-1141
-1497
-1067
869
2157
2730
2661
2069
1901
2927
3600
2232
-401
-3202
-4889
-4484
-3604
-2773
-2081
-1924
-824
556
1642
2131
1267
-2
-578
-487
439
1243
1510
1144
-151
-968
-730
-176
-95
-529
-1447
-1439
-290
1637
3221
3548
3061
1973
1942
2888
2571
765
-2013
-4726
-5301
-4516
-3045
-1564
-1312
-1033
-259
485
1500
1752
704
-186
-832
-471
746
1411
1709
779
-720
-1173
-1057
-396
113
-687
-1090
-668
641
2553
3538
3649
2752
1684
1988
2804
1938
144
-2799
-5257
-5598
-4849
-2878
-1293
-815
-473
71
812
1769
1736
932
39
-714
-288
732
1339
1870
1253
-209
-1113
-1564
-1030
-230
-642
-979
-777
-42
1754
3530
4217
3943
2509
1718
1983
1234
262
-1698
-3964
-5068
-5015
-3604
-1509
-149
358
578
288
664
946
824
728
-60
-598
-284
291
1297
1845
650
-739
-1805
-2201
-1072
-598
-315
120
-49
960
2203
3018
3496
2550
1635
1791
1052
327
-839
-3123
-4371
-5048
-4690
-2894
-1229
-18
971
1021
891
1211
964
1163
758
77
-64
-258
384
1104
739
61
-860
-1836
-1141
-846
-535
251
389
1245
2124
2801
3367
2935
1830
1579
854
75
-677
-2435
-3755
-4676
-4878
-3633
-1760
-288
1091
1476
1349
1597
1370
1404
1044
140
-263
-571
-338
509
626
155
-638
-1862
-1993
-1426
-984
11
599
1282
2166
2662
3337
3529
2782
2218
1731
719
-133
-1788
-3560
-4643
-5370
-4664
-2967
-1303
331
1371
1555
1611
1364
1137
1087
520
73
-149
-360
221
760
759
520
-552
-1355
-1218
-1200
-927
-349
84
1110
1991
2798
3378
3088
2384
1932
1281
286
-813
-2300
-3360
-4103
-4298
-3489
-2201
-795
498
1309
1563
1432
993
712
494
89
-47
-265
-383
-127
47
588
496
-264
-797
-1186
-1260
-778
-162
822
1735
2279
2933
2975
2531
2034
1667
1356
613
-743
-2336
-3744
-4532
-4623
-3941
-2523
-960
400
1409
1921
1795
1684
1350
976
505
44
-162
-262
-186
-37
231
495
325
-540
-1071
-1712
-1575
-926
-304
873
1595
2406
3035
3004
2748
2266
1746
1346
141
-1439
-3001
-4538
-4942
-4504
-3164
-1458
-26
1191
1802
1712
1270
1065
789
568
321
-12
-192
-473
-367
135
788
1085
453
-446
-1151
-1734
-1441
-810
127
1374
2057
2677
2843
2453
2085
1809
1561
887
-560
-2238
-3802
-4700
-4602
-3758
-2066
-341
1055
1734
1793
1388
1085
861
664
419
-27
-284
-502
-400
-227
40
375
940
973
391
-585
-1403
-1567
-1268
-386
550
1546
2240
2699
2624
2172
1668
1366
994
182
-931
-2426
-3634
-4277
-4015
-3185
-1721
-165
1104
1770
1802
1556
1073
689
204
-202
-713
-875
-740
-430
15
479
819
1256
1350
821
19
-940
-1439
-1573
-1061
-46
1167
2309
2958
3001
2421
1626
1301
910
102
-1104
-2801
-4207
-4989
-4714
-3435
-1450
467
1858
2554
2353
1852
1288
888
515
90
-439
-958
-1195
-1085
-612
102
846
1308
1546
1393
612
-248
-1203
-1722
-1688
-1309
-472
523
1374
2180
2670
2588
2218
1473
1056
466
-557
-1573
-2847
-3768
-4168
-4048
-2985
-1522
93
1540
2352
2502
2263
1630
906
234
-568
-945
-1212
-1100
-570
-39
494
1124
1568
1898
1640
618
-524
-1920
-2474
-2265
-1274
385
1754
2902
3198
2605
1861
1370
935
449
-581
-2117
-3717
-4966
-5216
-4413
-2531
-240
1791
3078
3448
2871
1917
1011
227
-221
-664
-942
-1057
-1089
-849
-389
240
1111
1651
2075
1623
631
-390
-1843
-2504
-2544
-1958
-654
580
1839
2790
3025
2937
2334
1832
1539
612
-557
-2065
-3675
-4682
-4899
-4150
-2480
-644
1126
2491
2989
2817
2145
1193
442
-293
-855
-1003
-1216
-1031
-827
-572
280
952
1531
2179
1951
1492
640
-655
-1448
-2314
-2410
-1922
-1277
-188
696
1324
2070
2374
2266
1921
1301
1188
504
-325
-1241
-2642
-3597
-4299
-4317
-3129
-1321
637
2530
3301
3284
2692
1508
656
-120
-572
-751
-1057
-1176
-1160
-1022
-340
554
1318
2226
2297
1921
1155
-165
-1126
-2115
-2507
-2342
-1881
-889
210
1106
1993
2576
2506
2204
1444
1058
613
-209
-904
-2107
-3134
-3721
-3970
-3308
-1891
-281
1443
2620
2967
2837
2000
1203
495
-35
-233
-546
-885
-1060
-1223
-901
-261
482
1344
1868
1977
1530
605
-509
-1555
-2024
-2042
-1589
-733
140
908
1460
1878
1899
1732
1301
1120
926
188
-531
-1729
-2801
-3528
-3899
-3406
-2202
-705
853
2068
2538
2642
2145
1593
1106
627
295
-167
-648
-1081
-1428
-1445
-982
-291
639
1475
1752
1810
1186
289
-418
-857
-933
-1041
-1171
-1307
-1352
-1266
-766
-82
808
1553
1839
1778
1335
803
157
-189
-115
142
347
320
-98
-897
-1699
-2281
-2276
-1709
-815
172
858
1100
901
584
356
402
655
833
838
658
205
-252
-610
-740
-406
-130
215
360
284
7
-424
-681
-725
-503
-215
245
604
810
835
813
730
537
368
258
382
288
94
-302
-924
-1497
-2022
-2286
-2073
-1462
-616
437
1174
1636
1849
1550
1257
815
384
158
-226
-534
-747
-1016
-996
-713
-393
225
688
1015
1341
1254
1052
696
333
-19
-476
-1103
-1670
-2102
-2242
-1898
-1289
-211
878
1747
2401
2508
2223
1740
1260
952
594
118
-597
-1500
-2455
-3231
-3515
-3153
-2141
-750
663
1698
2179
2156
1782
1299
926
716
580
343
-13
-500
-1004
-1350
-1310
-933
-349
278
737
954
850
554
255
86
54
63
-42
-257
-624
-945
-1123
-972
-447
186
879
1305
1455
1292
868
505
341
330
324
161
-290
-931
-1679
-2339
-2578
-2298
-1507
-360
674
1452
1855
1806
1587
1246
886
676
424
123
-257
-792
-1213
-1398
-1269
-806
-154
460
976
1135
1007
757
452
284
175
50
-57
-206
-483
-802
-1178
-1403
-1432
-1276
-853
-307
322
939
1450
1786
1922
1791
1512
1203
911
560
87
-515
-1265
-1990
-2620
-2952
-2839
-2302
-1371
-246
782
1557
1979
2044
1937
1683
1349
999
517
57
-399
-849
-1145
-1302
-1242
-925
-502
-22
436
697
831
770
640
487
307
132
-9
-123
-251
-393
-619
-797
-919
-867
-608
-211
303
816
1251
1475
1440
1192
949
740
467
152
-369
-1027
-1698
-2336
-2665
-2523
-1910
-866
310
1258
1920
2102
1915
1545
1009
578
255
-122
-434
-834
-1275
-1485
-1501
-1165
-481
266
1011
1530
1646
1518
1151
737
443
180
-40
-239
-527
-831
-1123
-1357
-1345
-1117
-689
-246
34
131
-6
-267
-443
-433
-125
475
1143
1750
2100
2052
1760
1349
876
436
0
-564
-1245
-2027
-2815
-3328
-3335
-2777
-1646
-231
1092
2112
2578
2544
2155
1598
1122
706
363
36
-427
-915
-1332
-1613
-1530
-1095
-451
360
995
1339
1397
1151
772
365
-6
-247
-433
-635
-809
-1039
-1150
-1095
-902
-456
59
596
1037
1248
1263
1028
619
64
-551
-1083
-1461
-1555
-1351
-909
-264
451
1098
1603
1849
1925
1924
1725
1386
808
-78
-1051
-2100
-2944
-3337
-3251
-2579
-1511
-284
880
1768
2243
2400
2192
1813
1380
853
355
-165
-697
-1119
-1423
-1537
-1318
-920
-365
242
676
972
984
794
543
256
43
-60
-123
-171
-252
-389
-496
-551
-527
-391
-142
168
422
580
590
481
265
22
-209
-323
-338
-299
-210
-159
-89
-19
-4
-14
-88
-329
-592
-799
-900
-700
-280
365
1134
1756
2203
2432
2333
1924
1265
296
-734
-1815
-2736
-3292
-3441
-3104
-2310
-1242
-72
1050
1895
2445
2587
2398
1986
1447
851
244
-337
-884
-1365
-1684
-1754
-1560
-1167
-619
-26
543
1020
1318
1475
1462
1274
983
590
116
-330
-817
-1171
-1413
-1558
-1477
-1265
-856
-346
174
641
971
1151
1182
1118
921
696
404
86
-230
-561
-787
-936
-976
-886
-695
-420
-76
229
511
704
781
796
734
610
459
276
67
-155
-411
-623
-757
-814
-758
-580
-361
-107
121
299
455
524
544
523
423
296
146
-3
-125
-215
-271
-285
-283
-272
-223
-167
-86
-1
47
96
126
137
150
143
147
150
114
91
48
0
-34
-63
-65
-106
-188
-280
-389
-478
-520
-493
-342
-75
246
595
883
1053
1134
1108
1040
892
605
230
-286
-887
-1477
-1971
-2192
-2085
-1664
-952
-142
596
1200
1516
1624
1541
1307
1059
742
391
33
-364
-725
-1001
-1201
-1191
-1035
-738
-290
123
520
792
936
984
901
744
565
359
136
-105
-397
-660
-900
-1027
-1009
-855
-560
-210
163
455
631
683
654
579
465
334
194
47
-109
-260
-410
-498
-528
-485
-353
-209
-18
163
319
445
486
463
409
294
168
41
-104
-208
-286
-329
-320
-309
-272
-216
-154
-76
11
91
154
179
168
132
78
39
23
21
24
25
4
-21
-64
-107
-113
-95
-44
19
72
109
129
123
101
75
44
26
23
22
11
-3
-42
-73
-98
-114
-94
-81
-56
-30
-15
1
6
4
25
42
42
49
33
4
-22
-53
-64
-64
-67
-53
-43
-19
6
43
91
118
133
126
98
50
2
-38
-56
-62
-57
-34
-23
-7
-1
-11
-15
-14
-13
-7
4
15
28
25
19
5
-8
-21
-28
-24
-13
8
20
55
79
73
23
-98
-244
-387
-490
-474
-333
-76
256
561
768
834
748
561
311
76
-104
-224
-300
-363
-433
-519
-593
-626
-591
-461
-254
-19
224
393
456
444
332
210
102
17
-11
-32
-47
-57
-99
-130
-118
-84
6
117
225
308
330
302
222
125
34
-33
-78
-99
-109
-134
-166
-217
-255
-271
-241
-178
-105
-21
40
72
94
110
118
131
132
120
90
38
-14
-61
-96
-113
-102
-72
-24
29
68
93
106
106
99
79
61
43
28
20
8
-4
-28
-62
-101
-132
-138
-115
-90
-58
-20
1
21
45
52
48
37
19
6
3
10
27
43
52
51
40
24
10
3
-1
-3
-3
-5
-14
-27
-39
-49
-52
-44
-43
-45
-39
-29
-16
2
21
37
43
52
61
63
67
67
52
27
5
-20
-45
-65
-80
-87
-84
-72
-57
-38
-14
8
33
57
70
73
70
65
59
49
41
33
17
6
-2
-16
-25
-32
-41
-51
-56
-59
-59
-59
-51
-42
-30
-22
-31
-41
-54
-66
-64
-58
-29
13
66
132
192
240
268
259
218
151
57
-35
-113
-178
-205
-198
-164
-113
-68
-36
-42
-86
-156
-243
-312
-341
-312
-204
-24
196
430
623
742
776
705
548
321
46
-229
-488
-687
-793
-800
-694
-501
-257
-3
212
366
437
429
370
273
169
80
7
-45
-83
-107
-124
-139
-139
-130
-108
-78
-44
-4
36
77
115
152
185
205
212
201
168
111
32
-54
-142
-211
-255
-272
-255
-217
-167
-108
-43
33
107
182
248
272
261
204
101
-16
-131
-215
-252
-243
-185
-104
-10
89
163
216
241
229
198
135
65
-6
-77
-120
-147
-156
-145
-130
-105
-67
-40
-10
19
39
52
57
46
27
10
0
-11
-23
-25
-22
-18
-8
2
15
29
35
29
19
7
0
-2
-4
9
30
41
46
40
26
8
-19
-49
-76
-97
-106
-96
-67
-27
13
55
79
91
88
68
36
10
-9
-44
-80
-111
-123
-112
-66
-2
60
111
139
130
97
60
39
46
51
32
4
3
1
-31
-60
-34
-10
-87
-217
-305
-349
-367
-280
-51
232
476
641
676
548
310
50
-164
-306
-355
-327
-252
-183
-151
-135
-107
-78
-54
0
74
113
113
119
118
75
17
-13
-25
-42
-57
-64
-59
-52
-56
-60
-45
-6
46
115
177
198
194
186
139
60
4
-18
-44
-74
-81
-97
-129
-134
-115
-105
-94
-52
1
34
40
52
54
28
-10
-32
-26
-44
-62
-37
-4
-4
-5
32
60
42
58
97
83
62
90
101
21
-66
-134
-239
-293
-256
-179
-66
85
231
287
273
237
166
103
79
49
51
75
45
0
-51
-125
-196
-241
-223
-180
-154
-108
-58
-35
-29
-28
-2
34
38
74
139
120
97
111
64
13
11
15
10
32
68
64
71
88
71
76
73
46
30
-8
-87
-137
-185
-248
-223
-194
-223
-196
-126
-62
-14
69
171
237
309
314
234
191
151
75
33
-14
-57
-29
-82
-122
-62
-102
-145
-133
-114
-100
-92
-84
-166
-17
-2
-233
56
-39
-4
306
-116
151
358
16
46
233
330
24
147
293
-24
27
-37
-213
-177
-223
-266
-315
-270
-302
-238
-131
-238
65
148
86
383
258
295
379
68
155
212
108
84
53
66
-99
-126
-53
-259
-223
-116
-292
-227
-110
-161
-142
-34
1
-90
-7
120
93
205
271
177
240
218
130
151
139
163
68
-13
-11
-94
-91
-130
-141
-131
-216
-217
-239
-200
-143
-163
-126
-45
-19
8
150
146
211
234
98
163
153
131
164
148
168
114
55
2
-66
-97
-151
-181
-183
-174
-169
-170
-176
-155
-107
-78
-25
39
99
139
159
144
144
131
119
112
95
94
110
114
59
60
51
-10
-40
-76
-114
-164
-204
-160
-163
-209
-193
-192
-159
-124
-67
46
86
108
170
193
162
159
158
112
85
61
93
144
80
64
89
34
-52
-104
-105
-114
-157
-195
-157
-134
-173
-147
-94
-62
-35
-2
31
10
29
85
91
124
130
124
150
161
138
64
42
47
-18
-46
-3
11
-19
-5
-5
-116
-162
-84
-91
-115
-56
-73
-82
13
36
34
71
71
51
28
47
76
54
83
120
57
27
36
-13
-40
-24
-10
-57
-94
-46
-76
-130
-71
-53
-69
-5
37
11
14
2
-29
12
33
10
19
79
81
22
59
98
39
-10
7
66
4
-49
39
19
-106
-122
-52
-58
-106
-75
-11
43
26
-19
18
27
-36
-35
48
54
6
67
107
54
24
36
65
42
-24
-57
-42
-31
-45
-13
28
-20
-74
-44
-14
-52
-61
-14
26
57
57
23
13
43
49
3
-20
-7
-13
-31
-40
-34
-32
-36
3
40
12
9
34
20
16
7
-21
6
62
56
39
66
55
-15
-39
-47
-107
-108
-54
-59
-49
10
9
-6
28
31
10
35
58
43
19
-4
-25
-3
35
48
54
49
6
-22
-26
-42
-60
-50
-13
7
-13
-43
-44
-24
7
25
17
-1
-20
-16
3
-7
-34
-29
7
31
20
8
26
49
67
83
64
24
-3
-11
-14
-17
-19
-26
-31
-27
-47
-69
-45
-23
-19
0
-6
-16
13
24
28
47
38
17
11
1
-13
-10
-1
-19
-14
0
-19
-21
-7
3
16
21
24
25
19
-1
-13
-3
-7
12
34
13
9
19
3
-26
-31
-18
-30
-31
-7
14
23
12
7
3
0
13
7
-15
-12
-4
3
10
0
-17
-11
7
13
10
-5
-22
-30
-34
-26
-12
-4
39
80
19
-19
1
-15
-50
-13
3
-13
13
27
2
19
11
-38
-17
41
28
26
68
59
-9
-31
-11
-26
-64
-31
35
25
0
27
21
-26
-10
0
-30
-17
6
-18
-15
11
-18
-26
17
26
8
15
22
11
0
7
5
-17
-44
-19
16
15
-9
-23
-10
9
2
-12
7
40
41
47
35
-5
-22
-3
-18
-61
-62
-35
-9
3
5
19
32
26
-14
-34
-26
-10
7
28
57
60
36
-2
-21
-22
-33
-25
4
26
11
1
7
-13
-19
3
4
-10
12
13
-26
-34
-22
-16
-20
-21
1
14
13
5
-5
-9
15
24
16
19
12
9
30
19
3
14
26
9
-5
-22
-38
-32
-19
-22
-27
-22
-14
-10
-3
4
4
-11
8
35
24
16
22
8
0
7
5
12
14
2
0
-1
-14
-39
-40
1
42
21
-15
-25
-18
9
17
-8
-9
5
0
-6
-10
-19
-6
18
30
18
0
-3
4
18
20
0
-13
4
21
11
-13
-39
-19
15
24
5
-16
-25
-10
-2
-21
-15
1
3
0
1
-8
-11
-1
-3
0
5
0
2
3
1
16
18
6
20
24
14
15
4
0
11
16
4
-8
-12
-17
-15
-14
-16
-13
-9
-17
-24
-21
-22
-21
-14
-13
-3
13
19
14
15
20
23
19
15
19
29
24
12
7
2
2
9
7
9
12
-1
-10
-11
-27
-42
-35
-26
-24
-23
-33
-43
-34
-25
-12
0
2
16
34
14
-5
32
48
31
35
42
40
28
17
11
6
16
13
-7
-20
-7
-6
-35
-34
-14
-28
-29
2
-13
-43
-17
3
-12
-20
0
29
19
-8
-9
-2
-4
0
11
12
10
16
23
19
-10
-26
-6
6
7
16
25
16
0
-3
-13
-20
-9
0
0
3
8
0
-9
-22
-16
4
-12
-2
26
-3
-8
7
-13
-11
11
-2
-12
10
6
-16
1
19
-2
-10
5
5
4
2
13
21
7
-1
0
0
-2
-1
3
2
6
-2
-12
-9
-13
-9
4
5
-2
7
8
0
-2
-2
-2
-6
-11
-16
-13
-11
-7
-2
-4
5
21
19
17
20
11
9
16
0
-11
-9
-10
-11
-18
-16
0
10
10
11
1
0
9
6
1
1
1
-4
-14
-18
-8
0
0
0
1
1
1
1
2
-1
-2
0
-7
-7
-4
-2
8
7
0
5
9
3
4
9
2
0
2
-5
-7
2
6
-3
1
4
-10
-13
-9
-6
0
5
2
-2
0
-5
-8
1
1
4
12
15
13
2
-4
-4
-4
-5
-3
-4
-6
-1
-2
-5
-3
0
6
6
3
8
5
-1
4
4
-2
-3
-2
-1
-1
-8
-11
-7
-4
1
0
5
9
6
6
3
1
-1
-3
-5
-8
-11
-10
0
11
14
14
15
12
0
-9
-9
-7
-3
-1
0
0
-9
-14
-3
8
13
17
16
7
-1
-16
-18
-10
-2
4
9
3
-2
-13
-11
-4
2
10
14
7
-4
-11
-15
-3
0
1
10
10
2
-9
-11
2
16
11
-5
-7
-9
-6
-6
-7
8
18
25
14
-3
-7
-4
6
7
6
3
4
-8
-14
-5
0
2
-1
-15
-32
-27
-28
-16
-1
-5
1
4
1
0
14
25
33
37
29
17
12
14
13
15
12
11
6
-8
-19
-24
-19
-20
-16
-18
-19
-17
-16
-10
-7
-6
-7
-1
-1
-4
0
9
15
15
18
14
10
16
12
4
5
3
3
4
-5
-7
0
-3
-11
-6
-6
-4
0
0
2
-2
-3
-5
-2
0
6
13
9
9
-4
-17
-18
-13
-5
-1
-1
1
-6
-8
-5
-8
0
9
12
11
10
6
1
5
6
4
6
7
6
0
-3
4
1
3
-2
-11
-7
-4
-5
-6
0
-5
-2
-2
-8
-2
-2
6
10
1
3
4
-3
-6
-1
0
1
-2
-3
0
2
-1
8
4
-4
1
-2
0
2
-1
1
1
0
2
-1
-6
0
5
7
6
4
0
-3
-2
-2
-1
0
0
-2
1
0
-2
-1
1
2
-2
-1
1
5
0
-3
2
-1
-3
-2
0
0
0
-2
-1
2
-1
-6
-6
0
5
0
0
2
4
4
4
4
4
3
0
0
4
0
-1
1
0
-3
2
-2
-5
-6
-4
-3
-6
-3
0
0
-3
-2
2
6
8
5
4
5
6
5
2
5
6
3
-1
-3
0
-6
-12
-6
-4
-2
-3
-7
-7
-1
3
3
5
1
-6
0
6
3
2
0
-1
0
5
5
0
2
0
-1
0
3
6
0
-1
0
1
0
0
-3
-4
-4
-4
-1
-2
0
-2
-6
-4
-2
-3
-1
3
8
5
-1
-4
-1
2
4
5
5
0
-3
-5
1
3
0
1
0
1
4
0
-5
-2
-1
-1
0
-1
-2
-2
-2
-4
0
2
1
4
7
3
-4
0
1
4
3
4
5
-1
0
-3
-5
0
0
2
1
-5
-4
-4
0
-1
-4
-2
1
1
1
3
-2
-3
-1
0
-2
-5
-1
-1
4
7
4
4
7
1
-1
-1
-3
-4
-2
2
2
3
6
5
4
0
1
-3
-9
-7
-3
0
1
-1
2
4
0
0
-1
-4
0
0
-5
-4
-1
0
4
6
3
0
2
5
-2
-1
-1
-11
0
2
-4
4
3
-1
2
0
-1
5
2
-1
-2
-5
-5
-1
-1
2
3
4
3
-3
-7
-4
1
5
7
11
8
-3
-9
-17
-10
2
6
9
13
6
-8
-17
-13
-9
-4
11
12
6
3
-5
-9
-4
0
5
12
9
4
2
-3
-8
-11
-2
5
-2
4
10
-2
0
2
-8
-8
1
2
1
1
7
4
-2
-5
-8
4
6
-9
1
1
-6
6
0
-8
1
3
-6
0
2
2
9
1
-2
-2
-4
0
0
2
7
2
0
-3
0
0
-2
-1
-3
-2
9
5
-5
0
0
-6
-2
0
-3
4
7
-6
-1
7
0
0
2
-4
-2
0
-4
-4
-1
-1
0
0
-2
3
4
3
7
5
1
0
-1
0
0
-2
-5
-2
-1
-3
2
5
3
1
0
-2
-1
3
2
0
0
3
0
-4
-4
-5
-3
1
1
0
2
1
2
0
-2
-3
2
2
0
4
2
-1
-1
-1
-6
0
4
-1
0
1
-1
1
2
-2
1
1
0
4
3
-1
-1
0
2
-2
-2
0
-1
-2
-1
-1
-1
-1
-1
1
0
0
2
-1
1
2
-1
-1
1
2
0
0
0
2
2
-1
-2
1
0
-2
0
-1
0
0
-1
1
1
0
-2
-4
-1
1
1
0
-3
-1
3
0
0
2
0
0
1
-1
0
3
0
1
2
-3
-1
4
0
4
2
-5
-1
0
4
1
-2
0
-3
-5
0
-2
-1
2
3
0
-2
2
0
2
3
1
-1
-2
0
-3
0
0
-2
-1
0
1
0
1
2
6
1
0
1
-2
-1
1
0
0
-2
-2
2
0
0
0
-2
0
-1
0
0
2
0
-3
4
5
-2
-3
-1
0
0
2
2
1
0
0
0
0
0
-2
-1
-1
-2
-2
1
4
0
-1
1
-3
-4
0
3
3
1
1
1
0
-1
0
0
2
0
0
2
-2
-3
1
0
0
0
1
0
0
0
0
0
-2
0
-2
4
5
2
3
-1
-3
-3
0
3
0
1
1
-2
-2
-4
-3
-1
-3
1
5
0
-3
-3
-1
0
0
4
8
0
-5
-6
-2
0
0
3
3
0
-1
0
1
3
-1
0
1
2
2
-1
0
1
3
0
0
-1
-3
-2
-1
-2
0
2
-2
-2
1
2
0
-2
1
3
0
-1
-3
0
2
-2
0
3
0
1
1
0
0
0
2
-2
-5
-1
0
1
2
3
-1
-1
0
-2
0
-1
1
4
0
0
0
-3
-5
-1
-1
0
0
-3
7
2
-6
1
4
4
1
0
1
6
1
-7
0
8
2
-8
0
5
-2
-8
-4
4
-2
-6
0
5
2
-5
-7
3
0
-8
1
6
5
-4
0
6
0
-3
-1
4
2
-2
0
5
4
-1
-3
1
1
-2
0
0
-1
-2
2
7
-3
-4
3
4
-2
-5
0
2
-3
-3
0
1
0
-5
-2
2
-1
-4
-1
0
1
6
3
0
1
2
1
0
3
4
0
-1
0
1
0
1
-1
0
0
-4
-4
-2
-2
0
2
0
0
-1
-2
0
0
-1
0
1
1
-1
1
3
0
0
-1
1
-1
1
4
-2
-5
0
0
1
1
0
1
-1
0
6
3
-1
0
-2
-5
0
2
0
-1
1
0
-2
-1
1
1
0
2
0
-2
1
0
-1
-2
0
4
-2
-1
0
1
1
-1
0
0
-1
-1
-2
-1
2
3
0
1
0
-2
-1
0
0
3
3
0
-1
0
-2
0
-1
-1
4
3
4
5
2
1
-1
0
1
0
-2
-5
-4
-5
-4
-2
0
1
1
0
0
2
-1
0
0
0
0
0
0
-1
2
1
0
-1
0
-1
0
0
1
1
0
2
4
2
0
0
2
0
0
0
-4
-2
0
0
-1
-1
-1
-3
-1
0
4
3
4
6
1
0
0
0
-2
-4
-1
-1
-2
0
2
0
-1
0
1
-1
3
0
-3
3
0
-3
-3
-2
0
-3
0
3
2
2
3
4
0
1
3
0
-2
-3
-1
0
0
1
1
0
0
-4
-1
0
1
2
-1
3
0
-4
-4
-4
-2
-2
0
2
0
0
0
2
3
3
4
2
0
-1
0
-1
0
1
0
3
2
2
3
-1
-4
-3
0
-1
0
0
0
1
0
-1
-2
1
-1
-4
-1
-1
0
0
2
0
2
7
5
1
-2
-3
-3
-3
-4
-2
0
-2
0
3
5
3
-2
0
-1
-3
-2
1
0
0
0
3
3
5
5
2
1
2
-1
-1
0
-2
-1
-1
0
-1
-3
-1
-2
-3
0
0
0
2
0
-2
2
0
0
0
1
-1
-5
-1
6
0
-3
1
1
3
1
0
0
-2
0
1
1
0
0
0
1
0
1
-2
-3
-2
0
3
0
-1
0
-1
0
-1
0
-3
-5
1
3
1
-3
1
3
0
1
0
1
2
1
-1
-3
1
0
0
0
1
0
0
3
-1
-4
-2
0
2
1
2
2
-1
-1
-3
0
1
-3
-3
0
1
1
-2
0
2
2
0
0
0
0
0
1
3
2
1
1
0
-2
-1
-2
-3
-3
-6
-3
1
0
-1
0
3
3
1
-1
0
0
2
3
0
0
1
1
-1
-3
-4
0
0
0
1
2
3
0
1
1
-1
1
2
0
-3
-2
0
0
-1
-3
-3
-1
-1
2
0
-1
0
1
2
-1
-3
-1
0
1
2
1
0
0
0
2
-1
-1
0
-1
-1
2
6
1
-2
0
4
1
0
-1
0
1
1
2
-1
-1
0
0
-1
-2
-2
0
-2
-3
0
-1
-1
1
0
0
0
0
1
1
0
0
-2
-2
1
4
1
1
1
2
2
1
4
0
0
1
0
1
0
-1
-1
-2
-1
-1
-1
0
-3
-1
1
0
-1
-1
-2
0
0
0
0
-1
-2
0
1
-2
-1
1
0
-1
0
0
0
3
3
-2
-1
3
1
3
2
1
2
2
0
0
1
-1
0
1
0
-1
1
-4
-3
1
-3
-2
0
-1
0
1
0
0
1
1
0
1
0
0
-2
0
1
-2
-3
-1
-5
-1
0
1
1
0
0
0
0
5
2
0
2
5
2
0
-2
0
1
0
-4
-3
-2
0
1
0
0
2
0
-2
1
0
-3
-5
1
3
-3
-3
0
1
0
0
1
-1
0
1
0
-1
-1
3
1
2
3
0
0
0
-2
-2
0
0
-1
0
0
0
2
0
-2
0
1
2
0
0
-1
0
0
-1
0
0
0
1
1
0
-2
1
2
0
1
0
2
2
-1
-2
-2
-1
0
0
-1
0
0
-1
0
-1
0
-1
0
-1
-2
0
0
-1
2
3
2
2
2
0
0
0
0
0
2
1
0
1
4
1
-1
-2
-2
-2
-3
-3
-3
-2
-2
-3
-8
-3
0
-1
-1
-2
0
3
1
2
3
3
4
4
3
3
3
1
1
3
2
3
0
-1
0
0
0
0
1
0
0
2
1
-1
0
-3
0
0
-1
-2
-5
-4
-3
-4
-4
-4
-1
-2
-2
-1
-1
-3
-2
-2
0
1
1
1
2
4
3
3
6
8
7
4
1
-1
3
0
-1
-1
-5
-1
-2
-3
-1
-1
0
1
0
0
2
0
-3
0
2
1
-1
-6
-5
-2
0
-3
-2
2
2
4
1
4
9
0
1
8
1
-3
-4
-6
-6
-3
-2
3
0
-3
0
0
-2
2
2
3
5
1
2
5
6
2
2
1
-3
-3
-1
0
0
-3
-5
-3
1
0
-2
0
0
-2
-3
0
0
-3
-3
-3
0
2
0
0
-1
1
0
0
3
6
4
4
4
2
1
6
1
-3
-3
-7
-1
-1
-3
-3
-3
-3
0
1
1
3
2
0
0
2
1
0
-2
-2
0
-2
-2
-3
0
0
1
3
1
2
1
3
1
0
-2
0
-2
0
3
0
-1
1
1
1
0
-1
-3
-3
-1
-1
2
1
-1
-2
-1
-1
2
0
-2
0
0
1
4
3
1
0
3
3
0
0
-1
-1
-1
-1
0
0
0
-2
0
-2
-1
0
0
0
-3
0
0
0
-1
-4
-1
-1
1
0
0
1
4
4
4
3
3
5
2
1
0
-3
-3
-3
-2
-4
0
0
0
0
-1
-1
0
2
2
1
-2
-2
0
0
0
1
0
0
-2
-4
-4
-2
-2
0
0
-2
-1
1
0
1
2
2
1
4
6
9
8
8
9
8
8
5
7
5
0
0
-2
-3
-6
-9
-10
-12
-13
-14
-12
-15
-12
-9
-8
-8
-2
1
0
3
2
4
9
7
9
9
7
6
6
7
5
5
3
3
0
1
2
-3
-4
-2
-3
0
0
0
2
3
0
0
2
0
0
2
4
3
0
0
1
0
0
-2
-3
-2
-4
-5
-4
-3
0
-1
-4
-2
0
0
0
0
0
3
1
0
0
-1
0
1
0
0
2
1
0
1
1
1
1
0
-2
0
2
-1
-2
0
2
0
0
1
1
-1
-1
2
0
-1
-1
0
-1
0
0
-1
-2
-3
0
0
-1
0
1
0
1
0
1
3
4
3
2
4
0
0
0
-2
0
-2
0
-1
-4
-1
-5
-2
0
-2
-2
0
0
1
2
0
-1
0
1
0
0
1
0
2
1
0
0
1
3
4
0
-1
0
0
0
-1
0
-3
-3
0
0
-2
0
-1
0
1
-1
0
1
0
0
0
0
2
0
1
2
2
2
0
0
2
0
-2
-2
-1
-1
-3
-3
1
0
0
0
-2
0
0
0
-2
-3
0
1
0
3
0
-2
1
3
2
4
4
0
0
0
0
0
2
0
-3
-3
-2
-2
0
0
0
0
0
0
2
3
1
0
0
0
1
-1
-3
-1
-1
0
0
0
1
0
0
0
1
2
0
0
0
0
0
2
1
2
1
-2
0
-3
0
1
-1
0
0
-2
-1
0
0
3
1
0
0
0
0
2
2
0
0
1
0
1
3
2
1
3
2
2
0
1
4
2
1
1
0
-1
-2
-7
-5
-8
-8
-7
-10
-8
-8
-8
-3
-2
3
6
8
11
8
12
14
14
11
11
7
4
6
0
0
-2
-8
-10
-13
-12
-14
-13
-7
-8
-5
0
-3
-4
-2
0
3
1
0
2
5
8
7
9
10
5
6
8
8
4
5
0
-6
0
-1
-2
-2
-6
-1
-4
-5
-5
-4
-1
-3
-2
-1
0
0
1
1
-1
-2
0
0
0
1
0
0
2
0
2
1
1
4
3
3
1
0
2
0
2
2
1
2
2
0
-2
-4
0
0
-3
-2
0
-5
-1
-1
-2
-1
-2
-1
0
0
2
0
0
0
0
2
3
1
-1
0
0
0
-1
0
0
-1
-3
0
-1
-3
0
-1
-3
-1
2
2
5
3
1
6
2
1
2
-1
-1
-2
-3
1
0
0
0
0
-1
-2
-1
0
-3
-4
-3
-2
0
2
0
-1
3
3
0
2
3
1
4
3
0
0
1
1
-2
0
-1
0
1
1
0
0
1
-2
-1
3
-2
-6
-5
-1
3
0
-3
-4
0
1
-5
-2
1
4
9
4
3
3
0
0
1
3
2
0
0
1
0
-4
-3
-2
2
0
0
0
-3
0
-2
-3
-1
-3
-2
0
1
0
0
1
3
4
1
0
4
5
2
2
1
0
-2
-3
-4
-2
0
0
0
0
1
0
0
0
-2
-2
-1
-2
0
0
2
1
0
2
3
-1
0
1
0
1
0
-5
-3
-1
-1
0
0
0
1
1
0
-1
0
3
3
0
0
2
-1
0
-1
0
1
0
1
1
-1
-2
1
0
-3
-3
-1
0
0
-2
0
1
3
1
-2
-4
-2
0
0
-2
-1
0
0
2
1
1
3
1
1
1
-1
2
1
-2
-2
0
1
0
0
0
0
2
2
-1
0
-1
0
-1
0
1
0
0
0
2
0
-3
-3
-3
0
0
1
0
-1
-1
0
0
1
4
0
2
3
1
1
-2
-2
0
0
0
0
-1
0
-2
0
4
0
0
0
0
0
-2
-3
-2
1
-1
1
3
2
1
1
-1
-1
-2
-1
2
1
1
2
-1
-1
0
1
0
-1
1
0
0
0
-1
0
0
0
0
0
-1
-1
-4
-1
2
0
0
3
4
5
1
0
2
0
0
-1
-4
-2
-3
-5
-2
0
1
0
-1
0
2
0
0
-1
4
0
1
0
0
2
0
0
3
3
0
2
2
0
0
1
0
0
-1
-2
-1
-1
-1
-1
-3
-3
0
-2
-2
-1
0
0
0
0
1
2
2
0
0
0
0
0
0
-1
-2
1
0
0
0
0
1
2
0
0
0
1
0
1
0
0
3
1
0
1
1
2
0
0
-1
1
0
-4
-3
0
1
0
0
0
-1
0
-1
-3
-4
-4
-1
0
-1
0
0
0
-1
-1
0
1
0
1
1
0
3
2
0
5
2
1
2
0
0
0
1
1
0
0
2
1
-2
-3
0
0
-6
-4
-2
-3
-1
0
0
-4
-3
3
1
-2
-1
2
1
3
1
2
4
2
2
3
0
-1
1
-1
-1
-1
-3
-1
0
0
-5
-2
1
0
1
-1
0
0
0
0
0
0
-1
0
1
0
1
0
0
3
3
3
1
-4
0
1
-1
-2
-2
2
0
-4
0
1
0
-3
-1
1
1
0
0
2
2
3
0
-1
3
1
1
3
-1
-1
0
-1
-3
-2
-2
-5
-4
-2
0
0
-2
1
5
0
0
1
0
1
1
2
0
0
0
0
0
-1
-1
4
3
1
0
0
0
2
5
0
0
0
-1
1
-1
-2
-1
-3
-2
-4
-1
-1
-2
1
0
3
0
0
0
-1
1
3
2
0
-1
0
0
0
0
3
0
0
1
0
1
3
0
-2
0
2
-1
-1
1
0
0
6
3
-3
-2
-3
-3
0
-1
1
1
0
0
0
-1
0
-1
-3
-1
-1
-2
-3
1
2
2
1
1
3
2
0
0
1
0
-1
-1
-2
3
3
2
3
0
0
0
2
0
-2
0
0
0
0
-3
-3
-1
0
-6
-6
0
-2
-4
-3
0
0
0
0
0
3
3
2
0
2
6
2
4
7
4
3
1
4
1
0
4
1
-4
-4
-1
-2
-6
-3
0
-5
-4
-1
-2
1
0
-1
0
-1
0
1
1
0
0
-1
-2
0
0
0
0
-2
-4
-1
0
-2
0
0
1
-3
-2
2
1
2
2
-1
2
4
3
4
3
2
2
0
1
0
-1
-3
-4
0
-2
-2
0
-2
-1
0
-3
-2
-1
-1
-1
-1
0
-2
-2
1
0
0
2
0
0
0
0
-1
-2
2
1
0
2
0
-1
1
2
4
5
2
3
8
4
0
3
1
1
1
-1
-1
-2
-1
-2
-1
-3
-1
-1
-3
-2
-3
-5
-4
-3
-3
-2
-2
-5
-2
0
-1
0
3
0
0
5
1
1
5
5
0
2
4
3
1
3
3
3
0
-2
-2
-3
0
-1
0
0
0
0
3
0
0
0
-3
-3
-1
-2
-2
-1
-1
-2
-1
0
-4
-1
-2
0
0
1
2
2
2
4
4
1
3
3
0
0
0
-1
-3
-1
0
1
-1
-4
-1
1
2
0
-1
2
2
-2
2
4
0
-2
-2
1
-1
-2
-3
-4
0
0
-4
0
0
-1
2
5
1
1
0
0
2
1
3
2
1
-4
-3
-1
-1
1
2
1
0
1
3
-1
-3
0
1
1
0
-4
-3
0
0
-2
-2
-1
-1
-1
-1
0
-1
0
2
-1
0
1
3
2
0
0
1
1
1
0
0
0
-2
0
1
1
2
0
0
-2
-1
1
0
-1
2
-1
-4
-3
-2
1
-3
-2
2
0
1
-1
0
0
0
-1
0
-1
1
1
-2
0
0
0
1
0
0
2
0
0
1
0
0
1
1
1
0
2
0
0
0
0
0
-1
0
1
0
0
0
0
0
0
0
1
2
-2
0
0
0
-2
-1
0
-1
0
0
-2
0
0
0
-2
0
0
-1
0
3
2
0
1
5
2
-2
1
3
0
-1
0
-1
-2
-1
-1
-1
0
-1
0
3
1
0
0
1
1
-2
-1
0
1
-1
-3
-1
-2
0
2
0
0
3
-1
0
5
0
-3
-1
1
1
-3
-2
3
1
0
0
-2
-2
0
-1
-1
-1
0
4
2
0
4
2
3
3
0
1
2
1
4
1
-4
0
0
-2
0
-4
-5
-1
-4
-5
-4
-4
0
-2
-1
0
0
3
1
-3
0
2
2
2
1
2
4
2
2
3
2
4
1
-3
0
0
0
0
-2
-4
0
-2
0
-2
-3
1
0
0
0
1
0
0
1
0
-1
1
2
2
3
0
-1
0
1
0
0
0
-1
-2
0
0
0
-2
-2
0
-1
0
0
-1
2
-1
-2
-2
0
1
1
1
0
1
0
1
2
1
-1
0
0
1
0
-2
-1
0
0
-1
0
1
1
-2
-1
2
2
-2
-2
0
2
0
-2
-3
1
0
-1
0
0
0
1
1
0
-1
0
1
2
0
-1
0
0
-1
0
3
3
-1
-1
1
0
-1
-2
0
0
-2
1
0
-2
-2
0
-1
0
0
-1
-1
0
0
0
1
0
1
0
3
2
1
2
1
0
-1
1
0
0
3
1
-2
-3
-2
0
-3
-1
0
1
1
0
0
0
0
0
1
1
0
0
0
0
-2
-1
-2
0
0
-1
2
0
-3
1
2
-1
0
0
-1
2
-1
0
3
2
4
2
0
0
-3
-3
0
-1
0
0
1
0
-1
1
0
0
0
-2
-3
-1
2
1
-3
2
1
0
3
2
4
1
2
0
-2
-1
-2
-2
0
0
-3
0
3
2
0
-4
-4
-5
-3
-2
-5
-1
0
1
3
2
2
0
0
1
1
1
1
1
4
4
5
0
0
0
-2
3
4
-1
3
1
0
2
0
-3
-3
-3
0
0
0
-1
-1
0
-3
-2
-1
0
-1
-3
-2
-2
-2
-3
-3
-5
-3
-1
-2
-4
-1
-1
0
0
-3
0
0
1
4
5
6
6
5
3
4
2
3
2
0
1
1
3
3
2
4
2
0
1
-3
-2
3
0
-6
-4
-3
-1
1
0
-1
-5
-4
-5
-4
0
-5
-8
-4
-2
-1
0
0
-2
-3
0
1
3
7
3
0
2
6
8
5
5
4
5
3
4
9
3
1
2
-2
0
-1
0
0
-5
-6
-4
-3
-3
-4
-4
-6
-5
-2
-3
-2
-1
-4
0
-2
1
1
-4
0
0
-1
1
2
2
3
1
1
1
2
1
1
5
6
0
2
2
0
0
2
2
1
-1
-3
1
-2
-4
-2
-3
-1
-3
-2
0
0
-2
-4
-1
-1
0
-3
-3
4
2
2
3
1
1
0
1
2
0
-1
1
4
2
1
0
1
2
0
0
0
0
-1
-2
-2
-1
-1
0
1
0
0
-2
0
0
-1
2
2
0
0
-1
-3
0
-1
-2
-1
0
0
0
1
1
1
0
0
0
0
2
0
0
1
0
0
1
0
-1
0
-1
-2
1
0
-1
1
2
0
-1
-1
0
1
0
0
0
-2
-1
-1
0
0
0
0
0
0
4
3
2
2
0
0
0
-4
-5
-2
0
0
-1
0
0
1
2
0
5
3
1
3
-2
-1
0
-2
-2
-2
2
4
0
1
0
-3
0
-1
-2
0
-1
-1
3
0
-1
1
1
0
-1
1
-1
0
2
0
1
1
0
0
-1
0
0
-1
-2
0
0
-2
0
2
0
0
0
0
0
0
0
0
0
0
0
1
0
2
0
0
0
1
-1
-1
1
1
0
0
0
0
0
-1
1
2
-1
-3
0
-2
-1
4
-1
-2
0
-1
1
2
2
0
0
-1
-1
0
0
-1
0
0
-1
0
0
-2
0
4
3
0
-3
1
4
-1
-1
0
0
2
-1
0
0
0
-1
0
3
0
-3
1
3
-2
-1
1
0
0
0
-2
0
2
0
0
0
-1
1
-3
-1
1
0
1
0
0
0
0
0
0
1
0
-2
-1
0
0
0
0
0
0
0
1
0
0
1
-1
0
3
0
0
0
0
0
1
1
1
-2
0
0
-3
1
0
0
1
-1
1
-3
-1
0
-2
1
-1
0
0
-1
0
3
3
0
1
0
0
0
0
0
1
0
0
3
1
-1
0
1
0
0
0
-1
0
0
0
0
-1
-1
0
0
0
-2
-4
0
1
-2
0
1
-1
0
1
1
0
0
-1
0
2
0
0
0
1
1
2
1
0
0
0
1
1
0
-2
-1
0
0
0
-1
0
3
0
3
1
0
1
-1
-2
0
0
0
0
-1
1
2
0
0
0
-3
0
-1
-1
-4
0
2
0
0
1
1
2
1
-2
-2
0
-2
-1
0
0
0
1
1
0
-1
0
-2
-4
2
0
2
2
1
3
0
1
2
0
1
0
0
1
0
1
1
-1
-1
0
0
0
0
0
0
-2
-2
-2
-2
0
0
0
0
-1
0
1
1
0
1
-1
0
-1
-1
0
-2
-2
0
0
1
3
3
0
0
0
0
0
-1
-1
1
1
0
2
3
2
-1
0
0
1
0
-1
-2
-2
0
-3
0
0
1
0
-3
-3
-1
-1
0
0
0
2
2
4
3
2
1
0
0
1
0
-1
-1
-1
0
0
-1
-1
0
0
0
2
-2
-3
0
0
-1
0
0
-2
0
0
-3
-4
2
0
0
3
0
0
0
1
0
1
2
2
1
1
2
-1
-1
2
0
-1
-1
-2
0
1
1
0
1
0
0
0
0
-3
-2
-2
0
0
-1
0
-1
1
0
-2
-1
-2
2
3
1
0
1
3
2
1
2
0
1
-1
-1
0
0
0
0
0
-1
-1
-1
0
-1
-1
-2
0
2
3
0
0
2
1
2
-2
-4
0
-1
0
0
0
0
-1
1
1
0
0
-5
-4
0
1
4
1
-2
3
2
0
1
-1
0
2
0
1
2
0
0
-2
-1
0
1
0
0
1
0
0
0
-3
-2
1
-1
-1
0
-3
1
-1
-3
1
-2
0
2
-1
0
2
0
1
2
-1
0
0
-1
0
0
1
1
1
-1
1
0
-1
1
1
3
1
0
0
-2
-1
0
1
0
-2
3
-1
-3
1
0
-2
0
0
0
0
-2
-1
0
-1
0
0
-3
0
1
1
1
1
3
0
1
0
2
3
0
0
1
-2
-1
0
-1
-1
1
0
-2
0
0
0
-1
0
1
-1
1
2
-2
-1
0
0
-1
-5
-4
1
0
1
0
0
1
1
1
1
-1
-2
4
2
0
1
0
3
1
-2
-1
-2
-2
0
-4
-3
-1
-1
1
0
0
2
0
0
1
-2
-1
0
-4
-1
2
0
2
2
2
0
-4
0
0
-1
0
-1
0
1
1
1
3
1
0
1
0
1
0
1
0
0
1
0
0
0
-1
-1
-3
-3
-1
-3
-3
-1
-1
0
0
2
2
-1
0
0
3
4
-1
0
1
0
0
2
2
0
0
-1
0
2
-1
0
0
-2
-2
-1
0
-1
0
1
1
-1
-1
2
0
0
0
-1
0
0
0
0
-2
-2
1
0
0
2
2
1
1
1
-1
-2
-3
-3
0
0
-1
0
0
2
2
3
3
1
0
-1
0
-1
-1
2
0
-3
0
0
-1
0
0
-2
-1
-2
-2
0
0
2
0
0
1
0
3
0
2
2
-2
0
1
0
1
0
0
1
-3
-2
0
-1
0
-1
-1
0
-2
0
0
0
1
-1
1
3
0
1
1
-1
-1
0
0
-1
0
0
0
-2
0
1
1
0
2
4
0
0
-1
0
0
0
0
0
-1
-4
0
0
-1
0
-1
0
0
0
2
2
1
0
-1
0
0
-1
0
2
0
2
2
0
4
1
0
0
-3
-1
-2
-2
0
0
0
0
2
2
1
0
1
0
1
0
-1
1
1
3
0
-2
-1
-2
-1
1
0
-3
0
3
1
-1
0
-2
-5
-1
-1
-2
0
3
-1
-2
2
2
4
0
-1
0
2
4
2
6
3
0
1
0
-1
0
2
-2
-3
-5
-3
-1
2
1
-2
-3
-7
-3
2
2
0
2
1
0
0
2
3
0
0
1
0
-2
-1
1
1
-1
0
-1
-1
0
0
2
1
1
2
0
-1
0
3
-1
-2
-1
-6
-2
2
0
1
2
0
1
1
2
0
2
1
0
0
0
0
1
0
-4
-2
-2
-3
-2
-3
0
2
0
2
0
2
2
1
0
0
0
-1
2
0
-1
-1
1
1
-1
0
1
2
0
1
0
-1
0
-1
-2
1
0
0
2
0
2
0
0
0
-1
0
-1
0
0
0
-1
-2
0
0
0
0
-1
-2
-3
-2
0
3
2
2
1
0
2
0
2
3
2
2
1
1
0
0
0
-1
-2
-1
-2
-1
0
-3
0
0
0
0
0
0
0
2
0
2
0
-2
2
1
2
2
0
-1
-1
1
-1
-2
1
-1
-2
1
-2
-2
0
2
1
0
0
2
0
1
0
0
2
1
2
1
-1
-2
0
-2
0
2
-1
0
0
-3
-1
0
-2
0
0
0
0
0
1
-3
0
0
-2
0
1
0
1
3
1
0
1
0
0
2
0
0
0
-1
0
0
-1
2
3
0
-3
0
3
3
1
-2
-1
-1
2
1
-2
-1
0
0
0
-2
-3
-1
0
-2
-1
-2
0
0
0
0
0
0
2
1
1
0
2
1
-1
2
1
-1
0
2
1
0
0
0
-2
0
0
0
0
-2
0
0
-1
0
0
0
-2
0
2
0
0
1
-1
0
0
0
0
-2
1
0
0
0
0
0
-1
0
0
0
-2
1
0
-1
1
0
0
0
-1
0
1
-1
0
0
0
2
0
-1
1
0
1
1
0
0
4
2
0
0
-1
0
0
-2
-1
0
-1
0
-2
0
1
0
1
1
0
0
0
0
-2
0
0
-1
0
0
0
2
0
0
-2
-1
0
0
0
0
1
0
1
1
0
1
3
1
-2
-2
1
0
0
1
0
0
-1
-1
0
0
0
0
-1
0
-1
0
2
0
1
2
0
0
1
-1
-2
-3
0
2
1
0
0
-1
0
0
0
-3
-2
-1
0
2
0
-1
0
0
0
1
0
-1
0
0
0
0
0
1
0
-1
0
1
0
0
0
-2
-1
0
2
1
0
0
0
-1
0
1
0
-1
-4
-3
0
3
2
0
0
0
0
0
0
0
-1
-1
0
1
0
-1
0
0
0
1
1
0
-2
0
0
1
0
0
3
0
0
3
0
-2
-2
0
-1
0
0
-1
0
0
0
-1
-1
0
-2
0
0
-1
0
0
-1
0
-1
-3
0
0
0
3
0
0
1
0
2
0
0
0
1
0
0
0
2
5
2
2
0
0
1
0
-2
-2
-1
0
0
-2
0
-2
-1
0
0
-2
-4
-1
0
0
0
0
-1
0
0
0
2
1
0
0
0
1
2
0
2
0
-2
-1
0
1
0
0
-1
0
2
1
1
-1
0
0
1
2
0
-1
0
2
0
0
0
-2
0
0
-2
-1
-1
-3
-1
0
0
0
0
0
-2
-1
1
1
0
-2
-2
0
1
4
1
-3
0
1
0
2
2
0
0
1
1
0
0
0
0
1
-1
1
1
-1
0
0
0
0
0
0
0
0
-1
0
0
-3
0
0
-1
0
2
1
-2
2
3
-1
-1
0
0
1
2
-1
-1
0
0
1
0
-2
-1
0
0
0
0
-2
0
1
2
-1
-1
1
-1
0
0
0
0
2
1
2
0
1
1
-2
-1
0
-1
0
0
0
0
1
0
0
-1
-1
0
-1
0
0
0
1
0
0
-1
0
0
0
0
0
1
1
0
0
-1
0
1
0
0
-1
0
-1
-1
1
0
0
1
0
1
1
0
0
0
0
0
0
2
1
1
0
-1
0
0
0
0
0
0
0
0
1
-1
0
1
0
0
0
0
0
0
0
-1
-3
1
1
0
0
-3
0
0
0
0
-1
0
0
2
1
0
-1
0
0
1
1
0
0
0
0
1
0
0
1
0
0
0
0
0
0
0
0
0
-1
0
0
-1
1
0
-1
0
1
0
1
-1
0
0
-2
0
1
1
0
-1
-1
0
0
0
1
1
-1
-1
0
0
1
2
3
0
0
1
0
-1
0
1
0
0
-4
0
2
-2
0
0
-1
-1
-1
-1
0
-1
-1
-1
-1
1
0
0
0
0
0
-1
2
0
1
1
3
2
0
0
0
0
0
0
0
2
1
0
0
-1
-2
-3
0
1
0
-1
-1
-1
2
1
-2
0
-3
-3
0
3
2
1
-1
-2
-1
-2
0
0
0
1
-2
1
3
0
1
-2
-2
0
-3
-1
0
2
3
0
1
2
0
-1
0
0
2
3
0
0
2
-1
0
0
-1
-1
-2
-1
1
0
-1
0
0
0
0
-2
0
0
0
1
0
0
3
0
-2
0
0
0
0
0
3
0
0
1
0
0
2
2
0
1
-1
0
0
-1
0
-1
0
1
0
-2
-3
0
-2
0
2
-3
-2
0
-1
2
3
-2
0
-1
0
1
0
0
2
3
0
2
-1
-2
-1
-3
0
1
0
1
1
0
-1
-2
0
-1
0
0
0
0
0
2
-1
0
1
0
0
1
-1
0
1
1
2
0
1
1
0
0
-3
-2
0
-1
-3
-2
0
-1
0
-2
0
0
1
0
0
0
0
0
0
3
5
0
-1
0
2
1
-1
0
1
2
0
0
1
0
-2
0
-2
-1
-2
-3
1
0
-1
0
0
2
0
-2
0
0
2
4
0
2
0
0
2
0
0
0
-1
1
0
-1
0
-1
0
-1
0
1
1
0
0
-1
-3
0
1
0
1
-1
-2
-1
0
0
0
1
1
0
0
1
0
0
0
0
0
1
2
0
-3
-1
0
0
0
-1
0
1
1
0
0
2
1
0
0
-1
1
2
0
0
-2
-1
0
0
1
0
1
0
0
0
0
0
0
0
0
0
0
0
-2
-1
-1
-1
0
2
-1
-3
0
0
0
1
0
0
0
2
0
0
0
0
3
1
0
0
-2
1
0
3
3
-1
0
-1
-1
-1
-1
0
-1
0
0
0
0
0
-1
-1
0
0
-1
0
0
0
1
0
0
0
2
4
2
0
0
0
0
-1
0
0
0
0
0
0
0
-1
-2
-1
-2
0
1
-1
0
0
1
2
0
0
-1
-1
-1
0
1
1
1
0
0
0
-2
0
2
0
1
0
0
1
0
0
1
0
0
-1
-1
0
0
1
0
-2
-2
0
0
-1
0
0
0
-1
-2
-1
0
1
1
1
1
-1
1
1
0
0
1
1
1
0
2
0
0
-1
-1
0
-1
-1
-1
-1
-2
0
0
0
0
-3
0
0
0
1
-1
0
0
2
2
-1
0
1
0
0
2
0
0
2
0
0
2
0
-1
0
0
0
0
0
0
-1
1
0
0
0
-2
0
0
0
-1
-1
0
-1
1
0
0
0
0
0
-1
-2
0
0
0
2
0
0
0
2
1
0
0
0
0
0
2
2
0
0
0
1
-1
0
0
0
-1
0
0
-1
-2
-2
-2
-2
0
1
0
0
0
-1
0
2
1
-1
-1
0
2
1
0
0
0
2
1
1
-2
0
0
-2
0
0
0
0
0
0
0
0
0
0
0
0
0
0
1
1
0
-1
-2
0
0
-2
2
0
0
0
0
0
-2
-2
0
-1
0
0
1
1
0
2
4
-2
0
1
0
2
-1
0
2
0
1
1
1
0
-2
0
1
0
0
0
-1
-1
0
0
0
0
-1
0
0
-2
0
1
0
0
2
-1
0
1
0
0
2
1
-1
0
-2
-3
-2
0
1
1
-2
-2
0
0
1
1
1
0
-1
2
2
1
2
0
1
1
1
1
0
0
0
-3
0
0
1
0
-3
0
-1
-1
-1
-1
-2
0
-1
0
0
-1
1
0
0
0
0
1
0
0
0
0
0
0
-2
1
1
0
0
0
0
0
-2
0
1
1
0
0
2
1
0
0
2
0
-2
0
0
0
1
-1
0
-3
-4
0
-1
-2
0
-1
0
-3
-2
3
0
1
2
0
2
0
1
5
2
0
1
-1
0
1
0
-2
2
0
-4
0
2
0
0
-3
-2
0
0
1
0
-2
0
2
2
0
0
2
0
-1
1
-1
-1
-2
0
0
-3
-2
3
0
-2
-1
0
-1
0
2
1
1
1
0
1
1
0
0
1
0
1
2
1
0
0
-1
-3
-3
0
1
0
-1
0
0
0
0
0
-1
0
2
1
0
0
0
0
0
0
0
0
0
1
0
-2
0
0
0
1
0
-1
0
1
1
1
0
0
0
1
0
0
0
-2
-2
0
-1
-1
0
-1
0
1
1
1
0
2
1
1
3
0
0
0
1
4
0
-3
-1
-1
0
1
0
0
0
-1
0
-1
0
0
-1
0
-1
-2
1
0
-1
0
0
0
0
0
1
0
0
1
-1
-2
-1
0
-2
-1
2
0
2
2
0
-1
1
2
2
-1
1
1
0
2
2
0
0
0
-2
0
0
0
-1
-3
0
2
0
0
0
0
0
-1
0
1
0
0
1
1
-1
0
1
-1
-3
-1
-3
-1
0
1
0
0
3
0
0
1
2
0
0
3
0
-1
-1
0
0
1
3
0
-1
0
0
1
0
0
-1
-1
1
-1
0
-1
-1
1
2
2
-2
0
1
0
-3
-1
0
-1
-1
0
0
0
1
0
0
1
0
-1
-1
1
1
0
1
0
-1
2
2
0
0
1
0
-2
0
1
-2
0
1
0
0
1
0
0
0
0
0
-2
0
-3
0
0
-1
0
-1
1
0
-2
0
0
0
0
2
0
0
0
0
1
0
2
-1
-1
0
1
0
0
2
0
0
0
1
1
1
0
-1
-1
0
-3
-1
0
0
0
0
1
-1
0
1
0
0
-1
0
0
0
1
1
0
-1
0
0
-1
0
0
1
0
-1
0
1
3
0
-1
0
0
0
0
-1
0
1
2
-1
-2
0
0
0
1
0
-1
0
0
1
0
0
-1
0
0
0
1
0
-2
0
0
2
0
-1
0
0
0
1
2
0
-1
0
0
0
0
-1
0
1
0
0
0
0
1
1
0
-1
1
1
0
-1
0
0
0
0
-1
-2
0
0
0
2
-1
0
1
1
0
0
0
0
2
0
0
0
-3
-1
0
-1
0
-1
-1
2
0
0
2
1
3
1
-1
0
0
2
0
-3
-2
0
0
0
-1
-1
0
0
0
1
1
0
-1
0
3
1
-2
0
-1
-1
0
-4
0
0
0
0
-1
1
1
2
0
0
0
1
0
2
0
0
1
1
1
0
0
-1
-1
0
-1
-2
-1
-1
-2
0
0
2
0
-2
0
1
1
1
0
0
1
1
3
1
0
1
-1
0
2
0
0
0
-3
-1
0
-1
-1
-1
0
0
-3
-3
1
1
0
-1
0
-2
1
3
2
-1
-3
0
-1
4
1
-1
0
-3
0
0
0
0
0
2
0
0
2
-2
0
4
0
-2
0
-1
0
1
1
-2
-1
-1
-2
-2
1
-1
0
3
-1
-2
2
1
-3
0
1
0
0
0
-1
1
2
0
-2
0
2
3
1
0
0
-1
2
3
-1
0
2
1
0
-1
0
-1
-1
0
-2
1
0
0
0
0
0
0
-3
-1
2
0
0
1
-1
-1
0
0
0
0
0
0
0
1
1
2
1
-3
-2
0
0
-1
0
0
2
1
-1
0
2
-5
-3
1
2
4
5
4
0
-1
-5
-1
-1
1
1
0
-2
0
0
2
2
2
0
-1
-1
0
-1
1
1
0
-2
-2
0
-2
0
0
0
0
0
-4
0
5
3
2
2
2
2
2
0
0
0
0
-1
-1
-1
-1
0
-2
-2
0
0
0
-1
-1
-2
0
0
1
1
2
3
0
0
1
0
1
1
2
0
0
0
-3
-1
-1
0
0
2
0
2
1
0
-1
-1
0
-2
-1
-2
0
0
0
1
1
3
0
0
0
0
-2
0
1
-2
-2
-2
-1
0
0
3
1
0
0
0
0
0
-1
-1
0
0
3
3
0
2
1
1
0
-1
0
0
-2
0
0
0
0
0
1
-1
0
-1
-1
0
-1
-2
-2
0
1
0
0
2
1
0
1
1
0
3
1
-1
0
0
-1
0
2
0
0
0
0
0
0
-1
-1
0
-1
0
-1
-1
0
0
0
0
-2
0
0
0
1
0
1
0
-1
0
0
1
3
-1
0
1
1
1
1
0
2
2
-3
-1
0
0
0
0
0
0
-1
0
-1
-4
-2
0
0
0
0
1
-1
0
0
0
0
2
2
0
0
2
1
1
0
1
0
0
1
0
-1
-1
0
1
-1
-1
0
-2
1
-1
-2
0
0
0
1
0
0
0
0
-2
-1
0
0
0
0
1
0
0
1
0
0
0
-1
1
0
-1
1
0
0
-1
0
0
0
0
1
0
1
1
0
-1
0
-1
-1
1
0
0
0
1
0
-1
0
-1
0
0
-3
-1
0
0
0
1
0
-2
0
0
0
0
0
0
0
1
0
1
0
0
0
1
0
-1
0
0
-1
-1
0
0
-1
-1
0
0
0
1
0
0
1
1
-1
0
1
0
0
0
2
1
0
-1
0
1
1
-1
-3
-1
1
1
-1
0
0
0
0
0
0
0
1
0
0
1
1
0
-1
0
-1
-1
0
-1
-2
-1
0
-1
0
1
-2
0
2
1
2
1
3
0
0
3
3
2
0
0
0
0
0
0
-2
0
-3
-5
-3
0
-1
-3
0
0
-1
-1
2
3
2
3
2
0
-1
0
0
-2
-1
-2
-2
0
0
0
1
2
2
3
2
2
2
1
2
1
1
0
0
-2
-1
-2
-2
-2
-4
-3
-2
-1
-1
-1
-2
0
2
0
1
2
0
2
2
1
1
0
0
1
0
-1
-3
-2
-3
-2
0
0
2
1
1
1
3
3
0
0
0
-1
0
-1
-3
0
1
0
0
-1
-2
-1
0
0
0
0
-1
0
1
0
0
1
2
0
0
1
0
0
0
-1
0
1
0
0
1
0
1
0
0
-2
-1
-1
0
1
-1
0
1
-1
-1
0
1
0
2
1
1
0
0
2
0
0
1
0
-2
0
0
0
-2
-1
0
-2
-3
-2
0
0
0
2
1
0
1
1
0
-1
1
0
0
2
3
1
0
1
2
-1
-3
0
-1
-3
1
3
2
0
0
2
0
0
0
2
0
0
0
-1
1
-1
-4
-2
-2
-2
-4
-2
0
0
0
0
-1
-1
0
-2
-1
-1
-2
1
4
3
3
5
6
0
1
3
2
2
2
2
3
6
2
3
4
1
0
-1
-2
-3
-4
-4
-7
-5
-1
0
-2
1
-2
-3
0
-4
-7
-2
1
-3
-3
-2
0
0
1
-1
-4
0
0
0
4
1
2
4
1
2
6
5
4
5
1
0
2
1
0
0
1
0
0
0
-1
-2
-2
-1
-1
0
-2
0
0
0
-1
-2
-2
-3
-2
-1
0
0
0
1
-1
0
1
1
-2
0
0
1
1
0
2
3
0
3
0
-2
-1
0
1
-1
4
0
0
2
0
3
2
2
-2
-4
-3
-6
-5
-5
0
-1
0
0
-1
3
0
3
2
3
5
-1
0
0
1
0
0
-1
-3
0
-1
1
-1
0
0
-2
-1
0
0
-1
-2
-2
3
3
1
0
1
1
1
0
0
0
0
1
-1
1
0
-2
0
1
0
-1
-1
0
2
-1
0
0
-2
0
-1
-1
3
1
0
0
-1
1
1
0
-1
-2
0
0
-2
-3
0
0
0
0
0
2
1
4
2
1
0
-4
-3
-1
2
0
-1
0
0
1
-2
-2
-2
0
1
-1
-2
0
2
1
2
3
1
4
8
0
0
1
-1
1
0
-2
-5
-4
-1
-2
-6
-9
0
8
7
-5
-14
-10
1
9
9
-2
-2
8
11
4
-8
-16
-11
2
15
14
4
-3
-2
0
-1
-1
0
5
9
0
-15
-14
-6
-1
8
11
11
0
-16
-17
-13
-3
6
14
9
7
0
-24
-26
-30
-20
-17
-25
-9
23
77
67
25
-12
-12
7
-82
-251
-147
369
551
311
-129
-381
-254
-35
116
-95
-219
-265
-102
149
176
120
-122
-27
108
220
142
-39
-48
-236
-46
80
100
112
37
-27
-133
47
-16
-105
-34
15
189
144
96
20
-139
-42
-56
-35
10
-151
-136
-165
-49
33
2
104
26
45
38
107
172
55
35
-67
-37
25
-52
-41
-17
-6
14
-6
6
71
47
-9
-47
-69
-11
27
0
-19
-43
-44
-7
44
39
-34
-50
-57
5
63
35
20
-58
-22
54
33
3
7
17
-30
51
88
15
-81
-111
-25
13
86
68
18
4
-30
-30
3
18
-18
-27
-23
20
-7
-20
-16
-61
-14
0
34
30
-57
-31
40
22
8
-1
-20
41
33
22
33
5
-24
-17
7
-47
-11
2
-45
-19
3
35
13
8
14
13
9
-19
42
38
4
0
-40
-8
14
16
8
-39
-32
-4
0
-20
-34
-29
-3
35
35
17
7
14
5
8
12
8
0
-35
-35
-10
11
8
-30
-51
-8
20
24
31
10
6
18
31
8
-12
-25
-19
6
-10
9
21
0
-6
-8
5
0
6
13
-9
-12
0
2
-24
-28
-3
-3
-9
-1
13
8
-2
0
7
-7
-8
9
18
22
19
12
-2
-7
0
11
-4
-18
-5
-1
-3
-6
-2
1
0
-4
-2
4
-2
-10
-17
-5
6
14
22
7
-9
-5
0
-8
-6
8
9
-5
-19
0
14
5
3
-1
-6
-1
1
6
0
-14
3
16
10
6
-1
-2
0
-2
-3
1
-10
-20
-4
18
6
-11
-4
4
8
1
-11
-13
4
6
5
5
3
0
-13
-6
13
19
6
-4
-8
0
3
-4
-6
-6
-4
1
1
1
-2
-11
-4
10
20
10
-2
-4
-3
-3
-5
-1
9
5
-1
-8
-3
10
10
-1
-6
5
0
-11
-7
-7
-10
-8
-5
8
12
0
-4
2
7
2
3
4
3
-3
-4
-4
2
0
-11
1
14
7
2
3
-2
0
4
-6
-4
4
-6
-6
2
-1
-3
3
-3
-3
2
-5
-6
-2
1
1
3
2
2
2
1
1
3
0
-2
2
0
-1
6
0
-5
0
3
3
0
-4
-1
2
0
2
-1
-1
1
-2
1
2
-2
-3
0
3
3
1
0
-1
-1
1
-3
-7
-1
-1
-3
-2
-6
0
-2
-5
1
0
0
-2
1
3
6
7
5
6
9
13
8
8
5
-2
-2
-2
-4
-4
-10
-12
-14
-11
-11
-11
-3
-9
-9
0
0
3
7
10
8
10
12
14
16
14
11
12
6
7
3
0
4
-5
-9
-5
-8
-11
-13
-11
-13
-9
-14
-10
-10
-14
-5
-1
0
0
0
4
6
10
7
7
13
8
10
6
2
3
0
0
-4
-7
-6
-4
-3
-2
-4
0
1
0
8
3
-1
1
1
4
5
2
0
-1
3
0
-3
1
-5
-8
-1
-3
-4
0
-3
-1
1
4
8
4
7
5
4
4
2
-1
-2
-7
-10
-9
-14
-15
-13
-13
-13
-7
-7
0
6
6
14
16
19
19
21
23
15
19
15
10
8
2
-1
-6
-12
-17
-14
-20
-26
-18
-23
-26
-14
-13
-20
-9
-1
-1
2
10
12
9
16
23
19
19
25
19
19
23
11
4
7
1
-5
-7
-9
-19
-24
-12
-7
-21
-22
-6
2
-4
-3
0
2
6
9
-1
-4
9
-7
-14
7
7
-11
-2
3
-3
17
15
9
10
-8
4
37
19
-17
-18
-20
71
66
-118
-71
89
64
-58
-78
-24
53
37
-87
-79
7
38
-26
-81
-43
22
25
-49
-16
7
8
40
12
16
65
31
-21
115
91
-26
22
73
40
-3
1
-1
-18
-37
-10
-49
-77
-46
-33
-47
-74
-29
-48
-29
15
-8
-23
13
60
18
34
49
36
64
37
18
30
44
9
-23
-4
3
-17
-35
-26
-38
-8
-7
-66
-19
24
-34
-34
5
-3
7
-10
-28
1
28
-11
-9
20
10
27
41
26
13
52
58
48
29
11
32
18
-3
-28
-37
-40
-61
-64
-58
-76
-73
-51
-30
-17
-14
8
25
46
72
57
45
57
61
60
39
5
0
17
-8
-21
-15
-31
-23
-19
-22
-10
-15
-30
-8
12
-9
-15
-1
-4
-6
3
2
-8
-15
-4
9
12
3
-8
9
31
18
-2
11
14
2
9
10
-2
-2
1
-1
-3
-9
-7
-2
-2
0
0
-3
3
7
-3
-1
-1
-4
-4
-6
-5
-5
-1
-4
-7
-4
0
3
1
-1
6
5
7
11
-4
-3
7
9
-1
-4
0
1
-3
-2
2
-3
-3
-1
5
5
-2
0
1
1
6
5
-6
-6
0
0
1
0
0
1
0
3
3
0
0
3
0
-1
-5
-6
-2
-6
-5
-3
-2
-3
-2
3
3
3
3
3
0
2
2
1
1
-4
-2
0
-4
-3
-1
-4
-1
0
-2
-1
0
0
0
-2
-1
0
3
2
1
6
6
5
5
3
6
3
-1
2
2
-1
-2
-1
-2
-3
-6
-5
-4
-4
-6
-4
-2
-2
0
0
2
5
4
5
5
3
0
1
2
1
1
0
-2
0
0
1
-3
-3
0
0
0
-1
0
0
1
0
0
-2
0
0
-1
0
-2
-2
-2
0
0
-1
-1
-1
0
0
-1
-4
-2
-1
0
-1
0
3
7
4
4
7
6
3
4
7
4
1
0
1
1
-1
-4
-8
-8
-9
-9
-9
-10
-9
-6
-7
-3
0
2
3
2
5
7
6
9
8
8
8
8
8
6
4
1
1
0
-4
-5
-4
-4
-5
-7
-7
-8
-10
-5
-3
-4
-2
-1
1
3
1
3
5
3
2
2
3
1
1
2
2
0
1
-1
-3
-1
-1
-2
-1
0
3
3
3
2
3
4
4
4
4
2
2
2
1
-1
-3
-4
-5
-5
-5
-6
-4
-6
-5
-4
-4
-4
0
1
1
0
0
3
5
2
2
5
5
4
2
3
2
1
1
3
3
-1
-2
-3
-3
-3
-1
-1
-1
-2
-3
-2
-4
-2
0
0
0
0
0
2
0
1
1
0
2
1
3
1
-1
-1
-1
0
1
0
1
-1
-2
-2
0
3
1
0
0
1
0
-1
0
0
-1
0
-2
0
2
0
0
0
1
-1
-1
0
-1
0
1
-1
0
0
0
-2
1
0
0
0
0
1
-1
-1
2
1
3
3
1
2
2
1
0
1
0
0
-1
-2
-3
-4
-2
-3
-2
0
0
0
0
0
-1
-2
0
0
-1
-2
0
2
0
3
6
2
2
2
3
2
2
1
1
0
0
0
-1
-2
0
-2
-3
-2
-2
-3
-1
0
0
-2
-2
-1
-1
-1
0
0
-1
-1
-1
-2
-2
-2
0
0
0
3
2
4
6
4
6
3
2
4
1
1
2
-2
-3
-2
-1
-5
-3
-3
-8
0
1
-4
-1
-1
0
0
-1
3
4
1
0
0
0
1
1
0
-1
0
0
-1
-1
1
0
-1
-1
0
0
2
0
0
1
2
-1
-2
-3
-1
0
0
1
0
1
1
1
0
0
2
0
1
2
3
0
2
2
-1
-1
-2
2
2
-2
-4
-2
1
-2
-5
-3
-2
-4
-3
-4
-2
2
0
2
2
2
4
2
2
3
-2
-2
1
1
-1
-1
0
1
0
0
0
3
2
-1
-2
-2
1
4
0
-6
-5
0
8
6
-6
-4
6
1
0
11
2
-15
-19
8
45
-5
-68
-8
64
21
-48
-41
23
52
-4
-44
-8
37
20
-22
-21
10
24
-5
-23
8
13
0
0
-5
-2
10
-4
-10
13
2
-10
0
5
4
-1
-4
0
-6
0
9
-11
-8
2
4
2
-12
-3
10
1
-4
-4
2
11
0
-12
0
10
6
6
-7
-12
13
17
-7
-17
4
15
-4
-11
-6
5
14
-7
-22
0
15
-1
-15
-6
8
9
-9
-6
7
6
0
-3
0
4
2
-4
0
6
3
0
1
2
3
1
-2
0
2
-2
-3
0
1
0
-4
-1
5
2
-3
-4
2
3
-2
-4
0
0
-3
-1
-1
0
0
1
0
0
0
0
-3
-1
4
0
0
2
-1
1
6
1
0
0
0
3
0
-1
0
0
0
0
-1
1
-1
-2
1
0
0
0
-1
-1
-1
-2
0
1
0
0
0
-2
0
0
-1
-1
1
2
0
-3
0
2
0
0
-1
1
3
0
1
1
1
1
-3
0
3
0
0
0
3
0
-3
-2
0
2
-2
-4
-1
0
0
-1
0
0
0
-2
-4
0
1
1
1
1
0
0
2
2
1
2
1
0
0
0
0
0
0
0
-1
0
2
0
-2
-2
-2
1
-1
-3
0
0
0
-2
-3
2
3
4
3
1
4
1
1
2
-1
-1
-1
-5
-1
-1
0
1
-1
-1
0
0
0
2
0
-1
1
0
1
0
-3
0
-2
-1
0
0
3
0
0
0
-1
2
1
2
1
0
2
2
2
0
-1
0
-3
0
0
-2
1
-2
-2
0
-3
0
0
0
1
1
3
0
0
0
-1
0
0
0
1
1
0
0
0
0
0
0
0
1
0
-1
0
1
0
0
-1
1
-2
-1
3
0
-1
0
0
0
0
-2
-1
0
1
0
-1
0
0
0
-2
-2
0
0
0
-2
0
1
-1
-2
0
2
1
0
1
0
4
1
1
4
2
1
0
0
1
0
-1
-4
-3
0
-2
-2
0
0
-1
-2
0
2
1
0
0
2
2
-1
0
0
1
1
-1
0
0
0
2
-1
-1
0
2
0
0
-2
0
1
2
0
0
0
0
0
0
-3
-1
0
0
0
0
0
-2
0
2
0
0
-1
-1
2
0
-1
1
0
1
0
-1
-1
1
1
0
0
-1
0
1
0
0
-1
-2
1
0
-1
1
0
1
3
2
-1
-1
2
-1
-2
-2
0
0
0
1
0
-2
0
0
0
0
0
-1
0
-2
-1
0
-1
1
-1
0
1
1
0
0
0
-1
1
0
-1
3
0
2
2
0
2
0
0
0
0
0
0
0
-3
0
1
0
0
0
-1
-3
0
-1
-2
-2
-1
-1
-1
0
0
0
0
1
0
1
1
0
1
0
1
1
0
0
0
1
3
3
1
0
0
0
0
-1
0
-2
-2
-1
-1
1
0
-2
-1
-2
-2
0
0
0
-2
1
0
0
1
1
0
0
-1
0
1
2
0
0
2
1
1
0
0
1
0
0
0
-2
-2
-2
0
1
0
0
-1
1
0
0
1
0
-2
-2
0
-1
1
1
0
-1
1
0
1
1
0
0
-1
0
1
1
0
0
0
0
0
1
1
1
0
-1
1
0
-1
-2
-1
-1
0
-1
0
0
-1
-2
2
2
0
3
3
-2
-2
1
0
0
0
0
0
0
0
-2
0
0
0
0
0
-1
0
0
0
0
1
1
0
1
0
-1
0
0
0
0
0
2
0
-2
0
-1
0
0
-1
0
-1
0
0
-1
1
0
0
0
1
1
0
0
0
0
0
2
1
-1
0
-1
-1
0
0
0
0
0
0
0
1
0
0
-1
0
-1
1
3
1
0
0
1
0
-1
0
-2
-1
0
-1
0
0
-2
0
-1
0
1
0
3
0
0
2
1
0
2
0
0
0
1
0
0
0
0
-1
-1
-1
0
0
0
0
1
0
0
-1
0
0
0
0
0
2
0
-1
0
0
0
0
-3
-3
1
0
0
2
0
0
0
0
-1
-2
0
0
0
0
0
0
0
1
2
2
0
1
0
0
0
1
0
-2
0
1
-1
0
0
0
-1
0
1
0
1
0
1
1
0
0
0
0
0
0
1
0
-1
0
-2
0
0
0
0
-1
-3
0
0
1
0
0
0
1
0
0
0
0
-2
-2
-1
3
2
0
1
-2
-2
1
0
0
0
1
1
0
0
0
0
-1
0
0
0
3
0
-1
0
1
0
2
0
-3
0
0
-1
-1
0
0
2
2
3
0
0
1
0
1
0
-1
-3
-1
0
0
0
-1
0
1
0
-1
1
1
-1
-1
0
2
0
-3
0
0
-1
0
-1
1
2
0
0
0
0
2
0
-1
0
0
2
0
-1
0
0
0
1
0
-1
0
-1
0
0
-2
0
1
-1
-1
1
1
0
3
1
-1
0
0
0
0
0
1
0
0
0
0
0
-2
-1
-1
0
1
0
0
-1
0
0
-1
-1
0
1
-1
0
0
0
-2
-1
0
0
0
0
0
0
2
0
0
2
0
0
0
0
0
-2
-1
1
1
0
1
1
-3
-1
-1
0
2
1
1
0
-2
-1
0
-1
-1
1
0
-1
1
0
0
0
0
0
0
0
-1
0
-1
0
0
-1
0
-2
0
1
-1
0
0
1
2
1
0
1
3
0
-2
0
-1
0
1
1
0
1
2
0
0
0
-2
-1
-1
-1
0
-1
-1
0
0
0
-1
0
0
0
0
-3
-1
0
-1
-1
0
0
1
1
0
2
3
2
2
2
1
0
1
0
-1
0
-1
0
0
-2
0
0
0
0
0
0
0
0
-1
-2
0
0
0
0
0
0
0
0
-1
1
1
1
2
1
1
0
0
0
0
1
0
0
0
0
0
0
0
1
0
0
0
0
-3
-2
-1
-1
-2
0
0
0
0
0
-1
3
1
0
0
-1
0
0
1
0
0
-1
0
0
1
0
0
0
0
0
2
0
1
0
-1
-1
-2
-1
0
1
0
0
0
0
1
-1
0
1
0
0
0
-1
0
1
0
0
0
0
1
1
0
0
-1
-1
0
-1
0
0
0
-2
0
0
-1
2
0
1
2
0
-1
0
1
0
0
0
1
0
0
0
-1
-2
-1
1
3
3
-2
2
1
-3
0
0
0
0
-1
-2
-1
0
-1
0
0
0
0
0
0
0
1
1
1
0
0
1
1
1
-1
1
2
0
1
0
-2
2
0
0
1
-1
0
-2
0
0
-2
0
3
0
0
1
0
0
0
1
0
0
0
1
0
-2
0
0
-3
-1
0
0
-2
-2
0
0
1
1
2
0
0
2
0
0
0
0
0
1
0
0
0
0
0
-1
0
0
0
1
-1
0
0
0
-1
-1
0
0
0
0
0
0
2
1
1
0
0
0
0
0
-1
0
0
0
0
0
0
0
0
0
0
0
-1
-1
0
0
-1
0
1
2
0
-1
-1
0
1
0
-1
0
1
0
1
0
-1
0
0
0
1
1
-2
-2
0
1
0
-1
2
4
1
-2
0
0
0
0
0
0
1
1
-1
-2
-1
3
0
-1
0
0
0
0
0
-2
0
0
0
-2
-3
0
2
1
2
1
1
0
0
0
-1
0
0
0
0
-1
0
1
0
1
1
-2
-2
0
0
2
0
0
0
0
1
0
0
0
0
2
0
-1
0
0
0
2
0
0
0
0
2
0
0
0
-1
-1
-1
-1
0
0
1
0
0
0
-1
-1
0
2
0
0
0
0
2
1
0
0
-2
0
0
-2
-2
0
0
0
0
0
1
0
0
0
0
-2
0
0
1
4
3
0
-1
0
0
0
0
-1
-1
-2
0
0
-1
0
0
0
1
0
0
0
3
1
-1
0
0
-2
1
2
1
0
-3
-3
-1
-2
-1
0
0
-3
0
0
1
1
0
0
0
1
0
0
1
3
1
0
0
0
1
0
0
1
0
-1
0
1
2
0
-1
-1
0
2
0
0
0
3
0
-2
0
0
0
-1
-1
0
0
-1
0
2
0
-1
-1
0
0
0
0
0
0
-1
-2
1
0
-2
0
1
1
2
1
0
0
-1
0
1
0
1
0
0
0
-1
0
0
0
0
0
0
0
1
0
0
-1
-1
0
0
0
0
0
1
0
-2
0
0
0
-1
-1
1
2
0
-1
0
-2
0
0
-3
0
0
0
-1
-1
0
0
0
1
1
1
2
1
1
1
0
1
1
1
1
-1
3
2
-2
1
1
0
0
0
-1
0
0
-1
-2
-3
0
-3
-2
0
-2
-1
0
0
0
0
1
-1
1
2
0
2
2
2
0
0
0
0
0
1
0
-2
0
0
-1
-1
-2
0
-1
0
0
0
0
0
2
0
1
1
0
0
0
0
0
1
0
-1
1
0
-3
-1
0
0
-2
0
-1
0
0
0
2
