0
0
0
0
0
0
0
0
0
0
0
0
0
0
0
0
0
0
0
0
0
0
0
0
0
0
0
0
0
0
0
0
0
0
0
0
0
0
0
0
0
0
0
0
0
0
0
0
0
0
0
0
0
0
0
0
0
0
0
0
0
0
0
0
0
0
0
0
0
0
0
0
0
0
0
0
0
0
0
0
0
0
0
0
0
0
0
0
0
0
0
0
0
0
0
0
0
0
0
0
0
0
0
0
0
0
0
0
0
0
0
0
0
0
0
0
0
0
0
0
0
0
0
0
0
0
0
0
0
0
0
0
0
0
0
0
0
0
0
0
0
0
0
0
0
0
0
0
0
0
0
0
0
0
0
0
0
0
0
0
0
0
0
0
0
0
0
0
0
0
0
0
0
0
0
0
0
0
0
0
0
0
0
0
0
0
0
0
0
0
0
0
0
0
0
0
0
0
0
0
0
0
0
0
0
0
0
0
0
0
0
0
0
0
0
0
0
0
0
0
0
0
0
0
0
0
0
0
0
0
0
0
0
0
0
0
0
0
0
0
0
0
0
0
0
0
0
0
0
0
0
0
0
0
0
0
0
0
0
0
0
0
0
0
0
0
0
0
0
0
0
0
0
0
0
0
0
0
0
0
0
0
0
0
0
0
0
0
0
0
0
0
0
0
0
0
0
0
0
0
0
0
0
0
0
0
0
0
0
0
0
0
0
0
0
0
0
0
0
0
0
0
0
0
0
0
0
0
0
0
0
0
0
0
0
0
0
0
0
0
0
0
0
0
0
0
0
0
0
0
0
0
0
0
0
0
0
0
0
0
0
0
0
0
0
0
0
0
0
0
0
0
0
0
0
0
0
0
0
0
0
0
0
0
0
0
0
0
0
0
0
0
1
0
-1
1
1
0
-4
-2
0
4
-5
-8
4
9
1
-12
0
5
-1
-9
-7
0
6
0
-11
12
16
7
3
-2
1
0
0
0
0
0
0
1
-8
-1
7
2
13
-1
-16
-10
7
9
-5
-11
-12
0
2
-1
-7
2
6
-9
6
5
-1
9
0
-6
11
9
6
16
-5
0
7
-6
-3
-14
-16
-13
-3
-17
-15
0
1
17
2
9
22
25
17
11
5
4
1
-14
-14
-15
-13
-20
-19
-15
-6
2
-1
0
0
-6
4
7
9
13
13
8
9
18
8
4
-2
1
1
-8
-8
-8
-5
-5
-10
-7
5
4
-9
-8
2
11
4
-6
0
2
2
8
6
-7
-7
5
-1
0
-1
2
7
0
5
6
-11
0
0
-4
4
-4
2
-1
-10
3
8
8
-3
0
12
0
2
-6
-15
2
2
-6
-3
-8
-4
4
0
-6
-8
-2
1
5
3
0
0
8
14
7
-1
0
4
3
4
0
-9
-1
0
-3
0
-6
0
5
-2
-3
-6
0
10
-2
-2
-4
-6
-1
-5
3
2
1
2
1
10
6
0
0
7
3
-1
-1
1
2
-7
-7
-2
0
0
-7
-8
-4
0
7
-1
-2
5
-1
0
3
-4
-1
-1
0
3
9
-2
-1
2
0
4
3
0
4
1
-4
6
-4
-11
-3
-2
4
-1
1
4
-3
-10
-2
-2
-2
6
0
8
8
-6
-11
-5
-2
3
0
9
7
-5
4
-6
-5
0
0
11
8
5
-3
1
7
-6
1
10
1
-3
-4
0
0
-13
-18
-1
6
2
2
4
7
3
0
0
-2
-8
-8
10
10
-2
-10
-4
7
8
-2
-16
6
22
10
-11
-22
-2
11
-8
-28
-10
14
11
-3
-7
15
19
4
-3
-1
10
6
-9
-11
0
-1
-10
-12
3
10
-1
-7
10
23
-1
-10
-4
11
8
-17
-14
5
15
-3
-19
-10
7
16
1
-11
-2
14
9
-5
-12
-2
9
6
0
-9
-3
8
1
-6
-10
-1
3
2
-6
-6
6
9
2
-1
-1
3
7
8
-3
-11
0
3
-3
-11
-1
7
10
1
-11
4
18
5
-10
-4
10
0
-18
-19
-3
19
7
-16
-14
4
33
15
-24
-26
3
29
12
-25
-23
18
35
0
-30
-15
22
35
1
-42
-17
26
18
-10
-27
-5
31
25
-16
-21
2
15
9
-14
-20
-6
11
13
2
-17
-8
16
17
6
-4
-5
1
5
-6
-21
-2
10
-6
-8
0
4
17
18
-4
-7
0
11
5
-11
-21
-15
8
14
-2
-17
-3
12
11
3
-9
-3
15
18
9
-16
-24
0
1
-12
-15
-1
25
18
11
2
-7
-4
-12
-12
3
12
7
0
3
7
-13
-28
-6
12
8
-15
-7
25
22
-6
-34
-15
24
38
3
-31
-9
28
20
-12
-37
0
38
27
-9
-38
-14
20
10
-17
-23
1
23
15
-15
-19
-21
-1
6
-6
2
0
17
12
-9
-9
-6
11
20
6
-7
-5
5
4
-10
-12
8
33
18
-24
-21
-4
3
-8
0
24
20
2
-7
-7
-25
-33
-18
33
39
0
-13
0
17
-12
-25
-10
11
8
-7
7
10
6
-3
6
19
2
-10
-20
-2
11
-6
-6
-9
-14
-8
8
13
12
9
-4
-3
-14
-17
-24
-1
24
16
9
0
-1
2
1
-5
2
7
-4
0
19
16
7
-20
-26
-19
-2
21
27
15
3
-2
-8
-15
-34
-12
6
20
1
-18
-20
0
29
28
-3
-42
-12
14
11
-37
-30
25
59
3
-46
-2
49
47
-37
-49
4
41
11
-27
-12
27
37
-14
-7
-3
15
-6
-15
5
5
0
-19
-1
-1
2
-11
12
3
-9
-18
-6
30
-12
-22
-33
-9
20
12
13
11
-5
-15
-1
0
25
-5
-13
-1
2
13
-5
0
2
10
6
0
4
10
18
6
-24
-26
13
35
12
-42
-28
37
43
-10
-52
-6
55
24
-40
-56
10
38
7
-32
-30
15
13
-1
-23
-6
9
23
19
-10
-13
-15
18
26
-8
-27
-7
34
31
-24
-38
3
45
25
-30
-21
9
30
5
-16
-26
-10
8
17
-2
-47
-21
31
45
-21
-57
-3
59
33
-53
-48
24
53
-11
-50
3
45
31
-31
-25
-3
4
0
-8
13
8
26
20
12
-23
-28
3
28
25
-31
-21
20
30
-21
-55
-34
26
41
-7
-27
1
35
20
-18
-23
12
30
25
7
-16
-45
-24
5
3
-31
-44
1
29
35
3
8
30
32
9
-24
-21
-6
22
23
4
-17
-24
21
32
6
-30
-11
16
-1
-18
-35
-16
-10
-18
-27
-31
4
10
13
-3
-2
19
32
42
11
1
-4
-4
1
4
15
9
0
-25
-14
15
28
22
-2
-10
-5
6
2
-19
-30
-16
5
0
-24
-15
3
0
-12
-7
23
33
16
12
9
0
-13
-22
-6
0
-6
-10
-4
0
1
-7
3
3
-9
-1
13
29
-13
-21
-2
57
24
-1
-11
21
18
-19
-15
-28
3
-17
21
-13
-5
-14
14
5
-45
-32
-20
21
-12
-6
-7
33
11
-5
-25
-5
30
7
-2
-23
33
53
40
2
-3
23
34
-6
-54
-40
1
34
-12
-38
-8
36
35
-17
-27
-5
22
31
-21
-17
16
40
13
-36
-41
-2
5
-28
-35
-19
38
22
-3
-17
3
21
-30
-33
-34
-3
9
-13
-12
5
8
27
11
2
13
20
41
1
11
15
29
6
-20
-3
9
13
-10
-16
3
31
5
-9
-12
5
18
-11
-10
-15
2
0
-17
-16
-4
12
-4
-12
-11
3
-11
-18
-13
-11
-2
-12
4
11
-2
3
6
13
3
-17
-11
-6
11
9
6
0
20
30
18
-19
-18
11
15
0
-30
4
20
9
-14
-27
-10
5
-1
-10
-9
0
24
17
-5
-21
-11
29
21
-7
-10
11
36
4
-21
-19
11
12
-1
-6
-2
-1
1
2
-12
-21
-10
15
-6
-23
-28
15
10
-12
-27
-4
17
0
-16
-1
10
14
18
2
-3
1
23
21
6
-24
9
33
33
-14
-28
-13
11
8
-11
-13
-15
9
25
19
-1
-21
-11
13
13
-5
2
-1
-18
-6
5
3
-6
-8
-4
16
23
-5
-16
-10
12
23
-1
-28
-2
54
28
-34
-47
5
32
1
-32
-27
4
8
-5
-12
-20
-31
-13
23
11
-18
-16
-3
15
19
-5
-13
-1
15
21
15
-13
12
27
6
-17
-16
10
19
12
-22
-3
0
-4
-18
-16
11
9
9
-47
-3
19
37
-10
-35
-3
20
47
-10
-4
-14
25
5
11
-7
2
1
-6
9
-16
18
-29
12
-16
0
-6
-1
0
-3
0
-3
23
-39
3
-10
20
18
-25
-11
-3
8
13
-2
-3
1
-7
23
-1
3
8
-10
32
4
-3
-11
3
27
6
-11
-22
12
16
-13
-43
-4
21
24
-21
-46
-5
18
4
-34
-10
3
13
-16
-11
9
3
4
9
9
8
-2
-2
18
19
39
-1
-32
-1
10
37
7
-42
-5
5
0
-23
-23
35
16
-28
-20
-20
-19
24
21
12
-42
5
53
-20
-39
0
50
-4
-36
0
42
36
-8
-10
-31
-2
33
11
-3
-19
1
30
-23
-35
-40
6
35
-7
-6
9
2
-10
-4
-7
-3
-21
13
28
31
23
-1
-25
-12
-2
-27
5
10
35
-1
-4
16
-24
-24
-22
-9
0
-16
8
23
15
4
-8
-17
22
27
-14
-21
15
41
28
-17
-39
26
60
43
-53
-60
-16
23
-21
-56
-15
7
27
-28
-55
-24
17
4
4
-33
15
47
27
23
-6
5
33
25
4
-1
12
41
6
-11
-10
7
14
-2
-19
-13
-20
-1
-6
-34
-28
15
20
-8
-22
-22
1
17
7
-19
-4
7
56
18
-6
-3
22
22
-21
-26
-19
4
6
-15
-23
0
-15
15
-24
-9
2
14
19
0
-4
22
22
3
-11
-18
35
-6
19
-17
-18
-3
2
18
5
-47
-5
22
8
8
-50
12
4
12
-1
-15
-15
6
20
6
-21
-20
11
-5
-5
-3
10
-7
8
6
20
10
13
14
10
20
-5
6
25
35
-1
-1
-5
19
-2
-25
-17
16
1
0
-2
-39
-1
-42
-35
-29
-7
-20
2
-13
5
24
-17
-35
-31
-8
-4
6
-26
48
31
24
-13
-17
0
13
5
-18
-3
15
42
-13
-10
-29
26
16
-13
-8
26
24
21
-14
-16
31
28
26
10
33
21
13
-15
-18
-26
8
2
10
18
-5
-19
-19
-30
-34
-6
-27
31
34
3
-13
-36
-17
22
-7
-1
-16
-11
30
-22
-11
-2
-3
4
4
-20
6
15
0
2
-3
-12
4
11
1
34
8
-25
-31
-2
23
27
-7
-27
-3
6
-12
-14
-1
23
14
-33
-29
12
51
11
-29
-23
24
23
16
1
16
22
-15
-34
-15
31
20
2
-46
-37
-7
1
0
-9
-16
-10
5
8
18
5
7
10
9
19
20
14
1
10
31
25
-9
-51
-11
22
25
-15
-45
-34
27
34
-25
-56
-55
23
40
18
-41
-29
14
33
-5
-28
-5
33
38
-20
-29
23
64
27
-8
-41
-4
10
1
-7
8
15
0
-37
-50
-8
9
13
-20
8
25
46
-6
-51
-32
19
43
5
-18
-7
68
28
-21
-70
5
54
20
-30
-48
45
31
-15
-65
-11
31
34
-33
-43
6
31
15
-40
-12
15
41
-3
-21
-18
16
12
0
-15
-10
23
32
7
-32
-4
3
23
-10
-29
0
37
32
8
-31
-22
5
-4
-15
-26
2
32
37
-10
-28
-24
28
16
-29
-56
-4
45
29
-13
-24
15
28
5
-41
-23
1
36
23
6
-5
7
13
2
-10
-23
0
15
21
-4
-10
-16
9
10
-5
-16
-15
6
28
4
-23
-16
7
27
-4
-33
-22
16
21
2
-23
-16
-5
10
5
0
-8
-12
29
29
1
-24
-7
21
31
4
-7
-8
6
30
14
-9
-30
-8
9
4
-10
-22
5
9
-2
-16
-17
-11
-9
2
10
0
-11
-5
0
11
5
2
0
2
3
-1
6
6
5
-1
4
5
-9
0
5
3
-4
7
4
-11
-12
4
10
-1
-5
4
3
-10
-5
-6
-3
1
1
2
0
-4
4
5
1
3
3
4
-1
3
-3
1
15
3
-9
-13
-7
7
-2
-5
-5
-4
7
4
-9
-3
8
8
-5
-13
-5
4
15
-1
-9
-2
11
9
-5
-9
-2
18
7
-4
-14
-1
21
0
-11
-8
9
15
0
-20
-16
9
19
4
-24
-13
12
23
2
-25
-20
17
33
5
-21
-28
0
27
12
-16
-21
3
13
0
-7
-11
6
15
-2
-11
-8
6
8
-3
-2
6
8
2
-10
-1
5
4
0
-6
4
8
0
-5
-6
7
18
3
-11
-14
-4
8
13
4
-6
-15
-9
10
21
7
-14
-27
-10
16
20
0
-21
-23
3
21
7
-12
-12
6
18
14
-16
-21
0
15
18
-3
-13
-6
6
12
0
-8
-7
-4
0
1
1
0
0
-4
5
9
0
-4
-5
6
12
4
-2
0
10
5
0
-15
-16
5
11
-9
-22
-9
9
8
-8
-16
-10
3
7
-7
-11
0
16
18
4
5
6
13
8
0
3
3
4
0
-6
-4
-3
-6
-3
-9
-13
-7
-4
-3
-2
-7
-1
2
2
6
0
1
3
2
-3
-2
4
9
6
3
0
3
7
3
-6
-4
-1
2
13
8
3
-3
-7
-8
-13
-6
-2
-2
3
2
2
-2
-4
-4
-9
-11
0
9
11
0
-3
-4
-2
6
0
-4
-7
0
5
9
5
3
2
10
11
4
-7
-6
-4
-5
3
6
8
-3
-4
2
-3
-11
-13
-11
0
4
12
9
1
1
-3
-6
-9
-5
3
7
7
4
-4
-3
-3
1
-4
-5
3
9
4
0
-1
0
0
0
0
-3
0
4
1
1
4
2
-1
-2
0
-2
-2
2
-1
-5
-2
1
2
0
-4
-2
0
1
-1
1
-2
-2
0
-2
4
2
2
5
4
3
2
-4
-6
-4
0
2
3
3
3
1
-1
-4
-3
-3
-2
0
1
0
0
2
2
-1
0
1
2
-1
-4
-5
2
3
0
0
4
4
0
-1
-1
-2
-1
0
0
0
0
3
4
1
-1
1
1
-3
-2
-4
-2
0
2
8
3
0
0
-2
-3
-4
-3
0
0
0
2
-1
2
5
-1
-4
-1
0
1
5
4
-1
0
1
-3
-3
-2
1
1
0
-4
0
0
0
0
-2
3
2
0
3
0
-1
4
0
0
0
-5
-2
1
2
1
1
0
-2
1
-1
-4
0
-2
-1
-1
0
3
2
2
-1
-4
0
1
1
1
-2
0
0
0
-1
-5
1
1
-1
5
2
0
0
-1
-5
0
4
3
0
0
0
-4
4
0
-5
3
1
-5
0
1
-3
-1
4
3
0
3
-2
0
2
1
3
4
0
2
0
-4
-1
2
0
0
-3
-3
-3
-3
3
-1
-2
0
3
-1
-4
-1
-5
-5
4
11
7
-1
-5
0
0
4
4
2
0
-4
0
0
-1
-2
0
-1
-6
0
0
0
5
0
0
-2
0
0
-2
1
0
2
8
2
3
4
-3
-2
-2
-3
-1
-1
4
2
0
-1
0
-4
-1
0
2
-3
-6
0
-4
-2
5
4
0
0
0
-7
1
9
1
-7
-8
2
10
3
-7
-8
6
16
0
-8
-4
3
8
0
-11
-9
9
13
9
-1
-10
-4
0
2
-1
-9
-3
4
0
0
-4
-3
5
5
2
2
2
-1
-3
-4
-6
0
3
7
6
2
0
-6
-9
-4
0
1
10
5
0
-2
-2
-4
-5
-6
0
6
3
7
0
-4
0
-1
0
5
5
0
0
1
-1
-7
-5
-2
3
1
-5
-2
-1
2
2
-5
-1
1
0
7
4
-1
-4
-3
-1
1
2
3
2
-2
3
5
-3
-3
2
0
-2
-1
-1
-3
1
4
0
1
3
1
-3
0
0
0
0
0
2
-1
0
-1
-5
0
-1
0
4
0
0
-1
0
1
0
1
-2
-2
3
-2
0
-1
0
3
-1
-1
0
2
4
-2
-1
0
-5
1
1
-1
0
1
0
0
1
0
2
8
6
-4
0
1
-1
-1
-3
-1
3
0
-2
-3
2
-4
0
0
-5
0
2
0
-2
-1
-2
2
0
-5
4
7
-1
0
1
-5
1
4
3
0
-3
3
2
-2
1
-2
0
3
0
0
0
-3
2
2
0
-1
0
1
2
2
0
0
-1
-2
0
0
0
-1
0
0
0
-1
0
1
-3
2
2
-4
1
1
-2
-5
0
1
2
0
-3
4
6
-2
-2
0
0
0
0
0
2
5
-2
-2
-1
-2
-3
0
2
0
0
-1
-1
-1
-2
4
3
2
0
-2
0
-1
0
4
2
-2
0
-1
-2
1
0
1
1
0
-2
-4
0
1
0
-1
0
0
0
-1
1
-2
0
2
0
3
0
0
3
0
0
0
1
3
-1
-2
0
0
0
-2
1
4
-1
-5
-1
-4
-3
0
-3
0
1
1
-2
0
0
0
1
1
1
-3
0
7
1
3
3
3
4
3
1
0
2
-3
-7
0
0
-1
-3
0
-1
-3
-3
-3
1
0
-1
-7
-1
3
-2
2
4
3
0
3
0
0
4
0
1
-1
-4
0
1
0
3
0
-2
-3
-6
1
0
0
1
-3
-4
-2
-3
2
5
2
4
4
0
3
0
1
2
2
-1
-4
1
5
0
2
1
-2
-5
-9
-3
-2
6
8
-2
1
-3
-11
3
5
-5
8
0
-18
4
4
-5
8
7
-5
-2
9
-7
-8
7
6
0
4
-1
-13
-1
12
4
1
7
-8
-14
2
-3
2
12
-2
-4
0
-9
0
7
0
-1
-2
-5
-3
0
12
5
-6
0
-5
-7
7
7
0
-2
-3
-4
0
9
10
1
-3
-7
-8
5
6
0
0
-2
-3
3
8
0
1
-7
-8
0
2
7
3
-4
-12
-12
3
14
4
11
-10
-21
4
8
5
6
-8
-16
0
9
7
0
-1
-2
3
0
8
0
-6
7
1
-14
9
0
-8
0
2
-6
4
14
-3
-5
-8
0
8
26
3
-14
-21
-18
0
17
11
4
-20
-19
-1
2
18
16
-2
-6
-14
-8
13
13
1
6
-9
-15
4
-2
1
10
0
0
0
-1
-4
4
11
-4
-2
5
0
-4
0
-4
3
7
4
-10
-8
-6
12
11
4
-9
-14
-6
11
16
1
-18
-19
13
26
6
-30
-17
8
21
12
-11
-13
0
6
1
0
2
3
0
-2
0
2
-7
-1
0
6
9
-6
-9
-3
2
8
6
-4
-6
3
6
3
-4
-6
1
5
-1
-6
-5
0
8
5
-7
-15
5
18
5
-8
-14
-4
11
5
0
-5
-6
3
7
2
-3
-2
2
2
0
3
1
-17
-7
15
5
3
-6
-20
16
20
-12
-3
1
0
9
0
-8
-6
0
3
-2
-1
0
0
0
1
1
-3
0
4
-3
-8
7
3
-2
2
-1
-3
0
0
0
6
-1
-8
6
1
-4
3
-2
-2
3
2
-5
0
5
3
0
-4
1
2
0
-1
2
2
-3
-1
0
0
0
-3
2
3
-5
-3
5
0
0
1
-6
1
5
-2
4
-1
-1
1
-4
-3
3
-1
-4
2
0
1
1
0
0
1
0
-1
1
4
-3
0
0
-3
0
0
0
-1
1
0
0
2
2
0
0
-2
0
0
0
3
0
-2
1
-1
-3
0
-2
-7
-2
2
-2
0
3
-1
0
1
2
-2
4
3
-2
3
0
3
4
-1
-6
-1
3
1
0
0
-1
0
3
4
4
0
-1
3
-2
-1
-1
-5
-5
-2
-3
-1
-1
-3
2
0
0
-1
-2
0
1
1
3
0
0
-1
3
1
1
3
0
0
-2
0
0
-1
-2
1
2
0
0
-1
0
0
0
4
-2
-1
0
1
1
1
-4
-4
-1
1
0
0
2
1
4
0
0
1
-1
1
2
-1
0
-1
1
2
-5
-2
-4
-2
6
0
-1
0
1
0
-2
-4
-3
3
0
0
0
0
-5
-3
5
-2
-1
4
0
1
3
-2
1
5
4
2
0
0
-1
-1
0
-2
0
2
1
0
0
1
0
-3
-1
-1
0
0
-1
0
-1
-5
0
-1
-2
-1
0
0
-3
2
0
0
3
1
1
3
2
0
2
5
0
0
0
-3
-2
3
-4
-6
6
0
-4
4
-3
-2
0
0
0
0
0
-6
-5
1
-2
-3
0
0
1
5
3
-1
0
0
0
3
2
-2
-1
-1
-5
-2
4
5
-4
-1
1
4
1
-6
0
5
3
0
-4
0
0
-2
1
5
2
0
0
0
2
3
-1
-5
0
1
-1
-3
0
0
-3
0
-1
-1
0
1
-1
0
0
-4
0
0
3
0
-2
5
0
0
8
-3
0
6
0
0
4
1
-3
0
2
-2
-2
0
0
1
-2
-3
-1
1
-3
-5
0
0
0
3
-3
-3
2
-2
2
0
-6
0
7
2
2
2
-4
-1
5
0
2
6
-1
1
1
-6
3
2
-6
-3
-5
-4
2
4
-3
0
0
-1
3
1
-1
-3
-3
-2
0
2
4
1
0
3
0
1
3
0
3
0
-2
4
0
-1
-1
-3
5
4
1
-1
-5
2
0
-3
0
-3
0
-3
-1
-2
0
0
2
2
0
1
3
1
-1
1
-2
2
3
-5
-7
0
0
2
0
-3
0
0
1
0
1
2
-1
5
1
0
-3
-4
-2
2
0
2
0
6
4
-3
2
3
-2
-1
-6
-1
4
0
-3
-3
1
3
0
-6
-4
3
4
0
-1
1
0
3
-1
-5
-3
-3
2
4
3
9
4
0
-7
-7
0
0
3
4
-1
2
5
0
-4
-10
-4
1
5
2
-5
-2
4
1
0
-4
0
4
4
2
-6
-5
2
2
2
0
-6
0
3
-1
-4
-4
1
4
-1
1
0
-3
0
1
0
-2
-5
3
10
8
-4
-8
3
6
1
-9
-6
9
8
-4
-6
0
11
1
-12
-5
6
6
-7
-13
1
7
1
0
-2
5
2
-4
-4
3
8
0
-3
-3
0
0
0
-1
-2
-2
0
5
0
1
-5
-2
4
2
-2
-3
3
3
-1
-2
0
4
2
-4
-2
3
2
-1
-9
-1
8
0
-4
-2
1
7
2
-5
-4
3
7
-1
-5
0
2
2
-2
-2
0
1
5
-2
-4
0
5
4
-2
-1
6
0
0
-2
-4
4
1
-4
-1
0
3
-6
-5
0
2
3
-4
-2
3
3
-1
-4
3
3
-2
-4
0
5
3
-2
-3
3
0
-6
-1
3
5
1
-3
3
0
0
-1
-2
2
0
0
0
-2
0
0
0
0
0
0
-2
0
2
0
-2
0
5
1
-1
0
2
1
-2
0
1
1
2
-1
0
0
-3
-1
2
-1
-1
1
-1
3
0
-3
-2
-2
1
0
1
5
0
0
0
2
0
0
-1
0
3
0
0
0
1
-1
0
-1
0
2
0
0
-2
0
1
0
-1
-4
-1
-4
-1
0
0
2
1
1
2
-1
-2
-2
4
3
0
-1
0
6
0
-3
0
3
4
-4
-5
0
4
0
-5
1
6
0
-4
-2
6
1
-5
-3
-1
3
0
-5
0
2
3
-2
-4
3
3
-1
-4
1
3
-1
-1
0
4
1
-2
-4
0
1
-2
-2
0
0
0
-2
0
3
1
-1
0
3
0
0
0
5
1
-5
-1
-1
0
0
0
1
0
0
-2
4
5
0
-3
0
2
1
-3
-2
0
-3
-5
0
2
0
-3
-1
-3
-3
1
0
-2
2
4
0
0
0
0
3
2
1
0
0
4
0
2
0
-1
1
0
0
-2
-2
-1
-1
-1
-2
-3
-3
-1
-3
1
2
0
0
-1
2
2
0
-2
0
1
0
1
4
2
2
0
1
4
-2
-2
0
0
-2
-1
0
-5
-2
-1
-1
-3
0
0
3
2
-3
0
-1
0
-2
-3
0
2
0
3
0
-1
2
1
2
1
2
4
4
3
3
5
2
0
0
-1
-2
0
-1
0
-3
-3
-3
-2
0
0
-5
-6
-4
-4
0
0
1
0
-2
1
-1
0
0
2
0
-3
-1
3
5
5
2
-2
-1
-1
0
1
3
1
-3
-3
1
0
-2
0
2
1
0
0
0
1
0
0
1
-2
-2
1
2
2
0
-3
0
2
-1
-2
-1
0
1
4
3
0
-2
-3
1
0
-2
-1
-1
-1
0
-2
-2
1
0
0
0
1
2
3
2
1
0
0
-1
0
2
3
4
-1
0
2
0
0
-3
-2
-2
-2
2
-1
-5
0
-1
-1
0
-3
-1
0
0
3
1
1
3
-1
-2
0
0
0
0
0
0
0
0
0
0
0
0
-2
-3
-4
0
3
3
4
0
-1
-1
-2
1
0
0
1
2
1
0
0
2
0
-1
0
0
0
-2
-2
-1
0
0
3
3
1
-1
0
1
0
0
1
0
-2
-3
0
1
0
0
-4
-2
-1
-4
-3
0
0
1
0
-1
0
0
0
0
2
1
1
0
0
1
0
3
0
-2
0
0
1
3
0
0
2
3
4
5
5
3
0
-2
-4
-2
0
-3
-2
0
-1
0
-3
-9
-5
0
0
-2
-4
-5
-4
-5
-4
-2
-1
2
5
5
2
2
2
4
3
1
0
1
0
0
4
2
0
0
0
0
0
4
2
0
0
0
1
0
-2
2
2
5
5
0
3
1
1
2
-1
-3
-3
-3
-1
-1
-3
-4
-4
-4
-3
-6
-4
-1
-5
-2
-1
0
2
-1
-3
0
0
0
1
5
7
4
1
1
3
2
1
3
6
3
-2
-2
1
4
0
-1
0
0
-3
-2
-1
2
1
-2
-1
0
-3
-2
-5
-1
0
-4
0
0
0
1
-2
1
0
0
0
0
1
1
2
1
0
2
2
-2
-1
0
-1
2
3
1
1
-1
-1
0
0
1
0
3
3
-1
-1
0
0
0
0
0
-2
1
0
-2
0
-2
-1
-1
-1
0
0
0
4
0
0
1
-1
2
2
-3
-2
1
0
0
-3
-4
0
1
3
2
0
1
-3
0
5
0
-2
-1
0
1
4
2
-2
-5
0
0
1
2
-1
-3
-2
-1
-1
1
-2
-4
-1
0
2
3
0
-4
0
3
1
2
1
0
2
2
-1
-1
-2
-3
-1
1
0
-1
-2
0
0
0
2
-1
-1
2
1
1
-2
-2
1
1
1
0
1
3
3
2
0
0
1
0
0
1
-1
-3
0
-1
-5
-3
-3
-2
0
0
-3
-4
0
1
-2
0
0
3
3
4
3
0
0
3
1
3
2
-1
1
0
0
1
-1
0
1
0
-1
-1
-3
0
0
0
1
-2
-2
0
-1
-1
-1
0
-1
-1
0
0
-2
-1
0
-1
0
-1
0
-1
-4
0
1
0
0
0
1
2
2
3
1
0
-2
-2
3
6
2
0
0
1
0
0
1
0
0
1
1
0
0
-1
1
0
0
3
3
-2
0
-1
-1
-5
-4
0
-1
-1
-3
-5
-3
-2
-1
0
1
1
-2
-3
1
4
0
0
3
0
0
0
1
1
4
2
-1
0
-1
3
2
0
2
1
0
1
1
-3
-2
0
0
5
4
2
0
1
-1
-3
-4
-4
-5
-4
-2
0
1
2
3
2
0
-2
-1
-2
-3
-3
0
-3
-4
-2
1
6
8
5
2
2
5
6
0
-1
0
-2
-6
-6
-1
-1
1
3
6
2
-2
0
-5
-4
3
2
0
0
-4
-4
0
0
0
-5
-6
-7
-11
0
17
32
23
6
4
1
-21
-44
-37
-5
8
-2
2
34
54
28
-1
-1
-5
-38
-65
-35
16
26
5
4
30
30
-1
-14
5
11
-20
-36
0
22
2
-11
11
23
-6
-29
-18
-4
-17
6
37
28
7
5
20
-10
-59
-61
-25
30
59
63
15
-60
-46
-16
38
25
-62
36
57
9
-5
-41
40
-12
-26
-19
-10
49
-59
-9
65
26
-68
-41
76
-16
-53
0
38
158
-56
-158
86
85
-3
-145
-21
23
-25
74
39
-7
29
-115
-125
243
-9
3
52
-268
34
163
97
-16
-136
-41
-69
39
-6
-22
142
-21
18
73
90
-92
-116
163
47
-27
-278
-203
128
-24
36
115
204
84
-33
0
-100
-100
-105
46
36
-90
-186
18
294
180
-46
-184
5
180
93
-182
-60
-87
-183
100
211
125
-41
11
53
-23
-183
-147
143
144
-147
-102
74
102
131
16
-100
12
84
-165
-159
2
-117
-20
123
94
54
-38
75
74
-81
-13
-38
99
137
-61
9
-112
-246
15
-104
140
268
-132
-7
121
-114
-13
34
-48
32
-100
72
34
-84
-45
32
29
98
14
-46
-94
-75
137
4
-7
-21
100
92
-182
-158
243
71
-73
72
70
-80
-210
63
113
9
-121
-28
-108
-5
126
37
-72
145
49
-190
216
94
35
-87
-88
93
-163
5
-112
-10
10
-234
159
61
39
128
-24
19
-102
-8
137
-43
18
-57
0
4
12
32
-2
78
-218
-25
-66
116
-168
-85
275
6
170
-65
-247
23
-44
195
114
-140
120
-78
197
110
-121
-48
-133
201
4
-184
-220
-135
202
208
-8
-21
-81
-157
218
-208
-154
128
20
41
128
-9
-152
166
22
164
-43
-169
288
-131
-349
80
53
261
170
-226
-30
-69
-105
-3
179
176
-124
-249
4
-41
82
-6
-127
207
64
18
-145
39
41
-45
-136
-117
141
112
156
-13
-35
-76
-149
85
47
53
-58
-60
-43
-19
156
-16
41
10
78
-32
-141
60
-46
-37
-101
-11
107
118
-34
20
10
3
-202
-1
66
22
27
84
195
-165
-25
-138
119
-10
-85
5
-180
132
-45
106
-60
36
79
14
137
59
-41
-52
-72
-27
-64
-73
-46
44
23
-28
64
78
90
-116
-176
291
112
-51
-204
-226
250
23
-123
51
111
100
-136
-46
90
34
-220
-219
204
192
-11
-138
-62
68
-78
124
170
32
-77
-149
104
182
-154
-182
74
255
47
-239
-259
-107
82
39
33
195
78
16
0
1
72
-3
-101
-161
-14
93
55
-72
35
-56
94
-54
-73
158
-49
-127
-24
102
136
-123
-256
-10
177
115
-14
98
-30
-81
12
115
127
-97
-319
5
438
-75
-156
-214
-116
298
-39
-143
66
114
62
75
-108
-182
52
22
140
114
-133
-87
32
-14
5
-44
-55
170
59
-93
-84
23
157
35
-119
-230
22
41
57
13
31
-11
52
109
-38
44
-85
-215
90
-44
-68
261
92
56
-69
-186
-24
-154
101
179
-134
-76
-124
40
233
16
153
-69
-24
213
-207
2
-57
-221
58
-38
103
54
-115
88
114
0
63
52
64
-167
-207
82
-2
-25
-171
-13
183
7
-23
109
292
117
-195
-256
4
-36
-209
69
171
52
-60
-106
31
48
49
65
60
-32
-199
-29
97
181
-70
-116
105
-22
-44
-40
73
77
-120
-169
-11
264
53
-136
1
109
37
-178
-107
-39
-11
96
166
85
-41
-75
-18
40
-45
1
-115
149
84
-75
-112
-202
160
210
-29
-123
-132
13
69
83
80
-78
-50
113
277
-103
-159
-65
-159
111
-30
40
83
-98
-117
28
168
-59
-30
194
62
22
-248
-166
61
34
193
-48
16
-77
-52
-29
73
100
-44
84
-26
-136
55
19
-44
22
-141
-136
140
186
-102
-38
121
103
6
-147
49
92
-11
-137
-49
-15
30
-132
60
157
98
-114
-168
128
47
160
-138
-217
56
133
48
96
-179
-37
-29
-71
289
-70
-66
-82
0
142
-190
-97
250
93
59
-169
-255
187
-16
-10
67
12
252
-260
-95
374
45
-126
-320
-34
249
-192
-79
56
-106
23
-104
268
418
-95
-126
-92
-7
189
4
150
-175
-264
-231
-5
64
89
-34
-19
89
-93
78
147
-6
125
-214
-71
87
212
310
-250
-110
-174
367
143
-194
-427
-291
129
-133
328
84
50
-53
-125
140
179
-33
-34
-49
216
105
-211
-79
-113
13
84
-85
75
157
-93
-185
-412
217
177
5
276
-200
145
-3
-159
151
155
-203
-293
95
330
-179
-123
187
58
-9
-419
337
289
-272
-155
-433
74
392
291
-52
70
83
-168
-262
25
22
-170
1
201
328
-82
-289
96
115
16
-398
-11
215
71
-328
220
105
-194
36
117
485
140
-284
-243
-204
-199
-187
-373
217
685
511
-180
13
-19
-35
-1
-443
-3
232
204
35
-536
-411
59
-7
108
406
-34
285
-186
163
352
-85
-56
-465
-16
194
35
-31
-12
-543
3
-89
114
345
-369
509
295
91
-347
-192
410
-30
-190
-193
190
206
-471
353
-56
-622
250
145
219
-411
-249
160
460
239
-14
-155
14
-300
116
373
-255
69
-716
-66
1103
124
-433
-364
-591
764
296
-75
301
-663
-117
229
-47
-38
77
-185
-149
231
-65
178
116
295
-160
-210
-99
1
-64
3
293
71
181
-642
200
72
-50
-164
-192
600
-190
-281
141
200
16
-295
0
361
-56
-121
-224
515
173
-615
25
-64
454
-150
-144
279
-30
-268
-461
597
193
-35
-229
-240
396
-105
-257
-174
253
-25
-85
16
223
0
-136
-34
-15
47
-258
501
99
30
-29
-161
-7
-4
200
201
-181
-216
15
-230
353
-113
-256
-15
34
156
87
-33
172
-95
-167
-176
38
369
-445
616
-327
-192
178
-409
670
-305
-548
65
285
345
-61
93
512
-337
-237
449
171
356
-583
-544
146
36
-545
90
-140
-238
101
128
550
-309
-80
425
326
-4
-139
237
28
-205
-422
118
449
-319
-276
-14
24
321
-442
88
74
-609
505
-4
103
254
-374
-349
529
230
-158
469
291
-144
174
-205
407
411
-465
249
95
-275
-313
-170
-60
-454
-319
151
-35
-76
-23
-17
421
-663
-339
312
-325
122
-304
222
868
288
530
782
551
14
168
575
-67
-523
-808
-472
-594
-944
-1058
-918
-802
-1236
-537
220
857
1192
875
2085
2528
1939
1419
1119
850
-373
-1356
-1487
-1997
-3081
-3156
-2821
-2231
-2083
-1957
-641
640
1730
2420
2973
3421
4060
4901
4355
2839
1350
20
-596
-1687
-4010
-4699
-3970
-4424
-4080
-2406
-1495
8
1204
1280
2106
2795
2292
1251
1005
868
-596
-1319
-767
-678
-450
-22
503
3010
3993
2522
2480
2271
1274
54
-2374
-3599
-3766
-5163
-5130
-3553
-2587
-1981
-465
1537
2602
2818
2251
2084
2426
2418
1500
468
2144
3516
1717
749
-118
73
-147
-2670
-3344
-2614
-3378
-3677
-2783
-1546
-826
-722
461
1580
1978
1758
1592
949
846
783
100
896
1054
1435
4196
3394
1185
1430
741
-123
-1734
-4244
-3637
-3205
-4787
-4057
-2183
-1140
-397
1027
2160
2510
2662
1975
986
1585
1326
110
662
1188
2330
3628
2350
844
912
490
-707
-2838
-4477
-3720
-3667
-4891
-3877
-1336
-1244
-905
1574
2009
2151
2640
1040
793
2217
414
-218
2476
1377
2660
5193
2500
2051
1284
-138
22
-3446
-5967
-4040
-4320
-5906
-4669
-1580
-850
-541
1827
2851
3022
2770
1288
1446
2145
-1144
-1082
2672
332
267
5674
3978
2147
1439
1133
2165
-2569
-6191
-2499
-3664
-7472
-5065
-1939
-2294
-1754
903
2399
2670
1943
1620
2448
2289
226
898
2858
1234
347
4892
4461
610
301
275
373
-1827
-5580
-3692
-2559
-5685
-5159
-1984
-1080
-2173
-373
1956
2289
1660
1288
1871
2522
602
-452
1802
2341
-536
1401
5248
2850
740
663
1341
1014
-3998
-5218
-1881
-4907
-7164
-4221
-2188
-2562
-1732
910
1854
2277
2742
1813
2655
3291
656
820
2950
1780
151
3264
4115
1782
974
400
1034
-127
-4509
-3208
-2094
-6122
-5619
-3183
-3414
-3006
-811
195
651
2465
2359
1383
3156
2753
476
1325
2310
1408
571
1392
2980
3112
1205
907
2159
220
-1766
-1124
-2400
-4767
-4030
-4132
-4761
-3123
-2347
-2196
-34
1050
1182
2008
2123
2464
2468
950
920
1676
530
138
864
924
1702
1610
1180
1340
997
601
-128
-1456
-1419
-2302
-3801
-3052
-2393
-2920
-2144
-1003
-686
404
1141
725
1036
1577
1102
737
945
767
560
819
894
877
1387
1632
1557
1906
1666
1117
1195
1022
152
-422
-1029
-1254
-1566
-2332
-2367
-1735
-1960
-1938
-1365
-1132
-872
-540
-352
151
366
276
711
1000
991
1242
1352
1384
1539
1443
1451
1475
1054
818
738
346
-88
-447
-742
-864
-1188
-1513
-1472
-1506
-1756
-1759
-1635
-1608
-1409
-1042
-718
-326
227
604
1029
1494
1698
1818
1981
1951
1831
1542
1353
1360
875
292
315
94
-509
-631
-634
-964
-1182
-1180
-1214
-1380
-1400
-1321
-1333
-1339
-1184
-1058
-946
-648
-298
15
322
685
969
1199
1536
1640
1596
1674
1625
1275
1044
898
521
100
-101
-178
-463
-677
-582
-659
-835
-714
-638
-744
-744
-683
-734
-726
-698
-665
-687
-615
-384
-241
-136
150
495
658
792
1031
1164
1089
1051
1055
862
627
514
301
71
-51
-166
-295
-340
-321
-353
-390
-366
-391
-484
-473
-491
-597
-587
-562
-676
-671
-538
-474
-422
-230
-26
70
224
456
576
608
728
767
682
645
629
481
309
275
212
30
-42
-27
-145
-235
-182
-198
-237
-183
-157
-174
-142
-156
-217
-196
-198
-267
-277
-228
-218
-216
-187
-109
-38
-3
69
165
208
251
312
331
312
286
265
229
146
87
95
50
-50
-83
-89
-108
-94
-131
-182
-125
-123
-223
-201
-160
-244
-252
-155
-186
-254
-160
-16
-35
-78
55
204
191
128
185
314
327
231
245
377
441
271
85
127
276
232
-61
-287
-155
8
-157
-393
-372
-141
-210
-399
-161
9
-177
-279
-211
-176
-95
-7
-26
131
131
176
172
695
981
-826
-2017
-413
2644
1581
-2950
-3392
1903
4796
781
-2585
484
3334
578
-2239
-728
1786
-140
-3217
-1850
1992
1154
-2934
-1834
2453
1571
-2476
-1306
2842
1871
-2537
-1774
2412
1938
-1975
-1766
1527
1533
-1193
-1050
1305
1233
-928
-898
1593
1543
-718
-952
484
831
-697
-1142
-25
69
-298
-425
-109
379
291
167
-185
-338
177
19
-720
-738
-38
-250
-780
-136
615
524
36
316
1022
851
283
301
485
357
-71
-223
-75
-210
-492
-343
-140
-377
-460
-179
-7
-220
-430
-341
-193
-212
-349
-370
-390
-270
-19
130
476
645
478
847
1508
1806
1548
1214
1262
1124
465
-393
-985
-1464
-2128
-2795
-2950
-2508
-2219
-2048
-1707
-1037
-231
216
704
1218
1782
2318
2372
2313
2720
3104
2776
2852
3193
2394
788
-701
-1245
-1603
-3283
-4866
-4711
-3884
-3391
-3063
-2005
-131
1242
1331
1143
2070
2494
1091
-151
88
-89
-1392
-1535
-177
966
1393
1606
2724
4154
4353
4740
4935
3628
1574
-348
-1482
-2624
-4876
-6385
-5865
-4717
-4307
-4019
-2567
-462
1115
1197
866
1529
1699
550
-158
-219
-715
-1161
-859
90
1487
2528
2439
3195
4356
4106
4068
5161
4627
2413
-210
-2007
-2245
-3328
-5591
-6129
-4984
-3590
-2832
-2666
-1487
362
1380
950
785
1705
1876
605
-502
-791
-912
-732
-569
-499
219
979
1378
2246
2541
2650
3761
3780
3022
3808
3901
2169
-507
-2684
-2359
-2341
-4497
-6189
-5833
-4055
-2964
-3312
-2632
-344
1344
1350
811
1444
2409
1560
25
-787
-993
-248
150
-284
22
1166
1844
2181
2670
2969
3742
3956
2974
3275
3978
2836
608
-2068
-3302
-2820
-3678
-5726
-6319
-5121
-3038
-2160
-2786
-2069
53
1237
880
518
1141
1889
1392
490
197
80
247
246
261
758
671
833
1780
1918
2180
2632
2372
2369
2678
3160
2960
1143
-1451
-2967
-3012
-3498
-5184
-6411
-5975
-3853
-2251
-2315
-1715
135
1952
2467
1938
1790
1876
1478
815
277
-297
-827
-636
60
473
277
-33
821
1570
1619
2152
2542
2617
2741
3034
3537
2789
426
-1768
-2322
-2368
-3461
-4986
-5646
-4669
-2523
-1638
-1554
-561
873
2341
2636
1843
1605
1737
1294
883
211
-576
-505
-129
46
25
-339
122
1192
1437
1734
2387
2764
2799
2465
2823
3253
2016
-490
-2699
-3213
-3283
-4235
-5549
-6149
-4915
-2698
-1534
-977
-280
974
2573
3073
2648
2188
1658
1111
971
521
-743
-1240
-628
-201
-216
-420
-117
773
1480
2129
2660
2979
3193
3148
3470
3644
2286
121
-1507
-2160
-2710
-3866
-4988
-5478
-4887
-3526
-2592
-1766
-793
219
1520
2210
2292
2420
1802
1005
1275
1107
-173
-749
-321
-232
-152
-111
-312
49
771
1418
2035
2296
2340
2454
2537
2798
2533
1214
-834
-1826
-2146
-2912
-3816
-4838
-5322
-4389
-3190
-2240
-1210
-613
304
1582
2394
2841
2560
1569
1125
1580
1180
-71
-503
-508
-474
-87
-174
-397
-214
299
1223
1892
1883
2040
2116
2137
2445
2313
947
-984
-1878
-2262
-2817
-3641
-4818
-5272
-4152
-2889
-1918
-1048
-462
552
1735
2509
3014
2480
1340
1590
2166
1015
-323
-298
-157
-102
66
-356
-510
29
605
1216
1528
1655
2034
2060
1901
2120
2138
1464
-261
-1731
-2113
-2422
-3085
-3825
-4504
-4267
-3012
-1673
-827
-324
293
1231
2429
3101
2490
1532
1265
1628
1347
167
-272
24
222
585
316
-244
84
710
1189
1510
1385
1560
2190
2098
1616
1734
1650
630
-1333
-2845
-3034
-3193
-3824
-4528
-4831
-3764
-2239
-1243
-414
101
667
1909
2619
2300
1800
1064
664
903
207
-603
-346
-107
260
641
271
193
664
843
1288
1630
1067
1359
2201
1579
946
1186
1492
971
-1496
-3494
-3399
-3167
-3264
-3984
-4806
-3200
-1052
-66
531
608
1193
2733
3377
2886
2133
715
299
1284
661
-893
-1155
-505
715
815
-364
-428
260
707
1154
962
418
1089
1884
1553
656
494
1575
1833
-496
-3675
-4443
-3436
-2543
-3089
-4708
-3737
-664
991
1344
870
840
2280
3231
2869
1811
587
-349
70
210
-1112
-1712
-610
747
1219
395
-356
208
950
1264
1037
336
441
1201
1718
1393
141
690
2188
1383
-1767
-4763
-4610
-2658
-2194
-3209
-4042
-2621
575
2218
1336
103
810
2493
2288
988
240
-74
93
825
252
-1100
-877
838
1656
1105
-194
-40
1075
1141
653
13
-37
1234
1565
760
186
-154
970
2238
1002
-2113
-4731
-4158
-2015
-1711
-2892
-3111
-1090
1859
2404
907
-262
462
2191
2140
784
-153
-269
264
1038
284
-1130
-682
1064
1842
1453
-43
-728
272
627
415
-59
-472
301
1261
1281
722
-416
-471
514
695
-225
-1826
-3323
-3197
-1592
-1002
-1442
-1358
-458
977
1724
705
-155
-69
516
1036
559
-13
-3
167
758
1066
15
-116
842
1371
1010
207
-726
-299
464
446
140
-351
-266
1117
1770
1069
-158
-1066
-171
973
-247
-2727
-4043
-2764
-709
-256
-1242
-1845
-795
1281
1954
844
-540
-316
1093
1653
1139
465
151
594
1426
1224
-144
-910
-450
262
294
-529
-905
-263
341
843
876
389
102
320
646
205
-820
-1131
-808
-596
-705
-998
-286
536
396
-639
-1712
-1118
112
189
-230
-769
-195
1281
1639
981
10
-54
868
1575
1506
554
-270
159
834
195
-801
-1064
-732
-272
-85
-525
-886
-755
-249
469
778
820
1117
1269
1247
1374
595
-709
-2427
-3444
-2481
-1371
-756
-496
-540
246
1166
1298
967
244
-74
195
867
1377
862
-185
-640
-227
-170
-140
-99
-314
-140
480
630
1024
1104
937
1156
1074
852
970
438
-634
-1405
-1813
-1631
-1331
-1067
-1033
-1155
-839
-37
576
403
-179
-410
-105
618
514
-599
-1149
-614
318
928
931
442
217
966
1658
1320
1143
1110
1170
1095
941
1308
1837
1151
-1063
-3519
-4547
-3718
-2304
-1261
-1493
-1767
-1004
665
1660
1497
226
-776
-647
528
1375
884
-83
-356
250
1067
1668
1161
440
40
134
320
317
-274
-323
306
704
1121
1368
1045
401
-157
-571
-308
-275
-517
-1003
-1610
-1909
-1580
-1038
-545
-65
174
426
698
957
885
435
-333
-661
-502
-60
233
-267
-873
-775
-11
1132
1741
1395
1026
848
1038
1378
1189
573
452
508
436
58
-865
-1789
-2159
-1853
-1246
-717
-534
-538
-628
-473
-260
64
101
-56
-57
153
424
698
634
245
-89
-110
187
357
256
-12
-257
-103
-24
-34
-41
-80
290
654
773
701
447
425
496
402
232
-26
-84
-178
-401
-850
-1239
-1299
-1031
-543
-221
-57
140
93
-36
-85
-166
-70
-124
-153
-118
-33
25
-14
-283
-439
-7
631
1135
1477
1379
1227
1201
1027
945
888
582
275
-289
-1084
-1474
-1681
-1455
-1073
-1028
-989
-665
-407
-2
161
-24
-190
-271
-203
203
390
330
358
224
261
466
471
520
418
63
-86
-104
29
391
614
489
256
16
-122
-76
-24
-190
-594
-1070
-1358
-1003
-387
254
702
686
552
470
391
538
533
299
53
-176
-158
25
-8
-235
-572
-993
-1150
-976
-603
-153
127
178
315
441
588
803
752
599
488
354
389
497
348
158
-10
-188
-295
-393
-571
-640
-614
-480
-223
-28
97
126
-73
-414
-615
-646
-483
-175
99
386
658
828
1089
1134
1000
840
475
244
110
-132
-333
-700
-968
-906
-720
-403
-64
118
212
185
78
-31
-128
-224
-300
-247
-218
-79
62
180
211
171
-4
-191
-445
-565
-352
35
491
847
1062
1224
1321
1150
1024
768
432
27
-593
-1273
-1793
-2100
-1825
-1130
-421
289
662
651
536
311
78
-25
-220
-375
-432
-449
-209
193
482
775
813
632
475
251
21
-66
-186
-227
-61
62
255
447
409
318
103
-221
-422
-617
-682
-607
-551
-477
-353
-172
-42
-97
-249
-455
-214
111
563
964
947
754
504
152
73
53
5
104
-1
15
43
8
-6
50
-198
-407
-641
-838
-829
-743
-626
-362
-79
106
447
561
692
769
694
551
471
162
101
132
211
329
166
-159
-481
-692
-747
-518
-313
-99
-57
-203
-467
-616
-653
-351
35
390
642
710
784
869
845
674
519
367
238
-41
-528
-963
-1111
-1023
-582
-128
206
394
358
242
146
7
-100
-213
-303
-330
-353
-316
-155
41
145
192
4
-209
-451
-587
-484
-149
388
1063
1657
1921
1798
1549
1252
810
-30
-1295
-2397
-2975
-2750
-1819
-532
639
1286
1398
1116
643
240
-146
-364
-535
-732
-876
-870
-533
47
662
1140
1379
1207
770
152
-360
-596
-541
-305
-23
136
265
392
500
535
419
201
-47
-302
-590
-807
-910
-758
-434
-104
109
219
274
305
213
104
64
73
86
-29
-115
-123
-41
98
171
196
251
174
-56
-396
-783
-725
-429
59
585
869
991
882
521
292
139
-18
24
-82
-147
-390
-782
-998
-918
-639
-206
169
388
433
206
-107
-401
-561
-701
-649
-585
-363
50
500
1039
1478
1718
1744
1446
905
448
-37
-375
-731
-1090
-1291
-1364
-1157
-747
-247
236
606
641
457
21
-354
-584
-584
-403
-177
0
61
159
201
357
451
489
384
150
-224
-640
-928
-957
-543
125
919
1593
1952
1915
1547
1044
622
308
-146
-856
-1703
-2464
-2682
-2305
-1365
-156
898
1514
1625
1183
522
-156
-619
-724
-626
-395
-241
-113
-20
219
556
952
1207
1143
734
122
-443
-775
-723
-437
-22
276
366
278
97
-88
-167
-185
-171
-215
-365
-556
-673
-626
-334
115
512
734
693
479
191
-48
-165
-119
-29
0
-53
-127
-241
-299
-397
-515
-412
-298
117
502
793
1016
1047
919
705
246
-150
-362
-541
-444
-568
-679
-841
-926
-824
-491
-78
342
642
651
567
275
102
12
115
59
-138
-521
-880
-883
-687
-127
610
1270
1679
1670
1225
799
324
-23
-232
-619
-907
-1250
-1457
-1299
-913
-299
355
772
937
696
204
-257
-556
-535
-325
-47
118
257
216
142
97
89
190
280
249
85
-119
-383
-408
-240
131
555
809
837
671
346
12
-224
-450
-588
-819
-1106
-1271
-1242
-846
-171
674
1439
1888
1852
1560
1065
481
-45
-680
-1135
-1514
-1701
-1552
-1119
-466
276
797
1059
1038
694
277
-149
-404
-498
-388
-220
45
224
235
222
194
149
58
-120
-389
-655
-917
-845
-451
325
1236
1916
2216
2118
1642
905
-49
-1068
-1861
-2369
-2357
-1942
-1215
-416
300
753
1039
1042
826
517
150
-150
-401
-575
-628
-423
-227
81
392
600
723
731
569
331
56
-182
-181
-127
16
97
164
177
124
-1
-107
-159
-152
-148
-249
-347
-452
-485
-479
-366
-189
68
345
498
544
467
280
23
-327
-655
-834
-877
-669
-327
118
640
1104
1430
1554
1446
1259
918
426
-233
-962
-1584
-1909
-1768
-1338
-688
-28
473
741
784
498
177
-149
-346
-311
-237
-103
90
220
248
310
292
385
394
287
81
-166
-371
-374
-218
28
297
484
570
515
319
13
-176
-340
-392
-379
-394
-396
-393
-400
-301
-124
83
316
446
444
328
174
9
-102
-188
-223
-186
-171
-161
-105
-54
71
163
223
299
345
271
100
-180
-473
-577
-584
-394
-185
78
316
463
551
619
655
757
756
572
180
-391
-943
-1359
-1378
-1215
-677
-81
384
682
705
472
241
15
-113
-64
-55
-35
-61
-83
-171
-117
27
266
471
535
433
162
-168
-381
-397
-255
47
304
491
470
279
21
-169
-273
-303
-228
-198
-206
-233
-263
-209
-91
52
208
281
266
150
-31
-181
-267
-237
-160
-62
43
92
118
141
160
172
205
223
193
122
17
-75
-121
-133
-111
-45
14
37
36
35
18
-7
-41
-81
-124
-154
-169
-180
-125
-65
-24
44
84
89
104
114
75
55
59
35
9
27
30
8
49
61
35
63
59
0
-5
-34
-96
-93
-78
-87
-47
-4
-11
21
23
-4
0
-19
-29
0
9
41
74
59
56
28
-5
-6
-11
-19
4
-13
-10
12
1
19
5
2
3
-17
8
11
-5
24
13
-23
-13
-20
-30
-28
-3
-8
-1
6
-19
-19
-5
0
-13
6
-3
-20
11
33
17
38
49
19
21
-1
-28
-32
-37
-46
-22
1
-5
9
22
19
4
0
-12
6
2
-6
29
8
11
28
1
0
15
-13
-18
-14
-40
-30
-15
-27
-2
22
10
32
21
-2
12
2
1
10
15
19
10
7
-15
-20
-17
-19
-7
-17
-14
3
-16
-19
10
9
7
21
6
-25
4
14
-11
8
17
7
19
31
6
-4
7
-7
-18
-15
-20
-9
2
-2
5
3
-10
1
4
-10
7
23
5
12
23
0
1
7
-3
3
-6
-17
-19
-19
-13
-8
-21
-19
8
0
4
24
3
-5
-1
-11
-4
-1
-16
4
5
-18
-4
5
-18
-6
23
18
13
24
10
13
14
10
27
-13
-16
6
1
7
-5
-4
23
19
-30
-15
25
-11
-12
0
-48
-17
20
-14
-15
2
8
3
-17
-24
5
6
-26
-12
0
-4
13
23
27
38
54
42
35
27
34
37
10
37
35
-50
-156
-257
-350
-229
-89
-29
223
288
268
310
125
-1
-10
-102
-34
62
13
57
24
-54
-37
-80
-96
-23
-15
-3
0
-43
-28
-70
-63
-5
-21
29
35
29
71
-37
-52
16
-92
-73
-14
-22
85
29
72
146
-28
30
51
-36
79
8
27
87
-75
2
-61
-96
115
-22
39
156
-57
26
-58
-155
39
-110
-50
69
-125
-2
-34
-115
43
-74
-2
102
-20
84
43
-19
112
0
70
150
-13
115
61
-61
51
-62
-64
-1
-108
-38
-27
-73
9
-4
-27
9
-18
23
9
-31
31
9
16
-20
-50
32
-7
-49
23
-7
-48
28
-8
-13
36
-29
22
58
-9
1
24
0
4
-18
-37
-26
-37
29
33
9
47
20
4
45
-38
-34
25
-51
3
17
-65
10
20
-15
61
27
26
45
-4
44
0
-36
-4
-55
0
2
-52
23
-11
-25
40
-40
-39
5
-8
22
0
16
24
-32
6
-11
-25
24
-16
35
60
-35
26
35
-40
11
27
21
17
-15
32
15
-40
-14
-9
3
-10
-34
23
-1
-57
11
1
-36
-7
-2
38
15
-30
24
-14
-13
13
-38
15
11
-11
29
-6
2
9
-19
23
13
-9
15
8
9
0
-27
11
13
-7
4
-13
1
0
-21
-2
-10
-19
-15
10
23
-17
-17
11
12
4
4
-1
7
25
-19
5
17
-46
26
26
-33
36
-12
-16
38
-46
-6
7
-30
37
-12
-10
9
1
87
-27
-55
43
-48
1
26
-21
72
-9
-45
66
-1
-44
-34
-30
35
-1
-6
48
-27
-26
17
-19
11
-36
-76
41
22
2
43
-27
11
50
-12
-8
-49
-25
49
13
29
17
-7
35
-13
-5
1
-54
22
17
-30
12
-29
0
20
-44
15
-2
-23
58
-2
-13
-10
-51
34
-16
-32
64
-23
13
65
-24
27
-10
-44
27
-36
13
28
-76
14
45
23
50
-44
-38
13
-26
5
-17
0
69
-12
-16
12
-12
5
-38
0
59
0
9
-19
-38
2
-50
-16
40
20
18
-12
1
44
-1
-47
-16
-32
-27
1
0
43
19
1
61
25
-24
-36
-41
11
-1
-27
17
30
26
4
-19
23
25
-19
-2
9
8
-16
-24
13
3
-30
9
34
10
-29
-47
2
1
-18
-2
4
5
5
15
16
-11
-40
-21
9
2
-11
-9
15
9
-6
8
0
-17
-18
6
11
-23
-59
-38
6
33
7
-10
40
66
44
11
38
40
21
21
18
3
-23
-13
19
7
-67
-56
7
14
-22
-56
-16
12
-39
-25
13
-34
-63
-22
5
15
-34
-64
-9
20
34
51
46
29
19
34
49
27
23
16
31
60
9
-31
-16
-31
-26
-14
-23
9
15
-20
-38
-49
-66
-43
13
43
36
37
23
-7
-22
-39
8
66
69
78
34
-47
-53
-72
-88
-5
38
31
27
-13
-53
-70
-72
-16
47
54
59
48
-15
-71
-69
-34
14
29
44
67
-9
-72
-15
-17
-34
55
75
16
26
8
-50
-25
3
-5
36
74
30
-21
-35
-17
-5
-9
28
44
-12
-19
0
-31
-39
-20
-7
0
-16
-14
1
-33
-31
22
5
-2
47
20
-9
28
11
-9
40
30
-20
-5
16
0
-22
-20
-30
-25
40
48
-8
-9
-17
-26
10
23
14
-18
-48
2
28
-2
17
18
-5
6
-11
-44
-25
21
45
29
3
-19
-40
-26
3
15
-4
-27
-1
16
-16
-25
-5
5
19
51
69
4
-51
-16
-6
-1
27
-4
-6
31
-4
-35
-13
4
21
21
28
30
-8
-17
-36
-64
-10
-3
-37
41
54
-45
-27
40
15
-23
-15
23
40
-3
-13
2
-45
-53
8
-1
15
80
35
3
46
0
-27
23
5
0
7
-50
-22
28
-48
-73
3
23
2
-3
8
13
-21
-8
52
16
-40
-8
8
-32
-22
42
40
-6
5
10
-5
4
12
4
14
17
17
13
-16
-17
-39
-26
56
19
-28
6
-13
-15
-17
-15
12
-20
-11
32
14
-1
10
-8
-30
-13
8
-12
-6
27
-22
-31
34
18
-13
-14
-25
11
24
-7
-9
3
5
3
24
23
22
51
34
-43
-45
20
18
9
23
-37
-46
-8
-13
17
-18
-3
67
-15
-27
-3
-64
-9
19
-4
21
13
-28
-45
-17
8
16
28
25
0
31
20
-39
1
1
-9
11
-12
21
12
13
17
-67
-11
12
31
81
-13
-4
-33
-33
24
8
1
-31
-21
-26
9
25
-72
-6
35
-25
-18
-43
16
2
31
62
-56
-14
82
-2
10
13
-82
37
24
93
110
-134
-7
71
-53
41
51
-41
-36
-22
-40
-14
-29
-21
-10
-39
40
9
-52
-45
16
-9
-24
87
63
-37
-85
91
94
-87
4
8
-26
61
60
-21
-37
-33
-51
21
61
-22
-42
8
57
-21
-74
77
7
-25
86
66
-19
-4
-8
-65
16
65
27
2
-22
-37
-40
-4
-23
-32
-35
2
43
-6
-69
-58
12
-17
9
53
16
-24
16
47
35
28
13
17
13
-3
13
-20
-38
49
-7
-74
18
0
-45
-21
-3
55
-11
-38
49
28
-58
-14
43
-45
46
21
-43
22
-22
-38
20
27
-17
-48
-7
124
-42
-50
77
-20
-17
41
53
-27
-30
18
27
6
-47
-34
-23
-13
18
-32
-24
17
-26
-69
11
28
13
65
29
21
-65
-75
76
29
-17
-11
35
133
22
-83
-81
-52
13
89
133
29
-88
-61
25
-8
-78
-9
69
41
-5
-82
-52
22
8
34
-30
-69
54
42
-12
40
-25
-48
41
56
7
-10
-15
14
4
-43
16
46
-47
-38
13
-55
-7
72
-9
-67
-54
21
55
-17
-34
3
45
37
5
-29
-43
38
53
-26
33
36
-13
-9
-6
32
-4
-59
-38
-12
69
66
-31
-25
7
40
-11
-113
-95
55
80
-5
-71
0
42
-15
19
-25
-43
57
70
-48
-70
-26
-17
54
118
0
-79
31
3
-50
66
3
-96
22
156
-11
-126
10
-1
-11
15
49
82
-22
-85
-5
14
29
28
0
-64
-74
26
25
-17
85
60
-48
-13
0
-30
-94
-45
-17
-17
50
54
13
-40
89
78
47
59
30
-2
-86
-37
-69
-50
-56
-134
-64
73
169
16
7
29
-54
53
39
-17
-86
74
81
-99
44
59
-65
-155
-56
-38
6
125
77
26
0
21
25
109
-39
-177
-51
98
64
-44
-84
-63
51
40
-26
41
51
-18
-3
17
-13
-21
-55
0
-21
-89
27
61
69
-5
-58
-8
63
3
-30
67
33
49
-53
-39
55
-130
-29
55
-64
22
-9
-25
-9
-23
9
-43
55
60
41
162
39
-130
-28
62
-8
-99
8
80
-2
-44
-40
-23
-28
19
21
64
-15
14
114
-89
-89
16
-21
-110
-9
139
-5
-106
23
191
-16
-44
54
-111
-57
63
48
-107
-52
139
37
-12
25
5
-57
-64
-15
24
39
-44
1
62
89
53
-154
-13
116
25
-171
-109
202
15
-118
-108
63
162
-134
0
106
-30
17
-46
23
89
-47
-80
-12
25
-43
24
57
-19
25
-100
23
44
-31
96
90
-12
-197
-41
134
20
-66
-39
-2
6
42
70
-51
-54
76
42
-79
17
-14
-67
60
-4
-35
114
110
-81
-70
65
-63
-70
-96
-81
197
27
-66
75
76
55
-110
-70
42
-57
45
38
-101
37
57
-51
-46
24
204
-72
11
45
-210
129
51
-204
-60
47
74
146
-73
-77
-6
-12
58
19
-117
43
58
20
58
-176
-28
172
21
-38
71
-129
23
74
-152
35
66
-54
51
-45
-19
137
-54
-90
131
13
-134
-4
83
-60
-78
32
55
70
-133
-16
126
43
-66
-73
117
26
-42
-90
-21
111
-7
-54
8
81
-38
-57
108
-179
16
154
-120
21
9
-12
42
-28
-19
40
57
-25
-12
27
32
-11
-70
4
-50
-55
17
29
41
-32
21
7
-20
60
-96
-18
158
-67
-12
108
2
-68
8
21
-14
-12
-58
-1
47
-114
2
67
-4
22
-36
27
-9
-23
52
-16
25
4
-17
10
1
52
-53
-25
-45
0
51
-37
57
-3
0
6
15
-17
-21
52
-27
-21
29
-48
-8
47
-82
34
38
-39
41
11
0
-77
55
12
-25
8
-15
33
-38
31
-25
-21
69
-67
4
24
-23
49
-34
-9
37
43
-64
-46
83
24
-77
-27
59
87
-71
-75
84
5
-64
-56
103
23
-110
80
44
-110
20
-2
19
23
-65
49
29
-41
18
-23
-33
71
-3
-29
14
77
-136
33
91
-131
48
81
-53
-50
108
-101
-12
107
-55
-58
111
-30
-73
61
-3
-14
-33
88
-30
-88
54
75
-141
60
97
-176
73
61
-58
-12
10
16
1
-21
17
25
-72
37
29
-35
-8
-3
40
11
-16
26
-52
-3
85
-105
29
43
-45
16
-7
43
-54
11
6
0
16
-46
50
-5
-52
31
33
-49
7
8
16
-18
-27
94
-55
-41
26
30
-8
-35
25
15
-12
-13
26
11
-46
-12
65
-35
-18
44
-23
-3
-1
27
5
-50
-4
57
-19
-16
18
-11
-2
-10
42
-51
-10
52
-40
20
8
-11
11
34
-63
-29
64
-27
-15
10
22
-29
22
27
-18
-23
-3
15
-19
-9
9
16
-24
12
8
4
9
-22
-3
14
1
-18
21
-5
-8
26
-16
-4
27
-13
-28
57
-35
-11
47
-51
4
23
-9
-23
21
8
-3
0
-6
0
0
0
-10
7
-34
29
20
-37
20
11
-22
7
14
-30
12
10
-21
4
5
-8
-5
14
4
-3
12
3
0
1
-16
10
-10
-1
13
-10
6
-1
6
-4
6
-6
-9
6
-8
8
3
-1
0
-1
2
-2
-4
-3
1
11
-5
-3
3
-7
1
7
-5
-5
4
3
3
1
1
-1
2
0
-1
0
-2
1
0
-3
1
-1
2
5
6
3
-3
1
-3
0
0
-2
0
0
3
-1
-2
-2
-1
-6
1
-1
-3
5
-2
-1
5
2
-2
-1
-4
3
2
1
6
-4
0
6
0
0
4
-3
2
4
-4
1
1
-3
-1
3
0
-1
-4
0
-6
-4
5
1
-1
1
1
0
-1
-5
-3
-1
2
0
0
0
4
0
-1
2
-1
-1
5
5
-3
2
3
0
-2
-1
0
1
0
-1
3
-1
0
0
-1
1
-1
0
3
0
-1
0
-2
-1
1
0
0
0
0
-3
1
5
-1
1
4
0
0
0
0
-1
-1
0
-1
0
-2
0
1
-1
3
4
0
0
0
2
-2
-4
-1
0
0
0
0
1
1
0
1
-2
-3
3
0
-2
0
1
0
0
0
2
1
0
1
-1
0
0
0
0
0
1
0
1
3
-1
-1
1
-2
-5
-1
1
0
-1
0
-1
-1
0
-2
1
2
1
-3
-2
1
-2
-4
0
3
1
1
3
0
1
1
-1
-1
1
-1
-2
-1
2
3
1
3
3
0
-1
-2
-2
-3
-2
-3
-2
0
-1
0
2
2
0
0
-2
0
0
0
0
-1
1
1
0
2
0
-2
0
3
2
-1
-2
0
2
1
0
0
-2
0
0
1
2
0
-1
0
0
0
-1
3
1
0
-1
-1
1
2
-2
-2
-2
-1
1
-3
-3
1
-1
0
2
-2
-2
0
-2
0
8
4
0
3
1
0
-2
-4
2
5
0
2
6
4
-1
-1
-2
-5
-1
-1
0
0
0
-1
-4
-3
0
-2
-1
0
-2
-2
0
0
2
3
-2
-3
0
1
1
2
6
3
2
3
1
-2
-5
-2
0
1
0
-1
1
0
-1
-3
-1
1
3
0
0
-2
0
1
-4
-3
1
2
-1
-3
3
1
0
0
-1
3
2
1
3
0
1
0
-5
-2
3
2
-1
-2
0
0
-3
0
0
-1
-3
0
1
2
0
0
-1
-5
0
0
-1
0
0
0
0
4
0
-1
0
0
3
1
0
-1
1
7
2
-2
-4
-4
2
1
0
3
-1
-1
1
-3
0
2
3
0
0
0
-4
-1
0
0
-1
-3
1
-1
-1
0
-2
-1
1
3
3
-2
-4
-3
3
2
3
1
1
0
-3
-2
-2
1
-1
0
2
0
0
1
3
0
-2
0
0
0
1
2
1
-2
-3
-1
0
0
3
2
2
1
-3
-1
-1
-2
2
3
1
0
0
0
-3
-3
1
-1
-4
-4
-1
1
1
2
-2
-1
1
1
1
4
1
0
2
0
0
-1
-3
0
0
-2
0
2
3
0
-2
0
0
-2
0
-2
-4
0
5
4
-2
0
1
0
-1
-4
3
2
-3
1
2
-2
2
2
-5
-3
0
2
2
-2
-5
0
-1
0
1
0
-2
-1
2
2
2
2
2
0
0
2
0
0
1
0
2
-1
-3
0
-1
1
1
-2
-2
-3
0
0
0
1
-3
-1
0
0
0
1
0
-1
0
0
2
0
-1
2
3
3
0
-3
-2
-4
-2
3
2
0
0
2
0
2
2
1
-1
-3
0
0
-2
-3
0
2
1
0
-1
0
-1
-1
1
1
-1
3
2
0
0
0
-2
-1
0
-2
2
-1
0
0
1
2
0
0
1
0
1
3
0
-1
1
-1
-1
0
-3
-5
0
0
0
1
0
0
1
0
0
-1
1
0
0
0
-1
0
0
2
1
-2
-2
0
2
-1
0
0
-4
-1
0
0
0
-1
3
2
2
1
0
0
0
2
-1
0
1
1
1
-1
-2
-1
0
2
0
-1
-1
-1
0
0
-2
0
0
-1
1
-1
0
0
0
5
1
0
3
-3
-1
2
-2
-4
-2
-3
-1
1
0
0
0
-1
2
1
0
0
0
0
-2
1
3
-1
0
0
2
1
-1
0
1
1
0
1
1
-2
0
2
2
-2
-1
-1
0
1
-1
-1
-1
0
0
1
0
-1
-3
-1
0
0
2
-1
-3
1
1
-1
0
0
-2
-4
-2
3
0
0
1
2
1
-1
2
0
-1
1
-3
1
0
-1
1
0
1
2
1
0
1
3
1
-1
-2
1
0
0
-1
0
1
0
-2
-1
2
2
0
0
-2
-3
-2
0
0
-1
-2
-3
0
1
2
-1
0
0
0
3
1
0
-1
-2
0
0
1
2
0
0
-1
0
1
1
5
-1
-3
1
4
4
1
0
0
0
-2
3
0
-2
0
-2
-1
-1
-1
-2
-1
-2
-7
0
2
-4
-2
2
0
-1
0
2
3
0
1
6
2
0
1
0
2
3
2
3
2
-3
-4
-1
-1
-2
-7
-2
0
-4
0
0
-1
0
0
1
0
1
5
5
0
-3
0
1
0
-1
0
0
-2
3
3
1
2
0
-1
-2
-4
-2
0
0
0
-2
0
-2
-1
0
0
0
-1
0
-2
1
1
0
1
0
-2
1
3
0
0
1
0
-2
2
0
-1
3
2
0
0
0
-1
0
1
0
1
0
0
-1
-1
0
-2
2
-3
-3
1
0
2
1
-1
0
0
2
2
1
4
2
-5
-2
1
0
0
0
0
-1
0
-1
0
1
0
-3
0
2
0
0
0
-2
-3
1
-1
2
2
-1
1
3
0
-2
1
2
4
1
-1
0
0
-2
0
2
0
0
1
2
2
-4
-3
-1
-2
-2
-1
0
0
-2
1
0
-1
0
1
-1
1
2
-1
0
4
2
-4
0
2
-1
-2
0
-1
0
0
-2
0
1
0
0
-1
-2
0
0
0
-2
-5
0
0
3
2
1
2
0
2
1
1
0
-2
2
4
2
1
0
0
1
-1
0
1
-1
-1
-3
-3
-1
-2
-3
0
-1
-4
-2
-2
0
2
5
0
0
1
3
4
0
1
2
0
2
1
4
1
-3
-2
-3
0
-1
-3
-1
-2
-4
0
1
-3
0
2
3
1
1
-1
1
1
-3
1
2
0
2
-1
-2
3
0
-4
0
3
0
2
0
-3
-1
-1
-5
-3
3
0
1
0
0
1
0
0
2
0
2
0
-3
1
1
-2
-3
2
0
0
1
-1
0
2
0
1
3
0
-2
0
-1
1
1
0
1
1
0
-3
-3
0
-1
0
0
-1
1
1
1
0
-2
0
-1
-1
2
0
0
1
0
-3
-1
0
-3
0
0
1
0
2
0
-3
1
0
-1
0
0
0
-4
0
2
1
-1
-2
0
3
2
0
0
1
2
0
1
0
-1
0
2
0
0
-4
-3
1
1
2
-1
-5
1
4
4
0
-4
-1
1
2
-1
-3
0
0
0
0
0
4
-3
-1
0
-3
2
-1
0
2
-1
2
-2
-1
3
-2
-2
-4
1
4
-3
0
0
1
2
-2
1
3
-1
3
3
-1
1
0
-2
1
0
-1
-3
3
1
0
0
-1
0
-2
-4
0
2
0
0
-1
0
1
3
2
-2
0
2
1
0
0
-1
-4
3
-1
0
4
-2
1
0
0
1
-1
-1
0
-2
-1
5
0
-2
0
-1
-3
2
1
-4
2
3
0
-4
-3
2
-2
0
2
-2
4
2
0
0
4
0
0
4
-1
-1
0
-6
0
0
0
3
0
1
2
2
0
1
3
0
-4
-2
3
0
0
2
1
0
-2
-3
-1
-3
-4
-2
0
-2
-3
2
0
-1
1
3
1
1
0
0
-1
1
3
-1
1
1
0
4
-1
0
1
0
0
1
0
0
1
-2
-3
0
-2
0
0
1
-2
-1
5
0
1
5
-1
0
1
0
0
-3
0
-2
-1
1
-2
0
2
0
-1
0
0
0
-1
4
4
2
-1
-1
-1
0
0
-2
-3
-1
1
0
2
1
1
0
2
0
-5
-3
-4
0
0
-3
0
1
3
1
3
3
1
2
2
1
-1
0
-1
0
2
-2
-2
0
-3
-2
0
-1
-3
0
-1
-2
-2
-6
-2
-1
1
3
0
2
4
1
4
4
2
3
5
6
0
0
-2
-3
-1
-1
0
0
-1
-5
-1
-3
-2
-1
-1
0
1
1
-2
-2
0
2
-1
-2
1
-1
0
1
-2
1
3
1
1
2
1
1
-1
0
2
0
1
0
0
3
-1
0
-1
-4
0
0
0
-2
-5
-1
0
0
3
-1
-2
1
0
-1
2
1
1
3
-1
0
0
0
4
1
2
0
-1
0
2
2
-1
-2
-1
-1
-1
-1
-1
-2
-1
0
0
2
2
-2
-1
0
2
0
-1
0
0
0
2
0
0
-3
0
5
5
-2
-1
3
-1
0
-1
-1
-1
-2
0
0
-1
-2
2
4
0
2
4
-1
-2
0
0
-1
-4
-2
0
0
0
-1
-1
0
-1
0
0
0
1
3
3
3
2
1
3
1
0
0
0
0
0
-2
-2
-3
-2
0
-1
-1
0
0
0
0
-3
0
1
0
0
-1
0
-1
-2
0
0
-1
-2
0
0
1
4
2
0
0
0
1
2
3
0
0
0
-2
0
3
0
0
-1
-3
2
1
0
2
2
-1
-1
-1
1
-1
-4
0
-2
0
1
3
0
0
0
-3
-1
0
2
0
-3
2
1
0
-3
-2
1
0
1
1
0
1
0
-2
-1
1
-3
-4
1
1
0
1
0
0
0
0
2
0
-2
-3
2
1
1
2
-2
-2
0
-3
0
1
-2
0
4
1
0
5
4
0
0
0
-3
0
-1
-3
0
0
-1
0
0
0
-1
1
2
0
1
2
0
-2
-1
0
-1
-1
0
-1
0
1
0
2
2
-2
0
0
-1
2
4
1
0
0
-2
-1
-1
0
-2
1
0
0
1
-1
1
3
0
-3
1
2
-1
0
-1
2
2
-1
0
-1
-3
1
0
0
0
-2
3
0
-5
1
0
-2
1
-2
0
2
1
1
4
4
0
2
3
0
-2
-1
-3
0
-4
-3
0
-2
0
0
-1
0
-1
-2
0
1
1
-2
-3
3
1
0
0
-1
0
2
1
0
0
1
0
0
1
1
0
0
0
-3
4
0
-3
1
-3
0
1
-3
0
0
-2
2
-3
0
2
1
2
-2
0
2
-1
-1
2
-1
-3
-1
-2
-1
-1
1
2
2
1
0
2
2
-1
0
-1
-2
-1
-4
-1
-2
-1
0
0
1
3
2
2
5
1
0
1
-1
0
-1
0
1
-1
1
2
0
1
1
0
0
3
1
-3
-3
0
-2
-6
-5
0
1
-1
0
0
1
1
3
0
-1
1
1
0
-2
0
-2
-1
0
0
2
0
3
4
3
2
3
3
0
0
0
-3
-3
-5
-2
-2
-4
-4
0
1
-1
-2
1
3
1
0
0
0
2
0
-2
0
-1
1
1
-2
2
0
-1
3
1
2
0
0
2
0
0
0
0
0
0
-2
-1
0
-2
-3
-1
0
-2
-2
1
0
1
0
-2
0
1
0
0
2
2
1
2
2
3
0
0
0
-2
-1
0
-2
-1
0
0
0
-2
0
0
0
0
0
-1
2
0
0
0
1
0
-2
0
0
-1
0
1
-1
-1
0
-1
-4
1
1
-1
2
0
2
2
0
2
2
0
0
2
0
0
0
0
3
0
0
2
0
-2
-7
-4
0
1
0
-4
-2
-3
-4
-3
-1
-1
0
3
2
3
3
4
3
0
5
2
0
1
0
-2
0
0
2
6
1
-1
-4
-6
-2
-2
-2
0
-5
-3
3
1
-3
-1
0
0
1
1
1
1
0
0
0
3
3
3
3
3
-2
-5
0
0
-2
-2
-1
0
-1
-1
0
-1
0
0
1
2
0
2
0
2
1
0
-2
1
3
0
0
-1
-1
0
0
1
0
-1
1
-2
-2
-1
-3
0
-1
0
2
0
1
1
0
-1
1
3
-2
0
2
0
-2
0
-1
-1
0
0
0
0
0
-3
-1
0
1
0
2
3
1
2
1
2
4
0
0
0
-1
-2
0
-1
-4
-2
-1
-2
-1
0
-1
-1
2
2
1
0
0
1
0
-1
2
2
0
-1
0
0
0
-3
-2
0
0
-1
0
2
-2
1
2
-1
1
2
0
1
0
2
0
-4
0
2
0
0
0
1
2
-2
0
1
-2
-1
0
0
0
-3
-1
0
0
0
1
-1
0
1
0
1
1
3
2
0
1
-1
-2
-1
0
4
1
-2
1
-2
-5
-2
-4
-3
-2
-1
1
0
-4
0
3
1
2
3
0
2
2
1
2
1
0
3
3
4
1
0
2
0
-2
-4
-2
0
0
-2
-2
0
-3
-4
0
1
-2
0
0
0
3
0
0
0
-1
0
2
1
0
0
3
0
-1
0
-3
-1
0
0
-1
-1
0
0
1
-1
0
0
1
1
0
0
2
0
0
1
2
2
0
2
5
1
0
0
0
-1
-2
0
-1
-1
-1
-3
-2
-1
-2
-1
-1
0
0
0
2
1
-1
0
-1
0
4
5
6
0
1
1
-2
1
2
0
0
2
-1
-1
-1
-3
0
-2
-2
-1
-2
-5
-2
0
0
-1
2
3
1
-1
-1
2
0
1
1
1
3
3
3
0
0
0
0
0
0
0
-3
-1
0
0
0
-1
-1
0
0
-1
-1
-1
1
0
2
3
0
0
0
0
0
0
0
1
4
1
-1
-2
0
0
0
-1
0
0
-1
0
0
0
0
0
0
1
0
0
1
0
0
2
1
0
0
-2
0
0
0
1
1
0
-1
0
0
-1
-1
0
0
1
1
-1
1
2
0
-1
0
0
-2
0
2
0
0
-1
-1
0
0
0
1
1
-1
0
-2
0
0
0
3
3
3
0
0
0
0
-1
-1
1
0
1
0
0
0
0
2
-2
0
0
-2
-1
-1
-2
-2
-2
0
0
-1
0
0
0
0
1
1
0
1
0
0
1
1
0
0
2
-1
-1
1
-1
0
-1
0
0
0
0
-2
0
0
-1
0
2
0
1
0
0
0
1
0
-2
0
-3
-1
1
0
1
0
-1
1
0
0
1
0
0
0
-1
-2
-2
2
2
1
2
2
3
4
0
-1
0
1
0
-3
-1
-1
-1
0
-1
0
0
0
-2
-1
-1
-2
0
2
1
1
0
0
0
2
0
-1
0
1
1
0
2
0
0
0
0
0
0
-1
-2
1
-1
-3
0
-1
0
0
0
0
0
1
0
0
0
0
1
0
0
1
0
-1
0
2
1
0
0
0
0
1
0
1
1
-2
0
1
0
0
-2
-1
-1
-1
-1
-4
-2
-1
-2
0
0
-1
1
2
2
3
0
-1
0
0
-1
0
2
-1
0
3
0
0
2
1
6
4
1
0
0
-1
-1
-3
-3
-3
-3
-4
-2
-3
-4
-3
0
3
4
0
2
5
0
1
4
4
2
0
0
1
1
0
-2
-2
-5
-1
1
0
0
1
1
0
-1
-1
-1
-3
0
0
1
0
0
0
-2
1
0
0
3
0
0
0
2
1
1
2
0
0
0
-2
0
-1
-3
1
-1
-2
0
0
0
1
0
0
1
0
0
-2
-3
-1
-1
1
3
1
2
0
2
1
0
0
-2
-1
0
0
0
0
1
0
-1
0
-4
0
3
0
-1
0
-2
0
1
0
0
2
3
0
-1
-2
0
2
-1
0
1
1
0
1
0
-5
0
0
-1
-1
0
2
0
-2
-2
2
-1
0
0
1
2
0
1
0
0
1
2
1
0
0
0
0
-2
0
0
0
2
0
-1
1
-1
0
2
0
0
-1
1
0
-2
1
0
3
0
0
0
-3
-1
0
-4
-1
0
0
0
2
1
-1
1
0
0
0
0
0
2
0
0
0
-1
3
1
0
-1
0
0
-1
0
-1
0
-2
0
1
1
0
-1
1
1
0
-2
0
1
-1
0
-1
-1
0
-1
2
1
1
0
-1
0
-1
0
1
1
1
0
0
0
0
2
0
0
-1
0
0
0
1
-1
-1
-1
0
1
2
-2
-5
-1
-2
0
-1
-1
0
0
0
0
1
0
0
-1
-1
0
1
3
4
-1
1
1
0
2
0
0
-3
1
-1
-1
0
0
0
-2
0
2
0
1
0
-1
-1
-1
0
0
0
0
4
1
-1
1
0
0
0
-4
-2
1
2
0
0
0
3
0
-2
0
-3
-2
3
0
1
2
0
0
0
-3
-1
0
0
-1
0
-1
-3
0
1
0
1
0
-2
0
1
0
0
1
0
2
3
0
0
0
1
5
0
0
-3
-1
2
0
0
-2
-1
0
0
-2
-2
-1
0
0
0
0
0
0
0
2
1
1
2
0
-1
-1
0
0
1
0
-1
0
1
0
-1
-2
-2
0
-2
0
0
0
1
0
2
1
0
0
1
0
0
0
1
2
0
0
-1
-4
-1
-1
-1
0
-1
0
0
0
-1
0
2
1
0
0
0
-1
-2
0
1
0
2
0
0
-1
-2
0
0
1
2
3
1
2
0
-2
0
-1
-3
0
0
-1
-2
2
0
0
0
-1
0
1
1
0
1
0
-1
0
-1
-1
1
-1
0
1
0
0
0
2
0
0
1
0
0
0
-1
0
0
-1
-2
-1
2
1
-1
1
2
0
0
-1
-1
0
0
0
-1
-2
-1
0
0
0
0
1
0
1
2
1
1
0
-1
0
0
0
0
1
0
-1
0
0
-3
-1
2
3
2
0
-1
-1
1
0
-1
-2
0
1
-1
0
-1
0
3
0
-1
-2
0
1
-1
-1
0
0
0
-1
0
0
-1
-1
2
0
-2
1
1
0
1
-1
0
0
0
3
-1
-4
0
2
0
1
0
-2
0
3
0
0
0
-2
0
1
0
0
0
-1
-4
0
4
0
0
-1
-2
-1
0
0
-1
0
0
0
0
0
0
1
2
1
-1
0
0
0
2
-1
-2
0
2
4
1
2
1
0
0
1
0
0
-1
-3
-1
0
-3
-1
0
-1
0
3
0
-1
0
0
0
-1
-1
0
0
-2
0
0
2
0
-2
1
3
2
2
0
0
1
-1
-2
-1
1
0
1
2
1
0
-1
-1
1
1
-1
0
0
0
-1
-2
0
1
1
0
0
-2
-2
-3
-3
0
1
0
-1
0
0
-2
0
0
0
0
0
3
1
1
0
0
0
0
0
0
-3
0
-1
-2
1
1
-1
0
0
0
1
0
0
0
-1
0
0
0
1
0
0
0
2
0
1
1
-1
0
-2
-2
0
-1
-1
-1
0
1
2
0
-1
1
0
-1
0
1
0
-1
1
0
3
0
0
1
-1
0
0
-1
-2
-1
-2
0
0
-2
0
0
0
1
-3
0
6
0
0
4
0
0
1
-2
0
1
-2
2
1
0
3
0
0
2
0
0
0
0
0
-2
0
2
0
-2
-3
-2
-2
0
0
0
1
0
-2
0
0
2
1
-1
2
0
-1
0
-1
0
0
1
3
1
0
0
-1
1
0
0
0
1
0
-1
0
0
0
0
-1
0
0
-2
1
0
2
3
1
-2
-1
0
-3
2
4
0
0
1
0
-2
0
0
-1
-1
-1
0
0
0
0
-1
0
-4
-2
0
0
0
0
0
1
2
1
3
2
0
1
2
1
-2
0
1
0
0
-2
-2
-3
-2
0
1
0
-2
-1
0
0
-2
0
0
0
0
0
0
0
1
3
4
0
0
2
2
0
-2
-1
0
0
0
0
-1
-2
-1
0
-2
0
0
0
0
0
0
0
0
0
1
1
4
2
0
-3
0
1
-1
0
1
0
-2
0
0
0
0
1
-1
0
0
-1
-2
1
0
-2
0
-1
0
0
3
2
0
-1
0
0
-2
1
2
1
0
-2
0
-1
0
2
1
1
-2
0
1
3
0
-3
0
-1
-1
0
-2
-1
2
0
0
-1
-3
0
1
2
2
3
0
0
3
4
0
0
-3
-2
-2
-2
0
-1
0
0
1
1
0
-1
0
-1
0
1
-1
0
0
0
2
2
0
-2
1
1
-1
-1
-1
-1
0
2
0
-1
-1
0
0
0
2
2
3
0
-1
-1
0
0
-1
0
0
-2
0
0
0
0
-2
-1
-3
-1
1
-1
0
-2
-3
1
2
3
1
0
3
1
0
-3
0
0
0
0
0
0
-1
0
0
0
1
0
3
0
2
-1
-1
1
1
-2
0
0
-3
-2
-2
-3
0
2
0
1
0
2
0
1
0
-1
-1
-1
-1
-2
-1
-2
0
1
2
1
0
4
3
0
1
0
0
0
-1
1
0
0
0
-1
0
1
0
-2
0
0
0
0
-1
-1
-2
-1
0
-2
0
0
-2
-1
0
0
-1
0
0
0
-1
0
0
0
0
0
0
1
3
1
1
0
-1
0
0
0
2
1
0
0
0
0
-2
-1
-1
0
1
-3
-3
-2
1
0
-1
1
0
1
0
1
3
0
0
1
0
-1
0
0
-2
1
2
1
0
0
0
0
2
-1
1
3
-1
-2
-2
-1
0
2
0
0
-1
-2
0
0
3
3
0
-1
0
0
0
0
-1
0
0
0
-2
-1
0
0
0
1
2
-1
-1
-2
1
2
0
0
-1
0
2
0
0
0
1
1
2
0
-2
-1
-2
0
5
3
1
0
-2
-1
0
-2
-3
0
-1
0
0
-1
0
2
1
0
0
-1
-3
-1
0
2
3
-1
-3
-1
-1
-1
0
0
2
0
0
2
0
-1
0
0
0
3
0
1
1
0
2
0
-2
-1
-1
-2
0
0
0
-2
-2
0
0
1
1
0
0
0
2
1
-1
-2
0
0
-1
1
0
0
-1
0
1
-1
0
0
-2
1
1
0
0
2
2
1
-1
0
0
1
0
0
1
0
0
0
-1
-3
0
1
0
1
1
0
0
-5
-2
0
-1
0
0
1
3
1
0
0
-1
0
-1
0
1
0
-1
-1
-3
-2
0
0
1
3
5
0
-2
0
-2
-1
3
1
1
1
-1
0
2
1
0
-1
-1
0
-3
0
2
2
0
-2
0
1
0
1
0
-1
-2
0
1
1
1
3
0
-5
-5
1
2
0
0
1
0
0
0
-2
-1
0
0
-2
-1
1
2
0
-1
0
-1
0
0
2
0
-2
0
0
0
0
1
0
2
0
-1
2
0
1
0
-1
0
0
1
1
0
0
1
0
0
-1
0
-1
-2
0
0
-1
-2
-1
-1
1
1
0
0
0
0
0
1
0
-1
-3
-1
-1
0
1
1
2
2
3
0
-1
0
0
1
0
2
1
0
-1
0
1
0
-1
1
1
0
0
0
1
-1
0
1
1
0
-1
-1
-1
-1
-1
0
-1
-2
-4
-2
0
0
0
-1
0
0
0
-2
0
1
2
2
2
0
1
3
0
0
2
0
0
-2
0
2
0
-1
0
-1
-2
-1
-2
0
1
1
0
1
1
0
0
0
0
2
2
0
0
0
0
1
-1
-2
3
1
0
-1
-2
0
-1
0
2
-2
-1
0
-1
0
0
0
0
-2
0
0
0
1
2
2
-2
0
0
-1
0
0
0
-1
-1
0
1
1
0
0
0
0
1
1
1
1
0
1
0
-1
0
0
0
0
0
0
0
0
0
0
0
-2
-2
0
0
0
0
0
0
1
-1
-2
1
0
-1
-1
0
0
-2
0
1
0
1
0
-1
0
-1
-1
0
-1
0
0
1
1
0
0
1
0
1
1
1
1
0
1
0
0
0
1
2
0
0
0
-2
0
1
-1
-2
-2
1
0
-2
0
0
-2
0
0
0
0
-1
0
2
0
0
0
2
0
0
0
-2
-1
0
-1
-1
0
1
1
0
0
3
1
0
-1
0
2
1
0
0
0
0
0
0
0
0
0
-1
0
0
3
1
-2
-1
0
0
0
-1
1
0
0
0
0
0
1
0
0
0
-2
0
0
-1
0
0
0
-1
0
1
0
0
-1
0
2
0
-1
1
0
-2
0
0
0
0
0
0
0
-1
0
-2
0
1
-1
0
0
0
0
0
0
0
3
2
0
1
2
2
0
0
0
0
0
-2
0
0
-1
0
1
0
0
-1
0
0
-1
-1
-1
-2
-2
-1
0
3
3
0
0
2
0
1
1
1
2
1
0
-3
0
-2
-2
0
0
1
-2
-3
-4
-1
0
0
1
-3
-1
1
2
4
2
-1
1
3
4
2
1
0
-1
0
0
-1
2
0
-1
0
0
0
-1
0
-1
-1
-3
-2
-2
0
0
-2
0
0
2
2
-1
0
3
1
1
0
0
-1
1
0
-1
0
1
3
0
-3
-1
-1
-1
-1
-1
0
-1
0
0
0
0
0
4
2
3
-1
-1
0
2
0
-1
0
-2
-3
-3
-4
-2
-1
-1
0
1
1
2
4
2
1
2
2
1
1
0
0
0
0
1
1
1
-2
0
0
-1
0
0
-1
-1
-1
-2
-4
-2
-3
-2
-3
-1
0
0
0
-1
0
3
2
1
1
0
-3
-1
1
2
5
5
2
0
0
2
2
0
2
2
-3
-4
0
0
-3
1
-2
-1
-3
-10
-3
1
4
0
-4
-2
-6
0
9
14
9
-4
-11
-10
-2
7
18
20
-6
-36
-26
-2
20
28
15
1
-4
-8
-13
-1
4
5
-2
-9
1
10
11
9
3
-1
-1
-4
-8
-9
-2
-3
-10
-10
-5
5
9
4
9
4
-3
-4
-9
-12
-11
-4
1
6
12
12
15
8
-3
-3
-7
-8
-4
-3
0
1
8
11
13
12
7
0
-6
-12
-8
0
2
3
3
4
5
7
5
0
-9
-19
-13
-5
-7
-2
0
0
0
-4
-4
0
1
2
-1
-3
-1
-1
0
3
4
1
2
3
0
0
7
4
5
4
3
3
0
0
0
-4
-6
-3
0
1
4
2
1
0
0
0
-1
-4
-7
-8
-7
-3
3
0
1
2
1
1
0
-1
-1
-3
-6
-3
1
6
8
9
8
2
1
0
0
1
-4
-10
-9
-4
1
12
17
5
4
3
-2
-2
-9
-18
-22
-17
-9
0
10
14
15
15
8
1
-8
-10
-12
-11
-6
1
8
12
16
13
6
0
-7
-2
-1
-4
-3
-6
-4
-3
-2
4
7
6
3
2
0
-4
-6
-2
-1
-5
-4
-1
0
2
3
3
0
-3
-5
-3
-4
-5
-4
5
6
2
3
5
3
0
2
2
0
-2
-1
0
0
0
-1
0
1
2
2
-3
-2
0
1
2
1
1
-3
-3
0
1
2
3
4
1
1
1
2
0
-3
-4
-1
-4
-8
-1
0
0
2
0
3
1
2
2
0
0
-2
-4
-4
-3
3
4
2
4
0
0
0
-1
0
-1
-2
0
0
4
3
3
3
2
1
-2
-1
-1
-6
-3
0
0
0
0
3
2
-1
1
2
0
-2
-2
-1
-2
-1
-1
-1
-1
0
0
-1
0
2
0
1
3
0
0
-1
0
0
0
0
0
-1
0
1
0
2
2
0
0
0
0
-2
-2
1
1
0
2
5
4
1
0
0
-1
0
-1
0
1
-2
0
0
0
-1
-4
0
-1
-3
1
-1
0
-1
-1
2
0
-1
2
1
0
-1
0
0
0
2
1
1
2
-2
-1
0
1
1
0
1
0
-1
0
1
0
0
-1
-2
0
1
0
0
3
-1
-3
0
0
-1
0
0
0
-2
0
-1
0
0
0
2
0
0
0
-1
0
0
1
1
0
1
1
1
1
0
1
0
0
0
0
0
-1
-1
0
-2
-1
-3
-5
0
-1
-4
0
0
1
0
-3
2
3
3
2
0
1
0
0
2
1
2
0
0
0
-2
0
0
1
2
-1
0
0
-2
0
0
0
0
-2
-2
2
0
1
-1
-4
0
-3
-2
2
0
0
0
0
1
0
2
2
-1
-2
1
1
0
0
0
1
3
1
0
-1
0
0
0
0
0
0
0
0
0
2
0
-3
-1
0
0
1
0
0
0
0
0
-1
-1
-1
-2
0
3
0
-2
1
0
0
-1
-3
1
0
0
3
0
0
2
0
1
1
-1
-3
0
1
0
-3
0
2
1
0
3
-1
-4
0
0
-4
-1
0
0
4
1
-2
0
-3
-2
-2
0
0
0
4
2
-3
-1
-1
-1
-1
0
1
0
3
3
0
0
1
2
1
0
0
0
0
0
-1
0
-2
-3
-2
0
-1
-2
0
-2
-1
0
2
1
-2
1
3
2
0
1
1
0
4
1
0
0
0
0
-1
-1
-1
0
0
-2
0
-1
-2
-1
1
1
-1
0
0
-2
0
2
0
-1
0
-1
0
3
2
0
0
1
-2
0
0
-2
0
0
0
2
0
-2
-1
0
2
0
2
1
-2
1
0
0
1
0
0
0
1
0
0
0
-2
0
-1
0
0
-3
0
-2
-1
0
-2
0
1
1
0
-1
1
-1
-1
0
2
3
0
1
1
0
1
1
0
0
-1
-2
4
0
-2
1
0
-1
0
0
-2
-2
0
0
1
0
-1
0
0
0
0
0
-2
-1
-2
0
2
0
0
0
-1
0
-2
0
3
0
1
0
0
0
2
0
0
2
0
0
-1
0
1
1
1
0
-1
0
1
-1
0
0
-1
-2
-2
0
1
-1
-2
1
2
-1
0
1
0
0
-2
-1
1
0
2
-1
-1
3
0
-1
-1
1
0
0
-3
0
1
1
0
2
0
0
2
0
0
-1
0
1
-2
0
1
1
1
0
0
-2
-1
0
-1
-3
-2
0
0
0
-1
0
0
-1
0
-1
1
2
0
0
0
1
0
1
0
0
0
0
0
0
0
-1
3
0
0
0
-2
0
2
-1
-1
0
-1
-1
1
0
2
0
0
0
0
3
1
0
-1
0
0
-1
0
-2
-1
1
-1
-1
0
0
2
0
-1
1
3
1
0
-1
0
0
-1
-1
1
1
1
3
-1
-1
0
-4
-3
0
2
0
0
0
-2
0
0
-1
-1
-1
0
2
0
0
1
1
1
0
0
0
1
0
0
0
0
0
0
0
0
0
-1
-2
1
2
0
2
0
-2
0
-1
0
2
0
0
1
-2
-2
0
-1
0
0
-1
1
1
-1
-1
1
0
0
1
1
0
2
0
0
1
0
1
0
0
-1
0
0
-2
0
0
-1
-1
-3
-2
0
1
1
1
0
0
0
1
2
0
1
1
1
0
-1
3
0
0
0
-3
-1
-1
-3
-1
-1
-1
0
-1
-2
0
1
0
3
2
1
-1
0
3
1
3
2
0
0
0
0
0
0
-2
0
0
0
0
-2
0
0
-2
-2
0
0
0
1
0
0
-1
2
1
0
1
0
1
2
0
0
0
-1
-2
-1
-2
-2
0
2
0
0
0
0
-1
-1
-1
0
1
0
-1
0
1
1
0
1
0
0
0
0
0
0
0
0
0
0
-1
0
-2
-1
1
-2
0
0
1
5
1
-1
-1
0
0
-1
0
0
-1
1
0
0
-1
0
0
1
3
-1
0
1
-1
-1
1
2
-2
-3
1
0
0
0
-1
-3
-1
0
0
0
0
0
0
2
0
0
0
0
-1
2
1
0
-1
0
0
2
3
0
0
0
0
2
0
0
1
0
0
0
0
0
-1
-2
-3
0
0
-1
0
0
2
1
-2
-1
-2
-2
1
0
0
2
0
0
0
0
0
0
0
0
2
2
1
0
0
0
0
-1
-2
-1
0
1
0
1
0
-2
-2
-2
-3
-1
1
0
0
0
0
1
0
-3
-1
-2
0
4
2
0
0
0
0
1
0
1
0
3
1
-1
1
1
1
0
0
2
0
1
1
-3
-1
0
0
-1
-2
0
0
-1
0
-2
-2
-2
0
0
-2
-3
-2
2
3
0
0
1
-1
1
2
0
1
1
1
2
0
-2
-2
-2
1
0
-2
-2
0
0
-1
0
-1
0
1
1
2
0
1
0
0
0
0
0
1
1
1
0
0
0
-1
2
0
-2
-2
-2
0
0
-2
-2
-1
1
0
1
0
1
0
0
1
0
0
0
0
1
0
0
2
0
0
2
0
0
0
0
0
0
0
0
0
0
-2
-5
-1
1
1
-2
-3
0
0
0
0
0
0
0
-2
1
1
0
1
1
3
2
2
0
0
0
2
2
-1
0
-1
0
0
0
0
-2
-2
0
-2
-4
-1
-5
-1
1
-1
-1
1
0
-1
0
0
0
0
1
1
0
3
2
-1
0
0
0
3
3
1
4
4
4
2
0
1
4
3
3
1
0
2
0
-2
-3
-3
0
-3
-6
-7
-6
-7
-8
-5
-6
-7
-5
-4
-6
-7
-6
-4
-4
-3
0
0
0
3
3
3
5
4
5
6
6
6
8
7
7
10
5
4
7
6
6
8
6
4
0
3
6
1
-1
-4
-7
-9
-9
-5
-2
-5
-7
-9
-11
-7
-6
-6
-6
-7
-6
-3
-3
-3
-3
-4
-1
0
7
6
6
3
-2
3
7
5
4
5
8
4
2
4
5
2
1
1
1
0
0
1
0
-3
-4
-5
-4
-5
-3
-3
-3
-3
-3
0
-2
-3
-4
-2
0
0
0
2
2
0
-1
1
4
3
1
2
6
2
0
0
1
0
1
1
1
1
-1
0
1
0
-2
-1
-2
-4
0
1
-1
-5
-3
2
0
0
0
0
0
-1
-1
-1
1
1
0
-1
0
1
0
1
3
2
2
-1
0
2
-1
1
1
0
-1
1
1
1
3
0
-3
-1
1
1
-1
0
-1
-1
0
-2
0
-1
1
0
0
-1
0
1
-1
0
-1
-1
0
0
1
-2
-2
-1
0
0
1
0
-1
0
3
1
-1
0
0
-1
1
1
1
3
0
0
1
2
2
1
0
2
0
-2
-1
-3
-1
2
-2
-4
1
0
-1
1
0
-1
-1
0
-4
-1
0
-1
0
1
1
0
2
-3
0
2
1
3
1
0
1
1
0
1
3
4
3
3
4
0
-1
0
0
0
-1
-4
-2
0
0
-1
0
-3
-4
-4
-3
-7
-4
-6
-7
-2
-6
-4
-3
-3
-1
1
-1
0
1
0
1
1
3
1
0
2
4
7
5
13
4
8
2
5
0
3
0
3
2
4
5
2
10
-10
0
-22
-2
-18
7
-1
8
16
-11
9
-43
-3
-56
16
2
50
39
-10
-8
-92
-1
-47
84
8
80
-41
-14
-51
-5
31
18
48
-20
8
-35
20
-19
35
-21
9
-19
22
-8
26
-19
0
-27
1
14
8
16
-18
0
-26
12
-12
17
-4
8
-8
-3
-15
-5
-6
22
11
0
-10
-19
-4
-5
29
4
19
-20
-6
-7
3
22
0
18
-15
-1
-9
7
7
-2
10
-6
9
-7
0
-3
-4
8
-6
5
-11
-5
-8
5
9
0
-3
-17
-8
-3
8
16
6
3
-10
-3
-1
3
4
8
0
-5
-5
-3
4
14
7
-6
-11
-13
-4
6
12
10
0
-5
-9
-2
0
-3
-5
1
0
6
3
0
-6
-9
-1
9
9
0
0
-7
1
7
9
4
0
-3
-6
-1
2
-3
2
8
9
5
-1
-7
-14
-7
-5
4
8
6
4
2
-4
-9
-5
-3
2
5
3
3
-1
-4
-7
-3
0
0
2
2
0
-4
-3
-5
-2
-1
8
7
13
8
2
-2
-8
-10
-5
6
12
15
9
1
-7
-6
-6
-4
0
2
2
-1
0
-1
-1
-2
-5
-2
-6
-6
-7
3
8
6
5
0
-4
-12
-10
-3
3
6
8
6
1
1
-2
-1
1
0
-1
-1
0
1
4
3
4
6
1
-2
-3
-5
-4
1
6
9
5
-1
-5
-7
-6
-3
0
2
3
2
0
-1
-6
-7
-2
4
7
4
-1
-3
-6
0
2
0
0
-2
0
4
3
0
-3
-3
-1
0
-4
0
2
6
4
0
-2
-5
-6
-2
2
3
6
2
1
1
0
-3
-4
-2
0
2
2
0
2
1
0
-2
-1
0
0
-1
1
0
0
0
0
-1
0
3
0
0
-1
-1
-2
-2
0
2
1
1
0
0
0
0
0
-2
-2
0
2
1
-2
0
3
0
0
-1
-1
1
0
0
1
1
1
1
0
-1
-2
0
0
1
1
2
0
-2
0
0
0
-1
0
0
0
-1
0
0
-2
0
0
-2
0
1
0
0
0
-2
-1
0
0
0
1
0
0
0
0
1
0
0
0
1
0
0
1
0
-1
1
0
-3
-1
-1
-2
2
0
0
3
0
0
1
1
0
-2
-3
0
1
1
1
1
3
0
0
0
-2
-1
-1
1
0
-2
1
0
-1
0
0
-2
-2
-1
0
1
0
-1
1
2
0
1
-3
-5
-2
0
4
3
3
2
0
0
0
0
-1
-1
0
0
3
4
0
-1
0
0
0
-1
0
1
-3
-2
1
0
1
0
0
0
0
-1
-2
-1
-1
-2
0
1
1
0
-4
-3
0
-2
0
4
2
0
1
3
2
0
0
-1
-1
-1
0
0
-1
-2
0
0
-1
-2
-2
0
0
-1
3
3
0
2
2
0
0
0
1
-2
-1
0
1
1
0
1
0
0
1
2
1
0
2
2
0
0
-2
-1
-1
-2
0
2
-1
0
2
-2
-4
-3
1
0
-1
2
0
-3
-3
2
1
0
1
0
1
0
0
0
-3
0
3
2
0
0
0
-2
0
2
0
-2
-3
0
0
-2
1
1
2
1
0
-1
0
1
0
3
0
0
0
-1
0
-1
-1
1
1
1
-1
-1
0
0
0
-3
0
-2
-2
-2
0
0
-1
0
-1
0
2
3
3
0
0
2
0
0
0
-2
2
2
-1
0
0
-2
0
0
-2
-2
0
2
1
3
1
-1
-1
0
-3
-5
-3
0
2
2
0
0
0
-1
0
0
1
2
0
2
3
0
2
0
-4
0
0
0
0
-1
2
-1
-3
0
-3
-1
1
0
0
0
-2
2
2
0
1
-1
0
0
1
0
0
0
0
1
1
0
0
0
0
0
-1
0
-1
0
0
-3
0
0
-1
1
0
0
0
2
0
-2
0
-1
-1
-1
0
0
-2
1
0
2
1
-2
1
0
1
1
1
1
-3
-1
0
0
-1
0
1
0
0
1
2
1
-1
0
1
0
0
0
0
-2
0
0
0
0
-2
-1
0
0
0
0
0
0
-1
-1
0
0
0
-3
-1
0
0
4
1
0
0
-2
-1
0
0
1
0
0
0
0
1
2
2
0
0
0
0
0
1
2
0
0
0
0
-2
-3
0
-2
-2
1
1
0
-2
-1
0
-3
2
1
3
3
-3
-1
-1
1
0
0
1
1
2
-2
0
1
0
0
0
0
-2
0
0
2
3
0
0
-2
-1
0
3
2
-1
-5
-1
-2
0
3
2
1
-3
-4
1
0
0
0
-2
-1
0
0
-1
0
1
0
4
1
0
0
1
0
-2
2
2
0
0
0
0
1
0
-1
0
2
3
0
0
0
-2
-1
0
-1
-1
-3
-4
0
0
1
0
0
0
-1
0
-1
0
1
0
-1
0
2
0
0
1
0
0
0
0
1
1
0
0
0
0
0
0
1
1
0
-1
1
0
-2
0
0
0
0
-2
-2
0
1
-1
0
-1
-1
0
0
0
0
0
0
0
2
0
-1
-2
0
1
2
3
-1
-1
0
0
2
4
1
1
0
-5
-4
0
6
6
2
-6
-13
-6
-2
7
9
3
-1
-8
-7
-9
4
9
7
1
-10
-10
-3
10
20
15
1
-18
-12
0
16
19
-2
-14
-29
-16
19
30
32
-6
-50
-61
-53
63
118
121
47
-104
-141
-139
-2
108
98
46
-110
-110
-44
69
173
88
28
-113
-115
-37
1
79
-2
-12
-38
-29
67
41
82
13
-41
-32
-62
24
16
45
25
-33
-23
-51
-4
7
-2
-14
-54
-42
-22
19
58
70
50
22
-10
-25
-8
-11
22
0
-14
-28
-58
0
8
63
60
24
6
-49
-27
-22
3
20
-3
-1
-24
-10
0
8
13
-12
-10
-16
13
33
30
13
-36
-49
-40
-8
26
32
22
0
-11
-6
11
18
22
13
0
-7
-11
0
6
3
-2
-14
-16
-15
-8
9
10
12
0
-17
-15
-10
17
30
10
-4
-26
-11
15
21
19
-15
-33
-28
-9
12
11
5
0
-1
0
1
4
4
8
10
9
4
-2
-6
-7
-6
0
7
6
5
2
0
0
-3
-1
0
0
2
-3
-7
-11
-10
-1
3
2
-4
-5
1
5
7
4
2
-1
-2
0
-2
-2
1
0
1
-3
-7
-2
0
6
6
2
-2
-4
0
5
4
0
0
-1
0
0
4
2
0
-1
-1
1
0
-5
-4
-3
3
3
0
0
-3
-2
-1
1
3
0
0
2
0
-2
0
1
3
3
2
0
0
-1
-1
0
1
-1
-2
0
0
-1
-2
0
0
-2
0
2
0
0
0
0
0
0
0
-1
2
2
0
-2
-1
-1
0
4
0
-1
0
-1
-2
0
0
0
2
2
0
0
0
-1
-2
-1
1
1
3
1
0
0
0
-2
0
2
0
-1
0
0
0
-1
-2
-1
0
0
1
0
2
2
-2
-2
-2
-1
0
1
1
0
1
0
0
-1
0
-1
0
0
0
0
0
0
-1
0
1
0
0
3
2
1
2
1
0
0
0
-1
-2
0
0
-1
0
1
-2
0
0
-1
0
-1
0
-3
0
1
-3
0
0
-2
-1
1
0
0
0
1
0
-1
1
0
0
1
1
0
1
0
1
2
1
0
1
2
2
0
0
1
-1
1
0
-3
1
0
0
0
-1
-1
0
0
0
-1
-1
0
-2
-4
0
0
0
0
-1
0
2
-1
0
1
0
1
0
-3
1
0
2
0
-3
-1
-1
0
0
2
1
-4
-6
-1
12
13
3
-2
-8
-5
-1
2
4
-3
-4
-2
2
4
4
5
-3
-3
2
4
2
-2
-7
-6
0
0
1
2
-4
0
-1
0
2
0
0
-5
-1
0
0
8
0
-1
3
-1
3
0
-5
2
1
-2
2
3
-3
0
0
0
6
-5
-2
5
0
0
-1
0
3
2
-1
0
3
0
-3
-2
-1
2
0
-4
-1
0
4
4
0
-2
0
-1
0
0
0
0
0
-1
0
0
-3
0
0
-3
-1
0
0
1
-1
0
1
0
0
0
4
0
0
0
0
1
5
1
0
1
-1
0
0
0
2
1
0
0
-1
1
0
-1
-3
-1
0
-2
-2
2
0
-1
0
2
2
0
1
-2
0
0
-3
-2
1
2
0
-1
-1
-1
-1
0
0
-1
-1
-1
-1
-1
0
1
0
0
-1
0
2
1
4
0
0
4
0
1
1
-1
2
1
0
2
0
-1
-1
-2
-3
-2
-1
-1
-1
0
-1
-1
1
0
0
2
1
0
0
-1
0
0
-2
0
0
0
3
1
0
0
0
0
-2
0
1
-1
2
0
0
5
1
1
3
-1
-1
1
-1
1
2
0
1
-2
-2
4
0
-4
-2
-2
0
1
-6
-2
2
0
0
-1
-1
-2
-3
-2
0
0
-3
0
0
-1
1
0
-1
0
-1
0
0
-2
0
1
0
2
2
1
2
1
4
3
2
2
0
2
0
0
0
-2
0
1
2
0
0
-3
-3
0
-1
-1
0
0
0
0
0
-1
0
2
0
0
0
0
0
-3
0
2
1
0
0
2
3
-2
0
1
-1
0
1
-1
-1
-2
0
0
-2
-2
2
-1
-2
0
0
-2
-1
0
-1
0
-3
-3
-1
0
1
0
4
1
0
0
0
0
3
2
0
2
0
1
2
-2
1
1
0
1
-2
-1
-1
-1
0
0
0
-1
-3
0
-2
-2
-1
-1
1
0
0
-1
0
0
0
3
2
0
0
0
2
1
1
2
-2
1
1
0
2
-4
-1
0
-1
0
1
0
0
1
-2
0
1
-4
0
1
-1
0
0
2
1
-2
-2
0
-1
0
2
0
-1
3
0
3
3
0
0
2
-2
-4
-3
-3
-1
0
-1
1
0
0
0
-2
-1
0
0
0
-1
2
1
0
1
1
1
2
4
1
1
4
1
0
0
-2
-2
1
-1
-3
0
-1
-2
0
-2
0
1
-1
0
1
0
1
-1
-1
0
0
1
1
3
1
1
-1
-1
0
0
-1
-2
2
0
0
0
0
0
-3
-1
-2
0
1
-3
-1
-1
-1
1
-1
2
3
0
2
2
1
0
0
0
1
2
-2
0
1
1
-3
-1
0
0
1
1
-2
-1
1
2
-3
-1
2
-1
-1
1
-1
-1
-2
0
0
-1
-1
0
2
0
0
-1
0
0
3
3
2
0
0
0
0
0
0
2
0
-2
-2
-1
-1
0
1
-2
0
0
-2
-1
0
0
0
2
0
0
-1
0
0
0
1
1
3
1
0
-1
-1
1
0
0
1
0
0
0
0
-1
0
3
3
0
-2
-1
-2
-1
0
0
1
2
1
1
0
0
-2
-2
0
-1
0
2
4
3
0
0
-1
-2
-1
-2
0
0
-1
0
2
1
1
1
-3
-2
0
0
2
0
-1
2
0
-1
0
-2
-2
-1
0
2
0
0
1
1
0
-1
-1
-2
0
0
0
0
1
-1
0
2
0
-1
1
1
1
0
-1
1
0
0
1
3
1
-1
-1
-3
-2
-2
1
2
1
-1
-2
-2
-1
0
-1
-2
0
1
0
1
3
1
2
-1
0
-1
-1
2
0
1
3
0
0
0
-1
-2
0
0
1
2
1
1
-1
-3
-2
-3
-2
0
0
1
2
1
-1
-1
-1
0
3
3
-2
-2
1
0
0
0
0
0
-2
0
0
1
2
0
0
0
0
0
0
0
2
1
0
0
2
0
0
1
0
0
-1
0
0
0
-1
-2
-2
0
0
-2
-1
0
0
1
-1
0
2
3
-1
-1
-2
-3
0
-2
0
2
0
0
0
0
1
0
0
0
0
0
1
0
2
1
0
1
1
1
0
2
0
1
1
-1
-2
0
0
0
0
-2
0
-1
-2
-3
-2
1
-1
-1
0
-2
0
0
0
0
0
1
0
0
0
0
0
1
3
1
0
-1
0
0
-1
1
3
0
0
-1
-3
0
0
1
1
5
4
2
3
-1
-3
-1
-1
-1
1
3
0
0
-1
-3
-2
-2
-5
-1
0
0
0
-2
2
-1
-2
-2
-3
0
0
0
0
1
1
5
2
-1
3
0
1
2
0
0
-2
2
1
-1
-1
-1
1
0
0
2
1
0
0
2
0
0
-1
0
1
-2
-2
-1
2
2
1
-3
0
-1
-5
0
1
-1
-2
0
0
-2
-2
-1
0
-2
-2
1
-1
-1
2
4
2
0
2
3
0
0
0
-2
0
1
0
0
0
0
0
0
4
2
1
0
0
-1
-1
0
1
2
2
0
-1
0
-2
0
-2
0
-1
-3
0
-1
0
-2
0
1
-1
1
0
-2
0
0
0
4
1
1
0
0
0
1
3
1
1
0
-1
0
-3
-1
0
0
0
0
-2
0
0
0
2
0
-1
0
-1
0
0
0
2
0
0
0
-1
0
1
2
3
1
-1
1
-2
-1
1
0
1
1
-1
0
0
-4
-2
0
-1
0
1
0
1
0
-1
-2
0
0
0
0
0
1
1
-1
0
0
0
1
-1
2
3
1
0
1
0
0
1
0
1
1
0
0
0
-2
-1
-1
-3
0
-1
0
0
-2
-2
0
0
0
-1
-3
0
1
0
1
1
0
0
3
1
0
0
-2
-1
0
0
0
0
0
-1
0
0
2
0
0
0
0
0
-2
-1
-1
-2
0
1
0
0
0
2
2
0
0
3
0
0
1
1
-1
-2
-1
0
0
0
0
-1
1
2
1
1
0
-2
0
0
0
2
0
0
0
-1
0
0
0
-3
0
1
0
0
-1
0
0
0
0
0
0
1
0
-2
0
0
0
-1
0
-3
2
2
0
0
0
0
1
0
1
0
0
1
1
0
0
0
0
1
2
1
0
0
0
-1
0
0
0
0
-2
-1
1
0
-1
-1
0
0
-1
-2
0
0
1
0
-2
0
0
0
1
0
-2
-2
0
0
3
3
-2
-1
1
2
3
1
0
-1
-1
0
2
2
0
-1
0
0
1
2
0
-2
-3
-1
0
-1
-1
-1
0
0
-2
0
0
0
0
0
1
0
0
0
1
1
0
3
1
-1
0
0
0
-1
-3
-1
0
-1
0
0
-1
1
0
3
0
-4
-1
0
0
0
2
1
1
0
2
3
0
2
2
0
-4
0
0
-1
0
0
0
-1
0
2
-1
-2
-1
-3
-2
-1
0
1
3
3
0
2
1
-1
-1
-1
-1
-2
-1
0
0
-1
0
2
0
0
0
0
0
0
0
2
0
0
2
1
0
0
1
0
0
-1
0
-2
-3
-1
0
-1
0
1
0
1
0
0
-1
0
-1
0
0
0
1
1
2
-1
-2
0
0
-1
0
0
0
0
0
-1
-1
0
0
1
0
0
1
1
0
0
0
-1
0
-1
-1
2
0
1
0
0
2
-3
-4
-1
0
0
-1
0
0
0
0
0
0
1
0
0
-1
1
1
0
1
1
0
0
0
0
0
0
-1
-1
-1
-2
-2
0
0
0
-1
0
2
-2
0
0
-1
0
-1
2
4
0
0
-1
0
0
-1
1
0
2
2
2
0
0
0
0
0
0
0
-2
-2
0
1
-2
-2
0
0
0
0
-2
-3
0
1
2
1
0
0
0
1
0
-2
-1
0
1
-1
-1
0
-1
0
1
0
0
0
0
0
0
0
1
0
1
0
0
1
1
-1
-1
0
1
2
0
-1
0
-1
-3
0
0
0
-1
-1
-1
1
3
0
0
0
-1
0
1
0
0
0
-1
0
0
0
0
0
0
-1
0
1
0
-2
-2
-2
0
2
0
0
2
1
1
0
0
2
1
0
0
-1
0
-1
0
1
0
0
0
-1
-2
-1
0
0
0
-1
0
-1
-1
-3
-2
-1
0
1
1
2
0
0
2
0
0
0
2
0
-1
1
0
-1
0
-1
-1
-1
-1
2
0
-1
3
4
1
1
0
0
0
0
0
0
-1
1
0
-1
0
-1
0
-1
-1
0
0
0
0
-2
-2
0
0
-2
0
1
0
0
0
0
1
0
1
2
0
0
0
-1
0
1
2
1
1
1
0
-1
-1
0
0
-1
0
1
-1
0
1
1
1
-1
-1
0
0
-3
-2
-1
1
0
-3
0
2
0
0
-1
-1
0
-1
1
1
1
2
2
0
0
1
0
0
1
2
0
0
1
-2
-3
-3
-2
-3
-1
0
0
1
0
1
0
0
2
2
0
-1
0
0
0
1
0
0
1
0
1
1
-2
0
0
0
0
-1
-2
-1
0
0
0
0
0
0
0
0
2
1
2
0
0
1
0
-1
0
0
-1
0
2
0
0
0
-1
-1
0
0
-2
0
0
-1
0
0
-1
0
-1
-1
1
0
2
0
-3
1
0
-1
0
0
0
-2
-2
0
0
-1
-2
1
3
4
3
3
3
1
-2
-1
0
1
0
-2
1
1
1
0
-1
0
0
-1
-2
0
0
-1
1
0
0
-2
-4
0
-1
-2
0
0
0
-1
0
2
-1
-4
-1
1
2
0
1
2
1
1
-1
0
1
5
3
0
2
1
1
0
0
0
-1
-1
0
0
-1
-2
-2
-3
0
0
0
0
-1
1
0
0
-2
0
3
1
1
0
-2
0
1
0
1
0
-2
0
-1
1
2
0
-1
0
1
3
0
-1
0
0
-1
0
0
1
0
1
-1
-2
-2
-2
0
0
0
0
-1
-1
0
0
0
-1
0
2
0
1
2
-2
0
1
1
0
1
2
0
-1
1
0
-1
1
2
0
0
-2
-2
0
0
0
0
-1
-1
-1
0
0
0
0
-1
0
0
2
0
1
1
-1
0
0
0
0
0
0
-1
-1
1
0
0
2
0
0
0
-1
0
0
1
0
0
0
0
0
0
0
1
0
-1
1
0
0
-1
0
1
-1
0
0
-3
0
-2
-3
0
-1
0
1
0
-1
0
0
1
1
1
3
1
1
1
1
2
1
-1
0
1
-1
0
0
0
2
-1
-3
-1
-2
0
0
0
0
0
-1
-1
-1
0
-1
-2
1
0
-1
0
1
0
2
2
0
0
1
0
-2
0
2
-1
0
0
-1
0
1
0
0
1
1
-1
1
1
0
0
0
1
0
0
-1
-3
0
1
-1
0
-1
-2
0
0
0
1
0
-2
0
1
0
1
0
0
1
1
1
0
0
0
1
2
0
-2
-1
0
0
2
0
0
0
0
0
0
0
-2
-2
-1
0
0
2
0
-3
0
0
2
0
0
2
0
-1
0
1
1
-1
-1
0
0
-1
0
0
0
-1
-1
0
1
1
1
2
0
-1
0
0
0
-2
-1
0
-2
0
0
0
0
0
0
0
0
0
2
1
0
-2
0
3
0
0
1
1
0
0
0
0
1
0
1
0
-2
0
0
0
-2
-1
0
0
-1
0
0
-1
0
1
-1
0
-1
0
0
-1
-1
0
0
1
1
1
0
0
0
0
0
2
0
0
2
0
-1
0
1
0
0
0
-1
1
0
0
1
0
0
1
-1
-2
-2
-2
-2
-2
-3
-1
-2
0
0
-1
0
1
2
0
1
3
1
1
0
0
0
0
-1
0
0
0
0
0
0
0
-1
-1
1
0
0
0
0
1
0
0
0
0
-1
-1
0
-1
-1
0
1
0
1
0
0
0
-2
-1
-1
0
0
0
0
0
-1
0
0
0
0
0
2
0
2
-1
-1
-1
-1
-1
-1
0
0
0
0
0
-1
-1
-1
-1
0
0
1
1
0
2
0
0
1
-1
0
0
1
0
-1
-1
0
0
0
0
0
0
1
-1
-1
0
0
1
0
-1
-1
0
0
-1
1
0
0
1
1
0
-2
-1
2
2
0
-2
0
0
-1
-3
-4
0
-1
-1
0
-2
-1
0
0
1
0
0
0
0
1
1
0
0
0
0
0
1
0
0
1
1
0
0
0
0
0
0
1
0
0
1
-2
0
0
0
0
1
0
-3
-1
0
0
-3
-2
0
0
0
0
0
2
0
0
0
-1
0
0
0
-1
0
0
-1
0
0
-1
0
0
0
2
0
1
1
0
-1
0
-1
0
2
0
0
-1
0
1
0
1
3
1
1
0
1
0
1
0
-1
0
0
0
0
-1
-1
-2
-2
-1
-2
-3
0
-1
-3
-1
0
0
-2
-1
0
1
3
4
1
0
2
1
1
0
0
3
1
0
0
0
-1
0
0
-1
-1
-1
0
-2
-2
-2
-1
0
-2
0
-1
-1
1
2
1
3
2
0
0
0
0
0
0
0
0
0
-1
1
0
0
0
-1
1
-2
-1
0
0
-1
1
0
0
1
0
0
3
0
-1
1
0
-2
0
-1
-1
0
0
2
0
0
0
1
1
0
1
1
0
0
0
-2
-2
0
0
0
0
0
0
1
0
-1
0
0
-1
-1
0
0
0
0
1
0
0
-1
-1
0
-1
-1
-1
0
0
0
2
1
0
0
1
0
0
0
1
0
0
1
1
0
1
0
0
0
1
0
-1
0
-3
-1
-1
0
0
0
0
-2
-3
0
1
0
0
0
-1
0
0
-1
0
1
1
1
0
1
0
-2
0
0
0
-1
0
0
-1
-1
0
1
1
2
0
0
0
0
0
-1
0
0
0
0
-1
0
1
-1
0
0
-1
1
1
-1
1
1
-1
-1
0
0
-1
0
0
-1
0
0
2
0
-2
0
0
0
0
0
1
0
0
1
3
0
1
0
-1
2
0
0
2
0
1
0
-1
1
0
-2
0
0
0
0
0
0
-1
-2
-1
-2
0
0
0
0
0
0
-1
0
0
0
0
0
1
0
0
0
-1
0
0
0
1
0
0
-2
-2
0
0
2
0
0
1
1
1
1
0
0
-1
-1
0
1
2
0
-1
1
0
1
-1
-3
0
1
0
-2
-1
-1
1
1
1
0
-1
0
0
2
-1
-3
3
1
0
0
0
-1
0
1
0
0
0
0
0
-1
-2
0
0
0
0
0
0
0
2
0
0
0
-1
0
1
0
-1
0
0
0
0
-1
1
2
0
1
1
-1
-3
0
0
-1
0
0
1
0
1
0
0
0
0
0
-1
-1
0
0
0
0
0
0
1
1
-1
0
0
-1
-1
0
1
0
0
1
0
0
-1
0
1
0
0
2
3
0
0
0
0
2
2
0
0
0
0
0
0
0
0
0
-1
-2
-1
0
0
-1
0
0
0
-1
-1
-1
-1
-2
-3
0
0
-1
1
0
1
3
1
0
-1
-1
0
1
1
1
0
1
4
0
-1
0
-2
0
0
1
0
0
1
0
-1
-1
-4
-2
0
0
0
2
1
0
1
0
0
0
0
1
0
0
0
0
0
-2
0
-1
-1
0
-2
0
0
0
0
-1
0
-2
1
2
-1
0
1
4
1
0
1
2
1
0
0
2
0
-1
0
-1
0
-1
0
-1
-2
0
-1
0
-3
-3
-1
-1
-1
0
-1
1
0
-1
0
0
0
0
0
1
1
0
2
0
1
0
0
0
0
1
0
0
1
1
0
-1
-1
0
0
-1
0
2
-1
0
0
0
1
0
-2
0
0
0
0
0
1
0
0
-1
0
0
-1
-1
0
0
-1
2
1
-1
0
0
1
0
0
0
0
2
1
0
1
1
0
0
-1
0
1
0
1
1
0
0
0
-1
-1
0
-1
-1
0
0
0
-1
0
0
0
1
0
0
1
-1
-2
-1
0
1
0
-1
2
2
0
0
0
-1
0
0
2
1
0
0
0
0
-1
-2
0
0
0
1
0
0
1
0
0
0
0
0
0
1
-1
0
3
0
1
1
0
2
0
1
0
0
1
-1
0
0
1
1
-1
0
-1
-1
0
-1
-1
0
-1
-1
0
-1
-1
0
0
-2
-1
-1
0
1
0
1
0
0
0
0
0
0
0
0
0
0
0
0
0
3
1
0
1
0
1
0
0
0
1
1
2
1
-1
-1
0
0
-1
0
0
-1
0
-1
-1
-2
-2
-2
-2
-1
0
0
0
-1
0
0
1
2
0
0
0
0
2
2
1
0
2
2
1
0
0
0
-1
1
0
0
1
0
-1
-1
0
0
0
-3
-4
-2
0
-1
-2
-1
0
-2
0
0
0
1
1
1
0
-1
0
2
1
0
0
0
1
2
0
0
0
0
1
3
3
0
0
-2
0
0
-1
0
-1
-3
0
-1
-1
-2
-1
2
1
-1
-1
-1
1
0
1
0
0
1
0
0
0
0
1
0
0
1
1
0
-1
-1
-2
0
2
-2
0
1
0
0
0
0
0
0
1
0
1
1
0
1
1
0
-1
0
0
-1
0
0
-1
0
0
0
-1
-1
1
-1
-1
0
-1
1
2
0
-1
0
0
0
0
-1
0
1
0
0
0
0
0
0
0
1
0
0
-2
0
-1
0
0
-1
2
-1
-1
1
-1
-1
1
0
0
0
0
0
0
0
0
0
0
0
0
1
1
0
0
0
0
0
0
0
-1
0
0
-1
-1
0
0
0
0
0
0
0
0
0
1
0
-1
0
0
0
0
0
0
1
1
1
-1
-2
0
1
0
1
1
0
0
1
0
-1
-2
0
2
1
0
-3
0
0
2
2
-1
-2
0
0
-2
0
0
0
0
-1
-2
0
0
2
2
1
0
-1
0
-2
0
0
0
1
-2
-3
-1
0
1
2
3
2
0
1
1
-1
-1
0
0
-1
-2
-1
0
3
3
0
-1
-1
0
0
0
0
0
1
0
0
-1
-4
-2
1
0
0
0
1
-1
0
1
0
0
-1
0
2
1
1
-1
-1
-2
0
0
1
5
5
1
0
0
2
0
0
0
2
2
0
-1
-2
-3
-1
-1
-1
-6
-8
-3
0
-4
-4
-3
-2
0
1
0
0
0
3
2
2
4
4
5
5
3
2
5
5
4
4
1
2
4
3
0
-4
-2
-1
-1
-1
-2
-3
-3
0
2
0
-3
-3
-3
-2
-3
-2
-1
0
0
-1
0
0
-3
-3
-1
0
-2
0
1
1
3
2
2
2
2
1
0
0
0
2
0
1
1
2
2
2
0
0
1
0
-2
-2
-2
-3
-3
-2
1
0
-2
-1
-2
0
0
0
-2
-1
1
0
0
1
-1
0
2
1
0
0
2
1
0
-1
1
0
0
0
0
2
3
0
0
0
0
1
0
-1
0
0
1
-1
-2
-1
1
0
-1
0
0
-1
-1
-1
0
-1
-1
1
1
0
2
0
0
0
0
0
-2
0
0
1
1
3
0
-2
1
4
2
1
0
0
0
-1
-2
-2
0
0
1
0
-1
0
-2
0
0
1
1
-1
-1
-1
0
0
-1
-1
0
1
2
2
0
1
0
2
2
0
0
0
0
2
-2
-5
-1
0
0
-1
-1
-2
0
-1
-2
-1
0
2
3
2
1
0
0
0
0
0
0
0
0
0
0
0
0
-1
-2
0
0
-1
0
1
0
0
0
-2
0
2
0
0
0
0
-1
2
4
0
0
1
-1
0
2
-1
-1
0
0
-1
-3
-2
0
0
1
1
0
0
0
0
1
1
0
-4
-1
0
1
2
0
0
2
2
2
-1
0
1
-1
-3
-3
-3
0
2
-1
-4
0
3
2
1
0
-2
1
1
2
-3
-1
3
2
-2
-3
0
1
0
0
0
0
2
1
2
1
1
2
0
0
-2
-1
0
0
0
0
-2
-3
1
0
-3
0
0
-1
-1
-4
-3
-3
0
0
-1
0
1
0
1
1
1
2
3
0
-1
-1
0
2
1
1
0
0
1
0
0
0
-1
2
1
0
0
0
0
1
-1
-2
0
-1
-1
0
-2
-1
0
0
-1
-2
0
0
-1
0
1
2
0
0
2
0
2
1
0
0
-1
0
-1
-2
-2
0
-2
-1
0
1
0
0
0
0
0
-1
0
1
3
2
0
0
0
-2
-1
0
-1
0
0
0
1
0
-1
1
0
-2
0
1
1
-1
0
0
0
-1
-2
0
0
0
0
0
1
0
0
0
1
0
-1
0
0
0
-2
-2
0
-2
0
1
2
4
3
1
3
3
-1
0
1
-2
-5
-1
0
0
-2
-2
0
1
0
0
0
1
-1
-1
0
-1
-5
0
0
-2
0
1
4
2
-1
-1
1
1
2
0
-1
2
0
-2
-2
0
-3
-2
0
0
0
2
3
1
0
0
2
0
0
-1
-1
0
1
1
0
-1
-1
0
-3
0
3
0
2
0
-1
0
0
0
-1
-2
-3
0
4
0
0
1
2
0
0
0
0
-5
-4
-1
-1
2
2
0
-2
0
2
2
0
0
0
-1
0
2
4
3
3
0
0
0
0
0
-5
-2
1
2
-1
-2
-2
-1
0
1
1
0
-3
-1
0
-3
-1
0
-1
0
-2
0
1
2
0
0
3
4
2
2
0
0
0
1
0
-2
-5
0
4
0
0
-3
0
3
1
-2
-3
-2
-2
-1
-1
-3
0
3
4
6
4
0
0
0
1
-1
0
0
-1
0
-2
-1
1
2
2
-1
2
2
1
3
-2
-2
-1
-1
2
-2
-4
-3
-3
0
3
0
-2
-2
-3
-1
0
-2
1
0
0
0
-1
2
2
0
0
0
1
3
5
3
0
3
4
1
0
-1
0
0
-2
-3
-3
-2
1
0
1
0
-1
0
0
0
0
-2
-2
0
-1
-1
-1
0
0
0
-1
0
4
1
1
1
2
6
3
-1
-1
-2
0
0
-3
-3
0
0
0
0
0
0
1
-2
-2
0
4
0
-1
0
-3
2
0
-2
-1
-1
2
0
3
2
0
1
0
2
1
-1
1
0
-1
1
1
2
0
-3
-3
0
-1
-1
0
-1
1
1
0
0
0
0
-1
-3
0
0
0
0
0
4
3
2
0
-3
-2
0
-1
0
1
0
-1
-1
-1
0
3
0
-2
-3
-2
2
3
0
0
-1
2
2
0
2
0
0
-2
-1
0
-2
-2
-1
1
0
0
-2
-2
-1
-1
3
3
3
2
0
0
0
0
0
0
1
0
1
0
-1
-3
-2
-1
-1
0
0
-1
-1
0
2
0
2
2
2
0
-1
0
0
1
0
-2
-3
-2
0
2
-1
-2
0
0
0
-2
0
0
-1
0
-1
0
0
2
1
1
0
-2
1
2
2
3
0
0
1
0
2
1
0
0
0
0
-2
0
-1
-3
0
