0
0
0
0
0
0
0
0
0
0
0
0
0
0
0
0
0
0
0
0
0
0
0
0
0
0
0
0
0
0
0
0
0
0
0
0
0
0
0
0
0
0
0
0
0
0
0
0
0
0
0
0
0
0
0
0
0
0
0
0
0
0
0
0
0
0
0
0
0
0
0
0
0
0
0
0
0
0
0
0
0
0
0
0
0
0
0
0
0
0
0
0
0
0
0
0
0
0
0
0
0
0
0
0
0
0
0
0
0
0
0
0
0
0
0
0
0
0
0
0
0
0
0
0
0
0
0
0
0
0
0
0
0
0
0
0
0
0
0
0
0
0
0
0
0
0
0
0
0
0
0
0
0
0
0
0
0
0
0
0
0
0
0
0
0
0
0
0
0
0
0
0
0
0
0
0
0
0
0
0
0
0
0
0
0
0
0
0
0
0
0
0
0
0
0
0
0
0
0
0
0
0
0
0
0
0
0
0
0
0
0
0
0
0
0
0
0
0
0
0
0
0
0
0
0
0
0
0
0
0
0
0
0
0
0
0
0
0
0
0
0
0
0
0
0
0
0
0
0
0
0
0
0
0
0
0
0
0
0
0
0
0
0
0
0
0
0
0
0
0
0
0
0
0
0
0
0
0
0
0
0
0
0
0
0
0
0
0
0
0
0
0
0
0
0
0
0
0
0
0
0
0
0
0
0
0
0
0
0
0
0
0
0
0
0
0
0
0
0
0
0
0
0
0
0
0
0
0
0
0
0
0
0
0
0
0
0
0
0
0
0
0
0
0
0
0
0
0
0
0
0
0
0
0
0
0
0
0
0
0
0
0
0
0
0
0
0
0
0
0
0
0
0
0
0
0
0
0
0
0
0
0
0
0
0
0
0
0
0
0
0
0
0
0
0
0
0
0
0
0
0
0
0
0
0
0
0
0
0
0
0
0
0
0
0
0
0
0
0
0
0
0
0
0
0
0
0
0
0
0
0
0
0
0
0
0
0
0
0
0
0
0
0
0
0
0
0
0
0
0
0
-1
-1
-1
-1
-1
-2
-2
-1
-2
0
0
-1
-1
-1
0
1
3
3
0
2
5
3
4
4
1
0
0
-1
-1
-1
-1
0
-2
-3
-2
-2
0
-1
-1
-1
-3
0
0
-1
1
0
0
1
0
0
1
0
0
2
3
1
2
1
0
0
0
0
0
1
1
1
1
2
1
0
1
0
2
1
-1
0
-1
-1
-2
0
0
0
-1
-1
-1
-3
-1
-3
0
-1
0
0
-3
0
1
0
0
0
0
0
1
0
0
0
-1
0
0
0
2
2
0
1
0
1
0
-1
0
-1
0
0
0
0
0
0
0
-2
1
1
0
1
-2
0
0
-1
1
0
-1
0
0
0
1
3
1
1
1
-1
0
0
0
0
-2
-2
-3
-3
-2
-3
-1
0
-1
-2
-2
-1
1
-1
0
1
3
5
1
5
5
2
2
2
1
0
1
1
1
1
-1
-2
-1
-4
-4
-1
-1
-1
-1
0
0
-1
0
0
0
1
0
-2
0
0
-1
-2
0
-1
-1
0
-2
-1
0
-1
0
0
1
4
0
1
2
2
3
2
2
2
0
2
2
0
1
0
-1
-1
-1
0
-1
0
0
0
0
-2
-2
-2
-1
0
0
-1
0
1
0
0
0
0
1
0
1
0
0
0
-1
0
-1
0
0
-4
0
-2
-3
-1
-2
2
0
-1
0
-2
1
2
0
0
0
0
2
1
0
2
3
3
1
0
0
0
0
0
0
0
0
-1
-2
0
0
1
0
-1
-2
-4
1
0
-2
0
0
1
1
1
0
0
0
1
2
0
0
-1
-1
2
0
-3
-3
-3
-1
2
2
0
-2
-1
0
0
3
-1
-1
-1
-1
0
0
1
0
1
1
-3
0
0
2
0
0
2
0
0
-4
0
0
0
3
1
0
3
1
0
2
0
1
0
0
-1
-1
0
0
0
-1
-2
-2
1
-2
0
-1
-1
0
0
0
0
0
0
-2
0
2
-2
-2
1
-1
0
0
-3
-2
0
0
-3
0
1
-2
0
0
4
2
0
1
0
1
0
0
3
1
1
1
0
0
0
0
1
2
5
2
1
3
0
0
0
-1
-2
-3
-2
-1
1
-1
-2
0
0
-1
0
0
-1
-2
0
-2
-2
-1
0
-3
-3
0
1
2
1
0
2
0
0
0
0
1
2
2
1
0
3
3
0
0
-1
0
-1
0
2
2
0
-1
-1
0
0
0
-1
-3
0
-2
-4
-2
0
0
0
-1
-1
-1
-2
-2
0
1
0
1
0
0
-2
-2
0
3
3
3
0
2
2
1
0
0
0
0
0
0
-1
-2
-1
-1
1
0
1
0
-1
2
0
1
3
2
0
-2
0
1
1
0
-3
-3
-2
-3
-3
-3
-1
0
-4
0
1
0
2
3
4
1
1
3
0
-1
0
-1
3
4
2
1
2
2
0
0
1
2
0
-2
-3
-8
-9
-6
-6
-8
-4
-3
-4
-2
0
0
6
9
11
11
11
13
13
11
10
7
3
1
-2
-2
-9
-13
-15
-20
-15
-15
-13
-10
-7
-6
-6
-8
-6
-3
-1
4
9
13
12
12
18
19
20
23
21
16
11
6
2
0
-6
-11
-11
-13
-19
-24
-26
-27
-29
-29
-28
-27
-21
-17
-9
-3
0
10
19
27
30
32
36
32
29
26
21
15
14
10
4
0
0
-6
-7
-8
-12
-10
-9
-9
-7
-4
0
0
-1
0
0
0
1
3
0
-5
-5
-3
-3
-3
-1
-4
-6
-5
-6
-2
-2
-7
-9
-11
-9
-9
-9
-5
-7
-4
1
2
8
12
15
16
16
16
16
13
11
10
6
2
-1
-5
-9
-10
-11
-11
-10
-11
-9
-5
-4
2
5
6
8
7
7
4
1
0
-5
-8
-11
-16
-18
-19
-18
-16
-14
-9
-6
-4
0
7
13
19
23
31
33
33
33
33
32
30
28
25
24
21
19
16
12
9
2
-3
-9
-19
-26
-36
-44
-51
-55
-60
-56
-55
-54
-48
-42
-32
-27
-15
-3
4
13
22
28
34
39
41
42
42
38
34
33
31
29
29
28
28
27
27
29
23
14
8
4
2
-3
-14
-25
-35
-45
-56
-66
-69
-72
-76
-72
-68
-66
-52
-40
-27
-17
-5
7
20
32
41
50
53
56
61
65
65
66
65
59
54
47
36
31
25
16
12
9
2
0
-5
-9
-8
-10
-10
-6
-4
-7
-9
-12
-13
-16
-23
-29
-32
-34
-40
-43
-43
-44
-47
-46
-45
-41
-36
-31
-21
-12
-3
4
13
26
34
45
55
59
65
69
67
66
63
57
48
39
32
22
11
-3
-18
-32
-41
-49
-59
-63
-66
-67
-65
-63
-56
-48
-42
-33
-24
-18
-9
0
5
13
20
23
30
34
37
41
42
43
43
43
41
39
35
29
24
17
8
2
-5
-11
-18
-21
-23
-27
-27
-27
-30
-31
-30
-29
-27
-24
-21
-17
-11
-3
1
5
7
11
17
20
23
27
31
33
33
35
35
30
26
22
12
6
-3
-11
-16
-25
-29
-32
-35
-34
-31
-28
-24
-17
-11
-4
0
3
3
5
7
5
3
2
1
2
1
1
2
0
5
3
3
6
8
11
16
13
14
16
15
18
17
10
7
4
1
0
-2
-8
-12
-12
-13
-15
-18
-21
-20
-21
-22
-20
-19
-18
-18
-13
-8
-9
-6
-2
0
0
4
7
8
9
9
9
10
10
10
11
12
10
12
13
15
16
14
13
15
15
11
10
7
2
1
-2
-5
-7
-12
-11
-11
-13
-10
-9
-11
-9
-6
-2
-1
0
0
1
2
4
5
6
5
6
6
4
4
5
2
1
-1
-2
-7
-8
-8
-10
-11
-11
-11
-8
-6
-6
-3
3
3
6
9
10
12
15
18
15
11
13
12
8
7
4
0
-2
-4
-8
-8
-11
-12
-10
-13
-14
-13
-12
-10
-9
-9
-7
-4
-2
0
1
3
6
6
7
7
4
6
6
2
4
3
1
1
0
1
0
-2
-2
-3
-2
-3
-2
-2
-2
0
1
4
4
4
3
4
5
4
4
2
0
0
0
-1
-1
-3
-5
-3
-1
-2
-2
-1
-2
-2
0
0
0
0
1
3
3
3
3
0
2
3
0
1
0
0
-1
-1
0
0
-2
-1
0
-2
-1
-1
-4
-1
-2
-3
-1
0
0
-2
0
2
1
-1
-1
3
3
0
0
1
1
-1
-1
0
0
0
0
0
1
0
0
0
0
0
0
0
0
0
0
-1
-1
0
0
0
0
0
0
2
2
1
1
1
0
-1
0
1
0
0
0
-1
-1
0
0
-1
-1
-2
-2
-1
-1
0
0
0
0
1
0
0
0
0
3
2
2
3
3
2
2
0
0
1
0
-2
1
0
-1
-1
0
0
-1
0
0
0
-1
-2
0
0
-2
-1
-2
-1
0
0
0
1
0
-3
0
0
1
1
0
0
1
1
0
0
1
2
1
1
2
2
0
3
1
0
0
-1
-2
-1
-1
0
-1
-2
-2
0
0
-2
-1
0
1
-1
0
0
0
0
-1
0
0
1
1
1
3
1
1
0
0
-1
-1
0
1
0
0
0
1
0
-2
-1
1
1
0
0
1
1
-1
-1
1
4
1
-1
-1
0
0
-1
-1
1
0
-1
0
0
0
0
-1
0
0
0
-1
-1
2
-1
-2
0
0
0
0
2
1
1
1
1
1
2
2
1
0
1
0
0
0
0
-2
0
-2
-1
-1
-2
-2
0
-1
-2
-1
-2
0
0
1
2
0
-1
-1
0
-1
0
0
-1
0
-1
-1
-1
1
1
1
1
0
0
1
1
1
3
2
0
1
2
1
2
2
0
0
0
0
3
1
2
1
-2
0
0
-1
-1
-1
-1
-3
-1
-1
-4
-2
-2
0
-1
0
-1
-3
-1
-2
-2
0
1
1
2
1
1
3
3
3
1
1
1
1
0
0
1
0
0
0
0
0
0
0
-1
0
0
0
0
-1
-1
0
-1
-1
-3
0
0
0
0
-1
0
0
0
0
0
-1
0
1
1
0
-1
0
0
0
1
1
1
0
1
-1
0
-1
-1
0
-2
-1
0
-1
0
0
0
0
1
0
1
2
1
1
1
0
0
0
2
0
0
-1
-1
0
0
1
0
0
0
0
0
2
1
1
2
2
1
-2
-3
-2
-3
-2
-3
-3
-1
0
0
0
0
1
-1
0
0
0
2
2
1
2
0
-1
0
0
0
0
0
0
0
0
-1
-1
0
0
1
0
0
-1
0
-1
0
0
1
4
0
0
0
0
0
-2
-2
0
1
1
0
0
0
1
0
0
0
-1
-1
0
1
1
0
-1
0
2
1
0
-1
-1
0
0
-1
-3
-1
0
0
0
-2
0
0
0
0
0
1
0
1
-1
0
1
0
0
2
1
0
0
1
0
0
0
1
0
-1
0
0
0
0
0
0
-1
0
0
0
0
0
0
0
-2
0
0
1
2
0
-1
0
-1
-2
0
0
0
-2
0
-1
-1
0
-1
0
-1
0
2
-1
0
1
1
2
1
2
2
1
2
2
0
0
0
-1
-1
0
-3
-2
0
-2
-2
-1
0
-1
0
0
0
0
0
1
1
1
2
1
1
0
1
2
-1
3
1
-1
0
-2
-2
-1
-1
-2
0
0
1
0
-1
0
0
0
0
1
0
1
0
-1
1
0
2
0
-2
-2
-2
-1
-1
0
0
-1
0
0
1
1
0
2
2
2
4
2
1
0
2
3
0
0
0
-1
-1
0
-1
-1
-3
-3
-2
-1
-4
-3
-2
-4
-2
0
0
0
0
0
-1
2
3
2
3
2
2
0
1
2
0
1
2
0
-2
-2
-2
-1
0
0
-2
-2
0
1
0
-1
1
3
3
0
1
3
0
0
0
-3
-1
-1
-1
-2
-2
-1
0
0
0
0
-1
1
1
0
0
2
1
1
0
0
0
0
2
-1
-1
2
0
-1
3
1
-1
0
0
0
-1
-1
-1
-3
-3
-2
0
0
1
3
1
1
3
4
2
1
-2
0
0
-1
2
1
0
2
-1
0
1
-2
0
-1
-1
-3
0
1
0
0
-1
-2
-1
-2
0
-1
-3
-1
-3
-4
-1
1
1
0
0
0
1
5
3
3
0
0
1
0
2
2
0
2
2
2
2
1
0
-1
-2
-1
-3
-4
-5
-4
-2
0
0
0
0
2
1
0
0
0
0
-1
0
0
-4
-1
0
1
0
0
1
0
0
-1
1
2
0
0
-1
0
2
0
1
1
1
0
-1
0
0
0
0
0
0
0
0
0
0
0
0
0
0
-2
-3
0
-2
-3
-2
0
2
1
-3
-2
0
2
1
0
0
1
0
0
1
0
0
1
0
0
2
2
1
0
1
0
0
0
0
0
1
0
0
-2
-3
-1
-2
-1
0
0
0
0
-3
-2
-1
1
2
1
1
0
0
-1
-2
0
-1
-1
0
0
1
2
1
0
0
-1
-1
-1
0
2
0
1
0
-1
-1
0
0
-1
0
2
1
-1
0
-2
-2
0
-2
-1
-2
-1
3
-1
-2
1
0
4
4
-1
-1
0
0
-1
0
0
0
1
-1
-1
0
1
2
0
-1
-1
-1
0
3
1
1
2
2
2
0
-1
0
0
0
-2
0
0
-1
0
-1
0
1
0
0
0
-1
-1
-1
0
-1
1
2
0
2
0
0
0
0
0
-4
-2
-2
-3
3
0
0
-1
0
1
1
2
0
1
-1
-2
-2
0
2
3
2
0
0
0
-1
-1
-1
0
0
0
-1
-1
-1
1
1
1
0
0
0
0
0
-1
-1
0
-1
0
0
0
0
0
-1
0
1
0
0
-1
-1
0
1
0
0
0
-1
0
0
0
1
-1
0
1
0
0
0
0
1
0
1
1
1
0
0
2
0
-2
0
0
0
0
0
2
0
0
-2
0
1
-2
-1
0
0
0
-2
-1
0
-3
0
1
0
-3
-1
0
0
0
-1
0
0
2
0
1
2
0
1
1
0
1
0
2
2
-2
0
1
2
0
-2
0
0
0
0
-2
0
0
-3
-2
-2
0
1
-1
-1
-1
0
1
3
0
0
3
1
0
0
2
1
1
1
2
2
0
0
-1
-2
-1
-1
0
1
0
-1
-1
0
1
0
-1
0
0
-2
-1
-1
0
0
-2
-1
0
-1
0
0
0
1
3
1
-1
1
1
-1
0
0
0
1
1
0
1
1
2
3
2
0
-1
-1
0
-2
-3
0
0
1
1
-1
-2
-3
-2
-2
-1
1
0
0
0
1
0
-1
0
0
0
-1
-1
0
-2
0
1
1
2
1
0
0
0
1
0
1
1
0
-1
0
0
0
1
0
0
-2
-1
2
0
0
-2
-2
1
-1
0
0
-3
0
0
0
0
0
0
0
0
-1
0
0
0
-3
0
0
1
0
0
-1
1
0
1
0
0
0
0
1
3
1
0
2
2
1
1
0
-1
0
-2
-1
-1
0
-2
0
1
0
0
0
0
0
0
0
0
-1
0
0
-2
0
-2
-2
-1
-1
0
1
3
3
7
4
0
2
3
5
0
2
1
0
0
-1
0
-4
-3
0
-2
-2
-3
-5
-5
-1
0
-2
-1
0
-2
-3
-3
-1
-3
-3
0
-1
-1
-4
-3
-1
0
1
3
1
2
1
1
6
6
4
5
5
3
3
4
5
6
4
5
4
3
3
0
0
0
-2
-3
-3
-3
-4
-4
-4
-7
-6
-5
-5
-3
-2
-2
-1
-2
-2
-1
0
1
0
0
1
0
0
1
1
1
2
0
-1
0
0
0
-1
-1
1
0
0
0
1
1
1
1
1
-1
2
2
1
2
0
1
0
0
1
-1
0
-1
-1
0
-3
-1
-2
0
1
-3
0
0
1
0
-3
0
1
2
-1
1
0
-1
1
1
4
0
-2
0
2
1
0
-1
2
0
-2
0
0
0
0
0
1
1
0
0
0
0
0
-1
1
0
0
1
0
-2
0
-2
-2
-1
0
0
1
0
-2
-1
0
1
1
1
3
0
-1
0
1
0
-1
0
1
0
-1
0
-1
-1
-2
0
0
0
-1
-1
-1
1
1
0
0
0
0
1
2
0
1
1
0
0
0
1
1
0
1
-1
-1
0
0
0
-2
-2
0
-1
-1
0
-1
-1
0
0
0
1
0
0
1
0
0
0
0
0
-1
-1
1
1
1
-1
0
1
0
0
0
1
1
0
0
1
-1
-2
0
1
-1
0
0
0
2
2
0
0
0
-2
-1
-1
0
0
-3
0
1
0
0
0
0
-1
0
0
0
0
0
0
0
-1
1
1
0
1
0
0
3
1
0
0
0
0
0
-2
-1
0
-1
0
-1
1
0
0
0
0
0
0
1
1
0
0
0
-1
1
-1
0
0
-2
-1
0
0
0
1
0
0
3
2
-1
1
1
-1
0
1
-1
0
0
0
1
3
3
-3
-2
-1
-2
0
1
-1
0
3
0
-2
-1
-1
-1
0
0
0
0
0
-1
0
1
0
2
1
2
3
1
1
-2
-1
0
0
0
-1
0
0
1
1
0
1
1
1
1
1
0
-2
0
-1
-2
-1
-1
0
0
0
0
0
-1
0
0
3
0
0
0
-3
-1
0
0
1
0
1
1
1
0
1
0
2
2
0
1
0
-2
-1
0
0
0
0
0
-1
-1
-2
-2
0
0
0
-1
-1
-2
0
3
0
-1
0
0
0
0
-1
0
0
1
2
0
0
0
1
0
2
1
0
0
0
0
0
0
0
0
0
0
1
0
-2
-2
0
1
0
1
-1
-1
0
0
2
0
-1
-1
0
0
0
0
0
0
1
2
0
0
1
1
1
0
-3
-2
-1
-2
-2
-1
0
0
0
0
0
1
0
1
1
0
2
1
1
0
0
0
0
-2
-2
0
0
0
0
0
1
0
-1
-1
0
1
0
0
0
-1
0
-1
-1
0
0
-1
0
0
1
2
1
2
0
-1
-1
0
1
-1
0
0
1
0
0
0
1
0
0
0
0
1
0
-1
-1
-2
0
0
-1
0
1
-1
-2
0
0
0
2
1
1
0
0
1
0
0
0
0
0
0
1
1
0
-1
0
0
-1
0
1
0
0
0
0
1
1
0
0
0
0
0
0
0
0
-1
0
2
0
0
-1
0
0
0
-1
-1
-1
-1
1
0
-2
0
2
3
2
0
0
1
-1
-1
0
0
0
-1
-2
2
0
0
1
0
0
0
0
0
-1
-1
0
2
1
2
0
0
2
0
-1
1
-2
-1
1
-1
-2
-3
-3
-1
0
-1
-2
0
0
0
1
0
-1
-1
0
0
0
0
0
0
1
0
3
3
1
1
4
2
0
2
2
1
0
0
0
0
0
-1
-1
-4
-1
0
-3
-1
1
0
-1
0
0
-1
0
0
-1
0
3
1
0
0
1
1
-2
-1
-3
-2
1
0
0
0
0
-1
1
1
1
0
-2
2
2
0
0
0
0
-1
0
-1
1
2
0
0
0
-2
0
0
0
0
-1
0
0
1
1
0
0
1
1
0
0
2
0
-1
0
-1
-1
-1
-1
0
0
1
1
0
-2
-2
0
0
0
1
2
0
0
0
0
0
0
0
1
0
0
0
0
-2
0
1
-1
0
2
1
0
0
1
2
0
-1
0
1
0
-2
1
0
-2
0
0
0
0
-1
-1
0
3
2
0
0
-2
0
1
1
0
0
0
-2
0
1
0
-1
-1
2
0
0
1
-1
-2
0
0
0
0
0
-1
1
0
0
0
1
0
0
-1
0
0
-1
0
0
0
0
0
0
0
0
0
1
1
0
-2
-1
-1
-2
-1
1
1
0
0
0
1
0
-1
-2
0
0
0
0
0
0
0
0
1
3
2
0
-3
0
4
0
1
2
1
-1
-1
0
0
-2
-3
0
0
-1
-2
0
0
-1
0
-2
0
1
0
0
0
0
-1
0
2
2
1
1
-3
-2
1
1
0
1
0
0
0
0
0
0
0
0
-1
0
0
0
0
-1
0
1
0
-2
-1
1
1
0
0
0
0
1
-3
0
0
-1
0
0
2
4
1
2
0
0
0
0
0
-1
0
0
0
0
0
0
-1
-2
0
1
0
0
2
1
1
-1
-2
0
-1
-3
-2
0
-1
1
1
0
0
0
0
1
0
1
1
1
0
0
-1
0
1
0
0
1
0
-1
0
0
-1
0
0
0
0
1
0
0
0
0
-2
0
0
-2
0
0
0
-2
-1
-3
-1
1
0
0
0
0
1
1
3
1
0
1
2
0
3
0
0
0
-3
0
0
0
0
-2
-2
0
0
-2
0
2
2
-4
-3
2
2
0
-2
0
2
0
0
0
-1
2
2
0
2
1
0
2
2
-3
-4
4
0
-7
-2
1
3
-5
-7
4
3
-5
2
-1
-5
10
3
-11
0
14
4
-5
-3
1
7
1
-7
3
5
-14
-7
27
23
-51
-65
96
114
-148
-143
177
142
-169
-123
125
110
-67
-99
26
92
-5
-79
-5
70
18
-79
-30
94
24
-93
-14
60
18
-7
-40
-30
61
38
-67
-30
55
21
-48
-17
55
3
-67
10
59
-23
-38
15
8
0
0
-15
4
16
-16
-11
18
7
-14
-9
9
18
4
-12
-9
12
21
-11
-35
14
39
-19
-35
16
23
-4
-10
-7
8
12
-15
-9
24
3
-27
-2
20
6
-12
-16
0
14
3
-12
-3
8
5
-1
-5
3
18
0
-32
-8
29
11
-22
-8
16
10
-10
-8
11
15
-2
-17
-10
8
12
-3
-13
-3
14
15
-5
-9
8
9
-1
-5
-14
0
21
-5
-24
6
18
-2
0
4
-7
-6
3
0
-6
-2
3
0
-3
-1
-1
4
11
-6
-18
0
13
3
-11
-9
4
5
0
5
0
-4
11
11
-11
-13
5
11
-4
-11
0
7
-2
-11
3
18
-2
-11
19
18
-19
-17
12
9
-13
-16
8
10
-19
-3
30
1
-18
16
5
-30
3
29
-15
-43
0
43
1
-43
19
55
-17
-27
30
18
-27
-20
5
-1
-16
5
21
-7
-9
20
17
-3
-5
-4
-10
0
-3
-24
-2
31
0
-16
19
2
-21
24
23
-31
-19
17
4
-17
2
7
-25
12
49
-32
-56
41
54
-13
-32
-16
5
19
13
-8
-24
15
13
-50
8
78
-27
-72
53
43
-98
-25
105
20
-37
11
-1
-1
21
-33
-29
30
-31
-84
16
89
15
-71
16
136
-35
-89
92
-1
-76
36
-27
-50
6
0
-1
24
73
-38
-71
140
14
-88
72
-40
6
58
-158
-12
83
-84
5
45
13
-25
-79
141
133
-190
15
180
-111
-72
30
-56
13
25
-34
-98
92
168
-161
-3
165
-86
-60
83
57
-62
-197
113
250
-291
-126
332
4
-130
-98
150
119
-378
90
242
-194
-100
153
148
-158
-60
19
108
20
-260
98
232
-243
-205
519
-42
-432
359
130
-143
-131
60
146
-222
51
88
-101
91
-18
-144
111
20
-122
8
13
140
-137
-151
405
-52
-258
243
36
-161
18
18
-167
-84
349
-95
-328
448
119
-465
236
249
-370
-26
131
-59
12
-227
68
298
-187
44
298
-314
3
478
-390
-281
456
1
-371
49
71
-84
96
-77
-118
223
176
-406
83
363
-192
-45
186
-11
-168
56
-106
49
26
-130
41
44
-76
-13
235
-233
42
313
-130
-298
242
118
-376
126
34
-6
64
53
-284
158
249
-347
58
297
-56
-282
117
111
-131
-64
58
68
-10
-117
101
-53
-102
180
97
-170
98
239
-343
75
124
-212
73
22
-126
37
24
-29
119
-83
106
-69
78
-107
-108
197
-166
7
194
-79
-133
63
8
-50
66
91
-187
13
285
-260
36
148
-187
196
-82
-1
33
-193
142
-14
4
-8
3
49
-105
122
87
-252
47
320
-163
-104
100
-119
125
-91
-196
182
59
-5
-165
90
125
-63
-151
187
-80
-152
136
-116
204
-101
-39
36
90
111
-151
30
-94
-47
44
-84
165
-158
223
109
-291
187
0
-17
-72
-92
-171
203
163
-152
131
-100
-96
159
90
-60
-204
97
102
-16
-121
-89
246
-162
-172
229
90
33
-77
-61
59
-96
-91
-32
206
-58
82
163
-207
-303
203
279
-220
4
127
-3
37
-40
55
-3
-252
-65
-90
130
21
0
285
-40
-89
104
140
-81
-213
110
-55
-13
-64
-54
-122
194
37
-207
73
33
138
-93
-166
43
80
114
78
-2
92
37
-153
-126
89
37
-216
30
-107
-139
184
171
160
0
-115
135
-131
-128
52
24
-138
96
217
-199
-38
59
209
-82
-302
97
39
-159
44
61
11
49
34
-56
56
172
-87
17
-187
0
169
-57
36
-14
-77
-32
129
-57
7
98
-269
-53
192
-126
96
34
-6
111
-68
39
-67
-51
20
24
4
-69
7
0
67
-27
145
-47
-48
219
-179
-42
22
-113
6
44
-47
20
-38
-10
17
-69
133
116
-88
14
30
-39
-28
-18
-33
24
-111
142
3
-115
123
-13
5
25
-21
-13
91
8
-84
17
-56
-62
100
-59
-124
55
59
55
66
-81
-34
138
-43
-54
44
-1
4
-93
37
42
-66
-68
-34
198
-20
-112
76
59
-53
16
-33
15
-27
28
70
-22
-53
-47
-51
35
90
-112
-5
109
-37
51
8
-24
-77
16
137
-41
-66
-53
90
-28
-60
-8
38
67
14
-134
145
3
-86
97
-136
26
96
-19
-85
61
-58
34
48
-62
62
-52
2
68
-10
-93
9
47
-60
1
59
-9
-41
54
11
-90
56
15
-1
-53
34
29
18
-112
-13
109
-27
1
7
59
-40
-70
24
54
-68
63
18
-136
218
-38
-121
40
-42
34
-102
33
166
-89
4
-16
-17
36
-62
-99
122
20
-82
191
-101
-2
2
-93
102
-62
3
86
-12
-85
84
-35
-59
101
-101
86
110
-143
32
135
-193
-86
189
22
-141
-35
135
16
-59
-9
0
-5
-43
15
47
103
-40
-66
-27
67
-58
-150
61
159
-58
-17
11
-40
11
-11
31
-57
87
28
34
-5
-79
-11
0
14
15
6
-108
76
100
-86
-99
89
61
-2
15
-37
12
-133
135
-27
-167
157
131
-109
-118
-23
154
83
-112
-63
57
-55
12
63
-117
38
111
-92
-42
153
-62
-59
139
0
-200
74
23
-10
171
-157
24
57
6
-137
-152
180
144
-110
-99
180
-11
-94
2
-26
16
41
29
66
-35
18
-277
57
201
-198
205
-97
3
151
-184
-9
-46
133
-74
-81
183
31
-54
-60
80
3
-132
-4
39
77
-26
-58
83
-32
-37
29
-1
-39
37
31
66
73
-125
-191
60
77
-95
-18
130
83
-35
16
-39
-124
122
-15
-56
47
-17
108
-38
-186
164
42
-55
-5
-37
-65
-57
148
92
-30
-150
24
-22
80
118
-43
54
-55
-91
-41
51
36
-91
-105
30
130
96
-27
27
64
3
-128
-88
-40
39
101
-140
21
57
-25
172
-14
-82
-92
33
43
19
5
-207
178
61
-83
128
-112
-131
197
115
-155
16
-126
-27
134
-228
92
47
18
79
81
128
-144
-1
0
-228
-86
166
-17
-80
143
130
-60
73
68
-264
-92
16
132
-50
-21
78
-20
38
56
37
-5
-265
-114
127
386
80
-496
154
129
-63
42
-200
69
33
-259
121
184
40
5
-85
30
109
-136
-71
249
-81
-260
-78
156
15
-24
226
62
-117
-30
-33
-193
-55
146
156
53
-334
135
299
-188
224
-175
-256
164
-101
127
-177
-83
305
-40
83
147
67
-361
-267
420
-8
-346
40
272
-32
-105
136
208
-233
-346
181
116
-8
116
-74
-103
159
-248
111
286
-181
-59
75
156
-389
-217
287
77
38
-183
97
335
-124
-17
-29
-45
-128
-142
-30
217
10
-156
542
-173
-285
184
-32
48
-51
-234
65
87
-36
-122
-28
380
-261
167
250
-113
-105
-428
182
118
-127
121
0
-185
295
281
-459
176
226
-474
39
245
70
-167
-387
250
192
-87
-110
-82
378
19
-154
-141
154
192
-285
-198
383
-204
-349
296
348
1
-299
125
42
-82
-100
33
94
-30
-131
40
166
-92
10
-47
-67
189
51
-159
-142
-154
420
97
-370
271
5
-124
67
-99
128
-26
-21
-40
-143
268
-26
-464
342
97
-141
-82
220
-169
266
224
-439
277
-97
-222
118
6
-294
27
225
-1
-158
257
-77
7
273
-361
-270
612
-286
-95
392
-155
-1
99
-420
-134
294
-483
413
252
-159
154
243
-38
-652
393
127
-640
485
289
-407
-31
210
-454
40
141
290
50
-172
-42
66
441
-473
-111
366
-158
-127
-53
-62
53
-175
-125
406
155
-676
159
815
-257
-586
773
212
-425
23
-107
-150
90
-155
-40
24
120
3
-218
-259
-181
200
-67
245
510
-57
-18
559
-261
-434
579
-109
-186
169
-318
-233
-143
-145
-150
-31
309
-93
94
125
-253
-5
4
-59
148
-12
-157
124
53
-234
118
-366
-223
34
-284
-63
-121
-382
-266
187
-203
-24
263
187
-18
400
459
100
947
1131
703
847
655
516
392
-543
-1004
-1482
-2200
-2562
-2773
-2630
-1477
-1093
-280
929
1626
2267
2705
3545
4277
4623
3158
1357
1938
1111
-2157
-3129
-3320
-4446
-5268
-5157
-3932
-2270
-1491
-198
2729
3762
3267
4296
3787
1608
454
-761
-2489
-3045
-3487
-3279
-977
-497
-319
3262
6985
4403
2433
5366
4676
-458
-1761
-1583
-4014
-5746
-6006
-5570
-4033
-3367
-2678
639
2366
2408
3737
5236
4767
2901
728
526
-415
-3563
-4137
-1817
-1995
-2756
487
2388
3687
5500
3882
3512
4782
1929
-935
-1210
-2819
-4530
-5074
-5097
-4317
-3262
-2390
-498
1348
1260
2431
4237
1835
504
2088
-539
-2791
-1016
-1546
-1919
700
374
1867
6945
3921
479
5171
4146
-2536
-2036
-1522
-5103
-5030
-4758
-4686
-2272
-2336
-1729
2479
2793
1219
3978
4765
2901
1528
-103
-317
-2252
-4980
-3302
-1021
-3013
-1456
2781
5068
6361
5050
5515
7938
3874
-1859
-1201
-3216
-8621
-8905
-8349
-8130
-5839
-4032
-704
4339
5080
4916
9016
8643
3272
1850
1547
-2941
-6181
-5155
-4671
-4425
-3450
143
5671
6203
3632
7106
9190
2488
-466
731
-3825
-8165
-7554
-7542
-7407
-5168
-3239
661
4113
4054
4775
7784
6554
2179
733
23
-3201
-5919
-4734
-2730
-3309
-2913
1852
6159
5552
3954
6298
7252
1965
-1299
-23
-4094
-7710
-5380
-5557
-6630
-2738
-908
658
3991
3685
3290
5049
3573
677
-1380
-2895
-2861
-4003
-4450
-786
1210
408
3886
8289
7412
3693
4623
5458
-237
-4386
-2072
-5373
-8804
-5062
-4344
-5782
-1493
540
1373
3965
3150
2849
4339
1547
-978
-1180
-3316
-3910
-3151
-3471
-990
2393
1530
3238
7851
8148
4578
3479
4539
1205
-4508
-3689
-3809
-7794
-6011
-3050
-4461
-1119
951
1101
4445
3450
1242
3572
1957
-1749
-1513
-3794
-3663
-2658
-3580
-989
2519
2000
3218
6201
8013
6574
2308
3797
3941
-3590
-4721
-2511
-7233
-7204
-3236
-4620
-2498
1631
1229
3027
4428
2605
2151
1996
-353
-2552
-3771
-4137
-4153
-3746
-2121
-28
2445
3145
4853
7503
9310
4856
3504
6601
1014
-4906
-951
-4079
-9714
-4179
-4358
-6609
-1119
-271
-35
3468
2346
1371
3836
1173
-1180
-409
-2988
-3888
-2629
-3221
-2217
952
939
2526
5335
6691
7473
3662
4691
6328
-1750
-3333
783
-7161
-7948
-1479
-5947
-5509
321
-644
101
2796
1539
1435
2600
-111
-1726
-1180
-3100
-3622
-2215
-2181
-927
1835
2150
3659
5302
8442
5340
2517
6700
2866
-3844
-714
-2516
-8152
-4326
-4059
-6390
-1981
-1074
-855
1566
2086
1558
1882
2060
-1059
-1447
-1814
-3663
-3135
-1651
-2350
235
3040
2263
4436
8869
6698
2889
7348
5325
-2871
-584
40
-8620
-6542
-2103
-8233
-5840
589
-2923
-610
3294
1389
1521
3390
726
-777
-256
-2036
-2813
-1776
-2102
-1215
1509
1279
2182
5998
6600
3153
5065
6639
669
-1540
1414
-4468
-7612
-2842
-5563
-7267
-1913
-2273
-1841
1719
1503
1847
3492
2330
846
1175
-511
-1511
-1279
-2373
-1867
-34
-491
654
2776
3751
4661
3186
4696
5024
5
738
840
-4617
-3944
-2298
-5805
-4291
-1863
-2938
-1429
990
-126
626
2674
728
-44
1511
-411
-1083
-222
-925
-1053
666
338
931
2479
3187
2576
2972
3229
1719
820
224
-898
-1917
-2206
-2720
-3025
-2725
-2210
-1954
-1936
-976
-713
-898
235
-37
-634
603
138
-576
979
533
107
1489
1142
1317
1913
1391
1483
1973
1208
750
1233
856
61
369
202
-840
-695
-820
-1947
-1540
-1911
-2370
-1715
-1840
-1624
-754
-888
-60
740
186
1088
1360
561
892
1281
193
452
1055
37
410
1336
614
526
1670
1276
736
1145
881
245
-225
-528
-964
-1604
-1535
-1763
-2047
-1630
-1635
-1791
-1273
-1006
-828
-485
-11
260
615
1230
1282
1513
1781
1624
1461
1394
1042
636
520
164
-276
-341
-407
-774
-905
-673
-832
-930
-366
-534
-480
-147
-226
-319
-141
-229
-298
-141
-192
-192
78
122
350
438
501
610
660
579
473
579
392
237
284
234
166
82
17
-8
-205
-262
-274
-434
-396
-386
-512
-293
-236
-276
41
171
19
289
276
19
153
-27
-288
-214
-225
-549
-306
-51
-135
116
357
375
431
498
502
408
328
314
89
-50
-5
-164
-297
-94
-149
-253
14
-17
-163
83
-47
-250
-25
-162
-394
-131
-180
-323
-33
-88
-180
74
23
-56
151
153
78
164
179
177
202
181
231
210
163
159
92
54
44
-97
-152
-82
-235
-269
-108
-184
-173
-12
-58
-66
72
-3
-53
85
-27
-99
31
-50
-93
4
-26
-9
63
33
82
101
98
99
105
83
82
67
43
33
-21
-4
-1
-58
-49
-42
-84
-81
-68
-109
-48
-36
-41
32
16
12
22
30
19
-13
5
-13
-35
-6
11
9
20
82
69
58
112
63
34
63
-2
-31
-13
-76
-62
-38
-83
-50
1
-32
-15
45
-15
-23
37
-21
-21
32
2
2
27
28
18
7
23
8
-13
-19
-16
-42
-51
-37
-41
-27
-17
-11
28
30
20
59
35
-7
25
10
-36
-29
-15
-34
-17
14
10
22
53
58
40
43
46
14
5
-10
-42
-39
-50
-72
-47
-33
-31
3
20
19
42
51
23
22
25
-10
-24
-21
-34
-44
-34
-28
-22
-1
3
17
31
32
40
43
28
23
16
-1
1
-1
-12
-7
-6
-7
-5
-7
-6
-2
-11
-3
4
-8
-8
0
-14
-19
-10
-16
-13
-3
-10
-4
11
14
11
20
23
30
32
20
16
21
6
-3
-3
-9
-16
-17
-21
-25
-21
-26
-29
-15
-9
-7
9
16
10
22
26
8
16
16
1
4
3
-6
0
0
-8
-2
8
-1
1
12
3
2
9
2
-5
-1
-8
-16
-18
-21
-20
-24
-14
-10
-10
1
0
6
16
15
14
18
17
12
12
7
6
8
4
3
6
6
3
6
0
-1
0
-7
-9
-9
-11
-11
-13
-12
-9
-7
-4
0
0
1
5
3
1
4
0
0
1
-1
3
6
2
1
6
4
4
5
0
-3
-1
-6
-7
-3
-2
-4
3
6
1
5
7
0
3
1
-8
-2
0
-7
-2
0
-1
2
4
-3
2
3
-4
-1
1
0
3
4
-2
0
3
0
0
0
-3
-1
1
-5
-2
3
0
-5
-3
-1
-1
0
-3
-4
-1
1
0
4
6
-1
-1
5
1
0
6
-9
-10
9
8
1
2
5
-2
-11
-7
20
21
-53
-56
45
47
-17
-12
8
7
15
18
-7
-14
-2
-8
18
17
-36
-33
8
11
8
8
0
2
-13
-16
13
16
-2
0
12
0
-19
-10
-20
-32
23
40
-46
-29
73
70
-23
-68
32
101
-54
-178
19
157
-112
-210
242
285
-314
-315
401
373
-302
-146
406
44
85
616
-907
-1513
718
1153
-885
-911
837
917
-471
-357
882
302
-674
-201
385
54
-567
219
1135
-1088
-2090
705
1556
-884
-1051
1134
880
-733
370
1665
-122
-934
529
642
-1311
-1657
568
858
-1490
-715
1413
460
-488
411
1183
325
-968
-477
748
-112
-1015
53
633
-324
-584
471
584
-809
-329
1085
-85
-798
281
662
91
-317
188
500
-333
-492
98
-14
-239
-133
-190
-103
-21
-146
496
464
-307
5
527
144
-437
-21
405
-203
-331
95
4
-4
-24
-127
42
119
-210
-278
127
65
-83
2
63
194
114
-202
152
379
-360
-496
60
58
-186
-150
12
186
231
141
260
620
520
268
408
328
-5
-330
-250
-164
-648
-879
-578
-661
-719
-458
-358
-422
-243
280
444
325
644
847
819
962
845
891
905
665
569
324
16
-179
-728
-1094
-1144
-1307
-1513
-1681
-1577
-1342
-1117
-804
-474
54
855
1246
1404
1866
2349
2528
2319
2211
2476
2005
460
-612
-935
-1664
-2746
-3552
-3523
-2907
-2632
-2338
-1428
-219
752
1224
1620
1853
1748
1480
921
236
-409
-637
-377
-301
-227
359
991
1931
3033
2856
2137
1958
1557
718
-723
-2293
-2878
-3027
-3458
-3769
-3479
-2447
-1148
-304
175
724
1261
1569
1414
990
515
226
396
417
244
439
758
1123
1834
2181
1692
1378
1146
443
-324
-1244
-2101
-2477
-2625
-2422
-2229
-2011
-1280
-389
298
727
744
869
955
702
339
-407
-816
-262
68
84
259
470
1247
2176
2487
2293
1783
1314
1001
313
-594
-1607
-2345
-2331
-2175
-2276
-2117
-1596
-763
-10
334
597
788
799
766
462
-148
-533
-567
-360
-203
-41
271
690
1332
2137
2443
2112
1645
1289
995
494
-554
-1630
-1999
-2063
-2155
-2172
-2140
-1732
-900
-288
31
170
334
534
582
411
90
-148
-25
227
404
611
752
1044
1455
1836
1970
1714
1284
966
659
217
-404
-1054
-1436
-1515
-1454
-1523
-1574
-1312
-939
-596
-325
-216
-91
-24
57
261
250
-2
11
268
484
524
582
781
860
1004
1175
1070
898
763
489
267
-2
-384
-580
-737
-958
-1060
-1058
-936
-858
-931
-829
-544
-423
-342
-239
-144
8
74
119
202
249
359
552
703
837
851
843
939
918
771
578
380
189
-59
-303
-507
-793
-1011
-1065
-1106
-1093
-1036
-989
-916
-748
-563
-423
-290
-95
176
486
737
905
1029
1135
1203
1194
1158
1100
915
666
426
174
-72
-316
-592
-829
-978
-1075
-1086
-1050
-987
-861
-702
-598
-501
-382
-278
-187
-61
97
257
476
695
848
1041
1228
1283
1304
1257
1053
806
548
229
-114
-450
-753
-965
-1092
-1187
-1219
-1131
-965
-811
-698
-588
-469
-335
-188
-64
0
114
352
603
796
942
1088
1255
1395
1456
1362
1137
890
625
299
-107
-560
-908
-1091
-1167
-1221
-1250
-1168
-970
-711
-505
-425
-368
-233
-122
-118
-165
-157
-8
260
519
683
823
1017
1258
1439
1448
1291
1061
812
492
104
-310
-738
-1059
-1192
-1223
-1227
-1248
-1206
-1021
-779
-550
-448
-462
-359
-187
-149
-187
-172
-46
274
656
845
950
1187
1499
1734
1713
1446
1171
905
525
39
-500
-985
-1290
-1437
-1521
-1548
-1505
-1430
-1255
-931
-637
-467
-361
-258
-55
95
14
-38
123
407
745
935
954
1183
1641
1914
1846
1664
1499
1190
719
192
-448
-1013
-1318
-1532
-1624
-1609
-1578
-1380
-1114
-886
-595
-411
-327
-205
-144
-41
18
-149
-163
113
394
614
775
966
1303
1788
2214
2159
1829
1642
1264
659
109
-625
-1336
-1637
-1771
-1834
-1819
-1800
-1593
-1224
-865
-601
-485
-324
-113
-60
-21
-29
-168
-186
-59
198
584
793
888
1212
1848
2517
2575
2148
1980
1803
1230
534
-319
-1182
-1643
-1887
-2136
-2312
-2324
-2072
-1604
-1108
-734
-485
-207
147
388
324
122
35
-48
-179
-128
63
283
551
828
1335
2255
2892
2732
2437
2336
1892
1026
9
-1045
-1878
-2407
-2723
-2841
-2860
-2650
-2069
-1401
-872
-490
-259
9
429
626
455
248
100
-38
-98
-128
-43
198
391
674
1316
2222
2925
2903
2617
2575
2095
1130
216
-899
-1915
-2407
-2739
-2800
-2614
-2436
-1870
-1120
-633
-248
-66
8
303
525
445
217
-77
-260
-273
-419
-532
-239
68
312
970
1902
2808
3257
3016
2852
2706
1867
827
-230
-1385
-2088
-2507
-2776
-2634
-2383
-1932
-1192
-636
-213
136
275
382
530
599
453
213
43
-70
-49
-147
-307
-45
252
505
1088
1762
2537
2956
2651
2573
2453
1514
491
-545
-1780
-2586
-3045
-3248
-3043
-2786
-2366
-1670
-1109
-629
-194
-27
49
204
398
545
490
285
219
337
228
-13
155
415
605
1099
1650
2360
3029
2821
2499
2431
1628
535
-426
-1579
-2401
-2841
-3128
-2997
-2686
-2303
-1641
-993
-578
-215
89
247
355
502
627
610
478
360
301
161
-205
-360
2
329
625
1164
1698
2507
3170
2886
2492
2223
1418
423
-616
-1674
-2380
-2825
-2949
-2790
-2640
-2240
-1632
-1220
-832
-339
-28
113
416
755
860
886
925
876
719
320
-212
-322
-7
269
672
1278
1806
2679
3658
3517
2765
2400
1698
436
-691
-1723
-2677
-3196
-3258
-3062
-2726
-2331
-1919
-1398
-840
-455
-145
97
282
586
837
939
959
799
655
504
36
-394
-362
-64
264
707
1321
2150
3176
3600
3105
2726
2350
1190
-97
-1166
-2311
-3105
-3452
-3555
-3319
-3049
-2806
-2297
-1729
-1261
-802
-434
-63
463
995
1437
1704
1643
1543
1575
1308
698
265
278
569
828
1003
1310
1999
2775
2581
1691
1414
991
-291
-1307
-2029
-2809
-2974
-2776
-2594
-2106
-1606
-1268
-860
-501
-219
-50
-57
48
294
521
748
699
343
231
244
-149
-586
-486
60
740
1391
1969
2703
3806
4411
3693
2866
2457
1186
-510
-1781
-3118
-4078
-4263
-4220
-3865
-3209
-2550
-1760
-867
-125
453
937
1215
1353
1645
1912
1786
1285
750
543
275
-484
-1029
-792
-165
504
1162
1767
2638
3755
3904
2938
2301
1683
223
-1150
-2283
-3529
-4149
-4146
-3969
-3477
-2863
-2215
-1354
-489
175
686
1014
1179
1340
1534
1552
1170
632
324
101
-367
-921
-1078
-696
-65
659
1377
2005
3135
4451
4379
3520
3266
2494
837
-568
-2103
-3712
-4435
-4729
-4813
-4399
-4032
-3533
-2485
-1449
-608
111
602
1120
1706
2222
2521
2162
1637
1610
1253
367
-155
-313
-203
378
1102
1599
1980
2878
4045
3974
2999
2476
1628
129
-1059
-2412
-3987
-4626
-4629
-4571
-4167
-3691
-3185
-2200
-1171
-388
228
452
774
1704
2398
2443
2413
2268
1790
1304
737
-108
-630
-453
-92
193
685
1475
2673
3708
3342
2191
2104
2085
647
-1015
-2232
-3608
-4187
-3947
-4040
-4073
-3739
-3574
-2793
-1431
-557
-135
186
718
1876
2473
1686
612
22
56
258
-280
-899
-275
895
1850
2409
2412
2965
4944
5636
3200
70
-611
-479
-1602
-3733
-5078
-5290
-4537
-3176
-2721
-3191
-3051
-1625
438
1572
1275
730
1442
2753
2921
2395
869
-438
-175
185
-712
-1370
-1129
678
2633
2561
2650
3875
3879
4196
5826
4197
-124
-2986
-3230
-2668
-3900
-6708
-6882
-4261
-1357
-228
-1237
-1924
-599
1543
2947
2187
720
1357
2978
3681
2744
703
-1246
-1819
-1331
-490
-1674
-2771
-323
2207
2780
3327
3522
3145
3425
5563
4694
-728
-4235
-3496
-3087
-3810
-5922
-6821
-4203
-1173
530
-423
-1883
-762
1821
2805
1355
180
1108
3224
3846
1471
-696
-1582
-2068
-1729
-1846
-3568
-3545
-330
2564
3596
3941
4581
4898
5120
7018
6342
552
-3827
-3931
-3710
-4024
-6390
-8477
-5797
-2210
54
202
-1510
-1246
1730
3613
3255
2124
1752
3000
4149
2645
435
-2005
-3242
-3410
-3274
-2846
-2704
-986
1438
2819
3837
4163
4123
3883
4499
6399
2783
-2760
-4792
-5221
-3775
-2936
-5437
-5126
-3030
-463
1293
115
-1480
-1094
505
2177
2131
980
777
1991
2683
1851
384
-1994
-3055
-2802
-2085
-1554
-1420
-174
2335
3331
4132
4558
3727
2884
5038
5082
-39
-3999
-5793
-5804
-3609
-4103
-5230
-3775
-2316
440
1995
1021
-191
-210
375
1972
2705
1805
1145
1769
1439
1415
711
-2087
-3858
-4326
-3735
-1915
138
1394
3106
4028
5175
6098
5026
3677
5039
2997
-1433
-4326
-6414
-6200
-4580
-4660
-4270
-3368
-2194
114
1248
889
-207
-219
356
2133
3454
3060
2143
1556
108
302
-264
-2981
-4548
-4352
-3081
-768
1660
2441
2974
4372
5572
5705
4255
2519
4351
2659
-1479
-4310
-6870
-6611
-4357
-4565
-3629
-2182
-1209
1062
2213
1226
-137
-540
39
1698
2051
2258
2053
1983
332
147
165
-1395
-3558
-4172
-3632
-1680
1142
1920
3009
4350
4929
5308
4412
2428
4202
2448
-1700
-4207
-6559
-5993
-3645
-3594
-2805
-1517
-1046
1112
2465
1583
126
-1052
-1202
-415
341
1434
2223
2319
782
16
203
-261
-1830
-3350
-3974
-2951
91
1610
2989
3843
3901
4453
4563
2706
3021
3149
206
-2053
-5756
-6877
-5285
-4113
-2854
-1602
-1319
-348
1252
1355
1307
83
-616
-443
154
1032
1989
2653
1811
309
81
-161
-1468
-2783
-3593
-3937
-1955
336
1838
3839
4103
4473
5115
3329
2154
2775
1638
-70
-3000
-6186
-6171
-5530
-3616
-1985
-646
-76
455
1095
1287
1229
731
629
64
506
1401
1878
2285
1236
-662
-1151
-1163
-1374
-1667
-2852
-3710
-1863
-216
2063
4620
4949
5005
4171
1941
1147
1900
1239
-162
-3634
-6246
-5770
-4532
-2431
-1092
-269
-194
326
756
1165
731
73
-248
-842
33
1330
2534
3220
1790
-688
-1230
-836
-12
-70
-2187
-4008
-3037
-1169
2030
5013
5482
5233
3658
1811
940
1558
2481
1409
-2263
-6143
-7486
-6540
-3157
20
1386
898
150
-70
381
857
740
700
-394
-1150
-808
168
2015
2855
1462
622
-913
-1793
-772
-1075
-2213
-2668
-2666
-671
2156
3990
5617
4714
3107
1594
-165
466
2364
1161
-1694
-5011
-6908
-5701
-2678
43
2032
1565
225
-600
-1060
-254
605
768
122
-394
-782
475
2020
2745
2272
692
-1332
-1918
-1318
-1162
-1498
-2133
-2318
-862
1317
3543
5482
5149
3827
1643
-424
49
1339
649
-1751
-4813
-6767
-5915
-3497
-249
2126
2420
1674
-109
-1217
-870
287
1397
1618
480
-471
-198
882
1769
1876
1085
-909
-2278
-1932
-1315
-828
-321
-841
-459
651
2627
4318
4503
3705
1813
-407
-313
1491
828
-785
-3692
-6099
-6105
-4133
-636
2332
3159
2232
173
-1799
-1381
-195
439
987
274
-639
-358
528
2063
2523
1994
204
-1487
-2125
-1804
-2004
-1824
-1336
-1003
775
2733
4742
5466
4842
2993
556
-711
258
-89
-1345
-3095
-5264
-5885
-4716
-2109
1103
2705
2379
1235
-920
-1355
-752
-53
863
777
-125
-255
-208
737
1681
1746
1051
-175
-1333
-1915
-2411
-2325
-1718
-1218
492
1976
3565
4733
4881
3699
1783
318
699
375
-1071
-2635
-5002
-6064
-5434
-3391
-33
2141
2485
2108
54
-1162
-1044
-697
681
1451
702
263
-270
241
1139
1414
1233
269
-781
-1799
-2201
-2384
-1684
-1188
-75
1449
2975
4255
4636
4049
2693
573
137
783
-394
-1437
-3961
-5627
-5629
-4582
-1889
1087
2307
2461
1374
-371
-706
-1142
-369
550
510
390
196
216
888
1417
1760
1158
-46
-1281
-2022
-2638
-2493
-1783
-1177
551
1938
3071
4389
4515
3946
2432
220
581
106
-1205
-2393
-4740
-5280
-5404
-4026
-1315
1298
2489
2846
1460
299
-318
-1081
-102
347
597
387
-80
317
803
1021
1486
1221
119
-673
-1572
-2441
-2113
-2121
-1311
271
1403
2788
3714
4065
4149
2979
824
351
-80
-784
-1388
-3379
-4162
-4732
-4125
-2253
-124
1604
2575
2297
977
27
-1173
-728
-161
92
304
-3
-38
424
748
1407
1633
847
395
-340
-1223
-1149
-1301
-1265
-328
-140
845
1718
2081
2854
2825
1828
961
-594
-587
-23
-777
-1535
-3116
-4047
-4067
-3088
-1357
935
1786
2155
1662
563
153
-274
-119
-99
30
-164
-140
323
601
968
1347
1242
972
542
42
-915
-1268
-1451
-1122
-600
-220
390
736
967
1056
954
839
1444
957
502
855
956
468
-823
-2263
-3419
-4014
-3612
-2336
-427
1202
2476
2564
1793
671
-707
-1264
-1390
-784
100
578
907
1144
872
1201
1382
1059
951
295
-694
-759
-1181
-957
-242
-10
764
676
-34
-444
-962
-1304
-584
-239
828
1602
1110
859
608
1506
1644
1069
-370
-2094
-3770
-4477
-3515
-1795
392
1891
2654
1880
790
-275
-742
-463
-210
176
377
473
605
536
939
1243
1239
956
282
-688
-1273
-1568
-1600
-523
307
1195
1314
759
461
-80
-896
-792
-957
-913
-410
-781
-219
269
655
1291
1690
2742
2837
1501
-622
-2513
-3942
-4295
-3353
-1768
146
1288
2198
1944
1709
979
167
-77
-385
-202
-157
-98
192
161
255
639
504
596
656
110
-435
-896
-1130
-776
-307
360
932
987
981
824
-254
-805
-1071
-1453
-1184
-1037
-807
-286
-252
123
458
672
1002
917
675
872
1036
926
1091
1102
1117
588
-367
-1465
-2319
-2777
-2716
-2044
-1122
93
1160
1689
1812
1382
702
238
-274
-393
-208
-247
-82
-150
-455
-402
-530
-555
-401
-346
-189
122
392
1123
1774
2097
2287
2468
2571
1877
497
-1462
-2883
-4139
-4436
-3748
-2534
-910
471
1440
1704
1509
965
579
68
-222
-298
-481
-303
-120
41
384
696
976
1075
1051
319
-175
-785
-1103
-612
-200
789
1377
1516
1402
605
-287
-646
-1318
-1717
-1665
-1810
-1405
-1107
-457
417
1134
2095
2496
2151
1985
1880
1032
302
-1076
-2317
-3310
-3809
-3346
-2241
-678
839
2116
2469
2428
1543
677
54
-403
-348
-156
171
268
16
-121
-129
-83
265
462
249
-53
-584
-1094
-1168
-881
-65
725
1216
1377
1138
416
-41
-764
-1319
-1413
-1665
-1274
-916
-205
793
1645
2362
2479
2486
2439
1897
892
-536
-2070
-3415
-4186
-4152
-3121
-1546
165
1831
2513
2688
2013
1112
287
-350
-483
-560
-370
-150
-182
-144
55
268
683
1045
921
489
-90
-849
-1128
-1148
-674
35
631
1172
1256
837
228
-213
-676
-808
-1268
-1677
-1864
-2053
-1558
-906
297
1758
2996
3655
3560
3117
2324
1255
-44
-1606
-2842
-3715
-4303
-3956
-3150
-1723
135
1647
2778
3207
2790
1963
878
-217
-751
-1115
-1007
-580
-497
-149
140
312
598
814
652
531
122
-554
-870
-1226
-882
-343
328
1002
1332
1213
911
573
-51
-180
-633
-787
-854
-1089
-843
-862
-763
-462
-176
-131
77
-86
-94
121
178
720
1245
1582
1777
1655
1571
1461
702
-212
-1173
-2336
-2944
-3148
-2692
-1496
-271
1147
2050
2316
2012
1346
372
-318
-852
-1140
-1008
-921
-711
-573
-350
43
496
890
1275
1144
939
468
-89
-381
-666
-526
-360
-19
337
348
348
271
122
-22
-186
-353
-406
-551
-647
-629
-572
-341
-116
117
389
673
754
684
460
149
-157
-481
-625
-579
-438
-309
-219
-78
96
50
-31
-86
-169
-60
143
506
1097
1561
1765
1955
1984
1491
708
-598
-1799
-2903
-3698
-3737
-3128
-1915
-415
1060
2050
2629
2387
1732
930
98
-421
-729
-850
-806
-789
-658
-369
-54
382
769
934
1046
833
396
33
-321
-408
-299
-95
272
489
423
369
81
-238
-393
-569
-532
-542
-584
-529
-490
-344
-158
46
256
564
783
867
825
588
366
1
-414
-701
-870
-838
-873
-885
-928
-776
-473
49
930
1796
2556
2848
2806
2524
1768
645
-753
-2106
-3297
-4055
-4243
-3709
-2534
-1056
645
1904
2822
3075
2718
2024
1023
172
-638
-1109
-1262
-1241
-1034
-792
-400
36
568
977
1224
1242
990
607
109
-263
-500
-497
-308
14
167
279
257
51
-66
-370
-508
-597
-709
-695
-754
-652
-430
-189
29
350
600
826
1011
927
827
545
229
-145
-575
-868
-1037
-1102
-1169
-1047
-885
-515
-36
585
1350
1964
2357
2480
2445
2064
1335
239
-1062
-2249
-3330
-3831
-3758
-3058
-1839
-402
999
2056
2679
2658
2246
1457
622
-76
-651
-913
-1024
-1046
-930
-740
-477
-73
290
615
872
913
867
674
439
212
29
-74
-46
-30
-78
-84
-276
-400
-537
-647
-589
-527
-345
-246
-188
-169
-138
-99
12
257
464
717
813
736
566
233
-127
-466
-722
-804
-719
-618
-464
-269
-121
60
59
99
202
302
478
757
1018
1224
1295
1231
1210
927
440
-227
-1048
-1767
-2362
-2638
-2460
-1936
-1102
-125
693
1262
1538
1484
1214
752
344
83
-98
-125
-166
-153
-110
-65
-8
67
100
107
107
-22
-88
-155
-139
2
148
367
502
504
435
233
-46
-280
-522
-660
-709
-687
-539
-402
-214
-66
66
189
295
428
510
560
524
373
147
-142
-420
-578
-621
-546
-356
-163
79
274
408
512
522
509
457
334
193
48
-159
-285
-399
-456
-454
-479
-419
-317
-185
-104
-34
2
29
10
-75
-83
-70
11
116
239
414
592
667
697
750
838
889
791
477
-31
-687
-1375
-1858
-2054
-1856
-1298
-523
269
912
1267
1357
1189
842
486
137
-154
-333
-458
-516
-550
-551
-428
-232
27
325
581
721
743
609
408
177
-28
-123
-179
-191
-182
-172
-179
-187
-212
-215
-193
-162
-94
-78
-73
-91
-142
-182
-151
-67
50
201
295
354
309
187
71
-73
-170
-217
-228
-183
-98
9
131
244
282
321
334
317
280
176
67
-60
-206
-331
-417
-454
-424
-332
-223
-75
63
166
231
232
183
124
58
1
-22
-29
-2
12
-8
-22
-50
-72
-69
-30
39
111
130
121
106
83
38
-60
-164
-274
-332
-329
-260
-86
102
271
414
471
437
346
168
15
-87
-186
-206
-209
-196
-147
-123
-53
49
134
189
163
68
-11
-92
-157
-168
-229
-224
-205
-188
-120
-67
-5
62
126
135
203
205
239
256
198
207
163
174
127
55
-13
-63
-70
-109
-130
-193
-213
-231
-241
-232
-237
-265
-320
-335
-301
-166
-15
172
389
586
756
781
758
686
578
391
90
-282
-648
-936
-1145
-1135
-959
-597
-165
221
542
727
774
677
521
311
134
-57
-228
-339
-418
-420
-391
-279
-123
51
171
227
207
156
115
74
100
137
211
281
315
299
242
140
-19
-179
-348
-430
-454
-436
-376
-299
-194
-90
16
105
226
328
402
421
334
213
38
-130
-253
-324
-341
-328
-272
-180
-39
89
207
295
332
364
353
313
215
91
-52
-176
-263
-336
-351
-334
-258
-147
-36
52
102
119
115
99
63
37
22
18
25
30
35
30
16
2
-23
-38
-49
-46
-21
3
42
73
85
87
67
48
28
7
-11
-31
-46
-68
-87
-107
-115
-99
-71
-41
-20
2
25
55
87
116
129
119
92
41
-19
-77
-119
-137
-119
-85
-35
19
62
101
118
120
99
63
14
-24
-51
-63
-61
-56
-38
-29
-22
-21
-23
-19
-22
-21
-26
-20
-2
15
37
54
59
53
37
16
0
-16
-25
-28
-26
-17
-13
-10
-4
0
3
9
12
10
8
11
12
15
17
16
11
1
-8
-11
-18
-18
-13
-4
8
17
12
8
3
-9
-19
-27
-29
-26
-18
-3
12
23
23
16
8
3
-9
-14
-8
-5
-3
0
1
4
7
9
12
15
12
10
7
3
0
-2
-3
-5
-6
0
4
7
6
5
7
3
3
0
-3
-2
-1
-6
-17
-30
-35
-36
-32
-25
-19
-5
3
8
15
20
25
31
37
35
25
18
15
7
0
-1
-1
-5
-22
-40
-54
-66
-63
-41
-9
22
49
64
69
69
67
70
81
80
66
36
-35
-154
-292
-390
-423
-382
-244
-39
172
365
498
542
497
383
247
107
-19
-104
-161
-194
-213
-232
-229
-202
-164
-117
-80
-57
-40
-28
-3
23
61
113
145
147
126
75
8
-58
-108
-134
-145
-125
-90
-55
-8
46
96
144
187
214
225
218
185
117
38
-47
-132
-189
-211
-203
-168
-126
-88
-52
-17
5
31
54
63
64
60
43
6
-31
-64
-91
-89
-68
-39
5
46
76
99
106
103
90
74
49
25
6
-7
-12
-16
-26
-44
-60
-67
-73
-77
-64
-43
-11
20
42
41
23
8
-8
-19
-16
-4
3
11
18
18
16
17
19
21
16
6
-6
-22
-40
-59
-76
-94
-94
-75
-40
10
69
119
156
175
179
170
148
116
73
16
-58
-140
-215
-276
-303
-286
-226
-129
-10
99
178
218
215
177
122
60
1
-40
-65
-79
-76
-55
-27
3
18
5
-31
-83
-120
-130
-106
-14
122
268
385
430
388
274
111
-60
-209
-309
-349
-343
-303
-251
-203
-151
-91
-28
38
105
156
182
178
145
92
36
-7
-33
-41
-30
-14
2
17
27
33
33
32
40
51
66
82
90
84
64
34
2
-28
-56
-78
-97
-110
-124
-133
-132
-122
-101
-72
-39
-5
25
53
77
95
101
93
82
66
44
14
-13
-32
-43
-41
-41
-37
-20
-5
24
43
32
28
32
36
36
17
4
1
5
15
5
-8
-7
-19
-21
-7
-7
-3
-2
-11
-21
-17
-6
-6
-12
-7
-4
-2
1
-8
-6
8
10
5
0
1
5
4
5
2
0
5
15
11
2
-4
-3
4
4
6
-3
-5
2
2
-2
-12
-10
-9
-19
-26
-32
-29
-28
-18
-3
16
42
51
49
46
45
50
58
63
59
58
49
30
2
-25
-39
-42
-46
-46
-48
-52
-49
-44
-42
-47
-48
-52
-60
-52
-52
-57
-48
-38
-23
-10
0
17
32
45
54
70
81
81
84
88
89
91
77
52
36
23
12
-3
-22
-36
-41
-49
-70
-92
-97
-76
-52
-34
-33
-35
-31
-28
-30
-37
-32
-19
-1
13
18
19
33
55
72
73
68
71
73
58
30
6
-1
-2
-17
-37
-49
-54
-47
-48
-55
-52
-36
-17
-13
-17
-12
5
17
16
8
7
28
38
31
28
30
34
33
23
11
9
9
10
2
-8
-10
-5
-1
0
-5
-12
-12
-11
-19
-30
-28
-17
-6
2
1
-1
6
11
11
4
-3
-6
-7
-20
-30
-30
-28
-20
-7
3
17
30
40
44
45
41
34
21
7
-4
-15
-25
-29
-29
-25
-17
-11
-4
2
12
16
16
19
18
15
11
6
0
-8
-13
-14
-21
-22
-19
-15
-9
-6
-1
4
10
14
21
26
30
32
22
6
-12
-30
-44
-48
-42
-27
-9
9
25
30
25
21
14
6
6
9
10
2
-5
-13
-18
-22
-22
-14
-2
8
18
19
15
13
4
0
-3
-4
-4
-3
-3
-11
-17
-17
-20
-20
-24
-17
-11
-9
0
3
13
28
35
37
35
40
41
29
16
5
-3
-8
-19
-33
-37
-43
-43
-42
-38
-25
-11
2
15
20
24
26
21
18
13
7
6
6
3
0
-2
-2
-4
-10
-9
-3
0
0
2
7
14
17
15
14
9
3
-3
-9
-13
-18
-18
-17
-17
-11
-5
4
6
8
10
10
10
6
2
1
0
-1
-5
-10
-13
-15
-14
-12
-6
1
8
16
19
23
24
21
18
10
4
0
-7
-11
-18
-20
-20
-19
-13
-11
-4
6
15
19
19
15
10
4
-1
-4
-5
-9
-13
-17
-24
-28
-30
-26
-18
-13
-10
-5
2
11
16
28
37
38
41
33
26
20
15
16
13
7
-1
-13
-19
-22
-16
-5
2
7
5
-6
-16
-18
-21
-18
-20
-20
-21
-27
-26
-21
-9
5
14
19
15
11
7
7
10
13
14
16
18
17
17
20
26
26
22
16
0
-13
-20
-28
-35
-38
-34
-29
-25
-17
-11
-6
5
12
15
15
7
4
3
2
4
1
3
6
8
13
16
21
27
26
22
11
3
-1
-5
-9
-15
-21
-24
-29
-32
-29
-29
-26
-18
-8
3
14
21
24
33
36
30
20
12
6
-2
-11
-19
-29
-32
-33
-31
-23
-17
-4
9
21
35
35
35
32
26
22
10
-2
-7
-12
-16
-21
-23
-18
-12
-11
-11
-10
-11
-11
-10
-7
-2
4
12
16
19
21
20
22
17
10
4
-6
-13
-17
-23
-17
-15
-10
0
3
7
11
9
8
7
2
0
-4
-8
-8
-5
0
3
6
12
14
12
11
7
4
-1
-5
-8
-14
-15
-17
-15
-12
-7
-4
1
6
4
9
7
6
5
4
5
2
1
2
1
1
3
-1
-4
-6
-4
-3
-8
-4
0
1
4
6
3
1
2
1
0
-1
-1
0
0
-2
0
2
0
2
3
0
1
0
0
0
-2
-2
-5
-4
-3
-3
-5
-3
0
3
3
4
1
3
3
2
1
2
1
-3
0
-2
-1
0
0
0
-2
-2
0
-1
0
1
2
1
2
1
1
1
-1
0
0
0
0
-2
-1
-2
0
-1
-1
0
-1
-1
-1
-1
0
0
1
4
3
0
-2
-1
-1
0
0
-1
1
2
4
4
5
3
0
0
0
0
-3
-2
-1
0
0
0
-1
2
3
0
0
-1
0
0
0
0
-1
0
-1
-1
0
-1
-1
-1
0
1
1
1
0
1
3
1
0
1
0
0
0
0
0
-1
-3
0
-1
-1
-1
0
1
1
2
0
0
-1
0
-1
-2
0
0
2
2
2
3
-1
0
0
-3
-3
-2
-1
0
0
0
0
1
4
2
1
1
1
0
0
0
0
-1
0
0
-1
-1
-3
-1
0
0
0
3
1
-2
2
0
0
0
-1
0
0
0
0
1
0
-1
2
2
0
0
-1
-2
0
-3
-1
-1
-1
0
-1
-2
0
0
-2
0
0
-2
-1
2
2
2
3
2
2
3
2
0
-1
0
0
0
3
0
0
2
1
-1
-4
-5
-4
-5
-3
-1
-1
1
3
2
1
0
-2
-2
0
-1
-1
0
3
5
4
6
4
0
0
-2
-2
-5
-5
-4
-4
-2
0
0
2
-2
0
1
-1
0
0
2
2
1
2
1
3
1
2
2
1
-1
-1
0
0
0
0
2
1
-2
-1
0
-1
0
0
0
0
-1
0
0
-1
-2
-3
-2
0
-1
0
0
3
2
0
3
1
2
1
0
0
0
1
5
4
0
0
0
1
-2
-3
-1
-3
-2
-3
-3
0
0
-1
-2
0
0
1
0
0
-1
0
3
0
2
3
1
3
1
4
3
-1
2
1
-1
0
0
-1
-5
-5
-2
-2
-2
0
1
0
2
1
-1
1
1
0
-1
-1
0
0
0
0
0
1
1
2
0
-1
-1
-1
0
-2
0
0
0
0
1
1
2
0
4
5
2
1
2
2
0
0
-1
-1
-1
-4
-5
-5
-3
0
-4
-5
-3
0
3
1
0
1
2
2
1
1
2
0
0
0
1
0
-1
-1
-1
0
-1
-2
-1
0
3
2
2
0
1
1
0
1
0
3
1
-2
0
0
-1
-1
0
-1
0
-1
-1
-1
0
0
-1
0
-1
-2
0
0
0
0
0
2
3
0
0
1
2
0
-1
1
2
0
2
1
0
1
0
-2
-3
-2
-5
-5
-2
-1
-1
-1
-1
0
0
2
1
0
3
0
3
2
0
2
0
0
0
0
1
1
0
0
0
0
0
-2
0
0
0
0
-1
-3
-1
0
-2
0
0
0
0
0
1
1
1
0
-1
0
0
1
-1
-2
0
-1
0
-1
0
-1
-1
1
2
3
3
2
0
0
-1
-1
0
2
2
3
1
0
0
-2
-2
-1
-2
-1
0
0
0
0
0
0
-3
0
-1
-2
0
1
1
1
0
0
2
3
1
-1
-1
0
-1
-2
-1
-1
1
4
4
2
1
0
0
-2
-3
-2
-3
-2
-1
0
0
0
2
1
3
1
-3
-3
-1
-1
0
0
1
4
7
4
0
0
1
-2
-1
0
-2
-4
-3
0
2
0
0
0
-1
0
-1
-1
0
-1
0
2
1
2
1
0
0
1
2
0
-1
-1
0
0
0
1
0
0
0
1
1
-1
-2
0
0
-2
0
1
0
0
0
0
0
-2
0
0
-1
-1
2
1
2
2
-1
-1
1
0
-4
-5
-1
0
1
3
0
0
0
-1
0
0
-1
-1
1
0
0
1
0
0
0
2
0
0
0
0
1
-1
0
0
-1
0
2
2
0
0
-1
-1
0
0
0
0
0
2
3
1
3
0
0
-1
-3
-3
-1
-1
-1
0
0
1
0
0
0
0
-1
-2
0
-1
0
0
-2
1
2
0
1
1
0
1
1
0
1
3
0
0
0
1
-1
-2
-3
-4
-4
0
-1
-1
3
2
1
2
1
0
-2
-3
-1
0
0
0
1
1
0
0
1
1
1
1
0
2
1
0
0
-1
-3
0
0
-3
-2
1
0
1
0
0
1
1
0
0
0
0
0
2
0
-2
-1
-2
-2
-1
0
0
0
1
2
0
0
1
0
1
-2
-1
0
0
-1
-1
-2
-3
-3
0
-1
0
1
1
2
1
3
3
3
4
0
1
0
0
-1
-4
-2
-1
-1
-1
-1
0
0
1
0
0
0
-2
-5
-4
-3
-1
0
0
1
2
3
5
8
7
1
2
5
5
4
1
0
0
0
-4
-5
-2
-1
-3
-3
-3
-4
-3
0
-3
-5
-2
0
0
0
0
0
0
0
2
2
3
2
0
0
3
2
-2
0
0
0
3
2
0
1
-1
0
0
0
-2
-2
-2
0
-2
-1
0
2
0
1
0
0
2
1
2
1
0
0
2
1
0
-1
0
0
2
2
0
1
0
-2
2
0
-3
-2
-2
0
0
-4
-3
-1
-3
-2
0
0
-2
-1
1
3
1
2
2
1
5
2
2
2
1
1
0
2
1
0
0
0
0
-1
-3
-2
-2
-1
-3
-3
-2
-4
-1
0
0
0
-1
-1
2
1
0
0
1
3
2
0
3
3
-2
-1
0
0
-2
-1
0
-2
0
0
0
1
-1
0
0
0
2
0
2
3
1
2
0
0
1
2
0
0
-1
-4
-1
-1
0
1
0
-1
-2
-1
-1
-1
0
2
0
0
0
0
1
0
0
0
2
1
0
1
-1
-2
0
2
0
-2
-1
-1
-1
0
0
0
2
1
-1
0
0
1
0
-1
1
0
-1
3
5
0
0
-3
-2
0
1
4
2
2
-1
-5
-4
-2
-1
0
2
1
0
0
-2
-1
0
-1
-1
0
2
0
0
0
0
0
2
2
0
-1
1
2
0
0
1
1
0
0
0
-1
0
1
0
1
0
-2
0
0
0
0
1
0
-1
0
1
0
-1
0
0
-1
0
1
0
-1
0
0
-4
-1
1
0
0
0
0
0
0
0
0
0
4
1
-1
0
0
0
-2
0
0
0
-3
-1
1
1
0
1
0
0
0
-1
1
0
0
0
-1
0
0
0
0
1
0
0
0
0
0
1
0
0
1
0
0
1
0
0
1
1
1
1
0
-2
-1
0
0
-3
-1
-1
-1
-1
0
-1
0
1
-2
-1
2
1
0
3
1
1
4
3
1
1
0
1
-1
-1
-2
-1
-1
-3
-2
-2
-2
-1
0
1
2
1
-1
1
2
4
1
1
0
-3
-1
0
0
0
0
0
-2
0
-1
-1
1
0
0
0
0
0
0
0
0
1
1
0
0
1
1
2
-1
0
3
0
0
0
-4
0
0
-4
0
-1
-1
0
-1
0
0
2
2
0
2
4
2
0
0
0
-2
-4
0
0
-2
-4
-4
-3
1
0
-1
0
-2
0
4
0
0
1
2
2
1
1
0
0
0
2
4
1
-2
0
0
0
1
-1
-1
0
0
-1
-1
0
-1
-1
-1
-2
0
-3
-4
0
0
-1
1
2
2
1
2
2
1
2
3
1
0
1
1
0
-2
-1
-1
0
0
1
0
0
0
-1
-1
2
0
-3
-1
0
1
-1
-1
2
-1
0
0
0
2
0
1
2
0
1
-1
-1
2
2
1
-1
-2
0
0
-1
0
-1
-4
-5
-2
-1
-4
-2
0
0
2
3
3
3
4
3
0
0
0
-1
0
0
-1
-1
0
-2
0
1
0
-1
-3
-2
0
1
-1
-1
1
0
3
2
1
2
0
0
0
1
0
0
-1
-2
1
1
0
0
2
2
-1
-2
-2
-3
-4
-2
-2
0
3
3
1
2
0
0
2
1
-2
-4
-2
1
1
-1
-1
0
2
2
1
0
2
0
0
0
2
1
0
0
0
0
-2
-3
-2
-1
-2
-3
0
1
0
0
2
1
0
3
2
1
-2
-2
1
0
0
0
0
0
2
2
0
0
0
-2
-1
0
-1
-1
0
1
0
1
-1
-2
-1
0
0
0
0
1
1
0
0
-2
-1
0
2
0
0
4
2
2
3
0
0
0
-2
-1
-1
-2
0
0
-1
-2
0
-1
1
0
-2
0
2
0
-1
-1
0
0
0
0
0
0
3
2
0
3
3
3
0
-2
0
-1
-2
-2
-2
-2
0
1
-1
-3
0
0
1
0
0
1
0
1
0
0
0
0
0
-3
-2
0
0
0
-4
-1
0
0
0
2
0
0
0
0
0
1
3
2
0
1
2
0
0
1
0
0
1
0
0
1
0
-3
-2
0
0
1
1
1
0
0
-2
-3
0
0
0
2
0
-2
0
0
0
0
0
-1
0
2
-1
-1
0
0
0
0
0
2
3
0
-1
0
-1
-1
-1
-1
0
0
-2
0
1
-1
-1
0
-2
0
0
0
2
1
0
0
1
1
0
0
-2
0
0
-1
-1
1
0
0
1
-3
-3
0
0
0
0
0
1
2
1
0
2
4
0
0
1
0
0
0
-1
2
2
-2
-3
-1
0
-2
0
0
-1
-1
-2
0
1
0
2
1
0
-1
1
0
0
0
1
2
0
0
0
0
0
-1
-1
-2
-1
1
0
-2
2
0
-2
-1
-1
2
0
-3
1
0
0
3
0
1
0
-2
0
0
0
2
2
0
1
1
0
0
1
-1
-1
-1
-1
0
0
0
0
-1
0
0
0
0
0
-1
-4
-3
-1
0
0
0
1
2
1
0
0
1
2
1
1
3
4
4
1
2
0
-5
-1
-1
0
1
1
-1
-2
0
0
-2
-4
-1
2
1
1
-1
-2
-3
-3
-1
1
0
0
0
1
4
0
2
-2
-2
1
-2
-1
1
1
1
0
-2
0
0
0
0
0
0
0
0
0
0
0
-1
0
0
0
0
-3
-1
0
0
0
-1
0
1
1
0
1
1
1
0
-1
0
0
0
1
0
0
0
0
-1
0
0
0
0
-2
-2
1
1
0
0
2
0
0
1
0
1
0
-1
1
3
0
0
-1
1
2
0
0
-2
-1
0
-1
0
-2
-2
0
-1
-3
-1
0
0
0
1
0
-1
1
0
-1
0
3
0
1
0
0
2
0
0
-1
0
0
0
0
0
-1
0
-1
0
1
1
0
-1
-1
0
0
-1
0
1
1
4
2
2
2
0
0
-2
0
-1
-3
-5
-2
1
0
-2
-4
0
-2
-2
-2
-1
-2
-2
1
1
2
3
1
2
1
4
1
0
2
2
0
0
1
0
0
0
0
0
0
-2
-3
0
0
0
1
2
1
0
0
-1
-1
-4
-4
-6
-5
-1
-2
-1
0
1
2
1
2
2
2
1
0
1
2
0
-1
0
-1
-1
1
1
0
0
0
-1
1
0
2
1
0
0
-1
0
-1
-1
0
0
0
-1
-3
-3
1
0
1
1
2
3
0
1
3
0
2
0
1
0
-3
-1
-3
-3
-3
-4
-2
0
2
0
-4
-3
-1
0
-1
-1
2
1
-1
3
3
2
3
3
1
1
1
4
4
1
0
1
2
-2
-1
0
0
-1
-3
-1
0
2
1
0
-2
-2
-2
-1
-1
-2
-4
-3
-1
0
-1
0
2
1
1
2
2
2
1
3
0
0
0
0
0
-1
1
3
0
0
0
3
2
0
-1
-2
-3
-2
-1
-3
-5
-3
0
-2
-1
-2
-1
-1
-1
0
1
3
3
6
4
3
2
3
1
2
1
1
1
0
0
-2
0
2
-1
-3
-2
-3
-1
-1
0
-1
-2
0
-1
0
0
-1
-1
-2
-2
-4
-2
-1
-1
-2
-2
-3
-2
-1
-1
0
0
-2
-3
-1
0
0
1
4
5
3
5
5
8
8
6
4
4
6
5
3
5
2
0
0
-1
-2
-2
-4
-3
-5
-3
-2
-4
-3
-3
-3
-3
-2
-2
-2
-2
-1
-1
-2
-1
-1
-3
-3
-2
0
0
2
1
1
4
3
0
1
2
2
3
3
3
1
1
2
5
4
2
2
1
0
0
-1
-3
-1
-2
0
-2
-3
-2
-2
-2
-2
-1
-2
-2
-1
-2
-3
-1
0
0
-1
0
0
0
0
0
0
1
0
2
6
4
3
0
1
0
-2
-1
0
2
3
1
1
2
1
-1
-4
0
2
0
0
0
-2
-1
-1
-1
0
0
0
0
0
1
0
-2
0
2
2
-2
0
0
-2
1
-1
-2
-1
0
0
1
0
-2
-1
0
-2
-1
0
0
0
1
0
-1
0
0
1
3
0
2
2
0
0
0
0
0
2
1
0
1
-1
0
1
0
0
1
3
2
2
1
0
0
0
0
0
0
-3
-3
-2
-3
-2
-3
-1
-2
-3
-2
-1
-4
-4
0
0
0
2
2
2
0
0
1
0
4
3
2
3
1
0
1
1
0
0
3
1
-1
0
0
-1
0
2
1
0
-2
-1
0
-3
0
0
-1
0
0
0
-2
-3
0
0
0
0
0
0
0
0
0
1
1
1
0
0
0
0
-1
0
0
1
0
1
0
0
0
0
0
1
1
0
-2
0
0
-1
0
0
0
0
-1
0
0
0
0
0
0
0
1
1
0
-2
1
2
0
0
-1
0
3
1
0
0
-1
0
1
0
0
-1
1
0
0
0
-1
0
0
0
0
-2
-1
0
0
0
-1
-2
1
-1
1
0
0
0
0
0
-1
0
0
0
0
0
0
0
0
0
1
0
0
-1
0
0
-1
1
2
0
0
0
0
0
0
0
0
0
1
0
0
1
3
0
1
-2
-1
0
-3
-1
0
-3
1
1
-3
-1
1
1
0
0
1
-1
0
-1
-1
0
0
0
-1
-1
-1
0
0
2
1
2
3
2
0
0
0
-1
0
0
0
0
0
-1
0
0
-1
0
0
-2
0
0
0
0
0
1
1
-1
-1
0
-1
-3
0
1
1
2
2
0
0
0
0
-1
1
2
0
2
0
0
0
-1
0
-2
-2
-1
0
-1
-2
-1
-1
-1
-2
0
-2
0
2
0
2
4
2
1
2
1
4
0
0
0
-1
0
0
0
-1
0
-3
-6
-3
-2
1
0
-1
0
0
1
1
0
3
1
0
0
3
3
0
0
-3
2
0
-2
0
0
0
0
0
0
-1
-1
-1
1
1
-1
1
1
0
0
0
3
2
-1
-4
-3
0
1
0
0
0
-2
-1
0
0
0
0
2
0
0
0
0
0
0
0
0
2
2
1
2
4
0
0
0
-3
-1
0
-1
-3
-4
0
1
0
2
2
0
-2
-2
0
1
0
-2
-1
0
0
-1
0
0
-1
-1
-1
0
0
0
0
0
0
0
2
1
-1
0
0
0
0
0
0
0
0
0
1
0
-1
2
3
1
2
0
0
0
-2
-2
-2
-2
-2
-1
-1
0
2
2
0
-1
0
0
0
0
0
0
-1
0
1
1
0
-1
0
0
0
0
2
1
-1
-1
0
1
0
-2
-1
-1
1
0
-1
0
-1
0
2
1
0
0
0
0
0
0
1
0
0
0
-2
0
0
2
4
1
-1
0
0
1
1
0
0
-1
1
0
-3
-3
-2
1
-2
-4
-2
0
0
0
-1
1
0
0
3
3
1
1
-2
0
3
0
-1
-1
0
0
0
0
1
3
1
-1
0
-2
0
0
-1
-1
-2
0
0
2
2
-2
0
0
-1
-1
0
0
0
0
0
0
0
0
0
0
2
1
0
0
-1
0
0
2
1
0
1
4
-1
-1
-1
-2
-2
-1
1
0
1
1
0
0
-3
0
0
0
0
0
0
0
0
0
-1
-1
0
0
0
0
-1
-1
-1
0
-1
1
0
0
2
1
2
0
0
0
0
0
1
0
-2
0
-1
-2
0
0
2
3
2
2
2
0
-3
-2
-1
-2
0
0
0
-1
-1
0
0
-2
0
0
0
2
1
0
1
0
0
-1
0
0
-1
0
0
0
0
0
0
-1
-1
-1
1
0
0
1
1
2
0
0
0
-1
1
0
1
2
1
1
0
0
0
-1
0
0
-1
-3
0
-1
0
0
-1
-1
-1
0
0
-1
0
0
0
1
0
0
1
2
0
0
0
0
0
1
1
-1
0
1
0
-1
0
0
0
0
3
2
0
-1
0
0
-1
-2
-1
0
0
-2
-1
1
2
1
0
-1
0
0
0
0
0
-1
0
1
0
1
0
0
0
-1
0
2
-1
0
-1
0
0
-1
1
0
0
0
0
3
1
0
1
1
0
0
0
0
0
-1
-2
-1
-1
-1
-1
1
0
-2
0
0
0
0
0
0
1
0
-1
0
-2
0
-2
-1
0
0
3
3
4
3
1
2
3
0
-1
-2
-3
0
0
0
1
0
0
0
0
-1
0
0
0
3
3
0
-1
-2
-2
-4
0
0
1
4
2
3
0
0
-1
-3
0
0
0
2
1
-1
-1
0
-1
0
1
-1
-2
0
-1
-2
-2
1
0
0
0
1
1
0
-2
-1
0
0
0
0
0
1
0
1
0
2
1
1
1
-2
2
0
-1
0
-1
0
2
0
-1
0
3
2
0
1
0
0
0
0
-1
-1
0
2
0
0
0
0
-1
-1
-2
-2
-2
0
0
-4
-3
1
-1
-2
0
1
2
0
0
1
2
1
1
2
1
0
5
3
1
-2
-1
-2
-4
-1
1
0
-3
-1
0
-1
-1
1
2
1
0
1
0
-2
-1
0
0
1
0
0
-1
-1
1
-2
0
1
0
-1
0
-1
0
-1
-1
3
0
0
2
1
0
0
2
2
0
1
-1
1
3
-1
0
-1
-2
0
-1
-1
-1
-3
0
1
-1
0
1
-1
-1
1
0
0
2
3
1
2
1
0
0
0
0
0
0
0
-1
-1
-1
-1
-1
-1
0
-2
-1
0
0
1
0
0
0
0
1
0
0
2
3
0
-2
0
0
0
0
-1
-1
0
2
0
-1
0
0
0
-1
-2
-1
-1
0
2
1
1
1
0
0
1
1
0
-2
0
2
3
0
-1
1
2
0
-3
-2
-1
-3
-3
-1
-1
0
4
2
0
0
-1
-1
-1
-1
0
0
1
1
1
0
1
4
5
0
1
0
-3
0
0
-1
0
-2
0
-1
0
0
-1
0
0
0
0
0
0
0
0
0
0
-1
-2
0
3
3
2
0
-1
-2
0
-1
-2
-1
1
1
3
1
1
0
0
3
1
0
2
0
0
-1
-2
0
0
-1
0
-3
-5
-4
-5
-4
-2
-3
-2
0
3
4
5
6
5
2
2
7
7
3
3
4
2
0
0
-1
-6
-3
-4
-5
-2
-3
-3
-6
-6
-6
-6
-7
-6
-1
0
2
3
2
1
-4
-11
-11
-11
-6
-4
0
5
1
4
3
1
1
2
3
8
12
15
25
23
21
20
19
16
12
9
9
5
4
2
-1
-11
-19
-25
-29
-26
-32
-31
-29
-31
-27
-26
-19
-14
-13
-5
3
8
16
22
24
28
27
27
28
25
25
21
19
18
9
7
3
1
-2
-2
-2
-6
-5
-5
-7
-8
-10
-6
-5
-3
-5
0
0
-4
-3
-1
-1
-3
-3
-3
-1
-2
-6
-6
-5
-6
-5
-5
-3
-5
-4
-2
-1
0
1
6
7
9
11
9
10
13
12
13
13
9
5
-1
-1
-2
-6
-5
-8
-9
-6
-5
-4
-6
-4
-3
1
4
2
0
1
3
1
0
0
2
1
-1
-3
-3
-1
-2
-3
-1
-2
-3
0
0
2
2
3
5
4
1
4
4
3
2
3
1
-1
-1
-3
-3
-3
-5
-7
-5
-6
-6
-3
-3
-4
-1
0
0
0
0
3
5
3
6
5
5
6
6
2
3
2
0
1
1
-2
0
0
-1
1
3
0
-1
3
0
0
1
-1
0
-2
-4
-5
-5
-8
-7
-5
-7
-8
-6
-7
-7
-4
-3
0
0
3
5
7
11
10
16
17
14
17
17
12
11
9
3
-1
-1
-8
-10
-13
-17
-17
-19
-20
-19
-17
-13
-10
-8
-4
-2
-1
4
6
8
8
11
13
9
8
7
7
4
4
2
1
0
2
0
-1
0
4
5
5
6
7
11
9
8
8
9
8
4
1
0
-3
-10
-12
-14
-19
-22
-20
-23
-25
-23
-21
-16
-14
-11
-7
-6
0
3
4
7
10
13
16
18
19
19
20
18
20
15
12
13
8
3
3
2
-2
-4
-8
-10
-8
-7
-9
-8
-5
-4
-1
1
2
0
0
0
0
0
-4
-4
-2
-5
-5
-5
-7
-7
-5
-4
-3
-1
0
1
1
0
3
0
2
6
2
1
2
3
2
2
6
6
4
4
9
5
3
4
1
0
-1
0
1
-2
-4
-2
-1
-3
-3
-2
-3
-3
-3
0
-2
-4
-1
-1
-3
0
-1
-2
-2
-3
-1
0
1
3
3
1
1
0
0
2
4
2
2
1
1
2
2
1
3
0
4
2
0
0
0
0
0
0
0
-4
-5
-6
-5
-3
-1
-2
-2
-1
-3
-1
-1
0
1
0
0
0
2
3
1
2
1
4
3
3
2
1
0
-3
-1
-2
1
1
0
1
0
0
-4
-2
-1
-2
-1
-1
0
-1
-1
-2
-3
-3
-3
0
0
3
2
-1
-1
-2
-1
-1
0
-1
-2
0
-1
0
2
2
4
6
5
5
7
6
4
4
3
3
3
2
0
-2
-3
-7
-7
-6
-8
-9
-7
-7
-10
-6
-6
-8
-4
-2
-1
0
3
5
7
9
9
10
14
12
11
11
9
7
6
4
2
1
0
-5
-8
-8
-8
-12
-12
-11
-12
-10
-11
-12
-6
-4
-4
0
-1
2
5
3
4
5
8
9
11
8
7
10
10
3
3
3
-1
0
-1
-3
-3
-2
-2
-6
-6
-4
-5
-2
0
-4
-2
-2
-2
0
-2
-2
0
-1
0
1
0
0
1
1
1
1
2
0
0
3
2
1
0
0
-1
-1
0
1
2
0
1
3
3
4
0
-1
-2
0
0
0
0
0
-1
0
1
0
0
0
0
0
-2
-2
-1
-1
0
1
-1
0
1
0
1
0
-1
0
-2
-1
-1
-2
0
0
1
1
-1
-1
3
0
1
2
0
3
1
0
3
2
0
0
0
1
0
1
-2
-3
-2
-1
-3
-2
0
1
0
-3
-2
0
0
1
0
0
0
0
0
0
1
0
0
1
3
2
2
3
0
-2
0
0
0
1
0
1
0
-1
-2
-3
-2
0
0
-1
0
1
0
0
2
1
1
0
-2
0
0
-2
-2
1
0
0
2
0
0
0
2
0
-1
1
3
1
0
0
0
0
0
-1
0
0
0
3
2
0
-2
0
0
0
-1
-2
0
0
-1
-3
-1
0
-1
-1
0
0
0
-2
0
2
0
2
5
2
-1
1
0
0
0
1
0
-1
0
0
0
0
0
-1
0
0
0
-2
1
-1
-4
0
0
0
0
0
1
0
0
1
0
-1
0
0
0
0
0
0
-1
0
1
0
0
2
0
1
0
1
3
-1
0
0
0
0
0
1
0
-1
0
0
-1
0
1
0
0
1
1
-1
0
0
-1
-1
1
1
0
-2
-1
0
0
-1
0
0
1
0
-1
-1
0
0
-1
-2
0
0
0
0
-1
2
1
0
1
-2
-2
0
2
1
1
1
0
1
-4
0
0
0
0
0
0
-1
0
-2
2
0
-1
0
0
1
-1
3
0
0
0
-2
0
1
1
0
0
-1
0
1
0
-1
1
1
0
0
-1
0
0
0
-1
0
0
2
-1
1
1
-1
0
-2
0
-1
0
3
0
0
0
0
-1
-3
1
1
0
-1
0
2
2
0
0
0
0
2
1
2
0
2
0
-3
-1
0
0
-1
0
0
0
1
-1
0
0
-1
-3
-1
-1
-1
3
2
1
0
-3
-3
-3
-1
1
0
1
-2
-3
0
0
-1
2
2
0
2
0
-2
0
4
2
1
3
1
0
2
2
0
0
0
-1
-1
0
0
0
-2
-4
-1
0
-2
-2
-2
0
1
-1
-1
0
0
-1
0
2
1
0
0
1
1
2
1
1
2
3
1
0
0
0
-1
-4
0
1
0
-2
0
-2
0
-2
-1
0
0
0
1
2
0
-1
0
0
0
-1
-2
-1
1
2
-1
2
2
-1
0
1
0
-2
0
1
2
0
1
1
0
0
-3
-2
-1
-2
-3
0
0
0
0
0
0
1
0
0
2
0
1
0
0
-2
0
0
-3
0
0
0
1
0
1
-1
-1
1
-1
0
0
-2
0
0
-1
0
0
0
0
3
4
1
0
1
1
2
1
0
0
0
0
-2
-1
-2
-3
-2
-3
-2
0
0
-3
0
0
-2
-1
0
-1
0
2
1
2
1
2
2
1
1
1
2
1
0
1
2
1
0
0
-1
0
0
0
0
0
-4
-2
0
0
-1
0
0
-2
0
0
0
-1
-1
0
3
3
0
0
-1
-1
1
0
0
1
1
-1
-1
-1
0
0
0
0
-1
-1
0
0
1
0
-2
1
1
-2
0
0
1
0
-1
1
0
1
-1
-1
1
-1
0
0
0
1
0
0
2
-1
0
0
0
0
0
0
-1
0
0
-1
1
0
-1
0
0
0
0
0
0
-1
0
2
2
0
0
1
0
0
1
0
0
-2
0
1
0
-1
-1
0
0
0
-1
0
1
-1
0
0
-1
1
0
0
0
-1
-1
0
-1
0
0
-1
0
0
-1
0
0
0
0
-1
-1
-1
2
1
1
0
0
1
1
0
0
0
0
0
-1
0
1
0
0
0
0
0
-1
-1
-1
0
0
0
0
-1
-3
-2
-1
0
1
0
0
0
3
2
0
-1
0
0
1
1
0
1
3
0
-1
-1
0
1
1
0
0
0
0
-1
-1
0
1
0
-1
-1
-1
0
0
-1
0
-2
0
0
1
2
2
2
-1
0
1
0
0
0
1
0
0
0
-3
0
0
0
-1
-1
0
0
-1
0
1
1
1
-1
0
1
1
0
0
-1
-1
0
-1
-2
-2
0
0
-2
0
0
-2
-2
-1
0
0
0
0
0
3
2
0
0
2
0
1
1
0
3
0
0
0
0
0
0
2
0
-1
0
0
0
0
0
0
0
-1
-3
0
0
-3
-2
-1
0
2
0
0
1
0
2
2
0
0
2
0
0
0
-1
0
0
-1
-1
-2
0
-1
-2
0
1
0
0
0
0
0
0
-1
1
2
0
1
0
0
1
-3
-1
1
-1
-1
0
-1
-1
1
2
0
0
0
0
-1
1
2
1
-1
-4
-1
0
0
0
-1
0
1
0
1
0
-1
-1
0
2
1
0
0
-1
-1
0
1
0
0
0
2
2
1
0
-1
1
0
0
-1
-3
-1
0
0
0
0
0
0
2
1
-1
-1
0
0
0
0
0
0
0
2
0
1
1
-3
-2
0
0
0
0
0
2
0
-1
0
0
0
-1
-1
1
0
0
0
0
3
1
1
1
0
-2
-3
1
1
-1
0
0
0
0
0
0
0
0
0
0
-1
0
0
-2
-4
0
3
1
0
-1
-1
0
0
0
1
0
-1
1
1
2
3
2
1
0
0
0
1
1
0
-1
0
0
0
0
1
0
0
-1
-2
-1
-2
-2
0
0
-1
0
1
0
0
0
0
0
1
0
-2
-1
1
0
1
1
1
1
0
0
0
0
-1
0
1
0
0
0
1
0
1
0
0
-2
-1
0
0
1
0
0
-1
0
0
0
0
-1
1
0
0
0
0
0
-2
0
-1
-3
0
-1
-1
-1
-3
-2
0
1
1
1
2
2
2
-1
0
2
3
0
2
1
0
0
0
-3
0
1
1
0
-1
-1
-4
-3
0
0
-1
0
0
0
0
0
0
0
-1
1
0
-1
1
1
0
1
1
0
1
0
2
0
0
1
0
0
0
1
0
0
0
0
0
0
1
1
0
-1
0
0
1
0
-1
0
0
0
0
0
0
1
0
0
0
-1
0
-2
-4
-3
0
0
0
0
0
0
2
3
1
1
0
0
2
1
3
4
2
1
0
-1
0
1
0
0
-2
-1
-2
-2
-2
-2
0
-1
-2
-1
-2
-3
0
1
2
2
1
0
1
0
1
0
-1
-1
0
0
1
1
-1
0
1
-1
-1
3
4
0
-1
-1
0
0
-1
0
0
-1
-2
0
-2
0
2
0
-1
-1
0
-2
0
0
2
1
1
2
0
2
0
-1
1
0
1
0
-1
0
0
0
0
-2
0
0
-2
-3
-3
-1
-1
-1
-1
0
1
0
0
1
3
3
0
3
3
0
1
2
0
0
0
0
0
0
-3
-1
-2
-2
-2
0
-1
-4
-1
0
0
0
-1
0
0
0
0
0
3
3
1
2
0
0
0
0
2
1
0
-1
0
0
0
0
0
0
0
1
0
-1
0
0
0
0
-1
-1
0
2
0
-1
0
-1
0
-1
0
1
0
0
0
-1
-1
-1
1
0
0
0
0
1
-1
-1
0
-1
0
0
0
0
2
2
2
-1
-1
0
1
1
-2
0
0
-2
0
-1
1
1
0
0
1
0
1
2
0
2
-1
-2
0
-2
-1
0
-1
1
0
0
0
0
1
0
-1
1
0
-2
-2
0
0
-2
-1
0
0
1
0
0
1
-1
3
1
0
0
2
1
-2
-1
0
2
0
-1
1
0
0
0
-1
0
0
0
0
0
-1
-1
-1
-2
-1
-2
0
0
0
0
0
-1
-1
2
-1
-2
0
1
1
0
1
1
0
1
1
0
0
3
2
-1
0
-1
2
1
-2
0
2
0
0
0
0
0
1
1
-2
1
0
-1
-1
-5
-2
0
-1
1
1
-1
1
-1
-2
-1
-3
-1
3
1
0
1
1
0
0
0
0
1
0
2
0
-1
0
0
0
1
1
2
2
0
-1
0
-1
0
0
0
0
-2
0
-1
0
1
-2
0
-1
-1
0
0
0
1
0
0
0
-1
0
1
0
1
0
-1
0
0
0
3
0
-2
1
0
0
0
1
0
-1
2
0
-1
0
0
0
0
1
0
0
0
-2
-1
-3
-2
2
0
-1
0
0
3
2
-1
-1
1
0
0
3
-1
0
0
-3
1
0
-2
0
0
1
1
0
-1
1
0
0
2
0
1
1
-2
-1
0
-3
0
0
0
0
-2
0
0
0
-1
-1
0
1
2
1
2
2
0
1
-1
0
-1
-2
0
-1
-1
0
0
0
1
0
-1
1
1
0
-1
0
-1
-1
1
0
0
0
-1
-2
0
1
0
0
0
0
0
2
1
0
0
1
-1
-2
1
0
-2
0
0
0
0
0
3
1
0
0
-1
0
1
0
0
0
0
-1
0
1
-1
0
-1
0
1
3
2
0
1
0
-1
2
0
0
1
-1
-1
0
0
0
0
0
0
0
0
0
1
0
-2
1
-1
0
1
-1
0
1
-1
0
0
-1
0
-1
0
0
-2
-1
-1
-1
-1
0
0
0
0
0
0
0
0
1
0
-1
0
0
1
0
2
2
-2
0
0
-1
-2
-2
0
0
1
1
1
1
0
-1
0
1
0
2
1
0
0
-1
-2
0
-2
0
2
-1
1
1
1
0
0
0
-2
1
1
-2
0
-1
-3
-2
-1
0
-1
0
1
0
0
0
0
1
0
0
0
1
-1
0
2
3
2
0
1
2
0
2
3
0
-1
1
1
0
0
-2
-5
-2
-2
-2
0
0
0
0
-1
0
0
-1
2
1
0
-1
-2
-2
-2
0
-1
-1
0
1
0
-1
0
-2
1
0
-2
0
2
0
1
0
0
2
-1
2
0
0
0
-2
0
1
0
-1
0
0
0
-2
0
3
1
0
0
1
3
0
-2
0
0
1
-1
-1
0
-2
-1
0
-2
-3
0
0
0
0
0
1
0
1
1
0
0
0
1
0
1
2
0
0
0
0
2
-1
-1
1
0
0
0
0
-1
0
2
2
0
-1
0
0
0
-1
0
-1
0
1
-1
-1
0
-2
-1
-1
0
0
-2
0
0
1
1
1
0
0
-1
1
4
0
1
0
-1
1
1
0
1
0
-3
0
2
-2
0
0
0
-1
2
0
-1
0
-2
0
0
0
0
0
-1
0
-2
-2
0
0
0
0
-2
-2
-2
-1
1
0
1
1
1
2
1
0
0
2
2
1
1
2
3
2
2
3
-1
0
3
3
1
0
-4
-4
-3
-5
-2
0
-1
0
0
-1
-3
-6
-3
-1
0
0
2
3
0
2
1
2
0
1
2
3
3
3
4
0
1
3
0
0
-1
-1
-1
-2
-1
-1
-1
-4
-2
-1
-3
-3
0
-1
-2
0
0
0
0
1
1
1
1
1
1
1
1
0
-2
-3
0
1
-1
-1
0
0
1
0
-1
0
1
3
5
3
2
2
0
0
-2
0
1
-1
0
-1
0
0
0
-2
-1
0
-2
0
1
0
-1
-1
-1
1
-1
3
2
-1
0
-1
-2
3
3
0
1
0
-5
-2
-2
-2
1
0
1
1
2
3
-1
0
0
0
0
2
5
1
-1
1
0
-3
-3
-1
-1
0
0
1
0
-2
0
-1
-2
-2
-2
2
3
0
0
-1
0
4
1
0
0
0
2
1
0
0
-1
0
0
-4
-2
-2
-3
-1
0
-2
-2
0
-1
1
0
-4
2
1
-2
0
3
0
0
-1
0
0
0
1
-4
0
0
1
4
-1
1
3
3
1
2
0
1
3
0
4
2
3
3
1
0
1
0
-2
0
0
-3
-3
-3
0
-3
-6
-3
-3
0
0
1
0
0
-2
2
2
2
0
2
3
0
0
3
-3
-2
0
0
1
-3
0
0
-1
-4
0
2
1
0
0
3
0
0
0
0
4
0
0
-3
0
2
-1
-3
-2
1
-2
-1
-1
0
0
0
0
0
-1
0
1
0
0
2
5
2
3
3
1
0
0
3
0
0
-3
0
0
-5
-1
0
0
-4
-1
2
-1
-2
1
0
-3
0
4
-1
0
1
-1
-2
0
-1
-3
2
0
-2
3
2
-1
-1
2
6
0
1
6
1
-1
2
5
0
0
3
3
0
0
1
1
0
-4
-2
-2
-5
-1
-4
-7
-2
-5
-6
-5
0
-4
-3
-1
-4
-2
2
3
0
4
4
3
2
3
9
1
0
7
3
0
3
4
1
0
0
-1
1
0
-1
-5
0
7
-5
-5
0
1
-4
-9
-1
1
-5
-13
-3
0
-1
-3
-12
2
9
-8
-6
9
5
-2
1
5
6
1
2
14
0
-3
11
4
4
9
0
5
13
0
-1
3
2
4
-4
-8
6
-7
-20
4
0
-25
-8
7
-7
-5
-3
-15
-10
19
5
-30
-1
27
0
-26
9
27
-3
-15
-2
12
34
-3
-33
18
26
0
-17
-17
37
28
-51
-17
37
6
-3
-2
-18
0
23
-9
-24
10
14
-7
-11
-25
-4
48
-3
-56
1
22
-20
4
11
-34
-6
27
-13
-15
36
8
-43
0
37
9
0
-4
3
8
1
7
6
5
10
1
-31
6
44
-8
-11
5
0
-2
0
4
1
7
-16
-34
23
26
-29
-23
27
1
-31
-3
-6
8
17
-6
-38
-6
60
-2
-65
-3
60
16
-39
-10
28
24
-10
1
0
0
53
-12
-44
23
37
11
-37
7
43
-19
-12
4
0
23
-12
-28
5
25
-16
-52
13
28
-12
-45
-8
39
-24
-21
9
-13
15
-20
-20
17
0
-3
-31
-3
32
-1
-34
-8
26
5
-2
-19
-6
35
-2
15
-18
-3
53
2
-25
17
7
7
53
-59
6
27
0
56
-68
-7
33
10
18
-65
15
24
13
-17
-70
44
35
-33
-15
-41
55
2
-33
12
-31
47
-32
-17
28
-14
9
-34
18
-2
23
-4
-37
51
-22
17
24
-27
25
15
-24
15
14
-6
29
-15
-19
43
15
-36
-2
32
-11
-14
3
-9
4
31
-49
-10
52
-43
-15
9
3
-35
19
-4
-52
51
-33
4
-15
-29
34
-10
4
-42
47
0
-26
16
-5
59
-44
-28
46
48
-25
-37
44
10
38
-31
-43
73
26
-33
-11
-7
47
40
-52
-14
-2
23
27
-44
-22
50
-31
-11
27
-62
44
5
-32
-25
37
-9
-28
39
-69
41
22
-50
11
21
-1
-38
35
-24
37
14
-81
71
0
-6
14
-45
50
27
-62
17
40
8
-37
6
19
-4
3
-37
37
13
-50
-8
26
6
-11
-37
22
9
0
-17
-14
25
-9
27
-47
-22
68
9
-62
-15
45
18
-25
-27
19
23
3
-30
5
27
-10
-12
1
41
-24
-16
1
14
10
-17
19
-46
28
19
-37
1
12
23
-64
-6
48
-3
-31
-1
-4
29
15
-34
-15
7
34
4
-40
26
21
-40
28
3
6
-14
13
3
-29
48
-7
-14
37
-43
-11
120
-34
-95
43
54
-4
-35
53
-41
-49
90
-8
-80
37
42
-70
-21
45
-1
-29
-2
-22
19
-13
51
-75
22
17
-37
47
-28
-11
11
16
-5
1
31
-10
-30
22
22
35
-63
13
7
40
-2
-57
58
0
-15
-3
-30
52
-8
-25
-17
32
0
-42
41
-18
-11
6
-28
10
8
22
-24
-56
61
9
-41
-3
21
-4
-18
15
-3
-4
48
-37
-6
23
-15
15
1
8
-24
1
29
-17
3
15
-22
11
0
4
0
0
4
-6
-6
-1
24
-26
-9
23
-13
14
-13
-15
16
-3
-5
14
16
-31
3
17
3
-2
14
-33
0
30
-16
14
1
-13
-27
29
13
-20
-18
17
10
-38
27
8
-16
29
-31
-2
25
-1
5
2
-6
16
19
-21
15
-21
37
-18
-52
50
0
-41
17
-21
-12
36
-45
-26
29
16
-14
-64
37
43
-37
-14
3
42
-33
10
12
6
23
-12
17
-24
21
35
-45
33
34
-38
-40
40
18
-17
-23
0
34
-55
34
0
-22
1
5
-11
28
-14
-69
103
-16
-53
31
-2
-11
15
29
-46
-12
22
0
-1
-31
46
-5
-69
69
-6
-8
33
-63
38
14
-20
25
4
-24
2
47
-23
-13
20
-13
6
-10
0
18
-6
-15
-7
-1
9
3
-13
-28
15
15
3
-8
-20
21
-4
-4
10
-7
-2
15
-20
5
24
-25
-8
6
6
0
-11
6
-17
7
30
-18
-4
4
0
12
6
-9
17
-18
8
17
-35
18
13
-36
22
-4
-15
29
-30
-5
27
-19
-10
16
-19
11
-4
-1
24
-26
6
6
9
-5
-14
18
7
-12
6
11
-24
11
7
-10
14
-2
-9
5
6
-6
9
-4
-17
38
-34
23
14
-51
64
-30
-23
50
-43
-1
20
-17
-1
-2
7
-4
-7
-6
6
10
-27
12
6
2
0
-26
41
-18
-6
28
-43
13
19
-3
-18
4
24
-20
9
5
0
-10
0
19
-43
25
8
-30
41
-36
10
17
-39
44
-15
-30
34
0
-5
-16
0
30
0
-32
8
25
-11
-11
-6
12
3
-18
17
-10
-6
27
-13
-9
6
17
12
-46
28
29
-58
29
25
-37
21
6
-18
4
8
0
-5
4
5
-13
-2
11
-13
-1
8
-12
15
-4
-19
21
0
-20
2
12
-6
-7
13
-10
-8
20
-5
-21
6
20
-7
-24
10
11
-7
4
0
3
7
-8
0
3
-8
13
-1
-17
14
9
-8
-5
8
4
-14
12
0
-15
11
-7
-11
7
2
-9
-3
8
0
-6
-3
8
0
-4
13
-5
-8
12
1
-6
3
4
-7
3
12
-6
-9
6
13
-8
-3
14
-3
-1
3
-5
-1
4
3
-7
-2
4
-2
-3
0
-2
0
4
-6
-4
8
0
-6
-3
4
5
-5
-2
4
-1
2
0
-5
6
4
-1
0
-3
-1
0
-3
-2
1
2
1
3
0
-2
1
3
0
-3
1
2
0
-1
0
-2
-1
0
-1
-1
2
1
-2
-3
0
-1
1
0
1
2
-3
-1
-1
-3
-2
-3
0
0
3
0
0
0
-2
-1
0
0
-1
0
1
1
0
0
0
2
2
0
0
0
1
2
0
0
2
-1
-2
-2
0
0
2
0
0
0
0
0
0
1
0
0
1
0
-1
-2
0
-1
-1
0
0
0
2
2
0
0
2
0
-2
0
0
1
-1
0
0
-1
0
1
-1
-2
1
0
-2
1
-1
0
2
-1
-2
0
2
0
-2
0
0
0
1
0
0
0
0
2
1
0
0
-3
-1
0
1
1
0
0
0
0
-1
1
0
0
-1
-3
1
1
1
3
0
-2
-1
-3
0
-1
-1
-1
0
0
0
0
1
0
1
2
0
1
0
1
0
-3
0
3
-1
0
0
-1
-2
0
1
1
0
1
0
-1
-1
-2
0
-1
-3
-4
-1
-2
0
1
0
0
-1
0
0
-2
1
5
1
2
4
4
4
3
4
4
4
1
1
0
0
0
0
1
1
0
-2
-3
-3
-4
-5
-4
-7
-5
-4
-5
-2
0
-1
-2
-3
1
3
2
1
1
1
2
3
1
1
2
1
0
-1
0
3
2
-1
0
0
0
-1
-2
-1
0
0
0
3
4
2
3
1
0
0
-2
-1
0
-1
-1
-2
0
0
-4
-1
-2
-1
-3
-2
-1
-4
0
0
0
2
2
3
4
3
3
1
0
0
1
0
2
0
-2
1
1
-1
0
0
1
0
2
1
0
0
-2
-3
0
0
-1
0
0
1
0
-2
-2
-4
-5
-4
-2
-2
-1
0
-2
1
3
-1
0
0
0
1
2
2
3
3
0
1
3
5
7
7
0
-2
-4
-1
0
2
0
-3
-7
-7
-3
4
8
2
0
-5
-5
-5
1
3
4
1
-4
-5
-2
-1
4
5
1
-3
-4
-5
1
7
7
5
-2
-7
-7
0
4
7
4
-2
-5
-10
-1
7
8
5
-2
-7
-5
-1
2
5
4
-1
-6
-4
0
1
5
3
-1
-4
-2
1
4
4
3
2
0
0
1
4
0
1
0
-3
-4
-1
-1
-1
-1
-1
-1
0
0
-1
-1
-1
-1
0
0
0
-2
-1
-1
0
0
3
4
-1
-3
0
-1
-1
3
5
3
1
0
2
1
2
5
2
0
2
1
-1
0
1
0
0
2
0
0
2
1
0
-2
-1
-3
-5
-4
-5
-5
-7
-7
-4
-8
-8
-2
-5
-3
-2
-2
-3
-3
-3
-3
-1
0
1
2
1
3
5
6
6
8
8
5
6
7
8
11
10
10
8
5
8
7
10
7
1
3
2
-1
-2
-3
-5
-5
-6
-8
-8
-10
-12
-11
-10
-10
-12
-12
-11
-12
-9
-10
-10
-6
-6
-5
-3
-2
-1
1
4
5
5
7
9
10
8
9
12
9
7
12
10
7
7
6
2
0
0
-2
-4
-3
-5
-6
-4
-5
-4
-4
-5
-4
-5
-2
-2
0
3
3
2
4
1
0
1
4
2
2
2
2
2
-1
-2
-1
0
-1
-2
-1
-2
-4
-4
-1
-2
-2
-1
0
0
-1
0
3
0
1
2
4
4
2
5
3
1
-1
0
3
3
1
-3
-1
2
8
15
9
4
-6
-10
-5
3
11
5
0
-7
-13
-5
5
13
8
-1
-10
-13
-10
-7
0
-2
-7
-9
-7
0
-3
0
-2
-6
2
3
2
0
-6
-5
3
10
12
7
-1
-5
-6
-4
4
8
11
9
0
1
-1
-2
5
7
9
9
2
-4
-9
-7
-1
9
9
1
-8
-15
-9
-3
-2
1
4
3
-5
-9
-6
0
2
-2
-5
-5
-1
4
5
6
-2
-5
3
8
11
5
-6
0
6
8
13
-2
-6
0
-3
-1
6
9
6
-11
-23
-12
10
45
35
-12
-45
-43
-52
-63
-5
57
78
79
34
-18
-49
-58
-2
-10
-61
-4
35
-12
-70
-300
31
814
632
19
-646
-1097
-601
192
725
789
333
-187
-380
-317
-17
206
77
12
-162
-201
51
143
278
-9
-325
-99
50
261
337
-180
-436
-250
-137
219
354
311
243
-157
-301
-226
-185
1
58
16
83
-10
64
149
76
94
-100
-65
-1
-142
-52
-19
55
129
62
-40
-143
-74
-2
153
208
-34
-109
-155
-125
179
193
97
-6
-259
-121
-28
20
152
24
-1
-75
-76
93
81
58
28
-105
-125
-31
-3
54
76
35
-6
-33
-16
-50
11
43
-4
36
-13
-61
-39
15
80
62
45
-13
-46
-25
-30
-4
-15
-46
-13
6
41
57
53
57
-49
-52
-20
-64
17
43
22
-32
-69
8
7
0
8
5
12
3
17
44
10
-21
11
-21
-15
1
-49
-6
-13
-15
36
24
48
27
-34
11
38
-11
-12
-5
-16
-41
-40
-1
-11
-12
37
58
20
-12
-26
3
35
20
18
-42
-49
-3
-11
22
12
-19
-15
12
32
-14
-13
0
0
12
-1
0
-18
-18
33
36
4
-5
-9
-23
-20
2
14
-1
-13
-2
-6
16
31
11
9
-26
-27
15
6
8
-1
-20
-4
-6
-5
12
4
-2
10
17
3
-5
2
-11
-21
-10
-7
6
6
-7
-1
-5
-6
21
28
7
-3
-3
-8
-6
0
-3
-3
5
8
5
1
-6
-3
-2
0
7
5
-1
-6
-9
-6
-1
6
11
5
4
13
0
-18
-15
-9
-3
3
6
2
-7
-6
6
12
10
3
2
-10
-12
-6
-2
2
1
6
14
11
4
0
-6
-13
-12
-1
3
3
5
5
1
0
0
1
2
-5
-4
3
5
5
0
-4
-4
-10
-15
-5
2
9
15
9
0
-2
-3
0
-1
-8
-10
-6
-2
5
9
8
7
0
-3
-5
-7
-7
-9
1
16
11
6
1
-5
-3
-5
-4
2
3
0
0
-1
3
1
0
1
-1
-2
-3
-3
-1
-2
0
2
4
2
-4
-3
-2
3
2
0
1
0
2
2
-4
0
2
0
6
3
0
0
-5
-6
-2
-1
0
0
2
0
-1
0
0
0
-1
1
2
0
2
0
-4
0
1
0
2
2
0
-2
1
-2
-4
1
0
0
2
0
-1
-2
0
2
-1
-2
0
-2
0
3
0
1
1
-3
0
-1
0
2
3
1
0
-1
-2
-1
-1
-1
3
3
0
0
0
0
2
0
-1
0
-2
0
1
-1
1
2
3
0
0
0
0
-4
-3
1
3
0
-2
-1
0
-1
-3
2
0
-1
1
2
0
-3
-2
0
-2
-1
-2
2
2
1
2
0
1
1
-1
0
-1
2
3
1
0
-3
0
0
0
0
4
0
0
-1
-1
0
-4
2
2
0
0
-2
0
1
-1
0
-1
-1
-1
0
0
0
0
0
0
0
3
-1
0
0
-2
0
1
0
1
2
1
0
-1
-3
-1
2
0
0
1
1
0
0
0
-1
0
2
0
-1
-1
0
-2
-1
0
1
0
-2
1
0
2
3
0
-1
-1
-1
-1
0
-4
-1
3
3
0
1
1
0
2
1
-1
-1
-4
-4
3
5
0
0
0
0
2
-2
-5
-4
0
0
-2
0
0
5
5
0
-1
0
-2
-1
4
1
0
1
0
2
-1
-2
-1
-1
-2
0
1
-3
-1
3
0
-1
3
-2
-5
0
-1
0
3
0
0
2
2
-2
-2
1
4
1
-1
3
1
3
4
-2
-2
-2
0
0
-1
-2
-1
0
-2
0
0
0
-1
0
1
-1
1
0
0
0
-1
1
2
1
0
0
1
-1
2
0
0
0
-1
2
0
0
0
0
0
-2
0
1
0
1
0
-1
0
0
-3
-3
-2
0
2
0
1
0
1
0
0
-1
-3
-2
0
1
0
0
0
0
1
1
0
0
-1
0
0
-1
0
3
2
0
1
0
0
0
-1
0
-1
1
0
-2
0
4
3
0
1
0
-2
0
-1
0
0
-3
0
1
-5
-2
0
0
0
-1
0
2
2
0
-1
2
1
2
4
0
2
0
-4
1
-1
-4
-1
0
1
0
-1
0
0
-2
-3
-1
0
1
0
-1
1
1
0
1
0
0
1
-1
-1
-2
-1
2
2
0
3
1
-1
0
4
-1
-2
0
2
3
0
-2
-1
-2
0
1
-1
4
2
-4
-1
2
0
-1
2
0
0
-1
0
3
-2
0
0
-1
0
-1
-1
-2
-1
0
1
1
-2
-1
2
2
-1
0
0
-2
-2
0
1
-1
0
2
0
0
1
1
-1
1
0
0
0
2
5
0
0
1
0
-1
2
0
-3
-3
-1
-2
-1
0
-2
3
0
-4
2
-1
-3
0
0
-1
0
-1
-1
0
0
-1
-1
1
0
1
0
0
2
2
1
0
2
2
0
3
1
0
2
0
1
3
-3
-3
0
-1
-1
0
-3
-2
1
-1
-2
0
0
0
0
-1
-1
3
1
0
1
0
0
2
0
0
1
0
-2
0
0
-1
2
1
-2
-1
-2
0
0
-2
3
0
-2
0
0
0
-1
0
-1
-1
1
0
1
3
0
0
0
-3
-1
2
0
0
1
-2
-1
1
0
0
0
0
0
0
2
2
0
2
0
-5
-1
0
0
0
0
0
-2
-2
-2
1
1
-2
0
-2
-2
1
2
2
0
-2
0
0
-1
0
1
0
0
3
0
-1
0
1
-2
-5
1
0
0
3
0
2
7
0
-4
2
1
-2
0
0
0
0
2
0
0
2
-1
0
0
-3
-3
0
-1
-2
0
-2
0
1
-1
-2
0
-2
0
2
1
0
1
1
0
1
2
-1
0
0
-3
-1
1
2
1
1
1
1
-1
0
0
-3
-1
0
0
0
-1
-1
-1
-1
0
0
-1
0
-1
0
1
-1
2
0
-1
-1
-2
2
1
2
2
-2
0
0
0
3
3
2
1
-1
-2
-2
0
0
0
0
0
0
0
0
0
-1
0
0
1
0
0
-1
-3
-2
0
-2
0
2
1
2
1
0
-3
0
2
0
1
4
0
-2
-3
-2
1
-1
0
3
0
0
0
-2
0
0
0
2
1
0
0
-2
-1
1
0
0
0
0
0
0
-2
0
0
0
3
1
1
0
-4
-2
-1
2
1
-3
-1
0
-1
-1
0
1
0
0
1
0
1
0
-1
0
3
4
0
2
3
1
1
0
-1
0
2
0
-2
-1
-1
0
-1
-2
0
0
0
1
1
0
-2
-4
-3
-1
3
0
0
2
0
2
-2
0
1
0
1
0
-1
0
0
-1
-1
0
2
0
0
5
2
0
3
0
0
1
1
0
0
-2
-1
0
-2
-3
1
0
-4
-2
-1
-2
0
3
2
2
0
0
0
0
1
1
1
1
0
-2
1
1
-1
1
-2
-2
0
2
0
-1
0
0
2
1
-2
-2
0
-2
0
-1
0
0
0
1
2
0
-1
0
-1
0
0
0
0
-1
3
1
-2
0
0
-3
0
2
0
1
1
-2
0
0
0
0
-1
0
-1
-1
0
-1
-1
0
3
0
0
4
1
0
0
-1
1
1
-2
-3
-1
1
0
0
-4
0
3
0
3
2
0
1
-3
-1
2
1
0
-1
-1
-1
0
0
-2
-5
0
0
0
4
0
0
2
3
0
1
-2
-3
0
0
1
2
0
-3
-1
1
3
2
-1
0
-1
1
1
0
0
-1
-1
0
0
0
-4
-1
0
-2
1
2
-2
-2
0
0
0
-3
-1
-2
0
0
-1
1
0
1
3
3
2
0
5
5
6
8
1
2
0
0
0
0
0
-1
-3
-3
-3
-1
-9
-7
-3
-4
-6
-5
-5
-5
-3
-3
1
6
6
9
12
12
21
21
20
21
19
22
13
2
-2
-8
-12
-22
-37
-45
-48
-54
-59
-62
-60
-54
-50
-45
-31
-16
-5
12
25
35
50
65
68
74
78
79
76
71
63
53
43
30
21
5
-8
-18
-26
-36
-48
-54
-59
-59
-59
-66
-61
-58
-52
-50
-47
-33
-34
-27
-11
-4
4
10
16
23
28
26
28
31
31
30
26
26
23
14
8
7
2
-5
2
2
1
1
3
10
8
8
7
7
7
-2
-6
-2
-8
-21
-20
-12
-20
-28
-18
-10
-18
-24
-14
-1
-3
-11
-1
9
5
3
10
13
14
13
10
14
9
5
6
1
-4
-4
0
0
-6
-9
-4
0
-4
-3
2
3
5
9
13
9
9
16
15
13
9
8
10
10
0
-12
-5
2
-13
-19
-13
-16
-15
-16
-15
-14
-13
-7
-6
-6
0
1
-2
5
8
4
3
2
10
7
-4
0
7
6
0
-3
2
2
1
0
2
5
3
0
-2
0
4
3
-1
-1
4
2
0
0
0
0
-1
2
3
-3
1
5
-3
-2
-3
-3
0
-6
-2
0
-1
-1
-4
1
3
2
7
8
3
8
5
4
4
0
1
-3
-4
-6
-8
-2
-4
-8
-3
1
-1
-1
2
-1
-1
1
1
-3
-4
-4
-7
-3
2
3
1
4
4
0
11
13
1
0
0
-1
-3
0
0
-5
-4
0
-3
-1
5
-1
-1
-2
-1
-2
2
3
-5
-3
-4
-2
-3
3
3
-5
-2
0
0
-1
3
1
-2
-1
1
0
0
7
2
0
0
5
3
-4
3
-3
-3
4
1
1
0
0
0
2
0
0
-1
-1
1
-8
-2
4
-5
1
4
1
2
0
-3
1
2
-4
0
0
-2
-2
0
2
0
0
0
-1
1
0
-7
-1
1
-3
1
2
1
4
6
1
1
-4
-1
0
-2
2
-4
0
5
1
0
-2
-2
4
4
-4
-5
-5
2
4
-2
-1
-4
-4
0
2
-1
-2
0
7
3
-1
-2
-1
8
10
1
-7
-6
5
5
-1
-2
-6
-5
2
2
4
0
-3
6
0
-2
7
5
-3
6
0
-9
0
-6
-8
0
-1
-1
0
-3
0
5
-1
-4
5
3
0
5
0
-5
4
8
0
-2
3
1
-1
-3
2
0
-3
1
3
2
-4
2
5
-6
-12
1
0
-1
-4
-2
7
-6
-3
4
0
0
0
6
-1
-3
11
1
-10
1
1
-13
1
1
2
5
-5
4
8
-1
1
1
4
0
-3
1
4
-7
-5
3
-4
-1
0
4
0
-10
-1
4
-3
0
7
0
-2
-2
-1
1
-1
-3
3
1
-6
0
2
2
-1
0
5
0
-1
-2
3
2
0
1
-2
-4
-1
-2
-1
-1
-3
1
5
-2
-1
5
0
2
2
-2
2
-2
0
-1
-2
0
-2
4
1
0
-1
1
-1
-1
1
0
1
0
0
6
5
1
0
1
-1
-7
2
1
-1
0
-2
-2
-5
-2
4
-3
-5
0
1
3
6
5
-3
-4
2
13
2
-21
-1
4
-14
-13
9
22
1
-30
-17
21
10
-12
0
8
7
-4
-9
3
7
7
0
-2
-2
5
15
2
-9
-5
5
13
5
-6
-2
7
1
0
6
-4
-2
-1
-1
-3
-4
2
3
-5
-10
-4
-4
-6
-5
-5
-6
-3
0
-1
-2
-2
-2
-4
-2
1
-2
-2
0
-7
-4
9
2
-7
1
14
16
9
5
13
10
2
3
10
6
4
2
-1
3
6
2
0
4
9
0
-2
2
1
-4
-11
-14
-17
-19
-17
-9
-3
-6
2
2
-6
4
11
0
-8
0
0
-10
-13
-3
4
1
1
3
10
9
4
13
19
9
-1
0
-2
2
14
6
3
1
-9
-9
7
11
-4
-7
-7
-12
-13
-5
3
2
0
-7
-9
-2
4
2
-5
-10
-13
-7
-5
-7
0
8
9
8
4
10
16
15
13
0
1
-2
-1
-5
-9
2
10
12
5
7
13
9
11
3
-8
-8
-13
-13
-10
-16
-14
-7
-4
-5
-1
3
1
2
-2
-5
1
-1
-4
-3
-3
-1
2
1
1
0
3
9
2
0
4
13
8
2
1
8
12
5
0
1
2
3
5
2
-2
-3
-1
-1
-4
-4
-7
-4
0
-3
-3
-3
0
-1
-7
-4
-5
-6
-2
-4
-5
-1
2
2
5
0
1
4
0
3
-1
-2
4
0
4
7
4
3
5
9
12
7
2
5
1
1
3
-5
-5
-1
-2
0
0
-3
0
0
-6
-7
-10
-4
-4
-6
0
0
-1
4
-2
-4
0
-5
-1
1
1
2
1
0
3
0
5
8
1
3
1
-1
1
-2
2
5
-3
-7
7
7
-7
-6
6
0
-8
0
4
-4
-1
14
2
-11
-1
11
-4
-15
5
5
-5
1
0
-3
-5
-2
6
0
-13
-3
11
3
-9
-3
12
1
-10
5
8
-11
-4
12
2
-11
-8
10
8
-6
3
8
-2
0
15
1
-11
0
3
3
-2
-6
-3
5
4
-11
-7
3
6
-1
0
-1
-5
3
5
-6
-9
0
5
3
-2
0
-2
2
8
-1
-4
-1
2
1
0
-5
-3
7
3
-1
2
0
-4
0
5
-2
-4
2
3
5
1
-3
-2
-1
-1
-3
-1
-1
-2
-3
5
3
-6
-6
8
10
-5
-2
1
1
9
-2
-4
-5
0
10
0
-4
-4
9
13
-5
-4
-1
8
4
-15
-17
-2
11
3
-5
-8
6
15
0
0
5
-6
-4
7
3
-5
-5
7
14
-8
-14
-1
14
15
-8
-11
-14
1
15
-10
-10
5
6
-7
-16
-1
12
9
-7
-11
-5
1
10
2
-10
3
13
0
-5
0
5
14
9
-4
-10
-4
13
14
-4
-15
-2
8
4
-1
-16
-1
14
0
-11
-5
6
-1
-7
-2
5
-3
-6
3
3
1
0
2
6
7
0
-5
-5
0
0
1
4
-4
-10
-1
3
5
0
0
5
-1
0
0
-2
1
11
7
-10
-6
7
5
-2
-7
3
7
-6
-5
1
2
-2
-4
-5
1
1
3
-5
3
15
-16
-7
17
5
-14
1
5
-6
1
5
-10
-9
5
12
-6
-16
16
1
-12
9
-8
-12
11
12
-3
-7
-9
10
19
-6
-7
4
14
-1
-14
2
25
-7
-21
0
4
3
-12
-4
-5
15
-6
-18
4
17
-21
-8
21
1
2
-3
-2
0
13
-14
6
9
3
-5
-5
4
6
2
-7
0
10
2
-16
5
6
-1
-5
0
11
3
-21
-4
10
0
4
1
-9
1
7
-15
14
3
-10
14
-5
-24
12
9
-6
0
-8
-8
30
-3
-38
17
24
-1
-20
-3
15
17
-6
-6
5
-3
-4
17
-2
-4
7
2
-18
-8
19
-2
-2
-1
-7
-7
12
6
-19
0
11
-6
-11
-3
18
0
-19
5
22
-2
-19
15
4
-15
10
2
-8
5
10
0
-3
-6
-6
14
12
4
-11
-6
-2
-14
13
12
-1
-5
-17
-5
14
0
-2
6
-6
-15
-10
9
15
-1
-8
5
0
-4
-4
9
14
-4
-3
-6
-6
5
18
-1
-15
-2
2
5
5
-1
-7
1
0
0
11
0
-9
-1
5
9
2
-6
-13
0
5
-2
-3
1
0
-8
-4
0
4
-6
-5
5
3
0
1
-1
5
3
-1
8
6
-3
-5
1
0
8
5
-4
-4
-1
6
-5
-2
1
1
-2
-1
-1
2
0
-4
5
5
-9
-7
3
1
-5
1
8
-6
-5
2
0
0
0
-2
-2
1
1
0
1
7
4
-1
3
0
-3
0
-1
-1
1
0
0
1
0
1
0
0
2
0
-2
-2
0
-2
0
3
1
-1
-1
0
0
1
0
-2
0
0
-3
-1
2
1
-1
-3
-1
1
-1
-2
4
0
0
0
-1
0
-2
1
0
0
0
0
2
0
2
6
2
3
-2
-2
5
-3
-2
3
-4
1
6
0
-5
0
0
-6
-1
2
-5
-2
0
-1
-2
-4
1
1
0
0
0
-2
-1
3
5
0
6
0
0
6
-2
-1
1
0
0
2
-1
-1
1
7
4
-5
-2
-5
-6
-2
0
0
-2
-2
0
5
-1
-4
0
2
3
4
1
4
3
0
2
0
-1
5
2
-3
-5
-6
-3
-2
0
1
1
2
0
0
0
-6
-5
-1
1
0
-2
-2
0
3
0
3
6
1
4
-2
0
3
-3
0
5
-3
-1
-1
-2
9
1
-3
2
-1
-6
0
-3
1
4
0
3
-1
-5
-4
1
0
-1
0
-4
-1
5
1
-1
-2
0
7
-1
-6
2
9
7
-6
-10
0
4
8
-3
-11
-3
2
12
7
-15
-4
4
4
5
-5
1
4
-9
-4
6
3
-2
-19
-3
24
10
-12
-8
-4
3
16
-3
-8
4
4
-1
0
-5
3
4
-12
1
0
4
7
-14
0
7
-3
7
-2
-7
1
-2
-3
6
7
-2
-16
-5
18
6
6
0
-13
10
8
-14
2
1
-9
9
-2
-20
9
18
-8
2
1
-16
14
13
-11
1
-2
3
12
-5
-15
-1
12
9
-19
-15
15
0
-3
7
-5
0
21
-3
-14
29
25
-14
-13
-5
10
9
-13
-20
-5
-4
-9
-8
-4
12
-9
-25
-4
9
0
7
-2
-27
-7
11
11
12
-6
-19
19
28
-14
12
28
6
17
11
-9
7
14
-5
9
-4
-15
-6
-17
-31
-9
0
-10
-39
-16
17
-17
-6
14
11
-10
16
-3
32
45
-44
-34
20
73
10
-15
-41
4
67
44
-17
-45
36
0
-7
4
-43
-45
37
-11
-67
-1
24
-19
0
-18
23
54
-28
-1
-3
-26
8
87
-2
-68
-7
31
-7
15
52
-9
-62
8
18
24
74
-76
-81
9
65
49
-37
-90
-12
120
24
-87
-21
27
-69
38
-35
9
7
-50
25
-26
47
-2
-13
0
19
69
-43
-35
85
-38
0
46
-37
25
26
38
0
-33
43
-33
-53
-14
5
-5
-5
34
40
-84
-34
115
-17
-50
1
34
79
-10
-65
-25
26
-12
-37
-20
10
30
-8
-10
-9
-28
-71
43
38
-79
20
18
69
34
-126
28
21
34
-45
-9
42
38
12
-34
21
-27
11
16
0
37
7
-52
29
12
-60
-20
23
71
-1
-52
49
7
-39
-20
-48
27
63
-33
-23
43
-1
-36
-35
-51
24
35
-23
-1
29
29
-20
-49
10
63
-17
-33
13
45
-7
-63
51
23
-4
-17
-6
32
-25
-7
-8
-25
69
-20
-34
78
-45
0
21
-39
40
36
-64
-25
3
-7
62
-40
-63
68
2
-9
38
-83
26
10
-65
59
-29
9
46
-79
10
71
20
-24
-71
37
39
-41
-20
-11
18
75
-10
-20
56
-9
-9
5
-47
-42
34
5
-64
86
-29
2
76
-100
43
52
-41
-7
1
-19
66
-72
-39
81
-81
26
4
-36
83
-9
-94
83
15
-32
52
-62
12
23
5
4
-33
-24
16
17
37
-44
-16
38
-16
26
-25
23
15
-51
36
-2
-27
22
-32
10
11
-55
10
23
10
12
-47
1
68
27
4
-38
-3
9
-27
-12
-27
-3
9
-21
1
43
-3
3
11
-13
7
16
2
-16
-13
-13
-12
7
11
19
14
9
-2
-8
2
-10
-11
-10
5
17
18
18
-43
-4
24
-31
-27
-14
-3
52
1
-11
17
-19
15
9
0
10
-7
-13
-10
-19
-8
11
-12
3
43
29
-4
-8
5
-19
-4
-20
-13
2
12
22
-23
-2
13
-15
3
11
-29
15
23
-13
7
-8
-21
22
14
-14
18
-2
-7
32
-35
-19
28
-24
10
2
-23
13
33
-37
-15
46
1
-21
-20
19
3
-19
-3
0
24
-19
-16
19
5
-10
9
26
-22
15
31
-18
-23
10
-9
-18
11
-5
-8
9
34
-6
-32
17
-13
-32
44
37
-22
-14
-1
31
-6
-60
4
35
-14
-33
5
32
19
-12
-38
4
27
10
0
-6
-1
0
3
-6
7
23
-1
-27
-7
7
-9
22
-6
-27
30
-15
-27
54
26
-66
0
20
-94
44
188
-27
-198
-3
108
-26
-13
39
0
-28
-21
-10
24
44
-27
-20
15
-3
0
9
14
-6
-5
-11
-11
21
29
2
-17
-15
-37
23
22
-28
21
-4
-37
43
15
-48
-13
44
25
-23
8
-15
-26
4
28
0
6
14
-12
-21
-31
26
39
4
-21
-24
-13
40
20
-47
24
48
-56
-10
31
-25
-7
24
8
-21
0
12
-22
-4
15
-27
1
47
-11
-20
-11
0
18
-8
15
-5
-7
21
4
-41
13
31
9
-10
-41
16
25
3
0
-32
23
49
-53
-29
4
-26
29
43
-35
-17
-7
-16
51
31
-30
-9
-3
3
-2
9
-26
-16
46
22
-35
-39
34
28
-14
37
4
-16
-1
-3
-32
21
14
-31
-23
-10
38
-22
-28
24
50
-4
-68
29
55
-8
-10
-27
-7
22
11
-25
-16
53
-16
17
-21
-22
52
-38
15
60
-79
-29
11
32
42
-110
12
66
-18
4
-13
-39
53
21
-57
23
13
-21
2
17
-7
-40
47
36
-56
-17
48
8
-29
23
-9
-4
5
-15
42
-28
-41
58
44
-45
-46
48
0
-40
2
-31
22
27
0
-31
6
41
-68
17
32
-54
68
38
-94
-4
49
-13
-15
-30
50
61
-74
29
27
-37
29
13
-24
-45
16
19
20
-40
-9
16
-3
3
-39
32
26
-44
-13
16
38
-69
29
76
-44
31
-11
-33
-17
-16
11
5
13
-9
33
13
-23
-26
38
12
-26
-39
0
46
-24
2
25
-37
25
-4
-3
66
-38
-21
-11
0
12
-16
6
14
8
-53
29
32
-15
-44
23
50
-114
20
56
-20
-18
48
-3
-55
75
-9
-23
2
-14
40
-41
16
15
-6
10
-8
-32
29
29
-55
7
32
-11
-19
7
-14
20
33
-56
9
40
-36
28
-16
-32
63
-31
-51
37
29
-46
-13
48
0
-18
-4
11
28
-26
-37
51
24
-37
7
-16
22
-13
-48
35
30
-16
-18
31
-15
-26
9
0
-7
16
-4
7
20
-36
23
14
-10
20
-14
-2
14
-12
-19
15
-12
-13
56
-24
-37
10
4
0
16
1
4
-9
-30
35
6
2
0
-17
10
-5
-12
1
26
1
-30
-7
0
5
22
-39
7
16
-12
-4
-11
25
-21
0
33
-18
11
-3
-1
10
17
24
-17
-4
16
16
-3
-16
16
25
-7
-11
-3
19
31
-50
-17
38
-1
-13
-49
27
4
-50
0
-15
29
