0
0
0
0
0
0
0
0
0
0
0
0
0
0
0
0
0
0
0
0
0
0
0
0
0
0
0
0
0
0
0
0
0
0
0
0
0
0
0
0
0
0
0
0
0
0
0
0
0
0
0
0
0
0
0
0
0
0
0
0
0
0
0
0
0
0
0
0
0
0
0
0
0
0
0
0
0
0
0
0
0
0
0
0
0
0
0
0
0
0
0
0
0
0
0
0
0
0
0
0
0
0
0
0
0
0
0
0
0
0
0
0
0
0
0
0
0
0
0
0
0
0
0
0
0
0
0
0
0
0
0
0
0
0
0
0
0
0
0
0
0
0
0
0
0
0
0
0
0
0
0
0
0
0
0
0
0
0
0
0
0
0
0
0
0
0
0
0
0
0
0
0
0
0
0
0
0
0
0
0
0
0
0
0
0
0
0
0
0
0
0
0
0
0
0
0
0
0
0
0
0
0
0
0
0
0
0
0
0
0
0
0
0
0
0
0
0
0
0
0
0
0
0
0
0
0
0
0
0
0
0
0
0
0
0
0
0
0
0
0
0
0
0
0
0
0
0
0
0
0
0
0
0
0
0
0
0
0
0
0
0
0
0
0
0
0
0
0
0
0
0
0
0
0
0
0
0
0
0
0
0
0
0
0
0
0
0
0
0
0
0
0
0
0
0
0
0
0
0
0
0
0
0
0
0
0
0
0
0
0
0
0
0
0
0
0
0
0
0
0
0
0
0
0
0
0
0
0
0
0
0
0
0
0
0
0
0
0
0
0
0
0
0
0
0
0
0
0
0
0
0
0
0
0
0
0
0
0
0
0
0
0
0
0
0
0
0
0
0
0
0
0
0
0
0
0
0
0
0
0
0
0
0
0
0
0
0
0
0
0
0
0
0
0
0
0
0
0
0
0
0
0
0
0
0
0
0
0
0
0
0
0
0
0
0
0
0
1
2
0
1
0
0
1
1
3
2
0
-1
-1
0
0
1
-1
-4
-3
-2
0
0
0
-2
0
0
-2
0
-1
0
-2
-1
0
0
0
0
2
1
3
4
2
1
0
1
0
0
1
0
2
3
0
0
-1
-3
2
-1
-4
1
0
0
0
0
1
0
0
-1
0
0
-1
0
0
-1
0
-2
0
0
0
0
0
2
1
-3
-2
0
-1
0
3
0
1
2
-1
0
1
1
1
1
-1
2
3
0
3
-1
-1
4
-1
0
3
-1
0
1
0
-2
0
0
-2
1
-3
-4
0
-3
-3
-3
-2
0
0
-3
-2
0
0
0
-1
-3
0
0
4
1
-3
1
0
0
1
0
0
2
0
0
1
0
1
0
0
3
1
2
0
-2
-1
0
1
-1
0
1
2
1
-1
1
2
0
-2
0
0
-1
-2
-2
0
1
0
-1
1
1
0
0
0
0
0
3
0
1
1
0
3
0
-1
-3
0
-1
0
0
-1
-1
-2
1
3
0
0
2
-2
-1
1
-2
1
0
0
1
0
0
0
2
0
0
0
-2
-1
2
0
-2
0
2
0
-1
0
-1
0
0
0
-3
1
1
-2
0
3
-1
2
2
0
2
0
0
0
0
1
-1
-2
3
-1
-1
3
0
0
-2
0
1
-1
-1
0
0
0
1
-1
0
1
0
-1
-2
-1
0
0
0
0
0
3
0
0
2
-1
0
0
0
1
-3
-2
-1
-3
0
3
3
1
-2
-1
2
0
1
1
0
3
2
-1
0
1
0
3
-1
-2
-1
0
-1
0
0
-1
1
1
-1
-3
-1
0
0
0
-1
0
1
1
0
0
1
1
-2
0
0
0
0
0
0
1
1
0
1
1
0
-2
0
0
-3
-2
-1
0
1
-1
1
3
1
1
1
0
0
0
-3
0
0
0
0
0
0
2
0
0
0
0
0
1
0
0
1
0
0
-1
-1
1
-1
-1
-1
-1
0
0
0
0
0
3
0
0
0
0
2
0
-1
0
1
0
2
1
1
0
1
0
-2
-1
0
0
-2
-2
-1
-1
-1
-3
0
-1
-1
0
0
3
2
3
1
-2
0
1
0
0
2
0
0
0
0
0
0
3
0
-1
2
0
0
2
0
0
0
-2
-3
-1
0
2
0
0
0
0
-2
-2
0
0
-1
0
2
1
0
-2
-1
-3
0
0
0
-1
0
0
2
1
3
0
-1
0
0
1
0
0
1
1
0
0
1
0
0
0
-1
-1
0
0
0
0
0
1
-1
0
-2
-1
0
-1
-1
0
-2
2
1
0
0
2
0
-1
0
0
0
-2
0
4
1
0
1
1
-1
-1
0
0
-2
0
0
0
0
0
-1
0
-1
0
0
0
0
0
1
1
1
0
0
1
0
0
1
-1
0
1
-1
0
0
0
-1
-1
-2
-1
0
-4
-4
2
0
0
3
1
3
2
-2
1
0
1
1
0
2
1
0
0
0
1
2
-1
-2
-2
-2
-2
-1
-1
-2
0
2
0
-2
0
0
0
0
0
0
-3
0
0
1
0
-1
0
1
1
0
1
0
0
2
0
1
0
0
0
0
1
-1
-2
0
0
0
3
1
-1
-2
0
0
0
0
0
1
0
0
0
-1
0
0
0
-2
-3
0
0
0
1
0
0
0
0
0
3
-1
-1
1
2
1
1
0
-1
1
-2
-1
1
-2
-1
0
0
0
-1
0
0
-1
0
0
0
1
0
0
0
1
1
0
1
1
0
0
0
-4
0
1
-1
0
0
0
-1
-4
0
-2
-3
0
0
0
-1
0
3
1
0
0
1
2
2
0
2
2
-1
0
1
0
1
0
0
3
1
0
0
1
6
0
-1
1
0
0
0
0
-1
-3
-3
-3
-3
-5
-4
0
0
-2
-3
-5
-2
-3
-2
0
0
1
0
3
2
0
4
5
2
3
4
2
0
0
0
0
3
2
0
0
2
-1
1
0
-2
0
0
0
1
0
1
2
0
0
1
-1
-1
-1
-4
-1
-1
-3
-2
-2
-5
-1
-1
-1
0
0
0
0
1
4
1
2
2
1
3
4
0
1
2
1
0
0
-1
0
0
-1
-2
0
0
-2
-2
-1
-1
-3
0
0
-1
0
0
1
0
1
1
0
0
2
1
-3
0
0
-1
0
1
-1
-2
4
0
-2
0
-2
1
0
0
0
-3
0
2
1
-1
0
3
1
2
0
-1
2
1
0
0
0
-1
0
2
-1
0
0
1
-1
0
0
-4
0
1
-1
-3
0
0
0
3
3
-1
-1
2
2
0
3
3
1
0
0
2
0
1
0
-3
-2
-2
-1
-3
-3
-1
-3
0
0
1
2
0
-1
0
2
1
1
3
1
0
0
0
0
-3
0
2
-1
0
2
0
-2
-2
1
0
-2
-1
0
0
-1
-2
-1
0
0
-1
-1
-1
0
2
0
0
0
0
0
0
-2
-1
1
1
1
1
0
0
2
3
3
3
3
4
3
7
4
0
2
0
-3
-1
-3
-4
-6
-9
-9
-9
-9
-7
-6
-4
-2
-2
-4
1
4
2
2
7
13
11
10
11
8
6
8
8
8
2
0
2
-2
-5
-4
-7
-10
-6
-7
-5
-3
-3
-4
1
1
1
3
3
5
2
1
3
1
0
0
-3
-6
-6
-6
-7
-8
-7
-5
-7
-6
-2
-3
-4
-2
-2
1
4
4
5
5
5
6
7
8
11
11
12
12
10
10
6
4
3
0
1
0
-5
-5
-6
-12
-12
-11
-14
-13
-11
-10
-8
-5
-4
0
0
3
6
3
6
8
5
7
6
5
8
5
5
3
0
1
0
-3
-4
-4
-4
-2
-4
-6
-6
-5
-4
-3
-4
-2
-2
0
3
3
2
5
3
2
5
2
-1
0
1
1
1
2
3
1
0
0
-1
0
1
-1
2
3
2
0
-1
0
0
0
-1
-2
-1
-2
-2
-1
-4
-6
-3
0
-1
0
1
1
-1
0
2
1
2
3
7
6
3
3
0
0
0
3
2
0
0
1
0
-3
-3
-1
0
0
-3
-4
-1
-2
0
2
0
-1
0
-2
-1
0
1
0
0
4
1
-4
-1
0
-1
-1
-2
-3
0
0
-1
1
-2
0
0
1
2
1
3
3
5
2
0
1
0
0
2
0
0
1
1
0
-2
-2
0
0
-2
-1
-1
-2
-3
-1
0
-2
-3
-2
-1
1
-1
-2
1
2
0
-1
-2
0
2
0
0
2
3
1
1
2
3
4
3
0
2
4
0
0
0
0
0
-1
-3
-3
-1
-4
-4
-5
-4
-2
-2
-3
-2
-1
-1
-1
0
3
3
2
2
3
4
4
3
2
2
2
1
3
1
-1
0
-2
-1
1
-1
-1
-2
-1
0
-1
0
0
-1
-2
-2
-1
-1
0
0
0
0
0
-3
-2
0
2
1
0
3
-1
0
2
1
1
1
1
0
0
2
0
-1
2
0
1
0
-1
0
-1
0
1
-1
0
-2
-2
0
0
0
-1
-1
-2
0
-2
0
0
1
0
0
1
3
2
2
3
0
1
0
-1
1
3
-1
-2
-3
-1
0
0
-2
-4
-3
0
0
0
0
0
0
0
0
2
2
1
0
0
1
0
1
0
0
1
0
1
0
-1
0
0
0
0
0
0
-1
0
0
0
0
0
0
1
0
0
0
-1
0
0
-1
0
-2
-2
0
-1
0
1
-1
-4
-1
0
0
2
3
1
1
2
4
2
2
0
0
0
-1
0
0
-1
0
-2
0
-2
-1
1
-1
-1
0
-1
-1
0
0
-1
0
0
0
0
0
1
0
0
1
0
0
0
-1
1
0
1
1
0
1
-1
-2
-1
0
1
0
0
0
0
1
1
1
0
0
0
1
0
0
1
-1
-2
-1
-1
0
0
1
0
0
0
0
1
0
-1
-1
0
0
0
1
0
-2
-1
0
1
0
0
0
0
0
0
0
0
0
1
0
0
2
1
0
0
0
-1
-1
1
0
0
-1
0
0
-3
-2
0
0
0
0
-1
0
0
0
0
-1
-2
1
0
0
0
-1
1
0
1
1
0
1
0
1
0
-1
0
0
0
1
2
1
0
-1
-1
0
-1
0
0
0
-2
0
0
0
0
-1
-1
-1
1
1
0
1
0
0
-1
0
0
-1
2
0
0
0
1
0
-3
0
0
1
0
-2
0
0
-1
1
0
0
0
-1
2
0
0
0
0
-1
0
0
0
1
1
2
0
0
0
0
1
1
0
0
-2
-2
0
0
0
0
0
0
0
0
0
1
2
1
-1
2
0
-2
0
-2
-1
0
-3
0
-4
-2
4
-1
1
0
-1
0
-2
0
2
-2
1
-1
0
3
0
2
1
0
2
-2
0
-1
-1
3
-5
-3
1
-5
3
-3
-5
8
-6
4
3
-7
12
-7
-3
13
-13
11
1
-9
19
-16
1
11
-20
16
-8
-6
21
-19
13
1
-17
20
-15
2
11
-19
15
-6
-7
13
-12
5
1
-5
7
-5
2
1
-4
1
-3
2
-4
-1
2
-1
6
-3
1
4
-7
8
-3
-3
9
-11
7
-1
-7
17
-6
3
3
-16
10
-3
-5
10
-11
0
0
-8
8
-1
0
3
-8
1
2
-3
3
0
0
2
-1
1
3
0
0
0
-2
0
-3
-1
2
-1
4
0
0
2
0
0
0
0
2
0
2
-1
0
2
-4
4
-1
-2
3
-7
0
0
-8
4
-2
0
6
-8
3
2
-6
3
-1
0
0
-6
1
0
0
2
-1
1
4
0
2
0
0
2
0
3
0
-1
2
-1
-2
2
-2
1
0
-2
3
-4
3
1
-7
8
-11
1
6
-14
19
-13
-2
21
-30
23
-5
-20
38
-39
18
12
-41
49
-29
-2
36
-51
37
-6
-25
46
-44
17
16
-42
43
-24
-6
32
-40
25
0
-21
33
-25
7
15
-22
24
-8
-5
14
-16
8
-2
-3
10
-8
4
0
-2
1
-5
6
-7
2
1
-8
9
-5
0
3
-7
6
-2
0
0
-1
3
0
1
-2
4
-1
-5
6
-9
8
2
-12
16
-14
2
8
-20
23
-11
-7
18
-25
20
-4
-12
27
-21
15
0
-16
29
-22
6
7
-23
23
-17
2
14
-22
20
-12
-7
19
-24
14
0
-13
24
-20
6
15
-19
22
-9
-7
20
-25
12
1
-14
23
-18
3
11
-17
17
-12
-4
12
-17
9
-3
-4
12
-10
4
3
-6
6
-1
0
7
-5
0
9
-4
5
1
-7
10
-7
0
6
-13
5
-5
-8
8
-10
2
2
-8
8
-4
-1
5
-6
3
-3
-1
4
-3
3
0
2
3
-1
5
0
0
2
0
4
-2
0
1
-5
4
-3
-2
5
-7
1
3
-8
3
-3
-4
3
-7
1
0
-3
3
-4
4
4
-2
7
0
-1
5
-2
0
1
-3
1
0
-1
0
-5
-1
-1
-4
3
-3
0
8
0
6
5
0
8
6
3
5
2
2
0
0
-3
-4
-4
-7
-9
-7
-6
-8
-7
-6
-8
-4
0
-1
2
2
6
4
4
8
5
10
6
8
11
6
3
4
6
0
-3
1
-6
-7
0
-9
-8
-4
-12
-8
-7
-9
-2
-4
0
-3
-1
7
-2
6
10
1
9
8
5
7
2
0
1
2
1
-5
-2
1
-5
1
-1
-7
3
-1
-3
5
-2
-1
4
-3
0
0
1
-3
0
3
-5
2
-1
-3
2
-3
-2
0
-5
0
-1
0
2
-2
6
-3
-3
9
-3
2
5
-4
4
0
0
7
-1
5
1
-4
4
-3
0
4
-8
0
-1
-7
1
-7
-4
1
-4
2
1
-4
3
0
0
8
0
0
2
-3
1
4
-5
3
2
-5
8
-1
-7
6
-3
0
4
-4
3
0
-3
5
1
0
0
-3
0
2
0
0
0
-2
0
2
-2
-3
2
-1
-3
6
-2
-6
5
-6
1
8
-8
2
0
-7
7
-2
-3
5
-6
1
4
-4
2
1
-2
2
0
1
1
2
1
0
5
0
1
0
-6
5
0
-5
7
-3
-4
5
-6
1
6
-5
0
0
-3
0
0
-2
0
0
-1
0
2
-1
-2
3
-2
-1
2
-2
1
-2
-3
4
0
0
6
-2
0
5
-3
1
3
-1
1
0
-1
1
0
2
1
-4
0
0
0
1
-2
-1
0
-1
-2
-1
0
-1
-3
3
0
-3
4
-3
-2
4
-3
1
3
-3
0
2
-3
1
0
0
1
-3
2
2
0
2
-1
-2
2
-3
-2
1
0
1
0
0
0
-3
0
2
0
3
2
0
2
2
0
-1
1
0
0
0
0
-1
3
-1
-2
4
-1
0
2
-3
1
-1
-2
0
-1
0
0
-2
-1
-1
0
0
0
-2
1
-1
0
0
0
0
1
1
2
0
0
0
0
0
1
1
-1
0
1
-3
2
0
-4
2
0
0
3
-4
0
1
-2
2
0
-1
2
0
1
0
0
0
0
1
0
1
-1
0
0
0
0
0
-1
-2
1
0
-1
0
-1
0
0
0
-1
1
0
0
0
-1
1
2
1
0
0
1
3
2
-1
0
2
-1
0
0
-1
0
-1
-1
-1
-1
-1
-2
-1
0
-4
-1
0
-1
2
1
0
1
1
1
2
0
0
4
1
-1
1
0
0
0
-1
0
0
0
2
0
0
0
-1
0
1
-2
-1
2
-2
0
1
-2
0
3
0
0
0
1
1
0
-3
-3
0
0
-1
-1
1
-1
-1
2
-1
0
1
0
1
1
0
0
0
1
0
-1
0
0
1
0
-1
1
-1
0
0
-3
1
2
-2
2
1
-1
2
0
0
1
0
0
0
0
0
-4
2
0
-2
3
0
0
2
0
1
0
0
0
0
1
-2
-1
2
-3
0
2
-3
0
1
0
3
0
-1
0
0
0
0
-2
0
-1
-1
0
0
0
-1
0
1
0
0
0
0
0
-1
1
0
0
4
-1
0
2
-1
0
0
0
1
0
-1
1
0
-1
1
0
-1
0
0
0
1
0
1
1
-1
0
0
0
2
-1
-1
2
0
-1
0
-2
-1
-1
-2
0
0
-2
0
0
0
0
0
0
0
0
0
0
0
1
1
0
0
0
-1
1
0
0
3
0
0
2
-2
0
0
-1
2
-1
0
2
0
1
0
-1
0
0
-2
0
0
-2
-1
1
0
0
0
0
0
-1
0
2
1
-3
2
1
0
2
-2
0
2
-2
2
0
-1
1
-1
0
0
0
0
0
0
0
0
0
-2
1
1
0
2
0
0
3
-2
-1
1
-1
2
-1
-1
5
-2
-1
1
-2
0
0
0
2
0
-2
0
2
0
0
0
0
1
-1
-1
0
0
0
0
-1
0
1
0
0
0
0
0
0
0
0
0
2
0
-1
0
0
0
0
0
-1
-1
0
-1
-1
0
0
0
-1
-1
2
1
2
1
0
0
1
0
-1
1
0
1
0
-2
2
1
0
0
0
-1
1
-1
0
2
2
2
0
-2
-1
1
0
0
0
-1
0
0
0
1
-1
0
2
0
0
0
0
-1
0
0
2
1
0
0
0
-1
-3
0
-3
-3
-4
-4
0
0
0
0
-3
-1
0
0
1
-1
-1
0
2
4
2
3
3
5
6
1
0
5
1
0
3
-3
1
0
-2
0
0
2
1
-3
-1
-1
-2
0
0
-3
-3
-3
0
-1
-1
0
0
1
1
0
1
0
0
0
-2
0
0
0
2
-1
0
3
0
1
0
0
3
1
1
0
0
0
0
-1
-1
0
1
3
2
1
0
-1
-3
-4
-2
0
-1
0
0
0
3
2
0
0
0
0
1
0
0
1
1
0
-1
0
0
0
0
0
0
2
3
-1
0
-2
0
0
0
1
0
1
0
-1
0
0
0
0
0
0
1
1
0
0
-2
1
0
1
1
-1
0
-2
-3
1
-2
-2
1
-1
0
1
-1
2
0
-2
2
-1
0
1
-2
1
1
0
2
0
0
2
0
0
0
-1
0
1
0
0
0
0
0
-1
-2
0
-1
-1
1
0
1
-1
0
-2
0
0
0
3
0
0
1
0
1
0
0
-1
0
0
0
0
0
1
0
0
0
0
0
0
0
1
0
0
-1
-1
0
-2
-1
0
0
0
-2
-1
1
-1
0
1
-1
0
-1
-2
0
0
-1
1
-1
0
1
0
2
1
1
1
1
0
-1
0
1
1
0
0
0
0
-1
0
0
2
1
0
0
-1
0
0
-1
0
-2
0
1
0
1
0
0
0
-1
-1
0
1
0
-1
-3
0
0
0
0
0
0
2
1
0
-1
0
-1
0
0
1
0
0
0
1
1
0
0
0
-2
0
1
0
1
0
-1
3
1
-1
1
-1
0
1
0
0
-1
-1
0
-1
0
0
0
-1
0
-1
1
1
0
1
0
1
0
0
0
-1
0
1
0
1
0
0
-1
-1
1
0
-1
0
0
0
0
0
0
1
0
0
0
0
0
0
0
0
-1
0
1
2
1
0
-1
0
0
0
0
-1
0
-1
0
0
-1
1
0
1
0
0
2
-1
0
2
0
-2
-2
0
1
-1
-1
0
0
0
-1
0
0
0
0
0
0
1
1
1
2
-1
0
0
0
1
0
0
0
-1
0
0
0
1
1
0
0
0
0
1
1
0
1
-2
-2
0
-1
0
0
0
-1
0
-1
-1
1
1
2
1
0
-1
1
1
0
1
-1
-1
0
-2
0
1
0
-1
-1
-1
0
0
-1
0
0
0
1
1
2
2
2
0
1
2
0
0
0
0
0
-2
-3
-1
-1
-1
-1
-2
0
2
-2
-3
-2
0
0
-1
0
0
0
2
0
2
3
1
0
0
-2
3
2
0
0
0
1
1
0
0
0
0
0
1
0
1
2
0
0
-1
-3
-3
-1
-4
-3
-3
-4
-1
-2
-3
0
-2
0
0
0
0
1
2
2
4
3
3
4
4
5
2
2
3
1
3
3
0
1
1
0
-2
-3
-2
-4
-3
0
-1
-3
-1
0
-2
0
-1
-1
0
1
0
0
2
0
0
1
-1
0
0
-1
0
0
-2
-2
-3
-2
-1
-2
-2
-1
0
0
3
2
1
2
3
1
0
0
0
2
3
1
2
2
0
1
0
-1
0
-1
-1
-2
-1
0
0
0
0
0
0
0
-2
0
0
2
0
0
0
0
0
0
0
-2
-1
0
0
0
2
-1
0
1
0
1
1
-3
-2
0
0
0
0
-1
1
-1
0
1
0
-1
-1
-2
0
0
0
0
0
0
1
0
0
2
1
0
0
1
1
0
-1
0
0
0
0
1
0
2
0
-1
2
0
-1
0
0
0
-1
-3
0
1
-2
-1
-1
-2
-1
-1
0
0
0
-1
0
1
0
1
2
2
0
-1
2
3
-1
0
1
1
0
0
0
0
0
0
0
0
0
0
0
1
1
1
1
0
-3
-3
0
-1
-3
0
0
-1
0
2
2
1
2
1
0
0
0
0
-2
-2
1
1
0
-1
-1
0
0
0
-1
-1
1
1
0
0
1
4
1
1
0
0
-1
-3
-3
0
-2
0
0
-2
0
1
3
1
0
0
0
0
-2
-2
0
0
0
2
2
2
4
3
1
0
-2
-3
-2
0
1
-1
-1
0
0
1
0
2
-1
-2
0
-1
-2
2
1
1
2
0
-2
-1
2
1
-4
-5
-1
-1
0
-1
0
4
2
-3
-1
0
2
0
-1
1
0
-2
5
6
1
2
2
6
2
-1
-2
4
5
-4
-5
4
5
-9
-5
8
0
-15
-5
14
2
-15
-8
7
7
-12
-15
11
11
-20
-11
24
7
-23
-9
19
9
-15
-5
15
12
-11
-7
12
16
-4
-19
3
13
-11
-17
18
17
-16
0
25
10
-6
11
5
-12
-3
0
-13
-10
-4
-13
-2
7
-1
-8
20
33
-10
-19
24
22
-25
-27
9
9
-27
-30
-14
20
16
-36
-4
67
33
-31
8
53
0
-33
-22
-11
-5
-28
-43
6
51
0
-31
46
75
7
-39
-2
41
-20
-73
-22
20
-23
-52
21
60
-16
-33
48
76
-12
-87
24
99
-29
-126
20
111
-49
-115
41
99
-22
-79
6
100
-26
-95
40
86
-36
-27
61
56
-40
-35
-4
-27
-28
-57
-6
4
16
43
56
18
27
-6
-36
-10
-1
-76
-55
58
58
-28
-27
83
40
-62
-38
24
4
-19
-42
53
81
-74
1
141
-70
-116
70
-20
-41
0
-19
6
58
-22
-18
81
-15
-49
36
39
-11
-8
-84
64
58
-96
-23
62
-22
6
12
-37
12
-4
-28
5
42
-3
-89
35
115
-25
-23
4
41
98
-60
-90
64
20
-183
-16
22
-88
40
57
4
71
39
81
89
-140
-49
63
-93
7
-20
-111
110
53
-43
5
44
-11
-61
57
49
-107
28
64
13
52
-54
-124
190
-120
-152
165
-117
-48
228
-180
23
237
-226
29
228
-103
-149
99
-18
-20
61
-131
-110
171
-7
-63
84
-23
73
10
12
0
-77
3
17
-56
-10
19
27
-68
54
80
-118
139
-53
-69
139
-94
-72
118
-20
30
-73
-111
79
37
-27
23
-54
107
-21
-228
179
207
-112
11
-80
-51
91
-192
62
175
-57
5
-81
84
122
-221
-24
204
-103
-120
154
-37
-27
-15
-64
22
91
53
-58
-32
89
-100
-126
189
159
-138
-351
107
312
-218
28
199
-204
35
57
-150
172
207
-203
-81
83
-22
71
19
-95
-55
-83
-32
61
-118
79
271
20
-128
181
-126
-202
33
5
-53
133
-9
-28
64
89
6
-197
123
13
-180
44
71
-173
146
42
-69
-12
-39
108
85
20
-46
-149
-83
194
-16
-54
87
28
-114
-10
188
-205
-143
230
178
-221
-25
62
64
-101
-14
71
-7
48
-114
-60
135
116
-214
88
-75
-88
70
85
88
-84
-27
-22
57
-55
84
-60
-85
252
-158
-116
74
-38
115
-160
4
151
-46
123
-44
10
-49
-64
-41
71
-36
-26
64
32
-19
-16
23
44
10
-153
87
-19
-54
-9
8
160
-35
-162
231
-16
-104
4
-46
40
-11
-2
-84
64
80
-67
-62
218
35
-171
94
-47
-166
10
18
57
42
-4
-100
74
175
-24
-122
-48
167
33
-272
-28
84
61
-121
63
73
47
-55
-61
82
28
-56
-192
187
23
-2
-6
74
-108
77
2
-82
120
-166
-24
-12
-56
93
118
-76
68
52
-31
-33
-12
-2
-100
58
135
-8
-58
-112
24
49
-89
46
35
21
10
-61
-89
64
161
-60
-72
182
-88
-140
89
-161
82
-8
3
171
-66
36
44
-220
160
75
-111
-84
-49
172
-136
-138
196
81
6
-27
-14
7
-56
131
-15
-210
-9
80
30
16
73
5
-34
137
-263
-173
360
11
-221
6
-11
95
10
-87
188
26
-192
58
82
-123
76
24
-108
146
-40
-253
219
127
-261
87
134
-163
40
49
-148
60
101
-31
51
30
-77
-8
-26
-5
-25
-40
129
-39
-71
154
32
-43
13
-177
-45
41
77
82
-57
-65
-29
5
27
122
-39
-53
5
84
-1
51
-56
-6
85
-56
-227
-23
197
-18
0
-33
-60
-36
70
146
-54
-9
-6
-47
-15
78
86
-229
63
34
-203
112
86
56
47
-19
-94
-44
111
60
-61
-70
16
-72
-135
80
296
-12
-242
139
36
-4
-110
-111
175
97
-244
-175
285
102
-76
31
39
116
-117
-47
25
-97
-199
81
116
-195
116
131
-53
130
74
-175
51
-23
-155
211
-133
-34
117
-138
113
123
11
-107
-48
-13
-8
-53
-10
214
-151
-66
195
-126
17
0
-42
24
43
91
-163
58
100
-114
-42
28
62
-112
94
83
-67
-4
-66
-78
-36
131
-17
-62
139
-34
-1
14
-4
-31
78
49
-100
-85
6
-117
136
313
-257
-35
-40
25
241
-204
81
-125
-71
149
42
88
-64
-97
-34
-108
92
72
-86
-44
95
96
-150
101
68
-62
21
66
-126
47
83
-92
-19
-91
-182
-148
143
240
-45
-60
231
195
82
-91
-128
-58
-162
-222
-34
0
-55
297
119
90
117
52
-44
-130
-116
-154
-47
185
-101
-221
125
106
248
33
-197
17
226
-120
-217
118
198
-180
-84
245
-232
-109
196
143
-77
-265
-277
-91
122
273
7
235
398
-65
-77
-243
-193
-56
-131
-105
30
120
-138
136
432
329
-33
-223
79
-89
-306
15
-66
-261
-258
-55
256
184
368
-48
-8
348
-13
-147
-262
-143
252
83
-271
-116
-169
-251
71
389
109
127
-14
-43
191
-51
-207
-46
266
74
-286
-126
66
-90
42
100
-97
119
42
-17
168
-213
-238
221
-2
-254
161
-23
-9
-13
99
119
104
72
-7
-127
-34
134
-176
-186
98
-125
-31
139
80
206
-278
21
269
107
-201
-287
-145
111
197
-102
-79
-266
515
277
-509
156
315
-49
-24
-311
93
151
-359
20
454
-74
-340
23
128
-179
-65
64
145
214
-223
-110
474
217
-700
-40
528
-254
-440
27
153
-92
141
184
-69
473
115
-298
-152
-180
-337
112
516
-575
-59
411
-124
33
269
-6
-137
67
-237
79
170
-281
2
471
40
-242
72
-276
-268
300
-323
-512
552
473
-37
359
310
-285
-451
5
223
-588
-40
401
43
-519
44
393
106
76
-99
-111
-203
248
172
-234
101
120
-48
-11
98
189
-312
-407
-142
169
85
190
98
-221
160
285
-234
63
-32
-188
-190
487
-278
-272
276
0
196
149
38
-256
331
-257
-292
132
-268
-71
215
68
-202
191
-148
-110
695
21
-288
251
-10
-328
177
-36
-403
282
209
-448
-122
274
-182
84
311
-232
210
-239
-304
623
266
-360
32
0
-178
92
-145
0
143
-127
-76
86
151
-43
95
-86
35
225
-228
-294
359
-7
-421
168
-298
-228
115
508
-133
285
322
-261
350
233
-425
-328
75
-141
-86
-45
-362
94
362
-150
352
25
-441
253
80
-370
305
189
-381
650
-110
-460
380
-25
-312
-68
187
-152
114
166
-308
81
382
-324
-117
155
-71
87
109
-181
-281
-4
37
257
44
206
119
72
29
-509
-159
20
-196
246
143
-124
449
87
-497
-68
41
-369
199
371
-245
133
410
-361
-41
14
-35
78
437
-141
-249
123
35
-248
-234
-3
37
-12
-216
131
106
227
-108
49
78
-19
457
-197
-165
78
-22
-239
-69
251
-466
56
368
3
-177
-183
357
-115
-66
55
111
191
-253
4
43
-39
-171
168
-91
71
159
-241
239
120
-420
-139
233
63
174
-1
12
-190
-242
458
-15
-310
51
142
-219
41
-27
-187
-234
189
269
-157
44
-43
30
234
129
137
-97
-26
-13
183
-165
-28
165
-245
-424
-77
66
49
31
298
215
-32
138
-55
158
-85
-236
-14
-142
-43
46
-23
-108
40
-186
-310
252
-215
-226
-168
-286
56
103
80
-100
796
626
670
1130
762
457
467
450
-289
-589
-751
-1055
-1264
-1440
-1246
-1396
-1262
-884
-675
-78
124
1085
1304
919
2008
1963
1505
2801
2647
1128
848
779
-498
-1671
-2117
-2822
-3233
-3172
-3187
-2648
-1814
-1141
-226
515
973
1621
1565
1453
2018
1650
1332
1511
1567
2182
3470
2263
110
1438
1800
-1642
-2436
-1629
-3104
-3664
-4020
-3971
-2075
-1139
-1295
859
3076
2150
1915
3235
2681
1041
-59
-831
-758
-1686
-2763
-1422
-651
-1526
578
4398
4050
1884
3347
5096
2395
-641
-725
-1641
-3955
-4876
-5322
-5394
-4231
-3369
-2005
417
1272
2164
4213
3935
2613
2613
1610
256
-320
-1318
-1193
-910
-2174
-10
3477
1075
-722
2659
2632
-784
-971
-761
-2567
-3210
-3284
-3882
-2979
-1933
-1854
3
2039
1746
2286
3575
2686
1273
396
-193
-946
-2302
-2103
-243
-682
-532
3113
5539
3957
3052
4550
4117
103
-2056
-2300
-4608
-6372
-6137
-5969
-4641
-2970
-2053
949
3034
2802
4280
5861
4048
2465
1759
112
-1758
-2891
-2957
-1735
-1606
-1508
1966
5541
4287
2989
5541
5405
822
-1065
-1413
-4624
-6440
-6380
-6719
-5401
-3601
-2620
369
2422
2627
4392
5025
3374
2775
1840
-102
-1399
-2581
-2648
-1481
-2107
-2105
1640
4716
3006
2439
5360
4909
760
-252
-829
-3913
-5299
-5558
-5956
-4722
-3384
-2083
1012
2434
2787
4696
5102
3138
2021
991
-687
-2161
-3083
-2556
-1107
-1742
-1371
3362
5830
2752
3415
6573
3941
-185
-539
-2209
-5384
-6313
-6359
-6641
-5190
-3168
-1429
1456
2959
3326
5643
5577
2636
2579
1542
-1599
-2109
-2667
-2901
-811
-1793
-662
5198
5156
2034
5051
5846
1640
-494
-966
-3652
-6052
-6401
-6052
-6043
-4829
-2828
-502
1677
2337
3464
5459
4388
2444
2166
394
-1317
-1805
-2799
-2119
-637
-1720
665
5970
4442
2599
6139
5214
711
-665
-1358
-5242
-7228
-6068
-6485
-6467
-3568
-1416
800
2757
3612
5299
5711
3426
2989
1627
-1561
-1898
-2759
-4295
-2154
-1121
-2664
2238
7095
2839
3449
8185
4491
299
777
-1136
-5869
-6797
-5838
-7566
-6964
-3588
-1774
445
2393
3713
5673
5136
3219
3633
1146
-1547
-894
-2608
-3580
-920
-1176
-1783
4563
5556
1220
5494
6969
1047
535
832
-3582
-6014
-5443
-6226
-7203
-4556
-2889
-1597
1536
2473
3784
5599
3831
2564
2741
-375
-2101
-1097
-2714
-2519
215
-968
768
7150
3982
1314
7195
4953
-1618
150
-442
-6356
-6540
-4566
-7328
-6811
-2055
-2363
-881
3207
2890
4154
5309
2593
2896
1563
-1711
-1061
-1281
-3260
-1110
-185
-1274
4173
6420
1144
4569
7035
643
-940
697
-3508
-7379
-5328
-4790
-7969
-4548
-1096
-2145
1368
3032
3043
4914
3665
2439
2952
-371
-1692
178
-2264
-2900
1218
-1433
-779
7184
2794
64
8066
4195
-2178
1693
179
-6307
-5351
-3808
-7423
-6792
-2093
-2506
-1208
3030
2921
3751
5070
2942
2968
1788
-1817
-362
-226
-4407
-1106
1433
-3241
2519
7833
-104
2993
8967
722
-1006
2659
-2677
-6779
-3785
-4263
-7951
-4126
-854
-3145
667
3352
1521
3774
3797
1861
2532
125
-1189
479
-1730
-2567
1081
-993
-1102
5368
3133
206
5993
4501
-453
1282
1137
-3730
-4961
-2413
-5308
-7074
-1527
-2220
-3803
1994
2175
498
4169
3583
1657
2419
500
-329
646
-1933
-1623
1260
-519
505
4957
3116
1632
5428
4168
-600
514
838
-4760
-5381
-3233
-5993
-5630
-2261
-3366
-1912
2161
1209
510
4034
3549
553
1494
1308
-740
-500
-1006
-1004
259
-525
599
3111
2939
2420
3287
3384
1543
710
454
-2820
-3261
-2226
-4950
-4654
-2311
-2969
-2060
-92
232
884
1856
1537
973
1509
880
-88
-109
10
-156
-153
49
606
1407
1191
1539
2484
1587
1293
2017
441
-413
300
-1365
-2109
-1312
-2238
-2729
-1842
-1557
-1762
-977
-283
-570
19
572
178
309
787
571
331
755
496
400
702
562
611
800
750
701
869
519
338
481
240
-221
-116
-142
-818
-479
-259
-969
-708
-469
-1056
-874
-705
-1090
-873
-609
-656
-327
75
281
515
853
1088
930
1122
1124
707
714
540
154
180
-28
-287
-192
-271
-554
-450
-381
-476
-449
-248
-189
-149
-43
-45
-21
128
54
-65
116
16
-123
-19
-57
-119
-120
-131
-35
-127
-118
60
42
37
257
222
137
409
344
199
354
320
158
148
140
-52
-75
-3
-109
-169
-65
-136
-133
-45
-153
-93
-70
-195
-210
-232
-327
-292
-251
-204
-125
2
117
80
213
333
247
238
348
274
138
162
131
-34
31
58
-90
-33
-69
-76
-32
-90
-57
1
-59
-68
-73
-129
-108
-84
-176
-126
-68
-110
-53
-16
-19
45
97
132
133
101
118
100
71
62
51
18
-18
4
37
9
-14
-7
17
20
-43
-20
3
-34
-25
-23
-78
-63
-10
-64
-90
18
5
-48
45
58
3
35
57
21
37
22
-30
4
2
-41
-22
-13
-8
4
1
20
17
6
23
31
20
-29
-24
0
-32
-39
-15
3
8
5
15
17
18
7
-7
13
9
-8
12
9
10
17
0
0
14
7
-4
8
1
-14
5
-17
-56
-17
-5
-46
-39
-18
-16
-1
2
-7
9
32
31
21
24
35
42
31
16
14
23
18
-5
-11
0
-2
-8
-15
-24
1
2
-30
-18
14
-8
-12
8
-13
-21
12
0
-20
0
5
0
5
4
-6
-1
3
-6
5
3
-9
9
22
7
0
1
-1
-1
1
-3
2
10
2
16
18
1
8
7
-7
0
-2
-19
-13
-10
-29
-23
-13
-33
-23
6
-2
1
21
18
20
32
17
4
9
5
-4
1
-4
-6
2
-7
-7
2
-2
-9
-2
2
-7
-9
0
0
-11
-1
8
-3
1
17
7
8
20
8
3
6
1
4
-4
-9
-4
-9
-17
-12
-7
-12
-4
5
-3
2
15
14
2
2
9
3
-7
-5
0
-3
-6
-4
0
0
-1
-2
3
1
-2
6
3
-4
12
6
-1
11
12
7
13
9
6
11
4
-3
-2
-10
-19
-14
-19
-23
-16
-18
-17
-1
-1
-7
6
10
-3
6
20
2
4
18
7
10
23
14
17
25
19
20
20
7
7
3
-11
-14
-23
-34
-36
-41
-44
-34
-27
-19
-12
-1
8
9
7
16
20
11
12
16
12
12
18
21
22
24
28
25
16
11
6
-4
-13
-16
-30
-30
-17
-22
-28
-15
-4
-8
-6
0
4
-1
-1
5
0
-4
0
-5
-9
8
13
-7
-16
2
21
0
-19
-1
23
22
0
-26
-14
31
44
35
-7
-62
27
126
28
-144
-151
28
166
46
-116
-34
65
102
81
-95
-184
-7
139
34
-79
-55
81
148
-3
-220
-169
159
128
-240
-247
206
321
-29
-119
115
379
204
-321
-377
-46
-2
25
166
196
734
-74
-2469
-1623
1708
1716
-824
-612
1645
2156
-47
-1977
-923
694
85
-1123
-708
229
741
339
-529
-72
1044
750
-5
-60
-129
-67
-95
-330
13
-282
-1227
-741
368
-109
-815
-161
882
1199
622
586
1201
912
-190
-426
-179
-471
-840
-1166
-1066
-541
-248
-77
551
945
515
105
143
394
227
-97
-23
186
165
-184
-304
24
224
-182
-303
60
15
-222
-440
-322
166
302
-102
-20
487
313
62
153
249
280
-71
-448
-148
93
-427
-664
-331
-9
165
4
-75
189
377
190
-10
11
397
472
-21
-226
-51
0
-106
-238
-152
52
8
-91
-87
-17
44
-18
-169
-24
133
-165
-282
39
228
161
43
72
278
486
212
-161
32
187
-27
-216
-441
-416
11
89
-270
-426
-60
358
65
-393
-242
44
92
43
3
68
361
698
542
233
446
647
501
353
55
-162
-148
-339
-652
-869
-874
-765
-763
-638
-499
-415
-71
170
155
321
546
639
768
909
789
582
839
998
412
92
436
343
-284
-615
-586
-628
-833
-1123
-1406
-1292
-952
-1077
-1293
-866
-309
-69
128
496
1001
1398
1445
1313
1423
1553
1192
715
664
560
167
-98
-88
-247
-586
-669
-829
-1062
-987
-1101
-1313
-1144
-1118
-1131
-778
-509
-278
193
694
968
1012
1087
1227
1319
1383
1300
1034
799
661
393
-1
-322
-432
-598
-887
-1012
-1035
-1155
-1157
-927
-839
-831
-735
-432
-52
-63
-129
133
509
597
527
776
885
654
687
787
529
473
424
89
58
-20
-246
-223
-277
-422
-412
-386
-432
-391
-380
-333
-239
-178
-73
0
10
52
187
215
192
197
221
183
193
192
100
70
41
-16
-74
-140
-117
-120
-163
-195
-144
-64
0
32
9
72
139
184
152
95
95
101
131
58
-17
-5
18
-40
-125
-113
-160
-174
-132
-159
-141
-83
-58
-32
-7
22
53
57
59
75
84
74
87
75
56
99
73
25
32
31
23
15
7
-12
-14
-4
-13
-46
-43
-54
-57
-48
-77
-60
-34
-42
-2
27
13
51
51
40
41
-8
-13
-6
-41
-64
-47
-27
-3
-8
-18
17
38
42
40
43
67
80
66
49
51
40
14
8
2
-21
-48
-59
-64
-80
-67
-55
-73
-66
-34
-22
-16
-16
7
54
51
20
42
60
40
38
28
15
15
10
11
10
1
2
18
2
-6
-7
-19
-7
-20
-41
-33
-29
-26
0
15
10
24
24
15
8
-1
5
9
-6
-19
-25
-24
-16
-21
-24
-31
-26
1
2
-11
7
36
39
29
27
30
25
17
6
4
2
-6
-3
1
0
0
-6
-10
-11
-16
-17
-11
0
2
0
5
13
13
4
0
-9
-19
-21
-21
-15
-7
0
8
11
10
10
9
2
-7
-11
-14
-10
-1
7
7
11
17
21
24
21
16
18
13
6
6
0
-6
-5
-9
-15
-14
-15
-19
-11
-14
-17
-11
-16
-20
-17
-11
-12
-15
-12
-4
7
11
12
18
25
25
22
24
19
6
7
4
0
1
-2
-4
-2
-4
-3
-1
-6
-11
-5
-5
-14
-13
-7
-15
-10
-3
-6
1
4
1
2
9
10
1
0
4
8
2
0
6
4
5
3
0
1
6
-2
-6
5
4
-2
4
3
-1
4
5
-4
-3
4
0
-6
0
0
-9
-11
-4
-8
-10
-1
-4
-8
1
5
-4
-1
5
-2
-4
2
2
0
4
6
8
10
5
5
8
5
-1
0
4
-2
0
6
1
0
9
1
-3
4
5
-5
-6
4
-5
-8
0
-5
-7
-3
-3
-5
-6
-7
-3
-5
-3
1
0
0
0
4
5
1
1
2
2
2
5
3
-1
1
1
0
0
5
4
1
4
2
3
5
2
1
-3
-4
-4
-4
-3
-5
-4
-2
1
1
1
1
0
5
1
-3
1
0
-3
-1
0
-1
-1
0
1
2
0
1
0
0
1
2
4
0
1
0
2
3
-2
0
-1
0
-3
-3
-2
-2
1
-3
-2
3
0
0
4
2
0
0
2
1
0
-3
2
1
-5
-1
0
-1
-3
-4
-2
0
0
-1
2
6
3
3
3
0
0
-3
0
-1
-2
1
0
0
2
2
1
0
0
3
1
0
2
0
3
0
0
-1
-2
-2
-6
-6
-2
-6
-7
-5
-1
-2
-3
2
3
3
4
3
4
6
4
0
4
3
0
3
2
4
3
1
1
0
3
3
2
0
-5
-2
-7
-7
-5
-6
-4
-8
0
4
0
3
6
7
4
4
2
0
3
-1
-5
0
0
-8
-9
-3
-6
-8
0
7
0
-2
26
23
-4
10
11
-11
4
17
0
-19
-69
-75
87
67
-201
-113
207
119
-88
28
114
4
9
67
22
-22
-28
-30
-33
-64
-86
-52
-67
-86
-3
30
-3
34
55
13
-18
-7
78
140
82
6
44
80
18
-7
13
-18
-21
-8
-70
-111
-68
-51
-59
-72
-77
3
16
-94
-139
-107
-96
-98
-137
-189
-132
5
75
132
272
384
412
465
528
485
345
203
69
-104
-280
-417
-588
-764
-809
-728
-696
-677
-511
-345
-208
135
580
845
1023
1275
1490
1608
1628
1428
1035
644
236
-272
-771
-1213
-1604
-1842
-1903
-1836
-1667
-1417
-1105
-732
-318
73
493
963
1334
1573
1745
1889
2014
1982
1627
1098
581
42
-568
-1218
-1737
-1969
-1982
-1864
-1572
-1203
-810
-287
195
485
719
927
997
869
586
289
47
-253
-549
-690
-770
-662
-270
126
534
1068
1631
2114
2337
2206
1940
1567
892
135
-542
-1283
-1884
-2187
-2357
-2334
-2109
-1843
-1434
-941
-590
-270
12
131
227
322
340
385
480
665
992
1140
1115
1298
1606
1844
1821
1490
1266
1130
647
48
-460
-1115
-1566
-1662
-1885
-2007
-1831
-1669
-1416
-1000
-612
-320
-212
-251
-205
-196
-353
-416
-402
-288
134
617
1018
1498
1907
2225
2734
3040
2662
2213
2003
1436
564
-176
-981
-1812
-2225
-2430
-2681
-2679
-2500
-2229
-1709
-1153
-696
-318
-137
-63
21
30
4
-42
-87
102
403
677
1168
1658
1875
2135
2611
2919
2656
2095
1690
1169
314
-516
-1320
-2127
-2642
-2994
-3247
-3150
-2933
-2605
-1931
-1344
-982
-396
194
443
579
647
602
570
490
412
445
443
621
1138
1470
1649
2062
2448
2802
2955
2448
1943
1697
957
21
-756
-1747
-2564
-2943
-3257
-3430
-3357
-3095
-2587
-1943
-1297
-779
-297
296
573
567
730
767
635
603
593
608
703
1038
1475
1593
1734
2178
2663
2848
2436
2013
1716
870
73
-645
-1851
-2622
-2975
-3369
-3252
-3064
-2887
-2177
-1490
-993
-466
-48
402
651
583
683
778
692
694
739
737
776
1099
1572
1746
1871
2128
2401
2760
2636
1969
1599
1127
188
-621
-1555
-2625
-3192
-3461
-3610
-3522
-3229
-2643
-1975
-1327
-691
-324
24
410
492
561
633
594
702
751
796
958
1097
1458
1745
1822
2104
2346
2719
3011
2506
2114
1947
1070
145
-693
-1881
-2793
-3307
-3630
-3708
-3638
-3197
-2465
-1787
-1039
-408
48
518
732
842
927
816
877
938
884
989
947
1114
1617
1751
1928
2266
2480
3037
3169
2455
2081
1703
618
-448
-1538
-2809
-3578
-4019
-4374
-4280
-3883
-3286
-2478
-1679
-926
-365
130
660
770
720
869
925
928
945
1066
1250
1279
1615
2038
2086
2312
2420
2420
2917
2842
2027
1647
1242
257
-833
-1906
-2935
-3708
-4148
-4297
-4230
-3869
-3149
-2378
-1716
-1017
-361
167
543
768
970
1112
1260
1397
1381
1560
1682
1505
1747
2090
2150
2398
2453
2546
3075
2960
2231
1749
1168
136
-1101
-2189
-3148
-4057
-4460
-4472
-4351
-3811
-3087
-2259
-1229
-464
126
798
1246
1492
1624
1670
1783
1750
1627
1626
1429
1234
1387
1460
1485
1749
1817
1902
2515
2754
2104
1631
1344
427
-811
-1905
-2996
-3997
-4567
-4819
-4871
-4509
-3856
-3020
-1992
-1029
-227
511
1171
1676
1909
1892
1941
1957
1749
1584
1427
1233
1217
1386
1690
2008
2147
2239
2714
3151
2702
1910
1454
722
-530
-1645
-2712
-3861
-4420
-4592
-4705
-4309
-3635
-2968
-2043
-1043
-288
282
749
1272
1624
1441
1362
1520
1312
1204
1252
932
848
1126
1388
1843
2127
2157
2578
3194
3342
2703
1935
1511
580
-728
-1852
-3108
-4042
-4433
-4724
-4618
-4157
-3642
-2780
-1713
-862
-121
573
1187
1728
1934
1819
1805
1697
1300
1006
738
457
458
667
1058
1568
1867
2138
2762
3346
3159
2404
1835
1139
-69
-1291
-2519
-3751
-4439
-4729
-4863
-4582
-3997
-3331
-2381
-1219
-376
198
799
1288
1735
1936
1672
1556
1507
1170
967
726
450
615
918
1329
1837
1956
2089
2691
3108
2572
1681
1247
417
-918
-1844
-2981
-4220
-4672
-4916
-4974
-4584
-4096
-3247
-2184
-1255
-277
526
1052
1602
2167
2270
2019
2016
1946
1604
1366
869
351
525
858
1014
1323
1543
1616
2218
3080
2810
1830
1482
999
-141
-1186
-2425
-3672
-3952
-3857
-4002
-3963
-3665
-3158
-2199
-1274
-684
-189
133
534
1297
1480
1124
1122
1056
854
947
802
627
1042
1475
1955
2527
2458
2370
3321
3838
2785
1305
558
160
-534
-1713
-3110
-4134
-4057
-3484
-3381
-3470
-2829
-1691
-486
582
1058
1170
1746
2281
2101
1373
336
-258
-128
-38
-695
-1254
-737
225
718
1156
1613
1953
2372
3588
4027
2094
-269
-1157
-1229
-1822
-3781
-5396
-4863
-3702
-2720
-2277
-2030
-884
606
1776
2394
1702
1464
2407
2574
1316
-214
-947
-606
-59
-390
-1249
-1310
255
1706
2011
1818
2113
2972
4103
4935
3639
374
-1862
-2075
-2543
-4045
-5998
-6317
-4513
-2637
-1748
-1739
-867
979
2351
2840
2413
2002
2368
2749
2042
30
-1382
-1438
-922
-1146
-1675
-2127
-1226
549
1472
1923
2015
2762
3837
4808
5338
2788
-881
-2115
-1997
-3006
-4733
-6438
-5209
-3004
-1855
-1231
-1150
-578
1487
2564
2364
1805
1559
1640
2332
942
-1165
-1952
-1559
-742
-871
-1595
-1992
-426
1354
2360
2440
2377
2856
3769
5147
4844
1081
-2350
-2536
-2587
-3703
-5232
-6155
-4198
-2214
-776
-195
-263
624
2352
2505
2163
1965
1526
1584
2081
64
-1868
-2262
-1360
-972
-1330
-1974
-1522
801
2178
2547
3090
3105
3465
4403
4905
3186
-756
-3309
-3338
-3359
-4187
-5586
-5398
-3394
-1739
-355
-56
-82
723
1813
2254
2209
1751
1514
1774
1820
314
-1241
-1600
-1211
-1196
-1235
-2017
-1463
598
1693
2297
2696
2243
2783
4057
4399
2420
-829
-2813
-3066
-3078
-3345
-4326
-3853
-2734
-1374
96
406
27
552
1348
1739
1858
1289
601
1048
867
-213
-842
-1229
-1069
-600
-420
-886
-204
916
1965
2650
2542
2289
2964
3990
3498
795
-1930
-3126
-3329
-3265
-3931
-4377
-3433
-2358
-932
126
-64
255
1033
1293
1737
2003
1600
1301
1531
411
-341
-887
-1427
-1261
-1033
-1126
-738
319
984
2169
2767
2898
3048
3532
4084
2812
-121
-2522
-3364
-3581
-3588
-4162
-3967
-3146
-2342
-736
173
61
430
963
1446
2212
2004
1305
1580
1407
326
-583
-1782
-2233
-1955
-1279
-814
1
1060
1719
2699
3234
3270
3110
3590
3810
1946
-930
-2972
-3751
-3311
-2926
-3524
-3158
-2607
-1557
293
807
491
442
334
882
1739
1413
1031
979
451
290
-114
-1209
-1451
-1458
-1181
-668
238
1153
1971
2540
2779
2622
2090
2661
3249
1380
-1198
-3099
-4241
-3635
-2881
-3160
-2660
-2275
-1445
49
655
713
306
-240
156
1103
1433
1514
1308
459
393
812
95
-718
-1766
-2213
-1434
27
1116
2030
2678
2591
3045
2944
2510
3195
2730
212
-1952
-3574
-4056
-3383
-3113
-3230
-2515
-1976
-635
829
1185
1104
621
217
405
1065
1493
1544
1007
273
-97
338
-141
-1305
-2380
-2727
-1774
109
1483
2139
2565
3026
3366
3373
2677
2479
2102
162
-1726
-3807
-4405
-4183
-3690
-2947
-2209
-1707
-696
531
812
1304
1087
713
551
675
1118
1548
1547
727
114
-13
109
51
-1194
-2622
-3114
-1837
20
1543
2603
3031
3393
3407
2711
1959
2028
1665
252
-2164
-4359
-4954
-4623
-3241
-2326
-1467
-805
-219
608
1069
1371
1079
680
-48
108
837
1569
2008
1019
-106
-272
-731
-1217
-1482
-2271
-2320
-1202
121
2220
3651
3718
3739
2975
1607
1947
2438
760
-1013
-3612
-5174
-4899
-3903
-2396
-1129
-827
-405
571
1192
1994
1468
575
-154
-592
-108
876
1307
1373
316
-589
-502
-236
170
-257
-1899
-2581
-2012
-577
1876
3577
4139
4031
3131
2062
1433
1132
1609
222
-2354
-4726
-6191
-5335
-3374
-1390
-103
540
312
959
1585
1849
1943
861
-184
-724
-666
157
1267
1431
562
-80
-505
-928
-1116
-1384
-2141
-1950
-755
536
2728
4109
4344
3615
2073
807
1065
1337
380
-1307
-4262
-5786
-5559
-3666
-1234
642
1207
833
575
453
832
864
693
-63
-481
-352
25
1067
1281
737
275
-492
-565
-190
-430
-1226
-1643
-1818
-751
1075
2683
3884
3969
2967
1837
539
-34
1136
500
-1162
-3411
-5590
-5268
-3737
-1520
736
1492
1120
978
424
783
1300
1068
318
-785
-1273
-903
309
1345
1471
983
126
-487
-628
-538
-1146
-1820
-1978
-1553
379
2389
3737
4367
3726
1915
514
3
1053
999
-653
-2804
-5277
-5815
-4453
-1931
927
2185
2044
1142
-19
-67
785
1056
657
-389
-1666
-1555
-462
866
1732
1861
817
-142
-382
-224
-337
-949
-1383
-1877
-1472
197
2394
3947
4171
3209
1695
391
91
892
529
-699
-2963
-5036
-5540
-4320
-1708
751
2335
1790
861
-166
-170
235
914
1303
423
-385
-871
-328
779
1378
1446
675
-337
-736
-769
-1188
-1562
-1724
-1843
-790
886
2669
4272
4441
3601
2303
524
453
607
-526
-1747
-4070
-5465
-5447
-4164
-1520
1155
2198
2156
1463
315
258
415
801
691
-70
-830
-1069
-439
620
1717
1981
1371
288
-428
-702
-1393
-1391
-1841
-1883
-962
368
2113
3448
3773
3526
2311
458
-33
146
212
-290
-1868
-3773
-4865
-4505
-2958
-536
1469
1904
1589
646
-131
-158
373
634
651
164
-581
-642
-142
540
1175
1478
918
494
-29
-472
-979
-1584
-2067
-1588
-789
571
2592
3241
3645
3477
1798
391
300
307
-353
-1512
-3521
-4808
-5200
-3956
-1753
691
2240
2536
1903
531
-65
-223
246
465
70
-438
-950
-635
235
1119
1851
1592
789
131
-182
-792
-1192
-1632
-2232
-1704
-867
532
2282
3158
3518
3295
1917
734
92
418
488
-759
-2120
-3808
-4819
-4325
-2994
-903
1004
1676
2076
1689
822
554
472
186
-70
-558
-1064
-895
-198
382
1382
1932
1862
1634
886
116
-928
-1812
-2484
-2490
-1966
-625
925
2217
2860
2840
2397
1439
698
-19
542
77
-767
-1877
-3353
-3600
-3564
-2410
-788
891
1329
2066
1672
818
570
-189
-185
-306
-498
-435
-232
222
501
1077
1346
1601
1399
910
443
-634
-1221
-2074
-2299
-2033
-1116
147
1238
2128
2538
2648
2218
1641
637
752
105
-1131
-2169
-3728
-4042
-3879
-2836
-1275
496
1437
2249
2205
1540
1182
372
69
-284
-610
-661
-620
-387
-78
496
983
1561
1742
1497
749
-353
-995
-1731
-1811
-1585
-977
-159
409
876
1144
1204
1406
1628
1223
788
274
478
469
-205
-1179
-2517
-3475
-3904
-3400
-2068
-156
1327
2546
2638
2002
1091
74
-222
-306
-223
-366
-581
-330
-392
104
986
1504
2072
1948
912
-62
-931
-1709
-1544
-1598
-1182
-510
-198
533
1073
1149
1354
1347
670
617
-32
-688
-677
-359
237
378
169
-564
-1238
-2197
-2153
-1799
-925
260
722
952
773
420
137
378
522
579
520
74
-148
-321
-113
404
838
1044
1142
538
-349
-968
-1775
-1754
-1469
-755
202
812
1296
1758
1542
1548
1373
646
391
113
-97
-500
-1180
-1962
-2494
-2604
-2254
-1328
-355
515
1248
1306
1208
991
743
628
572
380
126
-303
-507
-522
-469
163
651
1007
1151
900
537
-105
-1073
-1750
-1974
-1780
-918
45
1019
1951
2239
2399
2172
1357
536
99
-176
-532
-1209
-2258
-3063
-3470
-3243
-2115
-499
1055
2433
2761
2262
1373
283
-306
-543
-451
-212
-236
-316
-439
-404
26
672
1404
1821
1751
996
138
-830
-1390
-1211
-864
-167
455
336
-107
-758
-1241
-972
-496
124
762
834
661
493
181
114
352
1072
1473
1258
357
-932
-2192
-3028
-2885
-1939
-449
683
1465
1453
837
232
20
56
417
746
675
557
44
-417
-369
-287
238
903
941
757
-42
-907
-1318
-1218
-767
-369
56
-70
-207
-189
-95
592
1205
1443
1611
1208
479
-125
-560
-88
215
303
184
-807
-1859
-2726
-2951
-2040
-704
674
1845
1924
1437
842
146
-67
-53
-32
13
-129
-309
-531
-421
3
599
1226
1626
1331
597
-170
-1052
-1239
-1069
-472
237
597
714
504
1
-710
-1219
-1558
-1445
-1113
-543
271
880
1514
1866
1979
1717
1328
1170
825
300
-536
-1532
-2461
-3111
-3111
-2528
-1419
-72
1160
1861
2086
1726
1188
742
389
338
241
32
-198
-677
-908
-829
-607
30
591
848
704
299
-292
-634
-671
-320
286
665
933
864
397
44
-157
-320
-168
-251
-603
-869
-1516
-1804
-1715
-1180
-136
934
1812
2438
2612
2201
1689
1012
738
357
-207
-877
-1867
-2670
-3241
-3185
-2419
-1204
310
1693
2390
2484
2033
1233
513
5
-255
-465
-688
-779
-1015
-907
-552
-39
603
1168
1334
1065
566
-301
-804
-978
-745
-216
314
769
923
658
433
200
-132
-133
-294
-426
-603
-948
-1050
-931
-667
-309
44
308
320
117
-52
-44
63
322
657
945
1149
1065
879
820
889
649
402
-227
-1007
-1785
-2439
-2607
-2136
-1262
-68
1009
1548
1750
1391
853
396
35
-164
-264
-345
-415
-551
-530
-324
59
512
931
1037
867
511
-89
-449
-555
-521
-205
-8
233
243
-44
-96
-271
-299
-117
-118
-14
-143
-295
-325
-389
-216
19
253
435
497
474
402
58
-336
-741
-1152
-1306
-1240
-784
-137
532
1216
1793
2062
2039
1776
1578
1313
761
8
-1062
-2113
-3010
-3421
-3109
-2263
-961
470
1556
2089
2122
1660
1052
511
37
-196
-506
-746
-982
-1168
-1038
-573
22
872
1574
1684
1631
800
4
-591
-971
-678
-381
20
334
307
176
102
-76
58
181
116
167
-258
-575
-922
-1085
-898
-543
-18
430
863
813
769
586
297
149
-336
-740
-1154
-1466
-1451
-1073
-426
579
1589
2353
2847
2668
2285
1820
992
205
-802
-1962
-2763
-3461
-3486
-2928
-2038
-681
691
1636
2230
2190
1726
1194
507
77
-309
-611
-707
-943
-1021
-852
-487
113
829
1227
1419
1203
549
50
-517
-724
-546
-300
34
280
174
135
-6
-287
-172
-290
-231
-65
-228
-173
-312
-439
-381
-174
140
296
230
-45
-341
-738
-829
-657
-240
453
1113
1681
1849
1703
1374
1157
753
376
-106
-837
-1571
-2315
-2818
-2729
-2187
-1194
190
1171
1836
1960
1522
899
288
-145
-264
-227
-229
-207
-331
-437
-343
-206
189
570
825
995
750
407
6
-314
-360
-312
-101
193
230
230
59
-284
-390
-537
-426
-237
-151
-27
-131
-272
-349
-319
-144
163
317
430
507
445
266
-35
-315
-656
-889
-1047
-911
-541
-108
547
1101
1579
1870
1851
1804
1649
1158
572
-344
-1426
-2288
-3093
-3239
-2809
-2042
-783
395
1267
1807
1853
1578
1268
766
457
115
-342
-586
-1032
-1172
-1056
-711
-166
537
956
1232
1244
812
544
52
-181
-230
-202
26
141
135
99
-13
-224
-214
-354
-332
-266
-331
-278
-468
-561
-605
-571
-375
17
398
757
989
877
703
349
48
-118
-335
-609
-841
-1047
-1118
-916
-539
8
556
1003
1331
1508
1457
1234
914
609
522
283
70
-407
-1087
-1778
-2379
-2570
-2281
-1519
-549
487
1202
1719
1755
1522
1193
678
342
-33
-277
-435
-673
-772
-771
-612
-277
202
558
918
986
852
598
199
-56
-326
-410
-333
-180
-95
72
27
-130
-185
-389
-340
-334
-241
-124
-169
-123
-145
-111
-5
142
306
497
586
470
238
-151
-471
-703
-724
-608
-335
74
378
662
760
776
741
672
639
504
358
130
-170
-521
-841
-1090
-1228
-1128
-923
-589
-248
62
315
426
469
409
345
192
31
-56
-89
33
221
422
666
882
1108
1157
919
479
-168
-926
-1580
-1979
-2053
-1733
-1145
-397
317
922
1252
1312
1191
927
600
241
-78
-358
-550
-642
-662
-556
-331
9
290
522
663
633
532
325
82
-134
-284
-350
-318
-286
-196
-125
-80
9
16
50
33
34
43
3
-18
-97
-157
-204
-162
-105
-6
132
214
265
201
134
28
-60
-141
-220
-239
-219
-144
-75
21
134
247
312
353
362
315
223
68
-94
-233
-332
-368
-382
-352
-255
-145
-35
55
96
125
127
119
111
93
98
116
109
79
38
-11
-15
-30
-18
3
45
95
77
72
36
26
1
-44
-60
-88
-70
-77
-52
-41
-27
-16
-22
-13
-18
-4
-11
-14
-26
-21
-5
4
13
19
34
64
85
151
167
107
77
25
-30
-102
-132
-125
-105
-153
-123
-32
81
44
-122
-313
-458
-513
-468
-158
193
598
878
1007
956
761
449
75
-173
-350
-416
-436
-461
-463
-543
-565
-574
-465
-251
-11
192
313
399
375
368
206
37
-150
-271
-320
-384
-297
-118
128
410
714
934
1146
1185
1028
748
255
-228
-775
-1247
-1485
-1489
-1266
-880
-400
77
510
709
754
708
541
362
100
-38
-139
-225
-252
-313
-296
-219
-83
67
195
293
375
392
369
314
189
100
-9
-102
-129
-134
-106
-63
-44
-52
-92
-162
-233
-302
-328
-321
-310
-261
-210
-143
4
142
274
376
428
421
339
240
73
-100
-233
-312
-315
-253
-152
-6
124
242
322
341
318
241
135
48
-57
-165
-228
-282
-305
-295
-247
-137
-31
17
62
111
124
119
80
33
4
-27
-18
4
5
1
27
61
66
43
23
46
52
41
11
-24
-42
-60
-58
-38
-3
19
40
65
67
61
27
-25
-94
-160
-210
-233
-192
-128
-38
34
87
147
175
178
147
103
54
17
-17
-42
-62
-91
-80
-79
-49
-18
-11
35
71
105
113
90
56
15
-38
-82
-102
-114
-85
-58
-26
6
26
50
62
63
37
27
21
2
8
-4
-14
-17
-24
-33
-32
-56
-52
-24
-11
12
17
10
23
37
41
47
37
19
21
8
6
-4
-21
-17
-21
-6
-2
-7
2
7
10
2
3
11
17
14
0
-18
-29
-29
-33
-22
-19
-24
-9
3
27
34
20
14
-5
-17
-4
9
22
20
17
12
8
2
-15
-18
-24
-29
-8
0
9
3
1
15
17
14
10
14
6
0
-6
-12
-18
-29
-29
-21
-15
-6
9
31
38
43
32
9
-4
-19
-35
-36
-39
-32
-7
12
20
24
19
21
32
37
50
61
61
53
35
-11
-32
-52
-51
-32
-16
17
42
54
17
-87
-220
-349
-416
-395
-257
-61
190
437
618
705
672
530
325
120
-65
-182
-265
-293
-307
-311
-286
-271
-254
-246
-220
-178
-134
-68
-48
-28
-26
2
31
86
152
198
277
321
342
318
266
186
137
86
20
8
5
9
-64
-296
-532
-681
-682
-574
-309
8
355
667
779
722
506
236
-18
-191
-340
-401
-360
-287
-194
-175
-177
-164
-87
38
152
295
368
431
460
406
307
203
70
-57
-152
-266
-335
-360
-344
-344
-344
-314
-289
-233
-177
-126
-47
8
59
117
197
240
293
319
296
255
158
88
59
70
92
129
180
176
181
166
87
-15
-123
-248
-366
-430
-500
-497
-452
-389
-319
-247
-166
-119
-63
-9
81
188
283
402
472
493
499
409
317
267
219
195
172
76
5
-94
-231
-348
-441
-479
-454
-382
-316
-219
-148
-105
-72
-91
-104
-85
-54
-19
24
75
146
245
296
345
383
388
351
306
245
199
190
108
6
-121
-261
-348
-412
-434
-420
-364
-318
-269
-229
-186
-105
-50
10
73
173
268
350
401
400
395
357
298
212
132
55
13
-24
-79
-119
-178
-222
-232
-210
-161
-106
-86
-100
-90
-81
-71
-66
-84
-84
-29
56
121
168
179
184
190
168
139
134
125
94
41
-38
-108
-159
-193
-226
-236
-216
-173
-113
-84
-77
-68
-40
0
62
114
151
207
232
236
209
168
136
99
61
19
-27
-81
-129
-177
-215
-232
-230
-197
-165
-118
-68
-35
-17
-6
5
38
91
128
164
172
187
183
150
130
107
92
77
53
26
-14
-70
-105
-145
-180
-187
-190
-172
-165
-126
-83
-75
-74
-50
0
37
55
93
162
208
232
243
236
195
146
109
62
-5
-73
-93
-115
-162
-191
-208
-199
-187
-159
-106
-86
-78
-50
-6
42
66
103
152
167
173
181
184
164
144
138
109
63
27
-6
-52
-100
-134
-175
-220
-232
-218
-195
-170
-141
-80
-29
6
45
63
78
91
114
150
169
175
147
107
94
86
66
40
16
-4
-27
-51
-80
-109
-115
-99
-113
-133
-112
-106
-121
-119
-97
-50
3
33
60
99
131
123
101
119
144
105
42
61
80
20
-41
-53
-47
-42
-64
-110
-120
-99
-90
-104
-89
-45
-14
18
38
36
49
91
108
87
90
109
103
76
53
41
33
2
-41
-41
-7
53
13
-70
-106
-162
-74
-105
-204
-61
23
-64
-100
43
93
27
79
167
171
124
122
111
94
52
-2
18
11
-1
8
-32
-60
-91
-135
-84
-76
-122
-69
-29
-73
-73
-36
-58
-57
23
37
4
55
54
35
82
26
-24
61
60
11
87
128
46
17
52
24
2
-8
-41
-51
-2
-15
-109
-103
-78
-47
-38
-43
-4
8
17
5
-23
-18
8
4
21
36
19
23
15
30
45
23
16
20
16
20
19
2
7
6
12
5
-32
-36
-32
-70
-73
-52
-59
-51
-16
8
17
30
50
47
45
36
22
33
38
30
18
41
40
-1
4
18
-6
-27
-27
-44
-49
-43
-57
-46
-38
-53
-63
-59
-20
-11
-34
-13
38
50
31
70
95
60
65
75
53
34
32
16
6
29
13
-39
-32
-2
-54
-101
-62
-38
-50
-37
-28
-21
18
8
-36
-14
12
-12
-13
13
20
11
3
22
64
59
26
32
46
53
56
25
-10
-14
-12
-28
-26
-24
-38
-38
-29
-23
-13
-17
-30
-11
-1
-16
-14
-12
-9
0
-22
-44
-5
21
9
18
27
23
30
33
36
50
38
18
28
32
11
-2
-3
-7
-12
-13
-8
-5
-12
-18
-13
-16
-28
-17
-2
-7
-4
-5
-20
-20
-12
-14
0
5
-3
7
7
-1
6
-3
-19
-5
2
0
12
14
10
15
9
9
19
12
12
16
1
-7
-6
-11
-7
3
-6
-12
-6
-3
-3
-3
0
-2
-3
5
10
11
9
1
-3
4
3
-1
0
-3
-7
-3
0
1
-2
0
4
-1
-12
-17
-14
-8
-6
-6
1
9
9
8
6
6
5
2
1
5
4
2
0
-2
-1
-3
0
0
-3
-6
-9
-11
-10
-1
1
3
2
3
6
9
8
13
15
13
10
9
5
4
4
0
-4
-6
-7
-12
-11
-7
-3
-3
-14
-16
-11
-9
-7
-8
-6
0
-1
1
7
6
7
2
5
11
7
5
1
-4
0
-3
-10
-12
-3
9
3
-9
-2
11
8
-3
0
12
15
10
12
20
18
15
15
10
5
0
0
2
-5
-14
-15
-17
-26
-30
-32
-27
-29
-30
-25
-30
-27
-19
-7
3
7
13
20
26
23
20
25
35
38
38
34
27
19
15
4
-9
-12
-13
-16
-17
-17
-21
-18
-11
-11
-9
-1
1
2
1
1
1
-6
-8
-10
-13
-16
-15
-7
-5
-7
-6
0
11
15
13
12
15
22
27
18
5
0
1
7
0
-14
-25
-24
-11
-4
-12
-20
-15
5
19
14
6
18
30
33
22
6
-3
-1
-5
-18
-21
-15
-8
-9
-20
-28
-24
-16
-12
-9
2
20
30
24
18
15
8
4
-1
0
8
7
-2
-11
-11
-8
-8
-11
-10
0
9
3
-3
-8
-8
-2
2
7
11
8
3
-2
-2
0
1
7
19
22
18
10
0
-12
-21
-21
-20
-12
-5
-7
-8
-12
-10
-4
0
6
8
12
16
18
13
-1
-4
-1
-1
-1
-7
-5
5
11
7
-2
-3
4
10
5
-2
-4
-2
3
-2
-11
-9
-4
0
-8
-20
-16
0
8
5
-2
9
33
42
26
7
2
5
1
-17
-35
-38
-25
-16
-15
-15
-2
20
27
18
4
3
14
15
6
-5
-6
0
1
-6
-14
-13
-2
5
2
-3
-5
2
7
2
-5
-7
0
1
0
-2
3
12
8
2
-5
-3
0
-1
-8
-3
11
19
12
-2
-7
-5
-2
-3
-9
-10
-1
8
4
-4
-8
-3
4
5
5
5
5
9
9
2
-3
0
0
-1
-7
-13
-9
-4
-2
-4
-3
-6
-4
-8
-14
-11
-1
6
10
8
2
-3
-2
-1
-5
-4
2
6
13
15
16
18
15
15
15
8
3
1
-2
-15
-19
-18
-16
-13
-8
-6
-4
0
4
0
-6
-6
0
5
0
-3
-8
-9
-6
-4
-4
0
11
18
18
17
14
6
-3
-11
-15
-13
-7
-1
-2
0
3
4
4
0
-2
-2
-1
2
-1
1
6
4
3
3
0
0
3
4
6
6
4
0
-3
-2
-4
-5
-7
-5
1
5
3
-2
-4
-4
-12
-14
-10
-8
-1
-1
1
4
3
4
1
0
1
3
4
2
1
-1
-1
0
2
6
7
5
4
6
6
3
2
3
3
2
-1
-3
-5
-4
-2
-4
-3
0
-2
-3
-4
-6
-8
-6
-4
-4
-2
-2
0
1
0
0
4
5
5
3
0
1
0
1
2
4
5
6
5
1
-1
-4
-8
-3
-1
0
3
4
1
0
-2
-4
-3
-1
0
3
6
4
1
2
-1
-5
-5
-4
-5
-2
2
5
4
4
4
-1
-8
-9
-9
-4
1
3
4
4
0
0
-1
-3
0
0
0
3
2
1
1
3
3
0
2
3
2
1
1
1
1
0
-1
-2
-6
-3
-3
-2
-1
-2
0
0
0
-2
-2
-2
-2
-4
-6
-1
1
2
5
7
8
6
2
-2
-5
-8
-9
-5
0
4
8
12
9
9
6
0
-3
-6
-9
-11
-10
-10
-4
-1
2
6
8
7
4
1
-2
-3
-6
-8
-2
0
5
9
8
9
7
3
-3
-3
-4
-3
-2
-1
0
3
6
1
-1
-4
-3
-5
-7
-7
-6
-3
-3
1
3
4
5
3
0
0
-1
0
0
0
-1
-1
-1
-1
-2
-4
0
1
2
4
8
7
7
9
6
2
-2
-4
-6
-11
-12
-10
-6
-3
1
5
8
12
11
9
9
6
1
-3
-8
-10
-13
-13
-13
-11
-5
0
4
8
13
11
10
7
4
-1
-8
-11
-14
-14
-8
-4
0
7
11
14
16
11
6
4
1
-3
-7
-8
-9
-6
-4
-5
-2
1
3
2
4
4
4
2
-1
-3
-7
-5
-4
-7
-3
0
1
6
7
5
10
11
7
3
0
-1
-6
-7
-8
-9
-4
-3
-4
-2
0
-1
-2
0
-1
0
0
0
4
6
3
4
7
5
3
1
0
0
-2
-1
-1
0
0
0
3
2
1
2
0
-1
2
-2
-4
-4
-4
0
-2
-5
0
0
0
0
0
-1
-2
-1
0
-2
0
-3
-3
-2
-1
0
0
2
1
4
4
2
1
1
2
1
0
1
2
4
2
1
3
0
0
0
-2
-2
-3
-4
-5
-3
0
0
-1
0
0
2
1
0
-2
-2
0
-1
-2
0
1
0
0
0
1
0
0
0
0
0
-2
-1
1
0
-1
0
0
1
3
2
2
3
2
4
2
3
0
0
0
0
1
0
0
-1
-2
-1
-3
-4
-5
-5
-4
-4
-1
-2
0
-1
-2
-1
0
0
1
3
1
2
2
0
1
2
1
3
1
1
1
0
0
0
0
0
1
1
2
0
0
-2
-1
-1
0
1
-1
0
0
-2
-4
-5
-3
-2
0
0
0
0
0
0
1
0
1
0
-1
0
0
0
1
3
2
2
-1
0
2
0
-2
-3
-1
-3
-3
0
0
0
-1
-4
0
0
0
0
0
4
3
0
0
3
2
2
4
2
0
3
0
-1
1
3
4
0
-1
0
1
2
0
2
0
-2
-3
-4
-6
-8
-5
-4
-4
-1
0
-1
0
0
1
0
1
1
1
-2
-4
-2
0
-1
-1
0
1
1
0
0
2
2
4
6
1
-2
0
0
1
1
1
3
1
3
2
-3
-1
0
-1
-4
-4
-2
-1
-5
-4
-3
-2
0
-1
0
0
0
0
1
2
3
5
5
5
4
1
3
4
0
-1
1
-1
-5
-4
-2
-4
-5
-4
-4
-1
-2
-1
0
2
3
3
1
0
1
0
0
2
2
2
2
3
0
0
3
3
0
-2
-1
3
0
-3
-2
-1
-1
-2
-5
-5
-5
-5
-4
0
0
0
1
2
0
0
4
4
4
3
1
0
-1
0
4
3
2
1
-2
0
2
0
-2
0
0
-1
-3
-1
0
0
0
1
0
0
-1
0
1
-1
0
3
0
-4
-1
0
-1
1
-4
-1
1
0
-2
-5
-1
0
3
5
1
0
2
0
1
0
0
2
1
2
0
0
0
0
0
-3
-1
-2
-3
-3
-3
0
1
0
0
1
4
7
2
0
1
0
-1
-2
-1
0
-1
-2
-2
0
1
-1
-2
-1
4
1
-1
-3
3
9
2
-5
-2
2
3
1
-1
0
4
6
0
-2
1
1
0
-2
-2
3
0
-4
-4
-12
-7
0
-3
-6
-3
-1
-4
-1
0
1
8
6
3
3
3
4
1
0
3
5
4
0
-1
6
5
0
-5
-7
-6
-6
-7
-5
2
5
2
1
2
7
10
4
-1
3
4
7
7
7
11
8
3
-2
-9
-12
-16
-18
-23
-27
-22
-12
-6
-6
-3
0
9
9
7
6
9
17
13
8
4
9
18
4
-8
-5
6
10
-8
-12
0
13
7
-7
-3
10
12
-1
-12
-4
9
2
-11
-16
-3
8
-2
-15
-14
3
8
0
-9
-2
16
15
-1
-6
2
10
2
-11
-15
-1
4
-4
-11
-6
5
4
-7
-8
-4
8
9
-1
1
9
9
4
0
0
0
-4
-2
2
7
2
-4
2
14
8
-4
-11
-4
1
-6
-14
-15
3
5
-8
-18
-16
-2
9
7
2
11
24
26
9
1
5
10
0
-17
-16
-10
-5
-4
-5
-2
2
5
4
0
-5
-4
0
2
-1
1
12
14
9
4
0
-1
-7
-15
-16
-11
-4
0
0
5
11
2
-6
-8
-8
-7
-6
-5
3
10
12
5
1
2
4
3
-3
-2
4
15
15
1
-5
-1
0
-8
-20
-15
0
6
0
-8
-5
10
5
-14
-18
0
17
13
-2
0
20
23
4
-9
-2
9
3
-13
-12
0
5
-3
-14
-5
5
3
-6
-8
6
15
9
-2
-5
4
10
-3
-18
-13
1
4
-12
-17
1
22
13
-4
-5
9
17
1
-13
-10
2
5
-9
-18
-5
8
2
-6
-7
6
21
7
-7
-1
11
11
-10
-20
0
12
1
-13
-6
16
17
-2
-11
0
13
8
-7
-5
11
16
3
-12
-5
10
5
-9
-18
-6
6
0
-16
-14
4
6
-6
-12
-2
14
10
-3
-10
-8
-3
-2
-9
-14
-5
8
8
-1
0
11
19
12
6
11
15
6
-5
-4
2
2
-8
-17
-7
4
4
4
7
16
15
3
-6
-8
-8
-9
-9
-7
-4
-4
-5
-6
-3
2
7
9
2
-1
-3
-1
-5
-10
-8
0
11
3
-8
-1
8
7
0
-4
9
14
7
0
-1
2
1
-5
-3
1
-2
-2
-4
-2
0
-2
-1
1
1
-7
-10
-5
2
8
5
-1
0
0
0
0
-1
0
0
0
-4
0
5
7
5
5
4
-1
-6
-5
-1
0
5
6
4
4
4
0
-3
-5
-2
-5
-9
-6
2
10
9
7
9
10
5
-5
-13
-14
-11
-13
-13
-8
0
8
9
12
11
11
5
-3
-2
-4
-6
-5
-4
0
1
3
1
0
1
2
0
-2
0
2
7
9
8
6
0
-2
-8
-13
-15
-13
-11
-8
-1
7
12
14
18
19
14
4
-7
-10
-6
-5
-9
-9
-7
-2
0
0
0
0
1
4
1
3
5
2
1
-4
-2
-2
-5
-5
-4
2
6
5
4
6
6
3
0
-6
-6
-5
-5
-4
-3
0
0
1
1
2
1
2
3
2
0
-2
0
0
2
4
2
2
0
-4
-5
-5
-3
-3
-2
0
4
1
1
2
2
3
4
1
0
2
0
-2
-3
-2
-1
-2
-1
-3
-1
0
2
3
2
0
1
2
-3
-5
-1
0
0
0
0
3
4
0
-1
0
2
-1
-1
1
0
-2
-5
-3
1
6
4
0
0
4
1
-3
-3
2
2
-3
-4
-5
0
0
0
3
1
3
0
-3
-3
-2
1
3
0
-2
1
6
5
1
1
3
-2
-9
-12
-10
-1
0
0
5
10
11
9
6
7
7
-1
-9
-11
-10
-10
-9
-5
0
5
4
6
10
9
9
1
-4
-3
-5
-9
-11
-12
-8
-2
-1
2
6
10
9
4
7
10
5
0
-1
-2
-2
-6
-8
-7
-1
1
-1
2
5
8
5
-2
-1
1
0
-6
-9
-3
0
0
-1
-1
2
2
0
1
0
-1
0
1
3
4
6
0
-3
2
0
-3
-2
-5
-3
-1
-5
-3
0
3
0
0
4
7
6
2
0
0
-2
-3
-2
-2
0
0
-3
-3
0
2
2
1
1
3
1
0
0
0
0
-1
-2
-3
-3
-5
-4
0
0
1
0
0
4
7
9
5
1
0
-2
-2
-3
-3
-2
-1
-1
-3
1
3
6
6
1
0
1
0
-2
-3
-5
-7
-8
-9
-6
-3
2
6
5
8
11
8
4
0
1
2
-2
-3
-3
0
2
2
2
-1
-3
-3
-5
-2
-3
-3
-2
-3
0
1
1
1
2
-1
-1
0
-2
0
1
0
2
1
4
5
5
5
6
1
0
-1
-2
-4
-3
-5
-8
-7
-2
-1
0
1
1
5
2
3
3
1
-3
-6
-2
-1
-3
-2
0
1
1
2
5
4
1
2
0
0
-1
-3
-1
0
0
1
1
0
-2
-1
0
0
1
3
2
2
-2
-3
0
0
-2
-1
-1
-3
-2
-1
0
4
3
3
1
0
0
0
-2
-1
0
-2
-1
-1
-1
-2
0
1
0
3
3
1
0
0
-4
-3
1
2
-1
0
0
-2
0
-2
-1
0
1
3
0
0
-1
-3
0
0
1
3
4
6
2
0
-1
1
0
0
0
0
-1
-3
-2
0
0
0
1
1
-3
-4
-2
0
-2
0
1
0
0
-4
1
4
0
3
3
0
-1
-2
0
1
-1
-1
-1
0
0
0
0
2
0
-1
2
1
0
1
-2
-2
-2
0
-1
0
0
0
1
0
0
1
0
0
0
-1
0
0
0
1
2
-2
0
0
0
0
0
0
1
0
0
1
0
1
0
-3
0
3
0
0
0
-3
-1
0
-1
1
3
0
-3
-1
0
0
-2
-3
1
2
3
1
0
1
0
1
1
0
1
-2
-2
-2
-5
-2
-3
0
-2
-5
-6
-1
1
2
1
0
2
0
0
1
3
9
9
7
5
0
1
4
4
4
1
-1
-3
-4
-7
-5
-2
-3
-6
-7
-8
-7
-5
-5
-2
-1
3
1
-2
2
5
4
4
5
8
7
4
4
2
5
3
4
3
-3
-3
-5
-5
-5
-5
-3
-3
-3
-2
-1
-2
-2
0
-3
0
0
0
2
1
3
3
1
0
4
1
1
1
0
0
0
-2
-1
0
-1
1
0
0
0
-2
0
3
7
4
0
1
0
-2
-1
0
2
0
2
-1
-5
-5
-3
-3
-1
0
0
-2
-2
1
0
2
4
5
2
0
0
-1
0
1
1
1
3
-2
-4
0
-2
-1
0
0
0
0
-1
-1
0
1
2
1
0
0
-2
-1
0
0
0
0
0
-1
0
0
0
-1
0
0
0
0
1
0
0
-1
0
0
0
1
0
0
2
0
-1
0
3
5
1
0
-1
0
3
0
-1
2
2
1
-3
0
1
-1
-2
-2
-4
-2
-4
-2
0
0
0
0
-2
-1
2
1
-1
1
2
2
1
0
1
3
5
2
1
4
3
0
0
0
0
0
0
-4
-1
-1
-3
-1
0
-4
0
-1
-4
-2
-1
0
0
1
0
0
0
0
3
3
3
1
2
2
1
1
-2
0
0
-1
0
-3
-3
0
-1
-2
-1
0
-1
0
-1
0
0
1
3
2
0
0
0
1
0
0
0
0
-1
-2
-1
0
1
0
0
1
0
1
1
0
-2
0
0
-3
-1
-2
-2
1
0
-2
0
2
2
0
-1
0
0
1
0
-2
0
1
2
0
2
1
0
0
-1
0
0
1
0
0
0
0
0
-3
-1
-2
-2
0
0
0
1
1
-1
0
1
0
-1
0
1
0
-1
-3
0
3
4
4
0
-3
-1
-1
0
0
-1
-1
1
1
0
0
0
-4
0
1
0
0
0
0
2
0
-1
1
4
3
0
0
0
0
0
-2
-1
0
0
1
0
-1
-1
-2
-1
0
-1
1
0
0
0
0
-3
-3
2
0
0
1
-1
-2
-2
0
-1
-1
1
0
0
-2
3
2
2
5
2
1
4
0
-1
0
-1
0
0
-2
-2
0
0
-1
-1
0
-3
0
0
-2
-1
0
0
4
0
-4
0
2
0
-1
-1
0
0
-1
-2
-1
0
0
0
0
1
1
2
3
1
3
0
1
0
0
0
0
1
1
-1
-2
-1
-2
-4
-2
0
1
0
-1
0
1
0
2
0
0
0
0
1
0
0
-2
-2
-1
0
1
0
2
0
-1
1
0
1
0
0
2
0
-1
-1
-3
-1
0
0
0
1
0
0
1
2
1
0
0
0
-1
-2
0
0
-1
-1
0
2
0
0
3
1
0
0
0
0
0
-1
-1
-1
-2
0
-1
0
1
0
0
1
1
0
0
-1
2
0
0
1
0
0
0
1
0
0
0
0
0
-3
-3
0
-1
0
2
0
0
-1
-1
-1
-1
0
0
1
0
0
0
0
0
0
0
2
1
-1
1
0
2
0
0
1
1
0
0
0
0
0
0
3
1
0
0
0
-2
-1
-3
0
0
0
0
1
2
0
0
0
-4
-3
0
-1
0
-1
-1
0
-1
0
1
1
2
1
3
1
0
0
0
-2
-1
0
-1
3
0
1
2
0
0
-1
0
0
-1
0
0
0
-1
0
0
-1
-2
0
-1
0
1
1
0
-1
0
0
0
0
-2
0
1
0
0
0
0
0
1
0
-1
0
0
1
2
-1
1
4
0
-1
0
-1
-1
2
0
-1
0
0
0
0
0
0
0
1
0
0
0
0
0
0
-1
-1
-3
-1
1
0
-1
0
0
0
0
-1
-1
-1
0
0
0
1
0
2
1
1
0
0
0
0
-1
-1
0
-1
0
1
0
-1
-1
1
0
0
0
-1
-1
0
1
3
3
2
3
0
-1
-1
-1
0
0
-1
0
0
-2
0
-1
-2
-1
-2
-1
0
1
1
1
0
0
0
0
2
3
3
0
-1
0
0
-3
0
0
0
0
0
-1
0
1
0
0
0
0
1
0
0
0
0
0
0
0
1
2
0
-1
0
0
-3
-1
-1
-1
-2
0
-1
-2
-1
0
0
1
0
0
1
2
0
0
0
0
1
3
0
3
3
0
2
-1
0
0
0
0
-2
2
1
0
0
-3
-1
0
1
0
0
0
-1
0
1
0
0
1
1
1
0
0
0
-3
-3
-2
-5
-6
-3
-5
-7
-7
-8
-8
-6
-3
-1
-1
0
0
0
2
4
2
2
5
8
6
7
6
7
9
8
5
5
5
7
5
5
3
1
2
0
-1
-1
-3
-4
-2
-3
-3
-2
-5
-4
-5
-5
-4
-5
-5
-4
-6
-3
-4
-6
-5
-5
-5
-2
-3
-1
0
0
0
0
1
3
3
4
6
8
7
8
7
6
8
5
5
4
2
1
1
1
0
0
0
-1
-1
-1
-2
-3
-3
-3
-3
-2
-3
-2
-2
-3
-2
-2
-2
-2
-2
-2
-1
0
-1
0
0
0
1
4
1
1
3
4
3
2
2
4
3
0
1
3
0
0
0
0
-2
-2
-1
-1
-1
-3
-1
-1
-2
-3
-3
-1
0
2
0
-1
0
-1
-1
1
0
2
0
0
1
3
0
0
0
2
2
0
0
0
0
0
0
0
-1
-2
1
0
0
-2
-1
0
-1
0
0
0
-2
-1
0
-1
0
-1
-1
1
2
0
0
-2
0
0
0
0
2
1
0
1
0
0
2
1
-1
1
0
0
3
0
0
0
0
0
-1
0
-2
-2
-4
-2
-1
-1
0
0
0
0
-1
-1
0
1
2
1
1
0
0
-1
0
0
0
0
0
-1
0
1
1
0
0
0
0
0
2
0
0
0
0
0
1
2
0
-1
-1
0
0
1
0
0
-1
-1
-1
0
0
-1
0
0
-1
-1
0
1
1
0
2
0
0
1
0
1
0
0
0
-1
1
0
-1
-1
-2
0
0
-1
0
0
0
0
0
1
0
1
0
-1
0
0
1
0
-2
0
0
-1
0
1
0
0
0
1
0
-2
2
1
-1
0
2
1
1
0
1
1
0
0
0
0
-1
0
2
0
0
1
0
-3
-2
-2
-2
0
1
0
0
1
0
0
-2
-2
-2
-1
-1
0
0
0
2
0
0
0
0
0
0
0
0
2
0
2
3
2
3
0
0
0
-1
-2
-1
0
-1
0
-1
-2
0
0
0
-2
0
0
-2
0
0
0
2
1
0
1
0
0
0
2
1
0
2
0
-1
1
-2
0
0
-1
-1
-2
0
0
-2
0
-1
-2
-2
-1
-2
-1
1
2
0
3
2
1
3
2
1
2
2
0
-1
0
0
0
0
0
0
-3
-1
-1
-3
0
0
0
0
2
2
0
1
1
-1
0
-1
-2
-1
-2
-3
0
1
0
0
1
0
0
0
0
2
1
0
2
3
0
0
0
-2
0
0
-1
0
0
0
0
0
-1
-1
0
-1
0
0
0
0
0
0
0
0
0
1
2
1
0
2
2
1
0
0
1
2
0
1
1
0
0
-1
-1
-1
-1
-1
-3
0
0
-3
0
-3
-2
-2
-4
-1
-1
-2
-1
-1
-1
0
0
0
2
3
2
1
2
4
3
1
3
3
1
3
2
2
1
2
1
0
0
0
0
-2
-1
-1
-1
-1
-3
-2
0
0
-1
-1
-1
-2
0
-1
0
-1
-1
0
0
0
-1
-3
-1
-1
1
1
-1
-2
0
0
1
2
1
2
1
2
2
0
2
0
0
3
0
-1
0
0
0
0
0
-1
0
0
0
0
0
-1
-2
2
0
0
-1
0
0
-2
0
0
0
0
0
1
1
0
2
1
-1
0
-1
0
-2
-1
0
0
1
0
1
0
0
1
0
0
0
-1
0
0
1
0
-2
0
0
1
0
-2
-1
-2
-1
-1
-1
0
-1
0
0
0
0
0
0
0
0
2
4
3
3
6
5
3
2
4
0
2
-1
-3
-1
-4
-2
-5
-10
-10
-11
-9
-7
-4
-3
-3
2
0
0
3
2
5
6
6
5
7
4
5
4
2
2
0
1
1
-3
-2
0
-3
-1
0
-1
-3
-2
-1
-4
-1
0
-1
0
-2
-1
0
0
0
0
0
0
0
-1
1
1
0
0
-1
0
0
-1
0
-2
-1
1
1
1
2
0
1
0
0
4
1
0
0
-1
0
1
1
1
0
-2
-1
-1
0
-1
-2
-1
-1
0
-1
0
0
2
3
0
-1
0
0
2
0
0
1
0
-1
0
-1
0
1
-1
-2
0
0
0
0
-1
-1
0
1
3
0
0
2
-1
-1
0
0
0
2
1
-1
1
0
0
-1
0
0
-1
1
0
0
0
0
0
0
0
0
3
0
0
0
0
0
-1
-1
0
-1
0
0
1
0
0
1
0
0
0
1
-1
-3
-2
-1
0
0
0
1
0
2
1
1
0
-1
0
-1
0
0
0
0
-1
0
0
1
1
1
1
0
0
1
0
0
0
0
-1
-3
-2
-1
-2
-2
0
2
2
2
0
1
0
0
0
-1
0
-2
-1
-1
0
0
-1
0
2
0
0
0
0
0
-1
2
0
1
1
2
0
1
2
1
0
1
1
-1
-1
1
2
-2
-1
0
-1
-2
-2
-1
0
-1
0
-1
0
0
-1
-2
0
0
-1
-1
0
1
0
0
2
2
3
1
0
1
1
0
0
0
0
0
-1
-1
0
0
0
0
0
0
0
0
1
0
0
0
0
0
0
1
0
0
0
0
0
0
-1
2
0
0
1
0
1
0
0
0
-1
-2
-1
0
-1
0
-2
0
1
-1
0
1
0
1
1
2
0
0
0
0
0
0
0
0
0
0
0
0
0
-1
-3
-1
0
-1
0
0
0
0
0
0
0
1
1
1
-1
0
0
0
0
0
0
1
0
0
0
0
0
0
-1
-1
0
0
-2
0
0
0
1
0
0
1
1
2
1
1
0
0
0
0
-3
-1
0
-2
-1
-1
-2
-4
-3
-2
-1
1
0
-1
0
0
0
1
1
1
2
3
2
4
3
3
2
2
1
0
0
-1
-1
-3
-2
-2
-2
-1
-2
-3
-4
-3
0
-1
0
0
0
1
0
0
0
-1
-1
-1
-2
0
1
1
2
1
1
-2
-3
-1
0
2
1
0
2
1
1
1
1
2
2
0
4
3
0
0
0
0
0
0
0
1
1
-1
0
1
0
0
-3
0
0
-1
-2
-1
0
-1
-1
-1
0
1
-1
-1
1
0
-1
-1
-1
-1
-1
-1
0
0
1
1
2
2
1
0
0
-1
0
2
0
1
1
0
0
1
2
0
2
2
0
-1
0
-1
-1
0
-1
-2
-1
-2
-2
-1
0
-2
0
0
0
1
1
0
1
0
0
0
-1
-2
-2
-2
-1
2
1
0
0
2
1
0
0
0
0
0
0
0
-1
-1
-2
0
1
2
2
1
1
0
0
0
0
-1
-1
0
1
2
3
0
-2
0
1
0
0
0
0
0
-2
-2
-3
0
1
1
0
0
0
-1
0
1
0
-1
0
0
0
0
-1
-1
0
0
0
0
0
0
-1
0
0
0
0
0
2
1
0
0
1
0
-2
0
0
0
0
0
0
0
0
0
0
-1
1
2
0
-1
-1
0
-2
0
0
-2
-1
0
1
1
0
2
2
0
0
1
2
-1
-1
1
-1
0
1
0
-2
-1
-3
-3
1
0
0
-1
-3
1
1
0
0
0
0
0
1
0
2
2
-1
-1
0
2
2
0
1
1
1
2
0
-2
0
0
-1
1
1
-1
-2
1
1
0
1
0
0
0
1
1
-1
-3
-2
0
0
0
0
0
-3
-1
0
0
0
2
2
0
0
0
0
1
1
-2
-2
0
2
1
0
0
0
3
2
1
3
0
-2
-2
0
0
-1
0
-2
0
0
-1
1
2
1
-2
0
-1
0
-2
0
0
-1
0
0
4
1
0
-1
-1
2
1
1
-1
-1
1
0
0
0
0
0
0
-1
1
0
-2
0
0
0
0
-2
0
0
-1
0
0
-2
-1
-1
0
2
1
0
0
2
1
-1
2
0
0
1
0
3
-2
-4
1
0
1
0
-2
0
0
2
1
0
1
1
-1
-1
0
1
1
0
-1
-1
-1
0
-1
-1
0
1
0
0
-1
1
0
1
1
0
0
1
2
0
0
0
0
0
-1
-2
-3
0
0
-2
-2
-1
0
-1
-3
0
0
0
-1
0
1
0
1
3
1
0
0
1
3
2
0
2
2
2
0
-2
0
2
2
0
-1
0
0
-1
-2
0
0
-1
0
0
0
0
0
-1
0
0
0
0
1
2
-1
-1
-1
-1
0
-1
0
0
0
1
0
-1
0
2
1
1
3
0
0
1
0
2
0
-1
0
0
-2
0
0
-2
0
0
-1
0
0
1
1
0
-2
0
1
1
0
0
0
0
0
0
0
-1
-1
-2
-3
-1
0
0
1
1
0
0
0
1
2
3
2
1
3
1
1
1
3
1
0
0
0
-1
-4
0
0
-1
-2
-4
-2
-1
-1
-2
-3
-2
0
0
1
1
0
1
3
4
5
3
1
1
3
3
1
-1
0
0
-3
-3
-3
-3
-1
0
0
-3
0
0
0
2
0
0
-1
0
2
1
-1
0
0
0
0
0
0
0
0
-1
0
0
1
-1
-1
1
1
3
2
1
2
0
0
0
0
-1
1
0
-1
-1
-3
-2
-1
0
0
0
1
0
-1
0
0
0
1
1
0
0
0
0
0
0
1
0
0
1
-1
0
0
-1
0
0
0
0
0
0
0
0
0
0
0
2
1
0
0
-1
1
0
0
1
0
0
0
0
-2
-1
0
0
0
0
0
-3
-1
0
0
1
0
1
0
0
2
0
0
0
1
-1
-1
0
0
-2
-3
0
-1
0
1
1
1
0
0
0
2
1
0
0
3
2
0
0
1
2
1
0
0
0
-1
0
-1
-1
0
0
0
0
0
0
2
2
0
-1
0
0
0
0
-2
0
0
0
-1
0
0
0
-1
-2
0
2
2
0
0
0
0
0
-2
-1
0
0
0
-2
0
0
0
0
0
0
-2
0
1
0
1
2
0
-2
0
0
1
0
-1
0
0
0
1
0
0
-1
0
1
1
0
0
0
2
0
0
0
-1
-1
0
-1
-1
-1
0
-1
1
0
0
0
0
0
1
0
0
-1
0
2
0
0
0
1
0
-1
0
0
1
-1
0
1
0
0
2
1
0
1
0
0
1
1
0
-2
-1
0
0
-2
-2
0
0
0
-1
-1
0
-2
0
0
-2
2
0
0
0
0
0
0
0
0
2
1
0
0
2
2
0
0
1
0
0
0
0
0
0
0
-2
0
0
-1
0
0
0
0
0
0
0
-1
0
2
-1
-1
0
0
-2
0
0
-1
1
1
1
0
1
0
0
0
0
0
1
0
-2
0
1
0
0
0
0
1
0
0
0
0
-1
0
-2
-1
0
0
0
0
0
1
0
0
-1
0
0
1
0
-3
0
3
0
-1
0
0
1
0
-1
0
1
0
0
-2
-1
0
0
0
0
0
2
2
0
0
0
0
1
0
0
1
0
0
-2
-1
0
-1
-2
-1
0
0
0
0
1
0
0
0
-1
-1
-3
-2
0
0
0
1
1
3
0
1
1
0
0
0
1
0
0
0
0
0
-1
-1
-1
-1
0
1
1
0
0
0
1
-2
-1
-2
-1
1
0
0
1
1
0
0
-1
0
2
0
1
0
-1
1
0
0
-1
-2
0
2
1
0
4
2
0
-1
0
0
0
0
-1
0
1
0
-1
-1
0
0
0
-2
0
1
1
0
-1
0
0
1
0
-1
0
0
-1
1
0
0
0
-1
-1
1
-1
-1
1
1
0
-1
0
0
0
0
0
0
1
0
0
0
-1
0
0
0
0
1
0
0
0
1
1
0
0
0
1
-1
0
1
0
0
0
-1
-1
0
1
0
0
0
0
-1
1
2
0
0
-1
0
0
0
0
-1
0
-1
-3
0
0
0
1
0
-1
0
0
0
0
-1
0
1
0
2
0
1
0
0
0
1
1
-1
0
0
1
0
0
0
0
-2
-1
0
-1
0
-1
0
2
0
0
-1
2
0
-1
2
0
0
2
-1
-1
0
0
0
0
0
-1
-1
0
0
0
0
0
1
0
-1
0
0
0
1
0
0
0
1
0
1
0
0
1
0
0
0
-2
-1
1
0
0
1
-1
-3
0
1
0
0
0
0
0
0
0
0
0
0
0
0
0
0
1
0
0
1
0
-1
1
-1
0
1
0
0
-1
0
0
0
0
1
3
1
0
0
0
0
-1
-1
0
-1
-1
1
0
0
-1
0
-1
0
0
2
4
2
1
1
-1
0
0
0
0
0
0
0
0
1
0
-2
-1
0
0
-1
0
0
0
-1
-2
0
1
0
0
0
0
1
0
0
0
-1
1
1
1
1
0
0
0
0
0
-1
0
1
0
1
0
0
0
-1
1
0
0
-1
0
0
0
0
0
0
-2
-1
0
0
0
0
1
0
0
0
0
1
1
3
1
0
1
0
0
1
-1
0
-1
0
-1
-1
0
0
0
0
-1
-1
-1
-2
-1
0
1
1
0
1
0
0
0
1
1
0
0
1
1
0
0
0
-1
0
0
-1
0
0
-2
-1
0
-1
0
0
0
-1
1
1
0
1
0
0
0
-2
0
1
-1
-1
0
0
0
-1
1
0
0
0
0
0
2
1
0
0
1
1
0
0
0
-2
0
0
-1
0
-1
0
1
-1
-1
-1
-1
0
0
0
0
0
1
0
-2
1
2
2
2
2
0
0
0
-1
0
1
0
-1
-1
-3
-2
0
1
1
-2
0
0
-1
-1
0
0
0
1
1
0
0
-3
0
0
-2
1
0
0
2
-1
0
1
0
0
0
0
2
0
-2
0
0
0
1
0
0
1
1
0
-1
0
0
2
0
0
1
0
0
0
-1
0
-1
0
0
0
2
-1
-1
-1
-1
0
-2
0
1
-2
-1
-2
0
1
1
2
0
0
0
0
2
2
3
0
0
1
0
0
0
0
0
0
0
0
-1
-1
0
-1
0
0
0
0
-3
-2
0
1
0
-2
-1
0
-1
0
0
-1
0
0
6
4
0
2
0
0
2
1
0
0
1
0
-2
0
0
1
0
0
0
-1
-1
-2
-1
0
0
-1
-2
-2
-1
0
0
1
3
2
0
-1
0
2
1
0
0
0
0
0
0
0
0
0
1
0
0
0
-1
-2
1
0
-1
0
-1
-1
0
0
0
-1
0
1
0
0
-1
0
0
-1
1
1
2
0
-1
0
1
1
0
0
0
1
1
1
0
-2
1
0
-1
0
-1
-1
1
-1
-1
0
0
-1
-2
0
1
1
0
-1
0
1
0
0
-1
0
0
0
0
0
0
0
0
0
2
0
-1
-1
1
0
0
0
-1
0
1
0
1
2
2
0
0
0
1
0
0
-1
-1
0
-1
0
0
-3
-1
0
0
0
0
1
0
0
0
0
-1
-2
-2
-1
0
1
0
0
0
0
0
0
0
2
-1
0
3
2
2
1
0
0
1
-2
-2
0
-1
-2
-2
1
0
-1
0
0
2
2
1
2
0
0
0
-2
-1
0
-1
0
0
-1
1
0
1
0
-1
0
0
0
0
0
0
-1
1
1
1
1
1
2
-1
2
1
-2
0
-2
-1
0
-2
-2
-1
0
-1
0
0
0
1
0
0
0
3
1
0
0
0
1
0
0
0
0
0
-1
-1
0
-1
0
0
0
0
0
2
2
0
2
0
2
0
-1
0
0
-1
-1
0
0
0
0
0
0
0
0
-1
0
1
0
0
0
0
1
1
2
3
0
-2
0
-2
-1
-2
-2
0
0
-1
-1
0
0
0
0
0
1
0
-1
0
-1
0
1
0
0
1
0
1
1
0
0
0
0
0
-1
0
-1
0
0
0
0
-2
0
1
1
0
0
1
1
0
0
0
0
-1
-2
0
0
0
0
1
1
-2
1
1
-1
0
0
0
0
0
0
0
0
-1
0
0
1
0
0
0
0
0
0
-1
0
0
-1
0
0
0
0
-1
0
1
2
0
-2
0
1
0
2
3
0
1
0
0
1
0
-3
-3
0
1
0
-1
-1
-1
-1
0
0
0
0
1
2
2
2
2
1
-1
0
1
-1
-1
-1
0
1
0
0
0
-3
-1
0
-2
0
1
1
0
1
2
0
3
2
0
1
0
0
0
-1
1
0
-2
-3
-1
0
-1
-3
-4
-3
0
0
-1
-1
0
2
1
1
2
3
4
1
-1
-1
0
2
0
0
0
-1
0
1
0
0
0
0
-2
-2
-1
-1
0
2
0
0
0
0
1
1
1
0
-1
-1
-1
0
0
-2
-1
0
-1
0
0
1
0
-1
-1
0
1
0
1
0
-1
0
2
3
1
1
0
-1
0
2
0
-1
0
0
-1
0
1
0
-1
-1
-1
1
0
0
1
0
-2
-1
0
0
0
0
0
-1
1
0
-1
-1
0
0
-2
1
1
0
0
0
2
0
0
0
0
0
-2
0
0
0
2
1
1
0
0
0
0
-1
0
0
-2
-1
0
-1
0
0
-1
0
0
1
2
2
2
-1
0
0
-2
0
1
0
0
0
-1
0
0
0
0
1
0
0
1
0
0
1
0
0
0
0
0
1
0
0
-1
-1
-1
0
0
0
0
0
0
-1
0
0
0
-2
0
-1
0
0
0
0
2
1
1
-1
-1
0
0
0
0
0
2
0
0
1
3
0
0
0
0
-1
0
-2
-2
-2
0
0
-1
0
0
0
0
0
0
0
0
0
0
0
-1
0
0
0
0
-1
0
0
0
-1
0
1
-1
0
0
0
0
-1
0
1
0
0
1
0
0
0
0
0
0
1
0
-1
0
-1
0
0
-1
0
0
0
0
0
1
1
-1
0
-1
0
1
0
0
0
1
0
0
0
0
0
-1
-1
0
0
-2
0
0
0
0
-1
-1
0
0
0
0
0
1
0
0
0
0
1
1
0
2
2
0
0
1
0
0
-1
-1
-2
-1
0
-2
-3
0
2
-1
-1
0
1
0
-1
0
0
0
0
0
0
0
0
1
0
0
0
0
0
1
0
2
1
-1
0
0
1
0
-1
-1
1
1
0
1
0
-2
0
1
0
-2
0
0
1
0
-1
-1
-1
0
0
-1
-1
0
1
1
0
-1
0
0
1
0
0
1
0
0
0
0
0
-2
0
0
0
0
-1
-1
-1
-1
2
1
0
1
2
0
1
0
-1
-1
0
0
1
0
0
0
0
0
-1
-1
0
0
0
0
0
-1
0
0
0
1
2
-1
-1
0
-1
0
-1
-2
0
3
2
0
-1
0
0
1
0
-1
0
1
0
0
1
3
1
1
0
-1
0
1
0
0
-1
2
1
0
-1
0
0
0
0
-2
-1
1
0
-2
0
1
3
0
0
0
0
0
0
-1
-2
0
-2
-1
0
0
-2
-2
0
0
0
0
0
2
1
1
0
2
2
0
-1
0
0
0
1
0
0
0
0
2
-1
-2
0
0
0
0
0
-1
0
1
-2
0
2
0
0
0
0
-1
0
-2
0
0
0
1
0
-1
1
0
1
2
0
0
-1
1
1
1
0
1
2
0
-3
0
0
0
0
-1
-1
0
-1
-1
-1
0
0
0
0
0
2
0
0
0
-2
0
0
-1
0
0
-1
-2
0
0
0
0
2
0
0
4
3
2
2
1
0
1
0
0
0
-1
-1
-5
-3
-2
-3
0
-1
-1
-1
-4
-3
0
2
0
-1
-1
1
0
0
-1
1
2
1
1
2
4
2
2
2
2
0
0
0
0
1
1
1
0
-1
1
0
0
0
0
1
0
0
2
0
-1
-2
-2
0
-1
0
0
0
-3
-3
-3
-4
1
2
0
-1
-4
-2
1
3
1
-1
0
-2
-1
0
2
3
2
3
0
0
4
2
0
0
0
0
-1
-1
-1
0
0
0
0
1
0
0
0
0
0
1
-1
-2
0
2
1
-1
-1
0
0
-1
-1
1
1
-2
1
0
-1
2
0
-1
-1
0
2
0
0
0
-1
0
-1
-1
0
0
-2
1
2
0
2
0
-2
-1
0
0
-1
0
0
0
2
0
0
1
0
0
2
1
0
-1
0
0
0
0
-2
0
0
0
-1
0
0
0
-1
0
2
0
-1
0
0
1
0
0
2
0
0
0
0
-1
0
0
-1
1
0
0
2
0
3
1
0
0
0
-1
-2
0
-2
-1
0
-1
1
1
0
-1
0
0
0
-1
0
0
0
0
-1
0
0
0
1
0
1
1
0
1
0
0
0
-1
-1
-2
1
0
-1
1
1
1
1
1
0
0
0
-1
-2
0
0
0
1
-2
-3
2
0
-1
0
-1
0
0
0
-1
2
0
-2
0
-1
0
1
0
-1
2
2
-2
-1
1
2
0
0
0
-1
0
0
-1
0
2
-1
1
0
-2
2
2
0
1
0
0
1
0
-1
1
1
-1
0
-1
-1
-1
0
-1
-4
0
0
-2
0
2
0
0
2
1
1
-1
-1
0
1
0
0
2
0
0
-1
-2
0
0
1
0
-2
1
0
0
0
1
2
2
2
1
0
1
0
-1
0
1
0
-2
-3
-1
-1
-3
-1
0
-1
0
-1
-2
0
0
0
-1
0
1
1
0
2
1
1
0
0
1
2
1
0
0
0
0
0
-2
-1
2
0
-2
0
0
0
-2
-2
0
0
0
0
0
1
2
1
0
-1
0
-1
0
-1
0
1
-1
0
-1
0
0
0
0
0
0
0
0
0
0
0
0
-1
-1
0
0
0
1
-1
2
2
0
0
0
0
0
1
-1
0
0
0
0
0
-1
1
1
-1
-1
0
0
-1
0
0
1
0
0
0
0
-1
0
-1
0
2
0
-1
1
1
0
-2
-2
0
1
1
0
-1
0
1
0
-1
-1
0
0
0
1
2
0
-1
0
2
1
0
-1
-1
3
3
-1
1
0
-2
0
0
0
-2
0
1
-2
1
3
0
-1
-1
-1
0
0
0
0
2
0
0
0
0
0
0
1
0
1
1
-2
-1
-2
0
0
-2
0
3
2
0
-1
0
0
0
0
0
1
1
-1
-3
-3
0
1
1
-1
0
1
3
0
0
0
0
0
-2
-1
0
0
-1
0
2
3
0
0
0
0
0
-1
-1
-3
0
1
0
0
0
2
2
0
-1
0
1
0
0
0
-1
0
0
-1
0
1
0
-1
0
0
0
-1
-1
-2
-1
0
0
0
0
1
1
1
0
2
3
0
1
1
-1
0
0
0
0
0
-1
0
1
0
0
0
-1
-2
0
0
0
0
0
0
0
-1
0
0
0
-1
-1
1
2
1
0
-1
-1
0
0
-1
0
0
1
-1
-1
1
1
0
0
1
1
1
2
-1
0
3
2
0
0
0
0
-1
0
0
-4
-3
-1
0
1
-1
-1
-1
0
1
0
-1
0
1
-3
0
5
3
1
0
-1
-1
0
1
0
0
0
2
0
-2
-1
0
-2
-3
0
0
0
0
-1
0
2
1
0
0
0
1
1
0
0
1
0
-1
0
0
0
-1
-2
-1
0
0
0
0
0
-2
0
0
-1
1
2
0
1
0
1
0
-2
-1
0
0
0
0
0
2
3
-1
0
0
-1
1
0
-2
0
0
0
-1
-2
-1
-1
-1
-1
1
0
1
0
0
0
0
1
0
0
1
0
0
0
1
0
0
0
0
2
2
0
1
0
0
0
0
1
0
-1
0
0
0
0
-2
-2
0
0
0
-1
0
1
1
0
0
0
0
-1
-1
0
0
0
0
0
0
0
0
0
0
0
0
-1
-3
2
3
0
0
1
2
2
2
0
0
0
-1
-2
-3
-2
0
1
0
-2
0
0
-1
0
1
1
0
0
-2
-2
1
0
0
-1
1
0
-2
-1
0
3
2
0
1
4
3
0
0
0
0
-1
-1
-1
0
1
-3
-1
0
1
1
0
0
0
1
-1
-1
-3
-1
-1
-2
0
0
-1
1
1
-1
0
2
0
2
0
0
0
-2
0
0
-1
2
2
0
2
1
1
1
-1
1
0
0
0
-2
-1
0
0
-1
1
-1
-3
0
1
0
-1
-1
-3
-2
-1
-1
0
1
2
4
2
1
0
2
2
0
0
1
-1
-2
0
3
1
0
1
1
1
0
-2
0
0
-3
-3
-2
-1
0
0
0
-2
-2
0
3
2
0
0
0
-2
-2
0
0
0
0
0
0
2
1
0
0
1
0
0
0
1
0
0
-3
0
0
0
3
2
0
-1
0
1
0
-1
0
0
-3
0
1
0
0
-2
0
0
0
0
0
-2
-2
0
0
0
0
1
0
0
0
1
0
-1
-1
-1
1
1
0
0
0
-1
-1
1
-1
-2
0
0
-1
0
0
0
0
0
0
1
0
0
1
2
2
1
2
1
1
-1
0
0
0
-1
-3
0
0
-1
0
-3
0
1
-1
-1
0
1
0
-3
0
2
1
1
-1
-1
0
1
3
1
0
1
1
1
1
0
0
0
-1
0
1
0
0
-2
0
3
-1
-1
-2
0
3
0
-2
2
0
-1
-1
-2
0
1
-1
0
0
0
0
-1
0
-1
0
1
-1
-3
1
1
0
0
0
3
0
-1
0
2
2
-2
0
1
0
2
2
-1
0
2
0
0
0
-2
0
0
-2
0
1
0
-1
0
0
-1
0
0
0
1
1
0
0
0
0
0
-1
-2
-1
-1
0
-1
0
1
-3
-1
0
1
0
0
0
0
0
1
0
-2
2
0
2
1
-2
1
1
0
1
0
1
0
-3
0
-1
-2
0
-3
0
1
0
1
1
1
1
-1
0
1
0
-1
0
0
1
0
0
-2
-3
-1
0
0
0
0
1
0
0
0
0
0
0
1
1
0
0
0
0
1
1
0
-1
0
0
0
-1
-1
0
0
-1
0
0
1
2
-1
0
0
0
0
-1
0
0
0
0
-2
0
1
0
0
0
0
0
-1
-1
1
1
1
0
-1
-1
0
0
-1
0
1
-1
0
0
1
-1
-2
0
1
0
-1
0
0
0
1
0
1
2
1
2
0
0
0
1
-1
-1
0
0
-1
-3
-2
0
-1
0
-1
0
-1
0
2
0
-1
3
3
1
-1
0
0
-1
0
-2
0
0
0
0
0
1
3
1
0
2
1
-1
0
0
-1
0
-2
-1
0
-1
0
0
-1
0
0
-1
-2
1
1
1
0
-2
1
2
0
1
-1
1
1
0
0
0
0
-3
0
0
-1
0
0
0
-1
0
3
0
0
1
2
0
-1
1
2
0
1
-1
-1
0
0
-2
-1
0
0
-1
0
0
0
1
0
0
-2
-1
1
0
-1
1
0
-1
-1
0
0
0
0
0
1
0
1
0
0
1
0
0
0
-1
-2
-1
0
-1
-1
3
1
0
0
0
0
-1
0
1
0
-1
0
-1
1
2
1
2
1
0
0
1
0
-4
-2
-1
-3
0
1
1
0
0
-2
0
0
-1
0
0
0
2
1
2
1
-1
0
0
2
-1
-1
-1
-2
0
0
0
0
0
0
-1
0
0
-2
0
-1
-1
0
0
0
0
0
1
2
3
0
2
1
0
1
0
1
2
2
1
2
0
-1
-3
-3
-2
-2
-1
1
0
0
0
-2
0
-1
0
0
0
2
0
0
2
-1
-1
0
0
1
0
0
0
0
-1
-2
0
-2
0
0
0
1
1
1
2
3
0
1
0
0
0
-1
-1
-1
-2
0
0
-1
2
0
0
0
-1
1
1
0
0
1
0
0
1
0
0
0
0
3
1
-1
-1
-1
-2
0
0
-3
0
0
-1
0
0
0
-1
-2
0
0
1
0
0
0
0
0
0
1
0
0
0
0
0
0
0
0
1
1
-1
-1
0
0
0
0
1
1
0
-1
0
0
1
-1
-1
-1
0
0
-1
0
0
0
-1
-3
0
1
-1
-1
0
0
0
0
0
1
0
0
1
1
0
-1
0
1
0
1
-1
-1
0
0
0
0
0
0
0
-1
0
0
1
1
1
-1
0
0
0
0
0
0
0
0
0
-1
0
0
0
-1
-1
0
0
0
0
0
0
0
0
0
0
0
0
-1
-1
0
0
-1
2
0
0
-2
-1
0
0
0
0
0
1
0
0
1
-1
0
2
1
0
1
2
2
-1
0
0
0
0
-1
-2
-1
-1
-2
-2
-1
0
2
0
0
1
2
-1
-1
0
0
0
0
0
0
2
-1
-1
0
-1
0
0
-1
0
0
0
0
0
0
0
0
0
0
3
0
0
0
1
1
1
0
-1
0
0
0
0
0
0
0
0
-2
0
0
-1
-1
-1
0
0
0
0
-1
0
0
0
0
0
2
0
0
0
-3
0
0
0
1
0
0
1
0
-1
0
0
-1
0
1
-1
0
0
-2
0
0
-3
0
1
0
2
1
-1
1
2
0
0
0
0
1
-2
-2
-1
1
0
0
0
0
1
0
-2
-2
-1
0
0
0
1
0
0
2
-1
-1
0
-1
0
-2
-2
0
1
1
2
0
0
0
-2
1
0
-1
-1
-1
0
0
2
1
0
0
0
-2
-1
0
0
0
0
-1
0
0
0
1
0
0
0
-1
0
0
0
2
3
0
1
3
5
4
1
2
1
2
2
0
1
0
0
-2
-2
-5
-5
-4
-5
-1
-3
-4
-4
-3
-1
-3
-2
-2
-2
0
0
1
2
4
2
0
2
0
3
5
4
3
1
4
2
1
2
1
1
0
1
0
0
1
0
0
-1
0
1
0
0
-1
-3
0
0
1
0
0
0
-2
-3
-2
-3
-2
-2
-2
-1
-5
-3
0
0
-1
0
0
2
4
0
2
2
0
1
3
2
0
1
2
0
0
1
2
1
0
2
2
0
-2
-1
-1
-2
0
-2
-2
0
-1
0
-2
0
1
0
-2
-1
0
0
-1
-2
0
2
0
-2
0
0
0
1
1
1
0
1
2
0
0
1
0
0
0
0
2
0
-1
0
-3
0
0
1
0
0
1
0
1
0
-2
-2
-1
0
0
0
1
0
-1
1
0
-2
-1
-1
0
0
0
0
1
2
1
-1
0
0
0
0
0
-1
-1
0
2
2
0
-1
2
1
0
-1
-2
-2
-2
-1
-1
0
1
1
2
-1
0
0
-1
-1
0
0
-1
0
3
1
3
0
-1
1
0
0
0
-2
1
1
0
1
0
0
0
0
0
0
0
0
0
-1
-1
-2
0
-1
1
2
1
2
-1
-2
-2
-3
-1
-1
-1
0
1
0
0
0
0
0
0
0
-1
1
3
2
0
0
1
0
0
0
0
0
2
1
0
0
-1
-2
0
0
0
-3
0
2
0
1
0
0
0
0
0
0
0
0
0
0
1
-1
-2
0
-1
0
1
-1
-1
0
0
1
0
1
0
0
0
0
0
2
1
0
0
0
0
-1
0
1
0
-1
-2
-1
2
0
1
1
0
0
-1
0
1
0
-1
0
-1
0
2
0
-1
1
0
0
1
1
0
0
-1
-2
-2
0
1
1
0
0
-1
0
0
-1
0
0
0
0
2
0
0
-1
-1
0
5
0
-4
-1
-2
0
2
0
0
0
-2
-3
1
2
0
2
0
-1
2
-1
-2
2
1
2
1
-1
-1
0
-1
0
-1
0
-1
0
0
2
1
-1
0
-2
0
2
1
1
0
0
0
2
0
0
0
0
0
0
0
0
0
0
-1
1
0
0
-1
1
0
0
1
0
0
0
-1
1
2
0
-3
0
1
0
1
1
0
0
0
0
-1
-1
-1
-3
0
0
0
1
0
0
0
2
2
-2
1
1
-1
1
0
0
0
0
0
0
0
0
1
2
-1
-1
-1
-1
0
0
-1
0
1
0
2
0
0
-1
0
1
0
0
0
0
0
-1
-1
-1
-1
0
0
0
0
0
2
0
0
1
1
2
0
0
1
0
0
0
0
0
0
-2
0
0
-2
0
0
0
0
-1
0
0
1
1
0
-1
2
0
-1
0
0
0
0
0
1
0
0
0
0
0
0
0
0
0
-2
0
2
1
0
-2
0
4
1
-1
0
0
2
2
-1
-2
0
-1
-1
-2
0
0
0
0
0
0
0
-1
-1
-2
0
2
0
-1
0
0
0
1
1
0
0
1
1
0
1
1
0
0
1
0
1
0
0
1
0
0
0
0
-1
0
0
0
0
0
-2
0
0
-3
-2
0
0
0
-2
0
0
0
1
-1
-1
0
-1
0
0
1
1
1
1
0
0
2
1
1
2
1
0
0
0
0
0
0
0
-1
-1
0
-1
0
0
0
0
0
-2
-1
0
0
-1
0
1
1
0
0
0
0
1
0
0
2
0
0
-3
-1
1
0
0
1
-1
0
-1
-1
0
0
0
0
0
1
1
0
0
0
2
2
0
0
1
1
0
-3
-3
0
0
2
0
0
-1
-1
0
-1
3
3
0
0
-1
1
2
2
-1
-1
0
1
-1
0
0
0
0
0
0
0
0
0
0
0
0
-1
-1
1
0
-2
-2
0
1
0
-1
-1
0
0
4
3
0
-1
-2
0
2
0
0
1
-2
0
3
0
0
-2
0
1
-2
0
2
-1
-1
0
-1
0
-1
-1
0
0
0
1
2
1
0
0
0
0
-1
0
4
0
-1
0
1
0
-1
0
-1
0
0
0
0
0
-1
0
0
-1
0
1
0
0
0
-1
-2
0
0
1
1
0
0
-1
0
0
-1
0
0
0
-2
0
2
-1
0
2
0
1
0
-1
0
-1
0
-1
0
2
1
0
0
0
0
2
0
1
1
0
1
1
0
-1
-1
0
0
-2
-1
-1
0
-2
-4
-2
0
-2
-3
-4
-2
0
0
0
0
2
2
1
2
3
1
2
4
2
4
2
0
3
1
2
3
0
2
0
0
2
-3
-2
0
-1
-2
-1
-1
-1
-2
-4
0
0
1
0
-1
-1
1
0
0
0
-1
0
0
0
0
-1
0
-2
-1
0
0
0
0
1
1
-1
0
0
1
2
0
1
3
3
0
0
0
0
0
0
-2
-2
0
2
-1
0
0
0
2
0
0
0
-1
0
0
0
-2
-1
-2
-3
0
-1
2
0
0
4
1
0
1
1
0
0
0
3
3
0
1
0
1
1
0
0
0
-2
-1
0
0
-1
-1
-2
-3
0
-2
-1
0
-2
-3
0
0
1
1
0
-1
0
2
0
1
1
1
0
0
2
1
0
0
-1
0
0
1
0
0
0
0
1
0
0
0
-1
-2
0
0
0
0
1
2
0
-3
-2
0
0
0
-1
-1
0
1
0
0
-1
0
0
0
0
0
-1
0
0
0
0
1
0
-2
0
1
1
0
-1
-1
3
3
0
0
0
0
0
0
0
1
0
0
0
0
1
-1
-1
-1
0
-1
0
1
0
-1
0
0
0
-1
-3
0
-1
-1
0
0
0
0
1
2
0
0
0
0
0
0
1
0
-1
0
0
1
1
-1
0
-1
1
1
0
0
0
0
1
0
0
0
-1
0
0
0
1
0
-1
0
0
0
0
-1
1
0
0
0
1
0
-3
0
-1
-2
0
0
1
0
0
1
0
0
1
3
0
-1
0
0
0
0
-1
0
0
0
0
0
-2
-2
-1
0
0
0
0
0
1
0
0
0
3
2
1
0
0
2
0
-2
-2
0
-1
0
0
-3
-1
0
-1
-1
-2
0
0
-1
0
0
1
0
0
0
0
0
2
3
2
0
0
3
0
-3
-1
0
1
0
-1
0
0
1
0
-3
-1
0
0
-2
0
1
1
1
0
1
0
0
0
-3
0
0
0
0
0
0
0
-1
0
1
0
0
-1
-1
-1
0
0
0
0
-2
-1
0
0
0
0
0
0
0
0
4
3
2
3
1
1
0
-1
-1
-1
-1
-2
0
0
0
0
-2
-3
0
0
-1
0
1
3
4
0
0
0
-2
-1
0
0
-1
0
0
0
1
0
0
0
0
0
0
0
-1
1
0
-1
0
-2
0
0
-2
1
0
-2
-1
0
0
1
3
1
2
0
0
-1
-1
0
0
-1
-1
1
1
-1
0
1
0
0
0
2
2
0
-1
0
-2
-2
0
0
0
1
1
1
-1
-1
0
1
-1
-1
1
1
0
0
0
0
-1
-2
0
1
0
0
1
1
0
0
0
0
-1
-1
0
0
-1
0
2
0
-1
0
-3
-3
0
0
1
1
0
1
0
1
0
-1
0
1
0
0
0
-1
0
0
0
1
0
1
0
0
0
0
0
0
0
1
0
0
0
0
0
0
-1
-1
0
0
0
0
-1
-1
0
0
0
-1
0
-1
0
0
1
1
0
0
1
0
0
0
-1
0
0
0
0
0
0
0
-1
0
0
0
0
0
0
-1
0
0
0
1
-1
-1
0
0
0
-1
0
2
1
0
0
-1
0
0
-2
0
2
0
0
1
-1
-1
1
1
0
-1
0
1
1
2
-1
0
1
0
2
0
0
0
0
0
-1
-4
-4
-1
-1
-2
-4
-2
-2
-3
-1
0
0
0
0
1
1
2
4
2
4
4
2
2
4
4
1
0
-1
0
0
-3
-3
-1
-3
-4
-3
-3
-2
-3
-3
0
1
0
1
0
1
2
2
4
3
0
1
3
2
2
0
1
0
-2
0
-3
-2
-1
-2
0
-1
-3
-1
-1
0
1
0
0
0
0
0
1
-1
0
1
0
0
0
0
1
0
-1
0
0
0
0
0
0
1
0
-1
0
1
0
0
0
0
2
1
0
0
1
0
0
0
-2
0
-1
0
0
0
-1
0
1
1
0
-1
-2
0
0
2
1
-1
0
0
0
-2
-1
-1
-2
0
0
-1
0
0
0
1
1
1
-1
1
2
2
4
0
-1
0
0
0
-2
-1
-1
0
0
-1
0
-1
0
0
0
0
0
0
0
-1
1
0
-1
1
0
1
-1
-3
0
2
1
0
1
0
-2
0
2
1
3
1
-1
0
-2
-1
0
-2
0
-1
-2
0
-2
-2
0
1
0
1
4
3
0
0
0
0
1
-1
-1
0
-2
-2
0
0
0
0
0
0
0
1
0
-2
-1
0
0
2
1
3
3
0
-1
0
2
1
-1
0
0
0
0
-2
0
0
-3
-2
0
-1
0
0
-1
0
0
0
0
0
0
0
0
1
0
0
0
-2
0
0
0
0
0
-3
0
0
-1
0
0
-1
-1
0
1
2
2
0
1
1
0
3
4
2
3
4
0
0
1
0
1
0
-1
0
0
-4
-2
-1
-4
-2
-3
-3
-4
-2
-4
-3
0
-1
-1
0
0
-2
0
1
0
0
3
0
1
0
0
1
2
2
4
4
2
3
0
0
4
2
1
2
0
1
3
2
-2
0
1
0
-1
0
0
-1
0
-2
-2
-1
-1
-2
-2
-2
-1
0
-4
-3
-3
-2
0
1
0
0
3
0
0
0
0
2
0
2
5
1
0
1
0
-1
1
0
0
0
0
0
-3
0
1
-1
0
0
0
-2
0
1
-1
0
0
0
0
1
-1
0
0
-1
0
-1
-1
-1
0
0
-2
-2
0
0
-1
0
1
-1
0
0
-1
0
1
0
0
0
0
0
2
1
1
0
1
1
1
2
3
2
0
0
-1
-1
1
0
0
-1
-2
-1
-2
0
0
-1
-2
-2
0
1
3
0
0
0
0
2
1
-1
-3
0
2
1
0
-1
-2
-2
-2
0
0
0
0
0
1
0
0
0
-1
-1
1
0
1
3
0
0
-2
0
1
-1
0
0
0
0
0
0
0
-1
0
-1
0
1
0
0
-2
0
-1
-4
-2
2
2
-1
1
0
0
0
0
0
0
1
1
0
1
0
1
2
-1
-2
0
0
-1
-2
-1
1
4
3
-1
-2
-3
-2
0
1
0
0
0
-1
0
0
-1
-3
-1
1
-1
0
0
0
3
0
0
0
1
0
-2
-1
0
2
5
0
-2
-1
1
0
0
0
-4
-3
0
-1
-2
1
3
0
0
0
1
1
-1
-1
1
0
0
1
0
2
3
1
0
0
2
1
0
0
1
0
-4
-5
-4
-1
0
0
-6
-4
0
0
0
0
-1
-1
-2
-3
0
1
1
0
0
0
0
1
1
1
2
2
1
0
0
2
2
1
0
1
2
0
2
4
1
1
0
0
1
2
0
0
-1
-1
0
-2
-1
-3
0
-1
-4
-4
-4
-4
-1
-3
0
1
-1
0
0
1
-1
-1
-1
0
2
5
3
1
1
0
0
1
2
1
1
0
-2
0
1
0
0
0
1
0
0
0
0
0
0
0
-3
0
-1
-3
0
0
-1
-1
0
2
1
0
-2
-3
-1
-1
0
0
1
0
0
1
0
0
2
1
-2
0
1
2
2
0
0
0
0
-2
0
0
-2
-1
-1
-1
-1
1
0
-2
0
2
2
0
0
0
2
0
0
1
1
1
-1
0
2
1
0
0
0
0
0
-1
-1
0
-1
-1
0
0
-1
-2
0
0
0
0
0
0
0
1
0
2
1
0
3
2
0
0
-1
0
-1
-1
-2
-2
0
0
0
-1
0
2
-1
0
1
0
0
-1
-1
2
1
-1
-1
0
-1
0
0
1
-2
0
0
2
2
-1
1
2
0
1
0
0
-2
-1
0
0
0
0
-1
0
0
2
0
-1
-1
0
0
-1
0
0
0
2
2
1
0
0
0
0
0
-1
-1
-1
-2
0
0
0
0
0
0
0
-1
-1
0
0
2
1
3
1
0
1
0
-1
0
1
-1
-1
0
1
1
0
0
0
-1
-1
0
-1
-1
0
0
-1
-1
1
1
0
-2
0
1
1
0
0
1
0
-1
0
0
0
1
0
0
-1
0
3
0
-1
-1
0
0
-1
-3
0
1
0
0
0
0
0
0
-1
0
2
0
0
0
2
2
0
-1
0
1
0
0
0
1
-1
0
0
0
-1
-1
0
-2
-1
0
0
0
-1
0
0
1
1
1
0
1
0
0
0
0
0
0
0
0
0
-2
-2
0
0
0
0
0
0
0
0
0
1
0
0
0
0
0
0
-1
-2
0
1
0
0
-1
0
0
0
2
1
-1
0
0
-1
0
1
0
0
1
0
-1
-2
0
0
1
0
0
0
-2
0
-1
-2
-1
-1
0
-1
0
-2
-1
0
1
3
1
3
1
1
2
1
0
1
0
0
0
0
0
0
0
-1
0
1
2
0
-2
-1
-2
-1
-2
-1
2
1
1
-1
-3
0
0
-2
-1
0
1
1
0
0
1
0
0
0
0
0
0
-1
0
0
0
0
0
0
0
0
0
0
-1
0
2
0
0
0
1
0
-1
-2
-1
1
0
0
0
1
1
0
0
1
0
-1
1
0
-1
0
0
-1
0
1
-1
-1
-1
0
-1
-1
1
-1
0
1
0
0
0
0
-1
0
0
0
0
0
0
0
-1
-1
0
-1
0
1
0
-1
0
0
1
0
0
0
0
0
-2
-1
-1
0
1
0
0
0
0
0
0
0
1
1
1
2
0
-1
0
1
-1
-1
0
0
0
0
0
0
0
0
0
2
-1
-1
-1
-2
1
1
0
1
0
0
0
0
-1
-1
0
-1
1
3
2
1
-1
-2
0
-1
-1
-2
1
0
0
0
0
2
1
0
-1
-1
0
0
-2
1
3
0
0
0
1
0
0
0
-1
1
1
-2
-1
0
-1
0
0
0
1
0
-1
-2
0
0
0
0
0
0
0
-1
-1
0
0
0
0
0
0
0
0
-1
1
2
0
1
0
-1
0
1
-1
0
2
0
0
1
0
0
0
0
0
-1
0
1
-1
-1
0
0
-2
0
0
-1
0
0
-1
0
0
0
0
0
0
1
1
2
0
-1
-2
0
1
0
3
1
0
1
0
-3
0
0
0
0
0
0
1
-3
-3
0
1
1
0
-1
-1
1
0
0
-1
0
0
0
1
0
0
-2
0
1
1
0
0
0
1
2
2
-1
-1
0
0
0
0
0
-2
0
0
-1
0
0
-2
0
0
0
0
0
1
0
0
0
0
0
-1
-3
-1
2
1
2
0
0
0
1
1
1
1
0
0
0
0
-1
0
0
0
-3
-1
0
0
-1
-1
0
-1
0
1
0
0
0
0
2
0
0
0
-1
0
1
0
0
0
1
1
-1
0
1
0
-1
-1
0
0
0
-1
-1
0
-1
0
1
-1
-2
-1
0
-1
0
-2
-1
1
1
0
0
0
0
0
1
0
0
0
1
2
0
0
0
-1
1
1
-1
-2
0
0
0
1
0
-1
0
2
0
-2
0
0
-1
0
0
0
0
0
0
0
-2
-1
0
0
1
0
0
3
3
0
-2
-2
0
0
-1
0
1
1
2
0
-1
0
0
0
0
0
0
0
0
0
0
0
-1
-1
0
0
2
2
0
0
0
-1
0
-1
0
0
0
0
0
1
0
0
1
0
-2
-2
-3
0
1
1
1
2
2
0
0
0
0
0
1
0
-1
0
1
1
1
1
-2
-3
0
0
-1
-1
0
0
0
1
0
0
-1
-1
-1
0
0
0
1
0
0
1
0
2
1
0
0
-1
1
0
0
-1
-3
-2
0
0
-2
-1
0
1
0
0
3
3
2
1
0
0
1
1
1
1
2
2
1
2
1
0
-1
-3
0
-2
-4
-2
-2
-2
-2
-2
-3
-2
-2
0
-1
-3
-3
-2
2
1
2
1
3
5
4
3
0
2
3
1
1
0
1
0
0
-1
-1
-1
-1
0
-2
-2
0
-2
-2
-1
0
0
-1
-1
-1
1
0
1
0
0
1
0
0
1
2
0
-1
0
1
1
-2
-2
0
0
-1
-1
0
1
-1
-1
-1
0
1
1
1
-2
1
2
0
0
1
0
0
0
0
1
-1
-2
-1
0
-1
0
1
-2
-2
0
0
0
0
0
0
-1
-4
0
3
1
-1
0
-2
0
0
0
1
2
0
0
4
4
3
3
1
0
