0
0
0
0
0
0
0
0
0
0
0
0
0
0
0
0
0
0
0
0
0
0
0
0
0
0
0
0
0
0
0
0
0
0
0
0
0
0
0
0
0
0
0
0
0
0
0
0
0
0
0
0
0
0
0
0
0
0
0
0
0
0
0
0
0
0
0
0
0
0
0
0
0
0
0
0
0
0
0
0
0
0
0
0
0
0
0
0
0
0
0
0
0
0
0
0
0
0
0
0
0
0
0
0
0
0
0
0
0
0
0
0
0
0
0
0
0
0
0
0
0
0
0
0
0
0
0
0
0
0
0
0
0
0
0
0
0
0
0
0
0
0
0
0
0
0
0
0
0
0
0
0
0
0
0
0
0
0
0
0
0
0
0
0
0
0
0
0
0
0
0
0
0
0
0
0
0
0
0
0
0
0
0
0
0
0
0
0
0
0
0
0
0
0
0
0
0
0
0
0
0
0
0
0
0
0
0
0
0
0
0
0
0
0
0
0
0
0
0
0
0
0
0
0
0
0
0
0
0
0
0
0
0
0
0
0
0
0
0
0
0
0
0
0
0
0
0
0
0
0
0
0
0
0
0
0
0
0
0
0
0
0
0
0
0
0
0
0
0
0
0
0
0
0
0
0
0
0
0
0
0
0
0
0
0
0
0
0
0
0
0
0
0
0
0
0
0
0
0
0
0
0
0
0
0
0
0
0
0
0
0
0
0
0
0
0
0
0
0
0
0
0
0
0
0
0
0
0
0
0
0
0
0
0
0
0
0
0
0
0
0
0
0
0
0
0
0
0
0
0
0
0
0
0
0
0
0
0
0
0
0
0
0
0
0
0
0
0
0
0
0
0
0
0
0
0
0
0
0
0
0
0
0
0
0
0
0
0
0
0
0
0
0
0
0
0
0
0
0
0
0
0
0
0
0
0
0
0
0
0
0
0
0
0
0
0
0
0
4
1
0
0
0
0
0
-1
-1
0
-2
-1
2
1
-1
1
-1
0
1
-4
0
2
0
0
1
1
3
0
-3
0
0
0
0
0
-1
-1
-2
-2
0
-1
0
0
1
2
1
0
-1
1
2
0
0
0
0
0
-1
3
3
-1
1
0
-1
1
-1
-2
0
-3
-2
1
-4
-3
0
0
0
1
0
-1
0
1
0
0
0
0
0
0
-1
0
-1
0
1
0
0
-1
0
2
1
1
0
-1
0
0
-1
0
1
0
-3
1
2
-2
1
0
-1
0
0
0
0
0
0
-2
0
0
-3
1
-3
-2
2
-1
2
2
1
2
-1
0
0
-2
0
-1
-1
0
0
-2
0
-1
0
1
-1
0
-1
0
-1
-2
2
-1
0
5
0
1
2
0
1
-1
-1
0
0
0
-1
1
0
1
4
0
-1
0
1
-1
0
0
0
1
0
0
1
-2
-2
0
-1
-1
0
1
1
0
0
-2
-1
0
0
1
1
-1
-1
0
0
0
-1
0
0
-1
0
0
0
1
1
0
2
1
0
0
-1
0
1
0
0
-1
-1
0
0
0
0
1
1
-1
-1
-1
-2
-1
0
0
-2
0
0
0
-3
0
2
-1
0
1
0
0
1
0
2
0
1
1
-2
0
1
1
0
0
-1
0
1
0
1
1
-3
0
2
-2
0
0
0
-1
-1
0
0
-1
0
0
-1
0
1
-1
0
0
0
1
2
-1
-1
2
0
0
0
-1
0
0
0
1
-1
1
2
-1
0
-1
-2
1
0
0
0
0
0
1
0
0
0
0
0
1
1
-2
-2
1
-1
0
0
-1
0
1
2
0
0
0
-3
-1
2
0
1
1
-4
0
1
-1
1
0
-2
0
0
1
0
-1
0
0
0
1
0
0
2
1
0
1
-1
0
0
1
0
0
0
-2
0
0
-1
0
0
-1
0
0
-1
0
0
0
3
0
-3
0
0
0
0
-1
0
0
0
1
0
0
0
-2
0
1
0
0
0
2
3
-2
0
2
-1
0
3
-1
0
0
-1
2
-1
-1
3
-1
0
2
-1
0
0
-1
-1
0
-3
-2
1
-2
0
0
-1
0
0
0
0
-3
0
0
0
0
0
0
-2
0
1
0
0
1
2
0
0
2
0
-1
1
2
2
1
-2
0
0
2
2
-4
-4
3
1
-5
-2
5
7
-3
-11
6
18
-17
-22
2
11
-1
-12
5
20
12
-12
-11
8
0
-9
-13
-4
14
11
-8
-12
14
20
-7
-17
8
15
0
-5
1
6
0
-7
-8
-1
7
-4
-7
5
7
-1
-8
0
3
-2
-1
0
2
2
-5
-1
6
2
-6
-6
9
1
-8
-1
7
8
-4
-7
5
6
0
-7
2
8
0
-4
0
3
0
0
0
-3
-3
1
-1
-1
-1
0
2
1
-1
-1
3
4
0
-2
0
0
-2
-4
0
0
0
0
-1
0
0
-1
-1
1
3
-2
-1
2
1
0
-2
2
4
0
-1
2
0
0
0
0
1
0
-3
-2
1
1
-1
-1
-1
0
0
1
-2
2
1
-1
0
0
-1
-1
0
0
1
0
0
1
-1
0
1
0
-3
-3
1
3
1
0
0
2
0
-2
0
0
0
1
2
0
1
1
0
-1
0
-1
-1
0
0
-1
0
0
0
0
-1
0
2
0
-1
0
0
0
1
-2
0
1
0
-1
-1
1
1
1
0
0
0
0
-1
1
1
0
0
0
-1
0
0
0
0
1
0
0
0
-1
-2
-1
0
1
2
0
0
3
0
0
1
0
-3
-1
0
-2
0
1
0
0
0
1
0
-1
0
-2
-1
0
0
0
0
0
0
0
1
1
0
0
0
0
1
1
0
0
1
0
1
-1
-3
0
0
-2
2
1
0
0
1
1
-1
-1
0
-2
0
0
0
0
0
-1
0
0
-1
1
1
0
1
1
-1
1
0
-1
2
0
0
0
0
0
0
-2
1
0
-1
2
0
0
0
0
0
-2
0
0
0
1
0
0
0
-1
0
1
1
2
-1
0
1
0
1
0
-2
1
0
-2
0
0
1
0
3
1
-3
0
-1
-2
-1
0
0
0
-1
0
0
1
0
0
1
0
0
0
0
0
1
1
3
-1
0
1
0
0
-2
0
2
0
0
0
0
0
0
0
0
-1
0
-1
-3
0
-1
0
2
-1
0
1
0
-2
0
0
0
1
0
0
0
-1
0
2
0
0
1
0
-1
0
0
0
2
0
0
-2
0
1
0
1
0
0
0
-2
-1
0
1
0
-1
0
1
0
-2
0
0
1
-1
0
3
1
0
1
2
2
-1
-1
0
0
0
-1
-1
-1
0
-1
0
2
-1
-2
-2
0
0
1
1
-1
3
2
0
2
0
0
-1
-1
0
2
0
-2
-1
0
0
-1
0
0
0
-1
-1
1
1
0
0
0
0
-2
-1
0
2
0
0
3
0
0
0
0
0
0
0
0
0
-2
-1
1
0
0
-1
0
1
-1
0
0
1
0
0
0
1
-1
0
0
0
0
0
-1
-2
-2
-2
-1
1
3
-1
-2
2
2
1
0
0
0
-1
2
2
0
0
3
0
0
1
-2
1
-1
0
-2
0
1
0
-1
0
0
-2
0
0
0
0
-1
-2
-1
2
0
0
0
0
0
0
2
0
0
1
1
0
3
0
0
2
0
0
0
0
0
-2
0
2
0
0
1
-1
0
0
-3
0
-1
0
0
-2
1
1
0
0
1
1
0
-1
0
-2
0
-1
-1
1
0
0
1
1
0
0
0
0
0
-1
0
1
0
0
0
0
0
0
0
3
3
0
0
0
2
0
-2
-1
-1
-1
0
-1
-1
0
-1
0
0
1
1
0
0
1
-1
0
2
1
0
0
0
0
-1
0
0
0
0
-2
-1
0
1
1
-1
0
0
1
1
0
1
-1
-1
1
-3
-1
0
0
2
1
1
0
0
0
0
-1
1
1
-2
0
0
-2
0
1
-1
0
1
0
0
0
0
1
0
1
-3
-3
1
1
-1
0
0
-1
1
1
-2
-1
0
0
0
-1
0
2
0
0
0
-1
0
0
0
0
-1
-1
1
0
0
0
0
1
0
0
0
0
0
0
1
-1
-1
1
1
0
0
-1
-1
1
0
1
0
0
0
-1
0
0
-1
-1
0
0
0
0
-1
0
0
0
-1
-2
1
0
0
1
0
1
0
0
0
-1
0
0
0
1
1
0
0
0
1
0
0
1
0
0
-1
-3
-1
1
0
0
1
0
-1
0
0
0
1
0
-1
1
0
-1
0
-1
-1
-1
0
0
0
0
0
0
0
0
1
1
1
2
2
-1
0
0
1
0
0
-1
0
0
-1
0
0
1
1
0
0
0
-1
0
0
-1
-1
0
-1
0
1
-2
0
1
-1
1
1
-1
1
0
0
0
0
1
1
0
0
0
-1
0
0
0
0
0
0
0
0
0
0
0
-2
-2
0
-1
-1
0
0
0
-1
-1
0
-1
0
2
2
0
2
2
1
0
-1
-2
0
-1
-3
1
3
1
1
0
0
0
-1
-2
-2
0
0
1
0
-1
-1
0
2
-1
0
1
0
3
2
1
1
0
0
-2
-1
-3
-1
0
0
1
1
0
0
0
0
0
0
-1
0
0
0
0
0
1
0
-1
-1
-1
-3
-2
-1
0
-1
0
1
1
0
0
1
1
1
0
0
0
0
1
0
0
1
0
0
0
1
0
0
0
0
0
0
1
0
0
0
0
-1
-1
1
0
-1
0
0
-1
-1
-1
0
0
0
0
0
0
0
1
0
2
0
0
2
0
0
1
0
0
-1
0
-1
-2
-1
0
0
0
1
0
-2
-1
0
0
2
0
-1
0
0
0
0
-1
0
0
0
0
0
0
1
-1
0
0
1
1
1
1
0
1
0
-1
0
0
0
1
0
0
1
0
-3
-2
2
0
0
0
-3
-4
0
0
0
-2
-2
0
0
1
1
0
1
0
-3
0
3
3
3
0
0
0
-1
2
2
1
0
0
0
-1
-1
0
0
-1
0
-1
-1
0
0
1
-1
-1
0
0
0
-1
0
1
0
0
-1
0
0
0
-1
0
1
2
3
0
-3
-3
1
1
0
0
-1
-1
0
-1
-1
0
0
2
1
0
-1
1
1
0
0
-2
0
0
1
0
-1
-1
0
0
0
1
-1
0
0
-1
0
0
1
2
0
0
2
0
0
1
0
0
0
1
-2
0
0
-1
-2
0
2
0
1
1
-3
0
1
0
-2
0
1
-3
-1
2
0
0
0
0
0
0
0
-2
0
0
0
1
2
0
1
1
-1
-1
0
-1
0
1
0
1
0
1
2
1
0
0
0
0
-2
-1
-2
0
-3
-1
1
-1
-1
2
1
-1
0
0
-1
0
1
0
0
1
0
0
1
-1
-1
0
0
-1
0
1
-1
0
0
0
0
0
0
-1
1
1
-2
0
1
0
0
1
0
0
2
0
0
0
0
3
0
0
-2
1
0
-3
0
0
-1
0
0
-1
0
1
0
0
1
0
-2
0
2
-1
0
1
0
1
2
0
-2
2
1
-3
0
2
0
0
0
0
0
0
-1
-2
0
0
-1
0
2
0
-1
0
1
1
0
0
0
1
2
1
0
0
0
0
0
-1
-2
-1
0
0
0
-2
-2
-1
-1
0
2
1
-1
2
2
0
0
1
2
1
0
1
1
0
-1
-1
1
0
-2
0
0
0
0
0
0
0
-1
1
0
-1
0
0
-1
-2
-1
0
0
-2
0
1
1
0
0
0
0
0
0
0
0
-1
-2
0
0
0
0
1
2
0
0
1
2
0
0
0
1
0
0
-1
-1
0
-1
1
2
-1
3
2
-1
-1
1
1
-1
1
0
0
0
-3
-1
0
-2
-2
-2
-1
1
0
-4
0
3
-1
-1
1
1
2
1
0
0
0
1
1
0
-1
1
1
0
0
1
2
-1
-1
1
0
-3
0
3
0
0
0
0
-1
-2
1
2
-1
0
0
0
0
0
-2
-1
0
0
-1
-1
0
0
-3
-2
0
-1
-2
0
0
1
3
1
1
0
2
1
1
1
1
0
-1
0
0
1
0
0
0
0
0
0
-1
-1
-2
0
-1
-1
1
0
0
-1
-1
1
1
0
1
-1
0
1
-1
0
0
0
1
-4
0
0
-1
1
-2
4
0
-2
2
-3
2
0
-2
6
-4
2
2
-6
6
-5
3
4
-9
5
-5
0
6
-8
9
-2
-2
9
-10
6
-2
-5
8
-11
4
3
-4
9
-8
1
4
-8
6
-5
1
4
-7
6
-3
0
5
-5
4
-1
-1
0
-5
1
0
0
-1
0
0
2
0
-1
3
-2
-3
3
-4
1
1
-4
5
-5
2
2
-11
9
-3
-2
8
-11
11
-4
-3
13
-16
9
-1
-7
16
-15
7
1
-13
19
-15
3
9
-17
19
-11
-2
16
-21
17
-4
-12
21
-25
14
3
-21
26
-22
6
15
-27
30
-15
-5
23
-34
26
-6
-17
31
-35
18
7
-26
35
-27
5
19
-30
33
-14
-8
28
-32
23
-2
-21
31
-28
11
8
-30
32
-22
0
21
-32
30
-10
-9
30
-31
23
0
-18
31
-27
9
8
-23
26
-19
-1
14
-24
18
-6
-5
18
-18
9
5
-9
13
-9
0
10
-12
6
0
-6
12
-6
-3
6
-8
6
1
-6
9
-5
0
4
-9
9
-3
-6
11
-13
6
1
-14
19
-13
1
16
-22
25
-9
-12
30
-33
21
0
-33
42
-38
6
21
-46
46
-27
-5
41
-53
43
-9
-22
46
-47
35
1
-31
50
-45
20
14
-38
46
-30
4
20
-40
36
-18
-6
30
-38
21
-3
-20
28
-28
4
7
-25
20
-12
-3
14
-16
15
-1
-6
15
-11
9
2
-10
15
-8
0
10
-10
9
-1
-7
13
-8
4
8
-14
11
-5
-4
13
-13
10
-1
-12
14
-13
1
6
-13
11
-9
-1
9
-15
8
-1
-3
11
-8
2
2
-5
8
-4
0
7
-7
5
0
-4
9
-3
2
4
-6
5
-2
1
3
-9
4
-2
-4
3
-8
2
0
-3
3
-3
2
-1
0
5
-5
3
1
-2
1
-4
1
1
0
2
1
-1
5
-1
-2
7
-8
1
2
-5
5
-6
-2
2
-4
2
0
-1
1
-1
1
0
0
4
-4
1
5
-5
3
2
-5
3
-1
-1
3
-4
2
2
-3
4
0
-2
1
-3
2
0
0
1
-4
2
1
-7
2
0
0
4
-2
0
2
0
2
-2
0
1
-3
3
-2
-4
4
-1
0
2
-4
-2
1
-1
4
1
0
1
-1
2
0
-1
-1
0
1
0
-2
0
-3
0
3
-1
1
0
0
2
-5
0
1
-1
2
1
0
0
0
-1
0
0
0
1
1
1
0
0
1
3
-1
-1
0
0
0
-2
-1
1
0
-1
0
0
-2
0
0
1
0
0
-2
0
2
-5
0
1
-2
2
0
-2
1
1
2
0
-1
0
-1
0
1
-2
1
0
0
2
0
2
1
-1
4
0
-3
0
0
0
0
-2
2
0
0
2
-2
0
0
-2
2
-1
0
3
-2
0
1
-1
0
-3
0
1
-2
1
-3
-3
2
-1
0
0
0
1
-3
2
1
0
2
-3
1
4
-2
3
-1
-1
4
-2
0
1
-3
1
1
-1
0
-2
0
1
2
2
-3
-1
0
0
1
-1
0
1
-3
2
-1
-4
4
0
-4
1
1
-3
1
2
-4
0
3
-5
1
2
-8
1
6
-6
0
5
-3
0
3
-2
1
0
-1
4
2
-1
0
0
2
-2
1
2
-1
2
2
0
0
0
3
-1
0
3
0
0
1
0
0
2
0
-4
3
-2
-4
0
-3
-2
0
-1
-2
-3
0
-3
-4
4
-1
-5
4
-4
0
7
-4
2
4
-1
2
1
0
0
0
1
1
0
2
0
0
2
0
-1
0
2
0
-3
3
0
-1
0
-5
0
0
-4
1
-1
-1
-2
0
0
0
1
-3
0
2
-1
4
5
-1
2
1
-1
3
0
-3
3
-3
-3
1
-1
-2
0
-4
-2
3
-1
0
0
0
2
0
0
1
0
0
0
1
2
1
0
0
1
-2
-2
0
0
2
0
-1
0
1
-1
-1
-2
0
3
1
0
0
1
1
0
-1
0
-2
-1
2
0
1
0
-1
0
0
-2
0
-2
-2
2
0
0
0
2
0
0
2
0
0
3
-2
0
3
0
-1
0
0
1
-1
0
3
-2
0
-1
-3
1
1
-2
-2
1
0
0
0
-2
-1
0
1
0
0
1
0
0
-1
-1
3
1
-2
0
1
0
1
1
0
-3
0
1
0
3
0
0
1
0
1
2
0
-3
0
0
-4
0
-1
-2
1
0
-1
-1
-3
0
0
0
0
0
1
-1
1
3
-3
4
2
-2
3
1
-1
1
0
-2
2
2
0
0
3
-4
0
4
-3
0
1
-4
-1
1
0
1
1
0
0
0
0
-1
0
-1
-1
0
-2
0
0
-1
0
0
-2
-1
1
0
2
0
-1
1
-2
0
2
1
5
0
0
0
-1
1
-1
0
-1
0
1
0
0
2
-1
0
0
-3
0
0
0
2
-1
0
0
-1
0
-2
-2
-1
-2
2
2
-1
-1
0
0
-1
0
1
0
1
0
0
4
1
3
1
-3
2
0
0
4
0
0
0
-2
0
1
2
0
-2
2
-2
-2
3
-3
1
1
-5
0
-1
-2
-2
-1
0
-2
0
0
-1
2
0
-2
2
-1
1
2
0
2
0
0
0
0
3
0
0
2
-1
0
2
0
0
3
0
0
0
-1
0
-1
-2
0
-3
0
0
0
-2
-1
0
0
1
1
-1
0
0
0
0
-1
0
0
-1
0
-1
0
0
1
2
-3
1
1
-1
1
0
0
2
0
-1
0
2
1
0
0
0
0
0
-2
0
2
0
1
2
-1
0
0
-2
0
0
-2
1
0
0
0
0
0
-1
1
0
-1
2
0
0
1
-1
0
0
-2
1
0
0
0
0
3
0
-1
0
0
0
0
0
0
0
0
0
0
0
0
-2
0
0
1
1
0
-1
-1
1
1
-1
1
-1
1
1
-1
1
-1
-1
1
1
1
3
-2
0
2
-1
1
1
-2
-2
1
-1
-2
0
-2
0
1
-1
0
1
-1
0
0
0
0
-2
0
1
0
0
1
0
-1
2
0
-1
2
1
0
0
0
0
0
0
1
-1
0
0
1
0
0
0
2
0
0
0
0
0
0
0
1
0
-1
0
0
-2
-1
0
0
0
0
0
0
0
0
-1
0
0
0
0
0
3
2
1
0
0
0
1
0
-1
0
1
0
-4
0
1
0
0
0
0
-1
-1
1
-1
-1
2
0
0
1
-2
0
2
0
0
0
0
-1
-2
0
-1
0
1
0
0
0
-1
1
2
1
1
0
1
0
0
1
0
0
0
-1
0
0
-1
0
0
0
0
-1
-1
-1
0
0
0
0
0
-1
1
0
-2
2
0
0
2
1
0
1
-1
-1
0
0
1
1
0
0
0
0
0
0
-1
-1
0
0
0
2
1
-1
0
0
0
-2
1
0
-1
2
0
-1
1
-1
0
0
0
-2
0
1
0
1
1
-1
0
0
1
0
0
0
-2
-1
0
-2
0
0
0
2
-1
0
1
0
0
-1
1
1
-1
1
0
0
0
0
0
0
0
0
0
0
-1
1
1
0
0
0
-2
-1
1
0
-1
1
1
1
1
3
0
0
-1
0
0
-1
0
0
-2
0
0
-2
0
2
0
-1
0
-2
1
0
-1
0
2
0
0
2
1
0
1
0
0
0
0
-1
0
1
-1
0
-1
-2
0
-1
1
0
0
0
-1
0
-1
-1
1
-1
2
3
0
0
1
0
-2
0
0
0
0
0
0
0
0
-1
0
0
0
1
0
0
-1
0
0
-2
0
1
-1
0
0
2
0
-2
0
0
0
2
0
0
0
0
-1
0
0
0
0
0
0
0
1
1
0
-2
-1
0
-1
1
0
-1
0
0
0
0
0
1
-2
0
0
0
0
0
0
1
0
-1
0
0
-1
0
1
0
1
0
1
0
0
-2
0
0
0
0
0
1
0
0
0
-1
-1
0
-1
0
0
0
1
1
2
0
0
0
-1
0
0
0
1
0
0
0
0
0
-1
0
0
0
0
0
0
1
0
-1
0
1
-1
-2
0
0
-2
0
2
-1
0
-2
-2
0
-4
0
0
0
0
0
0
1
1
0
0
0
0
0
0
0
1
0
0
3
1
0
0
0
0
0
0
-1
0
0
0
0
0
0
0
0
0
-1
-2
0
0
0
1
0
-2
-2
0
0
0
-2
0
0
0
0
0
3
2
0
0
2
3
0
0
1
-1
-2
2
0
0
-1
-1
0
-1
0
0
0
0
-1
0
0
-1
0
0
0
1
0
0
0
2
1
0
0
0
-1
1
0
0
1
0
1
2
0
0
-1
0
1
0
-2
0
0
0
0
0
-2
0
0
0
0
0
0
-2
-2
-1
0
0
0
2
-1
0
1
0
-1
0
0
0
0
0
0
3
1
0
-1
1
0
0
0
-2
0
0
-1
2
0
-1
1
0
0
0
-1
0
0
-2
0
1
1
0
-1
0
1
0
0
0
0
0
-1
2
0
-1
0
0
0
1
0
-2
0
1
0
0
0
1
0
0
-1
0
1
0
-1
0
1
1
0
0
0
-1
0
0
0
0
0
1
0
0
-2
-1
0
-1
0
1
0
0
2
0
0
1
0
0
1
0
1
1
0
-1
-3
0
0
0
0
0
0
-1
0
0
0
0
0
1
0
0
1
-1
-2
1
-1
0
1
0
0
-1
0
0
0
1
0
0
0
-1
0
0
0
1
-1
0
0
0
-1
-1
1
0
0
0
0
-3
0
0
-1
1
0
1
0
-2
1
0
0
1
1
0
0
0
1
0
0
0
0
-1
0
-1
0
0
0
3
-1
0
0
-1
0
1
3
0
-2
0
0
0
-1
-1
0
1
1
1
0
-2
0
2
1
0
0
0
0
0
-3
0
0
0
-1
0
-1
-1
0
2
0
1
2
0
0
0
0
0
0
-1
0
0
-2
0
0
0
2
0
0
0
-1
0
1
1
0
0
-1
0
0
0
1
0
1
0
0
2
0
0
-1
1
1
-2
-2
-1
1
1
-3
-1
2
0
0
0
-1
0
0
0
1
-1
0
0
0
0
0
-1
-1
1
1
0
0
0
0
0
0
0
0
0
-1
0
-1
0
1
0
1
0
0
0
-1
1
0
0
0
0
2
0
0
0
0
0
0
0
-1
0
-1
-3
0
0
1
1
1
0
-1
0
0
0
0
0
-1
-3
-1
0
0
0
0
2
-1
0
1
1
1
0
0
0
0
-1
-1
0
0
0
-1
1
1
-2
1
1
2
1
2
0
0
1
-1
-1
-2
-1
0
0
-2
-3
-1
0
3
1
2
1
-1
-1
-1
0
2
0
-1
0
1
0
1
3
0
2
1
-2
-2
0
0
0
0
-2
0
0
-2
-1
-1
0
0
0
0
-2
0
0
0
2
1
2
1
1
1
3
1
0
-1
0
0
0
-2
-1
0
-1
-2
-1
0
1
0
2
2
1
0
-2
-1
0
1
1
-2
0
-2
-3
1
0
2
0
0
1
0
0
-1
0
0
0
0
1
0
-2
0
-3
3
2
0
0
-2
0
-1
-1
2
1
0
0
-2
0
-1
-2
0
0
2
0
-1
-1
-3
-1
2
1
2
0
-2
0
1
3
1
-1
0
0
-2
1
1
0
0
0
0
0
2
0
0
0
-1
0
0
-1
0
-1
-1
2
0
0
0
2
1
0
0
0
0
0
0
-1
0
-1
-1
0
-1
2
0
-3
1
1
-2
0
1
0
2
2
0
1
0
0
0
0
0
0
-1
-2
-1
-1
0
0
-1
-1
1
0
0
-1
0
1
0
0
2
0
0
2
0
0
1
1
1
-1
-1
0
2
1
-2
0
1
0
-1
0
-1
-1
-1
-1
-2
0
1
0
0
1
2
1
-1
-3
0
0
0
1
0
0
1
0
0
0
0
-1
-1
-1
0
2
0
-1
0
0
-1
0
0
1
0
0
0
0
1
1
1
1
-2
-1
-1
0
0
0
-1
0
3
0
1
0
0
-2
-3
-3
-1
0
1
2
2
0
0
1
0
-3
-3
0
0
0
1
0
2
1
0
1
0
-1
-1
0
2
0
0
0
0
0
1
0
-2
-1
0
0
0
0
-1
-1
0
0
-1
0
0
0
0
0
0
2
1
0
1
-1
0
0
-1
-1
0
2
2
0
0
0
0
0
0
0
0
0
0
0
0
0
-1
1
0
-2
-1
1
0
-1
-2
-1
1
-1
-2
0
0
1
0
0
1
0
1
0
0
2
0
-1
0
0
0
0
2
1
0
0
0
0
1
0
0
-1
-1
0
-2
0
0
0
1
0
0
0
-1
0
0
1
-1
0
1
-1
2
1
0
-1
-1
0
0
-1
-1
0
0
1
0
-1
-1
-1
0
0
0
0
1
0
1
2
0
0
0
0
0
-2
0
0
0
0
0
-1
2
2
0
0
0
0
-2
0
0
0
-1
0
1
0
1
1
1
0
0
2
0
-2
0
0
-1
2
0
-1
3
0
-3
-5
0
2
-1
0
0
0
-2
-2
0
0
1
2
2
-1
0
0
0
1
2
1
1
2
-2
-1
3
-1
0
0
-1
0
-3
-1
0
0
0
-2
-1
1
0
0
-1
0
1
2
1
0
1
1
1
2
1
1
0
-1
0
0
0
0
-1
0
0
0
1
1
1
-2
0
-2
-2
0
-2
0
0
0
0
0
0
-1
-2
-1
1
1
0
0
0
0
0
2
1
-1
1
-1
0
0
1
0
1
1
0
-1
0
0
0
1
0
0
1
0
0
-1
0
-1
0
0
-4
-1
0
0
2
0
0
0
-2
0
0
-1
-1
-1
0
2
0
1
0
1
3
1
2
0
0
1
0
0
0
0
-1
-1
-1
1
1
3
2
0
0
-2
-3
0
0
0
0
0
1
-1
-2
1
0
0
0
0
-1
-2
0
-2
0
3
-1
-1
2
-1
0
0
0
0
0
-1
0
-1
1
2
1
1
1
-3
0
2
0
0
0
0
0
1
0
-1
0
0
0
-1
-1
0
-1
0
0
0
0
2
0
-3
0
2
0
0
0
0
-2
-2
-2
0
-1
0
-1
-2
1
2
0
-1
0
0
-1
2
3
-1
0
0
0
0
2
1
2
3
1
-1
0
1
0
-2
0
0
0
1
0
0
1
-1
-1
0
-1
-3
0
-1
0
1
-1
0
2
0
0
2
0
0
2
0
1
0
-1
-1
0
0
-1
0
0
0
1
-1
-1
0
-1
-1
0
0
-1
0
0
0
0
0
0
0
1
0
0
-1
0
0
1
0
0
1
0
0
1
1
1
0
-1
0
0
0
1
2
0
0
0
-1
-1
-1
0
0
0
-1
0
-1
0
0
-1
-2
0
1
-1
-2
0
0
-1
1
-1
-2
-1
0
0
1
0
0
3
1
0
4
-2
-2
1
1
1
1
0
0
0
0
1
-1
0
1
0
0
0
-1
0
0
0
0
-1
0
0
0
0
-1
-1
0
-2
1
0
-2
1
-2
0
0
0
0
-2
0
0
-1
0
1
1
0
1
0
-2
-1
0
0
0
2
1
0
5
2
2
2
-1
0
0
-1
0
-1
0
1
-1
-1
0
0
0
-3
-1
0
-2
0
2
-2
0
3
1
0
0
-3
-1
-1
1
0
-1
2
1
-1
2
0
-1
2
-1
-1
2
-1
-3
-1
-2
0
0
0
-3
-1
1
1
0
0
2
0
0
4
-1
0
3
0
0
0
-1
-1
0
1
0
0
3
2
0
-1
-1
-2
0
0
-3
-1
0
0
-2
0
1
0
-1
0
0
0
-1
0
1
0
-1
1
-1
0
1
-1
0
1
1
1
1
1
1
1
0
2
1
-2
-2
1
0
0
-1
0
0
0
-1
-1
-1
0
-3
-2
0
0
1
2
0
-1
0
0
-1
0
0
0
1
1
0
0
1
1
-1
-1
2
0
0
-2
-1
0
-1
0
-1
1
4
0
0
-2
1
3
0
0
0
0
1
0
-1
0
0
0
1
1
-1
-3
0
-2
-2
0
1
3
1
3
2
0
0
-1
1
-4
-5
0
1
-2
-5
-2
1
6
2
-2
-3
2
4
-5
-1
0
6
3
-2
1
6
6
-2
-3
1
-2
-9
-5
4
0
-2
8
8
5
0
-4
1
6
-4
-11
-2
-1
0
-4
-7
1
3
9
1
-6
9
8
-18
-11
18
13
-31
-24
40
32
-22
-32
-5
33
29
-31
-34
41
23
-39
-18
4
-3
-2
-14
-35
67
88
-48
-38
69
45
-63
-7
15
-65
-32
-12
22
-48
-17
97
21
9
63
54
-89
-11
113
-117
-211
13
100
-46
-70
71
54
41
124
43
-23
54
39
-178
-70
114
-140
-191
-22
72
154
-89
-82
234
107
-36
103
50
-247
-35
282
-240
-417
240
27
-249
242
271
-146
42
230
64
-28
-267
74
-64
-305
210
91
-236
-58
280
14
-48
193
-20
-115
-51
20
-59
-33
14
-154
106
186
-34
-2
130
-32
-154
77
-61
-92
195
58
-42
-31
-65
149
-116
-249
-36
152
111
-174
61
101
74
-13
52
267
-127
-62
-69
-119
-123
-71
33
-237
166
39
-28
202
80
96
-15
45
-40
-5
-33
-175
-26
-206
-14
125
44
-76
0
270
220
-71
-105
168
15
-242
9
42
-233
0
142
-100
-15
185
105
-49
47
-23
-21
66
-56
-135
-150
-6
67
79
-131
-59
223
-28
60
-36
-8
242
129
-253
-130
224
-158
-196
-135
-229
267
93
-9
44
117
268
-208
68
143
-66
-141
-62
98
-92
-7
-38
-30
-52
0
133
3
60
-108
-96
32
83
-39
-156
-16
203
58
-77
90
136
3
-31
-119
-130
130
-108
-227
186
-49
-114
174
79
174
152
-144
41
126
-12
-159
-198
-73
-90
-99
-53
6
221
105
-79
96
220
125
-185
-191
-43
37
-5
-147
11
100
-35
43
142
-13
-36
47
16
-99
40
102
-34
9
-64
-103
44
-108
31
26
-161
55
76
2
210
96
-57
118
3
-121
-52
-79
-116
-100
-37
17
9
1
67
49
-9
165
25
19
72
-72
55
-25
-147
0
-36
-41
-40
-27
47
-9
85
54
-25
39
-67
-3
46
-80
66
13
-111
-16
13
-40
29
0
-25
145
165
-97
-39
66
17
0
-63
-52
-16
1
-38
2
27
-13
31
-112
-99
14
46
34
10
83
103
56
-41
117
68
-185
-113
9
-41
-74
-18
71
30
-87
-89
62
80
-19
87
88
0
2
-73
36
4
-135
-19
-32
70
82
-77
48
62
64
-4
-31
31
-68
-116
-45
113
-41
-91
-68
-34
139
21
95
101
-54
-2
-25
0
19
-34
11
-20
-69
-14
40
35
-10
-47
55
36
-100
-26
-63
-10
47
-96
116
206
-34
96
107
-81
-58
-84
16
-65
-170
62
-31
-69
60
34
-82
131
221
-47
-104
85
23
-168
5
-7
-200
77
151
-127
-95
216
220
-118
-184
189
148
-179
-22
96
-157
-64
188
-153
-113
75
46
39
-21
66
-41
-52
-35
24
190
-103
-8
-20
48
23
-76
-60
15
123
-47
-19
63
-3
41
-103
-103
-5
45
-16
-15
-49
71
66
-6
57
-2
76
-35
-64
54
74
-91
-116
-35
-8
9
187
47
-140
168
76
-59
-190
-37
-114
-103
103
5
43
-118
66
271
-54
-2
193
-95
-63
16
-14
-86
248
104
-384
-9
9
-103
91
160
-144
-39
79
-186
121
-69
24
326
-167
-157
-111
169
70
-148
165
-36
13
158
-39
-170
-65
69
-115
33
72
125
-15
107
94
-235
11
69
-8
41
-95
22
-53
-198
106
-118
-53
143
116
47
2
-2
-233
-183
-81
126
149
113
280
-190
139
193
-306
-11
-26
-194
100
160
-147
91
-6
-126
211
42
-141
91
-155
-93
93
110
129
-250
54
-65
-133
185
9
-277
-136
309
-22
133
224
-138
-308
-232
217
366
-14
101
-41
-93
-2
-46
14
-162
231
122
-324
21
80
-227
-96
83
10
154
-52
44
144
-126
248
-203
-144
168
-145
-50
305
-95
18
91
-207
242
-225
-29
281
-410
-9
362
-315
-344
464
93
-195
137
109
12
-244
2
54
11
4
262
100
-89
210
206
-514
-369
-68
-165
-129
-129
237
458
316
24
-68
80
136
14
-152
-211
-469
-200
363
-96
220
-89
-394
591
72
-235
195
260
-21
-491
336
196
-160
-184
501
161
-685
115
-275
428
-164
-636
349
154
37
-314
413
-136
-68
412
-254
-358
-436
324
146
278
18
24
551
-215
26
74
-49
-27
-183
-348
-28
59
-385
428
211
-233
360
-67
-339
248
-288
-267
127
-91
-54
322
472
-306
2
333
-35
-101
35
-329
-449
356
68
-81
199
-174
5
177
-545
128
1010
-310
28
-75
-128
196
124
304
-564
-128
-85
220
-685
-635
494
-38
-21
457
135
178
359
-40
-28
-86
-69
-137
537
-656
-145
-32
-543
534
-237
229
412
167
284
-539
-68
287
-369
-71
303
-178
-296
715
-193
-395
-6
-50
558
-273
-29
-163
-150
74
-13
240
-235
96
159
154
-151
-60
519
-293
-377
204
-331
169
339
-226
-75
213
-4
-202
-291
171
-34
35
226
28
206
89
144
-81
-335
-143
13
-12
-297
-149
15
370
22
-126
307
-340
517
57
-57
555
-592
84
93
-933
140
121
-389
163
-18
514
340
-499
572
294
-498
54
114
-125
-535
-268
546
-413
-437
702
165
-716
977
11
-227
488
214
-637
-313
672
-407
-270
507
-442
-236
154
-95
48
-348
693
247
-143
-62
133
-128
-521
-110
890
-50
-665
625
121
-731
-104
159
402
-391
130
259
-13
231
17
327
-649
-442
105
22
-174
159
213
-151
-89
410
-22
244
431
-286
47
181
-455
-441
231
-453
-627
531
484
-409
-360
519
534
-178
129
567
-284
-802
348
340
-396
-642
560
219
-760
393
587
79
-34
-54
188
77
-314
-189
220
-786
-88
496
-584
128
444
185
-25
156
146
-212
-329
462
686
-1493
79
1042
-911
-405
465
384
-679
235
955
-483
-890
601
760
-1048
151
954
-382
-508
99
406
-464
-203
551
-195
-459
894
66
-811
562
-169
-163
445
-292
13
-199
-292
473
-350
-88
267
-304
637
62
-417
856
-336
-373
480
69
-221
180
-52
-183
139
-253
18
-118
-601
389
-144
-781
434
490
-811
325
539
-324
648
549
323
31
19
699
-382
-331
739
-368
-878
53
-496
-930
-679
-91
-400
-1407
356
465
-1165
435
1110
86
383
1116
953
599
1200
969
503
1109
208
-45
230
-665
-555
-831
-1747
-1569
-1601
-2014
-1829
-1355
-680
-614
-74
995
469
1652
2470
1391
2360
2453
1881
1686
1654
1035
133
-264
-841
-1156
-1888
-2394
-2736
-2432
-2964
-3183
-1660
-1653
-1615
17
984
255
1106
3027
1629
1581
2652
2141
1773
2132
1609
2089
1299
-471
397
-350
-1655
-1670
-1583
-2637
-3465
-2280
-2793
-3871
-1510
-986
-1396
-68
1053
986
1311
1936
2168
1839
1861
2248
1840
1540
1671
2211
1772
-244
360
1108
-1008
-1583
-464
-1960
-3671
-2335
-2431
-4025
-3069
-1000
-1354
-1869
508
1327
363
1530
2266
1823
1966
2109
2056
1640
1870
1918
1493
1842
541
204
872
-316
-1016
-803
-2210
-2698
-2380
-3285
-3524
-2044
-1820
-1910
-54
189
-300
1689
1779
335
1985
2061
291
1240
2297
1020
831
2246
1142
466
1113
178
443
304
-997
-679
-1469
-2836
-2130
-2919
-3572
-2163
-1791
-1912
-981
263
640
847
1636
1655
1544
1587
1431
1607
1628
1425
1646
1586
649
766
850
-123
89
392
-740
-759
-729
-1957
-1911
-2296
-2571
-1700
-2044
-1440
-400
-584
292
800
722
1118
1093
1306
1490
1100
1550
1600
820
1007
646
-284
191
-119
-619
65
-305
-478
-249
-739
-874
-810
-964
-1111
-823
-562
-519
-261
-66
47
9
108
353
418
574
737
903
693
516
619
95
-138
64
-360
-434
-47
-321
-406
-66
-203
-287
-203
-228
-157
-129
40
88
75
259
74
103
192
-129
141
223
-97
88
146
-182
-147
-111
-268
-298
-158
7
-50
7
216
225
122
78
211
204
52
165
187
62
71
60
-81
-53
-80
-159
-61
-123
-152
26
-26
-110
29
-70
-110
-26
-79
6
21
-27
27
16
12
-2
-15
68
53
-11
68
67
-28
22
48
-50
-55
-31
-36
-21
-8
21
16
6
67
33
-18
67
20
-53
28
3
-55
38
34
-39
42
22
-36
25
-12
-51
0
-19
-99
-90
-51
-89
-58
13
65
77
59
88
96
6
9
52
-9
11
72
47
33
45
29
-9
-10
-12
-32
-27
-31
-37
-70
-76
-76
-116
-63
-45
-62
9
14
-2
32
16
8
51
48
58
83
71
80
52
46
44
-1
9
9
-26
-17
-28
-35
-40
-67
-48
-31
-55
-29
-13
-1
22
0
21
30
-9
-5
0
-11
-5
13
14
22
38
30
20
4
2
5
0
-3
-10
-7
-14
-40
-48
-32
-36
-27
-9
-11
13
12
7
29
16
26
35
8
32
49
10
17
40
4
-11
5
-11
-43
-20
-8
-38
-8
12
-21
0
8
-24
-9
-3
-25
-21
-8
-9
-13
3
14
2
15
28
22
32
34
25
26
19
6
-1
-5
4
1
-8
0
-6
-27
-19
-21
-26
-6
-6
-13
2
-4
-17
-1
-3
-6
8
4
-4
2
5
-3
0
9
-4
-3
10
4
3
18
17
13
19
17
12
12
6
-4
-11
-14
-21
-18
-10
-18
-12
-11
-24
-8
-2
-11
6
13
-4
9
24
3
7
19
1
-1
12
3
-2
3
-2
-4
1
-7
-6
6
-4
-7
9
0
-9
8
3
-8
4
6
-6
0
1
0
0
1
1
0
-3
-1
2
-2
-3
1
-6
-6
0
-5
-8
-2
-1
-4
2
1
0
5
3
4
9
5
3
6
0
-5
0
-6
-7
2
1
0
6
3
0
4
5
0
0
0
1
1
-1
-6
-9
-10
-8
-7
-5
0
4
3
4
5
4
4
1
-7
-7
-4
-7
-8
-3
2
9
13
10
11
12
3
0
-5
-13
-12
-8
-8
-1
1
4
13
14
8
7
0
-5
-12
-14
-13
-7
-7
-1
8
8
9
7
0
-5
-6
-8
-8
-4
0
5
11
10
13
9
0
-2
-6
-12
-10
-4
-4
0
11
11
12
8
0
-4
-6
-6
-7
-8
-5
-3
2
2
2
6
8
4
0
-2
0
-1
-3
0
4
3
3
8
0
-6
1
-3
-14
-6
5
0
0
5
-3
-2
18
2
-12
9
14
0
-13
-8
1
0
-2
-26
-37
26
56
-33
-42
56
57
-24
-15
31
-26
-39
-9
4
21
-26
-46
19
4
-64
-5
61
3
-52
41
100
-30
-37
54
2
-69
-49
4
3
-3
-51
28
84
-2
47
104
79
1
-131
-162
14
57
-64
-67
297
180
-337
-92
630
721
-1726
-1964
1590
1529
-1264
-869
1788
1553
-1182
-1426
1418
1425
-1713
-1750
275
827
-1028
-551
1377
-518
-522
1319
829
260
361
524
531
-1035
-1884
673
732
-1682
-660
352
-85
15
604
-28
-400
678
889
39
-287
574
689
77
-422
-617
14
-157
-926
-371
-37
-263
157
-52
213
730
-92
29
764
103
-566
-146
401
80
-648
51
635
-308
-309
188
225
-130
-435
324
219
-461
139
484
-65
-379
137
696
-62
-525
305
70
-783
-281
115
-141
-387
-310
-31
-71
-16
351
923
625
18
565
1183
397
-286
319
228
-805
-861
-321
-711
-1330
-1104
-656
-679
-729
-325
119
409
416
762
1387
1256
1052
1506
1315
967
924
555
140
-104
-383
-598
-957
-1449
-1527
-1781
-2095
-1923
-1717
-1624
-1176
-353
502
891
1211
1947
2258
2222
2387
2017
1604
1684
1341
470
-207
-491
-636
-1189
-1905
-2113
-1983
-1872
-1933
-1710
-1130
-629
-136
333
368
428
869
901
547
345
281
565
629
216
471
1225
1424
1432
1415
1098
971
1073
750
-117
-812
-1224
-1584
-2096
-2376
-2206
-1913
-1562
-1185
-900
-573
150
772
626
461
779
1000
1016
834
864
1304
1170
988
1346
1097
582
760
655
-46
-261
-305
-885
-1424
-1598
-1580
-1521
-1431
-1172
-881
-680
-438
-75
97
-32
115
336
118
201
522
635
1010
1275
1221
1445
1542
1290
1150
966
588
302
-3
-538
-1046
-1160
-1217
-1306
-1167
-1031
-894
-568
-391
-394
-225
-69
-193
-294
-196
-110
52
294
551
819
1044
1222
1368
1403
1267
1103
1017
751
307
-67
-504
-878
-1101
-1359
-1502
-1432
-1304
-1119
-969
-846
-564
-377
-280
56
341
419
684
928
943
1002
1026
940
890
711
463
413
285
-38
-265
-429
-652
-785
-801
-747
-636
-508
-336
-184
-138
-90
-27
-81
-132
-81
-38
18
163
385
535
548
643
784
740
592
462
374
161
-175
-348
-482
-693
-790
-801
-750
-627
-459
-278
-266
-254
-70
-47
-155
-166
-174
-107
57
223
398
570
787
1058
1277
1338
1226
1140
1030
682
254
-167
-588
-899
-1140
-1270
-1249
-1181
-991
-742
-633
-574
-453
-331
-331
-412
-413
-281
40
382
532
790
1191
1514
1813
1852
1606
1478
1269
722
127
-394
-878
-1164
-1297
-1385
-1362
-1265
-1061
-707
-514
-545
-435
-286
-334
-371
-359
-390
-246
50
270
475
791
1233
1669
1809
1711
1644
1457
972
360
-259
-878
-1273
-1350
-1392
-1421
-1244
-1017
-788
-495
-396
-449
-378
-329
-394
-423
-459
-412
-129
191
407
606
943
1515
1915
1814
1664
1655
1335
707
12
-711
-1220
-1430
-1551
-1596
-1483
-1216
-898
-636
-375
-173
-150
-153
-117
-204
-440
-620
-478
-123
99
263
553
1023
1688
1996
1735
1646
1745
1391
682
-37
-654
-1094
-1344
-1418
-1429
-1350
-1089
-837
-703
-549
-205
50
-185
-334
-208
-521
-854
-667
-396
-153
72
251
678
1488
2215
2196
1931
2124
2067
1384
510
-366
-960
-1310
-1628
-1701
-1668
-1572
-1141
-809
-807
-534
13
87
-218
-239
-323
-686
-723
-565
-466
-245
-7
313
841
1577
2250
2246
2113
2358
2115
1372
483
-481
-864
-1094
-1643
-1809
-1766
-1673
-1239
-992
-987
-580
147
292
-169
-182
-72
-387
-474
-504
-447
-24
158
361
936
1643
2304
2284
2032
2242
2002
1191
325
-586
-1064
-1389
-1858
-1897
-1874
-1741
-1156
-928
-886
-368
217
293
-90
-165
-139
-520
-588
-440
-355
-2
270
600
1087
1561
2310
2539
2173
2316
2171
1258
443
-353
-963
-1371
-1906
-1999
-2039
-2148
-1519
-1128
-1216
-726
-18
247
-100
-264
80
-206
-478
-178
-206
13
436
554
963
1455
2147
2646
2203
2138
2283
1567
674
-286
-887
-1061
-1692
-1930
-1884
-2179
-1633
-1051
-1324
-1068
-331
-60
-319
-505
-289
-417
-531
-244
-420
-261
507
718
899
1400
2191
3175
2916
2231
2557
2259
1036
42
-780
-1306
-1813
-2267
-2227
-2414
-2250
-1273
-1057
-1242
-676
-25
34
-398
-488
-256
-418
-414
-326
-414
168
749
810
1119
1635
2661
3352
2477
2022
2402
1795
723
-290
-1092
-1375
-1897
-2205
-2200
-2448
-1781
-945
-1147
-947
-196
288
131
-532
-327
11
-507
-562
-502
-341
610
921
985
1711
2424
3386
3497
2472
2432
2551
1608
388
-778
-1343
-1824
-2645
-2691
-2683
-2711
-1736
-1240
-1405
-834
-40
223
-224
-649
-251
-173
-631
-606
-490
-55
781
1007
1231
1766
2472
3611
3400
2097
2150
2362
1310
-116
-1076
-1402
-2003
-2593
-2542
-2729
-2517
-1674
-1445
-1340
-927
-454
-5
-214
-522
-262
-164
-256
-292
-303
180
833
1126
1547
1970
2375
3540
4037
2695
2004
2554
1868
74
-1088
-1700
-2352
-2896
-3289
-3422
-3013
-2359
-1798
-1429
-1151
-349
350
-170
-432
174
-71
-503
-219
-309
-253
570
1082
1181
1685
2353
3025
4165
4071
2419
2548
3161
1481
61
-684
-1807
-2008
-2449
-3490
-3242
-2594
-2329
-1848
-1725
-1630
-630
76
-467
-728
-78
212
111
66
-213
150
1453
1606
966
1755
2611
3080
3981
2929
1419
2545
2614
507
-542
-1370
-2347
-2559
-3151
-3775
-3527
-3013
-2528
-1968
-1490
-1023
-255
170
-152
164
728
277
349
507
58
915
1486
1183
1802
2259
2567
3348
4130
3690
2042
2293
2625
591
-539
-1331
-2887
-3192
-3677
-4459
-3932
-3709
-3473
-2370
-2083
-1729
-592
-218
-490
-346
297
367
131
220
67
757
1785
1582
1764
2694
3066
3522
4492
4174
2614
2485
2694
1122
-441
-1314
-2410
-3245
-3658
-4041
-3899
-3469
-3259
-2413
-1618
-1411
-518
-17
-414
28
776
376
-217
135
335
392
929
1005
1516
2664
2957
3111
3825
4454
3900
2543
2227
1814
147
-1158
-2125
-3283
-3884
-4218
-4238
-3704
-3579
-3002
-1661
-1312
-889
219
444
114
160
621
684
99
-197
82
745
1262
1465
2136
2907
3079
3286
3959
4040
2665
1651
1724
593
-1057
-1872
-2977
-3645
-3755
-4185
-3912
-3393
-3031
-2078
-1495
-1337
-641
-116
-174
-5
406
444
504
891
873
1044
1920
2163
2352
3347
3653
3412
3743
4277
3968
2416
1554
1584
123
-1543
-2170
-3380
-4198
-4222
-4541
-4051
-3411
-3350
-2299
-1321
-1277
-419
436
106
98
545
258
10
366
671
1041
1497
1939
2991
3805
3524
3417
4172
4775
3758
1355
131
95
-842
-2282
-3471
-4438
-4377
-4001
-3581
-2421
-1857
-1870
-441
857
763
1169
1653
907
291
-111
-1112
-1356
-832
-302
584
1214
1145
2296
3720
3672
3785
5180
5518
3637
560
-1087
-967
-1591
-3451
-5133
-5391
-4670
-4047
-3199
-2676
-2144
-1323
1
949
576
1324
1548
642
690
12
-979
-514
51
678
1861
2877
2801
3100
3636
3620
4104
5434
4335
965
-1418
-1084
-1614
-3575
-5375
-5856
-4980
-3755
-3622
-3737
-2187
-852
-364
776
830
1443
2111
1511
483
-979
-1891
-918
11
-103
121
1539
1820
2106
2918
2819
2736
4386
4957
2097
-1164
-2554
-1382
-2203
-3976
-5108
-5113
-3429
-2479
-2429
-1665
-1290
-680
868
1594
810
1712
2265
1554
231
-904
-700
23
38
528
1989
2974
2721
2636
2741
2832
2665
4338
4081
561
-2242
-2556
-1587
-2651
-3729
-4704
-3955
-2354
-1969
-1591
-1294
-1067
-279
1004
914
571
1830
1352
576
-547
-1503
-1033
-315
-144
391
2073
3073
2239
2613
2746
2729
2800
4421
3057
24
-2357
-2298
-2023
-3293
-3809
-4523
-3276
-2840
-2472
-1028
-979
-558
51
1073
1167
1930
2113
1409
918
-1046
-1718
-1531
-752
-62
1124
2191
2215
1780
2601
2631
2569
2174
3598
4734
1864
-1895
-2822
-3555
-2993
-2718
-4503
-3433
-2903
-1852
964
-123
-804
-619
17
1447
1790
1804
685
134
-39
-486
-1885
-1987
-1054
319
2530
2540
1612
2578
3014
2941
2563
2038
3600
3459
-139
-3421
-4805
-3905
-2417
-3069
-4169
-3616
-3035
-833
1095
-229
-600
-929
88
1934
1604
1749
93
-228
661
-605
-1728
-1237
-199
1441
2943
2103
1655
2812
2300
3165
2648
3066
4112
968
-2355
-4047
-3748
-2750
-2626
-3776
-3779
-3145
-2330
289
923
-631
-1022
-915
423
1286
2312
1878
344
-300
-1097
-1342
-934
-511
737
2360
2988
2185
2399
2502
2739
2986
3120
4972
2899
-833
-3982
-5117
-3340
-2106
-2149
-3034
-3578
-3888
-893
1663
756
-108
-1392
-406
988
1724
2451
872
-315
-1369
-1830
-1555
-614
257
1018
1847
1134
1804
3386
2939
3250
2597
3206
4557
1847
-1448
-4555
-5469
-3591
-1630
-2062
-2463
-3539
-3368
308
1240
1102
228
-872
310
1024
2873
2610
642
-595
-1540
-1403
-1084
-881
-704
1005
1727
1283
2730
2773
2379
2538
1262
3418
4596
1495
-2040
-5704
-5908
-3047
-1636
-1347
-1788
-3635
-2719
209
986
1471
-10
-936
-128
844
2892
1839
924
-391
-1861
-1321
-1402
-612
146
1473
2151
1926
3191
3148
2476
2183
1150
2796
4471
1167
-2595
-6166
-6265
-2701
-1713
-1275
-2303
-3968
-2155
1114
2019
2075
-124
-1714
-1333
-101
2843
2574
1770
-201
-1644
-1726
-1943
-412
327
1384
908
715
2508
3198
3702
3553
1959
2573
4550
1557
-1852
-5548
-6117
-2660
-1869
-1341
-2416
-3713
-2507
337
1211
1432
484
-1200
-938
-421
2716
3135
1886
281
-1603
-2111
-2828
-1025
-279
775
899
284
2119
3420
4057
3589
2038
1306
4623
4053
27
-3613
-6838
-4712
-3241
-1807
-1265
-2277
-2395
-624
280
1366
1953
-394
-534
-1209
324
3088
2713
1848
109
-1492
-3355
-3065
-1851
-237
1213
621
1235
3193
3513
3857
3572
1406
2367
4101
1623
-1237
-5152
-6488
-4403
-3722
-1578
-950
-1840
-1374
251
942
1995
1154
-292
-438
-1041
1189
2347
2246
1715
23
-1434
-2152
-1938
-1592
-273
-218
-112
1939
2490
3180
4515
3138
2654
1849
2285
1520
-907
-4248
-5626
-4955
-4212
-1497
-1521
-789
-522
-112
774
1102
1416
426
166
-1073
465
1772
1415
1573
97
-439
-1309
-2253
-2115
-1021
-309
459
1093
1646
2545
4136
4397
3465
1625
2661
2392
-340
-3398
-6044
-4563
-3933
-1662
-1328
-1053
-530
-444
214
352
914
-58
474
-743
-292
1572
1887
2288
731
-26
-852
-1430
-1999
-1203
-551
-450
45
1036
2239
3979
4581
3858
2217
1719
3027
1105
-1759
-5273
-5561
-5282
-3273
-1604
-1193
450
-348
296
367
1041
1233
400
-191
-1225
30
1305
2068
1913
497
-892
-1461
-2373
-2208
-1602
-503
-188
608
2108
2892
4213
3965
3507
1765
2279
2432
71
-2981
-5454
-5123
-4704
-2912
-1891
-728
206
374
1008
1247
1160
407
-353
-1011
-1513
236
1854
1816
1602
433
-315
-751
-1117
-1603
-680
-395
-679
655
1137
2538
4039
3857
3121
1472
1899
2047
-798
-3049
-4641
-5148
-4014
-2969
-2220
-307
698
793
1722
571
353
339
-613
-1283
-1495
310
592
1571
1522
127
311
-135
-1165
-1479
-1006
-212
169
891
1376
2596
3385
3225
3091
1356
1767
2139
-170
-2894
-5050
-4844
-4437
-3510
-2220
-228
1124
855
1541
524
519
517
-359
-589
-1369
756
1525
1697
2117
786
575
202
-977
-2144
-1640
-1272
-1274
104
758
2134
3555
3982
4085
2653
1717
2466
887
-2347
-4086
-5287
-5201
-4511
-2982
-849
970
1387
1884
1197
618
434
-570
50
-1363
-451
1081
732
1532
802
103
477
426
-1072
-1216
-1680
-1339
-281
538
1988
3072
3735
4413
3198
1398
1568
1399
-949
-2828
-4936
-5161
-4967
-4466
-1921
271
1748
2073
2196
549
307
118
-577
-212
-1267
331
656
611
829
421
421
565
424
-822
-631
-2026
-1940
-1016
-462
1661
3245
4324
4453
3300
1611
1091
1001
-452
-1454
-3726
-4680
-5326
-5635
-3165
-242
1974
2673
2887
1354
862
-185
-946
-767
-1352
125
391
581
563
668
798
934
868
-362
-831
-1250
-1876
-884
-72
968
2619
3155
3955
2972
1652
1043
1815
9
-878
-3045
-5133
-5090
-5636
-3368
-588
1748
2836
3217
1443
825
-250
-1034
-343
-1503
96
266
-244
173
0
275
1036
1404
677
597
-748
-2119
-2080
-1625
-316
2247
3707
4512
3586
1968
309
750
1242
675
-648
-3489
-4857
-6599
-5178
-2505
691
3066
3529
2835
962
-66
-1672
-1198
-1268
-706
421
-271
-117
201
827
1148
1780
1670
1157
-196
-1858
-3024
-2834
-1724
233
2909
4159
4812
4018
1511
-123
626
379
812
-1321
-3653
-5063
-6785
-4741
-1936
1352
3009
3616
2130
650
-562
-1685
-881
-691
-151
459
-47
-84
206
425
1485
1895
1492
1275
231
-1546
-2407
-2810
-2474
24
1930
3384
4275
3546
1852
336
-203
503
862
-404
-1831
-3943
-5524
-4733
-2574
222
2394
2784
2502
894
-431
-1022
-925
-155
-104
612
-20
-373
-313
-45
709
1240
2315
1611
604
-965
-2616
-3006
-2316
-452
1646
3188
3724
3359
1807
499
105
677
988
-243
-1754
-3512
-4854
-4547
-2915
-975
1455
2511
2529
1516
37
-515
-1098
-627
-442
155
199
-376
-113
-142
725
1335
1783
2051
1467
224
-1740
-3107
-2973
-1872
-165
1676
3230
3273
3072
1892
509
-362
689
1192
-100
-1055
-3607
-4656
-4598
-3177
-925
1644
2494
2324
1373
-274
-663
-1045
72
-84
253
-26
-908
-635
-291
844
1449
2079
2061
1516
259
-1173
-2629
-2615
-2102
-791
847
2129
2834
2934
2806
1668
410
-372
775
-8
-458
-2089
-3902
-3522
-3751
-1684
266
1676
1899
1668
424
-664
-857
-940
13
-202
250
43
-311
25
234
1115
1556
1733
1294
606
150
-1407
-2368
-1874
-2016
-585
689
1678
2381
2458
2035
1387
-38
-172
1190
218
104
-1885
-3653
-3703
-4098
-2255
-35
1647
2545
2555
1050
115
-670
-828
-136
-423
58
-131
-615
-607
-327
299
1211
1897
1690
1616
1145
-711
-1337
-1720
-2070
-795
-163
812
1638
1626
1381
1343
208
227
183
918
1434
-81
-1085
-2873
-3614
-3732
-2381
-964
769
1588
1595
1359
458
401
135
499
-232
-143
-216
-775
-364
-359
595
1200
1603
1462
1028
696
-123
-1061
-1661
-2372
-1994
-1060
-207
1012
1732
1980
2118
1513
811
630
231
1344
531
-707
-1655
-3160
-3675
-3353
-2154
-613
1285
1700
2076
1307
710
103
-360
-326
-1117
-456
-431
-284
-37
437
741
1200
1684
1260
1245
627
-99
-802
-1091
-1464
-1208
-816
-330
92
299
397
323
264
704
1210
1433
1406
286
209
134
-200
-656
-1355
-1958
-2638
-2465
-1885
-559
572
1654
1848
1535
950
50
-191
-487
-161
286
418
139
-101
-250
-17
590
1028
1452
1329
624
-393
-1035
-1544
-1358
-758
-380
44
34
115
141
89
338
516
744
829
798
378
63
390
136
505
-30
-660
-1353
-2272
-2184
-1985
-705
369
1480
1429
1009
264
-670
-409
-436
406
783
621
143
-526
-694
-431
624
1035
1749
1569
690
-3
-1019
-1475
-858
-277
-11
261
-422
-833
-966
-1012
-143
578
1060
1314
842
298
-44
-346
20
914
1039
1157
256
-851
-1635
-2166
-1610
-933
36
534
723
363
-120
-342
-410
215
525
946
856
170
-374
-760
-657
-161
748
1083
1247
809
-67
-589
-970
-941
-261
57
59
-163
-688
-818
-728
-189
714
1383
1532
1392
692
35
-342
-207
384
472
338
-380
-1223
-1933
-1986
-1388
-518
520
957
1124
525
-98
-565
-585
-243
193
860
676
480
-112
-462
-324
-13
647
971
1019
506
-256
-829
-1069
-836
-208
444
912
817
372
-149
-362
-425
-328
-440
-713
-902
-1262
-1081
-494
266
1143
1640
1751
1565
1052
326
88
269
266
324
-289
-1051
-1710
-2286
-1898
-1222
-83
823
1349
1317
691
218
-445
-261
-165
147
400
-17
-239
-618
-610
-416
296
661
929
963
259
-118
-590
-723
-339
131
562
810
648
325
-46
-451
-356
-225
-137
-74
-257
-485
-580
-519
-243
192
391
507
622
-72
-733
-1229
-1339
-779
-277
584
1068
1251
1113
1024
684
588
661
548
980
413
55
-668
-1580
-1821
-2027
-1425
-733
126
563
844
669
165
4
-188
-97
106
274
238
23
-297
-428
-262
-131
545
909
1033
1017
282
-135
-501
-640
-361
37
368
564
524
207
27
-262
-177
-172
-243
-258
-540
-669
-785
-671
-433
119
492
670
653
286
19
-179
-92
22
225
197
108
-67
-224
-165
-93
226
409
574
475
238
-45
-305
-244
-151
76
150
100
-58
-148
-198
-181
-116
-5
141
-154
-475
-889
-1005
-827
-365
310
887
1285
1258
1128
714
476
252
202
341
111
-57
-683
-1160
-1451
-1391
-888
-335
320
548
707
433
90
-182
-340
-168
-99
139
196
45
-194
-294
-198
23
465
655
839
730
369
73
-198
-359
-206
-15
117
317
244
175
111
-48
-83
-206
-221
-163
-666
-945
-1284
-1227
-779
-186
680
1117
1369
1195
965
578
455
328
202
308
-168
-121
-663
-1053
-1043
-1141
-653
-342
150
306
452
289
-44
-23
-98
81
211
181
144
-152
-390
-446
-393
-185
292
462
553
545
177
47
-50
-98
141
343
371
388
158
58
-131
-417
-720
-964
-939
-791
-405
-10
462
773
983
1165
1066
838
469
330
178
-22
-326
-798
-1268
-1589
-1516
-1191
-557
37
618
914
954
775
408
223
45
-27
130
124
-10
-160
-425
-519
-338
1
442
708
670
386
-2
-297
-427
-269
39
403
574
470
210
-168
-404
-417
-293
-85
-73
-275
-507
-841
-1070
-971
-559
42
676
1091
1269
1216
960
723
426
252
59
-86
-67
-280
-505
-741
-915
-1015
-857
-592
-257
126
333
505
382
244
42
-27
-21
-60
120
-5
-72
-174
-266
-199
1
317
547
750
665
501
183
-88
-207
-265
-114
66
208
176
95
-44
-166
-137
-202
-186
-160
-168
-417
-661
-868
-882
-545
-261
263
650
864
906
747
581
499
490
469
424
233
261
7
-337
-556
-798
-740
-686
-561
-409
-289
-175
-132
-93
19
109
255
301
295
303
57
-99
-298
-354
-119
100
355
555
588
518
418
124
-36
-118
13
137
-174
-372
-661
-655
-619
-428
38
281
620
635
609
452
353
237
249
372
254
165
-437
-780
-1125
-1315
-1023
-711
-158
147
444
434
326
256
139
369
403
558
554
271
34
-242
-358
-288
51
262
476
394
25
-178
-558
-572
-319
-100
267
514
496
313
4
-316
-297
-297
-498
-535
-718
-728
-534
-395
90
579
979
1246
1243
928
630
330
138
257
125
5
-473
-981
-1285
-1434
-1194
-817
-204
239
545
510
384
255
151
271
325
428
237
-57
-396
-596
-574
-424
52
370
642
673
394
197
-95
-215
-92
103
345
523
413
133
-99
-432
-430
-521
-652
-625
-740
-601
-471
-105
310
712
960
966
930
678
533
294
270
160
-47
-287
-781
-1033
-1249
-1177
-936
-510
-63
297
528
450
401
272
213
243
245
247
158
-15
-241
-325
-359
-181
86
273
483
453
346
184
-3
-87
-19
51
181
214
121
32
-168
-234
-242
-208
-184
-172
-210
-206
-357
-624
-659
-648
-320
-2
355
633
766
780
673
592
402
378
245
347
251
110
-74
-549
-678
-886
-737
-507
-238
17
163
149
-4
-90
-234
-129
8
188
334
269
80
-186
-277
-242
43
337
495
607
387
128
-103
-288
-229
-63
118
305
290
185
43
-150
-196
-168
-117
-25
-42
-95
-163
-306
-327
-193
-67
95
124
-4
-95
-133
-162
-356
-527
-638
-546
-390
-79
319
620
928
1017
1061
844
712
466
350
298
151
102
-340
-660
-981
-1123
-1081
-820
-461
-184
101
52
57
-35
0
199
338
485
405
219
1
-307
-521
-505
-229
67
424
627
549
546
330
249
247
314
438
402
265
-41
-285
-574
-568
-532
-362
-172
-150
-93
-189
-254
-312
-276
-160
41
171
290
317
254
147
43
-6
-16
-40
14
17
50
3
-227
-308
-409
-261
-129
109
351
547
636
541
472
229
213
35
-3
23
-76
-39
-329
-484
-623
-603
-463
-263
-49
-14
19
-127
-109
-182
-75
154
231
382
300
200
-8
-109
-142
4
208
282
376
212
94
-93
-128
-130
41
294
334
403
100
-8
-169
-192
-236
-401
-463
-553
-422
-450
-180
-35
186
396
437
477
319
322
160
191
96
127
166
-68
-139
-382
-396
-377
-281
-191
-139
-112
-165
-112
-122
57
195
269
338
223
131
-21
-172
-216
-181
-97
-107
-101
-153
-41
49
113
345
418
562
555
448
356
327
251
200
15
-272
-391
-629
-632
-606
-546
-339
-176
-85
-54
-94
-126
-18
31
162
242
195
175
58
-52
-71
-33
61
192
257
215
166
50
8
59
92
206
245
224
169
35
-130
-196
-218
-195
-134
-132
-128
-163
-209
-237
-209
-146
-33
67
86
64
14
-87
-101
-77
-39
114
178
253
273
189
147
121
108
178
204
210
224
101
2
-141
-223
-247
-270
-268
-264
-292
-299
-354
-341
-251
-199
-60
16
86
148
149
147
218
238
332
389
356
370
254
193
121
96
75
59
0
-67
-139
-227
-272
-298
-262
-270
-231
-278
-285
-274
-264
-177
-102
-19
85
155
169
221
187
243
281
289
344
305
274
209
107
52
7
-44
-52
-112
-162
-225
-303
-315
-299
-294
-238
-246
-211
-186
-197
-115
-82
16
90
157
214
247
253
271
259
250
278
245
222
156
95
36
-20
-50
-49
-95
-119
-163
-246
-298
-327
-331
-287
-228
-186
-118
-121
-94
-38
23
133
200
240
281
240
204
156
133
157
149
171
211
145
65
11
-87
-144
-156
-132
-124
-165
-188
-245
-311
-303
-254
-170
-116
-18
64
64
75
102
108
126
173
217
224
217
237
185
149
136
103
77
81
35
-28
-78
-107
-169
-202
-167
-189
-210
-186
-186
-215
-209
-155
-125
-96
-30
4
22
54
131
157
196
254
219
189
155
108
82
84
81
79
32
-10
-42
-104
-107
-91
-78
-64
-79
-107
-119
-187
-175
-105
-80
-39
12
39
2
-32
0
66
53
133
215
164
98
65
54
18
0
80
135
40
12
-7
-76
-114
-71
-14
-1
-13
-5
-37
-128
-100
-63
-45
-6
35
18
-22
-43
-24
-2
14
85
114
103
64
35
0
-5
-5
3
25
30
-4
-53
-57
-70
-64
-42
14
18
-10
-12
-19
-47
-42
14
38
57
47
40
15
-1
9
34
65
64
27
-5
2
-22
-28
20
49
2
-43
-32
-49
-83
-47
19
9
-19
0
-9
-57
-46
19
28
8
36
46
-5
-32
13
21
2
28
64
43
17
23
6
-17
-9
9
10
18
16
-4
-32
-46
-45
-40
-24
-15
-3
2
-13
-18
-5
-14
-28
-14
12
19
16
37
47
14
-3
3
3
-11
-9
22
21
-4
-3
2
-12
-10
10
18
15
17
16
-7
-11
-6
-25
-34
-21
-18
-23
-7
16
26
19
18
16
-5
-20
-3
11
7
5
5
-23
-49
-40
-20
-7
26
56
50
28
10
-1
-17
-9
16
29
15
-3
-17
-46
-64
-40
-14
4
26
35
22
1
-14
-14
0
26
43
37
25
2
-29
-42
-40
-29
-19
0
4
-8
-20
-17
-10
2
28
45
38
30
22
6
-6
-8
-5
0
4
1
0
0
-2
-5
0
6
-2
-10
-5
-7
-18
-15
-11
-17
-18
-11
-6
-3
10
19
19
26
27
13
3
-3
-7
-3
7
8
1
-4
-16
-32
-35
-26
-10
19
48
42
10
-23
-47
-53
-20
32
60
62
45
1
-46
-68
-46
-2
45
72
53
2
-47
-76
-75
-41
4
43
60
44
9
-27
-55
-47
-1
38
61
59
37
0
-26
-29
-25
-9
17
24
11
-9
-29
-39
-35
-18
-6
-1
9
17
13
9
11
16
9
-2
-8
-4
0
9
17
9
9
10
-5
-30
-36
-18
0
23
36
20
-2
-16
-27
-31
-18
8
32
34
25
0
-39
-62
-56
-19
1
0
-2
0
25
45
40
12
-9
-19
-25
-6
28
45
38
25
5
-24
-34
-19
-3
13
25
27
16
0
-13
-18
-17
-9
-2
-6
-14
-10
-5
-21
-30
-20
-6
2
12
16
9
4
0
-2
3
21
30
27
20
7
0
-12
-17
-2
9
17
11
-3
-17
-25
-26
-15
6
23
16
-1
-4
-9
-20
-24
-15
15
32
24
0
-18
-15
0
2
1
17
25
18
2
-14
-20
-6
9
14
11
3
-7
-22
-27
-15
-3
2
6
10
1
-17
-21
-14
-4
8
16
16
15
12
4
-11
-25
-18
2
29
38
30
12
-9
-32
-45
-34
-1
39
58
45
11
-31
-62
-58
-21
24
57
61
28
-23
-65
-79
-53
-1
45
67
49
-1
-51
-70
-41
14
67
93
72
22
-23
-52
-43
-8
24
39
27
-12
-52
-70
-61
-27
21
51
50
21
-11
-35
-30
1
37
58
45
6
-37
-71
-70
-32
16
53
58
34
-4
-36
-43
-24
16
55
67
44
-2
-43
-62
-50
-7
29
43
33
3
-40
-61
-46
-10
26
52
50
23
-2
-21
-25
-17
6
31
30
15
-6
-24
-31
-26
-13
3
13
17
11
-1
-9
-14
-13
-8
-8
-5
4
11
14
10
0
-16
-29
-20
1
27
44
45
26
-6
-38
-55
-39
-3
39
57
40
4
-40
-67
-58
-17
34
67
68
40
-12
-64
-70
-33
6
48
68
45
4
-36
-51
-45
-16
30
53
45
21
-13
-44
-53
-25
6
28
35
19
-6
-27
-37
-24
5
24
25
11
-7
-18
-16
-3
8
12
12
4
-11
-17
-13
0
15
9
0
1
0
1
8
11
9
9
5
0
-2
2
8
5
-6
-17
-19
-14
-3
7
12
6
-4
-16
-23
-20
-8
13
27
20
1
-8
-12
-21
-22
-5
17
29
28
19
-4
-29
-29
-13
0
21
45
44
17
-16
-36
-40
-26
5
29
36
30
3
-32
-44
-27
-1
15
31
43
25
-9
-32
-39
-23
0
13
17
15
9
-12
-37
-33
-3
16
18
17
14
10
-2
-15
-18
-4
16
17
4
-2
0
2
-6
-9
-3
5
8
4
-6
-5
1
0
0
4
10
6
-1
-9
-10
-10
-10
-5
6
17
9
-2
-5
-6
-10
-9
-1
14
21
15
4
-8
-11
-8
-11
-4
17
22
9
-4
-12
-16
-13
-8
6
20
17
3
-10
-20
-18
-6
0
7
13
10
-6
-15
-8
2
10
10
11
8
-1
-5
-3
4
13
16
4
-8
-14
-16
-8
2
14
17
5
-9
-23
-24
-8
5
15
14
5
-9
-17
-10
-3
3
11
11
9
3
-5
-6
0
3
3
3
6
7
1
-4
-9
-8
-1
2
4
1
-1
-4
-5
-4
-1
5
10
6
-2
-8
-8
-2
5
11
10
3
-5
-10
-9
-7
1
4
4
2
-4
-3
-2
2
2
0
-2
-2
2
8
9
6
2
-3
-6
-5
-1
2
3
3
-1
-5
-7
-9
-2
2
2
1
2
1
-3
-1
-1
0
6
5
5
3
-1
-1
0
0
1
2
4
0
-2
-4
-4
-2
-1
0
0
0
-5
-4
0
0
0
3
5
3
0
2
5
0
0
0
-2
1
3
1
-2
-6
-5
-3
-1
1
3
-1
-3
-3
-1
3
6
5
2
1
-2
-2
0
1
1
0
-4
-4
-1
0
3
4
3
0
0
0
0
-1
-1
-3
-7
-5
-3
0
4
2
0
-1
-3
0
1
6
6
3
2
-2
-3
-3
-3
1
3
3
3
-2
-2
-2
-3
-7
-7
0
7
7
4
-1
-5
-7
-1
3
7
10
10
4
-3
-7
-7
-4
0
6
6
1
-3
-7
-8
-5
0
2
2
2
0
-3
-2
-3
3
7
3
2
-3
-3
0
0
4
4
1
0
-2
-4
-5
-3
1
3
3
1
-4
-5
-2
-1
1
2
4
7
0
-3
-3
0
1
0
2
4
-1
-1
-1
0
0
0
-3
0
0
0
2
2
0
-2
-4
-5
-6
0
5
7
6
2
-3
-6
-8
-3
3
9
13
7
0
-9
-12
-9
-4
3
9
9
4
0
-6
-11
-6
2
5
4
4
1
-1
0
-1
-1
2
0
3
4
0
-1
0
-1
0
0
0
-1
-1
0
-2
0
2
3
2
1
-2
-8
-5
0
3
7
7
3
-6
-12
-6
-2
3
9
12
4
-4
-11
-11
-8
0
8
13
9
0
-7
-14
-11
-1
6
11
10
3
-6
-10
-7
-3
6
9
6
2
-4
-3
-4
-2
3
6
4
0
-3
-5
-4
0
4
4
0
-2
-4
-4
-1
4
5
1
1
0
-4
-3
0
5
3
0
-1
-2
-3
-2
0
3
0
0
0
0
0
0
2
1
0
1
-1
0
1
1
2
0
0
-2
-3
-1
1
4
2
-1
-1
-2
-3
-1
1
1
0
-1
-1
-1
-2
0
0
0
1
0
0
0
0
1
3
1
0
0
0
1
0
2
1
-1
0
0
-1
-1
0
0
0
0
0
-3
1
0
0
-1
-3
-1
0
-1
0
2
2
0
-1
0
-2
0
3
0
1
0
-2
-3
-1
2
2
2
0
0
0
0
2
0
1
2
1
0
1
0
-3
-2
-1
-2
0
-1
-2
-4
-1
2
1
2
0
0
0
0
1
0
1
2
3
2
0
0
-1
-1
-1
-1
-1
-2
0
0
0
0
0
0
-1
1
1
1
0
0
0
-1
1
1
-2
0
-1
-1
1
1
0
-2
-1
0
-1
1
0
-1
0
0
1
1
1
-1
0
1
2
1
-2
0
0
0
1
0
-1
-1
1
-1
-1
1
0
1
2
1
0
1
0
0
0
0
0
-2
-1
0
-2
-2
0
0
-1
-1
0
-1
0
2
0
-1
0
0
-2
0
2
0
0
2
4
0
0
1
-2
0
1
0
0
-1
0
0
0
0
-1
-1
-1
1
-1
-2
0
1
-1
1
1
0
1
0
0
0
0
2
2
1
0
0
0
0
-1
0
1
0
1
0
0
-3
-1
0
-1
0
-1
0
1
1
0
0
0
0
0
0
-1
0
0
0
0
0
0
1
3
0
0
1
0
1
0
-1
0
-2
-2
-1
-1
-1
0
0
-1
0
2
0
0
1
-1
0
0
1
1
0
3
0
0
1
0
0
-1
-1
-1
0
-1
-1
-1
0
0
0
1
1
-1
0
-2
-1
0
-1
0
1
0
0
0
0
0
0
2
1
-1
0
0
-1
0
1
0
0
0
-2
0
1
1
0
0
0
-1
1
1
0
-1
-2
-1
0
0
1
0
-1
-1
0
0
0
-1
-1
0
0
0
2
1
0
0
0
-1
1
0
0
0
0
0
0
-1
1
1
1
1
-1
0
0
0
1
0
0
0
0
-2
-1
0
1
1
0
-2
0
0
-1
0
0
-1
-1
0
-1
0
1
0
0
0
0
0
0
2
0
-1
0
0
0
0
0
0
0
1
0
0
1
1
1
2
0
0
-1
0
0
0
0
0
-1
0
0
0
0
-1
0
0
-1
2
0
-2
0
0
0
0
0
-2
-1
0
0
-1
-1
-1
0
-1
0
1
1
0
-1
-1
-1
1
1
0
-1
0
1
1
2
3
2
1
0
0
0
1
0
-1
-2
-4
-2
-1
-1
-1
0
1
0
0
0
1
0
0
0
0
1
0
-1
-2
-1
-1
0
0
0
0
0
0
1
0
1
1
0
1
1
1
1
0
3
1
0
0
0
0
0
-2
0
-1
0
0
1
-1
-1
0
0
0
0
0
0
-1
0
1
-1
0
2
0
0
-1
0
1
0
0
0
-3
0
0
0
0
0
1
0
0
2
2
0
0
0
0
1
0
0
0
-2
0
0
-1
-1
0
0
-2
0
0
0
0
0
1
0
0
0
0
0
-2
1
0
0
0
0
-1
-1
0
0
0
-1
0
2
0
1
2
0
-1
0
-1
1
1
0
0
-2
-2
2
2
0
0
1
0
-1
-1
0
0
-1
-2
0
0
0
0
0
0
0
0
1
2
0
0
0
0
0
-1
0
0
1
-2
-1
0
0
0
1
2
0
-1
0
1
0
2
1
0
0
0
1
0
0
-1
-1
0
0
0
-2
-1
0
0
0
0
0
-1
0
0
0
0
-1
-1
1
1
0
0
0
0
-1
1
1
0
0
0
0
0
0
-2
0
0
0
1
3
-1
-2
0
0
0
0
2
0
0
1
0
1
0
0
0
2
1
0
0
-2
0
-1
-3
-1
0
0
-1
0
1
-1
0
1
0
0
0
1
2
0
-3
0
-1
0
2
1
0
-2
-1
0
-1
0
-2
0
0
0
0
0
-1
0
0
0
0
2
1
0
1
0
0
1
1
2
1
0
1
2
0
0
1
-1
0
0
-1
-1
0
0
0
-1
0
0
-1
1
2
0
-2
-1
0
-1
0
0
0
0
0
0
-1
-1
1
1
0
0
-1
0
-2
1
1
-1
4
2
-2
-2
-2
-3
-2
0
0
0
1
0
0
-1
-2
1
0
0
0
3
3
0
0
2
-1
-1
-1
0
-1
1
1
1
0
0
0
0
0
1
0
0
0
0
0
1
0
-3
-3
0
0
0
-1
-2
-1
0
0
0
-1
0
0
0
0
0
0
0
1
1
0
2
0
0
0
0
1
-1
1
0
0
0
2
2
0
0
0
-1
1
0
0
0
0
1
0
0
0
-1
-3
-3
0
-1
-2
-2
-1
1
-1
-1
-1
0
0
0
1
0
3
3
2
1
2
0
1
2
0
0
1
0
-1
1
0
-1
-1
-1
-1
-2
0
0
0
0
-1
0
0
1
0
-3
0
-1
-2
-1
0
-2
0
0
0
-1
-1
0
0
1
3
0
2
1
0
0
1
2
0
1
1
0
2
2
0
0
0
0
0
-3
-4
-2
-2
-1
-1
0
0
0
0
2
3
0
0
0
0
1
0
-1
0
0
0
2
0
-1
-3
0
0
0
0
0
1
0
0
2
0
1
1
1
3
1
1
0
-1
-1
-1
0
1
0
-2
-1
-4
0
0
-1
0
0
0
-1
0
1
0
0
0
0
3
1
0
0
0
1
-1
-1
-1
-1
-1
-1
-2
0
0
1
2
0
0
3
0
0
0
0
-1
-1
0
-1
-1
-1
-1
-1
-2
0
1
2
4
0
0
2
0
0
0
0
1
0
0
0
-1
1
1
0
-1
0
0
0
0
0
0
-2
-3
-3
-4
-1
0
0
0
1
0
1
3
1
1
-1
-2
0
0
0
-2
-2
-2
0
0
1
1
1
3
4
3
3
2
1
3
3
0
3
1
2
0
0
0
0
0
-3
-4
-1
-2
-4
-5
-6
-7
-5
-3
-2
0
0
-2
-1
-2
0
3
1
2
3
4
5
4
3
2
1
0
3
3
0
0
0
-1
1
0
0
0
0
0
0
1
-2
0
2
0
-1
-1
0
-1
-4
-4
-3
-2
-3
0
0
-3
-3
-2
0
-1
-1
-1
0
-2
-1
0
0
0
0
1
0
3
3
1
2
2
3
3
2
2
1
2
3
1
1
2
0
0
3
0
-2
0
0
0
-1
-2
-1
-2
-5
-4
-2
-5
-4
-3
-3
-1
0
0
-1
0
0
0
2
0
0
0
1
0
2
3
3
2
3
2
1
1
0
0
0
2
0
0
0
-1
0
-1
-1
-3
-1
0
-2
-3
-2
-3
0
0
0
-1
0
3
0
0
0
0
2
1
0
0
0
-2
0
-1
0
2
1
2
4
5
2
0
0
-1
0
0
0
-1
0
0
-2
-1
0
1
0
-2
1
1
0
-2
-5
-3
-2
-2
0
1
2
1
-1
0
-1
-3
-1
0
0
-1
1
3
1
-2
0
3
2
4
5
3
2
3
3
1
3
4
2
1
0
0
-2
-3
-5
-4
-5
-2
-3
-6
-5
-6
-4
-3
-3
1
1
-1
0
0
0
1
1
1
1
1
0
1
2
-1
0
0
-3
-5
-3
-4
-4
-2
-1
1
0
0
4
3
6
8
7
12
12
9
10
11
10
9
8
2
0
0
-6
-9
-11
-12
-14
-16
-15
-12
-12
-13
-10
-7
-6
-2
0
1
2
5
8
9
10
10
10
13
13
11
10
9
5
3
1
0
0
-2
-1
-5
-7
-5
-6
-8
-10
-8
-10
-8
-6
-4
-2
-1
-1
0
2
0
1
3
3
2
0
2
2
0
0
5
8
4
5
6
6
4
3
5
4
2
1
1
1
-1
1
0
-2
-1
-1
-1
-3
-1
-2
-3
-3
-2
-4
-5
-4
-3
0
-5
-6
-4
-5
-5
-4
-2
0
-1
-1
0
2
2
2
5
5
3
0
1
2
1
3
1
1
1
2
1
2
2
5
5
3
2
1
1
1
0
1
0
-2
-3
-2
-4
-7
-7
-6
-5
-3
-4
-5
-3
-3
-1
0
1
0
0
1
1
2
4
5
7
5
4
5
1
2
5
3
3
4
2
2
2
0
0
1
-2
-2
-3
-1
-1
0
0
-2
-1
0
-1
0
0
0
-2
-2
-2
-4
-4
-5
-5
-1
-3
-5
-4
-6
-5
-3
-2
-1
0
-1
0
0
0
1
3
4
4
5
5
6
7
6
5
3
4
3
2
1
1
-2
-3
0
-2
-3
-3
-3
-2
-2
-3
-1
0
0
1
0
1
0
0
1
1
2
3
1
-1
-1
-2
-2
-1
-1
0
-1
-2
0
0
-1
0
-1
0
0
0
2
0
0
0
0
0
-1
-2
-3
-2
0
-1
-3
0
2
0
-2
1
2
0
0
1
2
2
2
2
3
4
3
0
0
2
3
3
1
-1
0
1
-2
-2
-2
0
0
-2
-2
-3
-2
0
-3
0
0
1
-1
-3
0
0
0
0
0
0
0
-1
-1
0
0
1
1
-1
0
0
1
1
0
2
0
0
2
0
1
1
0
0
0
1
2
1
0
0
-1
-1
-1
0
0
0
0
-1
0
0
0
0
0
1
0
-1
0
0
0
2
1
-2
1
0
0
2
0
0
0
0
0
0
0
0
0
0
0
0
-2
0
0
0
0
0
0
-1
-1
0
0
-1
0
1
1
-2
0
2
0
1
2
-1
-1
0
0
0
-1
1
0
0
1
0
-1
0
0
1
0
0
1
2
1
0
0
0
0
0
-1
0
0
0
0
0
0
-2
-1
0
1
0
0
1
0
-1
-2
-1
0
0
0
0
0
1
-2
-1
0
0
0
0
1
0
0
1
-2
0
2
0
0
1
2
2
0
0
0
0
-1
-2
0
1
0
-1
-1
0
0
0
0
-2
-1
0
0
0
0
2
2
0
1
0
-2
1
2
2
2
0
-1
0
0
-1
-1
-2
0
0
-1
0
0
0
-1
0
0
0
0
-1
1
0
0
0
-1
2
1
1
2
2
1
3
1
1
0
-1
-1
-2
-1
0
0
0
-1
0
0
-1
0
-2
-2
0
1
0
0
1
0
-1
0
2
0
0
0
1
4
1
1
-1
-1
0
0
0
-1
-1
-1
0
0
1
-1
0
0
-1
0
0
0
-1
-2
1
1
0
2
0
0
1
0
-2
0
0
0
0
0
0
0
-1
1
0
0
1
0
1
2
0
-1
-2
0
1
0
0
0
-2
-1
1
0
0
0
0
-2
0
2
0
-1
0
0
0
0
0
0
0
1
0
0
0
1
0
0
1
0
1
0
-1
-1
0
-1
-1
0
0
0
0
0
0
2
-1
-1
-1
0
-1
-1
0
0
0
0
1
0
0
0
1
1
1
0
-1
1
0
0
-1
-1
0
-2
0
-1
-1
0
0
0
2
2
0
0
0
0
1
0
1
1
0
0
0
-2
-1
0
-1
-4
-2
-2
0
0
1
0
1
3
2
0
0
0
1
0
-2
0
1
0
0
0
-1
-1
0
1
0
0
1
-1
0
0
0
1
-2
-1
0
-2
0
-1
-2
0
0
-1
-2
1
1
0
2
2
0
0
0
0
2
1
0
1
0
0
0
0
-1
0
-1
0
0
0
1
0
-2
0
0
0
0
0
0
0
-1
1
1
0
0
0
-2
-1
-1
1
0
-1
0
0
0
0
0
0
0
1
2
0
0
2
0
0
0
0
0
-1
0
0
-1
1
1
0
1
1
3
0
0
0
0
0
0
-1
-1
0
-1
-1
0
-2
-2
-1
-1
-1
1
0
-1
0
1
3
0
0
1
0
2
0
0
0
0
0
0
0
0
0
-2
0
1
1
-2
0
1
0
0
1
0
0
0
0
1
0
1
0
-3
0
2
0
1
0
-1
0
0
0
0
0
0
0
0
2
-2
-1
0
-1
0
0
-1
1
0
0
0
0
0
0
0
2
-1
0
0
-3
0
-2
-1
0
0
0
-1
0
3
1
0
0
-1
1
1
0
1
1
1
0
0
2
2
0
-1
0
0
0
0
-1
0
0
-2
0
0
0
-2
-3
-2
0
0
0
0
0
0
0
0
0
2
0
1
0
0
0
1
2
0
0
1
0
0
0
-2
-1
1
3
2
0
0
0
0
1
0
-1
-2
0
0
-3
-1
0
0
1
0
0
-2
-2
0
-1
2
0
-1
2
0
0
-1
0
0
0
0
0
0
0
2
0
-1
1
0
0
1
-2
0
2
0
0
0
-1
-1
-1
-2
-2
0
1
2
3
0
0
0
0
0
0
0
0
0
0
0
0
0
0
-2
-1
-1
1
0
-1
0
0
0
0
2
0
0
0
1
0
-1
-1
0
0
0
0
2
0
0
0
0
0
1
0
0
0
0
0
1
0
0
0
-1
0
0
0
0
0
1
-2
-2
0
2
1
0
0
-1
0
0
0
3
0
0
0
-1
-1
0
1
2
-1
-2
0
0
0
0
2
0
-1
-1
-1
1
2
-1
-1
1
0
-1
0
2
1
0
0
0
0
0
0
-2
-1
1
1
2
0
2
0
0
-1
-1
0
0
0
0
0
0
1
0
-2
0
0
-1
0
0
1
1
0
0
-2
0
1
0
-2
0
0
0
0
-1
0
0
0
0
-1
2
3
0
-1
0
-1
0
0
0
0
0
0
3
0
-1
2
1
0
0
0
0
0
0
-1
-1
0
0
1
0
0
0
0
0
-1
0
0
-1
0
0
1
0
0
1
-3
0
1
0
0
-1
1
0
2
2
0
0
0
2
0
-3
0
-1
0
-1
1
0
-2
0
0
0
-1
2
1
0
0
0
0
-1
-1
0
0
0
2
0
-2
-1
2
3
-1
0
0
2
0
-2
0
1
0
0
0
0
0
0
0
-1
-2
-2
0
0
2
2
0
-1
0
-1
0
0
-2
0
0
0
1
1
0
0
0
1
0
-2
-3
2
2
-1
0
-1
-2
1
0
1
1
0
-1
0
1
1
1
-1
-1
0
1
1
0
0
-1
0
0
-1
1
0
0
-1
-3
0
2
3
0
0
0
0
0
1
1
0
0
-1
-1
0
0
1
0
-1
0
0
-1
-1
-2
0
0
0
0
0
1
0
0
-1
-1
1
0
-1
1
2
2
0
-1
0
0
0
-1
1
0
-1
0
0
-1
0
2
0
0
1
1
0
-1
1
1
0
-1
-1
-1
-1
-1
0
-1
-1
-2
0
0
0
-1
0
1
0
0
0
0
0
0
1
2
0
1
0
0
0
0
0
1
0
1
0
1
0
1
3
0
0
0
0
0
-1
-1
-1
0
-1
-4
0
1
1
0
-3
0
0
0
0
1
0
-2
-1
-1
0
0
-1
-1
-2
-1
0
-1
0
0
-1
0
2
1
0
2
1
0
-1
0
1
1
3
2
0
1
0
0
-1
-2
1
0
-1
0
0
-1
1
1
0
1
1
4
1
2
1
2
4
2
2
0
0
-1
-1
-3
-3
-4
-4
-4
-4
-3
-4
-6
-3
-4
-4
-5
0
-1
-2
0
0
2
4
2
2
4
4
5
4
2
2
3
0
2
0
0
0
1
1
0
0
-1
1
0
0
0
0
-1
-1
-1
0
0
-2
0
-1
-3
-2
-1
-2
-3
-1
0
-2
-1
0
-1
0
0
1
2
4
0
0
4
1
1
2
3
3
0
1
2
0
0
0
0
-1
-2
-1
-1
-2
0
0
-1
-4
-1
-2
-3
-2
0
0
0
1
0
0
1
0
1
-1
-1
0
0
0
0
1
0
0
1
0
1
4
0
1
1
1
-1
0
0
-2
-2
-2
0
0
1
0
0
0
-1
0
0
0
1
0
-1
1
-1
0
0
0
0
1
0
-1
1
0
-1
0
0
0
0
0
0
0
0
0
-1
-1
0
1
0
0
1
3
-1
-1
0
0
-1
-1
0
0
0
0
-2
0
0
-1
0
-1
0
2
0
0
1
2
0
0
0
0
0
0
0
0
0
1
1
0
0
-1
0
0
0
0
2
0
-3
-1
0
0
-1
-2
0
2
0
-1
1
1
-1
0
0
0
-1
1
2
-1
-1
0
1
1
0
-1
0
1
2
0
0
0
-1
-1
-1
0
0
-1
0
-1
0
0
1
0
-1
-1
0
0
0
0
1
-1
0
0
0
0
0
0
2
1
0
1
2
2
0
0
0
0
1
0
-1
0
-1
-3
-1
-3
0
0
-1
1
0
0
0
2
1
-1
0
2
0
2
2
-2
0
0
0
0
0
-1
-1
0
0
-1
-4
-1
0
-2
0
0
1
0
0
0
0
0
1
2
1
3
0
-1
0
0
1
0
1
0
1
1
0
-2
-3
-2
-1
1
-1
0
0
0
-1
-2
0
-2
0
0
0
0
1
0
0
0
0
0
0
1
0
-1
0
0
0
0
0
2
1
0
0
0
-2
-2
0
0
0
2
1
0
-1
1
1
-1
0
-2
0
1
0
0
-1
0
-1
-1
0
-2
0
-1
0
2
1
0
0
0
0
1
0
0
0
0
0
-1
0
0
-1
0
0
0
1
0
-1
-1
0
-1
0
0
1
1
0
1
0
-2
0
0
0
0
1
1
0
0
0
0
0
-1
0
-1
0
0
0
0
1
0
0
1
1
0
0
0
-1
-1
0
0
-1
-1
0
0
0
0
0
0
1
0
1
1
0
1
1
0
0
0
1
0
0
0
0
0
0
1
0
-2
-1
0
0
-1
1
0
-1
0
0
0
-1
0
1
1
0
0
2
2
0
0
1
0
-1
0
-1
0
1
0
-1
-1
0
0
-1
-1
0
0
0
-1
0
0
0
0
0
0
0
0
0
0
0
0
0
0
1
1
1
0
0
-1
-1
1
1
-1
-1
0
0
-1
0
0
0
0
0
0
0
-1
0
0
0
0
0
0
0
0
0
0
0
2
0
1
-1
-2
0
0
-2
-1
0
0
0
0
-2
1
0
0
0
-1
0
1
0
0
0
0
-2
0
3
2
0
2
0
0
0
2
0
-1
0
1
-3
-3
-1
-1
0
-1
-1
-2
0
1
0
0
-3
0
2
0
0
0
0
2
1
0
0
0
0
1
2
0
0
0
-1
0
-1
0
0
-1
0
0
-2
-3
0
0
0
-1
-1
1
1
0
1
0
1
-1
0
0
0
2
1
2
0
1
1
2
2
-1
-2
-4
-3
-4
-2
-1
0
2
0
0
0
-1
0
0
0
0
0
0
0
1
0
0
0
1
0
0
1
0
0
0
0
0
0
0
0
0
0
-2
0
0
0
-1
0
1
1
0
0
0
0
1
0
0
-1
-1
0
-1
-2
0
-1
0
0
-1
-1
1
0
-1
1
0
0
1
0
0
0
0
1
2
0
0
2
1
0
-2
0
0
0
-1
-1
0
0
0
-1
0
0
0
0
0
-1
1
3
0
-1
0
1
1
0
0
-1
0
1
-1
-1
0
0
0
-1
-1
-1
0
1
0
0
0
0
1
-1
0
2
0
0
1
1
0
-2
-1
1
-1
-1
0
0
0
1
0
0
0
0
-1
0
1
1
0
1
1
-1
-1
-2
0
-1
-1
0
-1
4
2
0
1
2
0
-3
0
0
0
0
0
1
0
1
-1
-2
0
0
-1
0
-1
0
0
2
0
0
1
0
0
-1
-1
0
-2
-1
0
0
0
1
2
0
0
-2
-1
0
-1
0
0
0
1
0
-1
0
1
0
-1
0
0
1
1
0
0
1
2
0
0
1
-1
0
0
0
0
0
0
0
0
0
1
-2
0
1
-2
0
0
-1
0
1
-1
-1
0
0
0
0
-1
0
0
0
2
0
1
0
-1
0
2
0
1
0
0
-3
-1
0
-1
-1
0
-1
0
1
0
0
2
1
0
2
1
0
1
1
0
0
0
-1
-2
0
0
-1
0
-1
0
0
0
0
1
0
0
0
0
0
-1
0
0
0
2
1
-1
-1
0
-1
-1
-1
1
1
0
0
-2
0
0
0
-1
0
1
1
0
-1
-1
0
0
0
0
1
0
0
0
2
0
0
0
1
2
0
0
0
1
0
-1
0
-1
-2
0
-1
1
2
-2
0
0
-2
-1
0
1
0
0
0
1
0
0
-1
0
0
1
0
0
0
1
-3
-2
0
0
0
-1
-3
0
0
0
1
1
0
0
1
0
-2
0
0
1
0
0
0
0
0
0
-1
0
0
0
0
0
-1
-1
0
0
0
0
0
0
0
2
1
-1
0
0
-1
0
1
-1
0
0
-1
-1
-1
0
0
0
0
0
0
0
0
-1
0
0
1
2
0
0
0
0
0
1
1
0
0
0
0
0
0
0
1
0
2
0
-1
-1
-2
0
0
-1
0
-2
-1
-1
-2
0
1
1
1
1
0
1
1
0
2
2
0
0
0
0
2
2
0
1
0
-1
0
-4
-6
-1
0
0
0
-3
-2
-1
-1
-2
0
0
0
0
0
0
0
3
6
5
2
2
1
1
0
0
0
-1
-2
0
-1
-3
-1
-1
0
1
-1
-2
-1
0
0
1
0
0
0
0
1
0
0
1
1
0
1
0
-1
0
1
0
0
-1
-1
-1
-1
0
0
1
0
0
0
1
2
2
0
-1
-1
1
0
0
-1
-2
0
-1
1
0
0
0
-1
0
1
0
0
0
1
2
0
1
0
0
0
0
0
-1
-1
-1
0
0
-1
0
-2
1
1
0
1
0
0
0
0
0
0
1
0
0
0
0
1
0
1
0
-1
-1
-2
0
0
-1
-1
-2
-1
0
0
0
0
0
0
-1
0
0
-1
0
0
0
2
0
0
2
0
0
0
0
1
0
0
0
-1
0
2
0
1
0
-1
-1
0
0
-1
0
1
0
0
-1
0
0
0
0
2
-1
0
0
-1
0
-3
0
1
1
0
0
0
0
0
0
0
0
0
0
-2
0
0
0
0
0
0
0
0
0
0
0
-1
0
1
1
1
0
0
0
0
1
0
0
0
0
0
0
0
1
0
0
-1
0
1
-3
-2
0
-2
-1
0
-1
0
0
0
0
0
0
1
0
0
0
0
1
-1
0
0
0
1
0
0
0
0
1
1
1
-1
-2
0
0
0
0
0
0
-1
0
1
0
0
0
0
-1
-1
-1
0
1
-1
0
1
-1
-1
0
0
-1
-2
0
1
0
0
1
0
0
0
0
1
-1
0
1
1
0
1
0
0
0
2
0
0
0
-1
-1
0
0
1
0
0
0
-1
0
0
0
0
-1
0
0
0
0
0
0
0
-1
0
0
-1
0
2
0
0
2
1
1
0
0
0
0
1
0
-1
0
0
-1
0
1
0
0
0
0
0
0
1
0
-2
0
-1
0
0
-2
0
0
1
1
-1
-1
-1
0
0
0
0
0
3
-2
0
1
0
1
0
0
0
0
1
2
-1
0
0
-2
0
0
0
0
-1
-2
-1
0
1
-1
0
0
0
-1
0
1
0
-1
0
0
1
0
0
0
0
0
2
1
-2
0
2
2
1
0
-1
2
1
0
-1
-2
-1
-1
1
1
-2
0
1
0
-1
-1
-2
-1
0
0
-1
-1
0
2
2
-1
1
0
0
1
0
0
0
1
0
0
0
0
1
0
-1
0
0
0
0
0
1
0
0
2
0
0
0
0
0
-4
-2
0
0
1
0
-3
0
1
0
0
-3
-3
1
2
3
2
0
0
2
4
1
-1
0
0
0
0
2
0
0
2
0
1
0
-2
0
0
0
0
0
-1
-1
-1
-1
0
-1
1
-2
-4
0
0
-1
1
-1
-1
0
-1
0
0
-3
-1
1
0
0
0
1
2
2
2
5
4
4
5
5
8
6
5
7
6
5
4
2
2
0
-2
-4
-5
-6
-9
-12
-14
-14
-13
-11
-10
-9
-6
-4
0
1
2
5
9
12
15
13
13
16
11
9
7
5
4
0
-2
-6
-10
-12
-10
-10
-13
-13
-11
-8
-8
-7
-4
-3
0
2
4
6
9
10
9
12
12
8
9
8
5
5
2
0
-1
-1
-2
-4
-7
-7
-7
-6
-5
-6
-4
-3
0
1
1
1
1
3
3
1
1
0
0
-2
-3
-2
-3
-4
-3
-2
-2
-1
-1
0
1
2
4
5
4
2
3
4
4
2
2
4
3
0
0
1
-1
-1
-1
-2
-3
-3
-4
-4
-4
-4
-3
-2
-2
0
0
0
1
0
1
2
1
1
1
0
1
0
0
0
0
0
-2
0
-2
0
0
0
0
0
1
2
2
1
1
1
2
2
0
0
1
0
-1
0
-1
-2
0
0
-3
0
0
0
-1
0
0
0
0
1
-1
0
1
0
0
0
0
0
0
0
-1
-1
0
0
-1
0
0
0
0
0
0
1
2
0
0
1
3
0
0
3
0
0
2
0
0
0
-1
-1
0
0
0
-1
0
-1
-1
0
1
0
-1
0
0
-3
-2
0
0
0
-1
1
1
0
-3
-2
0
0
-1
-1
0
1
1
1
0
-1
1
0
0
3
0
1
0
0
0
2
0
0
0
0
0
-1
0
0
2
0
-2
0
0
1
0
-1
-1
1
2
-2
0
0
0
0
-1
0
-1
-1
-1
0
1
1
0
1
0
1
1
-1
-1
-1
0
0
0
1
0
1
0
-1
0
-1
1
0
0
0
-2
-2
0
-1
0
0
-2
0
1
0
0
0
1
1
0
2
1
0
0
0
0
0
0
0
0
1
0
0
1
-1
-2
0
0
0
0
0
0
-1
0
0
-1
0
-2
0
1
0
0
-1
0
0
0
0
0
0
0
0
-1
0
1
-1
0
0
0
0
0
0
0
0
1
0
0
0
-1
-1
0
0
0
0
0
1
0
0
0
2
1
-1
0
0
0
0
0
-1
0
1
1
-1
1
0
-1
0
0
0
0
-1
0
0
0
0
0
0
0
-1
0
1
0
0
-1
0
-1
-1
0
1
1
-1
0
0
0
2
0
0
-2
0
0
0
2
1
-1
-2
0
-1
-1
0
0
-2
0
-2
0
1
0
2
1
0
0
0
0
0
2
1
0
1
0
-1
0
2
0
0
0
-1
-1
-2
1
1
-3
0
0
-2
1
0
2
0
0
1
-2
-1
2
0
-1
0
0
-1
1
0
0
1
0
-1
1
0
0
0
0
0
0
1
2
-1
0
2
-2
0
1
-2
0
0
0
-1
0
0
0
0
-1
1
0
0
1
-1
0
1
-1
-1
0
-1
0
2
0
0
0
0
0
0
0
0
0
0
0
1
0
0
0
0
0
0
0
-1
0
0
0
0
0
1
0
0
2
0
-1
0
0
0
0
1
-1
-1
1
-2
0
0
0
0
0
0
0
0
0
-1
1
1
0
0
0
-1
0
1
0
0
-1
-1
0
0
0
0
0
0
1
0
2
0
0
0
-1
0
0
0
-1
0
0
-1
0
-1
0
0
0
0
-1
0
0
-1
0
0
-2
-1
0
0
0
0
0
1
2
0
1
2
1
1
0
0
0
0
0
0
-1
0
-1
-2
0
0
0
2
0
0
0
1
1
0
0
-1
0
0
-1
-1
0
0
-1
0
0
0
0
0
1
0
1
2
2
1
-1
0
0
1
-2
0
-1
0
0
-3
0
2
1
0
0
0
0
0
0
0
-1
-1
0
2
3
0
0
0
0
0
1
0
0
0
-1
-1
0
1
0
0
-2
0
0
-1
0
-1
0
-1
-1
0
0
1
2
2
-2
-2
0
0
0
-1
-2
0
2
0
0
2
0
0
0
0
-1
0
0
0
0
0
0
0
0
0
0
0
0
0
-1
0
0
0
-1
0
0
1
1
-1
-1
0
0
0
-1
-1
0
0
-2
0
1
0
1
0
0
-1
1
0
0
0
0
0
0
0
0
0
2
1
0
0
0
0
-1
0
1
-2
-1
-1
-2
0
0
0
0
2
2
0
-1
0
1
0
0
0
0
1
1
0
0
0
-1
0
1
0
-1
0
0
-1
0
-1
0
1
0
0
1
0
0
0
-1
0
2
0
0
0
-1
0
0
0
1
0
0
1
0
0
0
0
0
0
0
0
0
0
0
0
-1
0
0
1
1
-2
-2
0
0
1
0
-1
-1
-1
0
1
1
0
0
0
0
0
0
0
1
1
0
0
-1
0
0
1
0
0
1
0
-1
0
2
0
-1
-1
-1
0
0
-1
-1
0
0
0
0
0
1
0
-1
0
0
1
0
-1
0
1
1
0
0
-1
-1
0
1
0
0
0
0
0
-1
0
1
0
0
-1
0
0
0
0
-2
-1
0
0
-1
0
0
0
1
0
2
0
0
1
0
-1
0
0
-1
-1
0
0
-1
2
0
1
1
0
0
1
0
0
-1
0
1
0
0
2
0
-1
-1
0
0
0
0
0
0
0
0
0
0
0
0
0
1
-1
-2
0
-1
0
0
0
0
0
0
1
0
0
-2
-2
0
1
0
0
0
-1
0
0
0
0
2
0
1
0
0
2
1
2
0
0
-1
0
0
0
0
-2
-1
-1
-2
0
-1
-1
0
0
1
1
-2
0
0
0
2
1
2
2
0
1
0
-2
-1
0
0
0
0
0
0
-1
-1
0
0
0
0
0
-2
-1
0
0
2
2
4
2
0
0
0
-2
0
0
-2
0
1
-1
-2
0
-2
-1
0
0
-1
0
-1
0
0
0
1
0
0
0
-1
0
2
1
0
2
1
0
0
-2
-1
0
0
0
0
0
0
0
0
0
-2
0
0
0
0
0
2
-1
0
1
0
1
1
0
-3
-2
0
0
1
0
0
0
0
-1
-1
-1
0
0
0
-1
-1
0
1
0
0
0
0
0
1
0
0
0
0
1
0
0
0
0
0
-1
-2
0
1
0
0
0
2
0
-3
0
1
0
0
1
0
-1
0
0
0
0
0
1
0
0
0
-1
-1
0
0
0
0
0
2
0
0
-1
0
0
0
0
1
0
0
2
0
-2
0
0
0
0
0
1
0
0
0
0
0
-2
2
1
0
-1
0
1
-1
-1
0
0
-1
0
0
1
0
-1
0
0
0
-1
0
1
0
0
0
0
0
0
0
0
0
0
0
0
0
0
0
0
1
2
1
0
0
1
0
0
0
-1
-1
-1
0
1
0
0
0
0
0
0
0
0
0
0
3
0
-2
0
1
0
-1
-1
0
0
0
0
1
-2
-2
-3
-1
0
0
2
1
0
1
0
-1
1
0
-1
0
2
0
-1
-1
1
0
1
2
0
0
0
-1
0
0
1
0
0
0
-1
0
0
0
0
0
0
-2
-1
0
0
0
0
2
1
0
0
0
0
0
-1
0
0
0
0
0
0
0
0
0
0
0
2
0
0
0
1
1
0
0
-1
0
0
0
-1
-1
0
-1
-1
0
0
0
-2
0
2
2
0
-1
0
0
0
0
-1
0
0
0
0
0
0
-2
-1
-2
-1
3
2
0
0
0
1
0
-1
1
2
0
0
-1
0
2
-1
-2
-1
1
1
0
0
0
0
0
-1
-1
-1
0
-1
-2
0
0
-2
0
0
0
-1
1
2
1
1
0
-1
0
0
1
0
0
1
1
0
0
0
-1
0
0
-1
0
0
1
-1
1
2
0
-2
-1
0
-1
-1
1
0
1
1
-1
-2
0
0
0
-1
0
-1
-5
1
4
1
1
0
-1
1
1
0
0
1
1
2
-1
-2
-1
0
0
-2
0
0
0
1
0
0
1
0
0
-1
-2
0
1
1
0
0
0
0
0
0
0
-1
0
-1
0
0
2
1
-1
-1
0
0
0
0
0
0
1
1
0
0
1
0
0
0
0
0
0
-1
-1
0
0
-1
0
0
0
0
1
-1
-2
-1
0
0
-3
0
0
2
1
0
0
1
1
1
1
0
0
0
0
0
-1
0
1
0
0
1
1
0
0
-1
0
-1
0
1
0
0
0
0
1
-1
0
1
0
0
-2
1
0
-2
0
-1
0
0
-1
0
0
1
0
0
1
1
0
0
1
0
0
-2
0
1
0
0
0
0
0
0
0
2
2
0
0
-1
0
3
-1
-3
-2
-1
0
0
0
-1
-2
-1
0
1
0
0
-1
1
0
0
1
0
0
1
0
-1
0
1
2
0
-1
0
0
0
2
1
0
0
0
0
0
-2
0
0
-2
1
2
1
0
2
0
0
0
-3
-1
0
-1
-1
0
0
0
1
0
0
0
1
0
0
0
0
0
0
-1
0
1
0
-3
-1
1
1
0
0
1
2
1
-1
-1
0
1
4
0
0
1
1
2
-1
0
-1
-3
0
0
0
0
0
-1
0
2
0
0
0
-2
-2
0
-1
0
1
1
0
-2
0
0
1
0
0
0
-1
3
0
-1
1
0
0
1
0
1
0
-2
0
0
2
1
0
1
0
0
0
2
0
1
2
-2
0
-1
-2
0
0
0
0
0
1
-1
-1
0
-2
0
0
0
0
0
-1
-3
0
1
-1
0
0
0
0
0
0
0
0
0
0
1
1
0
0
2
1
1
0
-1
0
0
1
0
0
0
0
0
0
-1
0
0
0
0
0
0
0
-1
-1
-2
-1
-2
0
0
0
2
2
0
0
1
2
1
0
0
0
-1
-3
-3
-2
-2
0
0
1
1
1
0
0
1
0
-2
0
0
0
0
1
0
1
3
0
1
3
1
3
0
0
0
0
0
0
-1
-1
-2
-3
-1
-1
-1
0
0
-2
-1
-3
-2
-1
0
0
-1
0
1
2
1
0
1
0
1
1
2
1
0
-1
1
0
1
2
0
0
0
0
-4
-1
-1
-1
1
0
1
-1
-1
0
-3
0
2
0
1
-1
0
0
0
0
-1
0
0
1
2
1
0
0
0
0
0
0
-1
-2
0
0
0
0
0
-1
-1
0
2
1
-1
0
1
0
-1
-1
0
0
0
0
-1
0
0
1
2
0
0
0
0
-1
-1
-3
0
1
0
0
-1
0
0
0
-1
0
0
0
0
0
0
0
0
0
0
0
1
1
0
-2
-1
0
1
1
0
0
2
0
1
-1
0
1
2
0
-1
-1
-1
0
1
0
-2
0
0
0
-1
-1
1
0
-1
0
-2
0
1
-1
0
3
0
-2
1
0
1
2
0
0
-1
0
1
0
0
0
1
2
1
2
0
0
0
0
0
-3
-1
-1
-1
0
-2
-1
-1
-1
0
0
2
0
0
1
1
1
0
0
1
0
0
0
0
0
0
0
0
0
0
-1
0
-1
0
1
0
-1
0
-1
1
2
0
0
0
0
1
0
0
1
0
0
0
0
-1
-1
-1
-1
0
-1
0
0
0
0
1
0
0
0
0
1
1
0
0
-1
0
1
1
0
2
1
-2
-1
1
2
1
-2
-1
0
0
0
1
1
0
0
-2
0
2
0
0
-1
-2
1
0
-1
1
0
0
0
0
0
-1
0
0
-1
-1
2
1
0
1
0
0
1
0
-1
0
1
0
-2
-1
-1
-2
1
0
-1
0
1
2
2
1
0
1
1
0
0
0
2
0
0
1
0
3
1
-1
-2
-1
1
0
-1
0
0
-1
-1
1
-1
-1
0
0
0
-2
0
0
-1
0
-1
0
0
0
-1
-1
-1
0
0
0
0
1
0
0
0
1
2
1
0
1
0
2
0
0
1
0
3
0
0
0
-1
0
0
0
0
-1
1
0
0
0
0
-1
0
0
0
-1
0
0
1
0
0
0
-1
-2
-1
1
1
1
0
0
0
-1
-1
0
-3
0
0
0
2
2
2
1
0
0
-1
-1
-1
0
1
1
0
0
0
0
0
0
-1
0
-2
-1
-1
0
0
-1
0
0
0
1
0
2
1
0
2
1
-1
0
1
0
0
-1
0
0
0
0
-1
-2
0
0
0
1
1
0
0
-1
-1
1
1
0
1
2
-1
0
0
0
0
0
-1
-2
2
0
0
0
0
-1
0
1
1
0
0
0
-2
0
0
-2
1
0
-2
0
0
-1
0
2
0
-2
0
0
0
1
1
0
0
0
-1
0
1
0
0
0
0
0
-1
-2
0
-1
0
2
0
0
1
0
0
0
0
0
3
0
0
1
0
0
0
0
-2
0
-1
-1
0
0
0
0
-1
0
0
0
0
0
0
0
-1
-1
0
2
0
0
0
0
-1
0
0
0
0
0
0
0
1
0
0
1
1
0
0
0
1
0
0
0
-1
0
0
0
0
-1
0
0
0
-1
-1
0
-1
0
0
0
0
0
0
0
1
-1
0
1
0
1
0
0
2
0
-1
-1
0
1
0
0
0
-1
-1
-1
-1
0
0
0
0
0
1
0
0
0
-1
0
1
0
0
0
0
0
-1
0
2
0
-1
0
2
1
-1
-2
0
1
0
0
0
0
0
1
0
0
0
-1
0
0
0
-1
0
0
0
-1
0
0
1
0
-1
0
0
0
1
1
0
2
0
2
0
-1
0
0
0
-1
2
2
-1
-3
-1
0
-1
-1
-1
0
0
0
-2
-1
-1
-1
0
0
0
1
1
0
-1
-1
0
0
1
0
2
0
-2
1
2
0
0
0
2
0
0
0
-1
0
0
0
0
1
0
0
0
0
0
1
0
-1
0
0
0
0
-2
0
-2
0
1
0
0
0
0
1
2
0
0
0
1
0
1
0
-1
0
0
0
0
-1
-1
0
0
0
0
0
0
0
-1
-1
0
0
0
0
2
1
-1
0
0
0
2
2
0
0
-2
-1
-3
-1
0
0
2
1
0
-1
-3
0
2
2
1
0
0
0
0
0
1
3
2
1
0
-1
0
0
-1
-1
0
0
0
0
0
0
0
1
0
-3
-1
-2
0
0
1
2
0
2
0
0
0
0
1
0
-1
0
0
0
0
0
0
1
0
0
3
1
3
1
-1
0
0
0
0
-1
0
-1
0
-1
-2
-1
0
0
0
-1
-2
-1
0
1
-1
-1
0
-1
0
1
1
0
0
1
0
1
1
0
0
0
1
0
1
0
-1
0
0
0
0
-1
0
0
0
0
-1
0
0
0
-1
-1
-1
0
0
-2
-2
-1
1
1
0
0
3
1
0
0
0
0
0
-2
-3
1
0
0
0
1
0
-1
1
1
1
0
0
-1
0
0
2
0
-1
0
1
0
-1
0
0
0
-4
0
0
-2
0
-1
-1
0
2
0
1
0
0
0
1
1
2
0
0
0
-2
0
0
-1
1
0
0
0
2
0
0
0
0
1
2
0
-1
-2
-1
-1
-1
1
1
0
1
1
0
0
0
-1
-3
-3
-2
0
0
0
3
3
1
2
0
-1
0
-1
0
1
0
-1
1
0
0
0
0
0
0
0
2
0
0
0
-2
-1
1
0
-2
-2
-1
1
1
0
-1
1
0
1
0
-2
-1
0
-2
-1
0
0
-1
0
2
0
1
0
0
0
0
0
0
0
0
0
0
1
0
0
-1
0
2
0
-1
1
1
0
1
0
0
1
0
0
0
0
0
0
0
-1
-1
-1
0
0
0
1
1
0
0
0
0
-1
0
-1
0
0
0
0
-1
0
0
1
0
0
0
-1
0
0
0
1
0
1
0
-1
0
0
0
0
0
0
0
0
0
0
0
0
0
1
0
0
-2
-2
0
0
0
1
-2
0
0
0
2
0
-1
-1
-1
0
0
-1
0
0
0
3
1
0
1
1
0
0
-1
-1
0
-1
0
2
0
0
2
0
1
0
-1
0
-2
-2
-1
0
0
0
-1
-1
0
-2
-2
-1
-2
-2
1
1
2
3
2
3
4
1
0
0
0
0
-3
-1
0
-2
0
0
0
0
0
-2
-2
-2
0
1
0
1
4
1
-1
0
0
1
0
0
0
1
-1
-1
-1
0
-1
0
2
-2
-1
0
0
2
1
2
0
0
0
-1
-1
0
3
2
-1
0
0
1
-1
-2
0
-1
0
0
-2
-1
0
2
1
2
3
0
-2
-1
0
-1
-1
-2
0
3
0
0
2
0
-1
-2
-1
0
-1
0
1
0
0
0
0
1
0
2
0
0
0
2
-1
0
0
0
0
-1
0
-2
-3
0
1
2
1
-1
-1
0
1
1
0
0
0
-3
0
0
0
0
1
0
-1
-1
2
0
-2
-1
-1
-1
0
0
2
-1
0
3
0
2
2
0
-2
0
1
1
1
0
0
1
1
0
1
-1
-1
0
-1
0
0
0
0
-2
-1
-1
0
0
0
0
-1
0
0
-2
0
-1
-3
0
2
3
0
0
1
0
0
0
0
0
2
0
-2
0
0
-2
0
0
0
1
4
2
-2
0
0
0
0
0
2
0
-1
-2
0
0
-3
0
0
0
0
0
1
1
0
0
1
0
0
1
1
-1
-1
0
-2
-1
0
0
0
0
-1
2
0
-1
0
0
2
1
0
0
0
0
-2
-1
-1
-1
1
-2
-2
1
0
0
1
1
0
1
0
-1
1
2
0
0
0
0
1
0
0
0
0
1
1
0
0
0
0
0
-1
0
-1
-2
-1
0
0
0
1
2
0
0
0
-1
-1
0
2
2
0
1
0
0
0
-2
0
3
0
0
0
-1
-1
0
0
-1
0
1
1
-1
-2
-1
0
-1
1
0
0
1
-1
-2
0
0
0
1
0
-1
1
4
0
0
1
-1
0
-2
0
0
0
0
-1
1
1
0
0
2
0
-1
-3
-2
-1
2
2
2
2
0
0
-1
0
0
0
0
0
0
0
0
-1
0
0
1
2
0
0
0
-2
0
0
0
0
-1
-1
0
-1
0
0
1
0
-1
0
1
2
-1
0
0
1
3
1
-1
-1
-2
-1
4
2
0
0
-2
0
-1
0
1
-2
-1
-3
1
1
0
0
-1
0
1
0
0
1
0
-1
0
0
0
-1
1
1
0
0
-1
0
1
0
-1
0
0
0
0
1
0
0
0
1
0
0
-1
0
0
-1
2
1
0
1
1
2
1
0
-2
0
0
0
-1
-2
-2
-2
0
0
0
-1
-1
-1
0
2
0
0
0
1
2
1
0
0
0
0
0
1
0
2
2
-2
-2
0
-1
0
0
-1
-2
-1
0
0
1
0
-1
1
1
0
2
-1
-2
-2
-1
-1
0
1
0
1
0
0
0
1
-1
-1
0
-1
1
1
0
0
0
0
2
2
0
0
-1
-1
0
0
-2
0
0
1
1
0
-1
-1
0
2
0
0
0
0
0
0
0
0
0
0
2
1
0
-2
0
-1
0
1
0
0
0
-1
1
3
0
1
0
0
0
-1
-1
0
-3
-3
1
0
0
-1
-1
0
0
2
0
-2
0
0
0
0
-1
0
-1
-1
0
2
1
0
0
0
0
1
1
0
-1
1
2
1
2
0
-1
0
0
1
0
0
0
0
0
0
-1
-1
-4
-1
1
0
0
-1
-1
0
0
0
0
1
-1
0
1
0
0
0
0
0
2
3
-1
-2
0
0
0
1
0
-1
0
0
0
0
0
-2
0
0
0
0
0
0
0
1
0
0
2
0
0
0
1
0
1
0
-1
0
0
0
1
0
0
-1
0
0
-1
-1
-1
-1
0
0
0
1
-1
0
2
0
0
0
0
0
-4
-2
0
-2
0
2
-1
1
3
0
1
0
1
0
0
0
1
0
-1
2
0
-1
1
0
-1
1
0
-1
0
0
0
1
0
-1
-1
0
-1
0
0
0
-2
-2
0
-1
0
-1
-2
0
1
0
1
0
-1
-1
0
0
2
2
-1
0
-1
0
1
2
2
0
-1
-1
2
3
1
0
0
-3
0
0
0
0
0
-1
-2
0
0
0
0
-2
0
0
-1
0
0
1
0
0
2
1
0
0
0
0
0
0
0
-1
0
0
-1
0
2
1
0
0
0
0
0
0
0
1
0
-1
-1
-1
0
-1
1
2
0
0
1
0
-3
0
0
0
2
0
0
0
-2
-1
0
0
0
0
0
-1
-1
-1
0
1
1
0
-1
1
0
-1
-1
1
0
1
2
0
-1
-1
1
3
0
0
0
0
0
0
0
2
0
-1
-2
-1
0
0
0
-1
-1
0
0
-1
0
0
0
0
0
0
-1
-1
0
1
0
0
0
-2
0
0
1
0
0
-1
-1
1
0
1
0
0
3
1
0
2
0
-1
0
0
-2
-1
0
0
0
1
1
-1
0
0
0
0
-1
-1
0
-1
0
0
-3
0
0
0
0
0
0
-1
0
0
0
1
0
0
0
0
2
1
1
1
0
0
0
0
0
0
0
0
0
0
0
0
0
3
2
0
-1
-1
-2
0
-1
0
0
-1
-1
-1
-1
-2
0
0
0
0
0
0
0
0
0
1
0
0
1
1
0
0
0
0
0
0
1
0
0
0
0
0
0
-1
1
0
1
2
-1
0
2
1
2
0
0
0
0
-1
-1
-2
0
0
-2
-2
-2
0
0
-1
1
0
0
0
-1
-1
-2
-2
0
0
0
1
1
1
-1
0
0
0
2
1
0
0
0
0
1
1
1
2
0
0
0
2
0
-1
-2
-1
0
-1
0
0
0
0
0
-1
-1
0
0
0
0
0
1
0
-1
1
0
0
0
1
0
0
0
0
-2
0
2
0
0
0
0
0
0
0
2
1
-1
0
0
1
-1
-3
-2
-3
-2
1
2
1
0
0
0
-1
-1
0
0
0
2
0
-1
0
0
0
0
0
-1
-1
0
0
0
-2
0
0
0
2
0
0
0
-1
0
0
0
1
1
0
-1
-1
2
0
-2
-2
-1
0
1
0
0
0
-1
0
1
0
0
0
3
2
-1
0
0
0
0
-1
-3
0
-1
0
0
-1
0
1
3
0
0
0
-1
0
0
-2
-1
0
0
1
1
0
2
0
0
0
0
0
0
-1
-1
0
0
0
0
0
0
0
0
-1
0
0
0
0
0
1
0
0
1
0
-1
3
2
0
1
0
0
0
0
-1
0
-1
0
0
-1
0
0
1
0
0
0
-2
0
0
-2
0
1
0
0
0
0
0
-1
-1
-2
-2
0
0
-1
-1
0
2
1
0
0
-1
0
-1
1
3
0
1
1
1
0
0
1
0
-3
-3
0
0
0
0
-1
0
1
0
1
-2
-1
3
0
0
1
0
0
0
0
0
0
0
-1
-1
1
0
-1
-1
0
0
0
0
0
-1
0
1
1
0
0
0
0
0
1
0
-1
-2
0
0
3
0
-1
0
0
0
1
0
-1
1
1
-1
-1
0
0
0
-2
-1
0
0
-3
0
1
1
0
0
0
1
3
1
0
-1
0
1
0
-1
0
0
0
-2
0
3
2
-1
-1
0
0
-1
0
0
0
-1
-1
-1
-2
1
1
0
0
0
1
0
0
0
0
1
0
0
0
1
-1
-1
0
1
1
-1
-1
0
0
0
1
2
-1
0
1
-1
-1
0
0
0
0
0
-2
0
0
1
1
-1
0
0
0
0
0
1
0
-1
0
0
0
2
0
-2
-1
0
1
0
0
0
0
0
-1
-1
0
0
1
0
0
1
1
0
0
0
-2
0
0
0
-1
-1
0
1
0
0
0
0
0
0
0
-3
0
2
0
0
-1
0
2
0
0
0
0
2
1
-1
3
0
-1
-2
0
1
0
-2
1
0
0
-1
-1
2
1
0
2
0
-1
0
-1
-1
-1
0
-1
-1
0
0
0
0
0
0
1
1
-1
0
0
0
0
0
2
2
0
1
1
2
0
-2
-1
-1
-2
-1
-2
0
0
-1
1
0
2
3
0
0
0
0
0
0
-1
0
3
0
-2
0
0
-2
0
0
-1
0
0
0
0
-2
0
2
0
0
2
0
-1
1
0
1
2
1
-1
0
1
0
-1
-1
-1
-2
0
0
0
0
-1
1
0
-1
-1
0
-1
-3
1
1
0
1
0
0
0
0
0
0
1
0
0
0
2
0
1
1
0
-1
-3
0
1
1
0
-2
0
0
0
0
0
1
-1
-2
1
0
0
0
0
1
0
0
2
0
-1
-1
0
0
1
-2
-1
0
0
0
0
0
0
-1
0
1
1
0
0
0
0
0
0
0
1
0
0
1
0
0
0
0
0
0
-1
-1
2
0
0
0
-1
0
0
0
0
0
0
-1
1
1
1
0
-1
0
-1
-1
-1
1
1
0
0
-1
0
0
-3
0
0
0
0
0
0
0
-2
1
1
1
0
0
2
1
1
1
1
2
-1
0
1
0
0
0
0
-1
-1
0
0
0
-1
0
0
0
0
-1
1
1
1
1
-1
0
-1
-1
1
0
0
0
-1
-1
-2
-1
-1
0
-1
-1
0
0
1
3
2
0
-2
0
0
1
1
-1
-2
1
2
1
1
0
0
-1
0
0
0
0
0
1
0
0
0
0
0
-1
-2
-1
0
0
0
-1
0
0
0
0
-1
0
0
-1
-1
0
0
-1
-1
1
0
2
0
-1
2
0
0
3
0
1
1
0
0
0
-2
-2
0
-1
0
1
0
0
0
1
1
-1
-1
0
-1
0
0
0
0
-1
-1
0
1
-2
-3
-1
-2
-1
-2
-2
0
0
-1
1
1
1
2
1
4
5
1
3
2
2
5
2
0
2
3
3
2
1
0
-2
-1
-2
-1
-2
-3
-3
-4
-3
-3
-5
-3
-3
-3
-2
-2
-3
0
-1
-3
-1
-1
-2
2
2
0
1
0
0
2
1
2
2
4
5
3
4
3
0
2
0
0
0
1
1
0
-1
0
0
0
0
-2
-4
0
0
0
0
-2
-1
-2
-2
0
0
-1
0
0
1
0
2
1
-1
-1
-2
0
1
1
0
0
3
4
1
2
1
0
-1
1
-1
-1
0
-1
-1
-1
-1
0
0
-2
-1
0
-1
0
0
2
1
-1
1
1
0
0
0
-1
0
1
-2
-1
-1
0
2
0
-2
0
1
0
2
1
1
0
0
1
0
0
0
-1
0
0
0
0
0
0
-1
-1
-1
-3
-2
-2
-2
0
2
3
1
2
0
0
-2
-4
0
-3
0
2
2
4
1
1
1
1
0
-1
0
-1
-2
0
1
0
1
1
1
0
0
0
-1
-2
-3
1
0
-1
0
0
1
0
-1
0
1
1
0
1
0
0
0
0
1
-1
1
0
0
0
-2
-2
0
0
-1
-1
0
0
-1
0
1
0
-1
1
0
0
2
0
1
1
-1
0
1
1
0
0
2
2
0
0
0
-1
-1
0
-2
-1
0
0
0
-1
-1
0
-1
0
0
0
0
0
0
0
-1
0
0
0
0
0
0
0
0
0
0
0
0
0
0
0
0
0
0
-1
0
1
1
0
0
0
1
0
-1
-2
-1
-1
1
1
-3
-1
2
0
0
0
0
1
0
3
3
0
1
0
0
0
-2
0
0
-2
0
0
-1
0
0
-2
-1
-2
-1
-1
0
0
0
-1
0
0
0
2
1
1
2
3
1
0
2
1
1
0
0
0
0
0
-1
-1
-1
-1
-2
1
0
0
-1
-2
-1
-1
2
0
-1
0
0
0
-1
-1
0
1
0
-1
0
1
0
-1
0
0
0
1
0
0
0
0
0
0
1
0
1
1
1
1
0
1
2
1
0
-1
0
0
0
0
1
0
0
0
-1
0
0
-1
-1
0
0
-1
-2
-3
-3
-1
0
0
0
-2
0
1
0
0
2
0
0
-1
1
2
0
0
0
3
1
0
0
0
1
0
1
0
0
-1
0
0
0
0
-1
1
1
0
1
0
1
0
0
-1
-1
-2
-1
-1
0
0
-2
0
0
-1
-1
0
0
-1
0
0
0
2
1
0
1
3
1
0
0
0
0
-1
0
0
0
0
0
-1
0
0
0
2
0
-1
0
0
0
0
0
0
0
-2
0
1
0
0
1
-1
0
0
0
2
1
0
1
0
0
-2
-1
0
0
-1
0
0
-1
-1
1
0
0
1
0
0
0
2
1
0
0
1
1
1
0
-1
0
0
0
0
0
0
0
-1
1
0
-1
0
-2
-2
0
0
0
0
0
0
-1
0
0
0
0
0
0
1
0
0
1
2
1
0
0
0
0
-1
0
0
-1
0
-2
-1
0
0
0
-1
-1
-1
0
0
-1
0
0
2
1
1
0
-1
1
1
1
-2
0
1
0
0
1
0
0
-1
0
0
-1
0
-1
-2
0
0
0
-1
0
0
0
0
0
-1
0
-1
-2
0
1
0
0
0
1
1
0
0
0
0
0
-1
1
1
0
1
0
0
1
-1
0
0
0
0
0
0
-2
-2
-1
0
0
-1
0
2
0
1
3
1
0
0
1
-1
-1
-1
0
1
-1
0
0
0
0
-1
0
0
0
-1
-2
0
-1
0
2
0
0
2
0
1
0
-1
2
0
-1
0
0
1
0
0
0
0
2
0
0
-1
-1
-1
-1
0
0
0
1
1
-2
0
1
0
0
0
0
2
0
-1
-1
-2
0
1
-2
0
1
-2
0
0
-1
1
1
1
0
0
0
1
0
-1
1
1
0
0
-2
1
1
-1
-2
0
0
1
0
-1
-2
0
0
0
2
0
-1
1
1
2
0
0
0
0
0
-1
-1
-1
0
1
-1
0
0
0
1
0
0
0
0
0
0
0
0
1
1
0
1
0
-2
-1
-1
0
0
0
0
3
2
0
0
-1
0
0
0
0
0
2
0
0
0
0
0
0
1
1
0
-1
0
-2
0
0
-1
0
0
0
0
0
0
0
1
1
2
0
0
-1
0
0
-2
0
-3
0
0
0
0
0
1
-1
-2
0
2
1
0
0
0
0
0
0
1
0
-1
0
-2
1
1
1
1
0
0
-2
-2
-1
0
0
0
0
0
0
1
0
0
0
0
0
0
0
0
0
1
0
1
1
0
0
0
-2
-3
0
-1
0
0
0
0
0
0
1
0
0
0
0
0
0
0
1
-2
-1
0
1
0
0
0
0
0
-1
0
0
1
0
-2
0
1
0
0
0
1
0
0
2
1
0
-1
0
0
0
0
-2
-2
0
-1
0
1
0
0
0
0
0
1
1
0
-1
-2
0
0
0
1
0
-1
-1
-1
0
1
0
0
0
0
1
0
0
-1
-1
0
-2
0
0
0
0
1
1
1
1
0
0
0
0
0
2
0
1
2
0
-1
-1
0
2
-1
-2
0
0
-2
-1
-1
-1
0
-3
0
1
0
1
0
0
0
0
-1
0
0
-1
-1
1
1
0
0
0
2
1
0
1
0
1
0
0
0
0
0
1
1
2
-1
-2
-1
-1
0
0
-1
0
1
0
0
0
1
2
0
0
0
-1
0
0
0
-1
-2
-2
-1
0
0
0
-1
0
0
0
0
-1
-1
1
1
0
0
0
0
0
0
0
0
0
0
1
0
0
0
0
0
0
0
0
1
0
0
0
-2
0
2
0
0
0
-1
0
0
1
-1
-1
0
-1
0
0
0
1
0
0
1
2
0
-3
0
0
0
-1
0
-2
0
0
0
0
1
1
0
0
0
0
-1
0
0
-1
-1
2
1
0
2
-1
0
2
0
-1
-1
0
0
0
0
0
-1
1
0
-1
0
0
0
0
0
-2
-2
0
0
-1
0
0
1
1
-1
0
1
2
0
0
0
-1
0
0
0
0
1
2
2
0
0
0
0
0
-1
-2
0
-2
-4
-1
0
0
2
1
2
2
0
0
0
0
0
-2
0
-1
0
0
0
0
0
1
0
2
2
0
0
0
0
0
-2
-1
2
1
0
0
0
0
-1
-1
-1
0
0
-1
1
-1
-4
0
1
0
0
0
0
0
1
0
-1
-1
0
2
1
0
0
0
0
-1
0
0
0
0
0
-1
0
0
1
1
0
1
0
1
1
-1
0
-1
-1
1
-1
-1
-1
-1
3
3
0
0
1
0
1
1
-2
-2
-1
-1
1
1
0
1
0
0
0
0
0
-1
-1
-2
-2
0
-1
0
0
0
1
-1
1
1
-1
0
0
1
0
-1
1
-1
0
0
0
2
1
1
0
0
