0
0
0
0
0
0
0
0
0
0
0
0
0
0
0
0
0
0
0
0
0
0
0
0
0
0
0
0
0
0
0
0
0
0
0
0
0
0
0
0
0
0
0
0
0
0
0
0
0
0
0
0
0
0
0
0
0
0
0
0
0
0
0
0
0
0
0
0
0
0
0
0
0
0
0
0
0
0
0
0
0
0
0
0
0
0
0
0
0
0
0
0
0
0
0
0
0
0
0
0
0
0
0
0
0
0
0
0
0
0
0
0
0
0
0
0
0
0
0
0
0
0
0
0
0
0
0
0
0
0
0
0
0
0
0
0
0
0
0
0
0
0
0
0
0
0
0
0
0
0
0
0
0
0
0
0
0
0
0
0
0
0
0
0
0
0
0
0
0
0
0
0
0
0
0
0
0
0
0
0
0
0
0
0
0
0
0
0
0
0
0
0
0
0
0
0
0
0
0
0
0
0
0
0
0
0
0
0
0
0
0
0
0
0
0
0
0
0
0
0
0
0
0
0
0
0
0
0
0
0
0
0
0
0
0
0
0
0
0
0
0
0
0
0
0
0
0
0
0
0
0
0
0
0
0
0
0
0
0
0
0
0
0
0
0
0
0
0
0
0
0
0
0
0
0
0
0
0
0
0
0
0
0
0
0
0
0
0
0
0
0
0
0
0
0
0
0
0
0
0
0
0
0
0
0
0
0
0
0
0
0
0
0
0
0
0
0
0
0
0
0
0
0
0
0
0
0
0
0
0
0
0
0
0
0
0
0
0
0
0
0
0
0
0
0
0
0
0
0
0
0
0
0
0
0
0
0
0
0
0
0
0
0
0
0
0
0
0
0
0
0
0
0
0
0
0
0
0
0
0
0
0
0
0
0
0
0
0
0
0
0
0
0
0
0
0
0
0
0
0
0
0
0
0
0
0
0
0
0
0
0
0
0
0
0
0
0
0
0
0
0
0
0
0
0
0
0
0
0
0
0
0
0
0
0
0
0
0
0
0
0
0
0
0
0
0
0
0
0
0
0
0
0
0
0
0
0
0
0
0
0
0
0
0
0
0
0
0
0
0
0
0
0
0
0
0
0
0
0
0
0
0
1
0
0
1
0
0
1
0
-1
0
0
0
-1
-4
-3
3
4
-1
-1
3
1
0
0
0
-1
-2
-2
-1
0
2
0
0
3
0
0
1
-3
-6
-4
-4
-2
5
9
8
10
9
2
-3
-7
-13
-13
-10
-7
0
5
11
10
13
13
6
0
-5
-11
-12
-12
-9
0
3
-1
0
0
-4
-1
0
2
4
9
10
3
0
-1
4
10
0
-4
-3
-6
-13
-10
0
0
-1
8
11
4
4
-1
-5
-2
-3
-5
0
1
-1
0
-1
0
0
0
1
2
0
-1
4
3
-5
-4
0
1
-3
-1
3
3
-1
0
3
0
-2
1
1
-4
3
5
3
0
1
4
0
-3
-1
-2
-5
-3
-2
0
0
1
1
-2
1
2
0
1
1
2
1
0
1
1
-3
-3
-1
-3
-3
-3
-2
0
-2
-1
1
0
1
3
3
1
0
0
-1
-4
-3
0
0
-1
2
3
0
4
3
3
4
3
4
1
-1
-4
-3
-2
-4
-2
-1
-1
2
4
2
1
1
0
0
0
0
-1
-3
0
-3
-1
-1
-2
1
1
0
0
3
-1
-1
1
0
-2
-3
0
0
-1
-1
1
4
1
0
0
0
-1
0
0
4
6
4
3
-3
-7
-3
-7
3
2
0
3
-1
-1
-6
-4
-1
0
2
5
6
0
0
-1
-6
-6
-2
3
9
6
1
-3
-4
-2
0
-2
2
7
2
1
-2
-7
-8
-3
1
-1
7
11
3
0
-5
-7
-2
1
0
2
4
0
0
-6
-5
-4
0
2
2
4
0
-4
0
0
-2
0
3
0
3
2
0
1
0
0
1
3
0
-3
1
-1
0
1
-1
0
-2
-6
-1
2
0
0
4
3
0
0
-2
-3
-4
3
4
3
4
0
0
-4
-6
-1
0
0
2
4
0
-4
-5
-3
-4
-3
1
6
5
0
0
5
12
2
1
-1
-7
-4
-10
-4
-5
0
6
5
6
8
8
6
1
-4
0
-8
-14
-13
-12
-8
-11
-1
13
22
19
10
8
6
2
-6
-10
-7
-14
-9
-15
-7
2
3
14
10
17
14
8
2
-6
-11
-15
-8
-12
-4
-9
5
8
8
12
0
13
-1
2
1
0
-2
-10
-6
-12
-3
-5
0
4
4
4
3
8
-1
4
5
7
-4
-8
-5
-8
-4
-10
-9
3
10
3
-3
3
8
10
1
1
10
4
-1
-12
-9
-2
0
1
-6
-3
0
6
0
-7
-3
-1
-1
2
6
14
13
-1
-5
-6
-17
-9
1
9
2
-8
6
4
-3
5
22
14
-7
-12
-3
0
-24
-22
3
19
4
-21
-3
26
30
-3
-21
7
33
17
-25
-36
-2
20
-3
-40
-32
18
43
-1
-36
8
59
36
-26
-43
-6
22
-4
-40
-22
34
49
-5
-41
-7
30
15
-8
-21
0
21
11
-10
-21
-5
18
10
-21
-28
6
14
0
-1
2
14
0
-3
11
10
7
-10
-26
-11
6
-1
-10
-1
16
20
1
-8
-6
0
9
0
4
12
5
-1
-17
-19
-10
0
6
4
24
36
25
-5
-28
-12
0
-8
-23
-8
20
14
-13
-21
2
15
1
-18
-12
17
18
-13
-23
5
22
4
-17
-11
2
-3
-3
-13
-11
15
30
18
4
4
5
-4
-18
-9
2
9
9
-9
-2
14
-2
-27
-8
32
26
-21
-24
23
33
-7
-37
-14
11
0
-12
-3
13
-11
-21
3
24
13
-10
-4
-1
-7
-7
9
6
-6
-7
12
19
-3
-5
4
1
-11
-1
13
-9
-15
4
13
0
0
6
8
3
-11
-1
11
-8
-25
0
26
3
-8
4
13
-7
-17
1
9
-7
-15
11
11
-9
-3
0
-10
-5
9
2
-2
-6
-11
-3
20
16
-15
4
33
12
-34
-29
11
7
-12
-2
14
5
4
13
8
-5
-1
15
0
-29
-28
0
5
-14
-4
23
27
13
1
0
5
-3
-5
-11
-1
-7
-11
-4
-5
7
0
9
1
13
18
-10
-18
-11
22
-5
-30
-19
11
21
-12
-14
-2
20
14
-12
-28
0
29
26
-10
-17
24
29
15
-30
-12
16
16
-1
-32
1
14
15
-16
-30
3
13
8
-15
-23
1
21
12
-29
-30
10
14
0
-23
-9
18
23
11
-15
-5
16
6
2
-11
-11
17
5
-4
-14
-9
19
16
-6
-16
0
16
18
-8
-27
6
29
11
-20
-26
16
33
-12
-31
-11
21
9
-5
-3
-11
16
5
-8
-24
-5
22
2
-4
-31
14
18
8
-10
-17
25
3
4
-34
13
21
-5
1
-17
24
-18
7
-4
5
-1
-19
11
-15
14
-1
26
-3
-11
-4
10
10
-36
-24
-13
43
-9
-13
7
24
42
-22
-1
-10
16
-11
-33
-10
-21
34
-7
-9
8
15
27
6
6
-5
1
13
1
-7
-32
-31
5
7
0
-28
-19
37
25
17
-7
11
40
-5
1
-32
-4
-1
-36
-16
-40
11
17
14
6
-2
55
31
1
-1
-26
20
-3
-29
-22
-48
34
0
0
-19
-20
23
11
49
-17
0
-2
26
44
-11
-28
-56
5
-13
-15
-8
-4
-7
-14
46
44
21
-13
18
1
1
1
4
-3
-34
-19
-14
6
-26
0
-16
17
8
17
45
11
22
-5
1
-4
-8
-33
-40
-32
5
5
-14
27
28
26
6
30
22
-31
-18
-22
-21
-32
-17
12
10
8
12
62
3
-8
7
-25
5
-59
5
6
-6
24
2
30
-21
10
-7
-1
3
-36
2
-19
2
15
24
23
-10
20
13
7
2
-61
3
13
3
-10
-61
18
-5
21
-7
-16
42
45
50
-50
-37
4
-8
-5
-64
-15
46
38
46
-26
5
7
4
30
-51
-27
-35
20
27
-9
-18
-34
60
33
-7
12
0
-20
-21
-11
10
-22
-43
1
54
49
29
23
-28
0
5
-11
-62
-78
-4
17
18
-6
18
56
76
-9
-51
11
27
-37
-78
-17
34
58
-10
0
56
9
5
-7
-18
-11
-21
-67
-69
7
54
2
-16
27
58
40
-33
-18
-13
-3
-29
-5
32
6
0
29
57
27
-32
-10
2
0
-65
-32
47
-22
-21
-26
58
35
-36
-27
-12
32
-22
-9
-19
-15
36
17
13
5
8
54
-7
-49
-10
12
14
-51
-9
8
48
-3
-33
32
1
47
-23
-19
-6
-12
33
-49
1
-18
1
22
-17
31
-39
16
38
3
38
-35
9
-15
-8
27
-40
-24
-48
27
9
-31
-6
-31
63
53
1
21
25
37
-15
-38
-29
-59
-14
-16
-20
13
22
58
5
40
62
-10
22
-17
-40
-38
-31
-18
-42
5
5
2
33
-15
28
41
-8
-8
-27
23
0
-18
-9
-17
47
8
7
-19
-39
5
-34
-10
-10
37
59
36
1
0
14
4
-18
-34
-32
-25
6
-23
-10
-6
-9
38
47
41
23
20
-5
-22
-18
-50
-33
-16
-18
-2
16
39
34
34
16
-1
-15
-32
-26
-26
-23
-1
19
24
41
25
16
-10
-18
-8
-18
-23
-11
9
7
-13
11
14
-15
0
11
30
9
-8
11
-8
-19
-62
-29
20
1
30
23
45
27
14
-18
-45
-24
-18
-11
-17
-25
-18
58
53
40
-14
-17
6
-4
-13
-75
-9
17
38
25
-2
3
9
25
3
-28
-9
-12
-17
-25
-32
37
12
34
-18
-6
28
0
10
-54
1
13
-3
15
-13
1
8
18
55
-4
-27
-36
-26
22
-40
-9
-5
49
76
-20
-27
-37
63
13
-31
-33
-24
48
-5
-20
-33
17
52
-8
-31
-27
21
51
0
-16
-18
25
35
-15
-52
-72
13
33
20
-39
0
90
73
-8
-91
-34
21
25
-49
-68
20
86
55
-35
-64
-1
44
28
-5
-10
4
-20
-13
-17
10
10
18
8
2
0
-33
-3
-19
4
10
8
-5
0
5
-5
12
-2
-1
2
26
-1
2
-37
-16
9
-9
27
-16
22
-11
10
29
-8
12
-26
22
-18
-30
-13
-30
12
-3
30
21
-2
12
1
26
-1
-35
-36
-21
31
6
-3
-3
3
35
9
-3
-28
18
31
-10
-16
-37
-6
2
4
-13
-22
19
20
33
0
-10
18
17
11
-27
-16
1
-5
-26
-41
-3
19
16
-10
9
54
23
-12
-13
-1
-4
-7
-10
-9
-15
-5
6
-3
14
32
26
-7
-19
6
3
-32
-42
-10
16
25
15
0
3
26
15
-14
-22
1
-3
-4
5
-23
-14
19
13
-19
21
21
3
17
-21
-26
-34
-8
-17
-10
29
44
78
-6
-48
-31
1
30
-49
-35
18
55
52
-35
-6
-7
-7
-14
-56
37
30
13
-3
-16
33
-12
4
-35
-21
3
-35
18
-4
6
32
20
17
15
25
-8
-31
-20
-47
4
14
-36
-4
13
26
16
26
-1
-7
39
-4
-9
-19
-35
-12
22
1
-22
24
24
4
2
-9
-23
7
-13
-14
15
11
-21
2
26
-17
15
2
-7
9
12
0
-35
-14
-15
-5
-4
-1
32
32
31
17
-16
-16
-8
2
-23
-32
9
-8
8
-4
12
45
16
17
-28
-11
2
0
-8
-23
-4
3
12
-30
-31
-5
38
49
2
-10
11
33
-6
-37
-60
17
36
-14
-19
-33
39
20
1
-12
20
53
-9
-1
-26
-7
-8
-30
-2
-10
14
0
1
23
1
12
2
12
-14
-47
-6
18
17
-32
-12
33
15
-36
-58
12
57
41
-24
-39
47
59
-34
-75
-4
42
27
-16
-22
34
55
3
-43
-21
24
34
9
-16
17
33
-23
-26
7
-21
-29
-10
-10
-2
5
-4
-19
29
-1
-6
0
-9
23
15
-6
-50
-2
5
-63
-32
-34
-8
26
19
24
28
56
40
34
-14
-52
-14
3
2
-47
-21
67
75
19
-26
-10
51
61
-36
-37
11
30
17
-30
-45
-11
18
-41
-16
3
-22
1
-7
17
7
4
-14
2
31
-42
-25
-24
-26
2
-7
1
2
50
7
-15
5
-13
54
13
-21
12
14
-2
-44
6
16
27
13
-26
33
-1
-28
-41
-18
42
40
7
-43
5
42
-4
-34
-36
33
40
-27
-50
-11
38
-3
-35
-27
39
75
0
-47
-37
32
39
3
-30
-40
3
-22
-24
-2
18
51
20
-13
-12
5
10
16
7
-7
10
-25
-43
-24
18
50
13
-24
-6
27
13
-11
-24
0
38
23
-5
-12
3
5
-36
-30
10
42
13
-46
-17
21
29
-4
-34
9
46
5
-44
-26
3
20
0
-27
-4
9
11
1
-17
14
19
-16
-23
-3
24
5
-12
2
21
9
-15
1
3
-12
-4
11
8
7
-19
-19
20
18
-3
-7
-11
-4
17
-15
-17
9
2
0
1
-4
-8
15
3
-12
16
2
-6
-13
-19
-3
10
23
-12
10
16
-9
-3
-19
-17
7
49
2
-3
25
-14
-5
-15
-20
-38
36
61
-11
25
-7
-6
16
-3
-38
-24
33
-13
1
-14
-45
21
45
9
-47
10
22
-16
6
-23
-34
14
36
-15
-1
2
-28
23
12
-11
13
0
-30
2
41
7
-20
-20
12
32
14
-18
-49
31
68
-20
-63
-16
43
19
-44
-73
15
107
45
-37
-51
42
80
-19
-90
-74
21
52
11
-40
-37
31
27
-6
-27
0
41
40
16
-20
5
1
-35
-54
-46
18
36
15
-16
2
30
32
29
-41
-20
36
30
-19
-54
0
8
-8
-31
8
36
-16
-2
-6
-18
2
33
15
1
48
9
-30
-25
-15
-19
-30
-6
30
52
-4
-28
18
13
-17
-18
0
0
-1
-2
0
18
10
-7
-5
-3
4
-12
-19
12
23
12
9
10
-24
2
29
-34
-29
18
11
-30
-9
6
-19
9
22
13
-21
-11
38
38
-10
-35
29
18
-22
-26
-20
13
15
-8
-40
-12
18
18
8
-21
13
38
9
-14
-14
4
12
9
-11
-24
-13
10
19
-8
-19
2
17
5
-21
-18
17
33
4
-19
-14
6
25
-7
-23
4
16
2
-19
0
18
13
-2
-22
0
9
0
-15
-23
13
13
0
-18
-16
26
18
-10
-17
11
15
-3
1
-17
13
33
-16
-22
4
19
1
-8
-19
-1
31
-18
-32
4
21
17
-6
-25
-18
19
16
-6
-7
-6
15
19
4
-21
-24
7
23
8
-15
-9
9
13
-3
-28
-6
29
23
-10
-29
-4
21
10
-14
-8
17
16
-13
-26
8
27
-3
-34
-9
28
19
-14
-31
-1
40
30
-19
-43
-14
33
23
-25
-31
8
47
11
-28
-18
0
9
-2
-6
-8
3
18
-3
-15
-2
18
30
1
-37
-17
25
10
-32
-25
15
37
15
-26
-12
38
33
-20
-48
-15
36
20
-39
-43
10
28
-6
-25
-5
30
39
16
-5
-4
15
9
-6
-26
-25
-6
3
3
-23
-22
-2
21
42
20
4
3
8
2
-7
-9
-20
-23
-24
-24
-6
13
13
4
10
11
33
37
14
2
0
2
-30
-45
-46
-18
23
-2
-29
-21
29
53
18
-18
-4
57
54
-15
-46
-3
25
0
-49
-58
11
36
-13
-41
5
49
7
-33
-7
57
26
-26
-19
1
26
18
-37
-58
20
51
-9
-44
-5
46
13
-43
-26
34
43
-5
-44
-10
53
25
-43
-38
35
50
-12
-52
-37
37
45
-15
-52
-16
54
32
-25
-44
-11
33
33
-11
-42
-30
16
52
24
-43
-51
34
78
1
-72
-26
61
36
-39
-36
16
39
0
-35
-14
27
16
-24
-12
9
13
12
-13
-22
7
29
9
-28
-31
8
23
-12
-45
-11
36
18
-27
-29
3
31
28
7
-10
-8
23
27
-26
-65
-19
45
36
-26
-63
-16
56
48
-20
-38
22
77
32
-58
-66
13
56
9
-38
-26
25
39
-12
-41
2
53
30
-29
-42
-1
28
-15
-50
-19
50
51
-35
-66
-11
55
29
-28
-33
3
53
22
-47
-56
16
71
20
-33
-28
21
38
-19
-40
-2
36
10
-30
-15
25
30
-21
-26
23
47
15
-31
-32
0
32
0
-47
-44
15
46
-6
-55
-40
35
69
9
-42
0
59
25
-41
-42
8
29
-9
-30
8
27
-4
-40
-18
32
28
-3
-19
14
34
5
-26
-28
9
23
11
-18
-25
-3
6
6
-13
-2
30
38
6
-40
-13
29
9
-44
-40
24
45
-12
-72
-31
54
49
-26
-47
22
77
45
-39
-55
13
47
0
-65
-44
20
43
12
-18
-1
32
31
-1
-25
-15
3
-3
-33
-38
1
33
6
-23
0
54
53
-14
-54
-16
38
18
-46
-63
7
66
24
-41
-32
38
63
-6
-73
-35
52
49
-39
-67
4
64
20
-38
-23
29
43
-3
-42
-25
40
57
-8
-44
-5
43
4
-43
-31
5
12
-7
-14
-15
-2
5
-2
-2
20
48
27
-6
-11
2
-8
-27
-24
-5
4
-9
-2
-2
13
22
12
4
-15
3
13
0
-14
-25
1
19
11
-17
-23
-1
19
23
0
-21
2
38
21
-16
-32
0
31
-8
-34
-32
-12
7
-12
-12
12
47
47
14
11
13
0
-30
-49
-34
-20
-14
-12
17
38
33
12
-1
30
41
1
-31
-41
-17
-3
-23
-41
-18
33
60
38
-12
-23
15
31
7
-44
-33
19
21
-17
-54
-11
37
26
-7
-21
11
25
0
-16
-1
23
3
-26
-13
3
8
-17
-18
19
24
5
-23
-4
31
14
-4
-10
3
14
-12
-19
-6
5
4
-19
-13
3
16
18
0
-8
2
22
20
-7
-29
-10
26
27
-13
-48
-20
19
17
-20
-40
-1
38
36
0
-20
0
17
4
-11
-14
3
25
13
-8
-31
-35
-14
4
18
20
26
27
7
-13
-23
-10
4
0
0
0
6
-2
-19
-12
6
26
21
1
-14
-24
-25
-25
-7
18
28
27
11
4
14
5
-7
-22
-19
4
4
-19
-43
-25
24
50
31
-10
-8
18
17
-9
-39
-8
31
30
-11
-46
-27
0
24
14
11
12
1
0
-16
-15
-16
-4
15
21
13
-21
-27
-24
0
24
24
24
5
3
6
1
-18
-38
-16
17
35
-1
-38
-23
15
29
0
-26
-9
31
37
5
-25
-14
13
15
-4
-23
-12
8
7
-6
-16
-7
12
10
-1
-7
0
5
-9
-1
11
14
0
-24
-10
7
7
0
-6
6
13
3
-3
-11
3
14
8
12
0
0
-4
-9
-9
-19
0
8
16
0
-16
5
21
16
-17
-30
-2
24
13
-34
-35
11
35
10
-44
-33
20
42
10
-34
-24
1
17
16
1
-5
-13
5
31
15
-15
-27
3
23
4
-11
-11
-1
3
9
27
29
6
-16
-19
4
14
-2
-29
-28
7
38
29
-10
-31
-25
1
12
-15
-36
-25
14
33
-5
-35
-8
43
51
2
-30
-4
23
-3
-39
-38
0
27
9
3
21
31
15
-10
-10
4
-2
-25
-18
7
5
-2
5
16
7
0
11
10
-6
-22
-13
3
-3
-7
3
14
2
-12
-18
-13
-7
-14
-14
7
20
9
1
14
21
5
-23
-24
1
1
-14
-14
2
15
16
13
12
13
9
2
1
-9
-22
-9
7
5
-6
-4
18
20
-8
-13
15
32
-4
-35
-12
16
10
-29
-37
7
32
0
-25
-2
21
7
-30
-22
25
28
-21
-36
7
38
12
-25
-12
31
34
-3
-17
7
17
-4
-21
-8
13
6
-18
-18
6
13
-6
-17
1
18
6
-9
0
10
0
-12
-2
10
-5
-29
-14
15
11
-13
-17
14
33
13
-4
-5
8
9
-11
-22
-15
10
4
-7
-6
1
16
15
7
0
-1
5
8
0
-11
-10
-1
1
-7
-12
2
10
1
-8
0
13
10
-8
-10
2
10
1
-15
-14
5
12
-15
-20
5
15
0
-10
0
12
15
1
-9
4
27
6
-15
8
24
-6
-21
2
2
-17
-12
4
0
-13
-3
10
1
-9
-7
4
1
-9
-6
0
0
-6
-5
5
10
7
7
16
12
0
6
12
-2
-8
0
3
-4
-1
3
-3
-13
-5
9
4
-13
-12
0
-1
-7
-7
-8
-7
2
10
-3
-1
14
7
-1
8
7
-4
-4
5
4
-5
0
2
-1
2
2
0
-3
1
1
-8
0
7
-6
-7
6
3
-5
2
7
-4
-1
4
1
-4
-1
1
-4
-9
0
6
1
-1
0
6
3
-2
-2
0
2
-3
-1
2
0
1
3
0
0
1
0
1
-2
-5
0
1
-1
-2
1
0
-3
0
3
0
-4
0
1
0
0
-3
-2
2
2
2
0
0
0
0
2
0
0
1
3
0
-2
2
0
0
-1
0
0
0
0
2
0
-2
-2
2
2
0
-2
0
0
-1
-2
-2
-2
-3
-3
-1
0
1
4
5
3
0
2
3
-3
-3
-1
-1
-2
0
0
2
2
2
2
1
0
0
0
-1
0
0
0
-1
-3
-2
0
3
0
0
1
0
-1
2
1
-3
-1
-3
-2
0
1
0
0
0
0
0
0
0
0
0
0
-2
-1
0
2
1
3
2
1
1
3
1
0
-2
-2
-1
-2
0
-1
0
3
0
0
0
0
-1
-1
-1
-1
0
-2
1
0
-1
1
0
0
0
0
-1
-2
0
0
2
-1
-2
1
1
1
1
0
3
1
0
1
2
1
0
-1
0
1
0
-2
-2
0
1
1
0
-2
0
1
0
0
-1
-3
-1
2
0
0
-1
0
1
0
0
-1
-1
0
0
0
-1
-1
2
2
0
-1
-1
0
0
2
0
1
0
-1
0
1
1
1
-1
1
0
0
1
-2
0
0
-1
-1
-1
-3
0
1
0
0
-1
-1
1
2
0
0
0
-1
0
-1
0
0
0
2
1
0
-1
0
0
2
1
-1
0
1
0
0
1
0
-2
1
0
-1
-2
-3
0
2
1
0
-2
-2
1
3
2
-3
-5
-2
1
2
1
-1
-1
2
4
2
0
0
-1
2
3
0
0
-1
0
0
-1
0
0
0
-1
-1
0
0
0
-2
-2
3
1
1
-3
-2
0
1
2
1
0
-2
0
2
0
-1
-2
-1
1
2
0
-2
0
1
1
1
-1
0
1
0
0
-1
0
0
1
0
0
0
-2
0
0
0
-2
-1
1
1
0
-2
0
1
0
0
0
0
0
0
-1
0
0
1
0
0
-1
0
2
0
0
0
-1
2
0
-1
0
-1
0
1
-2
-2
-2
0
0
0
-2
0
0
1
0
-1
0
0
2
0
1
0
0
1
0
0
1
0
0
1
0
1
0
0
1
-1
0
0
1
-2
-2
0
-1
0
0
0
0
0
0
-2
0
1
0
-2
0
0
0
0
1
2
0
0
0
-1
0
1
0
-1
2
2
0
1
2
0
-1
0
-1
0
0
-1
0
1
0
-1
0
0
0
0
0
1
1
-2
-1
1
1
0
-1
0
1
0
0
2
2
0
-1
0
0
0
-2
0
-1
1
0
0
1
0
1
-2
0
0
-2
0
0
0
-1
-1
-1
-1
-1
-2
0
0
0
-1
-1
0
-1
0
0
0
0
0
0
1
1
1
4
1
-1
0
2
2
0
0
2
0
-1
3
0
0
0
0
0
0
0
-1
2
0
-1
0
0
0
-1
0
2
1
-1
-1
0
1
-1
-2
0
-1
-1
0
0
-1
0
1
1
1
0
-1
-2
0
0
-2
3
4
0
-1
-1
-1
-3
0
-2
-1
4
0
0
0
1
0
-4
2
6
-8
-11
8
8
-10
-12
11
19
-8
-11
20
15
-19
-6
21
4
-15
2
14
-7
-13
10
3
-18
0
6
-19
-7
22
-4
-26
8
18
-8
-15
-3
17
2
-29
-4
11
3
5
-5
-20
21
36
-30
-21
24
9
0
-11
-26
25
50
-21
-30
5
23
41
-19
-73
31
96
-43
-92
49
56
-49
-5
-17
-3
46
6
-36
-38
40
57
-80
-40
98
5
-126
45
104
-117
-5
123
-145
-17
193
-53
-214
88
240
-182
-179
202
115
-201
-68
249
11
-290
89
319
-191
-258
285
137
-258
0
146
-53
14
49
-163
-45
318
-17
-434
107
430
-158
-475
251
392
-370
-210
288
51
-115
-9
-67
0
245
-81
-337
194
338
-279
-275
312
228
-301
-197
384
82
-299
29
127
-17
24
-61
-80
138
82
-210
-30
191
30
-113
-31
-8
199
17
-326
90
261
-79
-237
12
287
-20
-336
41
358
-98
-353
123
312
-122
-334
166
228
-184
-113
84
84
-72
-6
124
-223
130
345
-454
-108
343
141
-420
-153
576
-110
-418
193
329
-139
-239
76
267
-79
-109
24
-176
289
-26
-332
73
276
146
-498
31
540
-186
-373
114
327
-172
-345
333
124
-267
106
-19
-50
89
83
-245
-130
413
-11
-322
80
154
-68
69
-75
-55
238
-215
-145
330
-36
-84
-190
76
298
26
-274
-84
258
118
-337
74
191
-167
-60
29
133
-2
-254
214
42
-143
78
89
-307
100
276
-226
-54
12
223
-26
-392
384
139
-492
99
431
-374
-193
496
-185
-281
351
3
-324
284
192
-417
147
224
-254
82
-29
-153
259
-115
-180
171
242
-340
-53
345
-71
-110
-58
171
-32
-131
-39
88
58
-167
170
-71
-183
259
151
-328
-3
154
67
-69
-134
-12
226
-43
-317
321
26
-213
61
83
-91
126
80
-273
123
217
-317
31
189
-104
-247
332
69
-423
148
284
-154
-225
224
81
-4
-16
-180
-120
421
-95
-320
176
178
-264
-226
493
1
-231
67
201
-268
-95
321
-15
-376
419
15
-383
61
423
-389
-379
733
64
-563
57
463
-250
-218
370
35
-351
303
7
-324
25
198
-218
-215
463
-14
-280
85
512
-189
-365
192
181
-242
-33
-107
289
-237
-200
257
122
132
-112
-79
-363
515
164
-568
32
256
21
-54
-261
231
275
-240
20
125
-307
133
16
-231
242
243
-274
-372
568
80
-557
354
77
-119
-160
60
81
-63
109
22
4
-144
242
56
-302
-50
170
45
-461
272
447
-383
-67
219
-267
120
106
-296
194
-110
44
305
-277
80
149
25
-178
-190
109
-151
169
132
-289
-86
352
404
-518
-255
756
-342
-261
191
-210
383
-71
-503
496
62
-362
126
-2
-126
215
47
-135
124
-47
69
103
-409
239
-105
-81
-29
354
-382
-151
860
-273
-646
355
468
-210
-311
207
-75
-5
-40
108
-277
-263
702
-350
-130
317
-143
224
210
-293
-363
656
-66
-494
-163
211
353
-540
23
647
-260
-60
-124
74
-17
460
-489
-427
866
24
-577
-119
540
-73
-383
12
270
32
-261
180
183
-173
188
-662
268
947
-625
-627
497
476
-477
-356
45
562
-140
-345
110
30
463
-30
-705
104
822
4
-1401
218
1531
-707
-1136
790
1112
-1278
-46
821
-843
577
148
-1063
577
926
-869
-911
1374
323
-936
59
135
479
-582
-528
946
92
-1099
609
830
-1207
456
850
-1160
223
1004
-662
-704
935
-551
-473
742
-942
769
356
-735
829
41
-1011
356
951
-692
-505
361
-114
-245
-211
-157
856
593
-532
-511
1577
-802
-845
687
-279
701
-390
-1395
963
9
96
351
-500
546
16
-330
134
-429
1001
-613
-944
1148
-262
-230
-183
-482
1240
-510
-600
1259
-55
-28
-220
-85
97
-426
0
-762
-23
1271
-363
-577
1258
299
-1037
-843
395
438
197
-369
345
589
670
-139
-1034
999
203
-1319
-692
-917
486
277
-198
-169
805
1315
326
-1092
384
1245
-1219
-1681
30
685
-530
-764
622
1356
341
-477
163
20
1088
-405
-1919
682
1021
-906
-1379
751
1239
-511
-605
556
927
233
-972
-867
914
928
-1446
-644
1282
661
-659
-1218
751
1042
-853
-890
797
969
-1205
-1039
932
899
-208
-917
75
825
522
-637
-460
895
-105
-832
-338
738
613
-1291
-349
1693
657
-1238
-15
1035
-90
-460
-925
-243
447
168
-389
-618
811
1080
-906
-713
861
481
-1176
-665
872
809
-526
-379
640
110
-350
-415
-321
722
709
-807
-300
793
198
-431
168
570
70
-474
-671
61
661
-763
-730
837
863
475
-341
-670
305
380
-709
-1130
-318
755
527
93
-40
211
420
-197
-158
-161
-320
247
-502
-683
333
274
26
-10
242
538
443
-136
-948
-438
328
192
-266
-667
439
953
200
728
436
-479
-168
78
-333
-782
-793
-541
89
775
37
-188
477
466
130
-998
-928
-97
-241
315
890
538
530
905
912
618
829
124
-747
-708
-597
-390
-749
-1065
-693
-395
-265
-436
-1377
-1161
-120
-59
-454
-720
781
3048
2186
227
6
949
1631
687
322
1585
2153
1924
990
-1688
-3438
-3636
-3685
-3700
-2748
-450
568
815
1085
44
-632
-635
-357
1196
2719
2568
1713
1350
1768
1522
871
2724
5492
2711
-2699
-4546
-4064
-3559
-3902
-3280
-1062
1840
2780
88
-1934
-1129
-940
-2319
-2558
-1122
1598
2007
1526
3690
4734
4037
2766
1980
1728
3798
4699
-3893
-9482
-5801
-2651
-2332
-1895
584
2705
3357
2605
-3107
-6726
-3973
-1901
-1699
-2231
365
3748
2922
4580
6103
3185
2085
2874
1729
4356
4103
-6311
-12213
-5671
-889
-2077
-68
3053
4075
4857
2579
-3168
-7523
-7159
-3406
-1124
-1265
2258
4240
3172
4834
4981
1924
788
1711
346
1622
8331
2897
-11066
-11274
-3110
-1133
108
2402
1946
3913
5980
1373
-6687
-8070
-5727
-3445
-2204
-653
4989
6507
2879
2450
4454
3815
2354
-64
-3317
3626
11623
-1348
-14734
-11430
-2542
1656
3607
2018
-154
3991
7225
-743
-8714
-7464
-5166
-3038
-1814
569
5206
3955
2152
4011
4178
3489
2229
-231
-2053
5690
9211
-5895
-14774
-7446
-481
2046
4214
2055
588
3384
3405
-2681
-7345
-7220
-5187
-2847
-1483
2133
6095
3661
2310
4761
4335
2008
972
-718
-1148
7012
7750
-8146
-14159
-5443
-1299
2162
5335
-56
-714
4180
2998
-2763
-6779
-7216
-3780
-93
-821
758
4583
3138
3716
6175
3197
529
1937
-1485
-2696
9488
7898
-9830
-12550
-6734
-2485
5105
5270
-1213
345
2988
2285
-2032
-7480
-6417
-2057
-871
-1222
2592
3216
496
4157
5818
2223
2134
1781
-3108
-1066
9282
4051
-8579
-9887
-7224
-449
7731
4398
-1278
67
687
1346
-1671
-8834
-7597
73
2700
344
2135
1179
-2106
4542
6954
1854
1208
181
-3535
901
11406
3381
-11186
-9619
-4732
1757
7867
2460
-2118
-89
1467
1911
-3607
-8966
-6769
-216
3643
1981
911
-2075
-1590
5403
5854
2683
1829
-1109
-2453
3341
9126
630
-8706
-7822
-4100
3455
7962
310
-2039
1348
1988
479
-5496
-9121
-5361
476
2398
1921
2340
-1431
-1971
4938
4087
752
2359
-626
-2181
5243
7959
-2074
-7338
-6403
-4551
4949
6821
-1060
394
-381
-128
1699
-4874
-7543
-4685
-869
1939
2118
2834
-516
-775
3893
1911
1661
2099
-2198
42
7655
5513
-4889
-7445
-5057
-455
5713
3106
-619
1035
669
1513
-1986
-8131
-6913
-3245
1671
4083
1811
-580
-3056
1432
6492
2848
-455
-1812
-1932
5074
9921
241
-7860
-7591
-4324
5180
7260
887
-193
-1309
-812
2467
-2912
-7634
-5167
-3435
1019
4054
1874
-500
-1307
2363
3434
1872
910
-1544
-41
5141
5635
-878
-5143
-6155
-2439
4675
5247
2482
20
-2412
-1097
-1081
-4371
-5135
-3593
-753
2501
2417
1261
-1145
-266
4132
2320
626
-1184
-2472
2235
6774
4459
-3413
-7777
-5767
1781
7571
5179
908
-3012
-3302
1028
-589
-5190
-5945
-3533
1033
2969
2352
-527
-1643
2918
3902
1642
-128
-1938
-369
4336
5598
-170
-5235
-6175
-2412
4055
5192
3007
160
-2220
-1217
-842
-3248
-4855
-3807
-536
1582
2355
1203
-848
1616
2431
1039
1100
-1091
253
3399
4301
2135
-3125
-5217
-3643
1344
3993
2849
1807
-1143
-1499
-689
-2819
-4411
-4405
-2290
779
1983
2199
-239
-764
1142
839
2295
979
-88
1990
2571
2921
-435
-3760
-3946
-1033
3277
3486
2195
231
-1188
-782
-2053
-3873
-4052
-2679
-305
697
1227
765
174
1463
957
666
596
-257
1168
2752
3319
1153
-2043
-3626
-2191
1846
3200
2145
374
-1253
-1068
-1380
-3102
-3865
-2970
-683
879
666
826
-122
641
1544
438
864
-278
205
2216
2913
2664
-640
-2605
-2099
181
2470
2105
1260
255
-714
-1498
-2897
-3506
-2834
-1608
-148
-383
16
618
974
1769
406
120
-235
388
2328
2709
2973
472
-1861
-2062
-595
1204
1137
1277
613
25
-1019
-2876
-3464
-2800
-1253
-351
-303
-475
56
918
1527
853
-78
-120
655
2070
2179
2446
1083
-669
-1524
-1401
663
1225
1973
1530
-83
-1506
-3164
-3149
-2106
-709
-98
-282
-971
-289
613
1203
963
-413
63
473
1441
2179
2084
1205
-865
-1700
-1282
766
1747
1640
1365
-10
-1122
-2254
-2768
-2225
-1465
-580
112
-257
107
636
719
729
-380
211
616
1043
1667
1592
1636
49
-1205
-1775
-527
1161
1682
1805
586
-714
-1671
-2286
-2303
-1537
-868
-313
-372
-511
-3
364
872
401
217
586
929
1604
1835
1723
754
-732
-1540
-894
633
1524
1377
518
-681
-1425
-1920
-2196
-1613
-1046
-529
-407
-503
54
448
786
498
105
332
814
1540
1769
1890
1079
-122
-850
-1002
243
891
979
683
-401
-944
-1632
-2263
-1768
-1226
-562
-344
-869
-333
285
703
716
68
313
782
1220
1692
1828
1368
386
-641
-1050
-137
766
1198
920
-275
-1012
-1485
-1576
-1281
-1194
-857
-603
-517
62
402
479
321
-192
13
550
1276
1888
1955
1372
152
-514
-780
-239
595
748
714
-36
-833
-1196
-1681
-1553
-1366
-1022
-528
-535
-112
106
211
308
-59
28
618
1206
1713
1785
1439
514
-481
-527
-225
473
694
338
-60
-792
-1105
-1406
-1341
-966
-808
-541
-477
-221
228
239
15
-131
235
992
1293
1385
1586
1344
589
-407
-933
-417
287
836
708
-98
-846
-1495
-1453
-1090
-651
-424
-715
-735
-281
341
350
-79
-445
-22
868
1441
1592
1245
1274
647
-278
-683
-775
253
779
776
258
-863
-1112
-1290
-1221
-964
-761
-418
-295
-284
24
-2
-352
-216
-9
782
1235
1333
1411
1261
940
69
-495
-658
73
741
647
183
-685
-1209
-1158
-1163
-1155
-927
-673
-211
28
198
-23
-479
-371
71
752
1213
1214
1222
1221
1061
536
-278
-629
-265
375
675
334
-429
-897
-1008
-935
-995
-1138
-810
-495
-77
140
-207
-574
-631
-101
744
1232
1284
1316
1171
1050
966
104
-463
-526
-83
397
283
13
-604
-796
-913
-947
-813
-605
-181
23
181
-473
-821
-641
-90
823
1033
1115
1068
1141
1157
714
67
-577
-679
-350
-1
113
79
-264
-677
-888
-912
-705
-555
-154
219
203
-237
-746
-719
-82
704
1270
1265
1016
835
621
538
213
-35
-199
-341
-160
-27
11
-193
-434
-617
-727
-739
-881
-679
-208
164
-168
-857
-910
-297
943
1550
1426
1046
552
695
802
761
435
-187
-280
-254
-184
-90
-331
-429
-612
-799
-723
-991
-875
-544
-140
272
-273
-784
-792
-104
936
1226
1182
834
641
840
912
842
583
173
-19
-60
-100
56
-121
-334
-655
-988
-1089
-1035
-627
-445
-327
-38
-81
-362
-456
-169
586
971
936
682
628
1028
1071
799
407
232
332
313
26
-206
-290
-175
-103
-639
-1132
-1341
-1166
-752
-549
-348
-423
-67
100
-245
-160
-47
543
846
732
917
987
823
616
411
426
498
-21
-262
-306
-30
109
-354
-442
-545
-541
-756
-1070
-839
-474
-78
69
-167
-534
-563
-184
353
599
469
503
643
724
870
827
451
373
161
3
24
-206
0
-211
-337
-259
-510
-396
-699
-755
-419
-372
-144
-102
17
279
-120
-364
-273
108
691
516
290
564
693
654
283
177
320
171
130
83
-100
-88
-261
-491
-238
-23
-118
-707
-831
-323
27
77
-72
-66
14
-57
-151
13
32
399
742
455
264
-89
18
274
179
172
108
72
-89
-223
-324
-122
254
-145
-435
-383
-375
-148
-124
-90
151
235
153
-69
-74
118
327
271
-93
-96
271
174
-151
-177
-156
187
321
-144
-374
-291
-70
180
91
3
-123
-109
-162
233
541
-70
-334
-472
-237
435
178
-38
74
160
451
58
-598
-194
-15
465
334
-340
-293
-670
-193
551
171
150
-52
-258
274
225
30
40
-273
-23
282
18
46
-280
-397
84
232
344
33
-485
238
817
180
-518
-1202
-846
542
1155
541
-312
-599
-290
165
509
446
-193
-398
-177
63
15
-48
124
-22
107
337
260
-327
-608
-130
-4
161
133
-241
-133
-81
277
685
507
-105
-595
-976
2
616
646
268
-686
-640
34
523
418
-192
-241
325
484
78
-590
-1208
-420
809
824
221
-342
-751
-342
375
824
419
-615
-599
225
651
504
-268
-744
-313
388
503
-366
-212
253
-98
196
64
-242
-181
-193
147
331
85
7
-448
-617
155
35
228
397
337
608
-390
-603
-640
-306
945
687
162
-365
-821
57
223
183
864
160
-682
-1096
-556
676
919
29
-428
-341
639
824
60
-656
-865
39
324
-142
-325
139
608
-12
-295
-377
-4
385
234
-61
-317
231
289
-923
-878
575
1893
887
-1004
-1653
-277
1155
804
-117
-445
-272
119
-106
-271
6
562
600
19
-1191
-659
695
551
-367
-774
72
1012
302
-1206
-1079
888
1739
373
-1416
-1600
655
1977
525
-1149
-1293
165
1097
453
-635
-527
246
433
8
-77
-1
-72
36
-202
-2
217
-532
-260
16
620
1124
-354
-910
-166
210
238
139
-201
81
221
-192
-698
-634
462
796
558
-123
-900
-498
34
603
715
-65
-532
-752
-455
893
1242
-71
-780
-678
379
965
139
-549
-631
416
464
140
-475
-475
535
319
-357
-407
-135
522
309
-775
-745
182
1216
861
-872
-1162
296
1049
704
-591
-913
-334
315
491
-24
-225
-63
215
68
0
-199
-420
339
117
247
224
-602
-660
8
494
484
-259
-212
-276
293
880
-75
-267
-326
-580
806
803
-35
-681
-980
162
734
288
242
-520
-682
-144
-42
950
517
-71
-476
-1075
125
981
187
-611
-830
354
923
186
-329
-397
-117
893
301
-622
-682
24
839
-19
-328
24
-171
970
-158
-1235
19
320
336
63
-432
319
-133
-420
202
746
841
-523
-1035
-965
-48
1250
548
-552
143
77
-384
-545
236
1157
237
-577
-608
-86
867
-36
-804
-469
467
1250
42
-1045
-231
98
920
335
-884
-881
-654
482
1042
-111
223
278
-570
-615
-23
680
44
-456
371
265
-112
67
-144
-450
779
930
-884
-1546
-103
1040
1195
289
-589
-479
-837
-683
893
599
13
310
-665
-586
572
-89
-162
504
11
-36
108
-107
7
-103
228
233
-245
-468
-192
71
-63
599
392
-203
146
201
-751
-784
388
549
-19
82
-292
-373
-142
650
1373
307
-1251
-1146
-668
186
1343
587
-637
-96
-67
-88
-45
83
673
664
-701
-1282
-684
78
1109
1306
413
-595
-1279
-731
601
1120
574
-202
-626
-896
-503
302
580
655
54
-391
70
-92
-292
-30
161
289
129
-849
-500
404
653
557
139
-275
-354
-255
-574
-200
297
276
962
755
-832
-749
-375
-316
1003
996
-169
-204
-446
-827
128
418
-244
381
291
-383
172
-481
-856
631
251
-323
53
-24
26
354
-184
-156
527
467
-89
227
353
132
172
-726
-688
306
531
487
-114
-502
-368
-562
-757
-256
564
624
-157
-668
-784
-132
804
374
-285
-230
314
805
306
-215
104
462
539
384
60
-311
179
814
549
-5
-414
-658
-475
-268
-537
-614
-737
-750
-258
-78
147
-1
-720
-445
111
514
861
689
504
392
23
-185
559
1258
1141
933
361
-342
242
998
240
-547
-889
-1263
-387
-103
-1253
-1300
-991
-675
-121
-725
-1469
-720
-100
-32
78
301
1133
1562
562
-34
55
664
1491
1609
1174
803
439
388
657
749
265
-507
-1262
-1783
-1631
-1519
-1657
-1540
-1166
-919
-855
-1071
-1240
-756
96
310
118
433
1157
1502
1461
950
394
876
1748
2029
2231
2121
1400
903
865
629
-243
-1469
-2338
-2152
-1059
-391
-720
-1353
-2046
-2142
-1889
-1841
-1558
-962
-461
161
495
579
803
1559
1927
1508
1146
1105
1436
2104
2025
1994
1998
1221
885
695
-653
-1881
-2676
-2655
-1317
-23
-42
-840
-1758
-2430
-2425
-2145
-1856
-1223
-356
173
359
427
407
693
1194
1598
2008
1935
1630
1570
1928
2142
2111
1766
1312
1473
903
-763
-2103
-2994
-2670
-1223
-165
-229
-469
-1231
-2135
-2159
-1814
-1604
-961
-535
-525
231
1093
1041
930
650
377
1060
1858
2241
2277
1540
719
613
1237
2002
2380
2580
2287
292
-2623
-4711
-5162
-3570
-1297
-329
-415
-1054
-2167
-2375
-1589
-444
271
335
-56
-445
-719
-442
457
1178
1210
1009
907
1389
2206
2717
2686
1868
768
330
708
1540
2073
2377
1500
-1289
-3602
-4780
-4444
-2029
-145
49
-364
-1660
-2566
-1721
-587
239
727
415
297
919
1116
641
-128
-881
-571
481
1223
1675
1395
666
706
921
1234
1534
1508
1536
1752
1480
1424
1480
-522
-3585
-5185
-4957
-2641
-51
590
61
-590
-983
-574
127
197
53
-80
-241
210
960
770
240
-533
-1264
-314
1364
2241
2480
1259
-240
-50
778
1199
1256
1020
906
1226
1600
2113
2060
-883
-4403
-5849
-5311
-2420
267
745
529
-347
-1061
-479
363
799
735
192
-373
-259
497
571
220
-438
-1340
-736
732
1911
2506
1518
141
-158
377
1088
1186
882
1006
1318
1382
1241
1770
1109
-1938
-4673
-5879
-4677
-1570
372
950
928
-172
-662
-399
-169
161
221
-120
-205
312
942
1082
912
-290
-1436
-1005
235
1659
2445
1534
41
-497
-113
760
1552
1729
1709
1466
1100
838
1222
1144
-1159
-3744
-5456
-5314
-2682
17
1422
1742
531
-990
-1379
-1160
-252
736
649
252
105
376
678
803
319
-877
-1514
-750
894
2381
2608
1531
-164
-1187
-1136
167
1791
2361
2167
1454
633
250
577
665
-1132
-3544
-5061
-5047
-2738
364
2251
2400
898
-1097
-1823
-1344
-348
560
813
467
543
963
1223
1226
236
-1109
-1564
-1033
535
2186
2272
1207
-183
-1014
-642
691
1883
2049
1188
220
-27
419
901
1673
810
-2231
-4668
-5496
-4139
-678
2026
2534
1471
-782
-2229
-1650
-409
501
815
338
-42
791
1589
1525
592
-1077
-2023
-1383
315
2225
2602
1291
-434
-1456
-1155
362
1973
2585
1790
347
-265
167
673
1308
1904
-87
-3176
-5040
-5160
-2507
820
1984
1772
430
-1349
-1793
-1181
-342
427
638
409
438
1304
1809
1509
376
-1362
-1929
-1129
494
2480
2718
997
-713
-1710
-1461
349
1851
2348
1699
210
-311
222
589
1315
1960
-33
-2981
-4845
-5223
-2729
713
1746
1413
467
-1185
-1597
-752
-24
601
715
131
166
1096
1457
1019
325
-1100
-1804
-823
678
2061
2212
1123
-198
-1223
-1241
147
1493
2221
1961
498
-288
161
323
667
1364
16
-2629
-4341
-5008
-3263
85
1728
1801
704
-1119
-1589
-713
6
653
766
103
-148
772
1678
1139
201
-817
-1636
-664
1023
2022
2186
1151
-520
-1254
-829
267
1595
1923
1052
248
407
886
1086
950
1149
454
-1976
-4283
-5188
-3792
-667
1295
1539
865
-473
-1195
-566
193
287
37
-103
37
1184
2268
1759
522
-834
-1795
-1169
568
2005
2543
1853
11
-1281
-1148
-209
1268
1987
1435
627
210
239
462
262
613
932
-844
-3318
-4801
-4433
-1710
671
968
407
-530
-1360
-805
147
377
335
166
53
538
1410
1617
909
-119
-1338
-1557
-286
1192
2179
1977
519
-852
-1164
-623
912
2211
1963
1019
15
-312
376
653
488
856
16
-2306
-4010
-4508
-3016
-265
979
1055
593
-720
-1178
-667
-297
183
387
255
421
1027
1549
1211
204
-1149
-1906
-714
1181
2391
2495
1321
-258
-1226
-1079
41
1458
2117
1358
102
-227
228
854
886
947
786
-1256
-3833
-4990
-4098
-1427
746
1165
651
-558
-1679
-1299
-311
379
699
518
216
724
1707
1850
936
-165
-1109
-1449
-313
1497
2295
1924
517
-1063
-1316
-472
1030
2273
1980
793
-152
-160
453
455
270
809
454
-1517
-3385
-4151
-3053
-818
531
775
329
-942
-1520
-730
77
631
902
718
613
901
1173
946
563
58
-824
-1078
-78
1312
2015
1469
-43
-1214
-1138
-402
856
2073
1961
813
-79
-48
564
611
498
725
-113
-2008
-3548
-3853
-2399
-508
416
629
37
-995
-1095
-553
-131
263
381
338
610
1235
1781
1491
591
-362
-1092
-1034
-70
1191
1946
1669
582
-284
-523
-320
484
1403
1510
759
0
59
722
845
649
712
-107
-2034
-3769
-4130
-2514
-363
678
814
300
-658
-1024
-728
-420
-75
128
296
803
1447
1673
1254
434
-378
-874
-855
-67
1047
1632
1516
744
-319
-809
-502
332
1231
1288
534
-12
197
580
385
192
450
-93
-1670
-3274
-3862
-2455
-393
513
549
91
-738
-1125
-868
-354
116
485
706
802
1102
1263
899
570
233
-445
-912
-463
532
1426
1748
1202
67
-622
-581
35
1068
1571
1064
490
504
610
291
24
153
-224
-1462
-2837
-3420
-2501
-1041
-90
315
230
-466
-833
-494
-174
135
471
589
678
931
1080
794
415
173
-11
-275
-300
192
843
1120
778
123
-317
-363
8
686
1168
979
560
507
583
328
58
215
185
-773
-2205
-3157
-2634
-1211
-67
494
310
-609
-1119
-800
-229
376
773
684
551
717
952
855
720
486
-188
-920
-908
-64
994
1599
1263
88
-780
-832
-84
1193
1888
1345
465
150
289
413
487
669
331
-1140
-2955
-3765
-2709
-830
365
621
-17
-1062
-1368
-777
59
740
1074
870
452
377
698
835
843
789
163
-865
-1114
-123
1075
1465
1009
15
-706
-601
151
1167
1777
1411
641
300
223
2
-4
353
256
-814
-2433
-3330
-2487
-999
-148
131
-180
-908
-1057
-633
-98
548
803
462
269
573
847
719
464
350
-38
-703
-658
249
1026
1166
806
30
-602
-408
440
1205
1493
1162
495
144
10
-105
22
243
-32
-1090
-2490
-2973
-2073
-958
-289
-40
-506
-1200
-1153
-532
238
905
959
631
430
507
754
777
725
570
-90
-783
-594
365
1130
1294
869
-69
-662
-331
448
1284
1738
1271
595
225
-130
-317
-114
138
-369
-1776
-2964
-2854
-1785
-799
-166
-28
-531
-1001
-824
-245
417
879
867
643
506
591
806
862
769
525
-58
-607
-477
187
769
1033
748
62
-292
-1
646
1261
1371
899
400
29
-294
-81
429
128
-1179
-2578
-3060
-2406
-1260
-260
235
-22
-612
-910
-748
-224
363
742
854
661
428
411
411
387
331
-125
-568
-322
207
672
1057
889
218
-225
-66
617
1328
1537
1280
766
148
-208
-135
-111
-628
-1580
-2331
-2534
-2226
-1426
-516
-167
-310
-572
-813
-609
-17
496
896
1048
770
478
243
88
154
55
-125
70
343
568
851
773
499
463
521
714
1150
1377
1154
723
349
136
7
-294
-1032
-1839
-2131
-2111
-1880
-1171
-578
-555
-610
-656
-641
-212
326
673
913
765
384
208
134
158
282
231
197
280
343
619
949
923
799
766
770
1012
1338
1351
1129
816
428
76
-393
-1211
-1941
-2103
-2008
-1917
-1609
-1198
-946
-762
-596
-389
-6
414
730
911
877
708
473
176
25
14
-2
166
462
572
636
744
683
584
632
744
971
1269
1252
883
535
243
-171
-725
-1381
-1893
-2024
-2033
-2048
-1775
-1309
-954
-677
-521
-483
-321
-59
192
489
676
675
621
442
220
229
365
538
794
996
1142
1233
1127
1038
1091
1075
1126
1263
1111
774
498
185
-183
-671
-1265
-1571
-1633
-1818
-1909
-1673
-1335
-987
-642
-417
-215
38
225
356
508
663
689
446
28
-209
-212
-101
125
370
605
804
749
692
899
1027
1144
1450
1470
1193
953
571
40
-525
-1182
-1633
-1790
-1962
-2050
-1926
-1708
-1355
-907
-535
-195
156
461
648
688
727
783
578
213
65
43
-24
33
205
409
642
767
839
998
1089
1137
1240
1227
1099
898
522
14
-674
-1393
-1731
-1850
-2033
-2081
-1974
-1795
-1474
-1103
-722
-320
30
355
577
653
756
722
431
277
322
300
288
406
553
672
747
840
1010
1163
1223
1208
1149
1096
944
643
279
-264
-939
-1359
-1558
-1756
-1857
-1840
-1694
-1386
-1099
-824
-449
-119
122
307
437
520
367
64
-11
15
-44
13
220
410
566
762
1022
1228
1354
1481
1535
1506
1416
1143
801
416
-257
-930
-1278
-1597
-1899
-1962
-1955
-1858
-1542
-1206
-857
-456
-180
42
284
413
419
274
81
77
125
147
316
485
614
930
1261
1416
1577
1707
1631
1524
1468
1182
715
366
-54
-683
-1137
-1382
-1608
-1670
-1632
-1626
-1406
-1016
-729
-501
-286
-50
244
324
198
271
392
304
313
442
426
452
713
1027
1189
1209
1228
1268
1200
1083
998
778
411
108
-180
-649
-1105
-1349
-1545
-1729
-1744
-1662
-1556
-1305
-977
-705
-420
-128
30
137
318
433
460
511
575
595
612
756
1069
1288
1291
1324
1403
1385
1304
1129
848
622
401
22
-429
-819
-1144
-1442
-1646
-1721
-1735
-1717
-1590
-1281
-931
-735
-589
-305
-4
162
279
402
481
528
615
788
987
1078
1101
1169
1193
1111
989
835
659
504
329
59
-296
-624
-888
-1148
-1369
-1499
-1565
-1587
-1543
-1408
-1209
-987
-716
-396
-91
172
392
534
647
869
1128
1222
1268
1376
1428
1417
1325
1123
952
790
543
264
-47
-371
-639
-888
-1117
-1311
-1467
-1536
-1510
-1434
-1336
-1228
-1030
-749
-491
-252
10
248
410
609
957
1266
1373
1443
1564
1620
1570
1425
1232
1049
857
593
250
-90
-369
-621
-891
-1154
-1389
-1550
-1628
-1640
-1607
-1486
-1248
-1000
-750
-444
-185
24
275
476
703
1060
1287
1361
1538
1698
1658
1572
1452
1241
1065
867
544
224
-61
-362
-610
-829
-1088
-1337
-1525
-1621
-1645
-1657
-1600
-1401
-1155
-941
-699
-427
-177
21
221
534
885
1058
1133
1288
1418
1410
1329
1214
1055
872
676
454
217
-4
-224
-411
-526
-670
-915
-1120
-1185
-1177
-1176
-1157
-1041
-821
-588
-401
-245
-95
85
297
499
711
892
948
990
1117
1161
1048
930
849
717
536
348
143
-64
-237
-377
-523
-677
-837
-988
-1108
-1132
-1071
-1023
-935
-744
-553
-417
-275
-137
11
180
312
456
667
828
891
967
1074
1122
1068
971
864
716
532
342
133
-67
-218
-351
-507
-638
-727
-830
-914
-912
-880
-859
-789
-663
-521
-373
-244
-117
24
156
264
387
539
670
724
734
773
796
745
666
601
525
398
207
10
-116
-202
-329
-469
-542
-575
-630
-718
-780
-742
-629
-529
-472
-392
-226
-57
4
18
108
282
443
515
521
535
568
595
574
497
423
379
314
195
59
-43
-97
-142
-213
-301
-381
-431
-474
-527
-558
-540
-475
-384
-284
-196
-130
-62
8
95
209
313
389
429
462
508
494
411
316
256
226
161
42
-73
-130
-142
-201
-306
-368
-372
-377
-411
-419
-361
-287
-232
-174
-97
-25
25
71
116
168
227
271
285
295
302
295
271
223
178
165
158
94
4
-39
-72
-130
-206
-267
-286
-267
-254
-268
-255
-202
-172
-162
-112
-42
5
54
127
176
186
202
223
217
198
193
186
177
167
125
74
55
24
-37
-71
-67
-93
-143
-167
-172
-172
-178
-191
-183
-136
-103
-115
-109
-56
-8
6
15
56
110
137
154
186
214
199
157
142
134
102
50
18
13
-13
-64
-90
-75
-74
-101
-116
-116
-121
-123
-124
-123
-95
-49
-23
-7
33
69
74
60
53
60
73
71
59
64
70
60
59
70
67
55
38
10
-31
-78
-108
-97
-85
-104
-90
-20
2
-35
-33
6
8
-11
-18
-12
18
47
30
10
44
67
39
31
67
79
58
61
75
46
12
10
-8
-52
-64
-62
-96
-117
-89
-57
-44
-40
-36
-9
33
32
-4
-5
26
41
40
33
25
30
48
51
32
10
9
38
44
9
-13
13
34
0
-39
-32
3
-7
-56
-50
10
9
-73
-95
-23
30
-14
-73
-42
23
23
-35
-59
-19
50
80
47
20
25
22
34
46
4
-27
12
35
5
6
22
17
38
52
4
-46
-36
-30
-52
-48
-31
-35
-41
-22
-13
-40
-42
10
61
49
15
1
19
42
29
-9
-10
38
55
10
-22
-15
-23
-35
-5
28
1
-34
-8
28
21
-24
-55
-29
24
20
-47
-47
20
45
10
-3
12
23
27
9
-3
0
-7
-22
-14
2
-4
-19
-15
7
20
4
-12
0
22
30
13
-13
-21
-7
8
8
-4
-11
-3
7
5
-9
-20
-11
13
16
-7
-19
-7
-2
-11
-7
7
8
14
23
13
1
3
0
-4
12
18
-1
-2
10
6
-11
-14
-17
-20
-4
10
-9
-31
-11
11
-1
-24
-11
30
49
18
-11
10
31
0
-37
-21
17
25
0
-32
-18
24
7
-51
-30
43
26
-37
-15
39
17
-28
-26
0
25
34
-4
-41
7
58
0
-66
-31
26
24
9
-8
-28
4
49
7
-49
-11
38
27
2
-11
-19
-1
23
5
-13
2
14
-2
-8
3
-5
-22
-13
7
15
12
-21
-37
4
24
0
-22
-15
4
16
9
-16
-17
21
30
4
-7
-3
8
4
-4
5
12
13
3
-13
-14
0
4
-7
-11
4
25
13
-28
-32
-1
-3
-23
-16
4
9
0
-1
5
12
8
-9
2
31
21
-8
-6
22
20
9
1
-4
8
18
7
-5
-16
-18
0
4
-16
-33
-26
-5
-2
-20
-23
-8
0
2
5
7
8
5
3
9
12
12
9
14
28
24
11
3
8
12
0
-11
-7
0
-6
-21
-26
-14
-8
-16
-29
-23
-2
0
-13
-24
-7
18
18
6
0
9
27
29
9
0
13
15
4
4
14
10
-6
-13
2
22
0
-43
-36
7
12
-27
-48
-17
24
20
-15
-19
7
20
5
4
12
10
4
4
15
17
2
-7
5
21
12
-11
-23
-12
-1
0
-9
-20
-12
4
18
5
-10
-7
-3
7
10
-6
-13
0
9
0
-8
2
13
11
5
-2
-6
0
1
-8
-7
2
0
-1
3
-7
-18
-3
15
3
-12
0
6
2
15
9
-16
-6
9
-1
1
6
-15
-15
22
24
-11
-19
-2
12
8
-1
-2
0
8
6
-3
-7
0
6
3
5
3
-11
-14
-4
9
3
-15
-11
3
8
3
-11
-16
-4
5
10
0
-23
-11
23
21
-6
-5
10
6
6
13
-8
-16
6
20
2
-3
5
-4
-5
3
-1
-13
-7
5
5
-1
-2
2
0
-8
-4
-2
-3
2
4
4
1
5
4
-7
-11
-3
0
-6
-5
-1
-4
2
8
1
-6
0
6
1
3
1
-5
0
6
1
-5
0
5
3
7
12
3
0
11
10
-3
0
-5
-15
-6
-1
-13
-19
-6
2
0
1
0
0
12
20
2
-7
6
12
-7
-20
-9
4
3
1
2
5
10
11
2
-4
2
5
-2
-4
-4
-8
-12
-7
-5
1
8
7
6
7
7
-2
-4
-2
-5
0
4
-2
-11
-10
-8
-4
6
16
13
7
3
-4
-10
-6
0
8
8
2
-3
-12
-6
0
5
10
9
4
-10
-17
-8
3
8
5
4
6
0
-8
-6
0
9
9
0
-6
-4
0
-5
-7
1
9
7
0
-3
1
6
1
-7
-9
-2
1
0
0
1
3
3
0
-6
-3
2
3
1
4
1
-8
-8
-2
0
6
9
1
-2
-2
-5
-6
0
10
12
3
-5
-8
-9
-1
5
6
11
6
-5
-14
-14
-4
5
10
12
4
-1
-5
-13
-7
2
2
8
7
0
-6
-5
-3
0
6
6
2
2
-1
-2
0
0
2
2
0
-4
-3
-2
-3
2
3
4
-1
-3
-4
-3
-2
5
8
3
0
-4
-4
-2
0
3
0
0
4
2
-3
-1
0
-3
-2
-2
1
1
4
8
1
-2
-3
-4
-3
0
5
6
0
0
3
-2
-5
3
4
-2
-1
-1
-6
-5
2
4
0
0
0
-5
-3
1
2
1
2
1
0
-1
-3
0
0
1
3
1
0
1
2
0
0
0
0
-2
0
0
0
0
1
1
-2
-2
0
-1
-1
1
3
0
0
-1
-1
3
1
-2
-1
-1
-3
-3
-1
0
3
2
3
3
1
1
1
-1
-1
0
-3
-1
0
-1
0
4
1
0
0
-1
-3
-1
-2
0
0
-1
3
2
1
2
1
-1
0
0
-1
-2
1
0
0
2
1
0
0
0
-2
-2
0
-3
-1
0
-3
1
1
1
3
2
0
2
0
-2
0
1
0
0
0
0
0
0
0
-1
0
1
0
1
0
0
0
0
-3
-1
0
0
0
1
0
0
1
0
0
0
0
2
-2
-4
2
-2
-3
0
0
0
3
5
-1
-1
1
-2
-3
-1
0
0
-2
0
1
-1
0
1
0
-1
0
0
0
2
3
0
0
2
1
1
-1
-3
0
1
0
0
1
0
0
2
0
-1
-1
-4
-3
-2
-4
-3
1
2
1
2
3
0
2
2
2
1
0
-1
-1
0
1
0
-1
-2
-2
-1
-1
0
-1
0
3
0
-1
0
-1
-1
1
0
0
1
1
-1
-1
-2
0
1
1
1
-2
-4
-1
1
3
6
6
4
4
1
-1
0
-3
-8
-6
-7
-8
-4
-2
0
7
13
17
12
8
0
-6
-11
-16
-15
-12
-7
0
2
8
14
14
13
12
4
-2
-3
-8
-9
-9
-8
-4
-1
1
4
5
5
1
0
2
0
-1
0
0
-1
0
-4
-7
-3
-4
-3
0
0
1
5
6
6
4
3
2
0
-1
-5
-5
-1
0
0
1
2
1
0
0
0
-2
-3
-2
0
1
4
2
3
7
3
3
-3
-8
-8
-10
-7
-5
-4
1
5
6
9
10
6
1
-1
-5
-7
-13
-10
-4
0
5
11
13
11
6
1
-1
-4
-7
-8
-7
-1
0
1
1
4
5
7
3
0
-1
-6
-6
-3
-2
0
3
0
0
2
0
0
0
0
0
0
-2
-2
-1
-3
-1
2
1
2
3
1
1
3
1
-2
0
-1
-4
0
0
-2
0
2
2
3
2
3
0
-1
-2
-4
-4
-3
-3
0
1
1
2
2
3
1
1
-2
-4
-1
-2
0
1
-1
0
3
1
1
1
0
0
1
-1
0
1
1
0
1
0
0
0
0
-1
0
0
0
-2
0
0
0
0
0
-1
0
-1
0
0
0
1
0
-1
0
0
0
0
-1
0
1
1
0
1
3
0
-1
0
0
2
1
0
0
-1
1
2
0
0
-3
-2
0
0
0
-1
0
-2
-1
0
0
3
1
2
3
0
0
-1
0
-1
-3
-2
0
0
1
0
0
2
5
3
0
-2
-6
-5
-2
0
1
2
4
4
4
2
0
-2
-2
-4
-5
-3
-2
0
1
3
5
6
5
4
-1
-3
-2
-3
-2
-4
-1
0
4
4
1
2
2
0
-1
-1
0
-1
-1
0
0
-1
-2
-1
-6
-5
-4
-3
2
3
3
4
6
9
9
4
2
0
-3
-7
-7
-9
-4
-3
-4
0
4
6
9
7
6
4
-2
-3
-2
-7
-7
-6
-5
-1
2
1
5
7
4
6
3
0
-1
-5
-2
-3
-6
-5
-3
-2
-2
2
2
6
7
7
5
2
-1
-1
0
-5
-7
-5
-3
-3
-2
0
2
3
4
6
3
3
1
0
0
-1
-4
-7
-5
-3
0
0
0
0
0
1
2
3
3
2
0
1
0
0
-1
0
0
0
1
0
-4
-2
0
0
0
-1
0
2
3
1
0
1
1
0
-1
0
-2
-1
-2
0
1
0
0
3
4
0
0
1
1
3
0
-1
-1
-2
-2
-1
0
-2
-2
-1
1
0
0
0
-1
0
1
0
1
0
1
0
0
0
-2
-2
-2
-1
-1
0
1
1
2
3
2
1
1
1
1
0
0
1
-2
-3
0
0
1
0
0
1
-1
0
0
0
-2
-2
-1
-1
-2
-2
0
0
0
-3
0
0
0
1
0
0
0
0
0
-1
0
0
0
0
0
0
0
0
0
0
0
1
2
2
2
0
2
2
0
2
1
1
1
0
0
-1
-1
-2
0
-1
-1
0
0
0
0
0
-1
-1
0
-1
-2
-3
-4
-3
-3
-2
-1
0
0
0
0
0
0
1
3
2
0
-2
0
1
0
1
1
2
3
1
1
3
2
0
0
0
0
0
0
-1
0
0
0
0
0
-1
-1
0
1
-1
-2
-3
-2
-3
-2
-2
0
0
-1
0
0
0
1
2
0
2
4
1
0
0
2
3
2
0
-1
-1
-1
0
-1
0
0
0
0
0
-3
-1
1
0
0
-2
-2
-2
-4
0
3
3
2
0
0
0
0
0
0
0
0
-1
-1
1
1
-1
-1
0
1
0
-1
0
-1
1
1
0
1
0
0
-1
-1
0
0
-1
-1
1
1
1
2
1
0
0
0
0
0
0
-1
0
-1
0
1
0
0
0
0
0
0
0
0
-2
0
2
0
1
2
1
0
-2
-1
-3
-2
-1
0
-1
0
0
1
1
1
2
2
0
0
0
0
0
3
-3
-1
-2
-1
0
-2
0
0
0
0
0
0
0
0
0
0
0
0
0
2
0
0
0
-2
-1
0
1
0
0
1
0
0
0
0
0
0
-1
-1
-1
0
1
0
-1
-2
-1
1
1
0
-1
0
0
1
1
-1
-1
0
0
0
-1
0
1
2
1
0
0
0
0
2
0
0
-1
0
0
-1
0
-2
-1
0
0
0
-1
0
-1
0
0
-1
1
3
2
0
0
-1
-1
-1
0
1
1
0
1
1
0
-1
-1
-2
-2
0
1
1
0
0
0
-1
-1
-1
0
0
0
1
0
0
1
0
0
1
0
0
0
-1
0
0
-1
-1
0
0
0
0
0
0
1
0
0
1
-1
-2
-1
2
1
2
3
0
-1
-2
-1
0
-1
0
1
1
2
0
-3
0
1
0
2
3
0
-1
-1
-2
-2
-1
0
0
2
2
0
0
-2
-3
0
0
1
1
0
0
-1
0
0
-3
-2
-1
2
6
4
0
0
0
-1
-3
0
2
2
0
1
0
-2
-2
0
0
0
1
1
0
-1
-3
-1
0
0
0
0
0
0
-1
-1
0
2
0
0
0
1
0
0
1
1
0
-2
-3
0
1
2
0
0
1
0
-1
0
1
0
0
0
0
0
1
0
-1
0
-1
-2
0
0
1
0
0
-1
-1
0
0
1
0
-1
0
1
2
0
0
0
2
0
-2
-1
1
1
0
0
0
0
0
-2
0
0
0
0
-2
0
0
0
0
0
0
0
0
0
1
0
0
0
1
1
-1
3
0
-2
0
0
-1
-1
0
1
0
1
0
-1
1
0
-1
0
-1
0
0
0
0
0
1
0
-2
0
0
0
1
0
0
-1
0
0
0
0
2
0
-1
0
0
0
0
0
0
0
2
0
-1
-1
0
0
0
0
-1
1
0
0
0
0
1
2
0
-1
0
1
-1
-2
0
-2
0
1
0
1
3
0
2
0
0
0
0
1
0
-2
0
0
0
-1
0
0
0
1
0
0
1
2
-1
-1
-1
0
0
-2
-1
-1
-1
0
1
1
1
1
0
2
1
0
-1
-1
-1
-1
1
0
-1
-2
0
1
1
1
0
1
1
0
0
1
-1
-1
0
-1
0
-1
0
-1
0
1
0
2
2
1
0
0
1
-1
-1
1
0
0
1
0
0
0
-1
-1
-1
0
1
1
2
0
0
1
0
2
0
-2
-1
-2
-1
1
-1
0
0
0
0
1
0
1
2
1
0
-1
-1
-1
0
1
0
0
0
-2
0
0
2
1
-1
-1
0
0
0
1
0
0
0
0
1
0
1
1
0
0
-3
1
0
0
0
-1
-1
-2
-2
-1
0
0
0
0
-1
0
0
-1
-1
-1
0
2
1
2
1
0
4
2
0
0
0
1
0
0
1
0
-2
-1
0
0
0
0
-1
-1
0
0
-2
-4
-2
1
0
-1
0
-1
0
2
1
0
0
0
2
2
0
-1
0
0
1
2
0
0
0
-1
0
1
2
2
0
-2
-2
-1
2
0
0
-1
-1
-2
0
0
-1
0
0
0
1
0
0
0
0
0
0
0
0
1
-1
0
1
-1
0
0
0
1
0
0
0
0
0
-2
0
1
0
0
0
1
0
0
2
-1
0
0
-1
0
0
0
1
0
0
0
0
0
-2
-1
-1
0
0
-1
1
0
0
2
1
-1
0
0
0
3
0
-1
0
1
0
-2
0
0
0
0
0
1
0
0
0
0
1
0
-1
0
0
0
-1
1
1
-1
0
1
-1
0
0
0
1
0
0
0
0
0
0
0
0
0
0
2
1
0
0
0
0
-1
-1
0
-1
-1
0
1
1
0
2
1
-1
-1
0
0
-1
0
0
0
0
0
0
0
0
0
-1
0
0
0
0
0
-1
-1
-1
0
1
1
0
0
0
0
0
0
-1
-1
0
0
0
0
2
4
2
0
0
0
0
1
0
-1
0
0
0
-1
-1
0
1
0
0
-1
0
-1
0
0
0
0
-1
0
0
2
4
1
0
0
-1
-1
0
1
0
-2
-1
0
0
0
0
0
0
1
0
-1
-2
-1
1
3
2
0
1
3
2
0
-1
-2
1
8
4
-5
-7
-6
0
6
2
0
-3
-2
0
0
0
-1
2
3
1
-2
-3
0
-1
2
6
3
0
0
-2
-2
0
1
0
1
0
-1
-2
-2
0
2
2
2
0
0
-1
-2
0
1
3
2
0
-4
-3
0
0
3
2
0
-1
0
-1
-2
-3
0
3
0
0
0
-2
-1
0
2
3
1
1
0
-1
0
0
-2
-1
-1
-1
0
0
0
1
1
0
0
0
0
0
2
0
0
-2
-4
0
0
0
0
-1
0
0
0
0
0
0
0
0
0
0
-1
-1
0
0
1
0
0
1
0
0
1
1
0
0
0
0
0
0
0
1
0
1
0
-1
-1
-2
-3
-1
0
0
2
1
0
2
0
0
0
-2
-2
1
0
-1
0
0
0
0
0
3
0
-3
-2
0
0
0
0
0
0
2
0
0
0
1
2
-1
0
0
0
0
1
-1
-1
0
0
0
-2
-1
0
0
1
0
0
1
0
0
0
0
0
0
0
0
-1
0
0
1
1
0
1
1
0
0
-3
0
1
-1
1
1
-3
1
1
-1
1
2
2
2
2
0
1
0
-1
-1
-1
0
-2
0
0
-2
-1
-1
0
0
0
0
0
0
0
-1
0
1
1
2
1
0
0
1
0
0
1
0
0
0
0
0
0
0
0
-1
-1
0
-3
-4
-2
-2
-2
-2
-1
0
2
4
1
0
0
1
1
2
4
1
4
2
1
0
0
0
-2
-2
-4
-3
0
0
0
0
0
0
0
0
0
0
-2
-2
-1
0
-1
1
0
1
2
2
3
2
1
0
0
0
-4
-2
0
-1
2
-1
0
0
1
0
-2
0
-2
0
-1
-2
-1
0
0
1
4
3
2
2
1
0
0
0
-1
-2
0
0
0
-1
-1
0
0
-1
-1
0
0
0
0
-1
0
1
0
0
3
1
0
0
1
4
4
-1
-2
-1
0
0
-2
-1
-1
0
1
-2
-1
-1
-1
0
-1
0
3
-1
0
0
0
0
-1
0
1
2
2
1
2
1
0
1
0
0
-1
-1
0
0
0
-2
-2
-2
-3
0
0
-1
-1
-2
0
1
0
1
0
0
1
2
0
0
-1
2
-2
-2
1
0
0
0
1
0
0
0
0
0
0
2
2
1
1
1
0
0
1
-1
-1
0
0
0
-2
0
-2
-2
-2
-5
-3
1
2
0
-1
0
0
1
3
1
0
0
2
2
0
1
1
-1
0
0
-2
-2
-1
0
0
1
0
0
0
1
0
-1
-2
-1
-1
0
1
1
1
1
1
0
-1
0
1
2
0
0
0
0
-1
-2
-1
-1
0
0
0
1
0
0
0
-1
0
0
-1
2
1
1
0
0
0
0
0
-1
1
0
-1
0
0
-1
0
0
0
0
0
0
-2
0
2
1
-1
0
1
1
1
0
1
1
-1
-1
-1
-1
0
0
1
0
-1
0
0
0
1
0
0
1
0
-1
0
-1
-1
0
0
0
2
2
1
0
0
0
-1
0
-1
-1
1
1
0
1
0
-1
-2
-2
0
1
0
0
0
1
0
0
0
-2
-2
-1
1
1
2
0
0
0
2
0
0
0
0
0
2
1
1
1
1
0
-1
-2
0
0
0
0
-1
-1
0
0
-1
-1
-1
-2
-2
0
-1
0
0
0
0
0
0
2
1
1
1
0
0
0
0
2
2
2
1
0
0
-1
0
-1
0
1
0
-1
-1
1
2
0
-1
-1
0
0
0
0
1
0
0
0
0
0
-1
2
1
0
-1
-2
0
-2
-2
0
0
0
-2
-3
-2
-1
0
0
0
1
2
-2
-1
0
1
2
2
1
0
0
0
2
4
2
1
2
0
1
0
0
0
1
2
0
0
0
0
0
0
1
-1
-2
-4
-3
-2
-3
-2
-1
-1
-3
-3
-2
-1
-1
-2
0
-3
0
-1
0
2
0
0
0
0
2
3
3
2
2
3
2
1
2
2
1
0
0
1
1
2
1
0
1
0
0
0
0
0
-2
-2
-1
0
1
-1
-3
0
0
-3
0
0
-3
-3
-3
-1
1
0
0
0
0
0
0
1
1
1
0
1
0
0
1
1
1
0
-1
-1
1
3
2
0
0
1
-1
0
0
0
1
-1
0
0
-2
-2
0
0
0
-1
-1
0
0
0
0
0
0
0
0
0
2
0
0
0
1
2
0
0
0
0
0
0
2
2
0
0
0
0
0
-1
-1
0
0
-1
0
0
-1
0
0
0
0
0
0
0
0
0
0
0
0
0
0
0
0
0
1
0
0
0
-1
0
0
0
0
0
0
0
0
0
0
0
1
0
0
0
0
1
0
0
0
-1
-1
0
0
0
0
-1
-1
0
0
-2
0
0
0
1
0
-1
0
0
0
0
0
0
0
1
1
0
0
1
1
1
0
0
1
0
-1
0
0
0
0
0
-1
0
0
0
0
-2
1
0
0
0
0
0
-1
0
0
-1
1
1
0
0
-1
0
1
0
0
0
0
0
0
1
1
0
0
-1
0
0
-1
-1
0
1
0
0
0
0
0
1
0
0
0
0
0
0
-1
-1
0
0
0
0
0
0
0
1
0
1
0
-1
0
-1
0
0
0
0
0
1
0
0
-1
0
1
0
0
-1
0
0
-1
-1
0
0
1
2
1
0
-1
0
1
0
-1
0
1
0
0
0
0
0
0
-1
1
2
-1
-1
-1
0
0
0
1
0
0
0
-2
0
1
0
0
0
0
0
1
0
0
0
0
0
0
-1
-1
0
1
0
-1
-3
-1
1
1
0
0
0
0
0
0
2
1
0
-1
0
-2
-2
0
0
0
0
0
-1
-1
0
3
1
0
0
0
0
0
0
3
1
1
0
0
0
0
3
0
-2
-3
-1
-1
-1
1
0
0
0
-1
0
0
0
0
0
-1
0
0
0
0
-1
0
0
0
0
0
0
1
1
0
0
-1
0
0
0
1
0
0
0
0
1
0
0
1
0
0
0
1
0
-1
0
1
0
0
0
-1
-1
-1
0
0
0
0
0
-1
-1
-1
-1
1
-2
-1
0
0
2
0
-1
2
0
0
1
0
0
1
0
0
1
0
0
1
0
0
0
0
-1
0
-1
0
0
-1
0
1
0
-1
0
0
0
0
0
-1
0
0
0
0
0
2
0
0
1
0
0
1
0
0
0
0
0
-1
-1
0
0
0
0
-1
0
-1
0
0
0
0
0
0
0
1
0
-1
0
0
0
1
0
-1
0
0
0
0
-1
0
0
0
0
0
0
0
1
0
-1
0
-1
1
1
0
0
0
3
0
0
0
0
0
1
0
0
0
0
0
0
-1
0
0
-1
-1
0
1
0
0
0
-1
0
1
0
0
0
0
0
-1
0
0
0
-1
0
1
0
2
0
0
1
0
1
0
-1
0
0
0
-1
-2
-2
-2
0
-1
-1
-2
0
1
0
1
1
1
1
0
0
0
0
0
1
2
1
0
-1
0
0
0
0
-1
0
0
0
0
-1
0
0
0
0
0
0
0
-1
0
-1
-1
1
0
0
0
0
1
0
0
0
0
0
0
-1
-1
0
0
0
-1
0
1
1
2
1
1
2
1
1
0
-1
0
0
-1
-1
-1
0
1
0
1
1
0
2
0
-1
0
-1
-2
-2
-1
0
0
-4
-1
-1
0
2
0
0
0
0
3
3
3
4
3
2
-1
-1
0
-1
0
0
0
0
0
-2
0
-1
-3
-2
0
0
-2
0
1
0
2
2
0
0
0
0
0
0
0
0
-1
0
1
2
2
2
1
2
-1
-1
0
-1
-2
-1
-2
-4
-1
1
-1
0
0
-1
0
-2
0
0
0
1
1
2
0
0
0
0
1
0
0
0
0
0
0
0
0
0
-1
0
0
0
0
-1
0
0
0
-1
0
-1
0
0
0
0
1
1
2
0
1
0
0
0
-1
0
-2
0
2
0
0
1
0
-2
-1
0
0
0
0
0
-1
1
2
0
0
1
2
0
-2
0
-1
-2
0
0
1
1
-2
0
0
-2
-1
0
1
0
0
4
3
2
4
0
-1
-1
0
-1
-3
1
2
-2
-1
1
0
-3
-1
0
-1
-1
0
0
-1
0
0
0
0
-1
1
0
-1
0
2
1
0
3
3
1
0
0
1
0
0
0
1
1
-1
-2
0
-1
-2
-1
-1
0
0
0
0
0
0
0
1
2
0
0
1
-1
-2
-1
0
0
0
0
0
0
0
-1
0
0
0
0
2
1
1
1
0
0
0
0
0
0
2
0
-1
1
0
0
-2
0
0
-2
0
1
0
0
0
0
0
0
0
-1
0
0
0
0
1
1
0
-2
0
0
0
0
-1
0
-2
-4
0
0
1
0
0
0
-1
1
0
0
0
0
0
0
2
1
0
0
0
0
0
2
1
0
1
0
1
-2
1
0
-2
-1
0
0
-2
0
3
1
2
0
-1
0
1
1
0
1
1
0
0
0
-3
-1
-2
-3
0
0
-1
0
0
-1
0
0
0
0
1
0
2
0
0
3
0
0
0
-1
1
0
0
0
0
0
0
-2
0
-1
-1
-2
-1
0
1
1
1
0
0
-1
0
0
0
0
0
0
0
0
0
0
0
0
3
1
0
1
-1
0
0
-2
0
0
0
0
0
0
0
0
0
2
-1
0
1
-1
0
0
2
-1
0
0
-1
0
1
2
1
-1
0
-1
0
0
0
-1
0
0
0
0
0
-1
-2
-2
0
0
1
1
0
0
1
1
1
1
0
0
0
-1
0
0
0
0
0
0
-1
-1
-1
0
0
-1
0
0
0
0
-1
-2
0
1
1
1
-1
-1
-2
0
0
1
1
2
0
0
-1
-1
0
0
0
0
0
0
-1
-2
0
1
0
1
-1
-2
0
1
2
1
2
0
0
1
-1
-1
2
1
-1
0
-1
-4
1
-1
0
2
-1
0
0
1
0
0
2
0
-1
-1
-1
-1
0
0
0
0
-2
-2
0
1
0
0
0
2
-1
0
0
-2
0
0
0
2
0
0
0
-1
1
0
0
3
0
1
0
-1
2
2
1
1
0
-1
0
0
0
1
0
-1
-2
0
0
0
0
0
0
0
2
-1
-2
0
0
1
1
-3
-3
-1
-2
-1
2
1
-1
0
1
-2
1
3
0
0
0
0
1
2
0
0
2
1
0
0
0
0
1
0
0
0
1
1
0
-2
-1
0
0
0
-2
0
0
-2
0
1
-1
-1
0
0
-1
0
0
-1
1
1
0
1
0
0
0
-1
0
2
0
-1
-1
0
0
0
0
1
-1
-1
0
-1
0
0
-1
0
0
0
0
1
1
1
1
1
0
0
0
1
0
1
0
-1
0
1
0
-1
0
-1
-2
-1
0
0
0
0
-1
0
0
0
1
0
0
0
0
0
0
1
1
-2
0
1
-2
0
0
-1
0
-1
0
0
0
0
0
0
0
0
0
-1
0
0
0
2
0
0
1
0
-1
1
0
-1
-1
0
0
0
0
0
0
0
0
0
0
0
0
1
1
0
-1
-1
0
-1
0
0
0
0
-1
0
0
2
2
0
0
2
0
-1
0
-1
-1
0
0
-2
0
0
0
-1
0
0
1
1
0
1
-1
0
0
-1
0
-2
0
0
2
1
0
0
0
0
0
1
0
-1
-1
1
1
-2
0
0
0
-1
0
0
-1
0
1
0
0
0
0
-2
0
0
0
1
0
0
0
0
0
0
0
1
2
2
1
-1
-2
1
2
0
2
0
-1
0
0
-1
-1
0
0
-1
-1
-1
-1
-3
0
0
0
1
0
2
0
0
0
0
1
0
-1
0
0
1
2
-1
-1
1
0
0
0
1
0
2
-2
-1
0
-2
-1
0
0
-1
-1
-1
0
0
0
0
2
0
0
0
0
1
0
0
0
0
1
0
0
0
0
0
1
1
1
1
0
0
0
0
0
0
0
0
0
-1
0
0
0
0
0
-1
0
-1
-1
0
0
-2
-1
0
0
0
0
0
0
-1
0
0
0
2
1
0
0
0
1
0
0
0
0
0
1
1
1
0
0
0
0
0
0
0
0
-1
0
0
0
1
-1
-1
0
0
-1
0
0
0
0
0
-1
0
1
1
0
0
0
-1
0
0
-1
0
0
0
0
-1
1
0
0
1
0
0
0
0
0
0
0
1
0
0
0
0
1
0
0
0
-1
-1
0
0
0
0
0
0
0
1
0
0
-1
0
0
0
0
-2
0
1
0
0
0
0
0
0
-1
-1
-1
-1
1
0
-1
0
0
1
0
0
0
0
1
2
1
0
0
0
-1
-1
0
-1
0
0
0
0
-1
0
0
0
2
0
0
1
0
0
2
0
2
0
0
-1
0
0
-2
0
-1
-1
0
-1
0
0
-1
-1
-2
1
0
0
0
0
0
1
0
0
1
0
-1
2
0
0
0
0
1
0
-1
0
-1
-1
0
0
0
-1
-1
0
1
1
-1
0
0
-1
0
0
0
-1
1
2
0
0
0
0
0
-1
0
0
0
0
0
0
-1
0
0
0
0
0
1
1
-1
0
1
1
0
0
0
0
0
1
-1
-1
0
0
-1
0
0
0
1
-2
0
-1
-1
0
1
2
0
-1
2
-1
-1
0
1
0
-1
0
0
0
0
0
1
0
0
0
0
-1
0
0
0
0
0
1
1
0
0
0
0
-1
0
0
2
1
0
0
-1
0
0
-1
0
0
-1
0
0
0
-1
1
0
0
0
0
0
0
0
0
0
0
-1
0
0
0
0
1
1
2
2
-1
0
0
0
0
0
0
0
0
0
0
-1
-1
0
0
0
0
0
0
1
0
-1
0
0
1
0
0
0
0
0
-1
-1
0
2
0
1
0
0
-1
0
-1
-1
0
0
1
0
0
0
-2
-2
0
0
-1
0
2
1
-1
-1
0
1
-1
0
1
0
0
1
0
0
0
0
1
0
2
0
-1
0
0
0
0
-2
0
1
-1
0
0
0
0
-1
-1
0
1
1
1
0
0
0
0
-1
2
1
1
0
-2
0
0
-1
-1
-1
1
0
0
0
0
0
1
0
-2
2
0
1
0
0
2
0
0
1
0
0
1
-1
0
0
0
0
0
-1
0
0
-1
0
-2
0
0
0
0
-1
0
0
0
0
0
1
0
0
1
0
0
-1
0
-1
0
1
0
1
-2
0
0
0
-1
0
-1
-1
0
0
0
1
0
0
-1
0
2
0
0
0
0
-1
0
0
0
0
-1
0
0
0
0
0
0
0
0
0
0
0
-1
-1
1
0
0
0
0
0
0
0
0
0
0
0
0
1
0
1
0
-1
0
0
-1
0
0
0
0
0
0
0
0
-1
0
0
0
0
0
1
0
-1
-1
0
-1
-1
0
0
2
1
0
0
0
0
-1
0
0
0
1
0
0
0
0
-1
0
1
1
0
0
0
0
0
0
0
1
-1
-1
1
0
1
0
0
1
-1
0
-1
-2
0
0
0
-1
-1
0
0
0
0
0
0
0
1
2
0
-2
0
0
0
1
0
0
2
1
0
2
1
0
0
0
0
-1
0
0
-2
0
0
-1
0
0
1
1
2
0
1
-1
0
0
-1
0
0
-2
0
0
0
-1
0
0
-2
1
1
0
-1
-3
0
0
0
0
0
1
1
0
0
1
3
1
0
0
2
1
1
0
-2
-1
-1
-1
0
-1
1
0
-2
0
0
0
0
0
0
0
0
-1
0
2
1
-1
0
1
0
1
0
-1
0
0
-1
1
1
0
1
0
0
2
0
0
1
0
-2
0
0
1
-1
-2
0
0
0
0
-1
0
0
-1
0
0
-1
-1
0
0
0
0
0
0
0
0
0
0
2
1
0
2
2
0
0
1
0
0
-2
-1
-1
-1
0
0
0
-1
-2
-2
0
0
0
0
1
0
0
1
3
2
0
0
2
2
1
1
0
-3
-3
-4
-2
0
1
-1
-2
-1
1
2
0
1
2
1
0
1
1
-1
0
-1
0
0
0
0
0
1
0
0
-1
-1
-3
-3
-2
-2
0
0
1
3
0
1
4
3
2
0
-2
-2
2
1
1
1
1
1
-1
0
0
-1
-1
-1
-2
0
0
-1
0
-1
0
-2
-1
0
0
0
0
2
3
3
0
0
0
1
0
0
0
0
0
0
0
-1
1
0
0
1
-1
0
-1
-2
-1
0
0
1
3
0
0
1
0
1
0
0
-1
-1
0
0
0
0
0
0
0
-1
-1
-1
-2
1
-2
0
1
2
5
1
1
0
-1
0
-1
0
1
1
0
0
0
-1
-3
-3
-1
0
-1
1
0
0
0
0
0
1
0
0
3
2
0
0
1
0
0
0
2
2
0
-1
0
1
-2
0
1
-1
0
0
0
-1
0
0
-1
-1
0
1
0
2
0
-2
0
0
-1
0
0
0
-1
0
1
-1
-1
1
1
1
0
-1
0
-1
0
2
0
0
2
0
0
0
0
2
0
0
1
0
0
0
-1
-1
-1
0
-1
0
0
0
0
0
0
0
0
0
0
-1
0
0
0
-2
0
1
0
1
0
0
0
-1
0
0
1
0
-2
0
1
0
0
0
-2
0
2
0
0
0
0
1
0
-1
0
0
-2
0
0
-2
-1
0
0
0
0
1
1
0
0
0
1
1
2
0
-1
0
1
0
0
0
1
0
-1
0
0
0
0
0
0
0
-1
0
0
0
0
-1
0
0
0
0
0
0
0
0
0
0
1
1
0
0
0
0
0
0
0
-1
0
1
0
0
0
0
0
1
1
1
3
2
-1
-1
-2
-2
0
-1
0
-1
0
-1
-2
-2
-1
0
2
1
1
2
0
0
0
0
0
1
0
0
0
0
0
0
0
1
0
0
0
0
-2
0
-1
-1
-1
0
3
0
1
0
0
0
-3
0
1
-3
-2
-1
0
3
2
4
4
3
1
0
-1
-3
-4
-6
-5
-2
-4
-2
0
1
2
0
3
1
2
5
4
3
3
4
2
0
-2
-3
-4
-3
-4
-4
-4
-3
0
-1
0
1
3
4
6
3
1
2
0
0
0
0
-3
-3
-3
-5
-4
-2
-1
0
3
1
2
2
0
2
2
1
0
0
-2
0
-1
-2
0
0
0
0
-1
0
0
0
0
1
1
-1
1
3
0
-1
0
0
-1
0
0
0
-1
0
0
1
0
-1
1
1
-1
0
1
0
0
0
0
1
1
0
0
1
0
0
0
0
0
-1
0
0
-1
-1
0
-1
-2
0
-1
-1
1
0
-1
-1
1
0
0
0
0
2
0
0
1
0
1
0
0
-1
-2
-2
0
1
0
0
0
1
0
0
0
0
0
-2
-2
-2
0
0
0
2
1
1
2
1
1
0
0
1
0
0
0
0
0
1
0
-1
-1
-1
-2
-1
0
-1
-1
0
0
1
0
-1
0
0
0
0
1
0
2
1
3
2
0
-1
1
1
0
0
-1
-1
0
0
-1
-3
0
0
-1
0
-1
0
0
2
0
0
0
0
2
3
1
0
0
0
0
1
1
1
-1
-1
1
0
0
-2
-1
0
0
0
0
0
1
0
-2
-1
-1
-2
0
1
0
-2
0
2
2
0
-3
0
0
0
1
0
0
1
0
0
0
0
2
1
0
-3
-2
1
4
2
0
-2
-1
0
2
0
-1
-1
-1
0
0
-4
0
3
4
1
-6
-6
-1
8
7
-2
-10
-7
1
9
9
1
-6
-7
0
0
7
14
6
-10
-23
-13
18
42
20
-43
-68
-16
51
60
8
-48
-47
13
67
58
-8
-60
-51
2
40
19
-27
-54
-27
28
47
22
-13
-18
5
21
13
-14
-22
-11
8
25
11
-11
-12
0
7
0
-10
-16
-18
-14
0
26
40
26
3
-10
-8
3
7
-12
-32
-31
-7
16
19
8
0
3
12
13
2
-17
-24
-10
5
6
0
-4
0
6
10
6
0
0
5
4
-2
-9
-6
6
7
-3
-14
-13
-2
6
11
4
-4
-6
0
9
8
1
-2
-3
0
-2
-3
-5
-1
1
-5
-8
-6
1
11
10
7
2
-4
0
5
6
4
-1
-11
-15
-9
-2
3
4
-1
-3
2
8
10
7
0
-5
-4
1
4
6
2
0
1
-3
-8
-6
-4
-3
-4
-4
-2
2
7
9
7
0
2
4
0
-3
-2
-3
-6
-5
-5
-5
1
2
4
4
2
6
9
8
1
-5
-6
-4
-4
-6
-8
-4
2
2
4
5
3
4
5
5
1
0
0
-4
-4
-5
-7
-2
-2
-1
0
0
0
3
0
0
2
1
1
1
-1
0
1
3
2
-1
-1
-2
-2
1
0
-2
-1
0
2
0
0
2
1
0
0
1
0
-2
-4
-4
-3
0
-1
0
3
1
3
4
4
3
0
2
0
0
-2
-3
-3
-2
-1
-2
0
1
0
0
1
1
0
-1
0
-1
0
-1
0
0
0
0
0
0
1
1
0
1
1
1
0
-1
0
0
0
1
0
0
1
0
0
-2
-2
0
0
0
-1
-1
0
1
1
0
0
-1
0
0
0
0
1
1
0
0
1
0
0
1
0
0
0
-1
-1
-1
0
0
0
0
0
-1
1
1
2
1
0
1
0
0
0
-1
0
1
0
-1
0
0
0
1
1
0
-1
-1
-2
0
0
-1
0
0
0
0
0
0
-1
-1
0
0
0
0
0
0
0
1
0
0
1
0
0
0
0
2
1
0
0
0
2
0
1
0
-1
0
-1
0
0
2
1
-2
-1
0
0
0
-1
-1
0
0
1
-1
-1
0
0
0
-1
0
0
0
0
1
1
0
0
-1
1
0
0
0
0
1
0
0
-1
0
0
-2
0
1
1
1
0
0
0
0
0
0
-2
-1
-1
-1
1
1
0
-1
0
1
0
-1
-2
0
0
1
0
0
1
0
0
0
0
0
-1
-2
-1
-1
1
1
2
3
0
0
1
0
1
0
-3
0
1
0
1
0
0
1
0
1
0
-1
-1
0
-1
-1
-1
0
0
-2
-1
-2
-1
0
1
0
2
4
4
0
1
0
-1
0
-2
-1
-1
0
-1
1
2
0
0
-1
0
0
0
0
0
0
-1
0
0
0
1
0
-1
0
1
0
0
0
0
0
0
0
-1
0
-2
0
0
0
0
0
0
0
0
-1
-1
2
0
1
0
0
1
0
0
1
0
0
0
0
-1
-2
0
0
1
0
0
0
0
0
0
-1
-1
0
0
0
-1
0
0
0
0
-1
-1
1
0
-1
-2
0
0
1
1
1
1
0
3
2
0
0
0
1
0
2
2
-1
-2
0
1
-1
-2
-3
-1
-2
-2
-2
0
1
0
2
1
-1
0
0
0
1
1
1
-1
0
1
1
2
0
0
0
1
-1
-1
0
0
0
-1
-1
-2
0
0
0
0
-1
0
0
0
1
0
2
0
-2
0
0
-2
-1
0
0
0
0
0
0
-2
-2
0
0
0
3
4
4
1
2
3
2
1
1
-2
-1
0
0
-2
0
0
0
0
-1
0
-1
-1
2
1
1
0
-1
0
1
0
-2
-1
-2
0
0
-2
0
-1
0
2
0
1
-1
-3
0
0
0
1
1
0
0
1
0
2
0
0
0
-3
-1
0
0
0
0
2
2
1
1
0
0
0
1
2
-2
-1
0
1
1
-1
1
0
-2
0
0
0
-2
-2
0
0
1
0
0
0
0
-1
0
0
1
-1
0
0
0
0
1
0
0
-1
0
0
-1
-1
0
-1
-2
3
0
0
0
-1
0
0
0
1
0
0
0
0
1
2
1
1
1
0
0
0
0
0
-1
2
0
0
0
0
-1
-2
0
0
0
-1
1
0
0
1
0
0
-1
0
1
0
0
0
-2
-1
-1
0
-1
0
1
-1
-2
1
0
0
2
3
0
0
3
1
0
1
0
1
1
0
1
1
-2
-1
0
-1
-2
0
-1
0
-1
0
-1
0
-1
-2
0
0
0
-2
0
2
0
0
2
2
0
-1
0
0
1
-1
0
1
2
-1
0
0
-1
1
1
1
1
0
0
0
1
2
1
-2
-2
-3
0
0
0
1
0
-1
-3
-2
-1
-1
0
0
-1
0
0
-1
0
0
0
2
0
0
1
0
0
0
1
4
0
0
0
-1
1
0
-2
0
-1
0
0
2
0
-3
0
1
0
-1
-1
0
0
0
-1
1
0
0
-2
-4
-2
0
0
0
0
-1
-2
0
2
0
2
0
0
1
2
3
1
0
2
4
0
0
2
1
1
0
1
0
-1
1
0
-2
-1
0
-1
-1
-1
-2
-5
-3
-1
-2
-2
-3
-2
-1
0
-1
-2
-4
-1
1
-2
0
0
0
0
0
2
2
2
2
2
4
2
0
1
3
5
5
3
3
3
1
0
1
0
-1
0
0
0
0
-1
-2
-2
-1
-2
-1
-1
0
0
-2
-1
-2
-3
-3
-1
-1
-2
0
0
0
0
1
2
1
0
2
1
0
3
4
3
1
2
2
0
-1
-2
0
0
0
0
-1
0
0
-3
-3
-3
-1
0
0
-2
-1
0
0
-1
-2
1
1
1
1
1
-2
-2
2
0
2
1
0
1
1
0
0
2
1
0
-1
0
1
0
-1
1
0
0
1
0
0
1
1
-2
0
2
0
0
0
0
-2
-2
0
0
-1
-2
0
0
-1
0
1
1
2
1
1
2
3
0
0
0
0
0
0
1
0
-1
-2
0
2
0
-2
-1
0
-1
-1
-1
0
0
-1
0
0
0
0
0
0
-1
0
3
2
1
1
0
1
0
0
1
-1
0
0
1
2
0
0
1
0
-1
-3
-1
1
-1
0
-2
-3
0
0
0
0
0
0
0
0
0
1
3
1
-1
0
0
0
0
1
0
-1
-1
-3
-1
2
-2
-1
1
0
0
0
3
2
1
1
0
2
1
0
0
-1
0
-2
0
1
-1
0
0
-1
0
0
0
0
0
0
-1
-2
0
1
0
0
-1
-2
0
0
0
-1
-2
0
0
0
1
2
2
0
0
0
1
1
0
0
1
0
-1
0
1
2
2
1
0
-1
0
-1
-1
0
0
-2
-1
0
0
0
-1
0
1
1
0
-1
2
0
0
0
0
0
-1
-1
0
0
0
1
1
0
-2
0
0
-1
0
1
2
2
-1
0
1
1
1
0
0
-1
-1
0
0
0
0
1
0
0
-1
-1
0
1
2
0
0
-1
-1
1
0
-2
0
0
1
0
0
0
0
0
1
0
0
0
0
-1
0
1
0
0
0
0
1
0
3
1
-1
-1
0
1
1
0
0
0
-1
-1
0
0
0
0
-1
0
-1
0
0
0
-2
-1
0
0
1
1
1
0
0
1
0
-1
-2
0
2
0
1
1
-1
0
0
0
0
1
0
-1
0
0
-1
-1
0
0
0
0
0
-1
-1
0
0
0
0
0
0
0
0
1
0
-3
0
1
0
0
0
0
1
0
0
1
0
0
0
1
-1
0
2
0
-1
0
1
0
-1
0
0
-1
0
1
0
0
-1
0
0
0
0
0
-1
-1
0
0
0
-1
0
0
-1
2
1
0
0
0
0
1
0
0
0
0
0
0
1
0
0
1
0
0
1
1
0
0
0
0
0
0
-1
-1
0
-2
0
1
0
0
0
0
0
0
0
0
0
0
0
1
0
0
0
0
1
0
1
2
1
-2
-1
0
0
-1
0
1
0
0
-3
-1
0
0
0
1
2
1
0
-2
0
-1
0
0
0
0
0
1
0
-2
-2
0
0
3
1
0
-1
0
-1
-1
0
0
1
0
0
0
-1
0
1
1
0
0
0
1
0
0
0
-1
0
0
0
0
1
0
-2
0
0
0
0
-1
0
0
-2
0
0
0
0
0
1
0
0
0
1
0
2
0
-2
0
0
0
0
0
0
0
0
1
0
0
0
-2
0
1
-1
0
0
0
0
0
1
0
0
2
2
0
0
0
-1
-1
0
1
1
0
0
-1
0
-1
-2
-1
0
0
-1
0
2
1
0
0
0
0
0
-1
0
1
0
0
0
0
0
0
-1
0
1
1
0
0
-1
0
0
0
0
-2
0
0
0
0
0
1
1
1
0
0
0
-1
0
0
0
0
0
0
0
-3
0
0
-2
-2
0
0
0
-1
0
2
1
-1
1
2
1
-1
-1
0
0
-1
-1
0
-1
-1
1
1
1
0
0
0
0
1
3
0
0
0
1
0
0
0
-1
-1
0
0
0
1
0
0
0
0
0
0
0
1
1
-1
0
0
1
0
-1
0
-2
-1
1
1
1
-1
-2
1
1
0
2
-1
0
-1
-2
-1
-3
1
2
-1
1
2
0
0
0
-1
3
1
-2
1
-2
-3
3
1
-1
-1
-1
0
1
0
0
0
1
3
2
2
1
-2
2
2
-1
-3
0
0
-2
-1
0
-1
0
-1
0
-1
-1
0
1
-1
0
1
-1
0
1
1
1
0
-1
0
0
0
0
0
2
0
-1
0
1
2
0
-1
0
0
0
0
0
0
0
-1
0
0
0
-1
-1
0
-1
0
-1
-1
-1
0
0
1
1
1
3
1
0
1
0
0
0
2
0
-2
0
1
0
2
1
-1
0
0
0
0
0
-2
-2
-2
-2
0
-1
-1
0
-1
0
0
0
1
1
0
0
2
2
2
2
0
2
1
-1
2
2
0
0
0
0
0
-1
-1
-2
-2
0
-1
0
-1
-2
0
0
0
1
3
-1
-1
1
0
0
0
1
0
0
0
-1
0
0
0
-1
-1
-1
-2
0
0
-1
0
2
0
0
2
2
0
0
2
0
0
0
-1
-1
1
0
0
0
0
1
-1
-4
-2
0
0
0
0
0
0
-1
0
0
0
0
0
0
2
3
0
1
2
0
0
0
-1
-1
0
0
0
1
0
0
1
0
1
0
0
0
-1
0
-1
-1
2
1
0
0
-2
0
0
0
0
0
0
-1
-5
-1
0
-2
-1
0
0
2
1
0
0
1
1
-1
0
0
0
-1
1
1
0
0
-1
0
3
1
-1
-1
2
0
-1
3
0
-1
0
0
0
0
-1
-2
-1
0
1
0
1
0
0
-1
0
-1
0
0
-2
0
-1
0
0
0
0
0
0
0
0
-1
1
0
1
0
3
1
0
0
0
2
2
-1
0
0
0
2
0
0
2
-3
-4
0
-1
-1
-1
0
-1
0
1
1
-1
-1
0
0
0
0
0
0
0
-1
0
2
0
0
1
-1
1
1
-2
0
2
-1
0
1
2
1
0
2
0
-1
-2
0
1
0
-1
0
-1
0
1
-1
0
0
0
-1
-2
-1
0
0
-2
0
2
0
0
0
1
2
0
1
0
0
-1
0
0
-1
0
0
0
-1
-1
-1
0
-2
-1
1
1
0
0
0
0
0
-1
0
1
2
0
-1
2
1
-1
0
0
3
1
0
1
1
1
1
0
-2
0
-1
-2
-2
0
0
0
0
-1
-1
0
0
0
-1
0
0
-2
0
-1
0
1
0
0
0
1
2
1
0
0
0
0
0
0
0
0
0
-1
0
0
-2
-1
0
-1
0
0
-1
-2
0
1
0
0
-1
0
1
0
1
0
0
0
0
0
1
1
-1
0
0
1
0
-1
0
-1
-1
0
0
0
0
-1
0
0
-1
0
0
1
0
-1
1
1
0
3
0
0
0
0
2
0
0
1
2
0
-2
-2
-1
0
-1
-1
0
0
0
0
-2
-3
0
1
0
0
-3
0
2
1
0
-1
-1
1
2
0
0
0
-2
0
0
0
2
0
1
1
-1
-1
1
1
0
0
-1
0
0
0
0
-1
0
-5
-1
0
1
1
-2
0
-2
0
0
0
1
1
0
-1
-1
1
2
1
0
0
0
1
0
0
0
0
0
0
0
0
0
0
0
0
0
0
-2
0
0
0
0
0
4
4
0
-1
-2
0
-1
-3
-3
-1
1
0
0
0
0
0
-1
-1
0
0
2
-2
-1
2
0
0
-1
0
1
1
0
0
0
3
0
-2
-1
-1
-2
0
0
0
1
1
-1
-1
1
0
0
0
0
2
1
-1
-3
-1
3
0
-4
1
2
0
1
0
0
-2
0
1
0
1
0
0
0
-1
0
0
0
-2
0
0
0
-1
-2
0
2
1
1
1
2
0
0
0
-2
-1
-1
-1
-1
0
-2
0
0
0
0
0
0
1
1
1
1
1
2
1
2
1
0
0
1
1
0
0
0
0
0
-1
-1
-2
-4
-2
-2
-2
-3
-3
-3
-1
-3
-2
1
0
0
2
4
4
4
4
3
3
3
4
4
3
0
1
-2
-1
0
-2
-3
-5
-2
-3
-3
-1
-3
0
-2
-3
0
0
3
1
1
1
3
5
3
1
0
1
1
0
-1
0
1
-1
-3
0
0
0
0
-1
0
-2
-1
-1
-2
-2
0
2
3
0
0
-1
-1
-1
0
1
0
-2
-1
2
1
2
-1
-2
0
0
2
0
0
2
-1
1
0
1
2
-2
0
-1
1
-1
-1
3
-2
0
0
-1
2
0
-3
0
0
0
1
-1
-1
0
-1
0
4
3
1
0
1
0
0
-1
-4
-2
-1
-2
0
0
0
1
4
3
4
2
1
3
1
-1
-1
-1
-1
1
2
0
2
-1
-2
-2
-5
-6
-7
-8
-7
-2
-1
3
5
6
5
6
5
2
3
0
0
1
2
0
0
2
2
2
0
0
1
-2
-8
-9
-9
-7
-3
-5
-5
-1
4
9
4
0
1
0
0
0
-1
-1
0
5
9
9
9
5
3
2
-1
-5
-9
-7
-5
-4
-3
-1
2
4
2
0
0
-2
-3
-3
-4
-3
-1
0
3
5
5
2
2
4
0
-4
-5
-3
1
0
-1
-1
2
5
2
-1
0
0
0
0
0
-1
1
0
0
0
0
0
0
-1
0
-2
-1
-1
-1
0
-2
-1
0
0
0
0
3
0
2
3
2
1
0
0
0
0
-2
-3
0
0
0
1
1
1
0
1
0
0
0
-1
0
-2
-1
-1
0
2
1
0
-1
1
1
-2
-1
0
1
1
-1
-1
0
0
0
0
0
3
0
0
1
-2
1
0
-1
2
0
-1
0
-1
1
2
1
2
0
-2
0
1
-1
2
3
-4
0
6
2
-1
0
0
2
0
0
-2
-1
0
-1
0
-1
1
0
0
0
0
1
0
0
0
-3
-2
0
0
1
0
1
0
0
1
1
0
-1
2
0
1
1
0
-1
0
-1
0
0
0
0
0
1
2
0
0
0
-1
-2
-1
2
0
0
0
0
0
-1
-1
0
0
-1
0
0
0
0
1
0
-1
-1
0
0
-1
-1
1
0
0
2
-1
-1
0
-2
1
2
1
0
1
1
0
0
0
-1
0
1
1
1
0
0
0
-1
-1
0
0
-1
0
1
0
0
-2
-2
-1
-1
1
3
1
-1
-1
1
1
0
0
0
0
0
1
1
0
-1
-1
0
0
0
1
0
-2
0
3
4
1
0
-2
-1
0
0
0
-1
0
-3
-2
0
-1
-1
0
0
1
3
1
-2
2
3
-1
0
1
0
1
2
1
-1
-1
1
2
0
0
0
0
-3
-1
2
1
0
0
-1
-3
0
1
0
0
0
0
-4
-2
0
-2
1
4
0
-1
0
0
0
2
0
-2
2
5
4
0
0
0
-2
-1
0
2
0
-2
0
-1
-2
-1
0
-1
-1
0
-1
1
-2
0
4
0
-1
0
2
0
-1
2
0
5
3
-2
0
2
0
-1
-2
-1
0
0
0
-1
0
0
0
1
-5
1
1
-2
-2
0
1
-1
2
2
0
1
1
0
0
-2
-2
0
0
0
5
0
-3
0
4
0
0
0
-1
0
3
-2
-3
3
0
-2
0
1
0
0
4
0
-2
-1
2
2
-3
-1
-1
-1
1
2
0
-1
1
5
0
0
5
1
0
0
0
-1
0
-1
-2
0
-2
-1
-1
-1
-1
-1
2
5
0
-1
2
1
-4
1
3
1
0
0
3
-1
-3
1
2
0
0
0
-2
0
-1
3
-5
-1
2
2
1
-1
0
-3
2
3
-1
1
0
1
2
4
-5
0
-3
3
7
-6
0
4
-3
-1
5
-3
-3
-1
4
2
-11
-1
12
-3
-10
17
-7
-4
6
-6
2
-3
4
2
-5
-1
10
-2
-4
5
0
-6
-1
0
0
9
-16
3
10
-11
12
-3
0
-2
-8
16
-7
-7
6
0
-2
0
5
-9
10
4
-20
13
10
-19
14
2
-10
8
-6
0
5
3
-8
5
7
-18
0
20
0
-20
18
9
-31
13
7
-15
5
8
-6
-10
11
5
-15
6
16
-25
10
14
-31
16
-2
-17
39
-37
18
7
-34
53
-31
-5
30
-29
15
-2
-5
16
-25
23
-15
-6
16
-14
13
-6
-5
12
-5
-7
20
-14
-16
38
-27
-11
31
-25
0
20
-21
18
0
-19
24
-10
-7
7
-11
9
4
-22
15
16
-26
13
9
-14
8
19
-28
-3
30
-30
-1
18
-1
-11
6
11
-18
8
-15
21
-8
-18
35
-19
-4
20
-9
-11
7
-17
4
-8
-1
24
-5
1
24
-22
10
-13
-12
0
-13
4
8
11
0
24
-8
-3
-4
-9
-18
-3
23
-20
37
2
-13
26
-14
-21
21
-6
-24
37
-19
-1
11
-13
7
-16
-25
27
-4
-8
17
11
-7
2
-14
4
-11
-10
10
-20
30
32
-27
11
39
-33
-28
27
-2
-23
-16
23
10
-9
8
1
-5
1
-8
2
7
-5
-10
-3
20
-3
-22
32
-11
-22
55
-8
-41
31
-17
-9
26
-11
10
-32
4
47
-45
0
42
-57
-5
43
0
-13
-5
18
-19
21
2
-23
1
0
10
11
7
1
-19
0
1
-1
-3
6
-15
8
18
-16
18
10
-57
67
-31
-20
69
-76
28
16
-20
-8
-1
4
3
1
5
22
-41
8
39
-58
13
42
-56
4
60
-17
-40
41
-6
-38
49
-5
-33
11
14
-12
13
-15
-4
26
-24
5
11
-8
-8
13
6
-35
7
24
-20
7
-2
2
-13
31
3
-35
5
6
7
2
6
-19
-11
25
7
-3
4
-8
-8
-6
9
30
-28
15
-12
-44
52
-9
14
-18
-12
14
-24
36
6
-22
-13
14
0
-12
27
3
-43
41
-7
2
-7
-10
22
-47
65
-14
-45
34
-17
9
10
0
2
-51
58
8
-58
47
-1
-25
15
22
-15
-20
16
14
-32
23
14
-35
-1
14
-19
21
7
-35
11
14
-28
0
57
-44
-16
41
-16
-34
51
7
-51
34
-1
-19
13
6
5
-5
-4
-3
14
-12
-4
34
-32
-18
36
5
-18
-3
12
-20
13
25
-13
-10
-14
0
31
-9
-21
12
-13
9
3
16
-28
-13
27
-12
23
-21
1
-6
-24
60
-34
6
-2
2
-10
-13
77
-73
14
31
-46
29
-9
28
-64
30
33
-75
83
-27
-33
26
-6
9
-4
16
-40
40
0
-48
67
-35
-39
62
-25
6
-14
12
21
-33
-5
51
-37
-38
70
-13
-42
17
39
-36
-31
64
-6
-59
35
25
-52
8
36
-6
-50
51
11
-34
-9
48
-15
-48
75
-36
-33
59
-15
-18
5
22
-19
-32
78
-47
-29
65
-54
-4
41
-6
-42
19
38
-22
-23
29
22
-56
2
65
-68
-13
86
-69
13
12
-2
17
-53
35
29
-73
39
30
-44
-14
43
30
-91
43
40
-62
38
7
-40
31
4
-20
33
-62
19
48
-51
0
41
-48
7
43
-26
-14
4
26
-5
-14
1
39
-53
8
43
-44
-5
21
-10
-1
16
-17
25
-26
13
8
-40
48
-17
-39
58
-10
-31
39
-18
-4
11
-21
18
-19
24
17
-51
9
31
-19
-4
9
-8
-5
11
18
-42
17
7
-6
26
-24
-7
10
-7
19
7
-47
24
12
-20
34
-44
14
20
0
-12
-13
-5
23
16
-26
20
-27
9
29
-26
7
-9
-7
21
-12
-11
25
-14
-8
28
-25
-6
12
-3
6
-8
-3
29
-35
12
12
-26
18
0
-1
-11
2
34
-18
-10
17
-14
3
20
-12
-11
8
5
5
-2
-1
-12
0
38
-26
-40
52
-14
0
15
-37
25
4
-39
41
0
-45
35
-8
0
18
-28
14
2
-5
9
-20
35
-22
-23
24
16
-21
-8
5
16
3
-23
5
-3
16
-18
-8
30
-1
-21
-2
20
-6
-11
4
3
-3
13
-4
-9
6
9
-14
-1
15
-34
9
31
-16
-12
8
-2
-1
8
-13
13
-8
-2
21
0
-25
29
-3
-23
34
-25
-18
37
10
-50
40
21
-48
-22
35
9
-23
-2
9
7
0
8
-31
8
27
-31
-15
38
0
-33
22
19
1
-30
-8
34
2
-27
20
8
-21
27
-27
-24
41
-2
-57
39
9
-28
22
1
-24
23
3
-27
23
-2
1
18
-10
-12
37
-16
-20
15
-7
3
0
-13
24
12
-39
35
-1
-27
31
-5
-35
34
14
-27
7
6
4
-35
10
28
-37
-10
36
-37
-2
42
-45
-2
19
-10
-11
4
-3
14
-19
-2
23
-26
13
11
-15
-4
35
-11
-12
22
3
-2
11
10
-20
15
14
-3
-13
13
5
-3
8
-22
4
9
1
-2
-11
-2
11
-11
-2
5
-12
8
-23
10
27
-43
-5
26
-17
-10
18
-17
-1
3
0
0
0
0
-2
19
-15
4
4
-7
0
20
-12
6
9
-15
27
-7
-3
10
-12
-4
19
1
-12
1
24
-21
-12
28
-23
-15
28
-4
-20
14
4
-19
9
7
-14
2
-2
0
0
11
-11
-5
16
-3
-2
13
-12
2
13
-13
-3
14
-8
-3
-4
9
17
-21
11
5
-13
10
0
-20
5
7
-8
-12
25
-12
-27
39
-12
-20
17
6
-18
0
17
-1
-12
1
17
-10
-6
8
6
-6
-9
28
-10
-20
19
16
-30
12
15
-24
7
7
0
-8
12
-4
-14
14
7
-22
5
17
-10
-6
5
-7
1
1
-6
5
0
-10
2
10
-3
-6
2
12
-10
-2
16
-9
-4
17
-11
-2
9
-5
1
4
0
0
-1
-3
8
-3
-5
3
0
-3
5
0
-9
7
4
-10
2
-1
-2
-2
0
0
0
3
1
-3
3
5
-12
6
2
-13
14
1
-16
19
8
-22
4
9
-9
-3
2
9
-5
-11
18
-1
-18
15
11
-22
2
15
-12
-3
10
0
-8
9
2
-9
1
4
-3
0
-2
1
-9
0
10
0
3
-2
-9
0
9
0
2
-7
-9
4
-1
1
10
-6
2
13
-13
5
5
-14
12
1
-10
9
-4
-10
16
-2
-13
10
-3
-6
17
-4
-10
12
0
-4
-1
0
-1
-4
2
-4
-5
9
3
-2
12
-3
-6
4
-5
-5
6
-7
-8
10
5
-5
-2
5
-5
3
4
-5
-3
9
-2
-8
6
0
-4
5
0
-6
11
-5
0
1
-6
9
-6
-11
19
0
-14
17
-11
0
9
-16
-2
15
-10
-3
11
-4
0
5
14
-6
1
6
-1
-6
0
1
-3
-9
11
15
-27
5
18
-28
-14
20
-17
-6
15
-10
5
14
-13
12
11
-24
0
25
-18
-13
30
-8
-11
17
8
-9
0
12
-7
-23
18
16
-21
-4
22
0
-20
12
13
-7
-22
15
6
-21
12
5
-17
-2
19
-14
-14
13
3
-15
5
15
5
-15
13
11
-20
0
13
-3
-7
10
8
0
-10
2
7
-7
-8
7
0
-5
7
-6
-12
14
0
-19
3
10
3
-13
-8
16
16
-16
-6
16
8
-5
-2
1
3
5
-9
-9
5
5
-4
-3
4
6
-7
4
-3
-21
1
19
-5
-14
2
11
9
0
-10
-11
7
16
-4
-14
8
14
1
-1
-13
-11
11
4
-16
-7
10
5
1
10
-5
-10
3
5
-1
-3
0
4
1
6
7
-6
-4
-2
-5
8
1
-15
-2
13
-3
-7
7
0
-3
-1
-2
4
7
-3
-5
-5
7
6
-13
-1
7
-2
2
8
3
-7
4
-3
-1
3
-9
0
2
1
0
0
2
3
-1
4
7
-1
-1
-2
2
-5
-6
8
0
-12
-1
8
0
-6
0
-1
0
-5
4
7
-4
-3
3
6
0
-1
4
3
-6
2
1
-3
1
0
3
-2
-4
2
1
2
3
-3
1
1
-9
0
4
-1
1
0
-2
2
0
0
3
-2
-4
3
0
0
3
-2
0
-4
-2
0
0
0
-2
3
1
0
0
0
5
2
-4
-1
4
3
4
1
-6
0
0
-1
0
-3
0
2
0
2
-6
0
2
-5
3
0
0
7
-1
-3
2
-3
0
2
-2
0
5
-1
-4
1
2
-3
-3
2
0
0
-1
3
1
2
0
-1
0
2
-4
0
1
-2
5
-1
0
6
0
-2
0
-2
0
-8
-1
4
-5
4
3
-4
3
2
-5
7
2
-6
2
1
-6
5
4
-13
2
8
-10
2
9
-12
1
13
-8
-2
7
-7
-1
1
-1
7
-1
1
7
-7
-2
10
-7
-4
15
-11
-3
20
-20
-8
23
-14
-11
20
-5
-16
14
6
-21
3
23
-16
-18
34
-15
-20
44
-13
-26
44
-15
-35
55
-43
-2
37
-30
7
11
-21
8
0
-15
19
-13
11
-2
-1
14
-19
17
7
-23
11
-4
3
0
-10
11
-7
7
1
-10
16
-8
3
9
-18
9
13
-10
0
0
-4
-2
2
3
-28
15
21
-40
13
16
-24
12
0
-6
9
-10
12
-21
-1
41
-44
18
9
-31
55
-19
-19
23
-6
7
0
-3
-22
21
10
-23
8
5
-11
12
5
-11
-3
0
31
-26
-31
40
-2
-30
24
-19
-5
26
-6
-8
-8
20
5
-14
9
-9
-6
30
-17
-20
12
28
-19
-19
30
-13
-2
24
-20
-17
23
13
-27
-12
33
-12
-1
5
-28
23
16
-25
0
0
19
5
-26
3
23
0
-17
3
-3
-6
30
-17
-21
23
1
1
-17
4
11
-14
25
-14
-29
33
5
-14
-9
15
-5
-18
43
-43
-22
68
-45
1
35
-39
30
10
-27
7
0
9
-11
-2
8
-20
22
2
-34
28
10
-29
20
11
-21
17
6
-25
3
17
-8
-13
9
4
-1
14
-19
-1
14
0
6
-12
-8
8
0
-5
-10
6
16
-6
0
-4
-10
10
4
-16
-1
16
2
-9
4
-12
0
18
-7
-7
10
11
-3
-5
0
0
-4
13
0
-23
18
10
-22
16
8
-20
13
-5
-18
31
-10
-22
20
-16
-7
26
-18
-6
23
-8
-6
8
-6
-1
12
-6
-6
8
-5
1
0
-8
5
5
-4
1
0
-7
7
10
-18
9
9
-17
18
-3
-12
20
-11
-3
8
-14
6
6
-15
11
10
-14
5
6
-9
8
4
-11
0
1
-5
4
1
-10
1
6
-2
-2
0
1
2
-1
6
3
-6
-7
3
8
2
-8
-12
10
12
-1
-3
-5
2
9
-1
-6
-1
-4
2
3
-3
-6
-4
4
6
-6
-1
8
0
1
-1
0
1
0
3
-1
-6
1
5
-1
-2
-2
-2
0
1
0
0
3
1
2
-2
0
3
-5
2
1
-5
2
4
-5
-2
1
2
-1
-5
2
1
-8
2
6
-6
0
3
-2
1
0
2
1
-6
5
1
-6
6
1
0
4
-2
1
0
-1
2
-2
1
4
-3
0
3
0
-3
2
3
2
1
0
0
-2
-2
1
0
-5
-4
-2
0
0
-3
-1
0
-1
1
4
-1
-1
0
-1
1
-1
0
0
-1
4
1
0
3
0
0
-2
1
4
-1
0
1
-1
0
0
0
1
1
1
1
2
-3
0
0
-1
1
-1
0
2
2
-1
-4
0
-1
0
-1
-3
0
2
-3
-1
2
0
1
0
1
3
2
0
0
0
0
0
2
-1
0
1
0
2
1
-1
-2
0
0
-1
-2
0
2
0
-2
-1
-3
0
1
0
-2
-4
3
3
0
0
2
2
0
0
0
-1
0
1
2
-1
0
0
0
1
0
-1
0
-1
-2
-1
0
0
0
2
-2
1
1
0
1
0
0
-3
1
-1
-1
0
0
2
-2
2
3
-3
-2
-1
0
4
2
-3
0
3
0
3
-2
-2
5
0
-3
-3
0
1
0
0
0
1
-1
-3
0
0
0
3
0
0
0
2
0
-2
2
2
0
0
-2
-2
-1
0
-3
0
1
0
1
-1
-3
-1
0
1
0
2
3
0
0
0
2
2
0
0
1
0
-3
0
1
1
0
0
0
-1
-2
-1
0
-3
-2
1
0
0
0
2
2
1
0
0
1
0
-3
-1
0
1
1
0
2
1
-2
1
0
-3
-2
0
-1
0
0
-1
1
0
-1
2
0
1
0
1
2
1
1
1
2
1
0
0
0
0
0
-3
-1
0
0
-1
0
-2
-2
-3
-3
0
0
0
3
2
5
1
-1
0
0
0
0
-1
0
2
1
-3
0
0
-2
-1
0
0
0
0
1
2
-1
-2
-1
0
0
-4
0
1
0
0
0
0
1
0
-1
2
1
0
-1
0
0
-3
-1
0
0
1
0
0
1
0
2
1
1
2
1
1
0
0
0
-2
-1
-1
0
-1
-1
1
1
1
-1
0
0
-1
0
-3
-1
2
-1
-1
0
1
0
-2
-3
0
2
0
0
0
0
0
1
0
2
4
0
0
0
0
0
0
0
0
1
0
-2
-1
0
-1
1
0
-3
0
-1
0
1
-4
0
2
-1
-1
0
0
2
1
0
2
-3
-1
1
0
3
2
0
2
0
0
0
-1
0
0
-2
0
3
1
1
1
-1
-1
-1
-3
0
0
0
0
-2
0
1
-3
-1
0
0
1
0
-1
2
-1
0
1
0
0
2
2
3
3
1
-1
0
1
0
-1
0
0
3
0
-1
0
-1
-1
-2
-1
0
0
0
0
-1
-1
-1
0
-1
0
0
1
2
0
0
3
3
0
0
0
1
-2
-2
3
1
-3
0
1
0
-1
1
0
-1
-1
-1
0
0
-1
-1
-1
1
0
0
0
-1
-1
0
2
0
0
0
0
2
0
1
1
-1
1
2
0
-1
1
0
-1
-1
0
0
-2
-1
1
1
-1
0
2
0
0
-1
-1
2
2
0
0
0
-1
0
0
0
0
0
0
-1
0
0
1
0
-1
0
0
0
0
0
-1
0
0
0
0
0
0
1
2
1
-2
0
0
0
0
0
-1
-1
1
0
0
0
-1
0
2
0
-1
0
1
0
0
0
0
0
0
0
0
2
-1
-1
-1
0
0
0
2
0
-4
0
-1
0
2
3
1
0
1
1
0
1
0
2
1
0
0
0
-2
0
0
-2
0
0
-1
-2
1
0
-3
0
-1
0
1
1
-1
-2
0
1
1
0
0
0
2
1
-1
0
1
0
-1
0
0
0
-1
-1
1
0
-1
0
0
-1
-1
2
1
-3
1
0
-1
0
0
0
0
0
0
0
2
-1
-3
4
1
0
1
1
0
-1
0
0
3
2
-2
0
-1
0
0
0
0
-1
-2
-2
0
2
0
-3
0
0
0
1
0
0
0
0
0
0
0
0
-1
2
0
0
0
0
1
0
0
0
1
-1
0
1
0
0
0
-2
0
2
1
0
-1
-3
-1
0
0
-1
0
-1
1
1
0
-2
-1
2
0
0
0
1
1
-1
1
0
-2
-3
0
3
1
2
0
-3
-1
1
0
1
0
0
0
0
0
-1
0
1
0
0
0
0
0
0
0
0
-2
0
-2
-1
1
2
0
-1
-3
0
2
2
2
0
-2
0
1
1
-2
-1
0
1
2
-2
0
2
0
-1
0
4
2
0
0
-3
-1
0
-3
1
2
-1
3
-1
-2
-1
-1
2
-1
-4
0
0
1
0
0
3
0
0
4
0
-3
0
-1
-1
0
0
0
0
0
-2
0
0
0
2
3
0
-2
0
0
0
1
0
-1
0
-1
0
0
0
0
0
-1
0
1
0
0
-1
-1
0
0
-2
-1
-1
-2
-3
-1
0
0
3
6
0
-3
-6
-3
8
9
6
-2
-7
-3
-2
2
3
0
3
1
0
-5
-4
2
3
1
4
-3
-5
1
1
1
0
-4
-2
-1
0
8
1
-4
-3
0
9
2
-3
0
-3
-4
0
9
16
-9
-21
-3
8
11
-4
-4
9
1
-8
0
16
0
-19
-9
4
6
-6
0
13
0
-10
-3
7
12
-3
-18
-6
5
7
11
10
-5
-14
-8
2
16
8
-3
-9
-14
-5
9
12
4
-6
-9
-5
-3
10
18
0
-11
-8
-4
6
3
3
4
-5
-9
-10
4
24
20
-1
-22
-21
-4
12
8
-4
-5
9
17
5
-7
-12
-6
0
0
-1
4
10
0
-14
-13
4
21
15
-7
-15
-7
0
2
-1
2
7
0
-6
-2
3
4
6
3
0
-6
-13
-7
6
9
4
4
-2
-4
0
-1
2
1
2
4
-4
-5
-3
0
0
0
-2
-8
-8
10
14
-4
-14
-10
6
17
5
-9
-7
6
12
2
-6
-2
6
7
-1
-8
-5
3
14
3
-7
-7
-1
6
0
-2
-4
0
3
-3
-8
-6
1
6
4
-1
-3
0
3
2
0
-3
0
0
0
0
3
4
5
-1
-6
-2
0
-1
-2
-1
2
6
2
-2
0
1
-5
-7
-2
1
0
0
4
5
3
2
-3
-6
-1
4
4
0
0
1
2
-1
-4
-5
3
9
0
-4
-2
0
0
-3
-1
1
4
1
-3
-5
0
0
0
-1
1
2
0
1
1
-2
-1
0
0
1
3
5
0
0
0
-5
0
-2
0
0
-1
3
0
0
0
1
-2
-2
1
0
-2
0
0
-1
3
6
0
0
0
-1
0
-1
0
-3
1
4
-1
0
0
-2
-3
-3
1
1
0
1
1
-3
1
2
1
1
-2
1
1
1
2
0
0
0
0
0
-2
-3
-1
1
2
0
-2
-1
0
0
0
-1
0
2
1
-1
-3
-1
1
3
0
-4
-2
2
0
0
0
-2
5
7
2
0
0
0
0
1
-2
-1
-1
0
-1
-3
0
1
1
2
0
-2
-1
3
3
-1
1
2
-3
-2
-2
0
-1
-5
1
1
-1
2
1
-1
0
3
1
0
2
2
0
3
1
0
-2
-1
0
-3
0
1
-1
-1
0
0
1
0
-2
-1
0
2
2
-1
-1
-1
0
1
3
0
0
1
4
-2
-3
0
0
3
2
-3
-7
-5
-5
-3
-3
-2
-1
-2
2
1
0
1
2
5
0
0
0
3
6
4
5
4
3
3
0
1
1
0
0
-2
-2
-2
-3
-2
-1
-1
-5
-3
-3
-2
0
-2
0
2
0
0
0
0
0
0
1
2
-1
-5
-1
-2
0
3
-4
1
5
0
1
0
7
9
1
10
12
4
2
5
7
3
-2
-3
-3
-6
-7
-1
-8
-9
-10
-6
-4
-9
-9
-4
0
0
1
2
4
6
5
6
6
7
7
5
4
3
4
0
-3
0
-5
-3
-8
-7
2
-5
-8
-8
-6
-4
-2
2
-2
-3
5
5
0
6
10
0
6
16
1
6
14
-1
-3
8
2
-15
-7
13
-2
-20
-9
-3
-2
28
-3
-61
-8
75
28
-113
-24
141
-20
-111
85
60
-127
-3
143
-48
-115
69
56
-61
-16
49
-23
-26
57
-4
-34
43
6
-43
38
43
-60
-24
74
-14
-71
62
-1
-81
82
24
-117
40
75
-77
-32
67
-9
-62
34
30
-48
14
38
-24
-8
33
2
-17
22
9
-26
14
25
-33
-20
40
6
-50
5
33
-27
-20
20
3
-13
-3
6
-8
-1
21
-7
-22
13
11
-3
12
0
-17
15
18
-8
-3
2
6
-6
-2
21
-12
-14
17
-7
-3
19
-10
-21
15
18
-19
-9
9
-8
-2
5
1
-14
-11
19
-1
-14
13
-5
-15
20
16
-15
-10
10
4
4
9
-10
-7
10
1
0
2
-13
-9
10
4
-3
-3
-8
0
7
-3
0
4
-10
-5
9
1
-5
8
-1
-4
15
0
-5
13
-3
-11
9
6
-3
-2
13
-5
-20
7
8
-10
4
4
-7
-14
9
21
-27
5
16
-20
8
5
2
-1
-6
3
-2
3
-4
-3
11
-12
0
19
-19
-5
16
-5
-6
8
-2
-7
9
9
-9
1
12
-12
0
7
1
-2
-2
4
-5
2
0
-4
1
-4
4
1
-3
0
0
0
1
-3
-1
0
0
1
0
2
0
-2
-1
4
3
-3
2
0
-1
1
1
0
-4
2
5
-5
3
0
-7
5
4
-5
3
0
-8
1
5
0
-5
2
3
-4
-1
0
0
0
1
2
1
-1
-1
1
0
1
-3
0
1
-1
0
2
0
0
4
0
-1
3
-4
0
1
-3
0
-1
-2
-2
3
1
-4
-1
7
0
-10
2
3
-6
-1
8
3
-5
0
8
-1
-5
6
3
-4
-3
3
0
-4
-2
2
3
-6
-5
8
0
-6
11
4
-9
1
6
-2
-5
6
0
-5
0
-1
2
-1
-6
2
0
-4
0
1
-3
0
3
-5
-3
3
0
-1
4
2
-1
-1
3
3
-1
3
1
-3
1
1
0
0
-2
0
0
-1
2
0
-4
0
2
0
0
1
0
-3
-1
1
0
0
1
-1
0
3
0
0
1
0
0
0
1
-1
-3
-1
0
-1
0
4
0
-3
3
1
-5
1
3
-2
-2
5
2
-1
4
0
-4
-2
0
-2
-2
0
-2
-2
0
2
1
0
-1
0
0
1
2
-1
0
2
0
-2
1
2
2
0
-1
0
0
-1
-1
1
1
0
0
0
0
-1
-4
0
0
0
2
0
-1
0
-2
-2
0
-1
0
3
0
-1
1
1
-1
0
0
-2
0
2
0
0
-2
0
2
0
0
0
2
2
0
-3
2
2
-1
0
1
0
0
1
-1
0
1
0
1
0
-2
-1
0
0
-1
0
-1
1
1
-2
0
0
0
0
-1
0
0
0
3
0
-1
0
1
3
0
-1
-3
0
0
0
1
1
2
1
0
-1
0
3
3
0
-3
-5
0
12
2
-7
-8
-6
5
9
-3
-7
0
3
6
1
-8
-4
0
0
1
1
0
0
1
-1
-1
1
3
0
-3
-5
0
5
6
1
0
-5
0
4
1
-1
-5
-1
2
3
2
1
-3
-2
2
2
-2
-3
-2
0
5
2
0
0
-2
0
1
0
-2
0
4
1
-1
-2
-3
-2
0
0
1
0
0
-1
0
0
0
0
-4
0
3
3
1
-1
0
1
5
0
-2
0
2
6
0
-5
-3
0
3
0
-1
-1
0
0
-1
-3
-4
0
0
0
0
0
0
-2
0
0
0
2
-1
0
4
2
-2
0
-1
0
4
1
-2
-1
2
1
-2
-1
-3
1
5
0
0
-1
0
2
2
-1
-1
1
-2
0
1
0
0
-3
0
1
2
0
-5
1
4
0
0
-1
-2
-2
-1
-2
-1
1
3
6
5
-1
-1
0
-4
-6
-3
-3
2
0
4
9
2
0
0
-2
-1
0
-1
0
0
4
8
-1
-4
-3
-1
-1
-2
-2
0
2
4
0
-2
-3
-1
-1
1
0
0
0
0
2
0
0
0
-2
-1
0
1
3
3
2
2
-2
-1
1
0
-1
-1
0
-2
0
0
-1
-2
-3
-2
0
1
2
3
2
0
0
0
0
0
0
0
2
2
1
1
0
0
-2
-4
-1
0
1
1
1
1
0
-2
0
3
1
0
1
0
0
-2
-1
0
1
0
-2
0
0
-1
0
-1
0
0
0
0
0
1
1
0
0
-1
0
1
0
0
1
1
-1
-3
0
-1
0
