0
0
0
0
0
0
0
0
0
0
0
0
0
0
0
0
0
0
0
0
0
0
0
0
0
0
0
0
0
0
0
0
0
0
0
0
0
0
0
0
0
0
0
0
0
0
0
0
0
0
0
0
0
0
0
0
0
0
0
0
0
0
0
0
0
0
0
0
0
0
0
0
0
0
0
0
0
0
0
0
0
0
0
0
0
0
0
0
0
0
0
0
0
0
0
0
0
0
0
0
0
0
0
0
0
0
0
0
0
0
0
0
0
0
0
0
0
0
0
0
0
0
0
0
0
0
0
0
0
0
0
0
0
0
0
0
0
0
0
0
0
0
0
0
0
0
0
0
0
0
0
0
0
0
0
0
0
0
0
0
0
0
0
0
0
0
0
0
0
0
0
0
0
0
0
0
0
0
0
0
0
0
0
0
0
0
0
0
0
0
0
0
0
0
0
0
0
0
0
0
0
0
0
0
0
0
0
0
0
0
0
0
0
0
0
0
0
0
0
0
0
0
0
0
0
0
0
0
0
0
0
0
0
0
0
0
0
0
0
0
0
0
0
0
0
0
0
0
0
0
0
0
0
0
0
0
0
0
0
0
0
0
0
0
0
0
0
0
0
0
0
0
0
0
0
0
0
0
0
0
0
0
0
0
0
0
0
0
0
0
0
0
0
0
0
0
0
0
0
0
0
0
0
0
0
0
0
0
0
0
0
0
0
0
0
0
0
0
0
0
0
0
0
0
0
0
0
0
0
0
0
0
0
0
0
0
0
0
0
0
0
0
0
0
0
0
0
0
0
0
0
0
0
0
0
0
0
0
0
0
0
0
0
0
0
0
0
0
0
0
0
0
0
0
0
0
0
0
0
0
0
0
0
0
0
0
0
0
0
0
0
0
0
0
0
0
1
1
0
0
-1
-1
-1
-1
-1
0
2
2
1
1
2
2
2
0
0
0
0
-2
-3
-3
-2
-4
-1
0
0
2
3
4
3
3
3
1
-2
-1
-1
-3
-4
-4
-2
0
0
-2
0
0
0
0
0
0
0
0
-1
1
0
0
0
-1
0
0
0
0
0
-1
1
0
0
0
1
1
0
1
0
2
2
1
0
0
0
0
0
0
0
-1
-2
-1
0
1
0
0
0
0
-1
-1
0
-1
-1
-1
-3
-2
-1
1
3
0
-2
0
0
-1
0
0
0
2
1
1
2
0
1
1
0
0
1
1
-1
0
0
0
0
-2
-1
0
-1
1
0
-2
0
0
0
-1
-2
1
0
0
1
0
1
2
0
0
0
0
0
1
0
0
0
-2
1
0
0
0
0
-1
0
0
1
0
0
1
0
-1
-1
0
1
0
0
0
0
0
0
0
0
2
0
-2
-1
0
0
1
0
-2
0
0
0
1
2
1
2
0
0
0
-1
-2
0
-1
0
0
0
0
0
0
0
1
1
1
-2
0
0
-3
-2
-1
2
1
0
0
1
3
2
1
-2
-1
0
0
-3
0
5
1
-1
-2
0
1
0
0
0
-1
0
-1
-2
-1
-2
0
2
0
0
0
-3
0
1
0
0
0
-1
0
2
1
1
1
2
2
1
-2
-2
-2
0
0
-1
-1
0
1
0
3
1
-2
0
-1
-5
-4
-1
-1
0
2
1
1
1
0
2
0
0
0
-1
-1
0
0
0
2
0
3
2
1
-1
-5
-3
-2
-1
-2
-3
0
0
0
1
2
3
5
1
0
0
-3
-3
0
0
1
1
1
3
3
-2
-2
-3
-1
-3
-4
-1
0
3
4
4
6
2
0
-4
-8
-10
-8
-3
1
5
12
12
10
6
1
-3
-7
-10
-12
-7
-4
-2
0
2
4
5
5
5
3
1
3
0
-3
-2
-1
-1
-1
-4
-2
-1
0
0
1
1
2
3
3
1
0
0
2
-1
-2
-4
-4
-2
-1
0
0
4
7
7
2
-1
-3
-3
-7
-8
-3
0
5
5
5
4
1
0
-2
-1
0
0
0
-1
-3
-3
-5
-4
-1
0
5
6
3
0
-3
-2
-4
-1
0
2
3
2
1
0
0
-1
-2
-1
1
3
1
0
0
1
1
2
1
0
1
1
0
-2
-2
-1
-1
-1
-1
-1
0
0
1
2
2
1
0
-3
-5
-4
0
0
-1
0
1
0
-1
-3
-1
0
0
3
4
3
0
0
-1
-3
-3
1
2
2
3
1
0
-1
-2
0
0
1
1
0
0
-2
-5
-6
-4
-2
1
3
2
0
0
-2
0
0
1
2
5
5
3
-1
-2
-1
-1
-1
0
0
2
0
0
-1
-2
1
0
0
1
0
1
0
-1
-1
-1
-1
0
0
0
0
0
-2
0
1
0
0
-3
-2
1
0
-2
0
2
0
-1
0
0
0
-1
0
4
2
0
0
0
0
1
0
3
2
-1
0
1
0
-1
0
0
1
1
0
0
-5
-3
-3
-1
0
-1
-2
0
1
-2
0
2
0
0
1
0
0
-1
-1
0
0
1
4
-1
-1
3
0
-1
0
0
0
-2
0
1
1
-3
0
5
0
-1
0
3
0
-1
0
0
1
-4
-2
0
-3
-2
-2
0
3
-2
-4
0
5
6
-1
-1
2
3
-1
-2
4
2
-4
-1
4
-3
-10
3
12
4
-3
-6
-8
-6
9
10
-8
-15
33
53
-31
-86
-15
67
33
-27
-9
9
-26
-29
10
-4
-26
16
38
-3
-32
-8
17
-4
-3
14
9
9
25
19
-10
-12
6
13
17
5
-7
3
2
-10
-1
7
-13
-31
-20
0
17
9
-15
-17
-2
6
-3
-17
-10
15
30
17
-6
-12
-1
4
1
-2
-10
-3
22
18
-21
-32
-7
10
4
-5
-4
1
9
4
-7
-2
11
9
8
-4
-8
9
17
7
0
-4
-7
3
6
-4
-3
-4
-11
0
0
0
1
-6
-13
-2
7
2
3
2
0
3
-2
-1
3
0
2
6
1
2
2
-8
-9
1
0
0
4
-8
-10
6
7
0
-5
-5
-1
9
13
1
-4
-5
3
15
5
-10
-6
3
1
2
5
-4
-5
-6
-5
0
-2
-3
0
0
-5
1
2
-1
0
1
0
1
5
4
1
0
1
2
4
0
-2
0
-1
-4
-1
-3
-6
-2
-1
0
2
1
2
4
3
0
-1
0
0
0
-2
-2
5
5
3
0
-5
-5
-2
0
-2
-4
-3
3
5
3
0
-6
-3
-1
0
1
0
2
4
4
0
-2
-1
-2
-3
0
-1
3
6
1
-1
-1
0
-4
-6
-4
0
4
7
4
6
6
5
1
-1
-2
-4
-3
-4
-3
0
0
-3
-5
-8
-12
-9
-7
-5
-2
1
8
10
6
3
3
6
8
7
7
7
9
9
6
4
3
4
4
-5
-11
-6
-6
-11
-20
-18
-11
-8
-12
-23
-19
-6
-2
-3
-7
-2
8
13
9
4
16
23
20
13
9
12
21
20
12
2
-1
10
10
-5
-14
-15
-10
-15
-23
-21
-14
-8
-11
-15
-9
0
1
-10
-11
0
8
9
2
4
15
21
15
0
-1
8
14
6
-2
-2
7
12
5
-5
-6
1
1
-3
-15
-13
1
2
0
-3
-2
3
0
-10
-15
-10
1
3
0
-1
1
7
2
-6
-15
-5
9
6
1
-3
9
13
5
-4
-7
5
10
3
-5
-6
10
11
-4
-14
-10
9
13
1
-12
-10
5
3
-11
-13
-2
11
9
0
-4
0
5
-1
-9
-7
8
15
5
-6
-5
4
4
-5
-5
0
6
5
-2
0
-1
-2
3
0
-1
-1
1
0
-2
1
0
0
-1
-2
2
0
-3
0
2
3
-1
-5
-3
2
2
-2
-1
2
5
1
-7
-5
0
1
0
1
3
5
0
-4
-7
-1
1
3
0
-2
2
1
0
-4
-3
2
3
1
2
3
2
0
-2
-3
1
6
-1
-3
0
-3
-1
-4
-4
-1
3
4
-4
-5
-3
0
2
-3
-1
5
8
0
-7
-3
4
7
0
-1
4
11
7
-4
-7
1
7
0
-10
-2
4
4
-9
-14
-4
2
3
-2
-2
5
7
0
-8
-7
1
6
5
0
-1
3
4
-4
-7
-2
4
6
3
2
3
3
-3
-11
-6
-1
3
1
0
2
0
-3
-5
-1
1
-3
-1
4
6
3
-4
1
5
1
-2
-4
5
5
-1
-4
-6
1
0
-2
-3
-4
2
-1
-2
1
1
7
5
1
-1
-1
0
-2
-1
-1
-2
4
3
0
-1
-1
0
-1
1
0
0
0
4
6
2
-2
-3
2
-1
-2
-4
0
0
-2
0
0
2
1
0
4
0
1
0
-1
4
0
0
-3
-2
-1
-3
-2
-2
-1
1
0
3
0
0
5
0
0
0
-1
2
-1
2
2
-1
1
-4
-2
-5
-6
0
0
6
1
0
6
1
3
-1
0
2
-1
0
-5
-1
1
-2
0
-2
0
0
-1
1
0
0
0
0
2
1
0
0
0
0
0
1
-1
-1
0
-2
1
1
1
0
0
0
1
0
0
-1
-1
2
1
1
-4
-3
2
4
0
-5
-3
4
4
0
-5
-1
8
6
-4
-8
-3
4
5
-4
-7
0
5
4
-2
-6
3
7
6
-2
-6
0
6
4
-6
-10
-1
4
1
-8
-4
5
6
4
-3
-4
7
13
4
-9
-3
11
12
-3
-11
-2
9
7
-12
-15
-1
13
1
-15
-5
1
-1
0
-1
1
-1
-10
4
5
-4
-12
-4
8
7
-2
-10
-1
9
11
0
-5
-2
8
14
1
-11
-5
11
15
0
-12
-3
12
8
-7
-13
2
11
7
-6
-8
0
4
-3
-14
-9
6
15
0
-12
-3
11
10
-15
-20
0
18
11
-12
-7
12
16
-2
-22
-12
13
20
1
-19
-10
12
19
0
-21
-8
18
17
-9
-25
-8
12
9
-13
-17
5
15
7
-7
-10
3
8
1
-8
-5
9
11
1
-8
-1
16
8
-9
-11
3
15
3
-13
-10
3
7
-2
-11
-9
1
6
-3
-12
-4
7
9
-1
-6
3
13
7
-6
-3
7
12
2
-10
-4
6
6
-2
-9
-4
2
1
-4
-7
1
6
0
-9
-3
8
7
-4
-10
2
11
0
-10
-5
3
6
0
-7
-2
5
5
0
-1
1
3
1
-3
0
1
0
-1
0
4
1
-5
-4
4
5
0
-4
-2
1
3
-1
-3
0
3
4
-3
-5
-2
3
3
-4
-4
2
5
0
-4
-4
2
5
1
-1
0
4
0
-5
-5
2
4
-3
-4
2
4
0
0
0
0
1
-2
-2
2
2
1
1
1
0
0
-3
-2
0
0
2
0
0
-1
-1
0
0
1
0
-1
0
0
-1
-1
1
0
1
0
0
0
0
1
0
-2
-1
0
0
1
1
0
0
0
0
0
0
-1
0
1
0
1
-2
-3
0
1
4
0
-1
-1
-2
0
-1
0
-1
1
0
0
3
-2
-1
-1
2
2
0
0
-1
2
2
1
0
0
1
-1
1
0
0
-1
-2
0
2
0
-1
-2
-1
0
0
-1
0
2
2
0
-4
-3
0
3
1
0
0
4
3
-5
-2
3
7
3
-2
3
5
2
-7
-13
-2
7
4
-5
-6
0
5
0
-14
-10
8
13
6
-6
-5
7
6
-4
-14
-2
15
12
0
-10
-3
6
0
-11
-7
7
12
5
-5
-4
0
-1
-7
-7
6
10
6
0
-3
0
-3
-7
-3
2
7
4
3
1
-4
-9
-8
-2
2
2
0
1
1
3
-2
-6
-1
0
7
2
0
2
0
0
-3
-4
0
2
2
0
-2
-3
-1
0
0
0
-1
0
2
4
3
2
4
5
3
-1
0
1
0
1
-2
-1
1
3
-3
-7
-6
-8
-3
-4
-5
-3
-3
-3
-6
-4
-2
2
7
8
10
9
9
8
7
5
5
6
4
2
-1
-3
0
-4
-8
-10
-12
-7
-7
-10
-10
-6
-3
-5
-5
-3
0
3
4
5
7
8
6
4
5
9
4
3
4
5
3
0
0
-2
0
0
-2
-1
-1
-1
-3
-2
0
0
1
0
0
1
0
0
0
4
0
-3
-2
-2
-4
-5
-4
-3
-1
0
-3
-4
-3
0
0
0
-1
0
1
0
2
0
1
5
5
6
0
-1
6
3
1
-2
-4
0
0
0
-1
-1
2
2
0
-3
-4
0
0
-3
-1
1
2
0
0
0
0
2
-4
-1
1
0
-1
0
4
2
0
2
3
1
1
-1
0
0
-3
-7
-6
0
-3
-8
-6
-5
-2
-7
-7
-1
1
1
0
4
6
7
10
11
12
11
13
14
10
8
8
9
7
4
3
-1
-4
-7
-7
-12
-15
-17
-17
-12
-16
-15
-14
-11
-7
-5
-1
0
4
4
6
7
8
8
8
7
3
1
0
0
0
0
-2
-2
-2
-2
0
-1
0
0
2
2
1
4
6
6
6
6
5
3
1
1
1
-1
-2
-2
-1
-2
-3
-4
-5
-3
-4
-4
-3
-2
-1
0
0
0
0
1
0
2
0
1
2
2
3
1
0
0
0
2
-1
-4
-1
-2
-2
-2
0
0
3
2
1
1
2
4
3
1
2
2
2
0
-2
0
-1
0
-3
-4
-2
-2
-1
-2
-2
-2
-4
-2
-1
-5
-1
-2
0
0
0
0
0
2
0
1
2
0
3
0
0
5
2
0
0
2
3
2
2
0
0
4
3
0
1
4
2
2
2
-1
0
-1
-1
-2
-4
-2
-2
-4
-4
-2
-2
-1
-2
0
-4
-2
0
-1
1
1
2
3
0
0
-3
-1
0
-2
0
0
2
1
-1
3
2
1
1
0
1
2
0
-1
-1
0
1
1
1
2
0
0
0
-2
0
-1
0
2
1
0
-1
-2
0
0
0
-1
-2
-1
0
0
0
-1
-1
0
1
1
1
0
0
0
-1
0
0
1
0
0
2
0
0
0
0
0
-1
1
3
1
0
0
0
1
0
0
1
-1
0
-1
-1
0
-2
0
0
-2
0
-1
-1
0
0
0
-1
-1
-1
0
1
0
0
0
0
2
0
0
2
1
0
0
0
0
-1
0
1
0
0
0
0
0
0
0
-1
0
-1
-2
1
0
0
1
0
0
0
1
0
-1
1
0
0
1
-1
0
-1
-1
0
-1
-2
0
0
0
0
0
0
0
0
-1
1
0
0
0
1
1
0
3
1
0
0
0
0
0
-1
-1
0
0
1
-1
-1
0
2
2
-1
0
0
0
0
0
0
0
1
0
0
0
-1
-1
0
0
0
0
0
-1
1
1
0
1
0
-1
0
0
0
0
0
0
-1
0
0
-1
0
2
1
0
1
0
-1
1
1
2
0
0
0
0
0
-1
-3
0
1
0
-2
-1
-2
1
0
-2
0
1
0
1
0
0
0
0
0
0
-2
-3
1
0
-1
1
-1
1
1
1
0
0
1
1
0
0
0
0
0
1
1
0
1
0
0
0
-1
-1
0
-1
-2
0
0
-2
-2
0
-1
-1
0
1
0
0
2
1
0
1
0
0
0
0
0
-1
-1
0
0
-1
1
0
0
2
0
0
0
0
0
0
1
0
1
0
-1
0
-1
0
0
1
1
-2
-2
1
0
1
1
0
0
0
0
0
1
0
0
0
0
-1
0
0
-2
0
1
0
0
0
0
0
-1
1
0
-1
0
0
-2
0
0
0
1
1
1
1
0
-1
0
1
0
0
0
-2
-2
0
0
-1
0
0
0
0
0
-1
0
0
-1
0
0
0
-1
0
1
-1
2
3
1
0
0
1
0
0
2
-1
2
0
0
1
-1
0
-2
-2
-1
-1
0
-1
-2
0
-1
0
1
3
2
1
2
0
0
0
-1
0
-1
0
0
-2
0
0
-1
-3
0
0
0
3
-1
-2
1
0
-2
-1
0
1
3
2
0
1
1
0
0
0
0
0
0
-1
-1
-1
-1
0
0
-1
0
0
0
0
0
0
1
0
-1
0
0
0
0
0
0
0
0
1
0
0
0
0
-2
0
0
0
0
0
0
0
1
1
0
1
1
-2
0
0
0
0
0
0
0
0
0
0
0
0
0
0
0
1
-1
-1
0
0
0
0
0
0
0
0
0
0
0
1
0
0
0
0
0
0
0
-1
0
0
1
0
0
0
0
-1
0
0
0
0
0
0
0
-1
0
-1
0
0
0
1
2
1
0
1
2
2
0
0
0
-1
-1
0
-1
0
0
-1
0
0
0
1
0
0
1
0
0
0
-2
-2
0
0
-1
-1
0
-2
-2
-1
-1
0
0
0
1
2
0
0
1
-1
1
1
0
1
0
0
1
0
1
-1
0
0
0
0
0
1
2
0
0
1
1
0
0
-1
-1
0
0
-1
0
0
-1
0
1
0
0
0
0
0
-1
-1
0
0
0
0
0
0
1
0
1
2
0
1
0
0
1
0
0
-1
-1
0
0
0
0
0
0
0
-1
0
0
-2
0
0
0
0
0
0
0
1
1
-1
0
0
0
0
0
0
0
0
0
0
0
-1
0
-1
-1
0
0
0
0
2
0
1
2
1
0
0
0
0
0
-2
0
0
0
1
0
-1
-2
-1
0
-1
-1
0
0
1
1
1
0
-2
0
0
0
0
0
0
0
1
1
2
1
0
0
0
0
-1
0
1
-1
0
0
0
2
1
0
0
0
0
-1
-1
0
0
-1
-1
0
0
0
-1
0
0
0
0
0
2
3
0
1
1
0
0
1
2
0
-1
0
0
-1
-1
-1
0
1
-1
-1
1
0
-1
1
0
1
0
-1
0
1
0
-1
0
0
-1
0
0
0
0
-1
-1
0
0
0
0
0
0
1
1
0
0
0
0
0
0
0
0
0
0
0
2
1
0
0
0
2
1
0
1
1
2
1
0
0
0
0
1
1
0
-3
-3
-1
0
0
-1
-1
0
-1
0
0
0
0
-2
-3
0
0
-1
0
0
0
1
0
-1
1
2
0
1
1
1
4
2
0
1
0
-1
0
0
1
-1
-2
0
0
-1
0
-1
-1
-2
-1
0
-2
0
0
0
2
1
1
3
0
0
0
-1
-1
-2
0
0
0
0
0
3
1
0
1
0
-1
-1
-1
0
-2
0
2
0
2
1
0
0
0
0
0
-1
0
1
1
2
0
-1
-1
-2
-2
-1
-1
0
-1
0
0
0
0
0
1
0
0
3
2
0
0
0
0
-1
0
-1
-1
-1
1
0
0
0
0
0
0
1
0
0
0
0
0
-1
0
0
0
0
0
-2
-2
-2
-1
0
-2
0
0
0
0
0
0
0
0
1
0
0
0
0
0
0
1
0
-1
-1
0
1
0
0
0
0
0
0
-1
0
-1
0
0
0
0
0
0
0
0
2
0
0
0
0
0
0
0
0
0
0
1
2
0
0
0
0
1
0
-1
-1
-1
-1
-1
-2
-2
0
0
-1
-1
0
0
-1
0
0
0
2
0
0
0
0
0
0
0
2
0
1
2
0
0
-1
0
2
1
0
0
0
0
0
0
0
0
-1
-1
0
1
-1
-2
0
0
0
-2
-2
-1
0
-1
-1
0
-1
0
-1
-1
0
-1
0
0
0
0
0
0
-1
0
1
1
1
0
0
0
0
1
3
2
1
0
0
0
0
0
0
0
2
0
0
2
0
-1
0
0
-1
0
0
0
0
0
-1
0
0
0
0
0
0
0
-1
0
0
0
0
0
0
0
0
0
-1
0
1
1
0
0
0
0
0
1
2
1
1
0
0
0
-1
0
0
0
-2
-2
-1
-1
-1
0
0
-2
0
0
0
1
0
0
2
0
0
0
0
2
1
1
1
1
2
0
-1
-2
0
0
-1
-1
-1
-2
0
0
1
0
-1
-1
0
-2
0
0
0
0
0
1
0
0
0
1
1
0
-1
0
-1
-1
0
0
1
0
2
3
0
0
-1
-1
0
0
-2
0
0
0
1
1
1
1
3
3
-1
-1
-2
-2
-3
-5
-2
1
2
0
0
0
1
0
0
-1
-3
1
2
2
0
-2
0
1
0
0
0
3
2
0
1
1
0
-3
0
0
-3
-2
-2
-2
0
0
1
4
0
-2
2
3
0
1
0
0
0
0
-2
-1
2
-2
0
2
-1
1
5
-5
-6
4
0
-7
1
2
0
6
4
-4
2
4
-5
-2
4
-4
-3
6
2
-4
7
5
-9
3
6
-12
-5
8
-5
-6
9
-4
-9
14
4
-20
2
20
-6
-9
8
-6
5
25
-14
-33
27
40
-28
-32
15
26
1
-23
-24
21
39
-27
-47
23
51
-22
-55
17
48
-8
-33
-1
11
13
10
-34
-24
46
28
-46
-29
38
22
-31
-7
18
3
8
-13
-25
38
34
-63
-20
68
0
-58
23
36
-53
1
62
-52
-22
87
-45
-97
90
84
-90
-82
73
100
-40
-123
24
139
-36
-138
41
104
-72
-44
67
-19
-51
76
47
-69
-77
79
144
-152
-180
233
146
-309
-68
307
-2
-257
54
219
-74
-186
140
114
-177
-50
184
2
-167
30
200
-90
-206
145
177
-220
-95
230
-4
-142
-10
131
30
-175
-17
175
1
-228
63
144
-48
-49
32
-71
76
170
-183
-213
242
231
-282
-117
106
182
-45
-180
-46
220
65
-240
41
137
-78
-42
105
-89
-71
178
-66
-139
125
56
-137
97
53
-150
92
102
-69
-127
166
-70
-10
-107
101
57
-79
-180
171
306
-303
-171
266
188
-333
-47
217
-36
-248
38
286
-213
-167
219
179
-273
2
396
-173
-188
63
273
-252
-94
-27
106
85
-274
168
303
-257
-262
665
-90
-489
-11
444
-245
-322
210
-2
-39
-26
176
-99
143
24
-57
162
-158
-113
146
12
-301
87
161
-12
-205
88
272
-166
-144
273
105
-310
-4
237
-96
-145
14
114
-97
-22
84
-189
212
93
-114
-32
88
44
124
-199
-343
264
425
-376
-392
387
289
-354
-32
174
-76
-14
116
-220
162
153
-494
269
256
-250
-191
280
-68
-134
58
74
15
-111
-32
243
147
-395
-86
340
238
-508
-45
591
-384
-265
409
106
-516
235
95
-249
149
198
-383
125
370
-441
1
314
-77
-397
481
55
-642
357
523
-541
-279
505
-52
-171
362
-476
184
231
-201
-346
258
286
-421
174
250
-284
-25
383
-487
277
26
-473
92
478
10
-566
564
11
-339
117
316
-518
0
324
-266
-137
232
280
-163
-331
70
549
-177
-352
-38
434
-96
-453
398
156
-486
328
92
-257
-96
260
1
-264
72
267
-122
-92
20
85
-24
107
-236
34
36
248
-430
203
258
-308
222
-305
284
-8
-122
-256
337
168
-444
-90
339
79
-158
-215
340
-62
-52
-13
-123
268
125
-470
-63
490
-75
10
-237
74
-91
270
-252
52
-19
119
-17
-104
-25
359
-142
-367
199
29
55
-112
50
6
-59
143
182
-198
18
248
-325
-111
388
-275
-332
230
155
-412
337
-94
-69
254
-43
-63
-57
578
-309
-390
390
322
-638
-161
363
-174
322
-431
71
342
-134
-149
63
432
-519
-122
191
355
-241
-107
-108
166
138
-283
-140
420
-88
-385
250
434
-322
-187
312
36
-179
-286
330
356
-787
152
612
-309
-238
52
114
22
-167
-308
162
813
-594
-281
592
366
-742
-98
499
-156
-391
112
338
-506
321
166
-163
-184
358
-200
-47
396
-459
94
-4
-142
414
-309
-100
293
100
-330
-22
467
-118
-356
71
367
-503
80
110
-99
362
-371
-89
549
-122
-466
73
357
-397
-84
462
-37
-151
-53
64
-189
774
-234
-921
381
694
-442
-138
207
-240
-156
601
-143
-684
423
80
217
-218
19
-147
233
420
-757
239
139
-66
-723
665
300
-573
236
-224
643
-389
-123
339
-517
307
-203
487
-358
251
-338
125
-209
714
-18
-1564
1355
649
-1065
-501
934
256
-860
-43
867
-994
-604
380
-376
826
548
-89
-511
515
-140
251
-366
-22
67
-83
644
-738
-104
309
690
-1105
-58
768
-143
-524
-104
1379
-979
-774
1690
-436
-879
154
954
-506
-848
724
371
-278
-376
28
683
140
-1095
-111
1384
-495
-1682
1776
1046
-1940
-646
2419
-270
-2064
907
1145
-1346
-478
984
16
-174
90
-170
585
-206
-412
-577
1573
-768
-591
642
136
-86
-706
1134
-714
-16
204
-462
529
315
-257
-663
430
538
-702
-129
490
166
-1034
873
637
-1147
322
-133
373
-767
553
558
-1234
1027
500
-1460
347
1204
-1276
-302
737
-243
-7
79
424
120
-653
86
-86
61
143
12
107
49
68
-473
44
740
-796
-400
570
709
-920
-123
791
-720
317
-69
-367
351
404
-434
-594
1106
-691
86
1327
-1146
-538
638
964
-1021
-1368
1792
799
-2385
1123
432
-574
291
-455
90
829
-1217
-108
1555
-513
-1491
1161
1300
-2036
-130
1779
-833
-832
526
540
-306
506
-416
213
-464
315
119
-474
770
-1116
302
729
-541
-704
434
975
-1160
79
1187
-417
-864
912
206
-1214
914
114
-623
1
485
-558
-323
1206
-1185
-637
2211
-337
-1967
2093
-88
-1111
1057
418
-2008
561
1302
-1336
-504
1327
-538
-322
855
-60
-491
1031
-869
-983
547
1379
-931
-1393
1302
771
-537
138
-43
-1195
1259
211
-1124
792
265
-307
1082
-812
-1321
665
690
-1526
-518
1703
1083
-2243
703
1378
-1359
542
1213
-2200
574
1490
-1954
-58
1620
-884
-591
1129
-653
-41
451
-67
-1085
166
1115
-853
-493
2245
-671
-2017
2192
757
-2946
1437
947
-2225
452
2620
-2677
-791
2735
-1316
-1085
1953
923
-2650
1280
1396
-3267
444
3144
-2406
-1395
2636
-361
-2081
961
1537
-643
-936
1420
-227
47
205
-546
238
422
-1382
-490
1309
-778
-1259
2235
897
-2729
906
3167
-2188
-1115
1789
-1607
159
516
-1360
799
433
-1011
-387
1274
874
-1286
1201
876
-1570
261
1240
-2112
-1151
1543
-243
-1418
756
827
-177
-28
1053
243
-926
-363
1388
-396
-1351
920
903
-721
257
703
-774
-746
1004
-17
-1527
320
1006
-1265
-299
1106
-342
-555
455
172
-207
147
291
199
-235
-162
314
-102
-229
-385
508
399
-148
-247
-86
847
222
-588
197
-70
-821
-70
1216
-73
-304
757
32
-935
-211
-22
-718
124
584
-601
-158
712
-465
-105
809
-245
-319
474
226
-555
362
699
-685
-113
229
-129
63
-405
-204
-185
-324
213
278
131
72
274
573
343
-23
-667
-513
85
-678
-691
334
255
93
837
822
278
341
427
341
-126
-420
-569
-760
139
-124
-562
64
442
439
-569
-645
-994
-1374
-537
-1456
-1482
-15
361
-666
-495
2028
3036
2081
1099
663
783
645
276
-306
298
1390
1208
392
288
300
-771
-1985
-2528
-2749
-3069
-2696
-2349
-1932
-908
161
717
505
1174
2791
2407
1242
523
606
1156
1252
1596
2224
2885
3179
2272
756
-680
-3663
-5808
-5638
-4630
-3197
-1927
-248
1338
1232
64
-1027
-1739
-1889
-2009
-841
2324
5173
5514
4104
3239
2818
1812
1087
1467
2816
2536
-442
-3865
-5034
-4918
-4836
-4327
-2649
-23
2424
2625
266
-2555
-4200
-4171
-3122
-1523
294
4202
7262
6001
4025
3248
2259
1036
400
3084
4078
602
-3754
-6272
-5397
-3469
-3567
-3839
-1158
3542
4378
1342
96
-2187
-5513
-5845
-4193
-2315
909
5323
5057
3685
6189
6278
1891
-930
-1881
-416
6311
7433
-1785
-7792
-6802
-5123
-4179
-2517
-1699
1055
6270
6084
733
-1467
-2984
-7106
-7681
-4460
-733
4692
6964
2176
-655
3566
6071
2484
-286
-222
638
7282
10559
386
-9044
-9409
-6728
-5092
-2402
-1120
1015
6456
7396
1750
-382
-1651
-7447
-9895
-6569
-2271
2261
8785
7436
1043
1821
5509
1906
-2001
-1726
-877
7590
12935
154
-10827
-10903
-7657
-3465
-63
474
1821
6911
8524
2892
-884
-3901
-10341
-9886
-4425
-1941
2071
9115
7693
2054
1964
3205
156
-1599
-3306
-1135
11237
13370
-2563
-12181
-11188
-6348
-728
1487
45
1982
8585
9160
1496
-3723
-7782
-11057
-7755
-2588
-1030
5735
11974
4211
-1211
2519
4498
1991
-960
-5573
400
14656
9323
-8395
-13800
-10692
-4611
1775
1771
-1226
3968
11236
7446
-1306
-6302
-11430
-10677
-3684
-771
817
8827
10493
143
-2928
3161
5128
2457
-2226
-4069
7707
17033
2215
-14346
-16127
-9996
218
5485
1905
440
6470
7946
3216
-1394
-9216
-15735
-9328
-1259
1858
6914
10794
4507
-1434
132
1195
1561
1817
-2685
-594
13951
13741
-5394
-13531
-15108
-9525
4491
6967
347
1414
7015
4862
1757
856
-10559
-15769
-5730
442
1698
7559
10540
347
-1643
3079
1654
2569
-374
-6678
821
16921
11065
-7090
-12220
-14585
-6966
5263
4936
109
710
3837
2729
1742
46
-9822
-10837
-2860
391
2164
7535
5946
-2748
-1629
2613
3493
2846
-1625
-4957
5587
17982
6103
-8800
-14491
-15382
496
11076
3250
-2251
76
1931
3448
3488
-5608
-12168
-5991
-463
1892
4521
6907
1921
-3734
-779
2452
3911
2715
-2903
-4845
8720
17030
154
-11095
-14233
-12569
6181
11481
1627
-928
-420
-921
3013
3989
-6904
-11144
-5597
-2569
2413
7081
7559
574
-4571
-743
2381
3112
1819
-1635
-1174
10283
14083
-3327
-12073
-12712
-8136
8097
9806
1039
-1349
-829
46
3285
1384
-9553
-9758
-5411
-1658
5351
4580
5465
1263
-3861
80
2315
2988
1097
-1622
-1355
9321
14247
-1389
-8754
-13180
-9819
6238
7409
3005
-163
-1467
1380
3981
1045
-7865
-9411
-7185
-1475
4412
3351
6058
1886
-3602
-143
1500
1418
131
-2073
-1684
10069
15384
-624
-9145
-14174
-9679
7112
9158
4319
-616
-3444
-37
3889
1765
-5105
-8961
-9940
-4551
2593
5291
8946
3239
-4386
-1612
-609
1827
3935
-1008
-2406
7553
13438
289
-7276
-12444
-9807
7417
7425
1338
104
-2871
1142
5316
566
-5005
-8917
-10669
-3524
2838
5314
8603
1870
-3796
-304
107
1972
2623
-2526
-3209
5105
12882
4973
-3084
-10819
-12718
2507
6001
2806
2002
-2535
560
5715
1878
-3860
-8746
-11146
-4188
2466
5066
7648
2993
-2181
-1539
-1451
939
1727
-728
-1140
3211
12289
6431
-2525
-9161
-13830
-1131
5042
4143
3236
-1105
439
4287
3309
-2362
-7805
-11646
-6575
1767
5624
8154
3407
-2395
-2904
-2483
486
1290
138
1
1933
10581
8670
690
-5600
-13570
-5386
3055
4276
5091
25
-1255
2182
2376
-594
-4887
-10589
-7697
-1363
2984
8346
5816
-212
-2958
-3982
-205
2538
458
567
-513
6592
9758
1513
-2015
-10030
-6202
1821
1511
4056
959
233
3032
1780
-1061
-4502
-9134
-7759
-3402
605
6157
6427
2699
-1240
-3239
-1259
2103
808
28
-1332
3804
10906
5596
939
-8953
-10130
-1400
798
5773
3249
-434
1844
471
-337
-2130
-8214
-8151
-4611
-425
5929
7259
4255
-400
-3631
-3740
-717
719
1397
909
3543
9458
5161
667
-6409
-9789
-1744
322
3454
4008
-86
2289
2085
-639
-1438
-6953
-8732
-5384
-2433
4563
7782
5098
1075
-3861
-4158
-471
694
1570
38
969
8062
6499
2873
-3199
-9085
-3584
-942
2417
4258
529
839
571
-693
-158
-4415
-6876
-5157
-3776
2770
5804
4571
1181
-3286
-2877
-363
1706
2041
1005
317
6010
6476
2436
-1878
-8575
-4151
-776
2025
4788
1413
1446
1148
-376
-64
-3445
-7036
-6178
-5521
382
5491
5340
2847
-2708
-3241
-441
1367
1771
-175
-377
5241
6880
4097
-657
-7103
-4192
-1916
688
3648
1730
2279
1062
-141
-197
-2745
-5477
-6626
-5573
-510
4101
5483
2892
-1606
-2855
-1171
1469
1918
470
-102
3500
5471
3617
592
-4767
-3877
-1878
-16
2866
1212
1118
672
42
675
-2146
-4815
-6067
-5904
-916
3358
4800
3469
-676
-2175
-946
600
2000
782
-654
2781
4462
3731
1793
-3550
-3208
-1896
-116
2561
809
1059
706
205
550
-2207
-4608
-5404
-5429
-1489
2054
3771
3271
-330
-1262
-859
701
1386
-141
-237
2738
4838
3775
1040
-3459
-2986
-1942
-64
2457
1128
1809
610
-164
122
-2127
-3515
-5013
-5139
-1660
1368
3771
2782
-298
-877
-777
770
1182
-79
48
2541
4409
3468
405
-3337
-2931
-1525
648
2358
836
964
377
18
484
-1802
-3538
-4599
-4589
-1312
1293
3375
2555
-398
-979
-818
846
1361
42
-6
2243
3700
3281
641
-2920
-2408
-1944
205
1810
856
1254
370
231
-12
-1722
-3228
-4353
-4126
-1637
943
2871
2522
105
-508
-255
948
1488
451
95
1869
3087
2508
300
-2610
-1623
-948
1107
1658
308
696
-284
609
114
-1547
-2944
-4504
-3721
-1586
664
2501
1712
61
-311
-92
1406
1048
-64
90
-79
87
-92
953
3116
2357
429
-1938
-1938
-746
351
1545
761
962
746
686
273
-1540
-3247
-4391
-4060
-1767
577
2527
2317
275
-114
-316
928
885
-155
217
1587
2829
1857
-27
-1774
-1023
-322
1040
1265
277
475
-93
347
-303
-1830
-3006
-3938
-3080
-1064
788
2102
1225
104
-80
349
1248
456
-118
309
2005
2746
1569
-242
-1448
-625
53
1277
1159
377
133
-412
54
-686
-2227
-3286
-3925
-2293
-172
1469
2210
690
60
95
683
930
81
-269
722
2096
1842
860
-849
-652
-77
565
1271
233
-20
-633
-334
-253
-1293
-2306
-3326
-2596
-1181
489
1812
1270
318
-232
129
1022
699
359
335
1458
2409
1313
238
-1075
-667
-76
387
800
109
252
-145
155
-571
-1955
-2692
-2980
-1400
-299
1107
1412
280
-42
-327
568
584
92
46
820
2352
2188
1006
-548
-895
-317
343
772
471
81
-231
-311
-488
-1454
-2613
-2730
-1721
-128
989
1705
1122
73
-247
-36
708
286
-203
68
1528
2174
1299
-68
-1238
-456
-69
868
678
-48
2
-313
340
-888
-2049
-2508
-2164
-428
-71
715
721
-97
-7
-60
927
968
373
603
1209
2308
1318
-325
-1428
-1429
-36
698
1048
413
-40
186
96
-191
-1493
-2431
-2196
-1325
-61
662
898
383
-226
-135
315
759
468
79
495
1684
1773
1007
-519
-1167
-314
291
1252
508
-185
-294
-269
-87
-1136
-1902
-2167
-1386
-348
448
734
322
-104
-263
247
742
809
343
484
1224
1719
1202
-184
-1241
-940
164
1052
980
203
-106
-461
-281
-810
-1457
-1728
-1773
-703
-284
417
353
104
-10
-222
639
815
666
404
680
1509
1281
472
-677
-894
89
660
1101
333
-225
-325
-702
-489
-1093
-1391
-1361
-1119
-332
-87
360
450
223
64
55
234
340
430
781
1490
1292
896
68
-333
115
191
486
123
-178
-265
-356
-448
-994
-1378
-1599
-1062
-463
-82
26
-1
317
408
451
223
-280
-149
424
1256
1631
1019
368
-408
-218
319
529
582
-117
-188
-312
-187
-334
-1262
-1548
-1561
-766
-123
-17
109
39
212
493
319
194
-14
189
1010
1497
1743
832
-5
-559
-451
304
331
275
-346
-367
-445
-554
-721
-1319
-1119
-987
-479
-82
199
438
310
142
-127
-182
91
652
1070
1285
1013
636
305
93
-94
-320
-216
-157
123
-13
-115
-482
-760
-672
-806
-587
-789
-476
-88
310
436
18
-71
-43
280
535
709
673
682
692
723
642
91
-346
-499
-205
0
-52
-203
-536
-526
-490
-631
-697
-718
-479
-10
209
126
-228
-224
149
532
606
334
272
471
859
907
567
76
-178
-37
16
104
0
-44
-177
-394
-542
-885
-845
-678
-433
-369
-196
106
69
27
-231
-131
420
517
430
337
472
917
875
604
79
-361
-196
107
393
104
-107
-364
-418
-220
-515
-526
-834
-715
-342
-96
282
72
8
-19
39
97
92
171
189
466
654
648
581
302
-25
23
110
40
-34
-171
-58
96
6
-260
-523
-508
-324
-236
-242
-325
-302
-17
265
127
-254
-262
113
433
334
190
31
56
218
358
488
127
-167
-247
54
501
260
-165
-478
-264
-72
36
26
-321
-193
-154
-12
54
69
-26
-468
-324
-109
498
746
194
-181
-453
25
329
261
-44
-271
238
378
234
-279
-531
-175
-8
139
-178
-88
308
66
44
-190
-369
78
320
221
-8
-19
121
25
-199
-491
-4
590
318
-73
-463
-145
182
-58
6
-441
-328
378
100
-69
-184
-42
427
325
66
-147
294
545
-75
-56
-751
-1204
-501
169
1104
857
143
3
23
518
224
-12
-353
-862
-735
-228
1033
865
-155
-1059
-1314
397
1059
443
-491
-868
199
567
297
-283
-367
237
115
100
-348
-255
310
99
256
280
306
272
-99
-12
297
248
-206
-546
-149
310
382
-456
-976
-489
49
357
-14
-441
30
541
773
-77
-1084
-747
136
955
802
57
-620
-213
488
557
289
-363
-396
-134
521
485
-422
-280
-272
459
601
-489
-635
-342
442
275
-422
-557
-439
587
476
-148
-182
-134
-64
-330
60
468
687
4
-725
-343
554
944
2
-1239
-621
702
1194
609
-802
-799
-243
38
379
-234
339
509
-533
-392
-318
665
587
-912
-1067
-378
1203
1113
-312
-931
-308
1041
791
-264
-790
-27
727
2
-487
-610
125
889
100
-364
-442
154
235
-135
-117
-289
113
393
-140
-87
49
-58
-65
-554
-284
355
340
175
-40
114
345
232
-88
-306
107
104
-203
-42
-20
244
277
-202
-233
-418
344
413
-133
-180
-450
321
98
-173
-416
-398
454
112
120
33
-303
11
172
404
248
21
-360
-556
282
534
148
-179
-234
-163
-15
283
153
211
6
-399
-149
85
108
-77
-374
-79
-73
50
107
-107
519
444
-394
-522
-460
321
912
-37
-684
-180
301
584
-32
-576
345
527
-171
-665
-577
737
751
-322
-992
-444
1185
687
-638
-972
-541
1012
1441
-207
-1153
-460
568
484
-481
-363
371
286
-56
-325
303
980
-85
-1207
-829
303
1048
645
-498
-1123
-2
852
240
-958
-866
526
868
525
-166
-310
-221
-96
166
-258
368
112
-34
538
-760
-249
794
-7
-133
-737
-447
1134
629
-209
-551
-630
367
683
18
-616
-583
18
602
269
-60
-46
-532
-109
355
148
375
-447
-380
438
224
482
-279
-711
69
255
216
51
-206
-378
-18
76
-38
399
353
-414
-468
256
478
253
-1005
-805
543
1094
1067
-614
-1656
-399
1170
947
48
-742
-546
366
247
256
132
-1
-624
-1481
-100
1263
1110
208
-1183
-1489
735
1510
-97
-542
-596
157
1293
-39
-999
-326
321
693
5
-512
-97
-80
149
140
-23
286
457
-691
-1050
568
885
233
-541
-904
131
764
363
-268
-753
-343
674
245
-368
-7
-450
245
657
-2
166
321
-509
-693
-143
736
532
-735
-427
90
284
1243
-326
-855
137
-366
121
260
-41
212
-244
185
386
-148
-364
-765
-132
756
927
-80
-1042
-423
148
488
490
-405
-149
-118
-263
236
359
117
237
-89
-672
123
314
-67
486
-48
-216
-212
-558
19
321
743
80
-710
-293
-283
290
763
229
-419
-672
-221
-3
374
861
31
-225
-46
-717
-372
922
370
-181
32
-363
-92
134
-288
-9
40
202
355
-226
-412
-41
139
170
413
-48
-538
-109
136
471
351
-591
-804
-64
658
978
74
-1041
-279
255
362
250
-645
-496
172
587
318
-7
-249
-733
-180
674
716
127
-617
-742
226
779
156
43
-153
-669
-205
134
-203
768
520
-617
-546
-416
499
770
86
-402
-645
-198
235
137
148
326
270
-452
-509
192
603
587
-394
-969
-12
906
615
-397
-640
-7
404
129
-430
-645
67
773
104
-309
-474
-469
160
367
117
9
117
-298
-199
238
532
377
-91
-152
-22
531
634
-74
-572
-120
166
263
340
-750
-1104
30
648
89
-242
-725
-954
15
451
155
225
113
-334
33
468
522
326
-65
34
240
500
501
149
119
504
366
18
-373
-513
29
57
-155
-535
-677
-657
-869
-830
-397
137
-66
-419
-290
-93
124
309
295
647
1060
297
-365
3
586
1373
1783
954
-91
327
963
1026
350
-1400
-2690
-2375
-956
388
797
11
-1289
-1909
-1169
-223
5
-204
-415
-181
399
1437
2065
1607
318
-450
-179
936
2121
1940
1204
1351
1645
307
-1766
-3068
-3242
-1285
910
1015
374
-140
-883
-1281
-1105
-1141
-1246
-841
-773
-636
437
1343
982
-310
-1090
-676
554
1619
1490
1169
1352
1277
1082
812
688
887
1954
2427
418
-1992
-3692
-3732
-1501
493
779
289
-562
-1574
-1221
-57
12
-677
-1042
-634
650
1981
1862
95
-1276
-1373
-561
662
1107
697
538
570
784
1235
1214
910
648
557
949
2548
3543
812
-3045
-5639
-5729
-2013
1373
1791
999
-499
-1962
-1479
208
-125
-1463
-1815
-1238
1150
3909
3878
966
-1281
-2454
-2213
-133
1110
1052
1280
1160
151
-160
712
824
1105
1884
1584
884
791
2412
2499
-649
-4053
-6639
-5810
-1145
1904
2157
1278
-166
-1454
-1106
-275
-1684
-2227
-975
803
3075
4381
3326
-314
-2752
-3104
-1676
969
1394
-83
-571
-37
868
1380
939
-310
-358
1025
2307
2547
1406
151
1897
2407
-887
-3813
-6867
-6924
-1780
2720
3914
3190
489
-2435
-2055
-499
-1288
-1428
-670
-68
2561
4928
3658
-56
-2611
-3392
-1995
944
1726
744
12
-218
12
621
770
-606
-1006
101
1627
2802
3091
1161
36
1479
1011
-1644
-4838
-7373
-5933
-244
4346
5683
3880
-327
-3570
-2873
-1085
-1287
-1050
-762
238
3035
4781
3689
11
-2975
-3879
-2372
831
2650
2166
1040
-71
-1246
-1600
-590
-147
-55
751
1618
1936
2788
2260
144
28
1339
64
-2589
-4774
-6733
-3581
2141
4158
4104
1495
-2914
-4225
-1957
-204
196
64
-574
79
2336
3810
2641
-478
-3277
-3489
-572
1859
2306
1756
618
-289
-1023
-1177
-631
-298
-259
254
1284
2316
2906
1862
-147
-912
888
1209
-741
-3337
-5740
-4350
-249
2619
3505
1957
-919
-2496
-1636
-436
-353
-517
-879
-199
1849
3739
3371
347
-2811
-3597
-1373
1263
2257
1674
594
-170
-405
-68
182
-80
-554
-960
-18
1049
2206
2542
1370
-126
773
2278
796
-2130
-5550
-6765
-3169
1148
3852
4319
1122
-2592
-3499
-1428
45
352
66
-820
217
2669
4079
2930
-248
-3497
-3906
-1300
999
1780
1685
982
170
-291
-33
60
-350
-719
-402
881
2163
2639
1944
196
-1083
893
1738
16
-2749
-5907
-5358
-1040
2237
3274
2487
-519
-3020
-2510
-822
-597
-84
236
200
1869
3515
3594
1546
-1817
-3723
-3011
-365
1675
2257
1898
1088
271
-411
-358
-867
-1327
-768
367
2051
3012
2444
1008
-779
-1425
886
2362
636
-2283
-5242
-5679
-2125
1243
2766
2468
-143
-2347
-1953
-221
341
220
-878
-1721
288
3072
4685
3601
-143
-3377
-3610
-1693
985
2789
2061
500
-726
-1337
-483
363
-142
-667
-243
576
1387
1964
1480
395
-563
-403
1468
2368
73
-3032
-5215
-4256
-638
1851
2584
1337
-1270
-2411
-1196
-75
-71
-455
-1250
-656
1828
3776
4301
1887
-1682
-3463
-2653
-246
1722
2202
1344
55
-987
-1215
-438
-115
-32
16
436
875
1494
1732
1098
75
-598
142
1400
884
-1380
-3930
-4885
-2624
44
1740
2146
279
-1486
-1474
-410
399
471
-145
-801
258
1800
3108
2712
276
-2124
-2904
-1425
895
2774
2695
749
-1025
-2276
-1686
61
792
898
753
704
781
1276
1223
543
-372
-385
656
983
-227
-2449
-4250
-3414
-1346
459
1647
987
-512
-1224
-825
-375
-193
-102
-313
524
1930
2724
2853
1224
-1355
-2830
-2446
-567
1896
2763
1750
140
-1260
-1450
-342
361
231
65
307
820
1846
2091
1381
-81
-773
-249
-54
-930
-2814
-4093
-2994
-719
989
1748
888
-775
-1636
-832
-34
150
267
84
498
1673
2361
2437
906
-1499
-2653
-1986
-168
1780
2590
1949
365
-1240
-1443
-275
365
564
470
533
785
1286
1676
1195
98
143
443
-395
-1699
-3506
-4100
-2571
-540
1288
1916
603
-843
-1454
-790
-55
226
125
-117
219
1015
2440
2571
725
-1382
-2289
-1263
615
2172
2053
846
-539
-1447
-912
129
670
704
640
660
1033
1571
1377
342
-348
215
21
-956
-2439
-4024
-3410
-1566
425
2358
2302
418
-1435
-1931
-1472
-639
214
538
931
1446
2060
2181
858
-934
-1902
-1300
290
1842
2225
1088
-469
-1622
-1426
-328
390
670
673
535
495
1218
1300
775
100
85
189
-650
-2023
-3509
-3435
-1723
134
1887
2125
489
-1167
-1470
-934
-14
530
208
249
581
1176
2121
1747
-84
-1740
-2055
-985
1046
2497
2239
887
-897
-2062
-1345
-24
806
1051
898
530
826
1358
1142
202
-371
-411
-1024
-1594
-2623
-2846
-1577
-295
907
1512
722
-428
-1029
-901
-364
150
280
340
563
908
1644
1586
387
-903
-1510
-1181
40
1328
1712
1294
183
-1206
-1241
-374
218
650
831
702
980
1422
1218
398
-415
-308
-448
-1081
-2059
-2791
-2144
-1148
-51
1040
787
-90
-636
-739
-426
80
259
71
169
628
1418
1950
1192
-198
-1235
-1476
-639
1021
2059
1914
974
-708
-1569
-967
-248
370
707
565
605
1238
1498
970
72
-158
-763
-1836
-2678
-3198
-2273
-697
798
1764
1116
-250
-1366
-1578
-886
-42
500
580
764
863
1336
2059
1339
-432
-1815
-1746
-412
1351
2204
1694
495
-911
-1411
-733
-136
390
770
854
807
1012
1111
773
227
282
-234
-1589
-2915
-3425
-2152
-421
922
1575
709
-644
-1406
-1271
-513
178
263
87
308
670
1572
2183
1172
-395
-1472
-1701
-708
972
1744
1431
570
-770
-1223
-627
-34
489
828
906
913
1274
1259
810
320
23
-767
-1882
-2804
-3027
-1884
-366
791
1217
431
-732
-1429
-1239
-644
-8
366
455
781
1126
1765
2166
1142
-490
-1570
-1502
-294
1293
1954
1390
342
-948
-1456
-755
56
686
1172
1153
801
994
1171
890
607
264
-793
-2136
-3231
-3231
-1888
-349
862
1054
143
-893
-1351
-835
-109
226
140
188
575
1129
2059
2065
725
-823
-1640
-1312
62
1501
1822
1331
205
-1132
-1150
-325
396
978
1288
966
639
805
819
726
611
241
-920
-2240
-3131
-2841
-1492
-138
757
686
-149
-994
-1213
-491
205
266
6
8
451
1157
1968
1747
296
-1100
-1697
-1300
142
1537
1734
1133
15
-1096
-842
-66
463
835
991
746
727
953
801
552
331
-272
-1433
-2610
-3166
-2353
-920
311
932
395
-585
-1154
-1178
-443
247
279
151
412
748
1382
2135
1613
154
-966
-1414
-957
461
1518
1475
963
-88
-947
-489
103
441
744
703
507
783
1118
992
442
160
-201
-1302
-2427
-2783
-2146
-1081
109
878
521
-269
-932
-1064
-537
61
313
353
585
801
1182
1724
1211
-129
-798
-890
-405
666
1150
935
520
-271
-915
-517
128
323
634
722
517
882
1073
830
477
255
-138
-1045
-1947
-2309
-1983
-1221
-194
627
547
-47
-744
-1157
-917
-410
27
493
874
809
960
1404
932
38
-431
-659
-483
347
987
1012
816
103
-609
-489
-249
-14
484
717
723
1184
1378
831
211
-81
-383
-1012
-1846
-2226
-1809
-1059
-332
194
59
-503
-861
-859
-506
-24
297
495
802
839
925
1340
979
107
-470
-804
-717
144
1053
1286
971
34
-795
-791
-412
161
691
909
861
956
944
617
220
127
30
-705
-1760
-2262
-1906
-1139
-342
170
1
-571
-973
-970
-502
161
509
542
644
576
691
1324
1241
464
-98
-482
-541
17
569
747
775
162
-630
-520
-137
174
670
815
506
534
801
702
307
83
-89
-519
-1245
-1838
-1641
-1150
-706
-198
-76
-444
-869
-917
-648
-274
102
437
644
763
829
1004
1038
401
-340
-601
-567
-116
689
1028
917
593
-111
-443
-247
-170
194
704
754
802
1061
946
361
-51
-87
-363
-1111
-1703
-1701
-1394
-1070
-555
-191
-361
-646
-701
-565
-341
-57
237
509
705
792
1040
1108
555
14
-202
-309
-134
294
539
612
473
-48
-344
-194
-120
130
611
747
715
833
734
370
69
47
-201
-1002
-1575
-1587
-1363
-934
-387
-199
-418
-651
-839
-745
-337
3
308
634
796
765
986
1181
694
140
-86
-269
-54
523
748
647
365
-212
-503
-330
-110
335
799
852
817
865
767
463
229
177
-355
-1346
-1870
-1843
-1545
-908
-372
-320
-450
-648
-751
-475
-99
163
360
532
617
650
929
1017
544
130
-88
-226
42
448
652
791
553
21
-99
12
129
483
821
878
790
695
526
201
25
-82
-738
-1531
-1668
-1475
-1174
-611
-223
-235
-343
-443
-462
-256
-1
114
308
554
529
582
847
678
239
55
-172
-205
221
472
533
519
112
-233
-182
-53
188
506
685
730
729
732
540
192
100
-238
-1065
-1487
-1485
-1424
-1033
-593
-442
-417
-522
-572
-396
-131
112
302
538
781
804
839
894
602
239
56
-25
173
401
357
343
258
-26
-113
12
138
307
485
567
495
445
437
244
96
-34
-627
-1226
-1380
-1368
-1121
-751
-589
-492
-471
-486
-299
-78
69
169
289
483
522
589
777
561
236
170
85
221
498
478
438
373
104
-14
101
268
422
554
644
595
501
474
394
193
-284
-1003
-1406
-1493
-1446
-1104
-805
-706
-568
-472
-363
-113
40
70
149
301
479
631
795
721
433
307
214
187
340
426
524
639
424
158
139
183
375
649
765
676
467
267
136
84
-173
-738
-1209
-1428
-1504
-1280
-933
-813
-735
-677
-635
-390
-68
94
171
292
370
474
620
592
453
414
401
317
301
319
401
581
589
452
415
455
539
751
927
868
655
393
169
-121
-583
-1022
-1313
-1496
-1544
-1413
-1197
-1017
-876
-699
-475
-273
-76
121
304
495
670
780
706
463
302
289
292
301
336
371
450
485
432
443
541
667
800
900
885
741
559
346
7
-456
-907
-1237
-1419
-1479
-1420
-1270
-1147
-1017
-807
-585
-390
-206
-39
137
303
414
513
524
418
305
205
139
185
312
486
635
659
658
705
782
885
908
852
740
557
361
84
-362
-806
-1162
-1426
-1517
-1476
-1339
-1155
-944
-674
-421
-228
-62
36
138
279
392
470
451
351
293
243
196
240
351
498
661
767
791
826
937
1040
1035
959
859
707
498
177
-278
-681
-961
-1195
-1347
-1395
-1371
-1255
-1058
-809
-569
-374
-193
-78
-5
89
144
186
205
169
132
56
-5
79
231
395
575
709
812
932
1065
1180
1231
1183
1039
860
641
293
-109
-464
-797
-1082
-1258
-1343
-1317
-1189
-1044
-885
-673
-478
-312
-133
13
86
134
159
136
68
8
0
43
139
289
457
621
778
907
1014
1092
1117
1066
964
863
707
366
-65
-435
-756
-1019
-1212
-1322
-1319
-1236
-1092
-885
-699
-528
-335
-155
6
156
292
394
413
336
242
215
250
310
397
503
606
670
715
800
901
964
1008
985
860
707
514
238
-103
-489
-814
-1005
-1147
-1261
-1306
-1287
-1185
-1032
-856
-662
-504
-382
-252
-74
140
300
391
430
460
556
662
730
814
922
1021
1068
1023
886
758
688
544
305
43
-255
-547
-807
-1066
-1224
-1264
-1276
-1247
-1155
-1027
-869
-660
-458
-297
-102
57
107
143
199
286
377
480
675
844
943
1017
980
950
956
888
861
792
603
398
157
-95
-323
-571
-800
-1011
-1166
-1177
-1104
-1018
-919
-826
-735
-606
-429
-221
-24
93
141
218
348
486
597
679
756
831
896
933
932
863
740
597
426
237
29
-211
-426
-601
-781
-897
-963
-1027
-1033
-985
-903
-803
-707
-556
-374
-248
-123
31
143
215
288
395
587
773
829
876
932
912
898
856
740
646
535
335
92
-153
-410
-646
-793
-924
-1056
-1066
-1036
-1024
-933
-807
-681
-507
-332
-167
25
167
231
368
589
755
863
949
1001
1036
1051
1004
908
801
663
517
394
201
-62
-280
-460
-627
-739
-839
-962
-1043
-1058
-1025
-931
-790
-631
-470
-323
-195
-91
37
226
402
549
684
775
839
891
896
847
754
644
497
347
203
-6
-199
-333
-484
-591
-688
-802
-858
-908
-915
-833
-731
-589
-417
-267
-142
-37
100
237
334
459
578
658
746
804
806
790
725
613
512
390
231
95
-47
-210
-346
-476
-603
-703
-776
-826
-849
-807
-717
-595
-448
-341
-240
-133
-30
112
255
382
497
563
626
672
672
660
613
545
462
346
226
98
-34
-140
-238
-334
-405
-453
-517
-580
-610
-641
-618
-516
-413
-311
-186
-73
32
168
291
349
405
483
510
542
597
571
520
490
395
283
209
92
-24
-75
-149
-238
-287
-356
-444
-490
-515
-538
-503
-421
-359
-287
-199
-139
-39
93
169
219
290
351
399
456
479
466
463
433
347
265
184
98
24
-50
-138
-224
-299
-370
-429
-463
-489
-492
-463
-418
-352
-279
-214
-130
-14
97
179
247
307
357
405
441
457
451
427
388
311
212
130
34
-57
-113
-161
-230
-281
-320
-385
-422
-416
-415
-390
-320
-259
-201
-117
-40
25
95
157
229
302
339
364
394
389
357
326
267
200
161
105
16
-45
-82
-141
-195
-232
-276
-293
-292
-303
-307
-270
-223
-185
-134
-65
7
69
117
148
188
241
274
275
257
242
226
201
158
107
69
29
-14
-56
-102
-141
-168
-202
-224
-218
-198
-180
-159
-135
-106
-59
-20
3
24
62
105
133
153
162
164
157
137
115
102
95
72
20
-31
-58
-57
-55
-75
-106
-131
-142
-133
-120
-108
-93
-72
-46
-28
-2
28
48
70
92
95
95
105
106
96
89
76
54
43
26
-8
-33
-40
-47
-56
-64
-73
-77
-71
-64
-61
-51
-37
-30
-25
-10
3
20
30
31
38
35
33
43
47
51
57
55
41
31
25
9
-2
-5
-10
-20
-22
-32
-48
-52
-54
-60
-64
-57
-49
-39
-28
-17
1
19
33
41
42
38
46
54
46
39
34
30
28
27
12
0
0
-8
-19
-21
-18
-21
-26
-36
-42
-42
-43
-38
-22
-14
-11
-6
-2
1
11
12
12
33
51
41
28
25
19
16
12
-3
-5
3
-15
-31
-26
-32
-35
-24
-22
-22
-2
4
0
15
12
0
19
24
0
12
31
2
-9
5
-10
-13
12
9
1
18
13
-4
7
5
-13
-8
-3
-29
-32
-18
-31
-38
-23
-22
-16
14
8
-4
33
44
13
34
60
28
22
33
4
4
26
-9
-33
-9
-12
-33
-18
-19
-30
-16
-12
-29
-18
6
0
-12
-8
-2
-3
-3
0
13
25
25
34
43
31
22
25
18
6
9
12
-6
-33
-39
-31
-39
-43
-26
-21
-20
-10
-15
-19
9
25
16
17
15
2
2
5
11
25
26
11
5
3
3
13
21
21
18
6
-14
-30
-31
-32
-32
-24
-12
-19
-20
-9
-4
0
13
21
13
15
20
10
0
3
7
9
7
7
7
7
5
-1
-1
1
0
-1
-3
-7
-6
-9
-17
-16
-7
0
-4
-12
-6
3
7
-1
-7
0
9
7
-6
-6
3
8
5
-3
0
12
17
8
3
3
5
5
-1
-6
0
6
-1
-8
-10
-8
-4
-2
-8
-6
4
6
1
4
4
10
10
0
0
1
-4
-8
-10
-11
-5
0
-1
1
2
-1
-2
1
0
-2
-5
-3
0
-2
-3
-4
-3
5
8
3
8
8
3
7
5
3
8
8
7
4
-2
-6
-2
-6
-10
-13
-10
-3
-10
-10
-9
-1
9
1
-5
0
6
2
-5
-6
-1
1
0
-8
-1
11
11
10
16
21
23
18
11
1
0
-7
-20
-28
-27
-16
-13
-13
-12
-5
15
18
7
5
13
19
13
-9
-16
-2
3
-14
-26
-6
20
21
6
0
11
19
11
-9
-9
13
15
-7
-20
-13
2
2
-8
-10
0
7
-1
-12
-6
2
4
0
-12
-6
5
0
-10
-5
2
0
-5
-7
0
9
10
2
0
13
14
3
0
5
13
7
-5
-10
-3
2
-6
-8
-4
0
2
-3
-4
0
8
8
2
0
-3
-5
-6
-6
-6
-1
0
0
-1
-2
-1
5
10
5
4
2
-2
0
0
-4
-4
0
3
-1
-8
-7
-1
2
1
0
0
4
7
2
0
7
6
2
-2
-5
-2
0
-7
-10
-7
-2
0
-3
0
4
7
6
5
7
10
8
1
-4
-9
-6
-5
-9
-10
-3
0
2
2
4
9
10
6
-1
2
5
0
-5
-8
-8
-6
-1
-3
-2
5
6
4
5
2
-2
0
-1
-9
-5
0
-5
-2
4
-3
2
7
-4
0
5
-2
1
6
1
-1
3
0
-5
3
0
-1
4
2
-2
1
-1
-5
-2
0
-2
-1
3
1
0
3
2
-2
-2
0
-2
-6
-5
0
2
4
1
-3
-2
0
0
3
0
-1
1
0
-1
0
2
0
-1
0
-1
3
6
4
2
1
0
1
0
0
3
0
-2
0
-1
-2
0
-1
-7
-5
-1
-4
-3
0
0
1
3
-1
1
3
2
0
1
0
0
1
-1
-2
1
3
0
0
4
4
5
3
-3
-2
3
2
-1
-3
-1
0
-3
-4
0
2
-1
-5
-5
-1
2
0
0
-1
-2
-1
2
1
0
1
2
0
-1
4
5
0
2
1
-4
3
4
-7
0
3
-8
-2
6
-3
-2
5
-2
-3
7
-1
-6
7
-2
-8
6
1
-6
7
4
-7
3
3
-7
1
5
-7
-1
6
-5
-1
6
-2
-3
5
-1
-6
2
2
-1
0
1
-2
0
3
-2
1
0
-3
0
-1
0
4
0
-1
4
-2
0
4
-1
0
2
-2
-1
2
-1
-1
0
0
0
1
1
-1
-2
0
0
1
1
0
-2
0
4
-4
-4
9
-6
-9
11
-3
-10
9
0
-15
11
7
-16
8
12
-17
1
18
-14
-3
21
-10
-4
22
-7
-8
17
-3
-11
14
-1
-14
5
-2
-13
3
1
-11
6
5
-8
6
7
-9
0
7
-6
-1
5
-4
-3
9
0
-4
8
3
-5
6
2
-6
4
0
-6
0
-1
-6
0
3
-6
0
7
-4
0
6
-6
-3
5
-4
-4
6
1
-3
7
5
-5
5
4
-11
0
3
-9
-2
2
-4
1
7
4
5
2
-3
0
-1
-5
2
0
-5
3
2
-1
6
2
-3
6
0
-7
5
3
-6
5
1
-11
3
7
-10
1
8
-10
-2
9
-7
-6
10
-3
-8
9
0
-8
3
0
-9
2
6
-5
0
9
-1
-2
11
6
-6
4
7
-6
-1
9
-3
-2
8
-3
-10
7
0
-14
2
4
-13
1
9
-13
-4
9
-13
-7
13
-6
-9
15
0
-10
14
5
-10
11
7
-11
4
10
-6
1
10
-4
-2
8
-1
-4
5
1
-4
0
1
-4
-2
2
-2
-2
0
-2
-4
1
1
-3
0
1
-3
-1
1
-2
0
2
0
1
3
0
1
3
1
-2
-1
0
0
0
1
1
-3
0
3
-3
-2
1
-4
-4
1
0
-1
5
0
-1
2
0
-1
2
0
-1
1
0
-3
1
0
-2
1
0
-1
3
0
-1
1
1
-1
0
1
0
0
2
-2
0
3
0
0
0
-1
-2
1
-1
-1
2
0
-1
0
0
0
0
0
0
0
0
0
2
0
-3
0
0
-1
0
0
-1
1
-1
-1
1
0
2
1
0
0
0
0
0
0
1
-1
-1
0
0
2
1
0
1
1
0
0
0
-1
1
0
0
0
0
0
0
-1
-1
-1
0
-1
0
1
-1
0
-2
-2
0
0
2
0
2
0
-1
1
0
3
0
-2
2
0
1
3
1
-1
-1
1
-2
0
1
-4
-1
1
-1
0
-2
0
1
1
0
0
3
1
0
3
-3
-1
2
0
3
2
0
-2
0
0
0
1
0
-1
0
0
0
0
-1
-1
1
-1
2
1
0
1
0
0
0
0
-3
-2
-1
0
1
0
1
0
1
1
-1
1
0
0
0
0
2
0
1
1
0
1
0
0
-2
-2
-2
-3
0
0
0
0
1
0
0
0
0
0
-2
0
0
1
2
1
3
4
0
1
0
0
0
0
0
0
0
0
-1
0
-1
0
-1
-3
-1
0
-1
0
0
0
1
0
0
1
1
1
0
0
0
0
-1
0
0
0
-1
0
0
0
0
0
0
1
0
0
0
0
0
0
0
1
0
0
0
1
2
0
0
0
0
-1
0
-2
0
1
0
0
0
1
2
0
0
0
-3
0
1
-1
0
0
0
-1
-1
-2
-1
0
0
0
0
0
0
1
0
1
-2
-1
0
0
0
-1
0
1
1
2
2
0
0
0
1
0
0
0
0
0
1
0
1
2
0
0
0
-3
-2
-1
-2
-1
0
0
0
0
1
-1
-1
0
0
0
0
-1
-1
0
-1
-1
0
0
0
0
2
1
1
3
1
0
3
0
1
1
-1
-1
0
-1
-1
0
0
-1
0
1
0
0
0
-1
-1
0
-2
-1
0
-1
-1
0
0
0
1
1
0
0
0
1
1
0
0
0
1
0
0
0
1
0
0
0
0
0
3
3
1
2
1
0
1
0
0
-1
-1
-2
-3
-2
-1
-1
-1
-1
-3
0
2
1
0
0
0
0
0
0
-1
0
0
-2
0
0
0
0
1
3
2
1
0
0
0
0
-1
-2
-2
-3
0
2
2
3
2
2
1
0
0
-2
-3
-3
-3
-2
-1
0
2
2
2
3
3
0
-2
0
-1
-1
0
-3
0
2
0
1
3
0
-1
0
-1
-2
0
0
0
2
0
1
0
-1
0
1
-2
-2
0
-1
1
2
3
0
-1
1
0
-2
1
0
0
2
0
0
-1
-1
-2
-2
0
-1
0
1
0
0
0
1
0
0
2
0
1
0
1
0
0
0
0
0
0
1
0
0
-1
0
1
1
1
2
0
-1
0
-2
-1
-1
-2
0
0
-1
0
0
0
0
-1
1
1
1
1
0
0
0
0
0
2
0
1
0
-3
0
0
0
1
1
1
0
2
1
-1
-3
-1
-1
-3
-1
0
0
0
1
0
-1
0
0
0
0
2
1
1
0
0
0
-1
0
0
1
2
0
0
0
0
-1
0
-1
0
1
0
-2
0
0
-1
1
0
-1
1
-1
-1
0
0
0
0
0
1
0
1
-1
-2
1
1
2
1
-1
-1
2
1
-2
0
2
0
-1
0
-1
0
-2
-1
-1
-2
-1
-1
-2
0
0
0
0
0
1
2
2
0
1
0
0
1
0
1
0
0
1
0
0
-2
-2
-1
0
0
-2
-1
0
0
-1
0
1
0
0
0
1
2
0
0
0
-1
1
2
0
-1
0
-1
0
0
0
0
0
0
-1
1
1
0
1
0
0
0
0
-1
1
0
-1
0
0
0
0
-1
0
1
1
0
0
-1
0
-1
0
0
1
0
0
1
0
2
0
0
0
0
0
0
0
1
0
0
-1
-1
0
-2
0
-1
0
0
0
0
0
-1
0
1
0
0
1
0
0
0
-1
0
0
0
0
0
1
1
0
0
-1
-1
-1
-2
-1
1
0
0
1
0
0
0
0
1
0
1
0
0
-1
0
0
-2
-1
1
0
0
0
0
0
0
-1
0
0
0
0
0
0
0
0
0
0
0
0
1
0
0
0
0
0
-1
0
-1
0
0
0
2
1
0
1
1
0
-1
0
0
0
0
0
0
-1
-1
0
-1
0
0
0
1
0
-1
0
1
-1
1
4
0
0
1
-2
0
-2
-2
0
-1
0
0
4
0
3
3
0
2
0
0
0
-2
-1
1
0
1
2
1
0
-2
1
-1
-1
1
-2
-3
-2
0
-2
0
1
0
0
0
0
2
0
0
0
1
-1
-1
0
-2
0
-1
-1
0
0
1
1
0
0
0
-1
0
0
-2
0
0
0
2
0
0
0
1
1
2
1
0
0
-1
-1
-1
0
0
1
0
0
0
0
0
0
0
0
0
0
0
-2
-1
0
0
1
1
0
0
-1
0
0
0
-1
0
-1
0
0
0
1
1
0
0
0
-2
-1
1
1
0
0
0
0
-1
0
1
2
1
0
0
-1
0
1
0
-1
-2
-2
-1
1
1
0
-1
0
0
0
-1
1
1
1
2
0
-2
-1
-2
0
1
1
2
0
-1
0
-1
0
2
1
1
0
0
0
0
0
0
0
0
-1
-2
0
0
0
0
0
0
1
0
-1
0
0
0
0
1
0
1
1
0
1
0
0
0
0
0
0
-2
-1
-2
0
-1
0
-1
-1
1
0
0
0
0
1
0
2
0
0
0
0
0
0
0
0
0
0
0
0
0
0
0
0
0
0
0
0
1
0
1
0
0
-1
-1
-1
0
-1
0
1
0
0
1
-1
-4
-1
0
-2
0
-1
-1
0
1
0
2
2
0
0
1
-1
-1
0
0
0
1
1
1
1
2
0
0
0
0
0
0
-1
0
0
0
0
0
-1
0
0
-1
-2
-1
0
-1
-1
0
0
-1
0
0
0
1
0
0
0
2
0
0
0
-1
0
0
-1
0
0
1
1
0
0
0
0
0
0
0
1
0
0
0
0
0
0
1
0
0
0
0
-1
-2
0
0
-1
0
0
0
0
0
1
0
0
0
0
0
0
0
0
2
1
0
1
0
0
0
0
-1
0
1
0
-1
0
0
0
0
0
0
0
0
0
0
0
-1
-1
0
0
0
0
1
0
-1
0
0
0
0
0
0
-1
0
1
0
1
0
-1
0
1
0
0
-1
0
0
0
0
1
0
0
0
0
0
0
0
0
-1
-1
0
0
0
0
0
1
1
0
0
1
0
0
0
0
-1
0
0
0
0
0
0
1
1
0
0
0
0
-1
0
1
0
0
1
1
0
0
0
0
-1
0
-1
0
-1
-1
0
0
0
0
-1
0
0
0
0
0
0
0
0
2
1
0
0
0
-1
0
0
2
1
0
0
1
0
0
0
0
-1
0
0
-1
0
0
0
1
0
0
0
0
1
-1
1
0
-1
0
0
-1
0
0
0
0
0
0
1
0
-1
1
0
0
2
1
-1
-1
0
0
1
1
0
0
0
-1
0
-2
-2
0
0
0
0
1
1
0
0
0
0
0
0
0
0
0
-2
0
0
0
0
1
0
0
1
1
0
0
0
0
1
1
-1
-1
0
0
0
0
-1
0
2
-1
-1
1
-1
-1
-1
-1
-1
0
0
0
0
0
0
1
0
-1
0
-1
0
0
-1
-1
1
2
0
1
0
0
1
0
0
0
2
0
0
2
1
0
0
0
-1
-1
-1
-1
0
0
-2
-1
-2
-1
0
-1
2
0
0
0
0
0
2
1
2
0
1
0
0
1
1
0
0
1
0
-1
-1
-3
-3
-2
-1
0
1
0
0
0
0
0
0
0
0
1
1
0
1
0
0
2
0
-1
0
1
0
-1
-1
0
0
0
0
0
-1
-1
0
0
0
-1
0
1
0
0
-1
0
1
0
0
-1
0
0
0
-1
0
0
0
0
-1
0
0
0
0
0
0
2
0
0
0
1
0
-1
0
0
0
1
0
0
1
0
0
1
0
-1
0
0
-1
-1
-2
-1
0
0
0
-1
0
0
-1
0
0
1
1
0
0
0
1
1
1
0
0
0
0
0
0
0
0
0
0
1
0
0
0
-1
0
0
0
1
0
0
-1
-1
-1
0
0
0
0
0
0
0
1
1
0
0
0
-1
0
-1
1
0
0
0
1
0
0
1
0
0
0
1
1
-1
-1
0
0
-1
-1
2
0
0
0
0
1
0
0
0
0
0
1
-1
0
0
-1
0
1
0
0
0
-1
0
0
-1
0
0
1
0
0
1
0
-1
0
0
0
0
0
0
0
1
0
0
1
0
-1
1
0
0
0
0
-1
0
0
2
0
0
0
-1
-1
0
0
-1
0
0
0
0
0
2
2
0
0
0
-1
-1
0
0
0
-1
-2
0
0
0
0
1
0
0
0
0
1
2
0
0
1
0
-1
0
0
0
-1
0
0
-1
0
1
1
0
0
-1
0
1
1
0
-2
-1
0
0
0
0
-1
0
0
-1
0
0
1
2
2
1
0
1
0
0
1
0
1
0
0
-1
0
0
0
0
-2
-2
-1
-1
0
1
0
0
0
-1
0
-1
0
1
2
0
0
1
0
0
0
0
0
-1
0
0
0
0
0
-2
0
0
0
1
0
0
0
0
0
0
1
0
1
0
0
0
-1
1
1
0
0
-1
0
0
0
2
0
0
0
-2
0
1
0
0
0
0
-1
0
1
-1
0
0
-1
0
1
0
0
0
0
0
0
0
1
0
0
0
0
-1
-2
-1
0
0
0
0
0
0
0
-1
-1
0
-1
1
2
0
0
1
1
0
2
1
1
0
0
1
0
0
0
1
1
2
0
0
-1
-2
-1
0
-1
-1
-1
-1
0
-1
-1
0
0
0
0
-1
-1
-1
-1
0
0
0
0
1
1
1
0
0
0
0
0
2
0
0
0
0
0
1
0
0
0
0
1
1
0
0
0
0
1
0
1
0
0
0
0
0
0
0
-1
0
0
0
0
0
0
0
0
0
0
0
0
0
0
0
0
0
0
0
-1
0
0
0
0
0
-1
0
0
1
0
0
-2
-1
0
-1
1
1
-1
0
0
0
0
1
0
0
1
0
0
0
0
1
0
0
0
0
-1
1
0
-1
0
0
0
0
0
0
0
0
-1
1
1
-1
0
0
0
0
-2
-1
0
1
2
0
-1
0
0
0
0
0
1
0
0
0
0
0
0
0
0
0
0
0
0
0
0
0
0
-1
-1
0
0
0
0
-2
-1
0
0
-1
0
-1
0
0
0
1
0
0
1
0
0
1
0
0
0
-1
0
0
0
0
0
0
0
0
-1
0
0
0
0
0
0
1
0
-1
1
0
0
0
0
0
0
-1
0
2
0
-1
1
0
0
0
0
0
0
1
0
0
0
2
0
0
-1
0
1
0
0
0
0
1
1
0
0
0
-1
0
0
0
0
0
0
0
0
0
0
0
0
0
0
-1
0
0
0
0
0
0
1
0
0
1
1
-1
0
0
-2
0
0
0
-1
0
0
1
0
0
1
0
0
1
2
0
-1
0
0
0
-1
0
0
0
1
0
1
1
-1
0
1
0
0
0
0
0
0
0
1
-1
0
0
0
1
0
0
0
0
-1
0
0
0
0
0
0
0
-1
0
0
-1
0
0
-2
0
0
0
0
0
0
1
0
0
0
0
0
0
1
0
1
0
-1
0
0
0
0
1
0
0
0
0
0
0
0
0
0
0
0
2
0
0
0
0
0
0
0
0
0
0
0
0
0
0
0
0
-1
0
-1
0
0
0
-1
0
0
0
0
0
0
-1
-1
1
1
0
1
2
0
0
0
0
0
0
0
0
0
0
0
0
0
0
-1
0
0
0
0
0
-2
0
0
0
0
0
0
0
0
1
-1
0
0
0
0
3
0
-1
0
0
-1
-1
0
-1
-1
-1
0
0
0
0
0
0
0
1
0
0
1
0
1
1
0
0
0
1
0
0
0
0
0
-1
0
0
-2
-1
0
-1
-1
-1
-1
0
0
0
0
1
0
0
2
0
0
0
-1
2
0
-1
0
0
0
3
2
2
1
0
1
0
-1
0
-1
-1
0
0
0
-1
-1
0
0
0
0
-1
0
0
-1
0
0
0
0
0
2
1
0
1
1
1
1
2
0
0
-1
-2
0
-1
-3
-1
0
-1
0
0
1
1
2
1
1
1
0
0
-1
0
0
-1
-1
-1
0
0
-1
0
0
0
1
0
0
0
2
1
0
0
0
1
0
0
0
0
-1
0
-1
-1
0
0
0
0
1
0
0
-1
0
-1
0
0
-1
0
1
0
0
0
0
0
2
1
0
0
1
0
-1
0
0
0
-2
0
0
0
-2
0
0
-1
-1
0
0
0
0
0
0
0
0
0
0
0
0
0
0
0
0
1
0
0
1
0
1
0
-1
0
0
-1
-1
-1
-1
0
0
0
0
1
1
0
-2
0
0
0
2
0
0
0
0
0
0
1
0
0
0
-1
-1
-1
0
0
0
0
0
0
-2
-1
0
-1
0
0
0
0
0
0
-1
0
2
1
2
1
0
0
1
0
1
0
1
2
1
0
1
1
1
3
3
2
2
2
1
0
0
0
-2
-3
-2
-2
-2
-4
-3
-3
-3
-1
-2
-2
-3
-3
-1
0
-1
-1
-1
0
-1
-1
0
0
0
1
2
2
3
3
3
3
2
2
4
2
2
3
1
1
1
0
0
0
1
0
0
0
0
0
-2
-2
-1
-1
-2
-4
-2
-1
-2
-1
-1
-1
0
1
0
0
0
2
1
0
0
1
0
0
0
0
0
0
0
0
0
0
0
0
1
1
1
1
2
1
2
0
-2
-2
-1
-1
-1
-2
-2
-1
-1
-3
-2
-1
0
0
-1
-2
-1
-1
0
0
0
1
1
2
2
2
3
2
2
2
2
0
0
0
0
0
1
0
-1
0
0
-1
0
-1
-1
-1
-2
-1
-1
0
-1
0
-3
-3
0
0
0
0
0
0
1
-1
-1
0
0
0
0
0
1
0
1
0
0
0
0
1
0
0
0
0
0
2
1
0
2
2
2
0
0
-1
0
0
0
0
0
0
0
0
-1
-1
-1
0
0
-1
-1
-1
-1
0
0
-1
-2
0
0
0
0
0
0
0
0
0
0
0
0
0
1
0
0
0
1
0
0
1
0
0
1
0
1
0
-1
-2
0
1
1
0
-1
-1
0
0
0
0
0
0
0
-1
0
0
0
-1
0
0
0
0
1
-1
1
0
0
-1
0
2
0
0
-2
-1
1
0
0
-1
0
1
-1
-1
-1
0
0
-1
0
0
0
1
0
0
1
1
1
0
0
0
0
0
2
0
0
0
0
1
0
0
0
0
1
0
0
-1
0
0
0
0
0
0
0
0
0
-1
0
-1
-1
0
0
0
0
0
0
0
2
0
0
1
0
0
0
1
0
0
0
0
0
1
0
0
0
0
0
0
0
0
1
0
1
0
0
0
-2
0
-1
-2
-1
-2
0
0
0
0
0
1
0
0
2
0
0
1
0
-1
1
-1
0
0
0
1
1
0
0
0
0
0
0
-2
0
-1
0
0
0
0
2
0
0
1
-1
0
0
0
0
0
0
-1
-1
-1
-1
0
1
-1
0
1
2
3
0
0
0
0
0
0
0
1
1
0
1
-1
0
0
-2
-2
-1
-1
0
0
0
1
0
2
1
0
-1
0
2
0
0
1
0
0
-1
-2
-2
-1
1
0
0
0
1
1
0
1
0
-1
1
0
0
0
0
0
-1
0
0
0
0
0
1
0
0
0
-1
0
0
0
0
0
0
-1
-1
0
0
0
0
0
1
0
0
0
0
0
0
1
0
1
-1
-1
0
0
0
-1
0
-1
0
1
2
-1
0
0
0
0
0
-1
-2
0
0
0
-1
0
1
0
1
1
-1
0
1
0
0
0
0
-1
1
0
0
-1
0
0
0
0
0
0
0
-1
0
0
-1
0
1
1
0
-2
-1
0
1
1
1
0
-1
0
1
0
1
0
0
0
0
0
0
0
0
-1
0
0
0
0
0
0
0
0
0
0
0
0
0
0
1
0
-1
0
0
-1
0
0
0
0
0
0
-1
1
0
0
0
0
0
0
0
0
0
0
0
0
0
-1
0
0
0
1
0
0
0
0
0
0
0
0
0
0
0
0
0
0
0
0
0
0
0
0
0
1
0
0
0
0
0
1
0
0
1
0
0
0
-1
-1
0
0
0
0
0
-1
0
0
0
0
-1
0
0
0
1
0
-1
0
0
2
0
0
1
0
0
1
0
0
0
2
0
0
0
0
1
0
-1
0
-1
0
0
-1
0
0
0
0
-1
0
0
0
1
0
1
1
0
1
0
0
0
0
0
0
0
0
0
0
0
0
0
-1
0
0
0
0
0
0
0
1
0
0
0
-1
0
0
0
1
1
0
0
0
0
0
0
-2
0
0
0
1
0
0
0
0
-1
0
-1
-1
0
0
0
1
1
1
0
0
1
0
0
0
1
0
0
-1
0
1
-1
0
0
-1
0
-1
0
0
-1
-1
0
0
0
0
0
0
1
1
0
0
1
1
0
0
0
0
0
0
1
0
0
0
0
0
0
0
0
0
-1
0
0
1
0
1
0
0
0
0
0
0
-1
0
1
0
-1
0
0
0
1
0
0
1
0
-1
0
-1
0
0
0
-1
0
0
0
-2
0
0
0
0
0
0
1
0
0
0
0
2
1
0
0
1
-1
0
1
0
-1
-1
0
-1
0
2
1
0
0
0
-1
0
0
0
-1
0
0
0
-1
0
0
0
0
0
0
0
1
0
0
0
2
0
-2
0
0
0
0
0
0
-1
0
0
0
1
2
-1
0
0
0
0
0
0
0
0
0
1
0
1
0
0
0
0
0
-1
0
0
0
0
0
0
0
0
1
1
-1
0
0
-1
-1
0
-1
-1
0
0
0
0
0
0
1
0
0
-1
-1
0
0
0
0
0
0
0
0
1
0
0
1
0
0
0
0
0
0
0
0
0
0
0
1
0
1
1
0
0
0
0
0
0
0
0
0
-1
0
-1
-1
0
0
-1
-1
0
0
0
0
0
0
0
0
0
0
0
0
0
0
0
0
0
-1
0
-1
0
0
1
1
0
2
1
1
0
0
0
0
0
1
0
0
0
0
0
-1
0
0
-1
0
0
0
0
0
0
0
0
0
0
0
0
0
-1
0
1
0
0
0
0
0
0
0
0
0
0
2
1
1
0
0
1
0
0
0
0
0
0
0
0
0
0
-1
0
1
0
0
0
0
0
0
0
-1
0
0
0
1
0
-1
-1
0
0
0
1
0
0
0
0
2
1
0
0
0
1
0
-1
1
1
0
0
1
0
0
0
0
-1
-2
0
0
0
0
0
-1
-1
0
0
0
0
0
2
3
0
-2
0
0
0
0
0
0
0
1
1
0
1
0
-1
0
0
-1
0
0
0
0
-1
-2
0
0
0
-1
-1
0
0
-1
0
0
0
0
0
3
3
0
-1
0
0
0
0
1
0
0
0
0
1
0
-1
0
0
0
0
-1
0
0
0
0
0
0
-1
-1
0
1
0
0
1
1
1
0
-1
0
0
-1
0
0
0
0
0
0
0
2
0
0
0
0
0
0
0
0
0
0
1
0
0
0
0
0
0
0
0
-1
-1
-2
0
0
0
0
0
0
0
0
0
0
0
0
0
0
1
0
0
0
-1
0
1
1
2
1
1
0
0
1
1
0
0
0
0
1
0
0
0
-2
-1
0
-3
-2
0
-1
0
-2
-1
0
0
-1
0
0
0
0
0
0
0
3
0
0
0
0
2
2
1
0
0
0
0
0
-1
0
-1
-1
0
0
0
0
0
0
0
0
0
0
0
0
0
0
0
0
1
0
0
0
0
0
-1
-1
-1
0
-1
0
0
0
0
0
0
0
0
0
0
0
0
0
0
0
0
0
0
0
0
1
1
0
0
0
0
0
0
0
-1
0
1
0
0
0
0
1
0
0
0
0
0
-1
-1
0
0
0
-1
0
0
0
0
0
0
0
0
1
0
1
0
0
1
0
0
0
0
0
-1
0
0
0
0
0
0
0
0
0
0
0
-1
0
0
0
2
0
-1
1
0
0
0
-2
-1
0
-1
-1
1
0
0
0
0
1
0
0
0
0
-1
0
0
0
0
1
2
2
1
0
0
0
0
-3
-4
-5
-2
0
4
4
4
2
0
-1
-2
0
-1
0
-1
-3
0
1
0
0
1
1
1
-1
-1
-2
-1
0
0
1
2
2
2
0
0
1
1
0
0
-3
-3
0
0
0
0
0
0
0
-1
-1
0
0
0
0
0
1
2
3
2
0
-1
-1
-2
-2
0
0
0
0
0
0
2
0
0
-1
-1
0
-1
0
2
0
-1
0
0
-1
1
0
-1
0
0
0
0
0
0
2
1
1
0
0
0
0
-2
0
0
-2
0
1
0
0
-1
0
1
0
0
-1
1
1
0
1
-1
-1
-1
-2
0
0
0
2
1
1
0
-1
0
-1
-2
0
0
0
0
0
0
2
1
0
2
0
1
0
0
0
0
0
-2
-3
-2
-1
0
1
1
0
2
1
0
0
0
0
0
0
-1
-1
0
-1
0
0
0
2
0
0
0
-2
0
0
0
0
0
1
1
1
0
0
0
0
0
0
0
0
0
0
0
0
1
1
2
0
-2
0
0
0
-2
-3
-1
0
0
0
0
0
0
1
0
0
0
0
-1
-1
0
1
0
2
1
0
1
1
1
0
0
1
0
0
0
0
0
-1
0
0
-1
0
-1
0
-3
-1
1
-1
0
0
-1
0
0
1
0
2
0
0
0
0
0
0
1
0
1
1
0
0
-1
-1
0
0
0
0
0
0
0
0
-1
0
0
-1
-1
-1
-1
0
1
0
0
0
0
0
0
0
1
0
1
1
0
2
0
0
2
0
-1
0
0
0
-1
-1
0
1
1
0
-2
0
0
0
1
1
1
0
0
0
0
0
0
0
0
-1
0
1
0
0
-1
-1
0
0
0
0
1
0
0
1
0
0
1
0
0
0
0
0
0
0
0
-1
-1
-1
0
-1
-1
0
0
0
0
0
0
0
0
0
1
0
0
1
0
0
0
1
0
0
0
-1
-1
0
1
0
0
-1
0
1
0
1
1
0
0
0
0
0
0
0
1
0
-1
0
0
0
0
-1
-1
1
0
0
0
0
-1
0
1
0
0
-1
0
0
0
0
0
1
0
0
-1
0
1
-1
-1
0
0
0
-1
0
0
0
0
0
0
0
1
2
0
0
0
0
0
1
0
-1
1
-1
-1
0
0
0
0
0
0
0
0
0
0
0
0
1
0
0
0
0
1
0
0
0
0
0
-1
-1
0
0
0
0
0
0
0
1
0
0
0
0
0
0
0
0
0
-1
0
0
0
0
0
0
1
0
0
0
1
0
1
0
0
2
2
0
2
0
2
1
0
0
0
0
-2
-1
-1
-2
-2
0
0
-1
-1
-1
0
-1
-1
0
0
0
1
0
0
0
0
0
1
1
2
1
2
2
1
0
0
2
0
0
1
0
0
1
0
-1
0
-2
-1
-1
-2
0
-2
0
-1
-1
0
0
0
1
1
0
1
0
0
0
1
0
0
0
0
0
0
0
0
-1
0
0
1
0
0
0
0
0
0
0
0
0
1
0
0
0
0
0
0
-1
0
0
0
0
0
-1
-2
0
0
0
0
0
0
1
0
0
0
1
0
1
2
0
0
0
0
0
-1
0
2
1
0
0
1
0
0
1
0
0
0
0
0
0
0
1
1
0
0
0
0
-1
0
0
0
0
0
0
-1
0
0
0
1
1
0
0
0
0
0
0
0
0
0
-1
-2
0
0
1
0
0
0
0
0
-1
0
0
0
0
1
0
1
0
-1
-1
0
0
0
0
0
1
0
-2
-1
0
1
0
0
0
0
-1
0
0
0
0
0
0
0
1
0
0
0
0
0
0
0
0
1
0
0
0
0
0
0
2
0
0
0
0
0
0
0
1
-1
-1
0
0
0
0
0
0
0
0
0
0
1
0
0
0
0
1
0
-1
2
1
-2
-1
0
0
0
0
0
0
0
0
0
0
0
0
0
0
1
2
1
0
0
0
0
0
0
0
0
-1
0
0
0
0
0
0
0
0
0
0
0
0
0
1
0
0
0
0
-1
0
0
0
-1
-1
-1
0
0
0
1
0
0
0
0
0
0
-1
0
0
1
1
1
0
0
0
0
0
0
0
0
-1
0
0
-1
0
1
0
0
0
0
-2
-1
0
-1
0
0
-2
0
0
-1
0
0
0
0
0
0
-1
0
0
0
0
1
0
0
1
0
0
1
0
0
0
0
1
1
0
0
1
0
-1
0
0
-1
-1
-1
0
0
-1
0
0
0
-1
0
0
-1
-1
0
0
0
0
0
-1
0
0
0
0
0
2
0
0
0
-1
0
1
0
0
0
0
0
0
0
0
0
0
0
0
2
0
0
1
0
0
0
0
0
0
0
0
0
0
0
0
0
0
0
0
0
0
0
0
-1
0
-1
-1
0
0
-1
0
0
-1
-1
1
0
-2
0
0
0
2
0
0
0
0
1
0
0
1
1
1
0
2
2
1
0
-1
0
-1
-2
0
-1
0
0
0
2
0
0
0
0
-1
0
0
0
-1
0
-1
0
0
-1
3
0
0
0
-2
0
-1
-2
0
1
0
0
1
0
0
1
0
0
0
0
1
0
1
0
0
0
0
0
0
0
-1
0
0
-1
0
0
-1
0
-1
0
0
0
1
1
0
0
1
0
0
-1
-1
-1
0
0
0
0
0
0
0
0
1
1
0
1
0
0
0
0
0
1
1
0
0
0
-1
0
0
0
0
1
1
0
0
0
0
-2
-2
0
0
0
-1
0
0
0
0
0
1
0
0
0
0
0
0
0
0
0
1
0
0
0
-1
-1
0
0
0
-1
0
0
0
-1
0
0
0
-1
0
0
0
-1
0
0
0
0
0
1
0
0
1
0
0
1
0
0
0
0
0
0
0
-1
0
-1
-2
0
0
0
-1
0
1
-1
0
0
0
0
0
0
0
0
0
0
0
0
-1
-2
0
0
0
0
0
0
0
0
0
-1
0
1
0
0
2
2
0
0
0
0
0
0
0
0
-1
0
0
-1
0
0
-1
-1
0
0
-1
-1
-1
-1
0
1
0
0
1
0
0
0
0
0
3
0
0
0
0
0
0
0
1
0
0
0
0
0
0
0
0
0
0
0
0
0
0
-1
0
1
0
0
0
0
0
0
0
0
0
0
0
0
0
1
0
0
0
0
0
1
0
0
1
0
0
0
0
-1
0
0
0
0
0
0
0
0
0
0
-1
0
-1
0
0
0
0
0
1
0
-1
0
0
0
0
0
0
0
0
1
0
0
0
0
-1
0
0
0
0
1
0
0
0
0
0
-1
0
0
0
0
0
0
0
0
0
0
0
0
0
0
0
0
0
0
-1
0
0
0
0
-1
-1
1
0
1
1
0
0
0
0
0
1
0
1
1
0
0
0
0
0
0
0
0
0
-1
0
0
-1
0
0
0
-1
0
0
0
1
0
0
0
0
0
0
0
0
0
0
0
0
0
0
-1
0
0
0
0
0
1
0
-1
0
0
1
1
-1
0
0
0
1
0
1
0
0
0
0
0
1
0
0
-2
-1
0
0
0
0
-1
0
0
0
0
0
1
-1
0
0
0
0
0
0
0
0
0
0
0
0
0
0
0
0
0
0
0
0
0
0
-1
0
0
0
0
0
1
0
0
0
0
0
-1
0
0
0
0
0
0
0
0
0
0
0
0
-1
0
0
0
0
-1
0
0
0
1
1
-1
-1
-1
-2
1
1
0
0
0
0
0
0
0
0
0
0
0
0
0
0
0
0
0
1
1
0
-1
0
0
1
0
0
0
0
2
0
0
0
1
0
-2
-1
-1
0
0
0
0
0
0
-1
0
0
0
0
0
0
0
2
0
0
0
-1
0
0
0
0
-1
0
0
-1
0
0
0
0
0
0
0
0
0
0
0
0
1
0
1
0
0
1
0
0
0
0
0
0
0
0
1
0
-1
-1
0
0
0
0
0
0
0
0
0
0
0
0
0
0
0
1
0
-1
-1
-1
0
0
0
0
-1
0
-1
0
0
0
0
0
1
2
0
0
0
1
0
1
2
0
1
0
0
0
0
0
-1
0
2
0
0
-1
0
0
0
0
-1
0
0
0
0
-1
0
0
0
0
0
0
-2
-1
0
-1
0
1
0
0
-1
0
0
0
0
0
0
0
0
0
0
0
0
0
0
0
0
0
0
0
0
0
0
0
1
0
-1
0
0
0
1
0
-2
0
0
0
0
0
0
-1
0
0
-1
1
1
0
0
0
0
0
0
0
0
0
0
0
1
1
0
0
1
0
0
0
0
0
0
0
0
0
0
0
0
-1
0
-1
0
-1
-1
-1
0
-1
0
1
0
0
0
0
0
0
0
0
0
0
0
0
0
0
-1
0
0
0
0
-1
0
-1
0
0
0
0
0
0
0
1
0
1
0
0
0
0
0
0
0
0
0
0
0
0
0
0
-1
0
0
-1
0
0
0
0
1
0
-1
0
-1
-1
0
0
0
0
0
0
0
1
0
0
1
0
0
1
1
0
1
1
-1
0
0
0
1
0
0
0
-2
-1
-1
-1
0
0
-1
0
0
0
1
0
0
1
0
-1
0
0
0
0
-1
-1
-1
0
0
0
1
0
0
0
0
1
1
0
0
0
0
0
1
1
0
0
0
0
1
1
1
0
0
-1
-2
0
-1
0
-1
-2
-1
-1
1
1
-1
0
0
-1
0
0
-1
0
0
0
0
1
0
-1
0
0
0
0
0
1
1
1
0
1
0
0
1
0
0
0
1
0
0
0
-1
-2
0
-1
-3
0
0
0
1
0
0
0
0
0
1
0
0
0
2
0
0
0
0
-1
0
2
0
0
1
0
0
0
-1
-1
0
0
0
0
0
1
0
-1
0
0
0
0
0
0
0
0
0
0
0
0
0
-1
-1
-1
0
0
0
0
0
2
0
0
0
0
0
-1
0
0
0
0
0
0
0
0
0
0
-1
0
0
0
0
1
0
0
0
0
0
0
-1
0
0
0
0
0
1
0
0
-1
0
0
1
0
0
0
0
0
1
0
0
-1
-1
0
0
0
0
0
0
0
0
0
1
0
0
0
1
0
0
0
0
-1
0
0
0
-2
-1
0
-1
-1
0
0
0
0
0
1
0
0
0
0
0
0
1
2
0
0
0
-1
0
0
-1
0
0
0
0
0
1
1
0
0
0
0
0
0
0
1
0
0
0
0
0
0
0
0
0
0
0
1
1
0
0
-1
-1
0
0
0
0
0
0
-1
0
0
0
0
0
0
0
1
0
0
0
0
0
0
0
0
0
0
1
0
0
0
0
0
-1
0
0
0
1
0
0
0
0
0
0
0
0
0
-1
0
0
0
-1
0
0
0
1
-1
-1
0
0
0
0
0
0
1
-1
-1
1
1
0
0
0
0
0
0
0
0
0
0
0
0
0
0
0
0
0
0
0
0
1
0
0
0
0
0
0
0
0
0
0
0
-1
-1
0
1
0
0
0
0
0
0
0
0
0
0
0
0
0
0
0
1
1
-1
0
0
0
1
0
-1
-1
0
0
0
0
-1
0
-1
0
1
0
1
0
-1
1
0
0
0
-1
0
0
0
0
0
1
0
0
0
0
0
0
0
0
1
0
0
0
1
2
0
0
0
0
0
1
0
0
0
-2
-1
-1
0
0
0
0
-1
0
0
0
0
0
1
1
-2
0
0
0
0
-1
-1
-1
0
0
0
0
1
0
0
2
0
0
1
0
0
0
0
0
1
0
0
-1
0
0
0
0
-1
0
0
0
0
-1
-1
0
0
0
0
0
0
0
0
0
0
0
0
0
0
0
0
0
0
0
-1
-1
0
0
0
-1
-1
0
-1
0
0
1
0
0
1
0
0
1
0
0
1
0
2
2
0
1
0
0
0
0
0
0
-1
-1
0
-1
-1
0
0
0
-1
-1
0
0
0
0
0
-1
0
1
0
1
0
0
0
0
0
0
0
0
0
2
1
0
0
1
0
0
0
0
0
0
0
0
0
-1
0
0
0
0
0
0
0
0
0
0
0
0
0
0
0
0
0
1
0
0
0
0
0
1
1
0
0
0
0
-1
0
0
0
0
0
1
-1
2
1
-1
1
0
0
1
0
0
0
-1
0
0
0
0
0
-1
0
0
0
0
0
0
0
0
0
1
0
0
0
-1
0
0
0
1
0
0
1
0
0
0
0
0
0
-1
0
1
0
0
0
1
1
0
0
0
1
1
1
0
0
0
0
0
0
-1
-1
0
0
-1
-1
-1
-1
0
-1
0
0
0
-1
-1
0
0
-2
0
0
-1
0
1
0
0
2
1
1
2
1
2
2
3
1
3
2
2
2
0
1
0
1
0
0
0
0
0
0
-1
-2
-2
-2
-2
-2
-3
-5
-3
-2
-3
-1
-1
-2
-3
-1
-1
0
1
1
0
0
0
1
2
3
2
0
2
2
3
3
2
1
0
1
2
2
1
0
1
1
0
0
0
0
-2
-1
-1
-2
-3
-3
-3
-4
-3
-2
-3
-1
-1
-2
-1
0
-2
0
0
-1
0
1
1
1
2
2
1
2
3
1
3
3
2
3
3
3
2
2
1
1
1
1
0
0
0
0
0
0
0
-3
-2
-2
-3
-2
-3
-4
-3
-2
-2
-2
-3
-2
-1
0
-2
0
0
-1
1
2
0
1
2
2
1
1
1
0
2
1
1
1
0
1
0
0
0
0
0
0
0
0
0
-1
0
1
0
0
0
0
0
0
0
0
-1
0
0
0
0
-1
-1
0
0
0
0
0
0
0
0
1
1
0
0
2
1
2
1
-1
0
0
0
0
0
-1
0
0
0
0
0
0
0
0
1
0
0
0
0
1
0
-1
-1
0
0
0
0
0
0
0
1
1
-1
0
0
0
0
1
1
0
1
-1
-1
1
-1
-1
0
0
0
0
1
0
-1
0
0
0
0
1
1
-1
-1
0
0
0
0
0
0
0
0
0
0
0
0
-1
0
0
0
0
1
0
0
-1
0
1
0
0
1
1
0
0
0
-1
0
0
-1
-1
-1
-1
0
0
0
0
0
1
1
1
0
0
-1
0
0
1
0
0
0
0
0
0
0
0
0
0
-3
0
0
1
0
-1
0
-1
0
2
0
-1
0
0
0
0
0
0
0
1
1
0
0
1
0
-1
0
-1
-1
0
0
0
0
1
0
0
0
0
2
1
0
0
0
-2
-1
-2
-1
0
-1
-1
1
0
0
0
0
1
1
1
0
0
0
0
0
0
1
-1
0
0
0
0
-1
0
1
1
0
0
0
-1
-1
-1
0
0
0
0
-1
-2
0
1
0
1
0
0
-1
0
0
0
0
-1
0
0
0
0
0
0
0
1
1
1
1
1
0
0
0
0
-1
-1
-1
0
0
-1
0
0
0
1
0
0
1
1
0
0
0
-1
0
0
0
0
0
0
0
0
1
0
0
0
0
-1
-1
0
0
0
0
0
0
0
0
-2
0
0
0
0
1
1
2
3
1
1
0
0
0
-1
0
0
0
0
0
-2
0
0
-1
0
0
0
0
0
0
0
0
0
1
0
0
0
0
0
0
0
1
1
0
0
-1
0
0
-1
0
0
-1
0
0
0
1
1
0
1
1
0
2
0
0
0
0
-1
-2
0
-1
0
-1
0
0
0
0
0
0
0
0
0
0
0
0
0
0
0
0
0
1
0
0
0
0
1
0
-1
0
-1
0
0
0
0
-1
-1
-1
-2
0
3
2
0
0
1
0
0
0
-1
-1
0
0
0
1
0
0
0
-1
0
0
0
1
0
0
0
0
0
0
0
1
2
1
0
0
-1
0
0
0
1
0
-1
0
0
0
0
0
-1
0
0
1
0
0
0
0
0
-1
0
-1
2
2
0
0
1
0
-1
-2
0
0
0
1
0
0
0
0
1
0
0
0
0
0
0
-1
0
0
0
0
0
0
0
0
0
0
0
1
1
0
1
2
1
1
0
-2
0
0
0
0
0
0
-3
-2
-2
-2
0
-1
-1
-1
-1
-1
0
0
0
0
1
0
0
1
2
3
2
0
2
1
1
0
0
1
0
0
0
0
0
0
0
0
0
0
0
2
1
-1
0
0
-3
0
0
0
-1
-1
-1
0
-1
0
1
0
-1
-1
0
0
0
0
0
0
0
0
0
0
1
0
0
0
-1
0
0
0
2
1
0
0
0
0
0
-2
-1
1
0
-2
1
1
0
0
1
0
0
2
0
0
1
0
0
0
-2
-2
0
0
-2
-2
0
0
0
1
0
0
0
1
-1
0
0
-1
0
0
0
0
0
0
0
-1
0
0
0
0
-1
0
0
0
0
0
0
0
-1
0
0
-1
0
0
0
0
0
2
1
0
0
0
0
0
0
0
0
0
0
0
0
0
0
-1
0
0
-1
0
0
0
0
0
0
0
-1
-1
0
0
0
0
0
0
0
0
1
0
0
0
0
0
0
0
-1
0
2
0
0
0
1
1
1
2
0
1
1
0
0
0
0
0
0
-1
-2
-2
-2
-1
-2
-1
0
-1
0
-1
0
0
1
0
0
0
0
0
0
0
0
0
0
0
0
0
0
-1
-2
0
0
0
-1
1
0
1
1
0
2
0
1
1
2
1
1
1
1
1
1
0
1
1
0
-1
-1
-1
-2
-2
-2
-2
-2
-1
-1
0
0
-1
0
0
-1
-1
-1
0
0
0
2
0
1
2
0
0
0
0
0
1
0
0
1
0
0
1
1
2
0
0
0
-1
-1
-1
-1
-1
0
0
0
-1
-1
0
0
-1
-1
-1
0
0
-1
-1
-1
0
1
0
0
1
2
2
0
0
0
0
0
0
0
1
2
1
0
0
0
1
2
0
-1
-1
1
1
0
0
-1
0
0
-1
0
0
-1
1
-1
0
0
0
0
-1
0
0
1
0
0
0
0
0
-1
0
0
0
-1
0
0
0
0
0
1
0
0
1
0
-2
0
0
-1
-1
0
1
0
0
1
0
0
0
-2
0
0
0
0
0
1
0
0
0
-1
0
0
0
0
0
0
1
1
0
0
0
0
1
0
0
0
0
2
-1
0
1
0
0
-1
-1
0
0
0
0
-1
0
1
1
0
0
0
0
0
0
0
0
0
0
-1
0
2
1
-1
0
0
-1
0
1
0
1
0
0
0
-1
1
1
0
0
0
0
0
0
0
0
0
0
0
0
0
0
0
0
0
-1
0
0
0
0
-2
0
0
-1
0
0
0
0
0
0
0
0
1
0
0
1
0
0
0
0
0
0
0
0
1
0
-1
1
0
0
1
-1
0
0
0
0
0
0
0
-1
0
0
1
0
0
0
0
-1
1
0
0
2
0
0
0
0
0
-1
0
1
0
-1
0
1
0
0
0
0
1
-2
-1
1
1
0
-1
0
1
0
0
1
0
0
0
1
0
-1
0
0
0
-1
0
0
0
0
0
0
0
0
0
1
0
0
0
0
0
0
0
0
-1
0
0
0
0
0
0
0
-1
0
1
0
0
-1
2
1
0
0
-1
0
1
1
0
0
1
0
1
0
0
0
-1
0
0
0
0
0
0
0
-1
0
0
0
0
0
0
0
0
0
0
0
0
0
0
0
0
0
-1
0
0
0
0
1
0
0
0
0
0
1
0
0
0
0
1
0
0
0
0
0
0
0
0
0
0
0
0
1
1
0
-1
0
-2
0
0
0
0
0
0
0
0
0
1
0
0
0
0
0
0
0
0
-1
-1
1
1
0
0
0
0
0
1
0
0
0
1
-1
0
0
0
0
-1
-1
0
-1
-1
0
0
0
0
1
0
0
0
0
0
0
0
0
0
0
1
1
0
0
-2
-1
0
1
1
1
1
-1
0
0
-1
0
0
-1
0
0
0
0
0
-1
0
0
-1
0
0
0
0
0
0
1
0
-1
0
0
0
0
0
0
0
0
1
0
0
0
0
1
1
-1
0
0
0
0
0
0
0
0
0
-1
0
0
0
0
-2
0
0
1
0
0
0
-1
0
0
0
1
0
0
0
0
0
0
0
0
0
1
0
0
0
0
0
-1
0
0
1
0
0
0
0
0
1
0
1
0
0
0
0
0
-1
0
2
0
-2
-1
0
0
0
-1
-1
-1
0
0
0
-1
0
0
2
0
0
1
-1
0
2
0
1
0
1
1
0
1
1
0
0
-1
0
0
-2
-1
-2
1
1
0
2
2
0
0
0
0
-1
-1
0
-3
-1
-2
-1
0
-1
0
1
1
2
1
2
2
1
0
-2
-2
-2
-2
0
0
0
0
1
0
0
0
1
0
1
0
0
-1
0
0
0
1
0
0
1
0
0
0
0
0
0
0
0
0
1
0
-1
0
0
0
0
0
0
0
-1
-1
-1
0
-1
-1
0
0
-2
0
1
0
1
0
1
0
1
0
0
1
0
0
0
0
0
0
1
0
0
-1
-1
0
0
0
0
-1
0
0
0
0
0
0
0
0
0
-1
0
0
-1
0
0
0
0
0
0
0
0
0
0
-2
-1
0
0
0
0
0
0
0
0
0
0
-1
0
0
0
0
0
0
0
0
-1
0
1
0
0
0
0
0
0
0
0
0
0
0
0
0
0
1
1
0
0
0
0
0
0
0
0
0
0
0
0
0
0
-2
0
0
0
0
0
0
0
0
1
0
0
0
0
-1
0
0
0
0
0
-1
0
0
0
0
0
0
0
0
1
1
0
0
-1
0
0
-1
-1
0
0
1
0
0
0
0
0
0
0
0
0
0
0
1
0
0
0
0
-1
0
0
0
0
0
1
0
0
0
-1
0
0
0
0
0
0
1
0
0
0
1
0
0
0
0
1
0
0
0
0
0
0
2
-1
-2
1
1
1
0
0
0
-2
0
-1
1
0
0
0
0
-2
-2
0
0
1
0
1
0
0
0
0
0
0
0
-1
0
0
2
0
0
1
0
0
-1
0
0
0
-1
0
0
1
1
1
0
-1
-1
-1
-1
-2
0
1
0
0
1
0
0
2
0
0
0
-2
-2
0
-1
0
0
0
0
1
2
1
0
1
-1
0
2
0
1
1
0
0
1
0
0
-1
0
-1
0
1
0
0
0
-2
-3
-2
-2
-1
-1
-2
0
4
1
0
-1
-3
-1
-3
-1
1
1
1
0
1
0
0
0
-3
0
2
1
1
0
1
1
4
8
0
0
7
-2
-6
-8
-26
-7
24
14
16
39
27
10
3
-27
-36
-15
-32
-40
-8
-7
-21
-4
-4
-14
9
25
15
26
27
5
11
20
6
14
39
36
23
21
13
8
8
1
-3
2
1
-7
-14
-28
-38
-40
-45
-50
-54
-53
-38
-27
-26
-15
0
3
25
42
32
36
44
33
28
25
11
27
47
34
27
29
12
-3
-15
-28
-24
-15
-21
-17
-13
-22
-27
-32
-38
-38
-33
-26
-16
-6
0
12
16
18
21
16
9
8
4
3
9
12
14
18
16
12
9
1
-4
-4
-4
-6
-3
-2
-2
3
4
2
4
-3
-4
-1
-5
-10
-5
-1
2
8
5
3
3
-1
-7
-10
-12
-10
-7
-2
1
1
0
1
3
2
1
1
1
4
4
1
5
4
4
3
0
-2
-2
-2
-5
-3
0
1
3
3
2
3
0
0
-1
-1
-1
0
0
0
2
1
-1
-1
-4
-4
0
-2
-5
-5
-2
0
-1
-1
-2
-1
0
-1
0
0
1
6
6
5
6
4
0
2
0
0
0
-3
-5
-1
0
0
1
0
-3
0
0
-2
0
1
0
1
1
1
2
2
0
0
-1
-1
0
-2
0
0
0
0
0
0
0
-2
-2
-1
0
1
0
0
-1
1
0
1
0
0
0
0
0
1
1
2
2
1
0
-1
0
-1
-2
-1
-1
0
0
0
-1
0
1
0
-1
0
0
-1
2
1
0
0
0
0
0
0
-1
0
0
-2
0
-1
0
1
0
0
0
0
0
0
0
0
0
0
1
0
0
0
2
0
0
0
0
-1
0
-1
0
0
-2
0
0
-1
0
2
1
0
1
0
-1
0
0
-1
1
0
0
1
0
1
0
0
-1
-1
0
-1
0
0
1
2
2
0
0
0
0
0
0
0
0
0
0
0
0
0
0
0
0
0
-1
-1
0
0
0
0
0
0
0
0
-1
-1
0
-1
-2
-1
0
0
-1
0
2
3
1
1
-1
0
1
0
0
0
0
1
1
0
1
0
0
1
0
0
-1
0
0
-1
0
0
0
0
-1
0
0
-1
0
0
-1
0
0
0
0
0
0
0
1
0
0
0
0
0
0
1
-1
1
1
0
1
0
0
0
-1
0
0
0
1
0
0
0
-2
0
0
-1
0
0
0
0
2
1
0
-1
0
0
1
0
-1
0
0
0
0
1
0
0
0
0
0
0
0
2
0
0
1
0
-1
-1
0
-1
0
0
-2
0
0
-2
0
-1
0
0
2
0
-1
1
0
1
1
-2
0
1
-2
0
0
0
2
0
-1
0
0
-2
3
-1
-6
6
-2
-1
5
-2
0
5
-3
-2
4
-3
0
5
-2
0
2
-1
-2
0
0
-3
-5
0
-1
-2
3
1
0
3
2
-1
3
4
-1
1
0
-2
1
0
-5
0
0
-5
0
1
-1
2
1
-2
3
2
1
4
0
-1
3
-1
-5
1
-3
-4
2
-1
-2
3
-3
-2
5
-1
-1
3
-1
-1
0
-2
-1
-2
0
0
0
2
2
0
0
0
-3
0
0
0
3
0
1
3
0
-2
-1
-3
-1
0
0
2
4
1
3
2
-2
0
0
-4
0
0
-1
0
2
-1
-1
-1
-4
-2
-2
0
2
1
1
2
0
0
0
-3
-1
0
0
3
3
3
2
0
-1
0
-1
-3
-2
0
0
-1
0
0
0
0
0
0
0
1
2
4
2
0
1
0
0
-1
-3
-2
0
-2
0
0
-2
0
0
0
0
0
1
2
0
0
0
1
0
0
0
-1
-1
-1
-1
-1
0
-1
0
2
2
0
2
0
1
2
-2
-2
0
0
0
0
0
1
1
-1
1
1
0
0
1
0
-2
0
0
-1
-1
0
0
0
0
0
2
0
-2
1
1
-1
1
1
0
-1
0
-1
-1
0
-1
-1
-1
1
0
0
2
0
-2
1
0
0
1
0
1
0
0
-2
0
0
-1
0
0
2
0
0
0
0
0
0
0
1
1
-1
0
0
0
0
0
-2
-1
0
0
0
0
-1
0
1
0
0
0
0
0
1
1
0
0
-1
0
0
0
-1
0
0
0
0
0
1
0
2
2
-1
2
0
0
0
0
-2
0
0
0
1
0
-1
0
0
-1
-1
0
0
1
0
-1
-1
-1
0
0
1
1
0
1
2
0
0
1
0
-1
0
0
0
0
0
0
0
0
0
0
-1
0
0
0
-1
0
1
0
0
2
2
0
0
0
0
-1
0
0
0
0
0
-1
0
-1
0
0
1
0
-1
0
0
0
2
0
0
1
0
-1
0
0
-1
0
0
0
0
0
2
0
0
0
0
0
-1
0
0
-1
0
1
-1
0
0
0
2
0
2
1
-1
0
0
0
-1
0
-1
-1
0
0
0
0
-1
0
0
0
1
1
0
0
0
2
0
0
1
-1
0
0
0
0
0
-1
0
0
0
0
0
0
0
-1
0
0
0
0
0
0
0
-1
0
0
0
-1
-1
0
0
-1
-1
0
0
0
0
0
0
0
1
0
0
0
1
1
0
2
0
1
2
0
0
-2
0
0
-2
0
0
0
-1
0
0
0
0
0
0
0
-1
0
-1
1
1
0
1
4
1
0
-1
-2
0
0
0
0
0
1
-2
-2
0
-1
0
1
0
1
-1
0
1
0
-1
0
-1
0
0
-1
0
0
0
0
-1
0
0
1
0
0
0
0
1
0
1
1
0
1
1
0
0
-1
0
-1
0
1
0
0
0
0
1
0
-1
0
1
0
1
0
1
-1
0
0
-1
-4
0
0
-1
0
0
0
0
0
1
0
0
0
1
0
0
1
-1
0
1
0
0
-2
0
1
0
0
0
1
1
-1
0
0
-1
-1
0
0
0
0
0
0
0
0
0
0
0
0
0
-1
0
0
1
0
-1
0
0
-1
0
0
-1
0
0
0
0
1
1
0
0
0
0
1
0
0
2
1
0
0
0
1
-2
0
0
-1
-1
0
0
0
0
0
0
0
2
0
-1
1
0
0
1
0
0
-1
-1
-1
-1
0
-1
0
1
0
0
0
0
1
0
0
1
0
0
0
0
0
1
-2
-3
0
0
0
0
0
1
0
0
2
0
0
0
0
0
0
0
0
0
0
0
0
0
0
0
0
2
0
-1
0
0
-1
0
0
0
-1
-1
0
1
0
0
0
0
0
0
-1
-1
1
0
-2
0
1
1
0
1
1
0
1
0
0
1
1
1
0
0
0
0
-1
-1
0
0
0
-2
0
0
1
0
-1
0
0
0
0
0
0
0
-2
0
0
0
2
1
1
1
0
-1
-1
0
0
0
0
0
0
0
1
0
0
1
0
0
0
0
-1
0
0
0
0
0
0
0
0
-1
1
0
0
0
0
0
-1
-1
0
0
0
0
0
1
0
0
0
0
-1
-1
0
0
0
0
0
0
0
0
0
0
2
1
1
0
0
0
-1
0
1
0
-1
0
0
0
0
0
0
-1
0
-1
-1
0
0
2
2
0
0
0
0
0
1
0
0
0
0
-1
-1
-1
-1
0
0
0
0
-1
0
0
0
1
1
1
0
0
0
0
0
0
-1
0
0
0
-1
0
0
0
0
-1
0
0
0
0
0
3
0
-2
0
0
0
0
0
0
0
0
-1
0
1
0
0
0
0
0
0
0
-1
-1
0
0
0
0
0
0
0
0
-1
0
0
1
1
0
0
0
0
0
0
0
0
0
0
1
0
0
0
0
0
0
0
0
-1
0
0
-1
2
0
0
1
0
0
-3
0
0
0
1
-1
1
-1
0
0
0
2
0
0
1
0
0
0
0
0
0
0
0
0
0
0
0
0
0
0
1
0
0
0
0
-1
0
0
0
0
1
0
0
0
0
0
0
0
0
0
1
1
0
0
0
1
0
0
0
0
0
-1
-1
-2
0
0
-1
0
0
1
1
0
0
0
-1
0
1
0
-1
0
0
0
1
0
0
0
1
1
1
2
0
-1
0
0
-1
0
0
0
0
0
0
0
0
0
-2
0
0
0
0
0
0
0
-2
1
0
0
1
0
0
0
0
0
0
0
0
1
1
0
0
0
0
0
-1
1
0
0
0
0
0
0
0
0
0
0
0
1
0
-2
1
0
-1
0
-1
0
1
0
0
0
0
0
0
0
0
0
0
0
0
0
0
0
0
0
0
0
0
0
1
0
0
0
1
0
-1
0
1
0
-1
0
1
0
-1
0
0
0
0
0
0
0
0
0
1
0
0
0
0
0
0
-1
-1
0
0
-1
0
0
0
1
0
1
0
0
0
-1
0
0
-1
1
0
0
1
0
-1
1
0
1
2
1
1
0
0
0
-1
0
0
-1
0
0
0
0
0
1
1
0
0
0
1
0
0
1
0
-2
-1
-1
-2
0
1
0
0
0
0
1
1
1
2
0
-1
-1
0
-1
0
0
1
1
0
0
0
1
0
0
1
0
0
0
0
0
1
0
-1
0
0
-1
-1
-1
0
0
-1
0
2
0
0
-1
-1
0
-2
0
0
0
0
0
0
0
2
0
0
0
0
1
0
2
1
0
1
3
1
1
0
0
0
1
0
-1
0
-1
-2
-1
-3
-2
-1
-3
-1
-2
-1
-2
-1
-2
-2
-1
-1
0
-2
-1
0
0
1
0
1
2
2
2
2
1
3
2
2
1
1
3
2
0
0
2
2
1
1
0
0
2
0
0
1
0
-2
0
0
-2
-1
-3
-3
-1
-1
-2
-2
-2
-4
-3
-2
0
0
0
0
0
0
1
0
1
2
1
1
1
2
0
1
1
1
1
0
0
0
0
1
0
0
0
0
0
1
-1
-2
0
0
0
0
0
0
-2
-1
-2
-1
0
0
0
0
0
0
1
1
0
0
1
0
2
1
1
1
0
1
2
1
0
0
0
1
0
0
0
0
0
0
0
0
0
-1
-2
0
0
0
0
0
0
-2
-2
0
0
0
1
0
0
0
1
0
0
1
0
0
0
0
0
1
1
-1
-1
-1
1
2
1
0
-1
0
-1
0
1
-3
-3
-5
-5
1
0
0
3
6
7
8
7
4
5
4
0
-2
-5
-10
-13
-11
-11
-9
-4
-6
0
3
4
5
5
5
6
5
5
7
4
2
2
1
1
0
0
0
-1
-2
-6
-6
-6
-4
-4
-4
-2
-1
-1
0
1
3
4
2
4
4
2
1
0
0
-2
-3
-1
-1
0
1
2
2
2
3
2
2
1
-1
0
-1
-1
-1
-1
-1
0
0
0
0
0
-2
-4
-2
-3
-3
-3
-1
0
0
0
2
5
5
4
4
4
3
0
0
2
2
1
2
0
0
0
-3
-4
-5
-4
-4
-3
-1
-2
0
0
1
1
4
3
1
0
0
0
0
0
-1
0
0
0
0
0
0
3
2
1
1
0
0
0
0
-1
-1
-1
0
0
0
0
-1
-1
1
2
2
0
0
0
0
0
0
-1
-5
-4
-3
-3
-2
-2
-1
0
3
5
5
3
4
3
1
0
0
0
-1
-2
-3
-2
0
0
0
2
2
1
1
2
0
-1
-3
-2
-1
-3
-3
-2
0
1
0
3
3
4
2
2
2
0
-1
-4
-3
-5
-4
-3
-2
-1
-1
0
2
5
2
3
3
2
0
0
0
-1
0
0
-1
-2
-2
-2
-2
-1
0
1
1
2
0
-1
0
0
1
0
0
1
-1
-2
0
0
0
0
0
0
0
0
0
0
1
0
-1
0
0
-2
-1
0
-1
1
2
2
2
0
1
1
-1
0
0
0
0
0
0
-1
-1
0
0
0
-2
-1
0
0
0
0
0
0
1
0
1
0
-1
1
0
0
0
0
0
0
0
1
0
0
1
0
0
0
0
0
0
0
0
1
0
0
0
0
0
0
0
0
1
0
0
0
-1
-1
-1
0
0
-1
0
1
0
0
0
0
0
-1
-2
-2
-1
1
1
0
-1
0
0
1
1
0
1
2
1
1
0
2
0
0
0
0
0
0
-1
0
0
0
0
-1
0
-1
-1
0
0
0
0
0
1
0
0
0
-1
-1
0
-2
0
0
0
1
0
0
1
1
0
0
0
1
0
-1
0
0
0
0
-2
0
1
0
-2
0
3
1
0
0
0
1
0
-2
-1
0
-1
0
-1
-1
0
0
-1
-2
-1
-2
-1
-1
0
0
3
3
2
3
4
4
4
3
2
3
3
3
0
-1
-1
-2
-5
-7
-7
-6
-7
-9
-7
-5
-2
-3
-3
0
2
2
2
5
6
9
8
7
9
7
7
6
3
1
0
0
-4
-4
-3
-4
-4
-7
-6
-3
-7
-5
-6
-5
-1
-1
-1
1
2
1
4
4
3
3
3
5
2
1
2
0
0
-1
-1
0
0
0
-1
0
0
1
1
1
0
1
1
0
1
0
1
0
-1
0
0
-1
-3
-3
-3
-2
-3
-3
-2
0
0
0
1
1
3
1
0
1
2
3
1
1
1
2
1
0
0
0
0
0
-1
-1
0
-1
0
-1
0
0
0
0
0
0
0
0
0
0
0
0
-1
-1
0
0
0
-1
-1
0
-1
-1
0
-2
0
0
0
0
0
0
1
2
1
1
0
0
1
0
0
-2
-1
0
0
1
0
0
0
-1
0
0
0
0
1
1
0
0
1
0
0
0
0
0
0
0
0
0
0
0
-1
0
0
0
0
-1
-1
1
1
0
0
0
1
2
0
0
0
0
1
1
0
0
1
1
1
0
-1
0
0
0
1
0
-1
0
0
0
-1
-1
1
0
0
1
0
1
0
-1
0
0
0
0
1
1
0
-1
0
1
0
-1
0
0
0
0
-2
0
1
0
0
-1
0
2
0
1
0
0
1
1
-1
-2
0
0
0
-1
-2
0
0
1
0
0
1
0
1
0
-1
0
0
0
-2
2
1
0
1
2
1
0
2
0
-2
0
0
0
0
-1
-2
0
0
0
0
1
0
0
0
-1
0
0
0
0
-1
-1
0
0
0
0
0
1
3
2
0
-1
-1
0
-1
-1
-1
-1
0
0
0
1
0
-1
0
2
0
0
0
0
1
0
0
-1
0
1
0
0
1
1
0
0
0
-1
0
0
0
1
0
0
0
0
1
-1
-1
0
0
0
1
0
0
1
0
0
0
0
-2
-1
0
0
-2
-1
0
0
0
0
0
1
0
2
1
0
0
0
0
-1
0
0
1
0
0
0
-1
-1
0
0
1
0
0
1
0
1
0
0
0
0
0
0
0
0
0
0
0
0
0
1
0
-1
-2
0
0
0
0
-1
0
-1
0
0
0
0
0
0
0
1
0
2
0
1
1
0
0
0
0
0
0
0
0
0
-1
0
-2
-1
0
0
-1
-1
0
0
0
0
0
0
0
0
1
1
0
0
0
0
0
0
2
1
0
0
-1
0
1
0
-1
0
0
0
1
0
-1
0
-1
0
0
0
0
0
1
0
0
0
0
0
0
0
0
0
0
-1
-2
-1
-1
0
0
0
0
0
0
1
1
0
1
1
0
1
0
-1
-1
1
1
-1
1
0
0
0
0
-2
0
0
0
0
0
0
0
2
0
0
0
-1
0
0
0
1
0
0
0
-1
0
-1
-1
0
1
0
-1
1
0
-1
-1
0
0
0
1
0
0
0
-1
0
1
0
-2
0
1
1
1
0
0
0
0
-1
0
2
0
-1
-1
0
2
0
0
0
1
0
0
0
0
-1
-1
-1
0
0
0
0
0
-1
0
0
0
0
0
0
-1
-1
0
1
1
1
0
1
3
2
2
2
2
1
0
3
0
1
0
-2
0
-2
-1
-1
-3
-3
-3
-1
-3
-4
-2
-1
-3
-2
-2
0
1
2
1
1
1
1
1
2
1
2
1
1
0
1
2
0
1
0
0
0
0
-2
0
0
0
0
0
0
1
3
0
0
0
1
0
-2
0
0
0
0
-3
-1
0
-1
-3
-4
-1
0
-2
-1
0
1
0
0
2
2
1
1
1
2
2
2
3
3
2
0
1
3
0
-1
-1
0
0
0
-2
-1
-1
-2
-2
-1
0
-2
0
-1
0
0
-2
0
0
-1
-1
0
2
0
-1
0
0
1
0
-1
1
0
-1
0
0
0
0
0
1
0
0
0
0
1
0
0
1
1
1
0
1
1
0
1
0
1
1
0
0
-2
0
-1
-2
0
0
0
0
-1
-1
0
1
0
-1
0
0
1
0
0
-1
0
1
1
0
1
0
0
0
0
0
-1
0
0
-1
0
0
0
0
0
-1
-1
1
0
-1
0
1
1
0
1
0
1
0
-1
0
0
0
0
0
0
0
1
0
0
0
0
0
0
-1
-2
-2
-1
-1
-2
-1
0
1
1
0
0
1
2
2
0
0
2
2
0
0
0
1
0
0
1
2
2
1
0
-2
-1
0
-1
-2
-4
-2
-2
-3
-6
-6
-1
-1
-3
-3
0
0
-1
0
0
0
1
2
1
4
4
5
3
5
4
1
2
3
2
2
0
0
1
0
0
0
0
-1
-1
0
0
0
0
0
-1
0
-1
-1
0
-1
-2
-1
-1
-1
-1
-1
-2
-1
0
0
0
0
-1
0
0
0
0
0
0
1
2
1
2
1
1
1
1
0
0
0
0
0
0
0
0
0
-2
-1
0
0
-1
0
0
0
0
-1
0
0
1
0
0
1
1
0
0
0
-1
1
0
0
0
-1
-2
-2
-1
0
0
0
2
2
2
1
2
1
0
1
0
0
1
0
0
0
-1
-1
0
0
1
0
-1
0
0
0
0
0
1
0
0
-2
0
0
-1
-3
0
1
0
0
0
0
0
0
0
-1
0
0
2
0
-1
0
0
0
-2
0
1
0
0
1
2
1
1
0
0
0
-1
-1
-1
-1
-1
0
0
0
0
0
1
1
0
1
0
0
0
0
0
0
0
0
-1
0
-1
0
0
0
0
0
0
-1
0
1
0
0
0
1
0
0
-2
0
1
1
0
0
0
0
0
1
0
0
0
0
-2
-2
0
-3
-2
0
1
2
0
1
1
1
2
0
0
0
-1
-2
-1
0
0
0
0
0
0
2
0
0
0
1
0
-1
0
0
1
0
-2
-1
0
0
0
0
0
0
0
0
0
0
0
-1
0
1
1
0
0
1
0
0
2
0
1
0
-1
0
-2
-1
0
-1
0
2
1
-1
0
-1
-1
1
0
0
0
0
2
0
0
0
0
0
0
1
0
-1
-1
-1
0
0
0
0
-1
0
0
0
0
-1
0
-1
0
0
0
0
0
0
0
0
0
2
0
0
2
1
0
1
0
0
0
0
0
-1
0
1
0
0
0
0
0
0
0
0
1
0
0
0
0
-1
0
0
-3
0
0
0
0
-2
0
0
0
1
-1
0
0
1
1
0
1
1
1
1
0
0
2
0
0
0
1
0
0
-1
-1
0
0
0
0
-1
0
1
1
0
0
-1
0
-1
-1
-1
-1
0
0
1
1
0
0
-1
0
0
0
-1
-1
-1
0
0
1
1
1
0
1
1
1
1
1
1
0
-1
-1
1
0
1
0
-1
1
0
-1
0
0
0
0
-2
-2
0
-1
-2
0
0
0
0
-1
-1
0
1
1
0
-2
-1
0
0
-3
-1
0
0
0
-1
0
3
0
-1
0
1
4
3
1
0
0
2
1
-2
-1
0
0
-1
-2
-2
0
1
0
-1
0
2
3
1
0
0
0
0
-2
-2
0
0
-2
-1
-1
0
1
1
0
-1
0
0
2
-1
0
-1
-1
0
0
0
1
2
2
1
0
0
1
0
-1
0
0
0
0
0
0
-1
0
0
-1
0
0
-1
-1
0
0
0
0
-1
0
0
0
0
1
2
0
0
-1
0
1
0
-1
0
-1
0
0
-1
1
0
0
0
0
0
0
0
0
0
0
0
1
0
0
1
0
0
-1
-1
-1
-2
0
0
-1
0
0
1
2
0
1
1
0
0
0
0
0
0
0
-1
0
-2
-1
-1
-1
0
0
0
-1
0
1
3
2
-1
0
1
1
0
0
0
0
0
-1
1
0
0
1
0
0
0
0
1
-2
-3
0
0
-3
-2
-1
0
2
0
0
1
0
0
2
3
1
0
0
0
0
0
0
0
-1
-1
-1
0
0
0
-1
-1
-1
0
1
0
-1
0
-2
0
0
2
1
1
0
0
0
4
2
0
0
0
0
0
0
0
0
0
0
0
0
0
-2
-3
-2
0
0
-1
0
0
0
1
0
0
0
1
1
0
-3
-1
0
0
1
0
1
2
0
0
-1
0
0
-1
0
-1
-1
-1
0
0
0
2
0
0
4
3
1
0
0
-1
0
-1
-1
-1
-2
0
0
1
1
1
1
0
1
0
0
0
-1
0
0
0
-1
-3
-2
-1
0
0
0
0
1
1
1
0
0
0
0
2
2
0
0
0
-1
-2
-1
0
0
0
0
1
0
0
0
0
0
0
0
-2
-1
-1
-2
-1
0
1
1
0
1
3
3
3
2
2
2
0
0
0
0
0
0
0
-3
-1
0
-3
-3
-1
-1
-2
-1
0
-1
-2
-1
0
0
0
2
2
0
1
1
1
2
3
1
0
0
1
0
-1
-2
-1
0
0
-1
-1
0
0
-1
0
0
0
1
0
0
1
0
-1
0
0
0
1
-1
-1
-1
0
-2
0
0
0
0
-1
-1
0
1
1
-1
1
1
0
1
0
-1
-1
0
0
1
1
-1
0
2
0
0
0
1
0
0
0
0
1
0
-2
0
0
2
0
0
