0
0
0
0
0
0
0
0
0
0
0
0
0
0
0
0
0
0
0
0
0
0
0
0
0
0
0
0
0
0
0
0
0
0
0
0
0
0
0
0
0
0
0
0
0
0
0
0
0
0
0
0
0
0
0
0
0
0
0
0
0
0
0
0
0
0
0
0
0
0
0
0
0
0
0
0
0
0
0
0
0
0
0
0
0
0
0
0
0
0
0
0
0
0
0
0
0
0
0
0
0
0
0
0
0
0
0
0
0
0
0
0
0
0
0
0
0
0
0
0
0
0
0
0
0
0
0
0
0
0
0
0
0
0
0
0
0
0
0
0
0
0
0
0
0
0
0
0
0
0
0
0
0
0
0
0
0
0
0
0
0
0
0
0
0
0
0
0
0
0
0
0
0
0
0
0
0
0
0
0
0
0
0
0
0
0
0
0
0
0
0
0
0
0
0
0
0
0
0
0
0
0
0
0
0
0
0
0
0
0
0
0
0
0
0
0
0
0
0
0
0
0
0
0
0
0
0
0
0
0
0
0
0
0
0
0
0
0
0
0
0
0
0
0
0
0
0
0
0
0
0
0
0
0
0
0
0
0
0
0
0
0
0
0
0
0
0
0
0
0
0
0
0
0
0
0
0
0
0
0
0
0
0
0
0
0
0
0
0
0
0
0
0
0
0
0
0
0
0
0
0
0
0
0
0
0
0
0
0
0
0
0
0
0
0
0
0
0
0
0
0
0
0
0
0
0
0
0
0
0
0
0
0
0
0
0
0
0
0
0
0
0
0
0
0
0
0
0
0
0
0
0
0
0
0
0
0
0
0
0
0
0
0
0
0
0
0
0
0
0
0
0
0
0
0
0
0
0
0
0
0
0
0
0
0
0
0
0
0
0
0
0
0
0
0
0
0
0
0
0
0
0
0
0
0
0
0
0
0
0
0
0
0
0
0
0
0
0
0
0
0
0
0
0
0
-1
-2
0
2
1
0
1
2
0
-2
-4
-2
1
4
0
0
5
4
-3
-9
-8
0
4
-2
-5
-1
0
0
0
6
3
-4
-6
-5
1
9
10
6
-2
-6
-5
3
6
1
-4
-2
12
11
-3
-12
-11
-1
4
0
-4
1
7
7
1
-9
-12
-6
0
4
6
5
8
9
3
-6
-11
-11
-4
2
4
6
2
-1
5
0
-6
-6
-7
-4
0
4
5
3
5
3
5
6
-2
-11
-10
-3
7
10
1
-4
0
9
7
-11
-18
-8
2
3
0
1
2
4
8
3
-6
-9
-9
-4
3
8
7
3
1
5
8
2
-11
-12
-1
7
8
-3
-13
1
13
7
-9
-15
-2
6
8
-2
-10
0
11
11
0
-15
-7
1
0
0
0
0
0
0
8
4
-7
-9
-1
4
5
6
0
-4
-1
8
8
-4
-11
-5
2
3
1
1
0
0
3
5
2
-5
-7
-7
-5
0
0
-2
2
10
18
8
-2
-7
-11
-10
-11
-9
-1
7
16
14
4
0
-2
-4
-4
-3
3
1
-1
0
-3
-4
-4
-4
6
18
20
8
-11
-19
-14
-7
-2
1
6
15
15
3
-12
-15
-4
5
7
-1
-2
2
1
-1
-4
0
8
11
3
-4
-2
-2
-3
-4
-8
-5
3
5
3
-3
-11
-6
3
14
20
13
0
-9
-19
-21
-16
-8
6
17
20
23
15
-3
-15
-19
-14
-7
5
20
22
9
-6
-13
-12
-8
-5
-2
1
1
0
-1
3
5
4
7
7
7
1
-7
-14
-17
-12
-2
12
17
9
-2
-6
-1
3
1
0
1
1
-1
-4
-4
-5
-3
2
5
0
-3
1
7
11
9
4
-8
-15
-10
-6
0
11
11
6
-4
-18
-14
0
8
11
10
0
-3
-2
-5
-1
6
2
0
2
0
-4
-8
-13
-11
2
7
12
12
7
0
5
8
0
-6
-17
-22
-6
4
13
17
5
-10
-13
-6
3
16
17
9
0
-11
-16
-16
-11
-1
10
12
7
7
-1
-11
-6
1
3
9
13
5
-5
-12
-15
-8
-3
2
9
9
3
3
3
0
-5
-8
-8
-3
0
6
10
8
4
-1
-5
-5
0
4
4
6
1
-7
-13
-9
-4
-3
-1
8
16
7
-8
-4
3
3
5
0
-3
-7
-11
0
0
-6
-2
9
20
11
-2
-6
-6
-1
3
2
0
-4
-9
-8
-7
-5
0
10
16
13
7
-4
-9
-3
0
4
-1
-6
0
2
3
0
-5
-4
-6
-2
1
2
3
6
1
-9
-2
3
6
9
-7
-8
13
10
-13
-19
-4
0
11
22
9
-9
-6
-5
7
28
19
-1
-15
-37
-41
-7
19
10
-2
-13
-19
6
46
87
140
86
-85
-169
-188
-243
-142
68
181
277
302
124
-32
-84
-171
-170
-34
49
78
92
28
-74
-91
-5
-46
-198
-121
-9
-34
91
201
135
155
105
-86
-84
-15
-88
-55
28
0
28
33
-36
6
31
-16
11
12
0
55
14
-45
1
-22
-57
-6
-51
-97
-8
14
-23
12
6
-18
63
72
-7
8
39
25
45
38
-17
49
103
-113
-197
-65
-75
2
119
57
94
102
-33
-44
13
-1
-44
-61
-72
-47
16
-8
-27
16
13
17
15
-4
32
33
-6
-2
5
8
7
-37
-48
16
50
44
40
1
-16
0
-15
13
64
13
-42
-65
-96
-41
28
6
11
33
-12
-41
-26
-17
37
72
7
2
39
0
-2
15
-10
-3
-4
-42
-23
15
4
-10
-18
-30
6
47
32
10
15
33
38
6
-25
-50
-53
-24
-8
3
15
-16
-21
24
21
-10
-19
-11
21
26
-11
-7
9
-22
-32
17
43
41
53
33
-5
-17
-26
-31
-24
-9
17
11
-29
-22
3
-22
-49
-16
24
30
20
16
27
22
0
-1
0
-10
-2
0
-12
-5
-1
-3
-5
-6
15
15
-7
-11
-13
-6
1
-12
-17
-5
8
6
-6
-12
4
45
53
17
-7
0
22
19
-25
-35
-16
-26
-14
-3
-11
24
27
0
1
-16
-24
-6
-8
3
23
23
5
-13
-23
-17
1
6
7
16
13
0
-13
-17
-4
14
2
2
17
4
8
9
-4
-7
-1
8
8
-13
-37
-35
-10
13
12
2
7
21
37
21
4
10
2
-3
-9
-22
-27
-36
-31
-14
-15
-11
4
9
23
35
36
38
34
27
6
-15
-38
-54
-36
-24
-35
-22
0
20
32
32
31
21
23
25
-7
-17
-7
-17
-6
-5
-17
14
17
-14
-6
-7
-18
-6
-6
0
22
17
6
15
-1
-37
-32
-6
-4
5
17
14
23
13
-10
7
28
25
22
-4
-37
-30
-17
-18
-17
-18
-10
10
16
14
11
-20
-34
-3
14
18
9
1
30
27
15
26
2
-11
-2
-20
-23
-39
-55
-11
9
4
29
17
6
9
3
33
-1
-49
2
11
4
-3
-50
-18
9
9
45
-7
-9
66
-9
-63
-10
-5
39
60
-14
0
34
-7
1
-5
-33
3
16
14
-8
-28
21
-29
-119
-50
7
0
27
31
-1
14
68
55
-30
-26
37
18
0
31
-6
-61
4
40
-43
-20
60
11
-45
-48
-7
-11
-10
0
-76
-14
75
29
13
7
34
29
-25
28
-6
0
64
-28
-5
45
-11
-21
-19
-17
-22
-2
16
-66
-20
40
-18
-9
11
-5
-29
-17
23
9
4
0
-18
27
2
11
36
-35
1
32
-11
8
-1
-2
19
-36
-35
45
42
-23
-58
7
93
8
-34
-8
-32
24
-1
-51
18
10
-7
17
-48
-34
48
11
-28
-29
31
26
-21
4
-19
-22
6
4
10
-1
27
46
30
56
25
-30
-8
-19
-61
20
-14
-67
12
58
63
-61
-90
6
23
4
-28
-18
39
57
54
-46
-74
29
14
5
9
-21
-10
-32
-13
70
-20
-36
80
11
-25
38
-7
-28
-3
-39
-38
-32
-8
0
31
21
-31
36
56
-27
-19
46
0
-58
27
33
-86
-28
68
14
-17
36
-19
-38
8
-24
25
12
-56
19
70
50
33
-68
-55
48
10
-59
-15
22
29
18
-74
-17
50
53
20
-69
-47
31
58
58
-24
-92
2
32
-30
-11
-8
-29
15
49
22
-66
-50
92
63
-57
-45
-19
34
46
-62
-30
54
26
15
16
-64
-51
38
41
-26
-63
48
80
-26
-64
31
31
-37
3
44
-1
-1
31
-3
-12
0
16
-29
-73
-29
45
70
-54
-83
71
86
-46
-40
47
-37
-21
69
-45
-103
28
78
-47
-48
51
86
47
-120
-61
85
23
1
-53
-34
85
59
-10
-33
-8
73
5
-108
-107
2
30
33
25
5
97
24
-14
-16
-8
36
-52
-60
-21
-11
-9
-13
-3
3
22
10
-38
42
30
23
53
37
-20
-60
-26
2
0
-55
-52
44
89
-1
-30
-12
0
47
37
-110
-58
65
52
-39
-36
39
39
-23
-57
36
48
3
0
-3
39
-9
-76
-2
57
-47
-76
73
8
-81
58
93
-41
-87
27
21
-14
-10
0
68
26
-7
-21
13
-44
-55
23
32
-1
-34
50
47
-77
-16
50
-34
-12
-11
-29
53
99
-19
-78
15
13
-58
0
17
-38
67
89
0
-26
10
3
-53
-24
-19
-84
23
58
-30
-12
0
-34
22
44
-38
78
98
-55
85
40
-113
-9
45
-39
-67
21
-77
-76
70
-21
-53
30
0
40
65
-2
82
0
27
138
-153
-107
76
-52
-95
49
1
-89
59
34
-83
83
85
-54
97
22
-109
73
31
-166
38
27
-36
-17
-44
113
-18
-46
116
-90
-19
125
-124
10
76
-84
46
105
-148
-70
97
-16
-7
36
-23
-6
2
-23
-34
34
39
-83
107
61
-82
58
50
101
-93
-334
44
111
15
35
-41
139
-70
-62
225
-90
-87
49
-137
35
-19
-98
98
54
-42
2
72
93
13
-143
40
89
-143
5
117
-82
-61
-83
50
61
-63
57
53
13
-63
24
100
-22
-12
50
-39
-55
-146
67
99
-154
69
31
7
59
-29
-45
-92
-19
118
164
13
-212
91
140
-82
-206
-115
150
42
-206
168
281
-166
-35
-45
143
154
-384
58
244
-345
-103
286
124
-192
-81
162
-18
-183
30
161
173
-81
-154
181
-28
-215
67
87
-172
-36
215
-19
-29
-9
-85
137
22
-95
-3
-42
-52
136
3
-146
227
61
-130
6
-131
-41
110
102
51
-40
-26
-85
7
24
-34
15
-108
-24
97
53
-68
-162
47
214
64
-131
44
106
-101
-22
54
0
16
-47
-171
88
237
-10
-174
-151
12
49
48
5
-106
37
159
64
-32
-87
-46
82
-16
-1
175
-42
-160
-37
-62
112
107
-119
102
189
458
34
-899
-657
-404
25
533
22
133
756
533
147
121
-10
-217
-197
-291
-326
-272
-252
-239
-209
38
265
324
316
85
-12
48
-2
-115
-76
-23
15
-80
-203
61
104
102
155
-23
79
117
81
102
-73
-112
-46
53
50
0
-71
-131
-35
-73
-157
-160
-4
94
6
72
107
90
99
-41
-90
-69
1
47
79
67
60
150
117
-44
-105
-146
-145
-38
-23
3
119
68
12
58
5
-59
-153
-214
-193
-54
33
-17
50
89
-7
-41
-87
-92
-42
78
194
229
392
437
452
553
535
493
208
-245
-542
-744
-780
-674
-612
-599
-614
-600
-510
-352
-89
134
299
343
203
488
966
1092
1171
1113
840
643
594
632
745
979
472
-897
-2239
-3263
-3510
-2498
-1039
270
1454
2091
1836
975
112
-637
-1177
-1314
-1235
-969
-215
594
923
930
727
453
418
659
959
990
812
750
486
399
1841
2327
503
-1335
-3292
-4898
-4041
-2062
-757
823
1898
1372
879
803
79
-343
-406
-690
-526
381
1170
824
358
-339
-723
-511
-331
111
174
-139
109
904
1640
2521
2447
1366
119
-199
640
392
-801
-2367
-4321
-4633
-2961
-816
1325
2847
2398
1005
-11
-945
-1348
-1003
-572
-21
298
580
651
230
-13
-179
-98
-296
-423
-40
150
483
1554
2487
2962
2844
1246
743
1395
-52
-1865
-3420
-5519
-5576
-3621
-1630
1256
3793
3588
2622
1305
-843
-1852
-1577
-1045
-360
340
1114
1536
1090
-39
-941
-1106
-1155
-668
-406
-364
341
1022
1182
2243
2946
2016
1192
36
-203
1371
694
-1679
-3473
-5422
-5128
-2120
-45
1952
3578
2698
1201
-30
-1191
-1517
-983
-621
-508
254
1695
1788
1165
203
-1516
-1571
-1430
-1240
-85
1068
1684
2155
2395
2150
1978
1106
553
1737
1110
-963
-2584
-5004
-6070
-3848
-1336
944
3612
3939
2025
369
-1013
-2319
-1988
-1209
-566
101
1793
2601
2046
1261
-1251
-2528
-2377
-1388
294
1020
732
1032
1325
1830
3096
2805
1253
968
1496
-110
-1740
-3290
-5411
-5669
-3448
-624
2186
4495
3624
1098
-623
-2241
-2488
-1062
181
770
855
1338
1472
816
-214
-1508
-1833
-1597
-689
472
937
1018
1491
1825
2496
3186
2358
997
1184
919
-1414
-2697
-4446
-6203
-4970
-1859
989
3865
5195
2720
-32
-1602
-2778
-2359
-633
16
452
1286
2067
1999
913
-1022
-2448
-2363
-1239
470
1069
1008
1066
1028
1233
2507
2884
1572
1259
1894
153
-2023
-3158
-5197
-5769
-3347
-539
2081
4462
3675
825
-743
-1773
-2248
-1038
334
486
379
1336
1805
916
-350
-2147
-2445
-1532
-169
1583
1887
1219
1406
1136
780
1665
1061
102
1914
2088
-509
-1946
-3847
-5660
-4357
-1222
1038
2974
3662
1264
-989
-1708
-2203
-1504
446
1456
1461
1683
1988
855
-707
-2339
-2788
-1745
-183
1582
1914
1640
1341
1417
1415
1917
1795
387
1094
1890
-346
-2370
-4025
-6197
-4918
-1262
1505
3752
4289
1560
-1288
-2137
-2497
-1898
-235
960
853
879
1892
1635
325
-945
-2274
-1913
-499
896
1376
1168
746
694
1168
1929
2269
932
1508
2854
767
-1861
-3511
-6018
-6079
-2801
55
2556
3968
2533
41
-1118
-1983
-1907
-534
720
919
932
1856
1741
302
-1479
-2847
-1976
-208
932
1785
1517
851
808
1052
1633
2426
1231
1303
2775
751
-2075
-3558
-5677
-6086
-2775
287
2799
4631
3404
-200
-2061
-2402
-2527
-983
1045
1145
664
1857
1749
173
-1136
-2267
-1850
160
1507
1618
638
56
291
765
2046
3011
1294
1257
3115
650
-2259
-4024
-6471
-6332
-2238
1109
3341
5091
3417
-228
-2262
-2335
-2438
-1147
921
736
436
1965
1592
-383
-1391
-2109
-1505
188
1611
1700
510
-79
379
1239
2365
2976
1327
1475
2608
-376
-3117
-4751
-6681
-5654
-1485
1865
3971
5051
2788
-944
-2925
-3045
-2697
-1028
1132
1326
1623
2852
1362
-770
-1718
-2535
-1200
858
2058
2080
849
-213
239
1207
2056
2703
1683
2225
2235
-1126
-3566
-5026
-6067
-4145
-170
2210
3437
3795
1530
-1267
-2285
-2101
-1861
-361
1069
736
1428
1525
-225
-1744
-2456
-1336
910
2028
2216
1507
19
-196
987
1620
2654
2085
1543
1859
-728
-3317
-4331
-4607
-3297
-527
1616
2705
2736
1188
-1304
-2655
-2664
-2304
-861
1717
2488
2252
3006
1404
-1506
-3023
-3303
-1325
635
1655
1802
1094
691
895
1948
2473
2135
523
1456
2204
-667
-3418
-5243
-6195
-4653
-555
2457
3388
3324
1957
-712
-2188
-2136
-1802
-790
865
1225
1063
1367
148
-1274
-1785
-1134
177
816
1338
1412
1067
281
825
1607
1754
1164
433
2353
1345
-1700
-2985
-4138
-4022
-1770
790
1784
2068
1359
-653
-2276
-2600
-1973
-671
1299
2366
2243
2103
1083
-919
-2584
-3202
-1582
292
743
1690
1681
712
747
1928
2451
2565
1460
1543
1614
-1517
-3869
-4982
-5004
-2890
174
2091
2970
2837
1304
-964
-2681
-2957
-2255
-451
1346
2180
2547
1638
-95
-1573
-2138
-1622
427
1019
869
1239
504
96
915
2054
2412
1679
1513
2762
512
-3208
-4648
-4894
-3527
-722
1276
1782
2081
1722
-210
-2237
-2670
-2121
-1069
1225
2854
2523
1626
386
-1404
-2196
-1859
-494
654
569
978
603
248
1021
2139
2686
2234
987
1880
2095
-1611
-4467
-5176
-4358
-1981
523
1491
1828
2300
1592
-686
-2797
-2801
-2025
-570
1688
2112
1688
1284
-270
-1750
-2016
-1205
610
1217
1071
748
-128
0
1284
2340
2647
1926
1826
3363
990
-3498
-5072
-4906
-3468
-1169
765
1632
1978
1824
444
-2212
-3449
-2340
-1073
767
2313
2165
1376
947
-14
-1858
-2237
-470
569
635
1042
343
-269
164
2146
3455
2860
1472
2143
2685
-1207
-4497
-5354
-4498
-2611
-388
1384
2316
2517
1451
-599
-2769
-3056
-1920
-90
1371
1876
2193
1773
636
-1478
-2409
-1645
244
718
320
520
335
227
530
2246
2979
2072
859
2894
2974
-2297
-5352
-5091
-3651
-1612
116
981
1832
2343
1660
-911
-3179
-2669
-1434
-451
716
1678
2143
2464
892
-1640
-2103
-1341
8
432
137
-18
821
1499
1708
2246
2494
1956
658
2532
2368
-2348
-4969
-4533
-3124
-1659
-38
832
1339
1981
1443
-1058
-2934
-2659
-1750
-313
1236
1924
2194
2857
1125
-1989
-2422
-1751
-678
213
179
110
1031
1638
1639
2006
2392
1813
576
2669
2987
-2090
-5497
-4548
-2624
-1880
-337
952
1764
2423
1464
-649
-2856
-2598
-1142
-768
272
1274
1450
2724
2141
-820
-2161
-1297
96
-62
-645
-89
1166
1487
1423
1918
1977
1493
398
1523
3429
478
-4622
-5424
-3085
-1928
-1385
-277
1238
2189
2346
775
-1929
-2420
-1457
-1354
-824
614
1737
2861
3212
501
-2451
-1605
-5
-376
-1477
-754
500
1260
1913
1800
1907
2263
1335
221
2032
3437
-643
-5526
-5177
-2929
-2222
-1798
-36
1952
2783
2447
129
-1980
-2109
-1540
-1637
-722
942
1874
2994
2883
3
-1883
-1072
-481
-1161
-1732
-583
416
1404
2009
1705
1816
2638
1803
891
2847
2440
-2633
-5155
-3148
-2016
-2357
-1852
-284
1082
2371
2050
-84
-1512
-930
-568
-1225
-635
849
1666
1708
1858
191
-1101
-767
-554
-1245
-1658
-534
30
944
2062
1922
1878
2547
2119
750
1550
2529
-1453
-5111
-3846
-1919
-2537
-2250
-971
634
2427
2352
-214
-2075
-1321
-274
-385
-466
456
1725
1964
2582
1781
-771
-1682
-1190
-839
-1930
-1578
-530
561
1513
2669
2639
2167
1830
1123
-59
1628
2164
-2726
-4981
-2558
-1807
-3468
-3061
-638
2144
2860
718
-465
682
1255
96
-1526
-388
773
486
606
1516
1417
-118
-1013
-482
-980
-1772
-887
-370
276
1111
2659
2332
1810
1363
361
12
2255
2382
-2622
-4365
-1873
-1898
-3818
-3458
-989
2152
2960
1054
223
1004
776
-722
-1830
-1106
-53
519
597
1520
2134
672
-1142
-750
-932
-2176
-1766
-932
542
1708
2319
2030
2550
2412
1205
182
1131
2886
-96
-3895
-3517
-1691
-2779
-4188
-2648
520
2168
1819
1007
774
1062
162
-1783
-2011
39
555
-94
493
1776
1970
1345
-28
-824
-1276
-1776
-1883
-1249
24
1124
2072
2406
2376
1453
1295
1226
1248
1923
175
-2969
-3394
-2073
-2844
-4045
-2412
92
1114
1153
1370
1459
1330
877
-443
-1289
-600
-101
-329
-28
1090
1478
1569
291
-798
-848
-1429
-1437
-1167
-425
669
1764
2164
2047
1722
1660
1182
895
1879
1035
-2338
-3245
-2227
-2637
-3899
-2970
-178
1694
1461
1158
1532
1628
1045
-584
-1865
-1121
-231
-290
-295
999
1554
1496
1186
-158
-875
-1572
-649
-561
-862
-401
1059
1957
1736
1332
1223
1315
1033
1017
1347
37
-2519
-2724
-1921
-2964
-3963
-2391
471
1467
1075
1316
1864
1712
603
-864
-1356
-748
-412
-387
242
1108
557
1309
1306
-223
-1241
-745
-164
-996
-822
244
1320
1297
1101
1135
1516
1638
1162
638
1798
1365
-2138
-3551
-2555
-2844
-3989
-2991
-559
1204
1843
1816
1736
1857
1493
-210
-1664
-1359
-636
-452
-94
448
690
1189
1335
700
-539
-758
-48
-885
-1173
-388
701
657
733
881
965
1480
1650
1058
483
2116
1339
-2545
-3802
-2222
-2462
-3822
-2467
-349
1137
1966
1608
1210
1555
1683
154
-1098
-801
-240
-457
-598
123
404
190
525
1218
731
-642
-386
-233
-1086
-1361
-342
181
777
1136
980
1317
1899
1686
436
431
1623
214
-2379
-2644
-1732
-2005
-3018
-2628
-1037
761
1148
707
1053
2035
1913
300
-763
-279
84
-687
-851
128
216
429
882
1354
867
-487
-455
-567
-814
-1223
-712
274
1075
1067
742
1222
1849
1516
209
503
1814
143
-2355
-2480
-1820
-2470
-2917
-2587
-1206
668
1203
945
1358
2307
1876
681
-143
-236
-527
-981
-745
-117
-202
429
1306
1531
186
-1082
-512
-411
-1023
-1412
-335
828
1399
839
704
1471
1735
1107
177
778
1887
247
-2207
-2698
-2612
-2822
-2871
-2626
-1265
690
1576
1525
1486
1921
1782
846
-187
-554
-517
-597
-312
-99
-161
688
1116
1279
818
-534
-844
-635
-746
-1272
-917
195
925
967
816
797
1412
1492
759
301
1141
1672
-476
-2178
-2234
-2095
-2466
-2752
-2206
-849
837
1448
1185
1181
1584
1585
863
-141
-904
-904
-378
-355
-652
-438
724
1617
1870
746
-534
-318
-180
-1128
-1656
-975
-246
631
784
579
740
1724
1698
718
352
1102
1218
-585
-1965
-2172
-1985
-2364
-2466
-2001
-802
583
1581
1752
1561
1695
1581
885
-21
-797
-1277
-814
-303
-336
-352
603
1429
1948
907
-579
-545
-30
-522
-1419
-1202
-379
732
1005
516
440
1546
1757
891
333
860
865
-689
-1918
-2337
-2189
-2306
-2309
-1795
-618
711
1470
1644
1567
1526
1364
717
-72
-796
-1317
-890
-271
-136
-162
628
1442
1688
1074
869
-168
-1204
-949
-1085
-1434
-956
-118
205
924
1045
998
965
1019
792
475
444
810
477
-844
-1502
-1486
-1791
-2073
-1778
-1191
-491
275
1175
1197
1150
1144
895
227
-296
-559
-737
-636
-64
-116
172
1122
1463
1491
888
53
-1006
-968
-994
-937
-856
-597
126
817
1262
969
898
791
901
679
501
576
41
-1150
-1888
-1773
-2048
-2041
-1506
-904
-45
898
1495
1486
1393
1163
833
445
-152
-738
-848
-685
-421
-210
-5
409
937
1198
698
640
273
-575
-1101
-1056
-1032
-841
-390
-208
375
1109
1250
829
771
711
580
571
732
653
-357
-1326
-1722
-1767
-1724
-1580
-1302
-648
224
915
1130
1186
1115
957
643
302
0
-457
-652
-640
-226
-1
175
331
641
779
514
407
-51
-267
-641
-880
-881
-738
-552
-202
274
630
959
765
714
700
512
280
140
464
505
-333
-1203
-1499
-1485
-1403
-1257
-1016
-572
293
906
1167
1167
884
589
482
322
-216
-594
-735
-432
36
154
270
437
845
766
568
363
-5
-264
-576
-782
-930
-797
-693
-299
181
605
697
532
506
443
341
186
78
-48
32
720
1116
397
-393
-977
-1379
-1296
-1191
-1414
-1326
-447
427
882
1274
1233
782
658
519
18
-206
-396
-674
-440
-54
167
313
680
642
344
353
282
-85
-345
-448
-897
-704
-431
-582
-413
26
226
346
570
348
142
363
409
212
262
444
790
952
211
-577
-1037
-1372
-1237
-1117
-1130
-862
-93
517
948
1142
889
518
321
171
-125
-177
-444
-586
-435
-153
195
440
764
573
415
400
291
152
-62
-377
-571
-491
-646
-587
-347
-20
180
406
298
-119
-267
-350
-265
-104
128
385
641
847
842
1081
1377
838
-142
-966
-1692
-1893
-1599
-1448
-1222
-603
81
762
1408
1512
1114
776
420
30
-223
-386
-769
-774
-510
-257
216
748
951
585
491
313
42
-178
-304
-580
-614
-400
-406
-228
23
161
212
327
296
157
54
47
97
95
218
193
347
828
639
88
-436
-966
-1236
-1273
-1220
-1119
-700
-186
311
845
1146
1121
861
562
292
34
-167
-402
-463
-425
-277
24
266
602
533
408
229
74
-8
-118
-214
-332
-278
-337
-298
-186
-8
-34
-29
47
-48
75
131
100
80
174
231
241
317
502
745
428
-66
-565
-1082
-1317
-1214
-942
-657
-294
50
413
779
970
908
706
405
88
-42
-185
-307
-313
-276
-199
24
346
549
405
208
-28
-325
-408
-357
-384
-313
-149
-69
120
331
484
499
517
475
262
243
511
633
174
-441
-1095
-1593
-1485
-1117
-722
-270
135
388
724
1001
997
763
370
-22
-347
-415
-461
-510
-316
-144
76
381
708
796
527
329
104
-65
-170
-200
-283
-288
-217
-252
-102
147
277
245
204
-14
-274
-276
-160
-402
-752
-740
-708
-342
195
497
677
784
767
695
742
616
378
188
362
306
-121
-472
-1136
-1534
-1442
-1097
-644
-103
337
447
651
833
753
629
411
9
-343
-367
-425
-329
-126
-143
-64
19
358
530
491
397
49
-159
-175
-141
-216
-97
-175
-171
-2
142
238
175
209
41
-69
-143
-172
-220
-297
-257
-260
-130
7
124
132
150
190
110
51
-11
-86
-174
-150
-67
-2
128
161
150
234
287
186
92
26
-91
-122
-84
-104
-107
-29
-76
-132
-127
-196
-252
-244
-207
-169
8
219
284
348
419
197
-47
-198
-350
-144
176
438
635
628
652
816
632
190
-386
-1173
-1569
-1578
-1341
-820
-219
195
451
741
854
870
868
566
56
-331
-596
-671
-383
-142
-14
163
222
372
458
457
393
171
-18
-170
-231
-182
-50
-12
-48
-44
-5
-10
13
34
-89
-130
-220
-305
-264
-210
-80
42
83
103
99
142
407
356
46
-191
-531
-561
-355
-147
52
209
201
236
442
615
819
771
578
614
454
62
-263
-825
-1297
-1423
-1347
-1030
-432
53
297
580
593
607
655
514
284
35
-317
-591
-520
-388
-121
188
269
349
433
344
312
190
-10
-137
-244
-221
-47
137
176
196
157
59
-6
-58
-173
-291
-333
-406
-414
-303
-185
-75
56
96
78
143
174
150
131
61
-74
-159
-158
-145
-33
36
47
119
185
307
502
627
560
440
444
326
55
-303
-821
-1153
-1216
-1039
-647
-248
70
291
450
496
550
525
355
195
-20
-236
-334
-293
-170
-31
147
220
304
406
324
236
91
-87
-127
-84
10
184
258
185
139
89
-7
-72
-118
-295
-435
-543
-667
-636
-513
-282
-25
183
299
356
428
432
446
409
302
240
173
86
25
82
229
272
177
-78
-440
-716
-868
-808
-569
-262
18
215
339
373
400
352
231
103
-47
-153
-179
-133
-62
8
48
80
195
290
210
18
-191
-369
-358
-228
-84
111
194
184
229
268
295
376
402
295
138
14
-74
-222
-373
-562
-797
-883
-832
-577
-149
165
381
473
395
286
234
255
126
-65
-224
-356
-220
-15
267
673
787
639
421
34
-151
-23
-121
-199
-392
-881
-952
-550
133
718
783
500
202
46
-40
-65
-33
-8
-90
-114
-10
162
377
278
-8
-269
-497
-587
-586
-493
-387
-310
-176
-15
53
122
206
207
201
129
68
82
83
83
53
54
175
370
546
663
624
498
422
274
80
-122
-394
-652
-836
-887
-754
-521
-301
-126
-52
-73
-93
-77
0
100
157
180
176
162
148
170
187
158
139
65
-26
-24
-23
-9
78
159
217
292
329
339
332
297
242
126
-8
-127
-277
-396
-436
-458
-464
-428
-358
-280
-198
-128
-108
-112
-113
-139
-147
-148
-138
-66
-2
47
153
273
381
514
596
611
590
513
426
331
251
226
164
48
-118
-323
-510
-643
-682
-627
-513
-386
-268
-221
-228
-222
-217
-200
-140
-59
21
92
138
152
154
147
164
209
253
339
454
524
567
565
479
376
276
185
112
6
-126
-290
-467
-584
-648
-638
-572
-484
-388
-335
-305
-273
-244
-188
-117
-36
57
122
166
203
214
260
351
417
471
469
398
335
289
297
368
398
360
246
22
-202
-378
-506
-545
-524
-469
-416
-393
-374
-354
-297
-212
-141
-89
-59
-31
20
106
202
304
384
428
443
417
393
378
374
378
347
298
222
119
26
-80
-184
-267
-340
-376
-402
-418
-386
-365
-310
-260
-253
-227
-227
-200
-147
-99
-32
32
91
173
265
336
412
431
416
402
360
347
336
312
279
197
87
-28
-145
-225
-275
-314
-318
-324
-331
-314
-312
-284
-262
-238
-176
-130
-68
-36
-30
-16
-10
46
146
256
355
412
395
349
288
235
239
233
227
187
78
-30
-119
-192
-209
-211
-226
-222
-248
-261
-246
-239
-206
-169
-139
-99
-52
-12
25
37
29
36
64
122
182
238
258
234
210
183
158
133
98
63
28
-9
-43
-73
-112
-156
-204
-235
-238
-212
-151
-102
-88
-104
-119
-92
-29
41
108
149
137
98
63
42
52
97
155
180
160
115
60
16
-1
-14
-20
-28
-52
-73
-79
-93
-106
-114
-125
-120
-97
-62
-18
8
20
22
27
44
70
93
110
101
68
33
7
2
4
9
29
35
23
14
6
-7
-14
-23
-23
-18
-19
-22
-26
-32
-43
-53
-47
-33
-25
-18
-14
-15
-24
-25
-3
26
55
72
60
30
-5
-23
-13
16
51
71
60
25
-19
-58
-66
-50
-23
10
26
18
-10
-35
-46
-40
-15
2
5
-1
-18
-30
-22
-3
26
54
55
32
8
-13
-24
-2
32
58
60
36
0
-37
-61
-62
-38
-6
6
-6
-21
-22
-12
14
48
54
45
26
0
-13
-22
-24
-4
16
21
7
-12
-21
-13
4
13
11
11
2
-14
-27
-41
-42
-26
-11
-8
-12
-21
-28
-26
-17
8
44
68
69
58
38
19
15
11
12
21
27
7
-25
-53
-59
-26
9
22
18
-2
-36
-55
-56
-47
-23
3
4
-8
-13
-14
-11
0
13
23
34
47
34
16
13
19
34
53
50
26
-3
-29
-44
-35
-7
11
14
6
-19
-52
-63
-54
-29
4
21
21
-1
-27
-47
-47
-17
24
50
64
56
13
-31
-44
-18
24
47
54
58
43
11
-24
-44
-38
-6
26
40
34
6
-40
-71
-73
-56
-27
-3
11
13
0
-28
-51
-55
-38
-4
38
71
80
64
31
1
-5
5
20
24
21
14
2
-13
-21
-13
-2
4
7
6
-1
-20
-33
-41
-45
-38
-25
-13
-7
-7
-7
-4
5
21
35
41
38
36
27
11
-5
-10
-7
-3
3
9
9
5
0
2
2
3
2
-4
-9
-13
-13
-9
-1
0
-5
-15
-27
-34
-33
-29
-18
-4
10
20
23
27
26
29
35
43
40
24
5
-13
-23
-25
-19
-5
7
13
6
-5
-15
-16
-11
-5
-1
-1
-3
-15
-27
-31
-26
-5
17
31
26
10
0
-3
3
12
16
11
0
-8
-17
-18
-11
0
13
19
15
6
-7
-12
-11
-6
0
6
11
9
6
3
0
1
3
6
9
5
0
-7
-18
-25
-27
-27
-18
-6
4
14
17
16
9
2
0
3
7
13
17
15
3
-10
-23
-27
-20
-4
8
14
12
6
-2
-6
-1
7
15
18
14
5
-4
-11
-16
-13
-12
-7
1
1
0
-2
-4
-7
-6
1
6
7
11
12
3
-1
-5
-12
-14
-7
2
10
10
6
-1
-8
-7
-2
4
9
8
7
-2
-14
-17
-13
1
12
15
11
0
-7
-8
-3
2
7
7
4
0
-3
-4
-2
-1
-2
-1
-1
-1
1
2
2
-1
-5
-5
1
6
6
6
2
1
4
-1
-1
1
0
-1
-1
-1
-3
0
0
4
7
5
1
-2
-7
-9
-6
-7
-7
-1
2
6
8
6
0
-4
-6
-2
0
5
6
1
1
1
0
-2
-2
-5
-6
-2
0
6
8
2
0
-5
-6
0
4
8
9
4
-4
-12
-14
-8
1
9
9
8
1
-6
-10
-2
10
17
11
2
-5
-13
-15
-4
7
7
1
0
-5
-6
-4
3
10
6
1
-2
-4
-7
-7
2
9
4
0
-1
-4
-3
-2
1
5
3
0
-5
-4
-3
-3
-2
0
-1
-2
1
0
3
1
0
2
5
7
2
0
0
-4
-1
2
3
4
0
-3
-5
-2
3
6
3
1
0
-2
-3
0
1
1
-2
-6
-5
-3
0
-1
0
0
0
0
1
3
5
1
0
-3
-3
-4
-3
-2
-3
0
0
-1
-1
0
0
1
0
1
0
0
0
1
1
1
1
2
3
4
3
0
0
0
1
1
1
0
0
1
2
3
3
1
0
-2
-2
-4
-6
-5
-6
-6
-4
-2
2
4
5
3
4
3
2
0
-1
-3
-4
-4
-3
-2
0
1
4
7
7
5
3
0
-1
0
-2
-3
-3
0
0
-1
-1
0
1
4
2
1
0
0
-2
-5
-3
0
0
-1
-1
-2
-2
-1
0
1
3
2
0
-2
-1
0
0
0
3
3
1
2
2
0
-1
-1
0
0
0
-1
0
0
0
2
5
7
5
2
1
-2
-5
-8
-7
-2
0
0
1
0
0
0
0
0
0
0
0
-3
-6
-4
-2
-3
0
3
4
5
2
-1
0
0
3
3
1
1
0
0
0
1
1
0
1
0
0
0
-1
1
4
7
4
0
0
-3
-2
-2
-1
3
4
0
-3
-4
-6
-6
-2
0
2
1
0
-1
-2
-3
-3
0
1
0
-1
-3
-5
-6
-4
0
3
5
5
4
3
1
2
1
2
0
-3
-2
0
1
0
1
5
6
5
3
1
0
0
-3
-2
-1
-2
0
0
-1
-1
-2
0
-1
-1
0
0
1
1
-3
-4
-5
-2
1
2
0
0
1
0
1
1
4
6
4
3
-1
-5
-3
-5
-2
4
6
6
2
-2
-2
-1
-2
0
-1
-1
1
1
0
1
1
0
-2
-3
-2
-3
-3
-2
0
3
4
3
3
1
-1
1
2
-1
-2
-2
-2
-2
1
1
0
2
3
1
0
1
2
-2
-1
0
-2
-3
-2
0
2
2
2
0
1
2
1
-2
0
1
-1
-1
-1
-1
-1
0
0
0
0
0
0
0
0
-1
0
0
0
0
-1
1
1
1
0
0
0
0
0
0
0
-1
-1
0
2
0
0
0
0
0
0
0
-3
0
0
0
0
0
0
0
-1
0
1
1
0
-2
-1
1
0
0
0
-1
0
0
2
1
0
1
1
0
0
-1
-3
0
0
0
-1
0
3
1
1
-2
-5
-5
-4
1
3
2
2
2
3
2
2
0
-2
-4
-3
0
1
2
1
0
-1
-4
-2
-1
-4
-3
1
7
7
6
7
0
-3
-4
-6
-5
-3
-1
4
7
5
3
0
-3
-6
-8
-9
-8
-4
-2
4
8
9
6
4
0
-2
-1
-1
-1
0
2
3
1
1
0
0
0
-3
-4
-1
-1
0
1
2
1
0
0
-2
-2
-2
0
2
0
0
0
-1
1
2
0
4
0
0
1
0
0
0
0
0
0
-1
-2
-4
-1
-1
-2
0
0
1
2
1
2
0
0
1
0
-1
0
0
2
3
3
1
0
0
-1
-1
-1
-1
-1
0
0
-1
0
0
0
0
0
0
0
0
0
0
2
1
0
1
3
1
1
2
1
2
0
-1
-1
-1
-3
-5
-5
-4
-4
-3
0
1
4
7
7
6
5
3
1
-2
-2
-3
-5
-3
-1
0
-2
-1
0
0
2
0
2
6
4
3
2
2
1
0
0
-1
-1
-3
-3
-2
-2
-3
-3
-2
0
-1
2
1
2
3
3
3
2
1
0
-1
0
0
0
0
-2
-2
-1
0
0
0
0
0
0
0
0
-2
-3
-2
-1
0
-1
0
2
2
3
3
1
2
3
1
1
2
1
0
-1
-1
-2
0
0
0
-1
0
-2
0
0
-1
0
0
0
1
1
2
0
0
1
1
0
-1
-2
-1
0
0
0
-1
0
0
-2
0
1
2
0
-2
0
0
1
2
0
2
2
0
1
1
1
0
0
0
-1
-1
0
-2
-2
0
1
0
0
0
0
0
0
1
0
-1
1
0
-2
0
-1
1
0
-1
0
0
0
-2
0
0
0
-1
-2
0
0
1
-1
0
1
1
-1
1
2
1
3
2
1
3
2
2
4
2
1
0
1
0
-1
-1
0
0
-2
-4
-4
-3
-2
-3
-3
-2
-1
-1
-1
-1
-2
0
0
0
0
0
0
1
0
0
2
1
0
0
0
2
3
0
0
0
0
1
2
0
-1
0
2
0
0
0
-1
0
0
0
-1
-1
-1
-3
-1
0
0
1
0
0
0
-1
0
0
0
0
-1
0
0
0
1
0
0
1
0
0
1
2
0
0
0
0
0
0
1
1
0
0
0
0
1
0
0
0
0
-1
1
-1
0
0
0
0
-1
-1
-2
-1
0
0
0
0
-1
-2
0
0
-1
0
0
0
0
1
0
1
0
0
0
0
0
0
1
0
0
1
1
0
0
0
-2
0
0
-1
0
1
0
-1
-1
0
0
0
0
0
0
0
0
0
-2
-1
1
0
0
0
0
0
0
3
1
0
0
0
0
0
-2
-1
0
1
0
-1
0
1
0
-1
0
0
0
0
0
0
0
3
0
0
1
0
0
0
1
0
-1
0
0
-2
0
0
0
0
-1
0
0
0
0
1
1
1
0
0
1
0
0
0
0
0
0
0
1
0
0
0
0
0
1
0
0
0
0
0
0
0
1
0
0
0
0
0
0
0
0
0
0
0
-2
-1
0
0
0
-1
0
1
0
0
-1
0
0
0
0
0
1
0
0
0
0
0
-1
0
0
-1
0
2
0
-1
-1
1
1
0
0
0
0
0
0
0
0
0
0
0
1
0
-1
-1
0
0
0
2
0
0
1
-1
0
1
-1
0
0
0
0
0
0
0
0
0
-1
0
0
0
0
-1
0
0
0
0
0
0
0
1
0
0
0
1
0
-1
0
0
0
0
-1
-1
0
1
0
-1
0
0
0
0
0
0
-1
0
0
0
0
-1
1
0
0
0
-1
0
0
0
0
-2
0
0
0
0
0
0
0
-1
0
1
0
1
3
0
0
0
1
0
0
0
0
0
0
0
0
0
0
0
1
0
-1
0
-1
-2
0
-1
0
0
-2
0
0
0
0
0
0
-1
0
0
-1
0
0
1
0
1
0
0
0
0
0
0
0
1
0
0
2
0
0
0
2
0
0
0
0
1
0
0
0
-1
-1
-1
0
0
0
0
0
0
-1
-1
0
0
1
-1
1
1
0
0
0
-1
0
1
0
0
0
-1
0
0
0
0
0
0
0
0
0
0
0
0
0
0
1
0
1
0
0
0
0
0
0
0
-1
1
0
-1
0
0
0
-1
-1
0
1
1
0
0
0
0
-1
0
0
0
0
0
1
0
-1
-1
-2
0
1
0
0
0
0
0
0
1
0
0
0
0
0
0
1
0
1
1
1
2
0
-1
1
0
0
0
0
0
-1
-1
0
0
0
-1
0
-2
0
0
0
0
0
1
0
0
0
0
0
0
0
0
0
0
0
0
0
0
0
0
0
0
1
1
0
0
0
1
-1
0
0
-1
0
0
-2
-2
0
0
0
0
0
0
0
-1
0
0
1
0
-1
0
0
0
1
1
0
0
1
1
1
0
-2
0
0
-2
0
-1
0
0
-1
0
0
0
0
0
0
0
0
-1
0
1
0
0
0
0
0
0
0
1
0
-1
0
0
0
0
0
0
0
0
0
0
0
1
0
0
0
0
0
0
-1
0
-1
0
0
0
1
0
-1
1
0
0
1
0
0
0
0
1
0
0
0
-1
0
0
-1
1
0
-1
0
0
0
0
0
0
0
0
0
0
0
1
-1
-1
0
0
0
0
0
1
1
0
0
0
-1
0
0
1
-1
0
0
-1
0
1
0
0
-1
0
1
0
-1
0
0
1
1
1
0
1
1
0
0
0
0
-1
-1
0
0
-1
0
0
-1
0
-1
0
0
-1
-1
0
0
0
0
0
0
1
0
0
0
0
2
2
0
2
0
0
0
0
0
1
0
-1
0
-2
-2
0
0
0
0
0
0
0
0
0
0
0
0
0
-1
0
0
0
1
0
0
0
0
0
1
1
0
0
0
0
0
0
0
-1
0
0
0
0
0
0
0
0
0
0
0
0
0
-1
-1
-1
-1
1
1
1
1
0
1
1
1
0
0
0
1
0
-1
0
0
0
0
0
0
0
-1
-1
-2
0
1
1
0
0
0
0
0
0
0
0
0
1
1
1
2
0
-1
0
-1
0
0
0
0
0
0
-1
-1
0
0
1
0
1
0
0
0
0
0
0
0
-2
0
0
0
-1
0
2
0
1
0
1
1
-2
1
0
0
0
0
-1
-2
0
0
0
1
0
-1
0
0
0
0
0
1
0
0
-1
0
0
0
1
0
1
2
0
0
-1
0
0
0
0
0
0
0
0
-1
0
0
0
0
0
0
1
0
0
-1
-1
-1
0
2
0
2
1
1
0
0
0
0
0
0
1
0
0
0
0
1
0
0
0
0
-2
0
0
-1
-1
-2
0
1
0
0
0
-2
-1
0
0
-1
0
-1
0
1
0
1
0
1
4
2
0
0
0
1
0
0
0
1
1
0
0
0
0
0
0
1
0
0
-1
-2
-1
0
0
0
0
-1
0
0
-1
0
0
0
0
0
-1
0
-1
-2
-1
-1
0
1
1
0
0
1
0
0
1
1
1
0
0
2
0
0
0
2
0
0
0
0
0
0
-1
-1
-1
-2
-1
-1
-1
0
0
-1
0
0
-1
0
-1
0
0
0
2
1
2
0
0
0
0
0
0
1
1
1
0
0
0
0
0
0
0
-1
0
0
0
0
-1
0
0
0
0
-1
0
0
0
1
0
-1
0
0
0
0
0
0
0
0
0
0
0
0
0
0
1
2
0
-1
0
1
0
0
0
0
0
0
0
0
-1
0
0
0
0
0
1
2
0
0
0
0
0
0
1
0
0
0
-1
-1
0
1
0
1
2
1
-3
-1
-1
0
0
0
0
2
0
0
-2
-2
0
0
0
0
0
2
1
-1
-1
0
0
-1
0
-1
0
2
1
0
0
0
0
1
-1
-1
0
1
2
1
-1
-1
0
0
-1
-1
-2
0
1
0
0
-1
-2
1
0
-1
0
0
1
3
1
0
-1
-1
0
1
0
0
0
0
0
-2
-2
-1
0
2
2
-2
-1
0
0
0
1
0
1
2
0
0
1
0
0
1
0
-2
0
0
0
0
0
0
0
0
0
0
1
0
0
0
1
0
0
0
0
-1
-3
0
1
0
0
0
-1
0
0
1
0
1
1
1
1
1
1
0
1
1
1
0
-1
0
0
-1
0
0
0
0
0
0
-1
-2
0
0
0
0
0
-1
0
0
0
-1
0
1
0
1
0
0
1
0
0
0
-1
0
0
0
0
-1
0
1
1
0
0
1
1
0
0
0
0
0
0
0
0
1
0
1
1
0
0
-1
0
0
-1
-1
0
1
0
-1
0
0
0
-1
0
0
1
0
0
0
0
0
-2
-1
0
0
2
0
-1
0
0
0
-1
0
0
2
3
1
0
0
1
1
1
0
-1
0
1
0
-1
-1
-3
0
1
0
-1
0
-1
0
2
0
-1
0
1
2
1
1
0
0
0
-1
-1
0
0
0
0
-1
-1
0
0
0
0
0
0
0
0
1
1
0
1
1
0
0
0
-1
0
-1
0
0
0
0
0
0
0
0
0
0
0
0
0
0
-1
0
-2
0
0
0
0
0
0
0
0
0
0
0
0
0
0
0
0
0
0
1
0
1
1
0
0
0
0
1
0
0
0
-1
0
0
-1
0
0
0
0
0
0
0
1
2
0
-1
-1
0
0
-1
0
0
-1
-1
0
0
0
0
0
0
0
0
0
0
0
0
0
0
0
1
0
0
-1
-1
0
1
0
0
-1
0
0
0
0
0
0
0
0
0
1
0
0
0
0
0
0
0
-2
0
0
0
-1
-1
0
0
0
0
1
2
0
1
1
0
0
0
1
0
-1
0
0
0
1
0
0
-1
-1
0
-1
0
0
0
0
2
0
0
0
0
0
0
0
0
0
0
0
-1
-1
0
0
0
0
0
0
0
0
0
0
0
0
0
0
0
0
0
0
0
0
0
0
0
-1
1
0
0
-1
0
0
0
0
0
0
-1
0
0
0
0
0
0
0
1
1
0
0
0
0
1
0
-1
0
0
0
0
0
0
0
0
0
0
0
0
0
0
0
0
1
-1
-1
0
0
0
0
1
0
0
1
0
0
0
0
0
0
0
0
0
0
0
0
0
0
0
-1
0
0
-1
0
0
0
0
0
0
1
0
0
0
-1
-1
0
0
0
0
1
0
-1
0
0
0
1
0
0
0
0
0
-1
0
0
0
0
1
0
0
-1
0
0
0
0
0
0
0
0
0
0
0
0
1
0
0
0
0
0
0
-1
0
0
0
0
0
0
0
0
0
-1
0
0
0
0
1
0
-1
0
0
0
0
0
0
0
0
0
-2
0
0
1
0
0
1
0
0
1
0
0
0
0
0
-2
0
1
2
0
0
1
0
0
-1
-1
0
0
0
0
0
0
0
0
0
0
0
0
0
0
0
0
1
0
0
0
0
0
0
0
0
-1
0
0
1
0
0
1
0
0
-1
0
0
0
0
0
0
0
0
0
0
0
0
0
0
0
0
0
0
1
0
0
0
0
0
0
0
1
0
0
0
0
-2
0
0
0
1
0
0
0
-1
0
0
0
0
0
0
0
0
0
0
0
-1
0
0
0
0
0
0
0
0
0
1
0
0
0
1
0
0
1
0
0
0
0
0
0
0
0
0
-1
0
0
0
0
0
0
0
0
0
0
0
0
0
0
0
0
0
0
0
0
0
-1
-1
0
1
-1
0
0
0
-1
-1
0
0
0
0
0
-1
0
0
0
0
1
0
0
0
0
0
1
0
0
0
0
0
0
0
0
0
0
0
0
0
0
0
0
0
-1
0
0
0
0
0
0
0
0
0
0
0
0
0
0
0
0
0
1
0
0
0
0
-1
0
0
0
0
0
0
0
0
-2
0
0
0
0
0
1
0
0
0
0
0
0
0
0
0
0
0
0
0
0
0
0
0
1
0
0
0
0
0
0
0
1
0
0
0
0
1
0
-1
0
0
0
0
1
0
-1
0
0
0
0
0
0
0
0
1
1
1
0
0
0
0
0
0
0
0
0
0
0
1
0
0
2
1
0
0
0
-1
0
0
0
0
0
-1
0
0
0
0
0
0
0
0
0
-1
0
0
0
0
0
0
0
0
1
2
2
1
1
0
0
0
1
0
0
0
-1
0
-2
-1
0
0
0
0
-3
-1
0
0
0
0
1
0
0
1
0
1
1
0
-1
0
0
0
1
0
0
0
0
0
0
0
0
0
-1
0
0
0
1
-1
0
-1
0
1
0
0
1
0
0
0
-2
-3
0
0
0
0
0
0
0
0
0
0
0
0
1
0
0
1
1
0
0
1
1
0
1
0
0
1
0
-1
0
-1
0
0
0
0
-2
-1
0
-1
0
0
1
0
0
0
-1
0
1
0
0
0
0
0
1
0
0
0
0
0
1
1
0
0
1
0
-1
-1
0
0
0
0
0
0
0
0
-2
-1
0
0
0
0
0
0
0
0
0
0
0
1
0
0
1
-1
0
0
0
1
0
0
0
0
0
0
0
0
0
0
-1
0
0
0
0
0
-1
0
0
0
0
1
1
0
1
0
0
0
0
1
1
0
0
-1
-1
0
0
0
0
-1
0
0
0
0
-1
0
0
0
0
0
0
0
1
0
0
1
0
0
0
0
0
1
2
1
0
-1
0
0
0
1
0
-1
0
0
-1
0
0
-1
-2
-1
0
0
0
0
-2
1
1
0
1
1
1
0
0
0
0
0
1
1
1
-1
0
0
-1
-2
-1
0
-1
0
-2
-1
-1
-1
0
1
1
1
0
0
0
0
2
1
0
1
0
0
1
2
3
1
1
0
0
0
0
1
2
0
-1
-1
-3
-1
0
0
0
-1
-4
-4
0
-1
0
0
-1
0
0
0
0
0
0
0
-1
0
1
2
2
0
1
0
0
1
1
1
2
0
0
0
0
1
0
0
0
0
0
1
0
0
0
-1
0
0
0
0
-2
-2
-2
-1
-2
-1
0
-1
0
-2
-3
-1
-1
0
0
0
1
1
1
1
1
2
2
2
2
1
3
1
1
0
0
0
0
0
0
1
3
0
0
0
0
0
-1
0
-1
-1
0
0
0
0
0
1
0
-2
-2
-2
0
-1
-1
0
0
-2
-1
-2
-2
-3
-3
0
0
0
0
1
2
1
0
0
0
1
0
1
2
1
1
1
2
2
0
0
-1
0
0
0
0
0
0
0
0
0
-2
-1
-2
-1
0
1
0
-1
0
0
0
-1
0
0
0
0
0
0
0
-1
0
0
0
-1
0
0
0
0
0
1
0
0
0
-1
0
0
0
0
0
0
0
1
2
1
0
0
0
-1
-1
0
0
0
0
0
-1
0
-2
-2
0
0
0
1
0
0
0
0
0
1
1
2
0
0
0
0
0
-1
0
0
0
0
0
-1
0
0
0
1
0
0
0
0
-1
0
0
0
0
0
0
0
1
0
0
0
0
0
0
0
0
0
0
0
0
-1
0
0
0
0
1
0
0
-1
-1
0
0
0
0
0
0
0
0
-1
0
0
0
1
2
0
1
0
1
0
0
0
0
0
0
0
0
0
0
0
-1
0
0
0
-1
0
-1
0
0
0
0
0
1
1
0
0
0
0
0
0
0
0
0
0
0
0
0
0
0
0
0
0
0
1
-1
0
0
0
-1
-1
0
0
0
0
0
0
0
0
0
0
0
0
0
0
0
0
0
0
0
0
0
0
1
0
-1
0
0
0
0
0
0
0
0
0
0
0
0
0
0
0
0
-1
0
0
-1
0
-1
0
1
0
0
0
1
0
0
0
0
0
0
0
0
0
-1
0
1
0
1
0
-1
0
-1
-1
0
0
0
0
0
-1
0
0
0
0
0
0
-1
0
0
0
1
0
0
0
0
0
0
0
0
0
0
0
1
0
0
0
-2
0
1
0
0
0
-1
0
0
-1
0
0
0
0
0
0
0
0
0
0
0
0
0
0
0
0
-1
0
-1
1
0
0
0
0
0
0
0
0
0
-1
0
0
1
1
0
0
-1
0
1
1
0
-1
0
0
-2
0
1
0
-1
-1
0
0
1
0
0
0
0
1
0
2
0
-1
0
0
0
0
0
0
0
0
0
0
-1
0
0
-1
0
0
0
0
0
0
-1
0
0
0
0
0
0
0
1
1
0
-1
0
0
1
0
0
0
0
0
0
0
0
0
0
0
0
-1
0
0
0
0
0
0
-1
1
1
0
0
0
0
0
-2
-1
0
0
0
0
0
-1
0
0
1
0
0
1
0
0
0
0
0
1
1
0
0
0
0
0
0
1
0
0
-1
0
0
1
-1
-1
0
0
0
-1
-1
0
-1
0
1
0
-1
0
0
0
1
0
0
1
0
0
2
0
0
0
0
0
0
1
0
0
0
-1
0
0
0
0
0
0
-1
0
0
1
2
0
0
-2
0
0
0
0
-1
-1
1
0
0
0
0
1
1
0
0
0
0
1
1
0
0
0
0
1
1
0
0
0
-1
0
0
0
0
-1
-2
0
0
0
0
0
0
0
0
0
-1
0
0
0
0
0
0
1
0
0
0
0
0
1
-1
0
0
0
1
1
0
0
0
1
0
0
0
0
0
0
0
0
-1
0
1
0
0
-1
0
2
0
0
0
-2
0
0
-1
1
0
0
0
0
0
0
0
-1
0
1
0
1
0
0
1
0
0
0
0
0
0
0
0
0
0
0
0
1
-1
1
1
0
0
0
0
0
0
0
1
0
0
-1
0
0
0
0
0
0
0
0
0
0
0
-1
0
0
-1
0
0
0
1
1
0
0
-1
0
1
0
1
0
0
0
0
1
0
-1
-1
0
0
-1
-1
-1
0
0
0
0
-1
0
-1
0
0
0
1
0
0
0
0
1
1
0
0
0
0
0
-1
1
0
0
0
0
0
0
0
0
0
0
0
0
0
-1
-1
0
0
0
0
0
-1
0
0
0
-1
0
-1
0
0
0
0
0
0
0
0
1
0
0
1
1
1
0
-1
1
0
0
0
0
1
0
0
-2
-2
0
-1
0
0
0
1
0
0
1
1
0
0
0
0
1
0
0
1
0
0
1
0
0
0
0
0
-1
1
0
1
0
0
0
-1
0
0
0
0
-1
0
1
0
0
0
0
-1
0
0
0
2
1
1
-1
-1
-1
0
0
0
0
1
1
-1
-2
-1
-1
0
1
0
0
0
-1
0
-2
-1
0
0
0
0
0
0
0
0
0
0
0
0
0
1
0
-1
0
0
0
1
0
0
0
1
0
0
0
0
0
0
0
0
0
0
-1
0
0
0
0
0
0
0
1
0
-1
1
1
1
-1
-1
-1
0
2
0
0
0
0
0
-1
0
1
0
0
0
0
0
0
0
0
0
0
0
0
0
-1
0
1
0
-1
0
0
0
1
0
0
0
1
0
-1
0
1
0
0
0
0
1
0
0
0
0
0
0
0
0
0
0
0
1
0
0
0
1
1
0
0
0
0
0
0
-1
0
0
0
0
-1
-2
0
0
0
0
0
1
0
0
0
1
0
1
0
0
-1
0
-1
0
1
0
0
0
-1
0
0
-1
0
0
0
0
-1
0
0
0
0
0
0
0
0
0
1
0
1
3
0
1
0
0
1
0
0
0
0
0
0
0
0
-1
0
-1
-2
0
0
0
0
-1
0
0
0
0
1
0
0
0
0
1
0
0
0
0
0
0
0
0
0
0
0
0
-1
0
0
0
0
2
0
0
0
0
0
0
0
0
0
1
0
0
0
0
1
0
0
0
0
-1
0
0
-1
0
0
0
0
0
0
0
0
0
0
0
1
0
0
0
0
0
0
0
0
0
0
0
0
0
1
0
0
0
0
0
0
0
1
0
0
0
0
1
0
1
0
0
1
0
0
0
0
0
1
0
1
0
0
-1
-1
1
0
0
0
0
-1
0
0
-2
-1
0
2
0
-1
1
0
0
0
0
0
0
0
0
1
1
0
0
0
0
1
1
0
0
0
0
-2
-1
0
0
0
-1
0
0
-1
0
0
0
0
0
0
-1
0
0
0
0
1
0
-1
0
1
2
0
0
0
0
0
0
0
0
0
0
0
0
0
0
-1
-1
0
0
0
0
0
0
1
0
-1
0
0
0
0
0
-1
0
0
0
0
0
0
0
-1
0
1
0
0
0
0
0
0
0
0
0
0
1
0
0
0
0
0
0
0
0
0
-1
0
0
0
0
0
0
0
0
0
0
0
0
0
0
0
0
0
1
0
0
0
0
0
-1
-1
-1
0
0
1
0
0
0
0
0
0
0
0
0
0
-1
0
0
0
0
0
0
1
-1
0
0
0
1
0
-2
0
0
0
2
0
1
1
0
2
0
-1
0
-1
0
0
0
0
-1
-1
1
0
0
0
0
-1
0
-1
-2
0
0
0
1
1
0
-1
0
0
0
1
2
1
0
0
0
0
0
-1
0
1
0
0
0
-1
-1
-1
-1
0
0
0
0
0
0
0
1
0
0
0
1
0
1
0
0
0
0
0
0
1
0
0
0
0
-1
0
0
0
0
1
1
0
0
0
0
0
0
0
-1
0
0
0
1
0
0
0
0
0
0
0
0
0
-1
0
0
0
0
0
0
2
1
0
0
0
0
0
0
0
0
-1
0
0
0
2
0
-1
0
0
0
0
0
1
0
0
-1
-1
0
-1
-1
0
0
1
0
0
0
0
0
0
0
0
0
0
0
0
0
0
0
0
0
0
1
0
0
0
-1
0
0
0
0
0
0
0
-1
-1
-1
-1
0
-1
0
0
0
1
0
1
1
0
0
0
0
1
0
-1
0
0
0
0
0
1
0
-1
0
0
0
0
-1
0
0
0
0
0
0
0
0
1
0
0
0
-1
0
0
0
1
0
0
0
0
-1
0
0
0
-1
2
0
0
0
1
0
0
0
0
0
0
0
0
0
-1
-1
0
1
0
0
0
-1
0
0
0
0
0
0
0
0
0
0
0
0
0
0
0
0
0
0
0
0
1
0
-1
0
0
0
0
0
0
0
1
1
0
0
0
0
0
-1
-1
0
0
0
-1
-1
0
0
0
0
0
0
0
0
0
-1
0
1
1
0
0
0
0
0
0
-1
1
0
-1
0
0
-1
0
0
-1
0
0
1
0
0
0
1
0
0
0
1
0
0
0
0
-1
0
0
-1
0
0
0
0
0
0
0
0
0
0
1
0
0
0
-1
1
0
0
0
0
-1
0
0
-1
0
1
1
0
0
0
0
0
0
0
0
-1
0
0
1
0
0
0
0
0
-1
-1
0
0
0
0
0
0
0
1
0
-1
0
0
0
0
0
0
0
1
0
0
0
1
0
1
1
0
0
0
-1
-2
0
0
0
1
1
0
-1
-2
0
0
0
0
-1
0
0
0
2
0
-1
0
0
0
-1
0
0
0
0
0
0
0
1
0
0
0
0
0
0
0
0
-1
0
1
1
0
0
0
0
0
1
0
-1
0
0
-1
0
0
0
0
0
0
0
0
-1
0
0
0
0
0
0
0
0
0
0
0
0
0
0
1
1
2
0
-1
0
0
0
0
-1
0
0
0
0
0
0
0
0
0
-1
0
0
0
0
0
0
0
0
0
0
0
-1
0
0
1
0
0
1
0
0
0
0
0
1
1
0
0
0
0
-1
0
0
0
0
1
1
0
0
0
-1
0
0
0
-1
0
0
0
0
0
0
0
0
0
-1
0
0
0
0
1
1
0
-1
0
0
-1
0
1
1
0
0
0
-1
0
0
0
0
0
0
-1
0
0
0
1
0
0
0
0
-2
0
0
-1
0
-2
0
0
0
1
0
0
0
0
0
0
0
1
1
0
-2
-1
-2
-2
0
0
1
1
1
1
0
0
0
-2
-2
0
0
-2
0
0
-1
0
2
2
1
1
0
0
0
-1
0
0
0
1
0
1
1
0
0
0
0
0
0
-1
-3
-2
-2
0
-1
0
2
2
0
0
1
0
0
0
0
0
0
1
1
1
0
0
0
-1
0
0
0
0
0
0
-1
0
-1
0
1
1
0
0
-1
0
0
0
-1
1
1
-1
0
0
0
0
0
0
0
0
0
0
0
0
0
0
0
0
-1
-1
0
0
1
1
1
0
0
-1
-1
1
2
0
0
1
0
0
0
-1
-2
-1
0
0
0
0
0
-1
0
1
0
0
0
-1
0
0
0
0
0
0
0
0
0
0
0
-1
-2
0
0
0
1
0
0
-1
0
1
2
1
0
0
0
0
1
0
0
0
-1
-1
0
1
0
0
-2
0
0
-1
0
-1
0
-1
0
0
0
0
0
1
1
1
1
1
0
1
1
2
0
-2
0
0
0
0
1
0
0
-1
0
0
0
1
0
0
0
0
0
0
0
0
1
0
0
0
-1
-2
0
0
0
0
1
0
0
0
0
1
0
0
0
-1
0
0
0
-1
1
1
-1
0
1
0
1
0
-2
0
0
0
-1
0
0
-1
0
0
0
0
0
-1
0
1
0
0
0
0
0
0
0
0
0
-1
0
0
0
-1
0
1
0
0
0
0
0
0
0
0
0
0
1
0
-1
0
0
0
0
0
0
-1
0
0
0
-1
0
0
0
0
1
1
-1
0
0
0
0
0
-1
0
0
0
1
1
0
-1
-1
0
0
0
0
0
-1
0
1
0
0
0
0
0
0
0
1
0
0
0
0
0
-1
0
0
0
0
0
1
0
-1
0
0
0
0
-1
0
0
0
0
0
0
2
1
0
0
0
0
0
0
0
-1
0
0
0
0
0
-2
0
1
0
0
0
0
0
0
-1
0
0
0
-1
0
0
0
0
0
0
1
0
-1
0
0
-1
0
0
0
0
0
0
0
0
0
0
-1
0
0
0
0
-1
0
1
1
2
2
0
-1
0
1
0
-1
-1
0
0
0
0
0
-1
0
0
0
0
0
0
-1
-2
0
1
0
1
0
0
0
1
1
0
0
0
0
0
-1
0
0
-1
-1
0
0
1
0
0
0
0
0
0
0
0
0
0
0
-1
1
1
0
0
0
0
1
1
0
0
0
0
0
0
0
0
0
0
0
0
0
0
0
0
0
0
0
0
0
0
0
0
0
0
0
1
0
0
0
0
0
0
0
0
0
0
0
0
2
0
0
0
0
-1
-1
0
0
0
0
-1
0
0
0
0
1
0
0
0
-2
0
0
0
1
0
0
0
0
0
0
0
0
0
0
-1
0
0
1
1
-1
0
0
0
1
1
0
0
0
1
0
1
0
0
0
0
2
0
0
-1
0
0
0
0
-1
0
0
0
0
0
0
0
1
1
0
0
0
0
0
0
0
1
1
1
0
0
0
0
0
0
0
0
-1
0
0
0
-1
0
1
1
0
0
0
0
0
-1
0
0
0
0
0
0
0
0
0
0
0
0
0
0
0
0
0
1
0
0
0
0
0
0
1
0
0
1
0
0
0
0
1
0
0
0
0
0
1
0
0
0
0
-1
0
0
0
0
0
0
0
0
0
-1
1
0
0
0
0
1
0
1
0
-2
0
0
0
0
0
0
0
0
-1
0
0
1
2
1
0
0
-1
-1
0
0
2
2
0
0
-1
-1
0
0
-1
-1
0
2
1
-1
-1
0
0
0
0
0
0
0
0
1
0
1
2
0
0
1
2
-2
-1
0
0
1
1
0
-1
0
-1
-2
0
0
0
2
3
0
0
-2
0
1
-3
0
0
0
2
-3
-4
-1
2
-1
-2
0
2
0
-2
-1
0
1
1
0
1
1
0
-1
-1
-1
0
0
1
1
0
0
0
-1
0
-1
-1
1
0
-1
0
0
0
0
0
0
0
0
0
0
0
0
0
1
0
-2
-1
0
1
2
0
-1
-1
0
0
0
0
0
0
0
0
0
1
1
0
0
0
0
1
1
0
0
0
0
0
-1
0
0
-2
0
0
0
0
-1
0
-1
0
0
0
0
-1
0
0
3
2
0
0
0
0
1
0
0
1
1
2
1
0
0
0
0
0
0
0
-2
-2
0
0
0
-2
-1
0
0
0
0
-1
0
1
0
0
0
0
0
0
1
2
1
0
0
0
0
0
2
1
-1
-1
0
0
0
-1
-1
0
0
-1
-2
-1
0
1
0
0
0
0
1
0
0
1
0
0
1
1
0
0
0
0
0
2
0
0
3
0
-2
-1
0
0
0
0
0
-1
0
0
-1
0
0
1
0
0
0
0
0
0
-2
1
1
1
0
0
0
0
0
0
0
0
0
0
-2
0
0
0
1
1
0
0
0
0
0
0
0
0
-1
-1
0
0
0
1
1
0
0
0
-1
0
-1
0
0
0
0
0
1
3
2
0
0
0
0
0
0
0
0
-1
-1
-1
0
0
0
-1
-3
0
0
0
1
0
0
0
0
0
-1
1
2
0
0
0
0
1
1
0
0
-2
0
0
0
1
1
0
0
0
0
0
0
0
-1
0
0
0
0
0
1
1
0
1
0
-1
0
0
0
-1
0
-1
-1
0
0
1
0
1
0
0
2
0
0
0
0
2
0
0
-1
0
0
0
0
0
1
0
0
0
0
0
0
-2
0
0
0
2
0
0
0
1
0
0
0
0
0
0
-1
-1
1
0
0
0
0
0
0
-1
1
0
-1
0
0
0
0
0
0
0
0
0
0
-1
0
0
0
0
0
0
0
0
0
0
-1
0
1
0
0
0
2
2
1
0
0
0
0
0
0
0
1
1
-1
-1
0
0
0
-1
0
0
0
-1
-2
1
0
0
1
1
0
0
0
0
-1
0
0
0
0
-1
0
0
0
0
1
1
1
2
0
0
1
0
0
0
0
0
0
0
0
-1
0
0
0
1
2
0
0
-1
-1
0
0
1
1
0
0
0
-1
0
0
0
0
0
1
0
0
-1
-1
0
-1
0
-1
0
0
-1
-1
0
1
0
0
1
0
-1
0
0
1
0
1
1
0
0
2
1
0
0
0
1
1
-1
-1
0
0
0
-1
0
0
-1
-1
1
-1
-2
-1
-1
-1
0
0
1
2
1
0
-1
0
0
0
0
0
0
0
0
0
1
1
0
-1
0
0
0
0
1
0
1
0
-1
-2
-1
-1
0
0
0
2
0
0
0
0
0
0
0
-3
-2
0
0
0
2
0
0
0
0
0
1
0
1
1
0
0
0
0
0
-1
0
0
0
0
-2
-1
1
0
0
0
0
2
0
-1
0
2
0
0
0
0
0
1
1
1
0
0
0
0
0
0
1
-1
-2
0
-1
-1
-1
0
0
1
1
0
-1
-1
-1
0
1
1
0
0
2
1
0
0
0
0
1
1
0
0
0
-1
-2
-1
-1
0
0
1
0
0
1
0
0
-1
-1
1
2
0
0
-1
-1
-1
0
0
0
0
0
-1
0
-1
-1
0
0
1
0
-1
0
0
0
1
1
0
0
0
1
0
1
1
0
2
0
-1
0
0
-1
-1
0
-2
0
0
-2
0
0
1
2
1
0
0
-1
-1
1
1
1
0
-2
-1
0
2
1
0
-2
0
1
0
0
1
0
-1
-1
-1
0
0
-1
0
1
1
0
-1
0
2
1
1
0
-2
-1
0
0
1
0
0
-1
-1
0
0
1
0
-1
0
0
0
0
0
0
0
0
-1
-1
0
1
0
2
0
-1
0
-1
0
0
0
0
0
-1
1
0
0
2
1
0
0
1
-1
-1
0
0
0
1
0
0
1
0
0
0
-1
-1
0
-1
-1
0
0
0
0
0
1
0
-2
-3
-1
0
0
0
0
-1
0
1
0
1
3
1
0
0
0
0
-1
2
1
0
0
0
-1
0
0
0
0
0
0
0
-1
0
1
1
0
-1
-1
0
-1
0
0
0
0
0
3
0
0
-1
0
0
0
0
-1
0
0
0
0
0
-1
0
0
0
0
0
0
0
0
0
0
0
0
0
0
0
1
0
0
0
0
1
3
2
0
0
0
0
1
0
0
-1
0
2
0
-1
-1
0
0
0
0
-2
-3
-1
0
1
0
0
0
0
0
-1
0
-1
0
0
0
0
0
1
0
0
0
0
1
0
0
1
0
1
0
0
0
-1
-1
0
1
0
0
0
1
0
-1
0
0
-1
0
0
0
1
-1
0
0
-1
0
-1
0
0
0
0
0
0
0
0
0
2
1
0
0
0
0
0
0
-1
0
1
1
0
-1
-1
-1
0
3
0
-1
0
-1
-1
0
0
0
2
1
0
-1
0
0
1
2
2
0
-1
0
1
3
0
0
-3
-2
0
0
0
1
-1
-3
-2
0
1
0
0
0
1
0
0
-1
0
1
0
1
0
0
0
1
0
0
0
1
0
0
-1
-1
0
0
-2
0
0
3
2
0
-1
-1
0
0
0
0
0
0
0
1
0
-3
-2
-1
0
0
0
1
1
0
-1
-1
0
0
0
1
0
1
1
0
0
0
0
2
0
0
-1
0
0
-1
0
0
0
0
1
0
0
0
0
0
0
-1
-1
0
0
0
0
0
0
1
2
0
0
0
0
0
0
-1
-1
0
0
2
0
1
1
0
2
1
-1
-2
-2
1
1
0
0
0
1
0
0
0
-1
0
0
0
1
0
1
0
-1
-1
-1
-1
0
0
-1
1
0
-1
1
0
0
1
0
-1
0
1
0
0
0
0
1
0
-1
-1
-3
0
1
0
-1
-1
0
0
-1
1
0
1
0
0
0
0
0
0
0
-2
0
1
0
0
1
1
0
-1
0
0
0
0
0
0
0
0
0
0
0
0
1
0
-1
0
2
0
1
0
0
-1
0
-1
0
0
-1
0
-1
-3
0
0
2
2
0
0
-1
0
0
0
1
0
0
0
0
0
2
2
0
0
-1
-1
0
0
1
0
-1
-1
0
0
0
2
3
2
0
-2
0
-1
0
1
0
0
0
-1
-1
-1
0
2
0
-1
0
0
0
1
0
0
0
-3
0
-1
0
2
2
0
-1
-1
0
-1
0
1
2
0
-1
-1
0
0
0
1
2
0
-1
-1
-1
0
0
0
-1
0
1
-1
0
0
1
0
0
2
-1
0
1
0
0
1
1
0
1
0
0
0
0
0
0
0
0
-1
-1
0
0
0
0
0
1
0
1
1
0
1
0
0
0
1
0
0
0
-2
-1
0
0
0
0
0
0
0
0
0
0
0
0
0
0
0
0
0
0
0
0
0
1
0
0
0
0
0
0
0
0
0
0
0
0
0
0
1
0
-1
0
0
0
0
0
0
1
0
0
0
0
0
-2
0
0
0
0
1
0
0
0
1
0
0
1
1
0
-1
-1
-1
-2
-1
0
-1
1
0
0
0
0
0
0
1
0
0
1
1
0
-1
-1
0
2
0
0
0
-3
-2
0
0
0
0
0
0
-1
0
1
0
0
0
-1
0
-1
0
0
1
2
2
0
-2
0
-1
-1
-1
1
0
0
0
-1
0
0
0
1
2
0
-1
0
-1
-3
0
1
0
3
3
-2
-1
0
0
0
0
-1
0
0
0
0
2
0
-1
-1
-1
0
0
0
0
0
0
0
1
2
1
2
2
0
0
0
0
0
0
0
-1
0
0
0
0
0
0
0
0
1
0
-1
0
0
0
0
0
0
-2
-1
0
1
0
0
0
0
-1
0
0
0
0
0
1
-1
0
0
0
1
0
0
0
-2
-1
0
1
0
0
0
0
0
0
0
0
0
-1
0
1
0
0
0
0
0
0
1
1
2
0
-2
-1
-1
0
1
0
0
-1
0
0
-1
-2
-2
0
0
0
0
0
0
0
0
0
2
2
2
1
2
1
0
2
3
1
2
1
-1
0
-1
0
0
0
-1
-2
-2
-2
-2
-1
-1
-2
-2
0
1
0
0
1
1
1
2
1
0
1
2
2
1
1
0
0
0
1
0
-2
-2
-1
0
0
-1
-1
0
0
0
0
-1
0
1
1
1
1
0
0
0
1
1
0
0
0
0
0
-3
0
2
1
0
0
-2
-2
0
1
0
0
0
0
0
0
1
1
0
0
0
0
0
-1
0
1
1
0
-1
-1
-1
-1
0
0
1
0
0
0
-1
0
0
0
0
0
1
0
-1
0
1
0
0
0
0
0
0
1
0
0
0
0
0
0
0
0
-1
1
0
0
0
-1
0
1
0
-2
0
-1
0
1
0
0
0
-1
0
0
-1
-2
0
2
0
-1
1
-1
-1
2
2
0
0
0
0
0
0
0
0
0
0
0
0
-2
-1
1
0
0
0
-1
0
0
0
1
0
0
0
0
-2
0
1
0
0
1
0
0
0
0
0
0
-1
-1
0
0
-1
0
0
0
0
0
0
1
0
1
0
0
0
0
0
0
-1
0
0
1
0
0
-1
-1
0
0
0
-1
-1
-1
0
1
0
0
0
0
1
1
0
0
0
-1
0
1
0
-1
0
0
2
0
1
1
0
1
0
0
-1
0
0
0
-1
0
1
0
1
0
0
0
-2
0
1
0
0
-1
0
0
-1
0
0
0
0
0
1
0
-1
-1
-1
-2
0
-1
1
0
0
0
0
0
-1
0
0
1
0
1
1
2
0
2
1
1
2
1
1
1
0
0
0
0
0
0
0
0
0
-1
-2
-2
-2
-2
-4
-3
-2
-4
-3
-1
-1
-2
-2
-1
-1
0
-1
0
0
0
0
3
3
2
1
3
4
2
1
1
2
3
4
2
1
3
2
2
2
1
0
0
0
0
0
0
-1
-3
0
0
-3
-3
-2
-1
-2
-2
-2
0
0
-2
-3
-2
-1
0
0
0
-1
0
3
0
1
1
2
2
2
1
0
2
2
1
3
2
0
1
0
0
0
0
0
0
-1
0
0
-3
-1
0
0
-1
-2
-1
-1
-2
-3
-1
0
0
1
0
1
0
0
1
0
1
2
0
0
0
0
1
0
0
0
-1
0
0
0
1
0
0
0
-2
0
0
0
0
-1
0
-2
0
0
1
-1
-1
-1
0
0
-1
-1
0
-1
-1
0
1
2
1
0
1
0
1
2
1
0
0
0
1
0
0
0
0
-1
0
0
1
0
0
0
1
1
-1
-1
-2
-1
-1
0
0
-2
-2
-2
0
-1
0
0
0
1
0
1
3
2
1
0
0
2
1
0
0
0
0
0
0
1
0
0
-1
0
1
0
0
0
0
0
0
0
0
0
0
0
-1
-1
1
-1
-2
0
-1
-1
0
0
0
0
0
-1
0
0
0
1
0
0
0
0
1
1
0
0
0
0
0
1
0
1
1
0
0
0
-1
0
0
1
-1
-1
0
0
0
0
-1
0
2
0
0
0
0
0
0
0
0
0
0
0
0
0
0
0
0
0
0
-1
1
0
1
1
0
-1
0
0
0
0
1
1
0
1
1
0
0
0
0
0
0
2
0
-2
-1
0
-1
0
0
1
0
-2
-1
0
0
-1
-1
1
0
0
0
0
0
0
1
2
1
-1
2
1
0
2
0
0
1
0
-2
0
-2
-2
-2
-1
-1
-3
-1
-1
-3
-3
0
0
1
0
0
1
2
0
0
0
1
2
2
2
1
0
0
1
0
-1
0
0
0
-1
0
1
0
0
0
0
0
0
0
-1
0
0
0
-1
-1
0
0
0
0
-1
0
1
0
-1
0
-1
0
0
0
0
0
0
0
1
0
0
0
0
0
2
1
0
1
1
1
0
0
1
0
0
-1
-2
-2
0
1
1
0
-2
0
0
0
0
0
-1
-1
0
0
1
0
0
1
0
0
0
0
1
-1
-1
-1
0
0
0
2
0
0
0
1
-1
-2
0
1
0
0
0
0
0
1
0
0
-2
-1
-1
0
-1
-1
-1
-1
0
0
0
1
0
-2
0
0
0
3
2
0
0
0
0
1
0
0
0
0
0
0
0
-2
-2
0
3
0
0
-1
-2
0
2
0
0
0
0
0
0
1
1
0
-1
0
0
0
-1
-1
1
0
2
1
0
0
0
0
0
0
0
-1
0
2
0
0
0
0
0
0
-1
-3
-1
-1
-1
0
1
0
1
1
1
0
-1
-1
0
0
0
0
1
0
0
0
0
1
0
1
1
0
-1
0
0
-1
0
2
0
0
0
0
0
0
0
0
-2
0
1
-1
0
0
-1
-1
0
0
0
0
1
2
0
-2
0
0
0
0
1
0
0
0
0
0
0
1
0
0
1
0
0
0
0
0
-1
1
1
0
1
0
0
0
0
-1
0
0
0
1
0
-2
-1
0
0
0
0
0
1
0
0
0
0
0
0
-1
-1
1
0
0
0
0
0
0
-1
0
0
0
0
0
0
1
0
-1
0
0
1
0
0
-1
0
0
0
0
0
0
0
0
0
0
0
-2
0
0
0
0
0
0
0
0
0
0
0
0
0
0
0
0
2
0
0
0
-1
-1
0
0
-1
0
2
2
1
0
-2
0
0
0
0
0
0
0
0
0
0
0
-2
0
0
0
0
0
1
0
-2
0
0
-1
1
0
-2
0
0
1
1
0
0
0
0
2
0
0
-1
-1
0
0
1
0
0
0
-1
-1
-1
0
1
0
1
1
-1
0
0
-1
0
0
1
0
0
0
0
0
0
0
0
0
0
0
0
0
0
0
1
0
0
0
0
0
0
0
0
0
1
0
1
1
0
0
0
0
0
-2
-1
0
1
1
-1
0
0
0
0
0
-1
-1
0
-1
0
0
3
4
2
0
-2
0
0
0
-2
0
2
-1
0
0
0
0
0
-1
-1
0
0
0
0
0
0
0
-1
-1
1
0
0
2
0
0
0
0
-1
-1
1
0
1
0
0
0
1
0
0
0
0
-1
0
-1
-1
-1
0
0
0
1
1
0
0
1
1
0
0
0
0
0
0
1
2
1
0
0
0
0
0
0
-1
0
0
-1
-1
0
0
0
-1
0
0
0
0
0
-1
0
0
0
-1
-1
0
0
0
0
0
1
0
-2
0
0
1
1
0
0
2
1
0
0
0
0
0
0
2
1
-3
1
0
-2
0
0
0
-2
0
4
-2
-1
0
-2
1
0
-2
-3
0
1
0
-2
-1
1
4
4
0
-4
-2
-1
0
-2
-6
-1
2
2
4
3
5
1
-1
0
-4
-6
-1
1
10
12
9
8
4
1
0
-8
-8
-11
-9
-4
-5
-4
-1
-2
1
0
2
8
9
13
12
11
9
2
-1
-5
-10
-14
-17
-14
-15
-14
-11
-5
2
4
9
14
16
23
21
20
18
10
4
-4
-11
-16
-25
-27
-28
-24
-15
-5
3
13
23
28
28
24
15
8
0
-8
-12
-15
-14
-13
-13
-11
-9
-8
-5
-5
-1
4
8
14
16
17
13
12
6
2
2
1
0
2
1
0
-4
-7
-12
-16
-16
-14
-11
-7
-2
1
5
4
4
3
3
3
2
4
5
6
8
7
4
4
2
-1
-2
-4
-2
-4
-4
-5
-5
-4
-2
0
0
3
4
3
4
3
2
0
2
1
0
1
2
0
0
-2
-3
-4
-6
-6
-5
-4
-3
-1
0
0
1
3
2
2
2
2
3
3
3
1
0
0
2
3
0
1
0
0
0
0
0
-2
0
0
-1
0
-2
-4
-4
-1
0
1
3
3
3
2
0
-1
-4
-3
-2
-1
-1
0
0
0
0
1
-1
0
0
-1
0
0
3
4
4
2
0
-1
0
0
0
1
0
0
-1
-1
-1
0
0
-3
-1
-1
0
1
1
1
0
0
-1
0
0
0
-1
0
0
0
1
0
-1
0
0
1
0
0
0
0
0
0
1
0
-1
0
0
0
0
0
0
1
0
0
0
0
0
0
0
-1
-1
-1
0
0
0
0
0
0
0
0
0
0
0
0
0
-1
0
0
1
3
0
0
0
0
-1
1
3
0
0
0
-1
-2
-1
0
-2
0
1
0
1
1
1
1
0
0
0
0
-1
-1
0
0
0
1
0
0
2
1
0
0
0
-1
-2
-1
-2
-1
0
0
1
0
0
2
0
0
0
0
0
1
-1
1
0
0
-1
0
-1
0
0
0
1
2
-1
0
0
-1
-1
0
0
0
-2
-3
0
2
0
0
0
-1
0
1
0
0
0
1
0
1
0
-1
0
1
0
0
1
2
2
0
-4
-2
1
0
2
0
-1
0
0
0
0
-1
-2
-1
2
0
0
0
-1
-1
1
2
1
0
-2
-1
0
0
0
0
0
0
0
-1
1
2
1
1
1
0
0
0
0
0
0
-1
-1
0
0
0
0
2
0
-2
0
0
1
0
0
-1
-1
0
0
0
0
0
1
1
0
0
1
1
0
0
0
0
-1
0
-1
-1
0
0
1
1
0
-1
0
0
-2
0
0
-1
0
0
0
0
0
0
0
-2
0
1
0
0
0
0
0
1
-1
-1
0
-1
0
3
0
-1
-1
0
0
0
0
0
0
1
1
0
0
0
0
0
0
0
0
0
0
0
0
0
0
0
0
0
-1
-2
0
0
0
0
0
0
0
0
0
0
0
1
2
1
-1
0
0
0
0
0
1
0
1
1
0
-1
-1
-1
0
1
0
1
0
0
0
0
0
0
1
-2
0
0
0
0
0
0
0
0
0
-1
-1
0
-1
0
0
0
-1
-1
0
1
2
1
0
0
-1
0
0
1
0
-1
0
2
1
-1
0
0
1
0
0
-1
0
0
-2
-1
1
0
0
0
0
0
0
0
0
0
0
0
0
0
0
0
0
0
0
0
0
0
0
0
0
0
-1
-2
1
0
0
0
0
1
0
0
0
0
1
0
-1
0
0
0
0
0
0
0
1
0
0
0
0
0
0
0
-1
0
0
0
0
0
0
0
-1
-1
0
0
1
0
1
1
0
0
0
0
0
0
0
0
-2
0
1
1
0
0
1
0
0
0
0
0
0
0
0
-1
0
0
1
1
-1
-1
1
0
0
0
0
0
0
1
0
0
-1
0
1
0
-2
0
0
0
0
0
0
0
-1
2
1
0
0
-1
0
1
0
0
-1
0
0
0
0
0
0
0
0
0
0
1
0
-1
0
0
0
0
0
0
0
-1
1
0
-1
0
0
0
0
1
0
0
1
0
0
-1
-1
1
0
0
2
0
-1
0
0
0
-1
-2
0
0
2
0
0
0
0
0
0
-1
1
2
0
0
0
0
2
0
-2
-1
0
0
2
0
0
0
0
-1
-1
-1
1
0
0
-2
0
1
0
0
0
-1
0
0
1
2
2
1
0
0
0
0
-2
-2
0
4
1
-2
-2
0
1
0
-1
0
1
1
0
0
1
-1
-1
0
0
1
2
1
0
1
1
-1
-2
0
1
1
-1
0
0
0
0
-2
0
0
-1
0
-1
0
0
-2
0
0
1
0
0
0
0
0
0
0
1
2
1
0
-1
-1
0
0
0
2
0
0
0
0
0
-1
0
0
0
0
0
0
-1
0
-1
0
-2
0
2
1
0
-2
0
-1
0
1
3
1
0
-1
0
0
0
1
1
1
1
0
0
0
1
2
0
-2
-1
0
0
0
0
-1
-1
-1
0
2
0
-1
0
-2
0
1
0
0
0
-1
-1
-2
-1
1
1
1
2
0
-1
-1
0
-1
1
2
3
0
-3
-2
0
0
0
3
5
4
1
-2
-2
-3
-3
0
2
2
1
0
0
-4
-6
-3
1
3
3
1
0
-1
-3
-3
-1
0
1
3
3
0
-2
0
1
0
0
0
0
0
-2
-2
-1
0
0
1
1
0
0
0
2
2
0
2
2
0
-1
-2
-2
2
1
0
0
0
-1
-1
-1
-1
-1
0
0
-1
-2
-1
0
0
0
1
1
1
1
1
0
0
0
0
-1
0
0
0
1
1
0
1
0
0
-1
0
0
2
0
-1
-1
-2
0
0
0
2
2
1
0
0
0
-1
0
1
0
-3
-1
0
-1
0
1
1
0
0
-1
-1
1
3
0
0
0
-1
-1
0
0
-1
0
0
-2
0
1
2
1
1
0
-1
0
1
0
1
0
0
-1
0
0
-1
0
0
0
0
-1
0
0
0
1
1
0
0
0
0
0
-1
-3
0
-1
0
2
1
0
0
-1
0
0
0
-1
0
0
0
0
0
0
-1
0
0
1
0
2
2
1
1
1
0
0
0
1
2
0
0
2
1
0
-1
0
-1
-2
0
0
-1
-2
-2
-5
-5
-6
-5
-2
-1
0
-1
-1
0
0
0
0
0
0
0
0
0
0
1
1
2
2
1
1
2
3
3
2
5
2
2
2
2
2
1
0
0
0
0
0
0
0
0
-1
-1
-2
0
0
0
-1
-1
-1
0
-2
-2
-1
1
0
0
1
1
0
0
0
-1
0
0
-1
-1
-1
1
0
0
0
-1
0
2
0
1
2
0
-1
-1
0
0
0
2
1
-1
0
0
0
1
1
2
2
-1
-3
-3
-1
0
0
0
-1
-1
0
2
2
1
0
-1
-1
0
0
0
0
0
0
-1
0
-1
0
0
0
0
0
0
1
1
1
0
0
0
0
-1
0
2
0
0
0
0
1
0
1
1
0
0
0
0
0
0
0
-1
-2
-1
-1
-1
-1
0
0
0
-1
-2
-1
0
-1
0
0
0
0
0
0
0
2
1
0
0
-1
-1
-1
0
0
-1
0
0
-1
0
-1
-1
0
0
-1
0
1
0
-1
0
0
-2
0
0
0
2
2
0
0
0
1
0
1
0
0
0
0
0
0
0
3
1
1
1
0
0
1
0
0
-2
-1
-1
-2
0
1
-1
-1
-1
0
1
0
0
-1
-1
0
-1
-1
0
0
0
0
0
1
0
1
1
0
1
0
-2
0
2
2
0
0
0
0
2
0
0
0
-1
-1
-1
-1
0
-2
-2
0
0
0
1
0
1
1
-1
1
1
0
1
0
0
1
1
0
0
1
1
1
0
0
0
0
1
0
-1
0
0
0
0
-1
0
0
0
-1
0
1
0
1
0
0
0
0
1
0
0
-1
0
0
-1
0
0
0
0
0
0
0
0
0
0
1
0
0
0
1
0
0
0
0
0
0
0
0
1
0
0
-1
-1
-2
-2
2
0
-1
0
-1
-2
0
1
1
1
0
0
0
0
0
0
0
0
-1
0
0
0
-1
-1
-1
0
0
-1
0
0
0
0
-1
0
1
1
1
1
1
0
0
1
0
0
0
1
2
0
1
0
0
0
0
0
0
-1
-2
0
0
-1
-2
0
0
-1
0
0
0
0
-1
0
1
0
-2
0
0
-2
0
0
0
0
0
0
1
0
0
0
0
1
0
1
1
1
1
0
0
1
0
0
1
0
0
0
0
0
-1
-1
0
0
0
0
-2
-1
0
0
0
0
0
0
0
0
-1
0
-1
0
-1
-2
0
0
1
0
0
0
2
2
2
2
2
0
0
1
0
0
0
0
-1
-2
-1
0
-1
-4
0
0
-2
-1
0
1
0
0
2
2
1
0
0
0
0
1
2
-1
-2
0
0
-1
-1
-1
-1
0
-1
-1
-1
0
1
2
1
0
0
0
2
0
0
1
1
0
0
0
-1
0
0
-1
-1
0
0
0
0
-1
0
0
1
1
1
0
0
0
0
0
0
-1
0
0
-1
-1
-1
0
-1
0
0
0
1
1
1
1
0
0
1
-1
0
-1
-1
0
0
0
0
0
1
0
0
0
0
-1
1
0
0
0
0
1
1
0
0
0
-1
-1
0
0
-1
-1
0
0
1
1
0
0
0
0
0
0
0
0
0
0
0
0
-1
-1
0
0
0
0
0
0
0
2
0
0
1
0
0
0
0
-2
-1
0
0
-1
0
0
0
0
0
0
1
1
0
-1
0
1
1
0
1
0
0
0
0
-1
0
0
1
0
0
0
0
0
-1
-2
1
0
0
0
0
1
0
0
0
-1
-1
0
1
-1
1
1
0
0
0
0
1
0
0
-1
-1
0
1
1
0
1
-1
-1
0
0
1
0
0
-1
0
1
0
0
0
0
-1
0
2
1
-1
0
0
0
0
0
1
0
-1
1
0
-1
0
0
0
0
0
0
2
1
0
0
1
0
0
1
0
-1
-1
0
0
0
-1
0
0
-1
0
0
0
0
0
0
0
0
0
-1
0
0
0
-1
0
0
0
0
0
0
-1
0
0
0
0
0
0
0
0
0
0
0
0
0
0
1
0
0
1
0
0
0
0
-2
-1
0
0
0
1
0
0
0
0
-1
0
0
0
0
0
-1
3
0
-2
0
0
0
1
-1
0
1
-1
1
2
0
1
2
0
-2
0
0
-1
0
1
0
-1
0
2
0
0
0
0
1
0
-1
0
0
0
0
1
0
0
0
-2
-1
-1
0
0
0
1
-2
0
0
0
1
0
0
0
0
-1
0
1
0
0
0
1
0
0
1
0
0
1
0
-1
0
0
0
0
0
0
0
0
0
0
0
1
0
-1
-1
-2
1
0
0
0
0
0
-1
0
0
0
0
-1
1
0
1
0
0
0
0
0
-1
0
1
0
1
0
2
0
0
0
0
1
0
1
0
0
0
-1
1
0
0
-1
-1
-2
-1
-1
-1
0
0
1
0
-1
-1
0
1
0
0
0
0
0
0
0
0
0
0
0
0
0
0
0
0
0
0
0
-1
0
0
0
0
0
1
1
1
0
0
0
0
-1
0
0
0
0
0
0
0
0
0
0
0
1
0
0
0
-1
0
0
0
1
1
1
0
0
0
0
0
-1
0
1
0
-1
0
0
0
-1
0
1
0
0
-1
0
0
1
0
0
0
0
0
0
0
1
0
0
0
0
-1
-1
0
0
0
0
0
0
-1
0
0
1
0
0
0
0
1
0
0
0
0
-1
0
1
0
1
0
0
-1
0
0
0
0
0
0
-1
0
0
-1
0
0
0
0
0
1
0
0
1
0
0
0
0
0
0
0
0
0
0
0
0
0
0
0
0
1
0
-1
0
0
0
0
-1
1
1
0
-1
-1
0
0
0
-1
-1
0
0
0
0
1
0
-1
0
1
0
0
0
1
0
0
1
0
0
0
0
0
0
0
0
0
0
0
0
0
0
0
0
0
0
-1
0
-1
-1
0
0
0
1
0
-1
0
0
-1
0
0
0
1
0
0
0
0
2
1
0
0
0
1
0
0
0
0
0
0
0
1
0
-1
-1
0
0
-1
-1
0
0
-1
0
0
0
0
0
0
0
0
0
0
0
0
0
1
1
0
1
1
0
-1
-1
0
0
0
0
0
-1
0
1
0
0
0
0
0
0
0
0
0
0
1
1
0
0
0
0
0
-1
0
0
0
0
0
0
0
0
0
0
-1
0
0
0
0
-1
0
2
0
0
0
0
0
0
0
0
0
1
0
0
-1
0
0
0
1
0
-1
0
0
0
0
0
0
0
0
0
0
0
0
0
0
0
0
0
0
-1
0
1
0
0
0
0
0
0
0
0
0
-1
0
0
-1
0
1
0
0
1
1
0
1
0
0
0
-1
0
0
0
-1
0
0
0
1
0
0
0
0
0
0
0
0
0
0
0
-1
-1
0
0
0
0
1
1
0
0
0
0
0
0
0
0
0
0
0
1
0
0
0
1
0
0
0
0
0
0
-1
0
0
-1
0
0
0
0
0
0
0
0
-1
0
0
0
0
0
0
0
0
1
0
0
0
0
0
0
0
0
0
0
0
0
0
0
0
0
0
0
0
0
0
0
0
0
0
0
0
0
0
0
0
-1
-1
0
0
0
0
0
0
0
0
0
0
1
0
0
0
0
0
0
-1
0
0
0
1
0
0
0
0
0
1
1
0
0
-1
0
0
0
0
0
0
0
1
0
0
0
0
-2
0
0
0
0
1
0
0
0
0
0
0
0
0
0
0
0
1
0
0
0
0
1
0
0
0
0
0
-1
0
0
0
0
0
0
0
1
0
0
0
0
0
1
0
0
0
0
0
0
0
0
0
0
0
0
0
0
0
0
0
0
0
-1
0
0
0
0
1
0
0
0
0
0
0
0
0
0
0
1
0
0
0
0
0
0
0
0
0
0
0
0
0
0
1
0
0
-1
0
0
0
0
0
0
0
-1
0
0
0
0
0
0
0
1
0
0
0
0
0
1
0
0
0
0
0
0
0
0
0
0
0
0
0
0
0
-2
0
0
0
0
-2
0
0
0
0
0
0
1
1
0
0
0
0
0
0
0
-1
0
0
-1
0
0
0
0
1
0
0
0
0
0
0
0
0
0
0
1
0
0
0
-1
0
0
0
0
0
1
0
0
0
0
0
0
0
0
0
0
0
0
0
1
1
0
0
0
0
0
-1
0
0
-1
0
0
0
0
0
0
1
0
0
0
0
1
0
0
0
0
0
0
0
-1
0
0
0
0
1
0
0
0
0
0
-1
1
0
0
0
-1
-2
0
0
-1
0
0
0
2
1
2
2
1
0
0
0
-1
0
-1
-1
0
0
0
0
0
0
0
-1
0
0
0
1
0
1
1
0
0
0
0
0
0
0
-1
-1
-1
0
-1
0
-1
0
0
0
0
0
0
0
-1
0
0
0
0
0
0
0
0
0
1
0
0
0
0
-1
0
0
0
-1
0
0
0
0
0
0
0
0
0
0
0
0
0
0
0
0
0
0
0
0
0
-1
0
0
0
0
0
0
0
-1
-1
0
0
0
0
0
0
0
0
0
0
0
-1
0
0
-2
2
0
0
2
0
0
0
1
1
0
0
0
0
0
0
0
1
0
0
0
0
0
-2
0
0
0
0
0
0
-1
0
0
0
0
0
0
0
0
0
0
1
1
0
0
0
0
0
0
0
0
-1
0
0
0
0
-2
-2
0
0
0
1
0
0
1
0
2
0
0
0
1
0
0
-1
0
-1
0
0
-1
0
0
1
0
0
0
0
0
1
0
0
0
0
0
0
0
1
0
-1
0
0
0
0
0
-1
0
-1
-1
0
0
0
0
0
1
1
0
0
0
1
1
0
0
1
0
1
0
0
1
0
0
0
0
0
0
0
-1
0
0
-1
-2
0
0
0
-1
0
0
1
1
-1
-1
0
0
0
-1
0
0
-1
-1
0
0
0
1
0
0
0
2
1
0
0
0
0
1
0
1
0
0
0
0
0
0
0
1
0
0
0
0
0
0
0
0
0
0
-1
0
0
0
0
0
0
0
0
0
-1
-1
0
0
0
0
0
0
0
0
0
-1
0
0
0
0
1
0
-1
0
0
0
0
1
0
0
1
1
0
0
0
0
0
0
0
0
-1
0
0
0
0
0
0
0
1
0
0
0
0
0
0
0
0
1
0
0
0
0
-1
0
0
0
0
1
0
0
0
-1
0
0
0
0
0
0
0
-1
-2
0
0
0
0
0
0
0
0
0
0
0
0
0
0
0
0
0
0
0
0
0
0
0
0
0
0
1
0
-1
-1
0
0
0
0
-1
0
0
0
0
0
0
0
0
0
0
0
1
1
0
0
0
0
0
-1
0
0
0
0
0
0
0
0
0
0
0
0
0
0
0
0
0
-2
0
0
1
1
0
0
0
0
0
0
0
1
0
1
0
-1
-1
0
0
-1
0
0
-1
0
0
-1
-1
-1
0
1
0
0
0
-1
0
1
0
0
1
0
0
0
-1
-1
0
0
0
-1
0
0
1
2
0
1
2
0
1
0
0
0
-1
0
0
0
0
0
0
-1
0
0
0
1
-1
0
0
0
0
-1
1
0
0
0
0
1
0
0
0
0
0
0
0
0
2
-1
0
1
0
-1
-1
0
0
0
0
1
0
0
0
1
1
0
0
1
-1
-1
0
0
0
0
0
-1
0
0
-1
0
0
0
-2
0
0
0
-1
0
0
-1
0
0
0
1
0
0
0
0
1
0
0
0
1
0
1
0
0
0
-1
0
0
0
-1
-1
-1
0
0
0
0
0
0
0
0
0
0
0
-1
0
1
-1
-1
0
0
0
0
0
0
0
0
0
0
0
1
0
0
0
0
0
0
0
0
0
0
0
0
0
-1
0
0
1
-1
0
0
0
1
-2
0
0
0
0
0
0
0
0
0
0
0
0
0
0
0
0
0
0
0
1
0
0
0
0
0
0
1
0
0
0
0
0
0
0
0
0
1
0
0
0
0
0
0
0
0
0
-1
0
-1
0
0
0
-1
0
0
0
2
1
1
0
0
0
0
0
0
-1
0
0
0
0
0
0
0
0
0
0
1
0
0
0
0
0
1
0
-1
0
0
0
0
-1
-1
0
0
0
0
0
0
0
0
0
0
1
1
0
0
0
1
1
-1
0
0
0
0
1
0
-1
0
0
0
0
-2
0
0
0
0
0
0
-1
0
2
0
0
0
0
1
0
0
0
0
0
2
0
-1
-2
0
0
-2
-1
-1
0
1
1
1
0
1
1
0
0
0
0
0
0
1
0
-1
-1
-1
-1
-1
-1
0
0
0
0
0
0
0
0
0
0
0
0
0
0
1
0
0
0
0
0
0
1
0
0
0
-1
0
0
0
1
0
0
0
0
-1
0
0
0
0
0
0
0
0
0
0
0
0
0
0
0
0
1
0
0
0
-1
0
0
0
0
0
0
0
0
0
1
0
0
0
0
0
0
0
0
0
-2
0
0
0
-1
-1
0
0
1
1
0
0
-1
0
1
0
0
0
0
0
0
0
0
0
0
0
-1
-1
-1
-1
0
0
2
0
0
0
0
0
0
1
0
0
0
0
0
0
0
0
-1
0
0
0
0
1
0
0
0
0
1
0
0
0
0
0
0
0
0
0
0
0
0
1
-1
0
0
-1
0
0
0
0
0
1
0
0
0
0
0
0
0
0
0
0
0
0
0
0
-2
0
0
0
0
0
0
0
0
0
0
0
1
0
0
0
-1
0
0
0
0
0
0
-1
0
0
0
0
0
0
0
0
0
0
0
0
2
0
0
0
0
1
0
1
0
-1
2
-1
-1
1
0
0
0
0
-1
-1
1
0
0
0
0
0
0
0
1
0
-1
0
0
-1
0
0
1
0
0
0
0
0
0
0
1
0
0
-1
0
0
0
0
0
0
0
0
0
0
1
0
-1
0
0
0
0
-1
0
1
1
0
0
0
1
0
0
0
1
0
-1
0
0
0
1
0
0
0
-1
-2
0
0
-1
1
0
0
0
0
0
-1
0
0
0
1
0
0
0
0
0
0
0
0
0
0
-1
0
0
0
0
0
1
-1
0
1
0
0
0
1
0
0
0
1
0
0
0
0
0
-1
0
0
0
-1
-2
0
0
0
0
0
0
0
0
0
0
1
-1
0
0
0
1
0
0
1
0
0
1
0
0
-1
0
0
0
0
0
0
0
0
0
1
0
0
0
0
0
0
0
-1
0
0
0
-1
0
0
0
0
0
0
0
-1
0
-2
0
0
0
1
0
0
0
0
0
1
0
1
0
0
0
-1
-1
0
0
-1
0
0
0
0
0
0
0
-1
0
0
0
0
0
0
0
0
0
-1
0
1
0
0
1
1
0
0
0
0
0
0
0
0
0
0
0
0
-1
0
0
-1
0
0
-1
0
-1
0
0
0
0
0
0
0
0
0
0
0
-1
0
0
0
0
0
0
0
1
1
1
0
1
0
0
0
0
0
-1
0
0
0
0
0
0
0
0
0
0
0
0
0
0
0
-1
-1
-1
1
0
0
1
0
0
0
0
0
0
0
0
1
1
0
0
0
0
-1
-1
0
0
0
0
0
0
-1
0
0
0
0
0
0
0
0
-1
0
0
0
0
0
-1
-1
0
0
0
0
1
1
0
0
0
0
0
1
1
0
0
0
0
0
0
-1
0
0
0
0
0
0
0
0
0
0
0
0
-1
0
0
0
0
0
0
0
0
0
0
0
0
0
0
0
0
0
0
0
0
0
0
0
0
1
0
0
0
0
0
0
0
0
0
0
0
0
0
0
0
0
0
0
0
0
0
-1
0
1
0
-1
-1
-2
0
0
0
0
0
0
1
0
0
0
0
0
0
-1
0
1
1
0
-1
0
0
0
0
0
0
0
-1
0
0
-1
0
0
0
-1
0
0
0
0
-1
1
0
-1
0
0
-1
0
0
0
0
0
0
0
-1
0
-1
0
0
0
0
0
0
0
0
1
0
1
0
1
2
1
0
0
0
0
0
0
0
0
0
-1
-1
-1
-1
-1
0
0
0
0
0
1
0
1
2
1
0
0
0
0
0
0
0
1
0
0
0
0
1
0
0
1
0
0
1
0
0
0
0
1
0
0
-1
0
0
0
0
0
1
0
-1
0
-1
-1
0
0
0
-1
-1
0
0
0
0
0
1
0
0
0
2
0
0
0
0
0
0
0
0
-1
0
0
-1
0
0
0
0
0
0
0
0
0
0
0
0
0
-1
0
0
0
0
1
0
0
0
0
0
0
1
0
0
0
0
0
0
0
0
0
-1
0
0
-1
0
0
0
0
0
0
0
-2
0
0
0
0
0
0
0
0
0
0
1
0
0
0
0
0
0
0
0
0
0
0
-2
0
0
-1
0
0
0
-1
0
0
0
0
0
0
0
0
0
0
0
0
0
0
0
0
0
-1
0
0
0
0
0
0
0
0
0
0
0
0
1
0
0
0
2
1
0
0
0
0
0
0
0
0
0
0
0
0
0
0
0
1
0
0
0
0
0
0
0
0
0
0
-1
0
0
0
0
0
0
-1
-1
0
0
0
0
0
0
0
0
0
1
0
0
0
1
1
0
0
0
0
0
0
-1
-1
0
0
0
0
-1
0
0
-1
0
0
0
0
0
0
0
0
0
0
0
0
0
0
-1
0
0
0
0
0
0
0
0
0
0
0
1
0
0
1
0
0
0
0
0
0
1
0
0
0
0
0
-1
0
0
-1
0
0
-1
0
0
0
0
0
0
0
0
1
0
0
0
1
1
1
-1
0
0
0
0
0
0
0
-1
0
0
0
0
0
0
0
0
0
0
0
0
0
0
0
0
0
1
0
0
0
0
0
0
0
0
0
0
0
0
0
0
0
0
0
0
-1
0
0
1
0
0
0
0
0
0
0
1
2
0
-1
0
0
0
0
-1
0
0
0
-1
0
0
0
0
0
0
0
0
1
0
0
0
0
0
0
0
0
-1
0
0
0
0
0
0
0
0
0
0
0
0
0
0
0
0
0
0
0
0
0
0
0
0
0
0
0
1
0
0
0
0
0
0
-1
0
0
0
0
0
0
-1
0
0
-1
0
0
0
0
0
0
0
0
0
0
0
0
1
1
0
0
0
0
0
0
0
-1
0
0
0
0
0
0
0
0
-1
0
0
0
0
0
0
0
1
0
-1
0
0
0
0
0
-1
0
1
-1
0
-1
0
0
1
0
0
0
0
0
0
-1
0
1
1
-1
0
0
0
0
0
0
0
0
0
1
-1
0
0
0
0
1
0
0
0
0
0
0
-1
-1
0
0
0
-1
0
0
0
0
0
0
-1
0
2
0
1
0
1
0
0
0
0
0
0
0
0
0
0
0
0
0
-1
0
1
0
0
0
0
0
0
0
-1
0
1
0
0
0
0
0
0
0
0
2
0
0
0
0
0
0
0
0
0
0
0
0
0
0
0
0
0
0
0
0
-1
0
0
0
0
0
0
-1
0
0
0
0
0
0
0
0
0
0
0
0
0
1
-1
0
0
0
1
0
0
-1
0
0
0
0
0
0
0
1
0
0
1
0
-2
1
2
0
0
1
0
0
0
0
0
0
0
-1
0
0
0
-1
0
0
0
2
0
-1
0
1
0
1
0
-1
0
0
0
-1
2
-3
4
-4
6
-3
-2
10
-15
13
-7
2
2
-5
6
-5
7
-5
2
0
0
2
-5
5
-4
-1
4
-8
7
-5
-1
11
-15
16
-16
10
-5
0
6
-8
12
-11
10
-5
3
0
-4
4
-3
2
-4
5
-6
4
-3
0
3
-6
6
-7
5
-2
0
2
-1
3
-5
5
-1
1
0
0
-2
2
0
0
1
-5
5
-5
3
0
-2
4
-5
4
-2
1
1
-2
3
-6
3
-1
0
5
-4
4
-4
4
0
0
1
0
0
-1
0
0
0
0
-1
-1
0
-1
2
-1
0
2
-2
2
0
0
0
-1
1
-1
1
1
0
2
-3
3
-2
0
1
-6
4
-3
1
0
-2
4
-4
1
0
0
2
-3
3
-1
0
0
-1
0
-1
0
-2
1
1
0
1
0
0
0
0
1
0
0
0
0
0
0
0
1
0
-1
0
0
0
0
0
0
0
0
0
1
0
0
0
0
1
0
0
0
0
-1
0
0
-1
0
-1
0
0
-1
0
0
1
0
0
0
0
1
0
0
0
0
1
0
0
0
0
0
0
0
0
0
0
0
0
0
0
0
-1
0
-1
0
0
-1
0
0
0
0
0
0
0
0
1
1
0
0
0
0
1
0
0
0
0
0
0
0
0
0
1
-2
0
0
-1
0
-1
0
0
0
0
0
0
0
0
0
0
0
1
0
0
0
0
-1
0
1
0
0
0
0
1
0
0
1
0
1
0
0
-1
0
1
0
0
0
0
0
0
0
-1
0
0
0
0
0
0
0
0
-1
0
0
0
-1
0
0
0
0
0
0
0
0
1
1
0
0
0
0
1
0
-1
0
0
0
0
0
0
0
0
0
0
0
0
1
0
0
0
-1
-1
0
0
0
0
0
0
-2
0
0
0
1
0
-1
0
1
0
-1
0
0
1
0
0
1
0
0
0
0
0
0
0
0
-1
0
0
0
0
0
0
-1
0
1
0
0
0
0
0
1
0
0
0
0
1
1
0
0
0
-1
0
1
0
0
0
0
0
0
0
0
-1
-1
-1
0
0
0
0
-1
-1
-1
-1
0
0
0
0
1
1
0
1
0
1
1
0
0
1
0
0
0
0
0
0
-2
-1
0
0
-1
0
0
0
0
0
0
0
0
0
0
0
-1
0
0
0
0
0
0
2
0
0
0
2
2
0
0
-1
0
0
0
0
0
0
-1
0
-1
0
0
0
0
0
-1
0
0
0
0
0
0
0
0
0
0
0
0
0
0
0
0
0
0
0
0
1
0
-1
0
0
0
0
0
0
0
0
0
0
0
0
0
0
0
0
0
0
-1
0
0
0
0
0
1
0
0
0
0
0
0
0
0
0
0
0
0
0
0
0
0
0
1
1
-1
0
0
0
0
0
-1
0
0
0
0
0
0
0
0
0
0
0
0
1
0
0
0
0
0
0
0
1
0
0
-1
0
0
0
0
0
0
0
1
0
-1
0
0
2
2
0
-2
-1
0
0
0
-1
0
0
0
0
0
0
-3
0
4
2
-2
-3
1
4
0
-4
-5
2
5
0
-4
-3
0
6
5
-5
-11
0
16
8
-18
-22
15
37
0
-30
-8
27
22
-24
-33
7
30
0
-29
-12
22
17
-12
-16
4
13
3
-6
-9
-3
7
3
-8
-7
7
8
-9
-4
10
11
-1
-9
0
14
8
-12
-11
5
7
-4
-8
-1
0
-1
-1
-2
2
4
-1
-7
2
14
6
-5
-4
7
11
-2
-13
-6
7
5
-13
-13
4
9
-5
-7
6
12
8
-1
-2
4
7
1
-7
-16
-20
-5
14
-2
-45
-14
71
60
-24
-30
41
56
-16
-71
-41
17
14
-38
-46
21
57
4
-25
17
36
-5
-14
11
14
-6
-3
-2
-10
-10
-6
-14
-20
-6
12
23
15
8
9
23
20
-13
-23
-2
-1
-20
-23
-12
-2
-8
-16
0
21
17
5
14
33
30
-1
-20
-13
-5
-10
-27
-29
0
22
9
0
16
24
2
-8
4
8
-7
-16
-6
2
-4
-17
-13
3
2
-10
-4
14
15
3
5
15
11
0
-3
0
0
-8
-12
-5
-2
-6
-7
2
8
4
3
7
9
3
-2
-2
-2
-4
-6
-8
-5
-2
-1
1
1
0
1
7
8
6
1
0
0
-1
-4
-4
-2
-3
-5
0
5
2
-4
-1
8
5
-5
-5
7
10
-3
-9
3
10
-1
-11
0
6
-2
-9
-1
6
1
-6
-2
5
4
-2
-3
4
5
-1
-4
-1
2
0
-4
-3
2
1
-1
0
5
4
0
-1
3
3
0
-3
-2
0
-2
-4
-2
1
1
-2
-2
3
4
0
-1
1
2
1
0
0
0
-2
-1
0
-2
-3
0
1
-2
-2
2
3
0
-2
3
6
1
-3
0
3
0
-2
-2
2
1
-4
-1
0
1
0
-1
0
2
0
-2
0
1
-1
-1
0
1
0
-2
-2
1
1
0
1
1
0
0
0
0
1
0
0
0
-1
0
1
0
0
0
0
0
0
0
0
0
0
0
0
1
0
0
0
0
1
0
0
0
0
1
0
-1
0
-1
-1
-1
0
0
0
0
0
0
0
0
0
0
1
0
0
0
-1
0
1
0
0
-1
-1
0
-1
0
0
1
0
1
0
-1
1
0
1
0
0
2
1
0
0
0
0
-1
0
0
-1
0
-1
-1
0
0
0
0
0
-1
0
0
0
0
0
1
1
-1
0
0
0
0
0
0
0
0
0
0
0
0
0
0
0
0
0
1
-1
0
0
1
0
0
0
0
0
0
-1
0
0
0
0
0
0
0
0
0
1
1
0
0
-1
1
0
0
0
0
0
1
0
0
0
-1
0
0
0
0
-1
0
0
0
0
0
0
0
0
0
0
1
0
0
0
-1
0
0
0
0
0
0
0
0
0
-1
0
0
0
1
0
0
0
0
1
2
1
0
0
1
0
1
0
-1
-1
-3
-1
-3
-3
-3
-4
-4
-1
-1
0
0
0
0
0
2
2
3
3
4
5
4
4
4
4
3
3
2
0
-1
-3
-3
-5
-4
-4
-5
-5
-4
-5
-5
-5
-3
-3
-1
0
0
1
3
3
3
4
2
3
3
1
3
3
2
2
0
0
0
0
-1
0
-1
0
0
0
0
0
2
1
0
1
0
2
1
0
0
1
0
-1
-2
-2
-2
-3
-3
-3
-1
-2
-1
0
-1
0
0
1
0
0
0
0
0
1
2
1
0
0
0
-1
-1
-1
-1
0
0
0
2
1
0
0
0
0
0
0
-1
3
4
2
3
0
-3
-5
-4
-2
0
1
1
2
3
1
0
-1
-2
-4
-1
0
0
0
0
2
2
2
0
0
0
0
0
0
0
0
0
-1
-3
-2
-2
-3
0
1
0
2
1
1
1
0
0
0
-1
0
0
1
2
0
0
0
-1
-1
-1
0
0
0
0
0
0
0
0
0
0
0
0
-1
0
0
0
0
0
1
0
0
2
0
0
1
0
0
0
0
0
0
0
0
-1
0
0
0
-1
0
0
0
0
0
0
-1
0
0
0
1
0
1
0
1
1
0
0
0
0
0
0
0
0
0
0
0
-1
1
0
1
0
0
0
0
0
0
0
-1
1
0
0
-2
-1
0
0
-2
-2
0
0
0
0
0
2
0
-2
0
0
0
0
1
0
2
1
0
1
0
-1
0
-1
-1
0
0
0
0
0
1
0
-2
0
0
0
0
0
0
0
0
0
0
0
0
0
-1
1
0
1
0
0
0
-1
0
0
0
0
-1
-1
0
1
0
0
1
0
0
1
2
0
0
0
0
0
0
-1
-1
0
-2
0
0
0
-1
0
0
0
0
0
0
0
1
0
0
0
-1
-1
0
0
0
0
0
0
1
0
-1
0
0
0
0
0
0
0
0
0
0
0
0
1
0
0
0
0
0
0
1
0
0
0
0
0
-1
0
0
0
0
0
0
0
0
0
1
1
0
0
0
0
1
0
0
0
0
0
0
1
0
0
-1
0
0
0
0
0
0
-1
0
0
0
0
0
0
0
0
0
1
1
0
0
-1
0
0
0
0
0
0
0
0
0
0
0
0
0
0
0
0
0
0
0
0
0
0
0
0
0
0
0
0
0
0
0
0
0
0
0
-1
0
0
0
0
0
0
0
-1
0
1
-1
0
0
0
0
-1
0
0
0
0
0
0
0
0
0
0
-1
0
0
0
1
0
0
0
0
0
0
1
0
0
1
0
-1
0
0
-1
0
0
1
0
-1
-1
0
1
0
1
0
-1
0
0
0
0
1
0
0
0
0
0
0
-1
-1
1
0
1
-1
0
0
0
0
0
0
0
0
0
0
0
0
1
0
-1
0
0
0
0
1
0
-1
0
0
0
-1
-2
0
0
-1
-2
-1
0
1
0
0
1
1
-1
0
1
1
3
0
-1
1
0
0
0
0
0
0
0
0
0
-2
0
3
0
-1
0
0
0
0
-1
0
1
0
0
-1
0
0
0
0
-1
0
0
-1
0
0
0
0
0
0
0
0
1
0
1
1
0
2
1
1
0
0
1
0
0
0
0
0
0
0
-1
0
-1
0
0
-2
-1
0
0
0
0
0
-1
-1
0
1
1
0
0
0
0
0
1
0
1
0
0
0
-1
0
0
0
1
0
0
0
-1
-1
0
-1
0
0
0
0
0
0
0
1
0
0
0
0
0
1
0
0
0
0
1
0
0
0
0
0
0
0
0
0
0
0
0
0
1
0
0
0
0
0
-1
0
1
-1
1
1
0
0
0
0
-1
0
0
0
0
-1
0
0
0
0
0
0
0
0
0
-1
0
0
0
0
0
0
0
0
0
0
0
0
0
1
-1
0
0
0
0
0
1
1
0
0
0
1
1
0
0
0
0
0
0
1
0
-1
0
0
0
0
1
0
0
1
-1
-1
0
0
0
0
0
0
0
0
0
-1
-1
-2
0
-1
1
0
0
1
0
0
0
0
0
0
0
0
0
0
0
0
0
0
1
0
0
0
0
1
0
0
0
0
1
0
0
0
0
0
1
0
0
0
0
0
0
0
0
0
0
0
0
0
0
0
1
-1
0
0
-1
0
0
0
-1
0
0
0
0
0
0
0
0
0
-1
0
0
0
0
0
0
0
0
0
0
1
0
0
0
-1
-1
0
0
1
0
0
0
0
0
0
1
0
0
0
0
0
-2
-1
0
0
0
0
0
0
0
0
0
0
1
1
0
1
1
0
-1
0
0
0
1
0
-1
-1
-1
0
0
-2
-2
0
0
0
1
0
0
1
0
0
2
0
0
0
0
0
0
0
1
1
1
0
0
0
0
0
0
-1
0
0
-1
0
-1
0
0
0
0
0
1
0
0
1
0
0
0
0
0
0
-1
0
0
0
0
0
0
0
-2
0
0
0
0
0
0
1
0
0
0
0
0
0
0
1
1
0
0
0
1
0
0
0
0
0
-1
0
0
0
0
-1
0
1
0
0
0
0
1
1
0
-1
0
0
0
0
1
0
0
0
-2
-1
0
-1
-1
0
1
1
0
0
0
0
0
-1
0
2
0
0
0
0
0
0
0
0
-1
-1
1
1
-1
0
2
0
0
0
0
0
-3
0
1
0
0
0
0
-1
0
0
-1
1
0
-1
0
0
1
0
0
0
1
0
0
0
0
0
1
0
0
0
0
0
0
1
1
0
0
0
-1
0
0
0
-1
0
0
1
0
0
1
0
0
0
-1
0
0
0
0
0
0
0
0
0
-1
0
0
-2
0
0
0
0
0
-1
0
0
0
-1
0
0
0
0
0
0
0
0
1
0
-1
0
1
0
0
0
0
0
0
0
0
0
-1
0
0
0
0
0
-1
0
0
0
0
0
-1
1
0
0
0
0
1
0
0
1
0
-1
0
0
0
1
0
0
0
0
0
0
-1
0
0
0
1
0
-1
-1
-2
0
0
0
0
0
0
0
0
0
0
0
0
-1
0
1
0
1
1
1
0
0
1
0
1
2
0
0
0
-2
0
-1
-2
-1
-1
-2
-2
-2
0
0
0
0
0
0
0
0
0
0
2
0
0
0
0
2
2
0
1
1
0
0
0
-1
-1
-1
0
0
0
1
0
-1
0
-1
-1
-2
-1
1
0
0
1
-1
0
0
0
0
-1
0
0
0
1
0
0
1
0
0
0
0
0
0
0
0
0
0
0
-1
0
0
0
0
0
0
1
0
0
0
0
0
0
0
0
0
-1
-1
0
-1
0
0
0
0
0
0
-1
0
0
-1
0
1
1
0
0
0
0
-1
0
1
1
1
0
0
1
0
0
0
0
0
0
0
0
0
0
0
-1
0
0
-1
0
0
-1
0
0
0
0
0
0
0
-1
-2
0
0
0
0
-1
-1
0
0
-1
0
1
0
0
1
0
0
2
0
0
0
1
0
0
0
0
0
0
0
0
0
0
-1
0
0
1
0
0
1
0
0
0
-1
0
0
0
-1
0
0
0
0
0
1
0
0
-1
0
0
0
0
0
-1
0
0
0
1
0
1
1
1
0
-1
-1
-1
0
-1
0
0
-1
0
0
0
0
0
1
1
0
0
0
0
0
0
0
0
0
0
0
0
0
0
0
0
2
0
0
0
0
0
0
0
0
0
-1
0
0
-1
0
-1
-1
0
0
0
1
0
0
2
0
0
0
0
0
-1
0
0
0
1
0
0
0
0
0
-1
0
0
0
-1
0
-1
0
0
0
1
0
1
1
-1
1
1
-1
0
0
-1
1
0
-1
0
0
0
0
0
0
0
1
0
0
0
2
1
0
0
0
0
1
0
-1
-1
-1
0
-1
-1
0
0
1
0
0
0
0
1
1
0
0
0
0
0
-1
0
0
0
1
0
0
0
1
0
0
1
0
0
0
0
0
0
0
-1
0
0
0
0
0
0
0
0
0
0
0
0
0
0
0
-1
0
0
0
0
0
0
0
0
0
1
1
0
0
0
0
0
0
0
0
0
0
0
0
-1
0
1
1
0
0
0
-1
0
0
0
0
1
0
0
-1
-1
-1
0
1
0
-1
0
0
0
0
0
1
0
0
-1
0
1
-2
0
1
-1
0
0
0
0
0
1
0
0
0
0
0
0
0
0
0
-1
-2
0
0
1
0
0
0
0
0
-1
0
1
1
0
0
0
0
1
0
0
0
-1
0
0
0
0
0
0
-2
0
1
0
0
0
1
0
1
1
0
0
0
0
0
0
0
0
1
0
-1
-1
0
0
0
1
0
0
0
-3
0
-1
0
1
1
1
0
0
-1
0
1
1
0
0
1
1
0
-1
0
0
0
0
0
-1
0
0
0
-1
0
0
1
0
-1
0
0
1
1
0
0
0
0
0
0
1
0
0
-3
-3
-1
0
0
0
0
0
0
0
0
0
0
3
0
-1
0
0
1
0
1
0
0
0
0
0
0
1
1
0
-1
0
0
0
1
0
1
0
0
-1
0
0
0
-1
0
0
0
0
0
0
0
1
1
0
0
0
0
-1
-1
0
0
0
0
0
0
0
-2
-1
1
0
0
0
1
0
0
0
0
0
1
2
1
1
0
-1
0
0
0
1
0
0
-2
0
-1
0
0
0
0
0
-2
0
-1
0
2
2
0
-1
0
0
0
0
0
0
0
0
0
0
0
0
0
0
0
-1
0
0
-1
-1
1
1
0
0
0
-2
-1
1
1
0
1
-1
-2
0
2
0
0
0
1
0
-1
1
0
0
2
0
-1
0
1
0
-2
0
0
0
0
0
0
0
0
1
1
1
0
0
-1
0
0
-1
-1
0
-1
0
1
2
2
0
0
1
0
0
0
1
-2
0
0
0
0
0
-1
-2
0
0
0
-1
0
1
0
1
1
0
0
0
1
0
-1
0
0
-1
0
0
-1
-2
0
1
-2
0
1
0
1
1
2
0
2
0
0
0
0
0
-1
-1
0
1
0
0
1
0
0
0
0
0
0
0
0
0
0
0
0
0
0
0
0
0
-1
1
0
0
0
-2
0
0
0
0
0
1
-1
0
1
1
0
0
0
0
1
0
0
0
0
0
-1
0
0
0
-2
0
0
0
0
-2
0
0
0
0
0
0
1
1
1
1
0
0
0
1
0
1
0
0
0
0
0
-1
0
-1
0
0
0
1
0
0
1
0
-1
0
0
0
0
0
1
1
0
0
0
0
0
0
0
0
0
0
0
0
0
-2
0
1
0
0
0
0
-1
0
1
0
0
0
0
0
0
0
0
0
-1
0
0
0
0
0
0
0
0
0
0
0
3
0
0
0
1
1
-1
-1
0
0
0
0
-1
0
0
2
0
0
-2
0
0
-1
-1
0
-1
-1
0
0
0
1
0
0
0
0
1
0
0
0
1
0
-1
0
0
1
0
0
0
0
2
0
0
0
1
0
0
-1
0
1
0
1
1
-1
-1
0
0
0
0
0
-1
0
0
0
0
0
0
0
1
0
0
-2
0
0
-1
0
0
0
0
-1
0
0
1
0
1
2
0
1
2
0
0
0
0
0
0
0
0
0
-1
0
1
0
0
-1
0
0
-1
0
0
0
1
2
1
0
0
0
0
-1
0
1
0
0
-1
-1
0
-1
0
0
0
0
1
-1
0
2
1
1
0
0
0
-1
0
0
0
0
-1
0
0
1
0
0
0
-1
0
-1
0
2
2
0
0
0
1
1
0
-1
-1
-3
-2
0
0
0
0
0
3
1
0
0
0
-1
-1
0
0
0
0
-1
0
0
0
0
1
0
0
-1
0
0
0
2
1
0
1
-1
0
0
0
0
0
0
0
0
0
1
0
0
0
0
0
0
2
0
0
-1
0
0
0
-1
-1
1
0
0
1
0
0
1
0
0
0
0
1
0
-1
-1
1
0
1
0
0
1
-1
0
0
0
0
-1
0
0
-1
0
0
-1
0
-1
-1
0
0
0
1
0
0
1
1
0
0
1
0
-2
0
0
0
0
0
0
1
0
0
0
1
0
0
0
0
0
-1
0
0
0
0
-1
-1
0
1
0
0
2
1
0
0
-1
-1
0
-1
0
0
1
1
0
0
0
-1
-1
0
-2
-1
0
0
0
2
2
0
-1
1
0
-1
1
0
1
1
0
0
0
0
0
-1
-1
0
1
0
0
0
0
0
0
-1
0
0
1
1
1
0
0
0
0
0
1
0
0
2
0
0
0
0
0
0
0
-1
-1
0
-1
-2
-1
0
-1
0
0
0
1
2
1
-1
0
0
0
2
0
0
-2
0
2
2
2
-1
0
0
0
0
0
0
-1
0
1
1
1
