0
0
0
0
0
0
0
0
0
0
0
0
0
0
0
0
0
0
0
0
0
0
0
0
0
0
0
0
0
0
0
0
0
0
0
0
0
0
0
0
0
0
0
0
0
0
0
0
0
0
0
0
0
0
0
0
0
0
0
0
0
0
0
0
0
0
0
0
0
0
0
0
0
0
0
0
0
0
0
0
0
0
0
0
0
0
0
0
0
0
0
0
0
0
0
0
0
0
0
0
0
0
0
0
0
0
0
0
0
0
0
0
0
0
0
0
0
0
0
0
0
0
0
0
0
0
0
0
0
0
0
0
0
0
0
0
0
0
0
0
0
0
0
0
0
0
0
0
0
0
0
0
0
0
0
0
0
0
0
0
0
0
0
0
0
0
0
0
0
0
0
0
0
0
0
0
0
0
0
0
0
0
0
0
0
0
0
0
0
0
0
0
0
0
0
0
0
0
0
0
0
0
0
0
0
0
0
0
0
0
0
0
0
0
0
0
0
0
0
0
0
0
0
0
0
0
0
0
0
0
0
0
0
0
0
0
0
0
0
0
0
0
0
0
0
0
0
0
0
0
0
0
0
0
0
0
0
0
0
0
0
0
0
0
0
0
0
0
0
0
0
0
0
0
0
0
0
0
0
0
0
0
0
0
0
0
0
0
0
0
0
0
0
0
0
0
0
0
0
0
0
0
0
0
0
0
0
0
0
0
0
0
0
0
0
0
0
0
0
0
0
0
0
0
0
0
0
0
0
0
0
0
0
0
0
0
0
0
0
0
0
0
0
0
0
0
0
0
0
0
0
0
0
0
0
0
0
0
0
0
0
0
0
0
0
0
0
0
0
0
0
0
0
0
0
0
0
0
0
0
0
0
0
0
0
0
0
0
0
0
0
0
0
0
0
0
0
0
0
0
0
0
0
0
0
0
0
0
0
0
0
0
0
0
0
0
0
0
0
-1
0
0
0
0
0
0
0
0
0
1
0
-1
-1
0
1
-2
-2
1
2
4
1
0
0
0
0
0
0
0
-2
0
1
0
-3
-3
2
5
2
-2
-3
1
2
-2
-2
-1
1
3
0
-1
0
0
-1
-2
-1
1
0
0
1
1
0
0
1
2
0
-3
-1
0
-1
0
-1
0
1
3
6
6
0
-3
-7
-6
0
0
2
5
3
0
1
0
-6
-10
-8
-4
0
1
-2
0
17
23
11
0
-17
-20
-7
0
-3
0
5
12
14
2
-9
-11
-4
0
-2
0
7
11
3
-7
-8
-4
-12
-17
-2
26
61
56
-20
-60
-46
-40
3
-7
-76
-20
81
127
145
64
-42
-84
-115
-118
-56
22
67
79
42
-18
-27
-6
13
32
25
8
2
-35
-63
-27
-13
-19
11
-3
-12
28
17
4
17
16
0
-7
16
25
27
10
-27
-17
-15
-16
21
1
-22
-7
0
8
12
1
-2
31
42
-5
-40
-60
-49
-6
2
7
9
13
21
3
-1
0
7
23
15
8
4
-4
-10
-13
-7
-2
-10
-18
-16
-6
11
27
31
22
6
-2
-15
-20
-2
4
10
12
-5
-12
-16
-15
-6
0
2
-6
-2
6
5
14
9
-2
-10
-13
4
14
9
7
5
1
3
-3
-13
-9
-7
-2
4
1
4
11
3
-1
-2
-8
0
7
0
0
3
-10
-9
-2
0
7
8
5
6
5
0
-3
-6
-11
-12
-9
-7
-1
5
6
5
7
7
5
2
0
-2
1
2
-4
-5
0
5
6
5
-1
-6
-6
-6
-1
1
3
4
3
0
-1
-3
-5
-4
0
8
8
3
-2
-10
-10
-6
1
9
9
4
0
-3
-6
-5
3
5
1
3
0
-7
-4
-4
-3
2
7
5
1
-3
-1
1
2
2
1
-4
-8
-8
-5
2
10
13
9
0
-5
-6
-7
-6
0
6
7
5
0
-4
-7
-2
1
0
4
3
0
-2
-4
-3
-1
0
2
1
0
0
0
-1
0
0
-1
0
4
0
0
0
0
0
-2
-2
-2
1
3
4
1
3
1
-1
-4
-3
-1
0
0
1
1
0
1
0
-2
-1
-2
-1
0
2
2
0
-2
-3
-2
0
1
2
1
0
0
0
0
0
-1
0
1
0
0
2
0
0
0
-3
-2
1
0
0
2
2
2
0
0
-1
-1
1
0
1
3
1
0
-2
-3
-3
-3
0
0
1
3
2
0
0
-3
0
0
2
2
1
2
0
-2
-1
-1
0
0
0
1
1
0
0
-1
-1
0
1
0
0
1
-1
-1
0
0
0
1
0
0
0
0
0
0
-1
0
0
0
0
0
0
0
0
-1
0
1
0
0
0
0
0
0
1
0
-1
0
-1
-1
0
2
1
1
0
0
-1
0
0
0
0
0
0
1
1
0
0
-1
-1
0
1
2
0
-1
0
0
-1
0
-1
-2
0
-1
0
1
1
0
1
0
0
2
0
0
0
0
-2
0
1
-1
1
0
0
1
2
0
0
0
0
0
0
0
1
-1
-1
-1
0
0
0
0
-1
0
0
0
1
0
0
-1
-1
0
1
0
0
1
0
-2
0
1
0
0
2
-1
-1
1
0
0
2
0
-2
0
0
-1
0
0
0
1
1
0
0
0
0
2
1
0
-2
-1
0
-1
1
2
-1
-1
0
-1
0
0
0
-2
-2
0
0
1
1
2
0
0
0
0
0
0
-1
0
0
-2
-3
-2
0
0
1
3
1
-1
-2
-2
1
3
6
5
0
-4
-8
-5
2
9
8
3
-3
-8
-11
-5
2
6
6
3
-3
-6
-6
-2
3
4
6
3
-1
-4
-6
-2
0
4
4
3
0
-1
-2
-1
0
0
3
2
0
0
-1
-1
-3
-1
0
1
1
0
-3
-2
0
2
4
3
0
-1
-4
-5
-3
0
4
6
1
-1
-1
0
0
-2
-3
-3
1
3
3
1
0
0
0
-1
0
0
2
1
-3
-1
-3
0
2
3
3
0
-2
-4
-3
0
2
3
3
1
-3
-7
-4
0
5
7
5
0
-6
-6
-4
0
4
5
7
2
-4
-5
-6
-4
0
3
3
3
2
1
-2
-3
-1
-1
-1
0
2
5
5
3
0
-5
-5
-3
0
3
6
4
0
-3
-6
-4
1
2
3
1
0
-2
-4
-2
-1
-1
0
1
1
3
1
0
-2
-4
-3
0
5
6
5
3
-1
-4
-3
-1
0
0
1
1
0
0
0
0
0
0
0
0
0
1
0
0
1
-2
-3
-2
-1
0
0
1
1
0
1
0
0
0
-2
-4
-2
-1
0
0
1
0
0
1
1
2
2
0
0
0
1
0
-1
-2
-3
-2
0
0
2
2
1
1
-1
-3
-4
-2
-1
1
6
4
2
0
-2
-3
-1
0
4
3
0
0
-3
-3
-1
0
0
0
3
4
2
-2
-4
-7
-7
0
4
9
7
1
-3
-8
-8
-1
2
8
9
4
-1
-6
-8
-5
-1
0
5
7
4
0
-3
-3
-2
0
0
2
1
0
0
0
-1
-1
0
0
1
2
1
1
0
-1
-1
-1
-1
-2
-2
-1
1
4
4
1
-4
-6
-4
0
7
8
7
0
-9
-11
-6
0
8
11
7
-2
-8
-8
-3
5
7
7
0
-3
-7
-4
1
5
4
1
-3
-7
-6
-3
3
6
4
2
-3
-6
-4
0
4
3
3
2
0
-2
-6
-2
2
4
2
0
0
0
-1
-1
0
3
3
0
-3
-2
0
1
2
0
-1
-2
-1
0
1
2
1
2
0
-3
-4
-2
3
3
1
0
-1
-1
-1
-2
0
1
0
0
0
0
0
0
-1
0
-2
-2
1
2
2
0
0
-2
-1
0
2
2
1
1
0
0
0
0
0
0
-1
-1
0
-1
0
0
0
0
0
0
1
0
-2
-1
1
1
-1
0
0
0
1
0
-1
1
0
-2
-1
0
0
-1
0
2
0
1
1
0
-1
-1
0
0
1
1
0
0
0
1
0
0
-1
0
0
0
3
0
-1
0
-2
0
0
-1
0
0
0
0
1
0
0
0
0
1
0
0
0
0
0
0
0
1
0
0
0
0
-1
-1
1
1
0
0
0
0
-1
0
0
1
3
2
0
-3
-3
0
0
1
0
0
0
0
-2
-2
0
2
0
1
0
-1
0
1
0
0
1
0
-2
0
0
0
0
0
0
0
0
0
1
0
0
-1
0
0
0
1
-1
0
0
1
2
0
0
-2
-2
-1
0
2
2
0
-1
-2
0
0
1
1
2
0
-1
-1
-1
0
-1
1
2
1
0
-1
0
0
0
1
0
0
-1
1
0
0
0
0
-1
-1
1
-1
0
0
-1
0
2
2
0
0
-1
-3
0
2
4
1
-3
-4
-1
1
4
2
-1
-6
-4
0
3
6
0
-4
-6
-5
2
5
5
1
-5
-5
-2
3
4
1
0
-4
-1
3
1
0
0
-2
1
1
2
0
-1
-2
-1
5
2
-1
-2
-3
-2
3
5
3
-3
-4
-3
0
3
4
2
-2
-4
-3
-1
2
3
0
0
-2
-1
0
1
0
-1
0
0
-1
1
1
1
2
2
0
0
-2
-1
1
0
0
0
0
-1
0
1
0
1
0
-1
-1
0
0
0
-1
0
0
-1
-1
0
-1
-1
1
3
1
0
0
-1
0
1
1
1
-1
-2
-1
0
1
0
-1
0
-1
0
1
0
0
-1
0
0
0
0
-1
0
0
0
0
0
0
-1
0
1
0
0
1
0
0
-2
0
0
0
1
0
-1
-1
0
0
0
1
1
0
-3
-1
0
0
0
2
2
0
0
0
1
0
0
0
-1
0
0
0
0
-1
0
2
3
2
0
-6
-8
-2
3
6
7
3
-5
-8
-8
-3
3
7
6
2
0
-1
-1
-2
-3
-2
0
3
3
0
-1
-2
1
4
2
1
-2
-6
-4
0
3
4
5
2
-2
-4
-3
-1
1
2
3
3
-1
-5
-4
0
1
4
5
1
0
-5
-6
-3
0
4
4
2
0
-3
-2
-3
-1
0
0
1
1
1
3
2
0
0
-2
-3
-1
1
1
2
4
3
-1
-2
-4
-4
-2
3
2
2
2
0
-2
-3
-3
-2
0
1
1
1
-2
-1
0
1
1
0
0
0
1
0
0
0
-1
1
1
0
2
0
0
0
-2
-2
-1
-1
-1
0
3
1
0
0
-1
0
-1
0
0
1
2
3
1
2
1
-1
-1
-2
-1
-1
1
3
1
0
0
-3
-3
-1
-3
-2
0
0
1
1
1
0
0
-1
0
0
0
3
2
1
0
1
2
0
0
-2
-1
1
1
0
-1
0
0
-1
0
-1
0
0
-2
0
1
0
0
0
0
0
0
1
0
0
0
0
1
0
-1
1
0
0
0
0
0
0
-1
-1
1
0
0
1
0
0
0
0
0
0
-1
-1
-1
0
0
0
2
0
-2
0
-1
-2
0
2
1
1
2
1
0
1
0
0
2
0
0
0
0
1
0
0
-1
-2
0
1
0
0
0
-1
-3
-1
0
1
0
0
0
0
0
0
0
0
0
0
0
1
0
0
1
0
0
-1
0
0
0
0
0
0
0
0
1
0
0
-1
0
0
0
0
0
0
0
0
0
1
0
0
0
0
-1
0
0
0
-1
-1
-1
-1
1
0
-1
-1
1
1
0
0
1
0
0
0
-1
0
0
0
0
0
0
0
0
0
1
0
0
0
1
0
-1
0
0
0
0
0
0
-1
0
0
0
0
0
0
-1
1
1
-1
1
0
0
0
0
0
0
-1
0
1
-1
0
0
0
0
0
-1
0
0
-1
0
1
0
0
0
0
0
0
1
1
0
0
0
0
0
0
0
0
-1
0
0
0
0
0
-1
0
0
0
0
0
0
0
0
0
-1
0
0
0
2
0
0
1
0
0
0
1
0
0
0
0
0
0
0
0
0
-1
0
0
0
0
0
0
0
-1
0
1
-1
-1
0
0
0
0
0
0
0
0
0
0
0
0
0
0
-1
0
2
0
0
0
0
0
0
0
0
0
0
0
0
0
-1
0
1
-1
-1
0
1
0
0
0
0
-1
-1
-1
0
0
0
0
-1
0
0
0
0
0
0
1
-1
0
1
0
-2
0
0
0
0
1
0
1
0
-1
1
0
0
0
0
0
1
0
0
0
0
-2
-1
0
0
1
1
-1
-1
-1
0
1
0
0
0
0
0
0
0
0
0
0
-1
0
0
0
0
0
0
0
0
0
0
0
0
0
0
0
0
0
1
2
0
0
1
0
0
1
0
0
0
0
0
0
0
0
-1
0
-1
-1
0
0
0
0
0
-1
-1
0
0
0
0
0
0
0
1
0
0
0
0
0
0
0
0
0
0
0
0
0
0
-1
0
0
0
0
0
0
-1
0
0
2
1
-1
-1
0
0
0
0
0
0
0
0
0
0
0
0
-1
0
0
0
0
0
0
0
1
0
0
0
1
1
2
1
-1
-3
-2
0
1
0
-1
-1
-2
-1
1
2
0
0
0
1
1
1
3
1
0
0
0
-1
-1
-1
0
-2
-2
-1
-1
0
0
0
0
0
3
2
1
2
0
0
0
0
0
0
0
0
0
1
-1
-1
-1
-1
0
0
0
0
0
0
0
0
0
0
0
0
0
2
0
1
1
0
0
-2
0
0
0
0
0
0
-1
0
0
0
0
0
0
0
0
0
0
0
0
0
0
0
0
0
0
0
0
0
0
0
0
0
0
0
0
0
0
0
0
0
1
0
1
0
0
0
0
0
0
0
0
-1
-1
1
0
-1
0
0
-1
0
0
0
0
0
0
1
0
0
0
0
0
0
1
0
0
0
0
0
0
0
0
-1
0
0
0
1
0
0
0
0
0
0
0
0
0
1
0
0
-1
-1
0
-1
0
1
0
0
1
0
0
-1
0
0
0
0
0
0
0
0
0
0
0
0
0
0
0
-1
0
1
0
0
0
-1
-1
-1
-1
0
2
1
0
0
0
-1
0
0
1
1
0
0
-1
0
0
0
0
0
0
0
0
-1
0
0
0
0
0
0
0
0
-1
0
0
-1
0
0
-1
0
0
-1
0
0
0
0
0
0
0
0
0
0
0
0
0
0
0
0
2
0
0
1
0
0
0
0
0
0
-1
0
0
1
0
0
0
0
0
0
0
1
0
0
0
0
0
-1
-1
0
0
0
0
0
0
0
-1
0
0
0
0
0
0
0
1
0
0
0
0
0
0
0
0
0
-1
0
1
0
-1
0
-1
0
0
0
0
0
0
0
0
0
0
0
0
1
0
0
0
0
0
1
0
0
0
0
0
0
0
0
0
0
0
0
0
0
0
0
1
0
0
0
0
0
0
0
0
0
1
0
0
0
0
0
0
0
-1
0
0
0
0
0
0
-1
0
0
0
0
0
0
0
0
1
0
0
1
0
0
0
0
0
0
0
0
1
0
0
0
0
0
1
0
-1
0
0
-2
0
1
0
0
0
0
0
-1
-1
0
0
0
1
1
-1
0
0
0
0
0
0
1
2
0
0
-1
0
0
0
0
0
0
0
-1
-2
0
0
0
1
1
1
0
0
-2
-1
0
0
1
1
1
0
0
0
-1
0
0
0
0
0
0
0
-1
-1
-2
-1
0
0
0
0
0
-1
0
-1
-1
0
0
0
1
1
0
0
0
0
0
0
0
0
0
0
0
1
0
0
0
0
-1
0
0
-1
0
0
0
0
0
0
0
0
-1
-1
0
0
0
0
1
0
0
0
0
0
0
1
0
0
0
-1
-1
-1
0
0
0
1
1
1
0
-1
0
1
0
0
0
0
0
1
0
0
0
0
1
0
0
0
0
0
0
0
0
0
0
0
0
1
0
-1
0
0
0
0
0
0
0
-1
0
0
1
1
1
0
-1
0
0
0
0
-1
0
0
0
0
1
1
0
0
0
0
0
0
0
0
0
0
0
0
0
0
0
-1
0
-1
0
0
0
0
0
0
0
0
0
0
0
0
-1
0
0
0
1
0
1
0
0
0
0
0
-1
0
0
0
0
0
0
0
0
0
0
0
0
0
1
0
0
0
0
0
0
0
-1
0
-1
0
0
0
0
0
0
0
0
1
0
0
0
0
0
0
0
0
0
0
0
0
0
1
1
-1
0
0
0
0
0
0
0
0
0
0
0
0
0
0
0
0
0
0
1
0
0
0
0
0
0
0
0
0
0
1
0
0
0
0
0
0
0
0
0
0
0
0
0
0
1
1
0
0
0
0
-1
0
0
1
0
0
0
0
0
0
0
1
0
1
1
0
0
0
0
0
0
-1
0
0
0
0
1
0
-1
0
-1
0
0
0
0
0
0
1
0
0
0
0
0
0
0
0
-1
0
0
0
0
0
0
-1
0
0
-1
0
0
0
0
0
0
0
0
0
0
0
0
0
0
1
0
1
0
0
-1
0
0
0
-1
-1
0
0
0
0
0
0
0
0
0
0
0
1
0
0
0
0
0
0
0
0
0
0
0
0
0
0
0
0
0
0
0
0
0
0
-1
0
0
0
0
0
0
0
0
0
0
0
0
0
0
0
0
0
0
0
0
0
0
0
0
0
0
0
0
0
0
0
0
0
0
0
-1
1
1
-1
0
0
0
0
0
0
0
0
0
0
1
0
0
0
0
0
1
0
0
0
0
0
0
0
0
0
1
0
-1
0
-1
0
1
0
0
0
0
0
-1
0
0
0
0
0
-1
0
0
0
0
0
0
1
0
-1
0
1
1
1
0
0
0
0
0
0
0
0
0
0
0
0
0
0
0
0
-1
-1
0
2
0
-2
-1
-1
-1
0
1
2
2
1
0
0
0
0
0
0
0
-1
0
0
1
0
0
0
0
0
1
0
1
-1
-1
-1
0
0
0
0
-1
-1
0
0
0
1
0
-1
0
0
0
0
0
1
0
0
0
0
0
0
0
1
1
1
1
0
-1
0
0
0
0
0
0
0
0
0
0
0
0
0
0
0
0
0
1
0
1
0
0
0
0
-1
0
1
0
0
0
-1
0
0
0
0
0
0
0
0
1
0
0
-1
0
0
1
-1
0
0
0
0
-1
0
0
0
0
0
0
0
0
0
0
1
0
0
0
0
1
0
0
0
0
1
0
0
-1
0
0
0
0
0
-1
0
0
0
0
-1
0
0
0
0
0
0
-1
0
0
0
0
0
0
-1
0
0
0
0
0
0
0
0
0
0
0
0
0
1
2
0
0
0
0
0
0
0
0
0
0
0
0
0
0
-1
0
0
0
0
-1
0
0
0
0
0
0
0
0
0
0
0
0
0
0
-1
0
0
0
1
0
0
1
0
0
1
1
1
-1
0
0
0
0
0
1
0
0
-1
0
1
0
0
0
0
0
0
1
0
1
1
-1
-1
0
0
0
0
0
0
0
-1
0
0
0
0
0
0
0
0
0
1
1
0
0
0
0
0
1
0
0
0
0
0
0
0
0
-1
-1
-1
0
0
0
0
0
0
0
0
1
0
0
1
0
0
1
0
0
0
0
0
0
-1
0
-1
-1
-1
-1
-1
0
0
0
0
0
1
0
0
1
1
0
1
1
0
0
0
0
-1
-1
0
0
0
0
-1
0
0
0
0
0
0
1
2
0
1
0
1
0
0
-2
-1
-2
-2
-1
-1
-2
-1
0
0
-1
0
1
1
3
2
1
2
2
1
1
1
1
0
0
0
0
-1
-2
-2
-2
-3
-2
0
0
0
0
-1
0
0
0
0
0
1
2
1
1
0
0
1
0
0
1
1
1
1
0
0
-1
0
0
-1
-1
-2
0
0
-2
0
0
0
0
0
0
0
1
0
0
0
0
0
1
0
0
0
1
0
-1
-1
-1
0
0
0
0
0
0
0
0
0
0
2
0
0
0
0
-1
0
1
1
0
0
1
-2
-2
0
1
0
-2
-1
0
2
0
-1
0
0
0
0
1
1
0
-3
-2
0
0
2
1
0
0
0
0
0
0
-2
-2
-1
0
1
2
0
-1
0
1
1
-3
-1
1
3
0
-1
0
-1
-1
-1
0
0
0
0
-1
0
0
0
0
0
0
1
0
-1
-1
-1
0
0
2
1
0
0
0
0
0
0
1
0
0
0
-1
1
3
0
0
0
-4
-2
-1
0
3
4
0
-1
-1
-2
0
0
-1
1
0
0
2
0
0
1
-1
-1
1
2
2
0
-3
-3
-2
1
5
4
3
-1
-3
-4
-2
2
5
4
1
-2
-5
-5
0
4
3
3
-1
-4
-3
-1
1
4
3
0
-4
-5
-2
0
0
1
1
-1
-1
0
1
2
0
0
0
0
1
0
0
2
-1
-1
0
0
-1
-1
0
1
0
0
0
0
0
0
0
1
0
0
-1
-1
0
1
0
1
0
0
-2
-2
0
2
1
1
0
0
-1
0
0
0
0
0
0
-1
0
0
0
0
0
0
0
0
0
1
0
0
0
0
0
0
0
0
0
-2
0
0
0
0
-1
1
0
-1
0
1
0
0
0
0
0
0
0
0
0
1
0
1
0
-1
0
0
0
1
1
0
0
0
-1
0
0
-1
0
0
0
-2
-1
0
0
0
-1
0
0
0
0
0
0
1
0
1
0
-1
0
2
2
0
0
0
2
0
-2
-1
0
0
0
0
0
0
0
1
-1
0
0
0
0
0
0
-1
-1
0
0
0
0
0
-1
0
0
0
0
0
0
3
0
-3
0
0
1
0
0
0
0
2
0
0
0
0
-1
0
1
0
-1
0
0
0
0
-1
0
0
0
0
0
0
0
1
1
0
-1
2
0
2
0
-4
0
2
0
-3
-2
1
1
0
-1
-1
0
1
4
-1
-6
1
7
1
-6
-3
4
5
0
-6
-2
6
3
-4
-2
0
-1
3
3
-7
-11
2
14
0
-18
-5
16
8
-5
-5
0
10
2
-3
-2
-7
3
12
-3
-10
0
3
7
-5
-17
7
9
0
0
-15
3
25
-14
-10
15
-11
0
20
-18
-11
21
7
-2
-6
-12
9
7
-8
0
-4
-2
14
5
-17
-12
13
15
-14
-14
17
25
-16
-30
17
21
-16
-12
9
-3
0
19
-6
-19
-11
18
25
-3
-29
-9
13
23
7
-34
-1
29
-15
-39
28
59
-29
-81
27
67
-13
-26
-22
-12
24
61
-5
-94
11
82
-39
-30
60
-29
-37
53
27
-39
-37
59
16
-80
29
44
-36
14
0
-49
35
28
-63
19
46
-26
-23
26
9
-33
25
5
-29
2
37
16
-62
-28
57
52
-58
-24
6
18
45
-18
-51
-29
98
0
-95
29
51
-40
-17
49
-10
-10
39
-70
-28
108
-39
-30
59
-36
-70
57
88
-62
-103
51
101
-45
-100
97
71
-149
-12
128
-23
-19
-31
-90
133
87
-130
-24
21
6
85
21
-167
-38
156
45
-95
-39
20
33
65
-78
-30
85
-44
-41
27
33
10
-25
-35
47
3
-94
15
98
16
-89
-19
92
2
-93
-19
92
-11
-80
44
16
12
41
-76
-22
136
-60
-93
96
-35
23
15
-68
-21
53
64
-30
-44
13
-10
5
147
-182
-120
216
-20
-29
-49
1
141
-88
-12
-33
8
101
-81
-26
19
27
-8
-39
-3
67
-8
-29
87
-94
-64
120
10
-82
-90
79
153
-25
-66
-128
115
100
-162
-23
67
74
38
-121
-57
43
51
57
-106
-42
96
-21
62
-110
-59
140
20
12
-64
-31
56
57
-80
-151
98
141
-44
-43
-99
6
162
3
-128
-76
4
140
47
-74
-26
24
106
42
-77
-27
-50
-61
95
-27
-74
80
60
-76
-48
28
81
-38
-183
94
142
-18
-58
-70
33
111
21
-126
15
46
-69
30
-24
-33
214
187
-7
231
242
-625
-940
-517
-41
353
350
397
480
449
350
169
-63
-266
-283
-226
-323
-500
-370
-158
39
104
79
393
441
129
120
-22
37
104
-288
-274
16
21
40
70
-112
0
-13
0
131
23
32
69
-90
-59
22
41
-82
-113
108
50
-138
55
114
-173
38
170
-61
-198
-37
149
-55
-57
83
34
26
-129
-38
112
64
92
-8
17
-42
6
119
-24
-99
-58
-7
37
-87
-11
83
81
21
-121
-64
112
-20
-93
63
-56
-94
-29
-44
127
72
-111
22
-4
19
143
-1
-83
32
159
164
-94
-212
-61
29
4
-109
-89
103
6
0
153
48
10
-94
-111
115
-28
-17
167
-85
-17
59
-110
57
-4
-228
-28
105
114
58
-133
-67
140
79
-93
-71
15
72
11
-63
-4
72
150
75
-276
-238
102
137
56
-23
-85
42
126
-22
-37
15
43
146
-16
-201
-31
-47
-73
-24
-104
8
131
94
63
18
-12
67
80
-47
-7
-1
-153
-131
16
35
69
43
-50
13
123
56
12
-31
-161
-148
-13
77
105
139
-4
-120
-7
33
4
-47
-123
-57
37
38
81
69
7
33
24
-9
29
65
52
-20
-79
-129
-137
-47
-42
-51
49
74
95
85
-14
-44
15
53
66
83
39
24
88
45
-65
-83
-39
50
103
9
-70
-96
-101
-44
2
-5
-24
-10
-32
-57
-60
-129
-134
-13
59
159
311
320
263
245
128
44
121
93
0
13
-65
-225
-211
-278
-423
-338
-283
-375
-341
-324
-343
-113
65
36
203
529
754
892
752
350
187
182
155
260
299
276
368
100
-591
-1199
-1664
-1785
-1380
-754
-94
522
820
686
326
-30
-213
-164
269
909
1188
1275
1239
919
552
281
543
963
524
-533
-1786
-2916
-3094
-2176
-1009
230
1262
1486
1295
999
399
-149
-499
-933
-1102
-878
-480
154
614
427
0
-215
-88
238
894
1594
1855
1545
977
-8
-516
637
1413
623
-719
-2633
-4244
-3848
-2522
-953
1038
2321
2277
1672
855
99
-68
-151
-707
-1122
-766
-526
-209
-9
-236
-390
-96
217
772
1472
2116
2193
1733
949
-488
-6
1214
759
-368
-1920
-4058
-4337
-2750
-890
1494
3072
2576
1311
318
-751
-801
-389
-867
-1530
-1368
-746
394
1438
975
-161
-907
-1373
-700
889
1839
2441
2183
1334
78
-479
-454
1161
2836
1575
-853
-3214
-4929
-4360
-2221
-291
1560
2683
2429
1349
848
-38
-615
-847
-1729
-1978
-1310
-247
1060
1592
815
41
-326
-276
257
1042
1467
1621
1154
349
-157
-329
462
2552
2081
-215
-2538
-4985
-5427
-3033
-639
1439
3240
2625
1306
334
-897
-1117
-338
-788
-1485
-598
504
1199
1361
123
-1510
-1405
-571
191
1292
1985
2775
2562
1690
-330
-1456
162
1524
950
-882
-3088
-4761
-3958
-1429
711
2685
3326
1805
179
-793
-1194
-633
139
-379
-1239
-768
474
1208
1201
-59
-1950
-2248
-1056
608
1891
2866
2864
1592
798
-492
-639
1744
2475
-126
-2427
-4771
-5797
-3138
277
2449
3986
3489
1106
-451
-891
-1094
-858
-907
-2036
-2113
0
2271
3077
1814
-718
-2756
-2709
-1169
757
2023
2550
2216
1518
1070
48
534
2607
2093
-607
-2696
-5094
-5566
-2905
-430
1957
3971
3117
757
-541
-1208
-956
-84
-596
-2104
-1880
321
2279
2953
1440
-1208
-3027
-2717
-1050
1310
2907
3200
2044
817
-44
-1015
371
3280
3031
-240
-2983
-5589
-5753
-2483
592
2671
3996
2678
131
-571
-750
-455
-16
-1011
-2586
-2058
251
2695
3724
1401
-1715
-3340
-2944
-1055
1467
2084
2351
1953
807
192
125
1063
3328
2977
-575
-3497
-5466
-5329
-2686
69
1863
3419
3078
1271
-228
-1160
-1394
-855
-1256
-2364
-999
1672
3058
2831
94
-3036
-3531
-1938
13
2440
3498
3075
1868
469
-600
-1116
1377
3774
2130
-1332
-4659
-6430
-4887
-1351
1248
3052
3800
2449
526
-476
-1115
-1428
-964
-1042
-1651
-660
1756
2825
1775
-909
-3274
-2925
-423
1278
2518
2942
2316
720
99
-795
-110
3432
3303
-121
-3152
-5365
-5886
-2880
271
2079
3146
2642
1033
-300
-743
-985
-1025
-1187
-1529
-1384
1150
2896
2301
45
-2736
-3586
-1576
1457
3361
3486
2541
313
-1206
-861
-930
2718
4758
1454
-2422
-5078
-6114
-3695
184
2113
2842
2836
1199
-266
-596
-1735
-1396
-1134
-1351
-1225
892
3097
2137
318
-2170
-3611
-1425
1096
2393
3120
2742
1497
-398
-204
-676
1727
4404
1860
-2267
-4870
-5847
-4489
-556
1633
2566
3221
2009
-568
-726
-1428
-1118
-538
-1619
-2169
-41
3303
3338
713
-2346
-3741
-2670
507
2315
3160
3214
2717
-108
-1240
-1325
368
3689
2748
-1414
-4657
-4937
-3939
-570
1961
2471
2581
2118
35
-835
-840
-932
-946
-1810
-2343
-876
2106
2706
1098
-957
-2055
-1825
-178
1176
2281
2616
3038
1055
-446
-261
964
3368
1796
-2568
-5629
-5360
-3363
262
2911
3256
2281
1087
-830
-1719
-1363
-809
-475
-1170
-1618
-117
2634
2296
-207
-2055
-2231
-1063
1423
2289
2334
2192
1869
-92
-597
-222
1550
4016
1628
-3099
-5778
-5138
-2993
340
2218
2870
2370
1232
-717
-1637
-1219
-823
-595
-801
-795
434
2297
1600
-1297
-3273
-2311
47
2331
3157
2585
1724
1248
-199
-755
190
2830
3571
95
-4061
-6082
-4462
-1747
963
2052
2248
2111
1106
-263
-1097
-1510
-1491
-720
-260
185
947
1337
-210
-2117
-2515
-1424
786
2383
2777
2158
1835
960
-446
-331
416
2762
3310
206
-3686
-5401
-4668
-2461
345
2197
2854
2435
1125
-938
-1940
-1852
-1162
-530
-411
459
1640
1899
407
-1668
-2824
-2028
108
1438
2489
2486
2035
921
-434
-719
596
3667
2943
-793
-4336
-5310
-3778
-1069
1088
1993
2522
2025
709
-834
-1726
-2100
-1922
-1284
-266
1592
3124
2094
-1033
-3389
-3198
-1086
1422
2805
2978
2193
1645
18
-1116
-572
1416
3735
2331
-1688
-4695
-4483
-2843
-819
78
604
1927
2704
1848
-75
-2195
-3120
-1932
-187
553
1744
2463
1065
-1433
-3021
-2735
-605
1737
2314
2681
2982
2937
919
-840
-1669
154
3182
1726
-2440
-4708
-3669
-1703
213
408
536
2047
2705
1245
-888
-2153
-2079
-1006
-559
-927
364
2184
1500
-1159
-2461
-1756
90
1747
1710
1313
2120
2915
850
-938
-1079
1849
4567
2026
-3358
-5987
-3720
-1224
-287
-637
-140
1647
3324
2329
-964
-2668
-1289
131
-505
-1600
-398
2579
1978
-1345
-2414
-665
1099
2066
679
-802
987
2980
1083
-751
-689
1468
4898
3350
-3240
-6790
-3789
-868
-409
-1050
-319
2083
3845
1936
-1573
-2565
-833
658
-341
-1743
-980
2750
3670
-607
-4215
-2616
410
1806
1143
-100
773
3577
2875
-685
-1645
-447
3085
4694
20
-5717
-4366
-674
-820
-1794
-889
663
2197
2220
-514
-1918
-193
1220
285
-975
-2055
-47
2945
900
-3071
-2212
1214
2284
1188
-718
-1198
1050
3102
1083
-636
-15
2041
4400
3425
-2615
-6621
-3695
-676
-1419
-1918
-89
2334
3549
1714
-1327
-1860
233
25
-1640
-1728
-667
1763
2584
-331
-2909
-928
1675
1467
-461
-1248
396
2878
2245
-465
-559
540
1869
3442
2085
-3148
-4743
-1310
-931
-2973
-2014
535
1974
2131
746
-937
-210
717
-780
-1711
-1515
-247
2385
2819
-828
-3163
-402
1589
27
-2144
-1781
1667
4699
3216
-121
-43
1258
1230
1612
1128
-2834
-4122
-944
-471
-3138
-2942
767
2972
2574
1020
-72
-8
-412
-1650
-2466
-2318
-978
1347
3095
1884
-1159
-508
1572
94
-2890
-2043
660
2146
2395
835
144
1012
921
870
2929
1452
-3041
-3022
-666
-2189
-4191
-2264
484
1742
2305
1890
824
310
355
-521
-2168
-1856
0
1618
1789
-312
-1264
381
328
-2480
-2395
768
2165
2852
2291
451
1023
1723
-643
-547
2855
952
-3668
-2786
-574
-2391
-3079
-648
1225
1830
1998
907
-578
-463
-708
-1913
-1826
-705
63
1454
2911
1486
-314
383
76
-2259
-2605
-380
750
1417
1480
601
1164
2782
1525
166
2597
2298
-3088
-4654
-1589
-1879
-4087
-2229
596
1803
2567
2124
678
698
554
-1558
-2573
-2027
-1375
52
1964
1689
291
586
860
-616
-2250
-1556
467
1271
386
-497
1056
2931
2140
-15
1731
4384
1192
-4135
-3842
-1332
-2614
-4086
-2087
451
2257
2766
1585
849
1639
223
-2551
-2326
-1310
-1636
-286
2154
1880
803
1580
1012
-976
-1899
-1336
-778
-205
-262
-366
1538
3513
2495
713
2474
4330
551
-4282
-3971
-2168
-3280
-4069
-2440
344
2680
2943
1900
1783
2066
-262
-2376
-2097
-2307
-2260
-11
1401
1319
1752
2181
1113
-139
-1393
-1785
-880
-10
-1153
-990
2006
3268
1911
867
2058
3457
1811
-2414
-4030
-2539
-1942
-4064
-4064
-512
2427
2279
2038
2451
1962
309
-1011
-1046
-2233
-3091
-995
1413
1125
448
2099
2427
530
-753
-1049
-1273
-631
-535
-1883
62
2354
1809
1233
2142
1780
910
2655
1040
-3752
-3212
-661
-2808
-5347
-2562
850
1441
1914
1967
1846
2651
1564
-984
-2259
-1967
-1938
-820
539
-182
290
2509
2035
115
-460
58
-529
-986
-996
-1190
86
802
1082
2017
2665
1595
1208
3062
661
-3738
-3092
-945
-3207
-5350
-2240
1198
1111
1614
2587
2195
2123
1062
-650
-1806
-2047
-1877
-728
-28
-291
449
2636
1742
-404
-72
950
-771
-1418
-737
-635
-152
231
728
1987
2710
1353
536
3209
2844
-2555
-3426
-746
-2181
-5266
-4051
-379
820
735
2011
2533
2999
2104
-39
-826
-1158
-2306
-2130
-725
-463
-514
1574
2622
1164
-5
930
246
-969
-1392
-1886
-941
-440
25
953
2711
2617
899
1459
3847
1958
-2734
-2501
-707
-2921
-5067
-3617
-896
317
465
1075
2698
3452
1666
221
263
-497
-2030
-2207
-842
-438
-1075
371
2077
1355
228
614
1021
464
-739
-2209
-912
271
-455
-693
1927
2677
649
913
3444
3209
-939
-2400
-914
-2269
-4717
-4313
-2101
-326
528
1442
2746
3760
2321
718
1231
159
-3050
-2981
-563
-1002
-2676
-293
2551
2017
1331
1613
1480
979
-378
-2876
-2096
-365
-1251
-1412
1206
2639
1361
1866
2244
2011
2410
254
-2702
-2940
-1674
-3730
-4866
-1777
253
-248
871
2838
3050
2028
1435
1252
529
-1129
-2430
-1290
-683
-2462
-1463
1861
2025
464
1229
2955
1345
-563
-1337
-1104
-957
-1962
-1752
823
1918
701
1100
2549
1886
2193
1820
-1772
-2500
-559
-2500
-5399
-2796
-162
-1007
-458
1711
2486
2417
1775
1609
1474
-293
-1825
-1321
-789
-2318
-2066
520
1347
862
686
2253
2759
1226
-820
-1208
-180
-1043
-2590
-1827
800
520
-209
1453
2488
1158
1815
3491
193
-2721
-1351
-1078
-4201
-4356
-2121
-992
-339
1189
2212
2484
2809
2338
1401
-39
-1217
-1445
-1204
-1647
-2231
-646
1139
884
855
2319
2288
960
698
-635
-1055
-1193
-1702
-2129
-853
323
-397
303
2024
2198
1350
1589
3460
1673
-1882
-1498
-754
-2865
-4405
-3229
-1356
-595
-102
522
2114
3135
1819
1349
1370
221
-1241
-1237
-847
-1587
-1798
-139
439
701
1436
1511
1266
1844
934
-1007
-710
-619
-1860
-1754
-437
-509
-546
1102
2027
1392
1437
2862
3166
-185
-2170
-1008
-1279
-4047
-4546
-2403
-555
-252
418
1103
2887
3608
1783
954
791
-402
-1682
-1584
-1723
-2311
-963
439
416
1120
2107
2353
2405
1640
-420
-595
-528
-2008
-3075
-1361
-797
-1469
-156
689
1060
1574
2007
1944
1159
720
1104
1974
-346
-3028
-1685
-221
-2624
-4253
-2217
275
507
-61
601
2335
3177
1754
709
561
289
-581
-1186
-1654
-1574
-474
-198
-221
589
1587
1557
1279
1572
268
-887
-773
-792
-1832
-1697
-677
-906
-280
760
355
393
1639
1108
0
941
1191
-36
850
2233
-723
-2283
-309
-194
-2674
-3240
-1262
-232
-343
-103
290
1745
2730
1391
487
949
694
-921
-1125
-1029
-1590
-1071
257
421
233
1370
2066
1336
1187
310
-42
-248
-1005
-1727
-1479
-1036
-1490
-949
316
248
342
1507
1308
455
493
557
-325
-939
-641
-348
-59
189
428
1617
2523
787
-682
-46
137
-2151
-3346
-2126
-1039
-939
-576
223
1314
2361
2141
1285
752
682
269
-404
-1528
-2012
-1146
-279
-471
-512
652
1791
1861
1171
377
735
633
-654
-1480
-1150
-826
-1236
-758
-225
-278
342
974
603
78
522
689
112
-234
-369
-553
-339
-87
-241
-389
101
585
805
971
616
612
1175
1533
125
-1302
-1084
-786
-1694
-2471
-2082
-919
142
722
817
1300
2002
1962
1231
20
-594
-539
-559
-1292
-1745
-964
253
587
388
525
1268
1666
1153
32
-553
-257
-228
-886
-1286
-985
-504
165
148
-336
-68
860
774
-41
-63
109
68
-126
-359
-560
-376
106
190
129
414
799
987
1055
1257
738
-385
-1091
-995
-1407
-1974
-1947
-1324
-251
675
983
854
1520
2009
1578
468
-509
-925
-838
-1040
-1636
-1512
-407
715
970
952
1154
1535
1605
606
-509
-854
-724
-894
-1076
-910
-806
-92
680
600
320
547
878
485
-130
-453
-416
-221
-282
-654
-578
50
554
393
258
405
275
133
20
-415
-848
-461
-207
-261
-180
220
414
750
1148
875
764
708
919
1018
-9
-1367
-1686
-1389
-1552
-1755
-1561
-1004
178
1237
1257
1099
1345
1497
1169
118
-882
-1188
-867
-750
-1061
-918
-131
822
1216
1125
989
1088
995
322
-423
-1009
-1112
-923
-567
-660
-635
81
718
825
538
424
535
429
-24
-529
-761
-509
-206
-341
-391
34
463
389
293
242
118
179
34
-358
-407
-133
-117
-212
-87
-15
16
371
468
154
151
315
169
-43
-97
-214
-325
-176
-63
-105
-20
114
71
49
263
5
-589
-601
-329
-336
-179
-34
-207
75
556
477
309
507
613
752
756
401
507
645
-100
-1035
-1364
-1449
-1377
-987
-807
-515
300
1120
1243
1113
986
777
465
39
-620
-1158
-1001
-856
-752
-314
289
621
908
1148
1059
902
499
-161
-553
-771
-951
-834
-531
-494
-281
282
568
637
643
442
177
114
-24
-395
-536
-477
-338
-204
-90
89
288
344
305
282
125
-78
-148
-232
-278
-148
-116
-125
5
129
173
244
223
97
55
13
-71
-51
-76
-163
-113
-64
-38
21
18
-9
14
86
146
80
2
-59
-91
-47
5
-15
18
120
117
81
49
-7
-16
-31
-119
-128
-75
-55
-43
39
89
111
131
84
40
166
218
-244
-568
-510
-388
-175
13
-6
74
500
679
394
187
30
-66
103
160
-34
138
655
609
152
-211
-713
-1010
-927
-981
-1061
-630
-27
289
725
1032
968
913
747
164
-342
-402
-592
-819
-608
-381
-103
359
710
706
704
748
426
81
-160
-414
-599
-608
-483
-403
-148
105
194
301
427
398
167
10
-164
-336
-292
-236
-309
-278
-60
87
205
331
287
170
159
143
27
-48
-137
-221
-194
-101
-8
24
68
96
88
141
148
86
0
-78
-126
-159
-136
-121
-118
-58
13
61
99
129
95
41
19
3
-37
-71
-99
-84
-22
7
50
73
68
67
67
52
6
-35
-86
-97
-39
8
45
64
46
54
150
65
-177
-347
-414
-331
-136
36
95
170
317
338
264
252
175
127
170
135
195
383
270
-95
-370
-607
-759
-645
-525
-478
-255
8
177
401
556
548
517
348
55
-165
-244
-348
-429
-355
-279
-68
266
465
508
519
453
271
115
-75
-298
-384
-410
-477
-440
-242
-39
124
266
333
310
266
179
6
-101
-175
-260
-253
-214
-136
4
112
172
198
169
95
31
-20
-76
-99
-117
-132
-78
-5
12
41
91
86
99
124
102
61
29
-11
-70
-87
-101
-97
-65
-47
-32
-6
60
87
75
71
36
-13
-26
-22
-26
-40
-57
-65
-46
0
16
24
35
45
56
22
1
-3
-2
17
5
-9
0
4
5
14
9
0
-2
-10
-30
-53
-73
-57
18
28
47
80
59
139
164
-29
-248
-366
-429
-342
-111
37
175
344
377
368
407
366
275
104
-131
-300
-464
-513
-397
-261
-75
147
257
277
364
354
207
47
-231
-496
-555
-543
-402
-80
98
142
233
274
224
189
123
-87
-225
-192
-46
227
536
650
577
690
823
510
-69
-608
-1139
-1440
-1305
-1106
-803
-298
117
443
832
1097
1164
1153
728
104
-351
-732
-959
-904
-786
-656
-271
75
404
825
1066
1001
711
292
-196
-411
-469
-454
-407
-454
-409
-253
25
316
561
558
328
88
-168
-251
-214
-223
-275
-333
-361
-219
0
200
384
401
300
187
109
40
7
-45
-156
-205
-223
-218
-82
55
111
193
169
107
157
178
113
31
-82
-210
-228
-198
-147
-36
-18
-17
11
24
79
119
134
79
13
-50
-69
-27
-16
-11
-32
-42
-51
-9
30
58
80
36
31
18
0
17
33
0
-37
-49
-62
-39
-10
4
7
9
8
19
24
11
23
24
-10
-11
-2
-17
-1
3
-17
-19
-6
-12
-22
-7
-1
-5
-5
-16
-11
21
30
26
10
-34
-32
14
8
34
53
-3
6
38
17
33
37
-17
-30
-41
-77
-61
-30
-13
5
-1
-1
28
37
28
6
-6
-19
-29
-26
-21
25
12
-13
-5
-7
18
46
55
52
59
42
20
3
-49
2
80
-70
-284
-357
-277
-73
164
330
341
257
103
-17
-49
-52
-11
-9
-92
-168
-143
-45
45
89
90
48
-10
-38
-22
-14
-20
-41
-117
-146
-73
25
127
194
95
-46
-83
-67
-14
62
92
57
8
-65
-90
-16
55
109
111
40
-13
-19
-18
-5
4
-28
-53
-64
-90
-73
8
71
79
47
1
-15
-11
-2
0
9
-7
-46
-60
-39
-15
6
41
32
14
14
-6
-9
20
40
47
42
8
1
3
-11
-6
-9
-33
-43
-28
-1
14
10
-12
-33
-10
29
19
0
6
0
-8
-9
-14
-15
-13
2
15
13
13
3
-13
-17
-15
-7
11
-1
1
30
7
-3
6
4
14
37
30
28
50
55
26
-66
-143
-175
-152
-83
2
69
93
68
17
-7
-7
49
94
77
47
17
-17
-6
1
-3
14
11
-10
-46
-42
-15
-3
-27
-34
-32
-50
-15
0
10
5
-12
-18
-42
-47
-17
27
14
-15
-26
-7
39
70
112
116
81
31
-11
-20
-3
15
5
1
-17
-26
-30
-30
3
0
-30
-53
-64
-68
-33
-13
-20
2
-10
-22
-16
-2
10
15
37
26
16
23
25
51
51
23
22
12
5
0
19
49
24
-6
1
-17
-56
-17
-5
-19
-25
-10
49
-75
-84
42
-70
-101
14
16
-3
-27
4
41
-54
7
61
50
-4
-10
80
-37
-21
51
46
53
14
60
18
-27
1
-43
-12
11
-47
-6
-21
-41
-24
-59
10
2
-33
41
8
-30
-13
-30
-4
7
14
57
38
33
11
-5
-16
-19
38
21
0
26
13
-12
-23
-24
-9
-2
1
1
-11
-4
-3
-15
3
9
7
23
2
-21
0
-18
-22
12
16
17
4
25
12
-15
-9
-26
-25
-10
-4
-10
9
28
15
-11
-12
10
-13
-10
6
13
28
8
12
9
-8
-9
-13
-17
-14
-8
0
8
9
7
-3
-17
-29
-15
8
10
28
9
3
18
5
0
0
8
-3
-20
-32
-18
8
42
32
-12
-7
-10
-12
14
28
7
-7
-26
-35
-20
-1
21
27
18
15
-7
-37
-22
0
7
15
5
-13
-16
-13
-6
13
33
30
27
17
-3
-11
-19
-19
-11
-7
3
0
-6
2
9
5
-12
-11
0
-7
-2
6
0
4
10
-7
-15
1
0
-5
3
10
5
3
10
2
-2
11
10
1
-2
-20
-19
-10
-7
8
20
21
6
-7
-13
-21
-15
-4
4
18
12
-7
-10
0
-4
-4
10
9
0
-7
-10
0
9
8
10
12
0
-2
3
2
0
-6
-9
-6
1
0
-2
0
-2
-6
1
7
9
11
7
-6
-9
-11
-19
-12
-8
-10
6
18
11
22
25
8
-1
-12
-25
-19
-3
2
6
18
19
11
-1
-24
-28
-13
-9
-7
6
18
19
12
0
-10
-5
0
-1
-16
-15
7
23
24
14
-4
-19
-17
-12
-3
15
16
2
-6
-16
-12
10
10
-7
4
16
0
-6
7
8
0
-4
-8
-13
0
14
11
-3
-12
-16
-19
0
24
25
8
-6
-16
-16
-9
9
18
6
0
1
-1
-12
0
22
8
-14
-18
-18
-14
-1
22
30
13
-10
-27
-15
9
21
19
7
-7
-16
-13
4
6
-4
-7
-2
5
0
-10
-12
-3
4
-4
-11
0
24
49
56
30
-25
-103
-127
-62
35
101
109
62
1
-26
-16
-4
8
3
-34
-67
-68
-37
4
40
60
57
44
19
-20
-45
-44
-20
2
10
6
-1
-3
-8
-9
-5
7
26
21
7
4
0
0
3
7
9
0
-19
-32
-26
-10
5
8
9
15
22
24
22
10
-10
-23
-25
-23
-19
-18
-13
0
14
23
24
14
8
0
-16
-23
-15
-4
0
5
15
13
2
6
18
24
21
13
-12
-43
-48
-38
-13
15
25
23
11
-4
-16
-16
3
21
25
16
-2
-16
-25
-19
-4
7
15
7
2
4
0
0
0
-2
-2
-3
0
4
2
-3
-2
4
4
-4
-14
-14
-3
2
8
10
10
11
7
1
-9
-19
-15
0
13
14
0
-10
-9
2
16
25
16
-5
-17
-15
-6
-2
-6
-14
-13
-2
10
20
19
6
0
-1
-7
-8
-10
-1
11
11
0
-9
-20
-18
-1
14
27
21
-1
-15
-10
2
4
-8
-17
-5
19
29
14
-19
-33
-18
-2
2
3
7
20
27
15
-13
-25
-8
15
18
2
-15
-17
-10
-2
1
5
6
2
5
12
19
10
-9
-22
-24
-14
1
8
8
9
3
-22
-47
-27
28
75
75
27
-33
-54
-38
-25
-20
-15
9
34
31
5
-6
13
31
14
-18
-36
-21
3
11
6
-2
-5
3
5
-14
-31
-10
20
27
7
-9
-4
0
-2
0
13
10
-3
-3
0
-6
-7
-2
5
4
-2
-4
0
8
7
-2
-6
-6
-7
-1
14
17
4
2
3
-10
-27
-24
-6
10
7
0
2
7
9
9
8
2
-9
-18
-14
-10
-8
7
27
31
13
-9
-11
1
3
-4
-4
-11
-11
1
6
1
-7
-6
4
9
1
0
-2
-11
-18
-24
-17
3
29
45
35
10
-6
-11
-6
-5
-9
-11
-10
-1
4
4
-3
-1
11
16
2
-15
-23
-17
-4
7
7
1
0
4
12
16
10
-6
-20
-20
-9
15
24
16
0
-9
-11
-9
-3
3
6
2
4
1
-14
-29
-14
37
74
62
5
-58
-97
-97
-46
31
86
88
44
-1
-20
-22
-24
-24
-14
-8
-4
1
2
5
7
9
20
24
17
0
-17
-14
-4
-6
-15
-15
-6
0
2
4
7
17
24
15
-2
-21
-25
-10
7
11
0
-4
2
6
1
-3
5
11
5
-2
-15
-20
-14
-4
4
11
14
4
6
18
15
5
-7
-22
-27
-15
5
19
18
8
-2
-4
-3
-8
-13
-16
-5
11
19
11
0
-7
-10
-11
-11
0
13
13
3
-4
-2
5
10
2
-4
-1
8
9
3
-9
-21
-21
-5
13
23
22
14
0
-20
-31
-20
-8
1
17
24
18
0
-22
-29
-13
6
16
17
7
1
-1
-3
-4
-12
-5
16
22
4
-18
-19
-11
-5
2
12
22
21
10
0
-7
-11
-14
-12
-11
-4
9
10
-5
-19
-5
22
35
12
-18
-21
-12
-15
-11
2
15
16
4
3
5
0
-5
-5
0
3
10
9
-4
-12
-1
11
9
-10
-22
-15
3
13
9
1
3
6
7
1
-10
-12
-7
0
-1
-9
-4
9
16
8
-1
-4
-4
0
2
0
-7
-6
3
4
-4
-5
2
6
1
-3
3
9
5
-3
-5
-1
-2
-2
9
14
1
-9
-11
-13
-13
0
16
11
3
2
2
-4
-6
1
3
0
-12
-16
-2
12
18
13
10
7
-16
-31
-21
-6
12
14
16
18
6
-4
-8
-12
-19
-8
11
24
12
-9
-13
-6
-2
2
13
15
3
-8
-18
-16
0
19
13
-4
-10
-10
-3
6
0
0
2
4
8
1
-2
-7
-7
-5
-1
7
15
11
-3
-11
-7
2
5
-3
-10
-5
5
10
4
1
3
0
-9
-14
-5
2
4
2
4
7
4
0
-4
-1
3
-4
-10
-5
6
14
6
-1
-6
-12
-10
-2
8
13
8
-3
-10
-9
0
7
4
0
0
1
-1
-7
2
9
0
-12
-18
-6
13
27
22
3
-20
-34
-21
5
22
24
10
-5
-9
-2
2
0
-3
-5
0
10
12
4
-5
-9
-12
-6
-1
3
2
-1
0
-6
-11
-9
2
17
23
18
10
0
-11
-17
-15
-9
1
7
8
6
-2
-11
-15
-10
2
14
19
12
7
0
-8
-14
-9
1
4
4
4
5
3
-4
-11
-8
-4
1
3
4
4
2
-6
-11
-9
0
9
11
11
11
6
0
-3
-3
-3
-7
-6
-3
1
3
-1
-10
-9
2
9
3
-6
-4
0
0
3
8
9
4
-1
-4
0
8
5
-5
-10
-6
-4
-2
0
3
4
-4
-6
4
10
5
1
-3
-7
-5
-2
2
3
0
-3
-4
0
4
3
4
2
-6
-8
0
6
8
1
-8
-11
-5
3
11
11
2
-5
-13
-8
7
15
6
-1
-5
-9
-5
5
14
11
-2
-11
-16
-8
3
11
10
-1
-10
-12
1
12
8
1
-5
-9
-3
5
6
3
-5
-7
0
5
2
-2
-4
0
3
3
2
0
-4
-3
2
4
4
-1
-4
-1
0
1
3
5
0
-7
-6
-3
1
6
5
0
-3
0
-1
1
4
4
0
-6
-7
-6
0
7
3
1
0
1
2
-2
-2
0
1
2
-1
-8
-12
-3
8
17
9
-2
-9
-8
1
5
3
-3
-8
-7
-3
4
13
18
14
4
-8
-17
-17
-13
-10
-5
3
9
13
15
8
3
0
-4
-5
-5
-2
0
0
0
0
-3
0
0
-2
0
2
6
5
6
3
-2
-5
-9
-8
-4
-1
0
0
2
2
1
0
1
2
2
0
0
0
1
3
0
-2
-6
-5
-4
-2
1
1
5
9
10
4
1
-1
-3
-4
-3
-1
0
0
-1
0
-1
0
-2
-2
-2
-2
2
4
4
1
-1
-1
0
0
0
0
0
0
-2
-3
-1
0
2
0
2
4
4
5
2
0
-2
-4
-4
-5
-7
-6
-2
2
6
6
3
2
1
3
2
0
-2
-4
-3
-4
-2
-2
0
1
2
1
1
1
-1
0
0
0
0
0
0
0
-2
0
1
1
3
1
1
0
0
2
1
-1
-4
-6
-2
-1
0
1
1
1
1
3
2
1
0
-1
-1
0
-1
-1
1
0
0
0
2
2
1
1
-4
-4
-2
0
0
1
0
0
0
0
1
1
0
0
0
0
-1
0
0
1
1
0
0
0
-1
-1
0
1
0
-1
0
1
0
-1
0
1
1
1
0
0
-3
0
0
0
4
2
2
2
0
0
-2
-4
0
0
-1
0
0
1
0
0
4
0
1
1
0
-3
-3
-3
-1
-1
-2
0
0
3
3
2
3
1
0
-2
-2
-1
-1
-2
0
1
1
0
0
1
3
0
0
0
1
2
0
0
2
0
-1
-3
-1
-1
-2
-1
0
2
2
0
0
0
0
0
0
-2
-2
0
0
0
0
0
3
3
0
0
0
0
0
0
0
-1
-4
-4
-2
-2
3
5
4
4
-1
-3
0
0
1
3
0
-2
-3
-1
0
2
6
2
-4
-4
-4
-1
2
2
3
1
-3
-3
-1
0
4
2
0
-3
-2
0
0
2
0
-2
-3
-1
4
7
4
1
-6
-10
-9
-2
8
14
11
1
-7
-11
-7
1
2
0
-3
-2
3
7
18
15
0
-14
-20
-19
-9
2
8
10
8
8
4
1
-3
-5
-5
-9
-7
0
3
3
10
10
0
-1
-3
-10
-10
0
4
-1
5
11
0
-4
2
0
-9
0
1
-5
0
8
8
-4
-2
1
-6
-6
1
2
-4
3
6
1
0
2
-2
-8
-2
4
5
5
1
-5
-7
-3
0
4
4
3
2
0
-4
-2
2
-4
-6
-2
1
0
4
7
1
2
4
3
-2
-2
-5
-11
-5
-1
4
11
13
4
-2
-2
-6
-5
0
-3
-9
-4
0
0
8
16
7
-1
1
0
-11
-10
-2
-3
-2
6
10
0
-1
5
-2
-6
4
4
-7
-3
3
0
-1
7
4
-1
0
-1
-2
0
-3
-2
0
0
1
8
6
-1
0
1
-7
-9
-1
0
-2
2
3
0
1
7
3
-1
0
-5
-8
-7
-1
4
8
8
5
3
2
0
-3
-6
-13
-12
0
3
3
10
13
10
7
2
-6
-13
-11
-8
-6
-6
1
10
13
13
10
0
-9
-11
-12
-9
-7
-1
7
13
14
6
4
1
-2
-6
-11
-14
-9
0
5
8
10
9
3
5
4
-8
-10
-5
-6
-6
-2
0
2
7
11
5
0
-6
-5
-1
-2
-3
0
2
2
4
3
-3
-6
-2
0
0
0
3
6
3
1
0
-4
-8
-4
0
0
3
10
7
3
0
-2
-4
-5
-5
-4
0
2
2
-1
1
0
-1
0
0
-1
-1
3
3
1
0
0
0
1
0
0
-3
-1
4
1
0
2
1
0
-1
0
-5
-3
-1
-4
0
0
-2
0
-2
1
1
0
2
1
0
0
0
1
2
4
0
-1
-3
-3
0
0
5
7
5
1
-3
-8
-8
-1
1
2
7
6
-2
-11
-13
-8
-2
5
12
14
10
0
-10
-11
-7
2
7
12
7
0
-9
-14
-10
-2
7
12
10
3
-3
-7
-7
-2
3
6
0
-3
-3
1
4
5
1
-7
-10
-7
-1
5
9
7
0
-4
-7
-3
5
9
4
0
-8
-17
-10
4
11
9
5
-3
-8
-3
3
4
5
2
-5
-10
-8
-2
9
15
11
4
-1
-2
-6
-8
-6
-9
-3
2
5
10
8
0
-5
-6
-7
-7
0
5
3
4
4
0
-3
-1
0
1
3
1
1
0
-5
-6
0
1
2
1
0
-3
-3
0
0
4
7
8
7
4
-3
-14
-17
-12
-3
8
16
14
10
1
-5
-10
-12
-9
-5
0
5
6
7
3
-2
-5
-2
1
5
4
3
1
-3
-4
0
3
0
0
0
-1
0
0
0
0
4
2
-2
-3
0
0
-1
-5
-2
0
2
2
-1
-1
3
3
-1
-8
-4
5
8
0
-3
0
3
2
-2
-1
2
-2
-6
-2
3
4
2
1
2
2
0
-4
-4
-4
-2
0
1
4
5
5
-2
-7
-3
0
-4
-4
0
5
3
5
9
3
-9
-11
2
11
4
-7
-25
-44
-27
27
76
71
28
-19
-64
-70
-27
25
46
30
8
-14
-34
-29
-14
0
13
22
23
9
-8
-11
-5
8
13
10
7
-11
-32
-26
0
21
20
24
22
0
-15
-16
-13
-16
-11
9
14
6
-1
-10
-17
-16
-5
8
16
17
15
5
-3
-7
-3
3
7
5
-3
-13
-11
3
9
-2
-13
-10
-8
0
19
29
19
2
-8
-10
-3
2
7
4
-13
-26
-26
-24
-15
1
19
24
22
17
15
18
15
7
-3
-18
-27
-29
-26
-15
-1
7
10
11
13
13
8
8
16
17
7
-5
-16
-25
-29
-27
-10
3
7
9
12
13
9
11
16
12
-6
-19
-16
-13
-12
-4
4
2
-5
-5
7
15
11
10
8
5
-1
-6
-4
-4
-6
-5
-1
-1
1
4
5
7
4
1
1
1
-7
-11
-7
-8
-12
-7
-2
1
8
11
15
13
2
-1
1
-4
-12
-12
-6
-3
0
10
18
20
9
0
-3
-3
-4
-6
-12
-12
-10
-4
2
7
9
6
1
-3
-5
-2
0
1
0
-2
0
0
-6
-2
0
2
2
2
5
2
0
4
0
-1
1
5
3
-4
-4
-1
-4
-1
6
1
-4
0
0
-4
-3
0
2
1
1
0
-7
-1
2
-1
0
5
0
-5
-4
0
0
1
4
3
0
-2
-2
-1
2
4
5
3
2
5
-1
-1
-1
-5
-2
-7
-10
-1
1
1
5
1
2
4
1
-1
0
1
0
-2
-5
-2
0
1
3
5
8
4
0
-3
-3
-2
-3
-4
-3
-1
3
4
4
4
0
-2
-3
-5
-1
0
-1
2
4
4
3
-1
-4
-5
-5
-2
1
2
3
2
2
2
-5
-7
-1
7
11
8
1
-4
-7
-7
0
6
1
-4
-1
-2
-2
-1
0
4
6
3
-4
-10
-8
-5
5
12
12
6
0
-2
-2
-2
-1
-3
0
0
-3
-1
-2
-1
5
11
8
0
-5
-5
-3
-2
-4
-6
-2
0
1
-2
-7
-6
3
15
16
6
2
0
-1
0
-4
-8
-10
-8
-3
0
0
6
14
16
15
8
-3
-9
-13
-15
-9
-5
-6
-3
0
2
7
13
14
10
7
1
0
0
-2
-2
-6
-9
-8
-9
-7
-9
-9
-3
0
2
2
0
0
2
4
5
3
0
4
5
6
6
6
5
2
3
2
2
1
0
-2
-3
-3
-3
-1
-3
-5
-4
-4
-4
-7
-7
-7
-5
-1
3
6
5
3
2
4
6
4
1
-1
-2
0
0
3
3
0
0
-1
1
1
0
-1
-2
-2
-2
-1
-1
-2
0
1
1
2
2
0
-1
0
0
0
0
0
-1
0
-1
-1
1
2
1
0
-2
0
-1
-4
-2
1
3
3
1
1
3
1
0
0
0
-2
-1
1
0
0
2
0
-2
1
2
-1
-2
-1
0
-1
1
0
-2
1
0
-2
0
0
0
0
-2
0
0
0
1
0
-2
0
0
1
0
0
1
-2
0
0
0
0
0
0
0
0
0
1
1
0
0
0
-1
-1
-1
1
0
0
-2
0
2
0
0
0
0
0
0
1
0
0
1
0
-1
2
0
-1
-2
-2
0
0
0
0
0
0
1
0
0
1
0
0
0
1
1
0
0
-1
-1
-1
0
2
0
2
0
-2
-1
0
0
-1
-1
-1
1
0
-1
0
0
1
0
1
1
0
1
0
1
0
0
0
0
1
1
1
0
-2
-1
0
0
1
0
-2
-1
0
-1
-2
-3
-2
0
0
1
0
-1
0
0
1
0
-1
0
2
5
3
2
0
0
0
-1
-1
0
0
4
1
-1
-3
-5
-5
-3
1
3
3
1
-1
-2
-3
-2
0
3
3
1
-1
-2
-3
-4
0
1
4
5
0
-1
-1
-2
-2
-2
0
3
5
2
0
-1
0
0
-3
0
3
0
-2
0
1
0
-1
-3
-1
0
0
1
0
0
0
-1
-1
0
1
1
2
0
0
0
0
-1
-1
-1
0
-1
-2
0
2
3
2
1
0
1
-1
-2
0
0
0
0
0
0
-1
0
2
0
0
0
0
-1
-2
0
1
1
2
0
0
-1
-1
-1
0
1
0
-1
1
0
-2
-1
0
1
0
0
1
1
0
-1
-1
-1
-2
0
0
2
1
1
-2
0
1
-1
0
1
2
2
0
-1
-3
-1
0
0
1
0
3
-1
-1
-1
-2
0
-1
1
2
0
1
0
-1
-1
-2
0
1
1
1
0
-1
-1
0
0
0
2
0
0
1
0
0
0
0
0
0
-1
0
0
3
2
0
-1
-2
-1
0
1
0
0
-2
0
1
4
2
-2
-4
-2
0
1
0
0
0
0
0
2
0
0
-3
-3
1
1
1
1
0
-2
-1
0
2
2
0
-1
0
-1
1
1
0
0
-1
0
1
0
0
-1
-1
-1
0
1
-1
1
1
0
0
0
0
1
0
0
-1
-2
1
1
0
0
-1
-1
1
1
0
-1
-1
1
0
1
0
-2
1
3
2
0
-1
0
0
1
0
-4
-3
1
2
1
-3
-3
0
2
4
0
-2
-2
1
1
0
0
0
0
1
0
-2
-3
0
3
0
-1
-2
-1
1
3
2
-1
0
0
0
0
0
0
-1
0
0
-3
-2
0
3
3
0
-2
-2
0
0
0
0
0
1
-1
-4
-1
1
2
1
-1
-1
-1
0
-1
0
1
3
2
-2
-4
-3
0
4
3
0
-1
-1
0
0
-1
1
2
2
0
-1
-2
-1
1
2
3
-2
-3
0
0
-1
-1
0
1
1
-2
-5
-2
3
3
-2
-2
-1
0
2
1
2
1
1
0
-3
-1
2
3
2
0
-4
-4
-2
1
4
3
2
0
-5
-6
-2
3
6
4
-1
-6
-5
-1
1
1
3
0
0
-1
-1
0
0
1
1
1
-1
-2
-1
0
0
0
0
-2
0
3
2
1
0
0
0
0
0
0
1
0
0
0
1
1
0
-1
0
1
-1
-1
0
0
0
0
-2
0
3
3
0
-3
-3
-2
1
4
3
1
0
-1
-2
0
1
1
2
2
0
-2
-2
1
1
4
3
0
-1
-2
-4
-2
0
3
1
0
0
-2
-4
-2
0
3
4
3
0
-4
-4
-3
0
2
2
1
-2
-3
0
1
1
1
2
2
1
-1
-4
-1
1
3
2
2
0
-2
-1
-2
0
3
0
0
-1
0
0
-1
-2
0
2
2
0
-1
-2
0
1
0
-4
-2
2
1
2
0
-4
0
4
3
0
-3
-2
0
5
3
-4
-4
0
0
2
0
-1
0
0
-1
0
0
3
0
0
0
-2
0
-1
-3
0
1
1
0
0
-1
0
0
0
0
0
0
0
1
0
0
1
1
-1
0
0
-2
-1
0
0
0
0
1
0
0
0
-1
0
0
0
1
0
-1
0
0
0
0
0
0
0
1
0
-2
1
1
0
-1
-1
0
0
0
0
0
-1
-1
1
0
0
1
0
0
2
-1
0
0
0
1
1
0
-2
0
1
1
3
0
-2
-1
-2
-2
1
4
4
0
-2
-6
-3
0
4
6
3
-6
-8
-3
-1
5
9
1
-8
-9
-3
5
9
6
0
-5
-8
-3
2
6
4
0
0
-7
-7
2
7
2
0
5
5
-4
-14
-4
11
10
0
-3
-2
-4
-4
-1
2
5
3
3
-1
-8
-4
3
3
0
-1
2
6
0
-7
-3
2
-2
-1
4
6
0
-10
-5
1
2
1
3
2
0
-2
-2
0
1
2
3
3
-1
-7
-3
5
3
0
2
0
-4
-4
1
1
-3
3
5
0
-2
-2
2
4
0
-3
1
4
-1
-5
-2
0
1
0
0
1
1
-1
0
-1
-2
0
1
0
-3
-1
2
2
3
-1
-3
-1
0
1
1
0
-2
0
0
-3
1
6
7
0
-5
-4
0
0
0
2
1
0
-1
-2
2
2
0
-1
-1
-2
2
2
2
-1
-5
-5
-1
3
0
0
-1
-2
0
3
6
1
-2
-4
-3
-1
2
3
0
-2
-1
0
3
3
0
0
-3
0
3
3
1
0
-3
-8
-5
7
7
-2
-5
2
5
-1
0
7
5
-6
-9
0
8
0
-6
0
2
-1
-1
3
2
-4
-6
-1
2
1
0
0
0
0
0
2
1
-1
-1
0
0
0
0
2
0
-2
0
0
2
2
-1
0
-1
-2
-2
0
1
0
0
1
1
1
0
1
1
-3
-3
-1
-1
1
0
0
1
2
1
-1
0
1
-2
-2
-3
-1
1
0
0
2
2
0
0
1
0
-1
0
0
1
1
0
0
0
2
0
0
0
-1
-3
0
1
1
1
1
0
-1
-2
-3
-4
-2
1
4
3
3
3
0
1
0
-3
-2
-3
-3
0
2
2
1
1
1
0
-1
0
-2
-1
0
2
1
-1
-1
-1
-1
0
0
1
1
0
2
2
0
-4
-5
-4
-1
3
4
2
2
3
0
0
0
-3
-5
-2
0
2
1
0
1
3
0
-1
-2
0
-1
-2
-1
1
4
1
-2
0
1
3
1
-2
-1
0
0
-1
-2
-1
0
0
0
4
5
1
-3
-1
3
0
-5
-2
1
0
-2
1
4
2
0
-2
1
3
-2
-5
0
0
-2
-2
0
3
1
0
0
2
0
-2
-2
0
0
-2
-1
3
3
1
2
0
-1
-1
-1
0
0
-2
0
0
0
0
0
0
0
-1
0
1
0
0
1
0
-1
0
1
1
0
0
0
-1
0
1
0
0
0
0
0
0
0
0
-1
0
-1
0
0
0
1
3
1
-4
-2
2
1
0
-2
0
2
0
0
3
2
-4
-8
0
6
3
0
-3
-1
2
1
0
0
-2
-13
-6
22
33
-1
-30
-21
-12
-5
19
36
13
-27
-25
0
12
13
6
-1
-8
-12
-1
5
-1
-7
2
14
6
-6
-1
7
-1
-10
2
6
-8
-14
0
11
5
0
6
4
-4
-13
-6
10
6
-4
-2
0
-1
-6
-4
8
12
2
-8
-3
8
-1
-14
-5
8
0
-5
7
10
0
-10
-5
6
5
-2
-3
0
2
1
-1
-1
0
0
1
3
0
-3
-1
2
2
1
1
-4
-8
-4
1
3
0
0
4
5
2
-5
-7
0
3
-4
-2
4
0
-3
4
7
0
-9
-6
3
4
2
5
-1
-7
-3
-3
1
3
0
0
0
1
2
0
0
-1
-3
0
1
0
0
2
0
-1
-2
0
3
1
0
0
0
-2
-2
3
1
0
-1
0
0
-1
2
5
0
-1
-5
0
5
2
1
-3
-4
2
5
0
-5
-8
1
10
5
-2
-5
-3
1
3
2
-4
-10
-5
3
7
6
-6
-11
-4
3
10
4
-5
-7
-4
2
4
3
0
-2
1
4
3
5
0
-2
-1
0
4
7
2
-3
-6
-6
0
3
4
0
-2
-2
-2
0
1
0
-2
-2
-1
0
3
3
-2
-3
-5
2
4
1
-5
-7
-3
5
11
6
-4
-11
-6
2
11
7
-3
-9
-4
4
9
4
-4
-7
-3
2
6
1
-1
-1
0
2
0
-2
-2
-1
4
4
-2
-3
-5
-3
5
9
3
-5
-7
-2
4
5
1
-3
-1
0
-2
3
3
-1
-1
0
2
2
0
-2
0
2
2
-2
-3
2
1
2
0
-5
0
1
-1
0
2
-1
-1
0
0
-3
-1
7
0
-8
0
1
-4
-3
1
3
3
0
-6
1
6
0
-8
4
11
0
-4
0
1
0
-1
0
2
4
-4
-7
0
4
2
-1
-3
0
1
-2
-3
-2
1
1
-1
0
2
1
-3
0
4
1
0
0
0
0
-4
-1
1
0
1
0
1
3
0
-2
3
2
0
-1
-2
0
3
0
0
3
-2
-2
-1
-1
0
1
2
-1
-2
-1
-3
0
2
0
0
0
-2
1
7
4
0
-6
-2
2
3
2
-1
-2
-1
0
0
2
-1
-5
-4
2
4
2
-1
-3
1
1
0
2
0
-1
0
0
0
1
0
-1
1
-1
-2
0
2
1
-1
-1
0
-1
0
1
2
2
-1
0
3
0
-2
0
2
-1
0
0
0
0
-2
-2
-1
0
-2
-1
2
1
0
-2
-2
0
0
1
1
0
0
1
2
2
0
0
1
0
0
0
0
0
0
0
-2
-1
0
0
0
0
0
0
0
1
2
1
-1
-1
0
1
0
-2
0
1
-2
-4
1
3
0
-3
4
4
-4
-6
0
6
0
-7
0
6
1
-5
-1
6
1
-4
-2
4
5
-2
-1
2
2
-2
-2
2
1
-2
-4
0
2
-1
-3
0
3
0
0
0
0
0
1
1
-1
0
2
0
-3
0
3
1
-3
0
2
1
-1
0
1
2
0
-3
-1
2
0
-3
1
1
0
0
0
0
0
0
-1
0
0
0
0
-3
-1
3
0
-3
-1
0
0
-2
-1
0
1
0
0
1
1
0
-1
0
1
1
1
0
0
0
0
0
-1
-1
-1
0
1
0
0
0
-2
1
1
0
1
1
0
0
0
-1
0
-1
0
0
0
1
-1
0
2
0
0
1
0
-1
0
1
0
-2
0
1
-1
-2
0
0
3
2
0
0
-1
-2
-1
-1
0
2
1
1
3
0
0
-3
-3
-3
-4
1
0
2
5
2
0
0
-1
-2
-4
-4
0
2
3
3
4
1
0
-1
-2
-3
0
1
1
1
3
2
-1
-2
-3
-3
0
0
4
4
1
-2
-3
-2
-2
-2
0
2
2
1
2
1
0
0
0
0
-1
0
0
-1
-1
0
1
0
0
1
1
0
0
0
0
-1
0
1
1
0
1
1
2
0
-1
0
-1
0
0
0
-3
-1
0
0
1
-1
0
0
-1
1
1
-1
-1
1
0
0
0
0
0
-1
-1
1
4
4
2
-2
-3
-1
0
2
0
-2
-4
-3
0
3
7
2
-2
-6
-1
5
7
3
-2
-7
-6
3
6
5
0
-3
-4
-1
-2
-6
-3
0
6
10
5
-5
-9
-10
-5
7
16
19
6
-19
-38
-25
15
51
44
-1
-51
-61
-13
46
65
30
-29
-68
-47
9
51
50
9
-32
-39
-13
18
28
14
-4
-14
-14
-9
-1
8
16
15
-3
-24
-28
-5
23
32
17
-10
-24
-20
-7
7
14
17
12
-2
-17
-22
-11
7
21
16
2
-9
-15
-8
3
11
10
3
-6
-11
-9
-5
0
4
9
12
7
-2
-10
-9
0
8
8
-1
-7
-9
-5
1
7
6
4
-1
-6
-7
0
9
5
-5
-11
-11
0
12
15
8
3
-2
-5
-7
-8
-7
-5
0
8
12
8
0
-8
-7
0
3
2
-2
-8
0
10
13
5
-11
-21
-14
4
20
24
9
-11
-24
-19
-2
12
16
11
1
-4
-10
-11
-4
2
8
10
3
-3
-3
-2
1
0
-2
-1
0
5
1
-1
-2
-1
1
0
0
0
0
0
-3
-2
4
4
3
0
-2
0
-2
-4
-1
0
0
3
0
-1
0
2
0
-1
-1
0
3
2
0
-2
-4
-2
0
4
7
2
-2
-5
-8
0
2
-1
1
2
0
-1
-1
0
0
0
0
0
2
0
0
-1
-1
0
0
0
3
3
-1
-4
-2
0
2
1
0
-1
-1
0
0
0
-2
1
2
0
0
0
-2
-1
2
1
-1
-2
-3
1
3
0
-1
-1
0
1
3
0
-1
0
0
0
0
1
-1
1
0
0
0
1
0
1
1
0
-1
0
0
0
0
-1
0
1
-1
-1
0
0
0
0
0
-1
0
0
2
0
0
0
-1
0
-1
-1
0
0
2
1
0
0
-1
-1
0
0
2
2
2
0
-2
-1
0
0
0
1
-2
-1
-1
0
0
2
0
-1
0
0
0
2
2
1
3
2
-1
-1
0
0
0
0
0
0
0
0
-1
0
1
-1
0
-1
0
1
0
0
-2
-1
0
0
0
0
1
1
0
-1
0
0
-1
0
1
1
1
0
0
-2
-1
0
1
3
2
1
1
-2
0
0
-2
-1
0
1
0
0
-1
-2
-2
-2
-1
0
2
3
0
-1
0
0
0
1
2
0
0
0
1
0
-1
-1
0
0
0
0
-1
0
-1
0
1
0
1
1
0
0
0
0
1
0
-3
-2
0
1
0
0
0
1
1
1
1
0
0
1
0
0
1
0
-2
0
0
-2
-2
0
0
-1
0
0
0
0
0
1
5
3
1
0
-3
-2
-1
1
1
0
0
-2
1
4
5
3
-1
-3
-2
-4
-1
2
4
5
0
-11
-21
-29
-24
2
38
55
49
16
-17
-30
-22
6
28
31
16
-16
-38
-41
-34
-20
-11
-7
2
8
13
14
15
17
18
18
17
14
9
0
-8
-14
-15
-16
-12
-11
-13
-12
-10
-7
-3
-2
-3
-4
-3
0
2
8
17
21
20
19
17
19
23
20
11
1
-6
-13
-20
-23
-20
-24
-33
-37
-28
-11
3
14
17
14
8
-5
-18
-8
12
29
26
11
0
-8
-13
-9
3
21
27
18
8
3
1
-2
-8
-3
5
6
1
-7
-12
-15
-18
-20
-16
-9
-3
1
1
-6
-14
-8
10
29
42
34
13
-11
-27
-26
-13
0
0
-15
-34
-35
-8
37
67
63
37
8
-14
-24
-22
-11
-4
-17
-40
-48
-33
-1
18
25
31
39
44
38
19
6
-1
-10
-16
-17
-10
-8
-6
-1
9
19
24
7
-30
-64
-86
-88
-66
-27
11
40
55
55
47
34
31
34
36
28
14
5
0
0
3
5
7
-2
-25
-48
-64
-60
-36
-13
2
2
-2
-3
7
21
32
35
25
7
-6
-9
0
5
9
8
6
0
-5
-3
-5
-2
3
8
4
-4
-5
-11
-14
-6
-3
-5
0
0
-7
-8
-8
-3
0
4
9
9
5
0
1
1
0
0
2
3
4
4
4
4
9
9
6
0
-2
-7
-12
-12
-5
-1
0
3
3
0
-6
-8
-9
-8
0
2
-2
-3
0
3
8
11
13
13
10
7
-3
-10
-10
-7
-2
3
8
7
3
2
0
-3
-3
0
4
-2
-9
-10
-5
0
0
-8
-9
0
11
15
11
8
10
4
-2
-9
-10
-6
-6
-8
-7
0
6
7
8
7
8
4
-5
-9
-8
-4
-2
-5
-5
-5
-2
1
6
6
7
6
3
0
-4
0
1
1
3
0
-1
-1
1
2
0
-4
-4
0
1
0
0
0
-2
-7
-7
1
7
3
0
-1
-1
-3
-5
0
9
13
13
6
-3
-14
-9
3
10
4
-6
-5
1
3
-2
-7
-7
1
8
6
0
-8
-14
-4
10
17
9
-5
-11
-12
-4
3
7
7
5
2
-2
-5
-5
-2
-1
1
0
-3
-4
-2
3
8
9
4
0
0
-2
-4
-5
-3
3
6
1
-3
-4
1
4
-1
-5
-3
5
7
-3
-10
-5
5
8
0
-7
-3
0
3
6
1
-1
-5
-4
3
9
2
-7
-14
-11
1
15
20
10
-6
-14
-8
4
11
8
-2
-12
-11
0
9
7
0
-5
-3
1
1
6
4
0
-6
-7
-4
0
0
-3
0
1
0
1
6
8
5
-2
-3
-1
-1
-5
-4
-1
-2
-2
2
5
2
-1
3
5
0
0
0
0
-4
-5
0
4
5
6
3
0
-3
-1
0
0
-2
-6
-4
0
-1
-4
-3
0
0
3
5
4
2
2
4
4
-2
-5
-4
-4
-3
-1
0
1
3
4
5
4
2
-2
-4
-4
-4
-2
0
0
1
1
0
0
1
0
0
1
2
2
0
-2
-2
-3
-3
-2
0
1
1
0
0
0
1
0
0
-2
-3
0
1
2
4
2
0
0
0
1
-1
-1
0
-1
0
0
-2
0
1
2
0
-1
0
-1
0
3
0
-3
0
-2
-1
-1
0
0
1
3
0
0
0
0
1
1
0
0
0
0
0
-2
-1
-2
0
2
1
-1
-2
-1
0
1
1
0
1
0
1
0
-1
0
-2
0
0
0
0
0
0
0
2
1
1
0
1
0
0
0
-1
1
0
0
-1
-1
-1
1
3
2
1
0
-3
-1
-1
0
0
0
0
-2
0
0
0
0
1
0
0
1
0
-1
-1
0
0
0
1
0
0
0
0
0
0
0
2
0
0
0
-1
0
0
0
0
0
0
0
0
0
0
0
0
0
0
-1
0
0
0
0
0
0
0
0
0
0
0
0
0
-1
0
0
0
0
0
1
0
0
0
0
0
0
0
0
0
1
0
-1
0
0
0
0
1
0
1
0
0
-1
-1
0
0
0
0
0
0
1
0
0
0
-1
0
0
0
0
0
0
0
1
0
1
0
0
0
0
0
1
-1
-2
0
0
0
0
-1
0
0
0
-1
1
1
0
0
-1
0
0
0
0
0
1
1
1
0
0
0
0
1
2
0
0
0
-2
0
0
0
0
0
-1
0
0
0
0
-2
-1
-1
0
0
0
0
0
1
0
0
1
1
0
0
-1
0
0
1
1
0
1
0
0
1
0
0
-1
-1
0
0
0
0
-1
0
0
0
0
-1
0
0
0
0
0
0
0
-1
0
1
0
1
0
0
1
0
1
0
-1
0
0
-1
0
0
0
-1
0
0
0
0
0
0
0
0
-1
0
0
0
0
0
0
0
0
0
0
0
1
1
1
1
-1
0
0
0
0
-2
-1
0
0
0
0
0
0
0
1
0
0
0
0
1
0
0
1
0
0
-1
-1
0
0
1
0
0
0
-1
0
0
0
1
1
2
0
0
0
-1
-1
0
2
1
0
0
0
0
0
0
0
0
1
0
0
-1
-1
-1
-3
0
1
-2
0
1
0
2
0
-1
0
1
0
0
0
0
1
1
0
0
0
0
0
0
0
0
2
0
0
0
0
-1
-1
0
0
0
-2
0
0
0
-1
-1
1
1
0
-1
-1
1
0
-2
-1
0
0
0
0
0
0
1
1
0
1
1
0
-2
0
0
0
0
0
0
0
0
1
2
0
1
0
0
0
0
-1
0
0
-2
-1
-1
-1
1
1
0
0
2
0
1
0
-1
0
0
-1
-1
0
0
0
0
0
0
0
1
0
0
1
0
1
1
0
-1
0
0
1
0
-1
0
0
0
1
0
-2
0
0
-1
0
0
0
0
-1
0
0
0
0
0
0
0
1
0
0
0
0
0
0
0
1
0
0
0
1
0
0
0
0
1
0
1
2
0
0
2
-1
0
2
0
1
1
-1
0
0
-1
0
-1
0
-1
-1
-1
-1
-3
-2
0
-2
-1
0
-1
-2
-1
0
-1
0
0
1
0
0
1
0
2
0
2
2
2
2
2
1
1
1
2
1
1
0
1
1
0
0
1
0
0
0
0
-1
-1
-1
-1
0
-1
0
-2
-1
0
0
-1
-1
-1
0
0
0
-1
0
0
0
0
0
0
0
0
0
1
0
1
0
1
0
0
0
1
0
0
1
1
-1
0
0
0
0
0
-1
-1
0
0
0
0
-1
0
0
0
0
-1
0
0
1
0
0
0
0
-1
1
1
0
1
0
-1
2
2
-1
0
0
0
1
2
0
-2
0
0
0
0
-1
0
-1
0
0
0
1
0
-2
0
0
0
0
1
-1
0
0
0
0
0
1
-1
0
0
0
0
1
1
-2
0
0
0
0
1
0
0
1
0
0
0
1
0
0
0
0
0
-1
0
0
-1
0
0
0
-1
0
0
0
0
-1
0
0
0
0
1
0
-1
0
0
1
0
2
0
0
1
0
0
0
0
0
0
1
0
1
0
0
0
-1
0
1
0
0
0
0
-1
-1
0
1
0
0
0
0
0
0
0
0
0
0
0
0
0
0
0
-1
-1
0
0
1
0
0
0
-1
-1
0
1
0
1
0
0
0
0
1
1
0
0
1
0
0
0
0
0
1
1
0
0
-2
0
0
0
0
0
0
0
0
0
-1
0
0
0
0
0
0
0
0
-1
0
0
1
0
0
0
0
1
0
0
-1
0
1
0
0
1
0
1
0
0
2
-1
0
0
0
0
-1
0
0
0
0
0
0
1
0
-2
0
0
0
0
0
0
0
0
0
0
0
0
0
0
0
0
0
0
1
0
0
0
0
0
-1
0
1
0
0
1
0
-2
0
0
-1
0
0
0
0
0
0
0
0
0
0
0
0
-1
0
0
0
0
1
0
0
0
0
0
0
0
1
0
0
0
0
0
1
0
0
1
0
0
0
0
0
0
0
0
0
0
0
0
0
0
0
0
-1
0
-1
-1
0
0
0
0
0
0
0
0
0
0
1
0
0
0
0
0
0
1
0
0
0
-1
1
1
-1
-1
0
0
-1
0
1
0
0
0
-1
0
1
0
0
-1
0
0
1
0
-1
2
0
0
1
0
0
1
2
0
-2
0
0
0
0
0
-1
-1
0
0
0
1
0
-1
-1
0
0
0
0
0
0
-1
0
0
1
0
0
0
0
0
0
-1
2
0
0
0
0
-2
0
0
1
0
1
0
0
0
0
0
0
0
-1
0
0
0
0
0
0
-1
0
0
0
0
0
0
0
-1
0
0
-1
0
1
0
-1
0
0
1
0
0
0
0
0
0
0
0
0
1
1
0
-1
-1
-1
1
1
-1
0
0
0
0
-1
-1
0
0
0
1
-1
0
0
0
1
0
-1
0
1
1
0
0
-1
0
0
0
0
0
0
0
0
0
0
0
1
0
-1
0
0
1
0
0
-1
0
0
1
1
0
0
0
-1
-1
1
1
0
0
0
-2
-1
2
1
1
0
0
-1
-2
0
0
2
0
-1
-2
-1
0
1
2
0
-1
-1
-3
0
2
0
1
0
0
0
0
1
1
0
-2
-1
-2
0
2
1
-1
0
0
0
0
1
1
-2
-3
-1
0
1
3
1
-1
0
-4
-2
1
2
4
1
-1
-4
-2
-1
0
2
2
0
-1
0
0
0
0
1
0
0
0
0
0
1
1
-1
-2
-1
0
0
0
0
1
0
-1
0
0
0
0
0
1
0
0
0
0
-2
0
1
2
0
0
0
0
-1
0
0
0
-1
-1
0
0
0
0
0
-1
-2
-1
0
1
1
0
0
-1
0
0
0
0
0
0
0
0
0
1
1
0
-2
0
0
0
1
1
-1
-1
0
0
0
0
0
0
0
0
0
0
-1
-1
0
0
0
1
0
0
1
-1
0
1
0
0
-2
0
0
1
0
0
0
0
0
1
0
0
0
0
1
0
0
0
0
0
0
1
1
1
0
-2
-2
0
1
0
0
-1
0
1
0
-1
0
-1
0
1
0
1
0
0
-1
0
0
0
0
0
-1
0
0
0
0
0
0
0
0
1
2
0
-1
0
0
1
0
0
0
0
0
1
0
0
-1
-2
1
0
0
0
1
1
0
-1
0
-1
-1
0
0
0
0
-1
0
0
0
0
2
1
0
0
0
0
0
0
1
2
0
0
0
0
-1
0
-1
0
1
1
0
0
0
0
0
0
0
0
-2
0
0
0
0
0
1
1
-1
-1
0
0
-1
0
1
0
0
0
0
0
0
-1
0
0
0
0
1
1
0
0
0
1
0
0
0
0
-1
0
0
0
-1
-1
0
-1
0
-1
0
2
0
0
0
0
-1
0
-1
0
0
0
0
0
0
1
0
-1
0
0
0
0
0
1
0
0
0
0
0
0
0
0
1
0
0
0
0
-1
0
0
1
0
0
0
0
0
-1
0
0
0
0
0
0
0
0
0
0
0
0
0
0
-1
-1
1
0
0
1
0
0
-1
-1
0
1
0
1
2
0
0
0
0
0
-1
0
0
0
0
0
-1
0
-1
-1
0
0
0
1
0
-1
0
0
0
1
0
0
0
0
1
1
2
0
-1
0
0
0
0
0
0
0
0
0
-2
0
0
0
0
0
1
0
0
0
0
0
0
0
0
0
0
1
1
0
0
0
-1
0
1
0
0
0
0
1
0
-1
-1
1
0
0
0
0
0
0
1
0
-1
0
0
0
0
0
0
0
0
0
0
0
0
0
1
0
0
0
0
0
0
0
0
0
0
0
0
0
0
0
-1
0
-1
-1
1
0
0
0
0
0
0
0
0
-1
0
1
0
0
0
0
0
-1
0
1
0
1
0
0
0
0
1
0
0
0
0
0
0
0
0
0
0
0
1
0
0
0
-1
-1
-1
-1
0
0
-1
0
0
0
0
0
0
0
0
1
0
1
2
1
2
2
1
1
0
0
0
-1
-2
-3
-2
-2
-2
-1
-3
-3
-3
-2
-1
-1
-1
0
0
1
2
3
0
3
3
3
3
3
4
3
1
1
1
1
0
-1
-3
-2
-1
-1
-2
-3
-3
-3
-3
-2
0
0
0
-1
0
0
0
2
1
2
0
1
1
1
0
0
0
0
0
0
0
1
-1
0
0
0
0
1
0
0
1
0
0
0
0
0
0
0
-1
0
0
-1
-1
-1
0
0
-1
-2
-1
0
0
0
0
1
0
2
1
2
0
0
1
2
0
0
0
0
0
0
0
-1
0
-1
0
0
-1
0
0
-1
-1
0
0
0
1
0
0
1
-1
-1
0
0
0
0
0
0
-1
-1
1
0
0
0
0
0
-1
0
0
0
0
0
0
-2
-1
0
0
1
0
0
1
1
1
1
0
0
0
-1
-1
0
0
0
0
0
-1
0
0
0
0
0
0
0
-1
0
0
0
0
-1
0
0
-1
0
0
0
0
0
0
0
0
0
0
0
0
0
1
0
0
0
-1
0
0
1
0
0
0
0
0
0
0
1
0
0
0
0
0
0
0
0
0
0
0
0
1
0
0
0
0
0
-1
-1
0
0
0
0
0
0
0
0
0
0
0
0
0
0
1
0
0
0
0
-1
0
0
0
0
0
-1
0
0
-1
0
0
0
0
0
0
0
0
0
1
0
0
0
0
0
0
-1
0
0
0
0
0
0
0
0
0
0
-1
-1
0
0
0
0
1
0
0
1
0
0
0
1
0
-2
0
0
-1
0
0
0
-1
-2
0
0
0
0
0
0
0
1
0
0
0
2
2
0
0
0
-1
-2
0
-2
0
0
0
0
1
0
1
0
0
0
0
0
0
0
0
0
0
0
-1
0
1
0
0
0
0
0
0
0
0
0
-1
-1
0
1
1
1
0
-1
1
2
1
1
1
0
0
0
0
0
-1
-1
0
0
0
-1
0
0
-1
0
0
1
2
0
1
0
0
2
0
0
0
0
1
0
0
-1
-2
-1
-2
0
0
0
0
0
0
0
0
0
0
0
0
0
1
2
0
0
-1
0
0
0
1
0
0
0
0
2
1
-1
-1
-2
0
0
0
1
1
1
0
0
0
0
0
0
0
0
0
1
1
0
-1
0
-1
0
0
0
-1
0
0
0
2
0
1
0
0
0
0
1
0
0
0
-1
-1
0
0
0
0
0
0
0
0
0
0
0
0
0
0
0
0
0
2
0
-2
-1
-1
-1
0
0
0
0
-1
0
0
-1
0
1
0
0
0
1
1
0
0
0
0
0
1
0
0
0
-1
0
1
1
0
-1
-2
-1
0
1
1
-1
-2
-1
0
2
3
0
-1
-2
-1
2
3
1
-2
-2
-4
0
1
3
1
-3
-2
-1
1
3
1
0
-1
0
1
1
1
0
0
1
0
0
1
0
0
0
0
1
0
0
0
-2
-2
0
1
0
0
0
-1
-1
0
1
0
0
0
1
0
0
-2
0
0
0
0
0
0
1
2
2
0
-1
0
0
0
2
0
-1
-1
-2
1
0
0
1
0
-2
-1
0
0
1
0
-1
0
0
-1
1
-1
0
2
1
1
-1
-5
-3
0
2
6
5
1
-1
-7
-5
1
3
6
3
-3
-5
-3
-1
2
4
3
0
-3
-3
-2
0
1
2
1
0
0
1
1
0
-2
-4
-2
1
5
4
4
0
-4
-9
-5
0
4
6
4
0
-2
-1
0
2
2
-1
0
-2
-2
0
2
4
0
-2
-4
-4
0
0
2
3
3
0
-4
-5
0
3
2
1
0
-2
0
1
1
0
0
0
0
0
1
1
1
0
1
-1
-3
0
0
-1
0
0
2
-1
-3
0
-1
-2
-1
1
2
0
3
2
0
1
1
1
0
0
1
2
-1
-2
-3
0
0
-3
-1
-3
-3
-1
2
5
2
0
-1
-1
-3
1
6
4
0
-5
-5
0
3
5
5
0
-3
-5
-2
2
3
1
-4
-5
-2
0
7
7
3
-4
-7
-3
0
3
5
1
0
-1
-2
-3
-2
0
6
6
0
-6
-9
-3
5
8
7
-3
-8
-6
0
5
5
2
-3
-1
0
0
-3
-5
-2
1
3
1
1
-3
-4
0
2
4
5
-1
-3
0
0
0
-1
-2
-1
4
3
4
1
-2
-1
-1
1
-1
-3
0
-1
-1
0
0
0
0
-2
-2
1
4
4
1
-3
-5
-1
2
2
0
-2
0
1
5
2
-8
-12
-4
8
13
7
-5
-13
-9
1
11
11
1
-7
-6
-2
4
5
0
0
-3
-5
0
4
6
3
-3
-7
-2
4
5
5
-2
-6
0
0
1
0
-1
-3
-1
2
-1
-5
0
6
3
-4
-3
-2
4
7
1
-5
-6
0
8
7
1
-2
-6
1
4
1
-1
-5
-2
2
6
4
-3
-3
0
0
-1
-3
-3
-1
3
5
2
-3
-5
0
7
6
-2
-9
-7
1
11
6
-6
-7
-2
4
11
1
-12
-8
5
8
3
-2
-8
-2
3
6
3
-5
-2
3
2
-3
-4
-4
0
5
3
0
1
-2
-3
-3
-4
3
7
3
0
-4
-5
-2
0
0
1
5
5
0
1
-1
-10
-4
4
9
3
-3
-6
-1
4
0
-3
0
0
2
3
3
1
0
-4
-4
-2
3
9
5
1
-8
-8
-3
-2
2
2
0
0
0
4
4
4
3
1
-2
-9
-10
-4
1
3
3
2
2
5
3
1
1
1
-2
-8
-7
-3
3
4
2
4
5
4
3
0
-8
-19
-30
-31
-13
14
24
27
32
27
23
7
-17
-39
-62
-71
-50
0
61
115
127
89
23
-53
-111
-118
-74
-17
21
40
32
12
9
14
16
17
2
-15
-34
-39
-21
-8
9
19
17
14
12
17
17
12
5
-6
-23
-26
-10
6
15
20
9
-13
-13
-11
-7
9
15
9
-3
-14
-20
-14
-4
8
18
24
20
4
-17
-35
-38
-25
-2
22
34
35
23
8
-3
-15
-17
-18
-16
-6
7
18
22
17
7
-5
-15
-11
-5
-4
-4
-8
-8
-2
12
24
20
11
-6
-23
-23
-15
-6
4
8
10
12
7
6
0
-2
-4
-9
-10
-11
-10
-5
2
13
17
11
5
0
-5
-2
-1
-5
-8
-7
0
8
14
13
7
0
-5
-8
-8
-8
-3
0
3
3
-2
-6
-4
0
4
6
5
1
3
0
-3
-4
-8
-6
0
3
10
3
-3
-2
-3
-2
0
0
-2
-2
-2
0
6
7
5
0
-4
-2
-1
3
7
1
-1
-2
-3
-4
-2
1
0
0
1
-2
0
0
0
0
-5
-6
-3
-2
3
6
6
3
1
1
-1
1
3
0
0
-2
-4
-5
-2
-1
-1
0
-3
0
2
2
1
1
0
0
3
2
4
5
0
0
2
3
1
4
0
-5
-3
-2
-2
-4
-5
-6
-9
-10
-6
-3
-2
-1
-3
-3
-1
0
2
4
3
4
9
15
14
13
10
10
8
7
6
1
0
-3
-4
-5
-7
-8
-9
-8
-8
-9
-7
-9
-8
-9
-6
-3
-2
0
1
3
0
3
4
3
2
0
0
0
0
1
2
0
1
1
3
1
0
0
2
4
2
1
1
2
0
0
1
2
2
1
0
0
-1
-1
-2
-1
-2
-1
0
-3
-3
-2
-1
0
-1
1
2
2
4
2
1
2
2
0
-2
0
3
4
3
0
-4
-6
-7
-3
1
4
2
0
-8
-13
-10
-6
3
8
11
12
5
-2
-6
-8
-3
3
6
7
5
1
-2
-3
-1
0
3
2
0
-2
-3
-3
-1
0
0
1
2
3
0
-1
0
0
2
1
1
1
0
-3
-2
-3
-3
0
-1
-2
-3
-2
1
1
1
-1
-4
0
1
3
5
3
1
0
0
0
2
3
1
0
-1
-2
0
1
2
1
0
0
-3
-3
0
1
2
0
0
-4
-4
0
2
0
0
0
-2
-3
-1
-1
3
3
0
-1
-4
-3
1
3
2
4
2
0
0
1
0
-1
0
1
1
0
1
3
2
0
-3
-4
-2
-1
0
-1
0
0
-4
-3
1
1
2
2
0
0
-1
-2
0
0
1
1
0
0
1
4
0
-1
-2
0
0
1
0
-2
0
1
0
0
0
0
2
1
0
0
0
0
-1
2
2
0
-1
-1
-1
0
0
0
3
0
-1
-2
-1
0
0
0
0
-1
1
0
-1
0
0
1
0
-2
0
0
2
0
-1
0
0
0
0
0
1
1
0
0
-2
0
1
0
0
0
0
0
0
-1
0
0
0
0
0
0
2
0
-3
0
0
0
2
2
1
0
0
2
-1
-3
-1
-4
-1
1
0
0
2
1
0
-1
0
0
0
0
2
0
-1
0
0
0
1
2
1
3
2
4
2
-1
-1
-2
-5
-4
0
3
0
-2
0
-4
-3
0
0
0
0
0
-3
-4
0
1
0
0
1
0
0
0
1
1
0
0
0
0
0
2
1
1
1
0
0
0
0
1
1
0
0
0
0
0
0
1
-1
-2
-2
-3
0
3
2
0
0
-1
0
0
-1
0
2
1
0
0
1
0
2
1
0
1
0
0
0
-1
0
0
-1
0
0
0
0
0
-1
0
0
0
0
0
0
0
0
0
0
0
1
0
0
1
0
0
1
0
0
0
-2
-1
0
0
0
-3
-2
0
-1
1
1
0
1
0
0
0
1
1
0
0
1
0
1
0
1
1
0
-2
-1
-2
0
2
0
0
0
0
0
-2
0
0
0
0
-2
0
0
0
0
0
0
0
-1
-1
-1
1
1
0
0
0
0
1
0
0
0
0
0
1
0
-1
0
0
0
0
-1
0
0
1
0
1
0
-1
0
0
0
0
0
0
0
0
0
0
1
0
1
-1
0
0
0
0
-1
-3
-3
0
1
-1
0
0
1
0
2
1
-1
0
1
3
0
-1
0
0
0
0
0
0
-2
-2
1
0
-1
0
0
0
3
1
-1
0
-1
-1
1
1
0
-1
-3
0
0
0
0
0
-1
-1
0
1
0
0
0
1
-1
-1
0
0
0
0
0
0
0
0
0
0
0
0
0
0
0
0
0
1
0
0
0
0
1
-2
-2
0
0
1
0
0
0
0
1
0
-1
-1
0
0
0
0
0
-1
0
1
-1
0
0
0
0
0
1
0
0
0
0
0
0
0
1
-1
-1
0
0
-1
-1
0
1
-1
0
0
-1
1
1
0
-2
0
1
0
-1
-2
0
1
1
0
-1
-2
0
1
1
-1
-1
0
0
0
0
0
0
0
0
0
-1
-1
0
1
1
2
1
1
0
0
0
-3
0
0
0
-1
0
0
0
0
0
0
-1
0
0
0
1
0
0
0
0
0
-1
0
1
1
0
0
-1
0
0
0
1
0
-1
0
0
1
0
0
0
0
0
0
0
-1
0
2
1
0
0
-2
-2
0
0
0
2
1
0
0
0
0
1
0
0
0
0
0
0
0
-1
-1
0
0
0
0
0
-2
0
0
1
1
0
0
0
0
0
2
1
0
0
-1
-1
0
1
0
0
-1
0
2
-1
0
0
0
1
0
0
0
1
0
-2
-1
-2
0
0
0
0
0
0
0
0
0
1
0
0
0
1
0
-1
-1
0
0
0
0
0
0
-1
-1
-1
-1
1
0
0
0
0
-1
0
1
-1
-2
-1
0
1
0
0
0
1
0
0
1
2
-1
0
0
1
0
0
0
1
0
1
1
0
-1
-1
0
0
0
0
0
1
0
-1
0
1
-1
0
0
0
-1
1
1
-1
-1
-1
0
1
0
0
0
1
0
-2
0
0
1
2
1
0
0
-1
-1
0
0
0
0
0
-3
0
1
1
0
1
1
-2
0
1
0
-1
0
2
0
0
-2
-1
0
0
0
-2
1
2
0
-1
0
0
0
1
2
0
0
2
0
0
0
-3
-1
0
1
1
0
-1
1
0
-1
0
-2
0
2
-1
0
0
-2
0
0
0
1
-1
0
1
0
2
2
0
0
0
1
0
0
0
-1
0
2
-2
-2
0
-2
0
-1
-1
0
-1
0
2
3
-1
-1
0
0
1
0
0
0
1
0
1
0
0
1
1
0
0
0
-4
-2
1
1
0
-2
-3
0
2
0
1
0
0
2
0
0
-2
-2
1
1
2
2
2
0
-3
-3
-1
1
4
2
-5
-10
-4
7
12
4
-4
-4
-1
0
0
2
5
0
-11
-17
-15
5
34
46
30
-28
-83
-79
-20
63
100
67
-1
-55
-65
-39
-9
12
41
56
46
4
-44
-60
-41
-4
27
35
27
13
-1
-12
-22
-30
-22
-3
19
31
23
9
-10
-25
-23
2
27
20
-7
-25
-8
11
13
-4
-18
-5
14
22
10
-4
-10
-15
-14
-11
-6
4
30
46
21
-26
-48
-28
0
12
16
18
14
7
-2
-14
-12
-2
-1
-11
-8
11
21
10
-5
-4
0
-7
-15
-7
9
7
0
2
6
6
3
0
-12
-16
0
1
-12
-8
21
35
14
-9
-20
-23
-14
4
10
14
15
0
-13
-11
1
-4
-4
16
18
-2
-16
-7
-1
-8
-6
6
25
33
12
-28
-36
-13
-4
-6
-1
24
37
18
-9
-32
-32
-1
15
17
8
-3
-4
-4
4
7
-2
-14
-5
16
26
2
-25
-21
-6
4
13
15
17
2
-17
-28
-18
11
28
9
-8
-3
11
4
-28
-32
-2
28
29
9
-5
-14
-18
-4
21
16
-16
-24
8
26
7
4
4
-13
-14
3
7
-2
-1
-4
-18
-3
24
25
-2
-17
-15
-16
-2
21
21
0
-5
-5
-21
-21
3
27
24
0
-14
-9
-1
0
9
15
8
-6
-20
-17
8
19
6
-8
-6
-2
-4
0
4
-2
-10
-6
13
20
-1
-12
-9
-15
-4
21
18
2
3
3
-8
-14
-6
-5
-4
4
4
5
18
20
6
-12
-24
-15
-7
-2
5
0
1
8
8
6
3
-9
-12
-5
-5
-2
4
7
12
9
-5
-3
2
-4
-12
-6
4
19
7
-21
-10
17
22
7
-9
-27
-28
2
26
25
13
-7
-20
-7
3
5
-2
-12
-7
6
13
5
2
8
-5
-18
-10
5
9
-12
-9
13
10
9
12
-10
-30
-6
29
11
-15
-4
5
-1
-5
3
7
3
0
-5
-8
-3
0
1
7
7
-1
1
3
-11
-2
15
-7
-21
3
10
4
7
9
-4
-25
-10
12
7
5
9
-6
-16
-10
0
16
19
4
-8
0
-10
-23
8
15
2
0
-4
-6
-4
16
17
-3
-21
-7
-2
-10
18
14
-9
-1
0
1
5
-3
-1
1
-10
-5
7
0
-4
1
5
14
6
-10
-14
-7
1
2
2
14
4
-11
-5
0
4
5
3
-1
-4
1
0
2
5
5
-2
-12
-11
-9
8
22
14
-8
-25
-6
10
5
2
-5
-12
-5
6
3
6
15
4
-16
-13
1
8
8
0
-6
-8
2
15
15
1
-11
-14
-17
-5
11
4
-7
-4
10
0
-9
15
25
6
-16
-19
-8
4
9
10
1
-14
-9
3
0
6
19
4
-15
-10
-1
3
9
5
-7
-14
-12
9
10
3
4
-5
-2
2
-3
-2
6
3
-9
-15
-6
17
17
-7
-8
0
6
12
1
-9
-9
-1
0
-3
5
10
-2
-9
-1
16
17
0
-5
-11
-11
-1
3
3
-4
-5
-2
-9
-9
4
17
0
-20
-14
0
8
8
6
6
2
0
2
4
9
10
0
-8
-5
12
12
0
-4
-3
-3
-4
-1
-5
-9
-15
-6
0
0
-1
-6
0
0
8
6
3
3
0
0
0
0
3
5
5
3
0
-2
-3
1
0
3
4
-6
-2
0
1
3
-6
-5
0
-4
-3
-4
-2
3
3
8
2
-4
3
4
0
-11
-8
2
2
9
12
1
-5
-6
4
7
-7
-16
-11
2
9
6
6
-1
-6
2
7
6
-7
-5
0
-9
-5
0
9
9
-3
-3
-4
1
0
0
3
-1
1
0
-6
2
-2
-1
8
4
5
-6
-8
-1
-1
11
6
-1
-7
-10
2
3
3
2
4
3
-3
0
0
6
5
-5
-3
-6
-6
-2
4
4
-3
-6
-5
-5
-3
-1
1
0
-3
-2
2
7
7
1
3
3
1
2
4
2
3
1
0
0
1
0
0
-1
-3
-2
0
0
0
-5
-13
-17
-11
1
6
5
-1
-9
-11
0
8
15
15
7
5
7
2
-1
2
3
9
7
6
-1
-15
-16
-13
0
6
5
1
-8
-16
-20
-5
9
19
13
-5
-15
-11
0
12
15
11
-4
-11
0
6
4
7
4
-2
-5
-6
-3
0
5
10
9
-4
-22
-14
3
9
19
12
-15
-22
-9
2
14
15
6
-11
-17
-6
2
9
5
4
-5
-16
-10
5
11
8
3
-6
-5
-6
3
11
8
3
0
0
-5
-3
-2
2
-1
-6
-4
1
5
4
0
-7
-5
0
6
9
3
-3
-6
-2
2
4
2
2
0
1
1
-3
-3
-3
-1
0
2
6
1
-4
-8
-8
-6
-2
3
5
2
1
-1
0
-1
2
7
7
5
0
2
3
1
2
1
-1
-4
-4
-1
-1
-1
-1
-1
-4
-4
-6
-5
0
0
0
0
1
0
-1
0
2
7
7
6
8
2
-5
-6
-4
0
8
6
3
1
-4
-7
-7
-7
-1
3
1
0
-2
-3
0
2
4
1
0
0
0
-1
0
2
0
0
1
0
1
-2
-2
1
0
0
0
0
0
2
0
0
1
1
0
-2
1
1
0
-1
1
0
0
3
0
0
1
0
0
-1
-4
0
-1
0
1
-2
-1
0
-1
0
1
0
2
0
-2
-1
0
2
1
0
0
0
-1
0
-1
-1
1
2
0
-1
-2
0
0
0
2
0
1
1
0
0
0
0
0
1
0
-1
2
0
-1
0
-1
0
0
0
0
0
0
-1
-1
-2
0
-4
0
2
0
0
0
-2
3
4
0
0
1
2
1
0
-1
-1
0
0
0
-1
0
2
0
0
-1
-1
0
1
0
-2
-3
-1
0
2
3
0
-1
-1
-2
-1
0
-3
0
5
5
5
3
1
2
1
-2
-7
-4
-5
-2
-3
-2
0
5
13
15
14
2
-13
-21
-19
-12
-1
3
10
10
5
3
3
8
9
8
3
-8
-12
-14
-8
1
2
2
3
0
-5
-4
-2
-1
-5
0
4
-1
-1
4
6
7
13
10
0
-5
-5
-5
-6
-2
-5
-8
3
12
8
-7
-7
3
6
5
-1
-7
-7
-1
6
3
-4
-3
3
6
0
-7
-5
0
2
0
-4
-7
2
11
8
0
0
10
5
0
2
-2
-4
-5
-5
-4
-6
-3
1
0
-1
1
1
-1
-1
0
1
3
0
-3
-6
0
11
7
-2
-2
6
8
0
1
3
2
-2
-5
3
0
-1
-6
-10
-2
8
8
-12
-21
2
18
-1
-25
-10
14
10
-6
0
13
5
0
8
14
1
-3
10
11
0
-2
7
8
-5
-11
-4
2
3
-8
-20
-13
0
2
-8
-9
-6
-12
-9
6
9
-4
-10
4
15
10
5
9
14
11
-1
2
9
2
-7
-5
6
2
-4
-3
-2
-2
-1
-2
-1
-2
-7
-9
-1
5
0
-3
-1
2
1
-1
0
2
1
-3
-1
10
5
-5
-6
5
4
-3
3
4
-5
-6
2
7
1
-5
-2
-1
2
3
0
-2
-5
0
3
0
0
-3
0
1
-2
-1
0
6
1
-7
0
6
3
-5
0
4
0
1
1
-3
0
1
0
-2
-7
-2
6
8
-2
-9
1
6
-1
-11
0
8
7
1
-7
-3
5
6
-5
-6
0
1
2
0
-1
1
0
0
-2
-3
0
0
1
-3
-4
0
2
3
1
1
0
-2
2
1
2
1
0
1
3
-1
-4
0
3
0
-3
-1
1
0
-4
-3
0
1
2
0
0
0
0
1
0
-1
1
0
0
0
0
1
3
0
0
0
-2
-2
0
0
-1
-1
0
0
-4
0
2
-1
0
0
0
2
2
0
-2
-1
0
1
0
-1
1
2
0
-2
-2
0
0
0
3
2
0
-1
0
2
0
-2
-5
-1
0
0
2
0
0
0
0
2
0
-3
-1
0
0
2
4
4
0
-5
0
0
-4
-4
-1
3
2
0
3
-1
-2
0
-2
-1
0
0
0
-2
0
5
0
0
2
2
0
-1
0
3
0
-2
-2
0
0
-2
-1
1
2
2
2
0
1
-2
-1
0
-1
1
1
0
1
1
0
-2
-1
2
1
-3
-1
2
2
-1
0
1
0
-2
1
1
-1
-1
0
0
-4
-1
2
1
-2
-1
3
2
-1
-2
2
1
-5
-4
1
3
-3
-3
3
3
0
-5
6
7
-2
-2
2
3
0
-2
2
2
-3
-4
1
3
-3
-1
0
0
0
-4
-1
3
0
-3
-3
1
0
0
0
1
0
-1
0
4
3
-2
-1
0
0
1
1
0
-2
0
3
1
-2
-1
0
1
1
2
0
0
-2
-6
0
3
2
0
-3
-1
0
-1
3
1
-1
-3
-6
-1
2
1
0
0
0
-1
-2
1
3
3
-1
0
1
-3
0
1
1
0
0
-1
1
0
0
0
0
1
3
1
-4
0
4
0
0
-1
-2
0
0
0
4
0
-1
0
-2
-1
0
0
0
-1
0
0
0
-2
2
3
0
0
-3
0
5
0
-4
-2
-1
0
0
0
1
3
1
-3
0
2
0
0
5
6
2
-3
-1
0
-1
0
0
1
1
-1
-3
-5
0
2
0
1
0
-8
-6
-2
2
4
0
0
-2
-3
-1
1
4
3
1
0
0
1
0
1
0
0
0
0
0
1
-1
-3
-1
-2
-1
1
0
0
0
-1
0
-1
0
3
4
3
2
0
0
1
4
1
0
0
-5
-3
0
0
0
1
-2
-2
-2
0
0
0
0
-1
-3
-2
0
0
2
2
-2
0
1
2
3
1
0
0
0
-2
0
0
0
0
-1
-2
0
1
1
0
-1
2
1
-3
-1
4
5
1
0
1
0
-2
-5
-4
0
0
0
0
-2
0
0
0
3
1
1
0
-5
-3
-1
-2
0
3
-1
0
4
3
3
2
4
4
3
0
-2
-2
-6
-3
-1
-3
0
0
0
-1
0
1
2
3
0
-3
0
3
-2
-3
-1
2
3
1
1
1
5
3
0
-1
-1
0
1
-1
-5
-5
-1
2
2
-3
-2
0
1
1
-1
0
4
3
1
-1
-1
2
2
0
0
-1
0
2
2
0
-3
-3
-1
0
0
1
-4
-4
0
2
2
0
-2
0
1
3
3
-1
-1
0
4
1
0
-1
0
3
1
0
0
-1
-5
-1
-1
0
-1
0
0
-1
0
0
-2
-1
0
0
0
1
1
2
0
0
3
5
3
2
0
0
0
-1
-2
-3
0
1
0
0
0
0
0
2
2
0
0
-1
0
0
0
1
0
-3
-4
-1
-1
-2
-2
-2
-4
-4
-2
-1
0
0
0
0
0
3
2
3
4
3
3
5
3
3
3
3
2
2
5
4
2
0
0
-2
-1
-3
-4
-3
-4
-7
-4
-4
-4
-3
-2
-2
-1
0
-1
0
-1
0
1
-1
0
2
1
0
0
4
5
4
2
2
2
2
2
2
0
0
2
2
1
0
1
2
1
0
-4
-5
-5
-2
0
-1
-6
-7
-5
-5
-4
-6
-7
-3
4
5
0
0
0
1
2
3
5
7
10
7
0
1
4
3
3
0
-1
0
-1
-3
-2
-4
-2
0
-1
0
1
-1
2
2
1
3
4
4
2
0
0
0
-1
0
-2
-6
-6
-5
-5
-4
-3
-5
-4
-3
-2
-2
0
2
3
6
3
0
2
5
9
6
1
-1
-7
-6
-3
-2
-4
-8
-8
-10
-9
-6
-6
-1
-1
-1
0
3
10
15
16
16
17
15
14
16
16
15
11
6
2
-1
-3
-5
-13
-15
-17
-21
-20
-18
-15
-13
-13
-11
-9
-5
-5
1
8
11
13
12
12
15
16
16
9
8
5
4
3
0
2
-6
-10
-7
-7
-10
-9
-6
-1
-5
-10
-4
-1
1
3
2
1
1
4
6
2
0
0
0
3
2
-1
-1
0
-1
0
0
0
3
6
2
0
0
3
4
3
2
0
1
2
0
0
-2
-3
0
-1
-4
-3
-4
-2
-2
-5
-5
-2
0
0
-1
-2
0
2
3
1
1
1
2
4
2
1
-2
0
0
0
0
0
-2
-1
0
0
0
1
1
0
1
0
0
1
0
-1
1
1
0
0
0
0
-1
-2
0
0
0
-2
-2
-1
0
-1
0
1
-2
0
0
-1
0
2
3
1
1
1
0
0
1
3
1
0
0
0
2
0
-1
2
1
0
-1
0
0
1
0
-1
-2
-3
0
-3
-3
0
-4
-5
0
-1
-1
-3
-1
2
0
0
2
3
5
5
3
3
5
3
3
2
2
2
0
1
0
-2
-1
0
-1
-1
-2
-1
-2
-3
-1
-2
-2
0
-1
-1
1
-1
-5
0
-1
-2
0
0
0
2
0
0
3
2
2
2
3
3
0
-1
-1
0
1
0
0
1
-2
-2
-1
0
-1
-4
0
0
1
2
0
2
2
0
2
1
1
2
0
0
0
-1
-1
-2
-2
-2
-6
-4
-2
-5
-5
-3
-5
0
0
-2
2
2
3
4
4
6
6
3
4
6
8
6
4
3
3
3
4
1
-1
-1
-1
0
-4
-5
-4
-6
-6
-6
-3
-5
-6
-2
-1
-1
-3
-2
0
0
-1
0
0
0
0
0
2
1
0
0
1
1
3
4
6
3
5
8
5
7
6
3
2
3
2
1
0
-2
-5
-8
-9
-8
-7
-8
-6
-9
-10
-8
-8
-5
-3
-1
-1
1
0
2
3
3
4
6
6
8
10
8
8
7
6
6
7
6
3
4
4
3
0
-1
-3
1
0
-2
-1
-2
-3
0
-3
-3
-3
-3
0
-3
-5
-4
-3
-2
-5
-4
-3
-4
-3
-2
-1
0
-2
-1
0
1
0
1
1
2
5
3
1
2
2
1
3
5
3
2
1
0
2
1
0
0
0
-1
-1
0
-2
-1
-1
-1
-3
-2
-2
-5
-3
0
0
0
-1
0
0
-1
-1
0
3
0
0
1
1
0
2
2
2
2
3
3
1
1
2
0
-1
2
2
-3
0
1
0
-2
-4
-1
-2
-3
-2
0
0
-1
-2
-1
0
0
0
0
2
3
1
1
-2
-1
0
1
1
0
0
0
0
-2
0
0
0
0
0
-1
0
0
0
1
0
0
1
1
3
0
-2
0
0
1
0
0
0
-1
-2
-1
0
1
0
0
0
0
2
2
0
-1
-1
0
0
0
-2
-2
0
-2
-1
0
1
0
0
0
0
0
0
0
1
0
1
1
2
1
0
1
1
1
0
0
-1
-1
0
0
0
0
-2
-2
-1
0
-1
0
0
0
-1
0
1
1
2
0
-2
0
1
-1
-1
0
1
0
-1
0
0
1
-2
0
0
0
0
0
0
0
2
1
0
0
1
2
0
0
1
0
-1
-1
-1
0
0
0
0
0
1
0
-1
0
1
0
0
0
0
0
-1
0
0
1
0
-1
2
0
-2
0
0
0
1
0
-2
0
-1
0
0
1
0
2
0
0
0
-1
0
-1
1
1
0
0
1
2
0
-2
1
1
-1
0
0
-1
-1
0
0
0
0
1
1
0
0
0
-1
0
0
0
0
0
0
0
0
2
0
0
0
-1
0
0
0
1
0
0
0
0
0
1
0
0
0
-1
0
0
-1
0
0
0
0
0
0
0
-1
0
3
1
0
0
0
0
0
-1
0
1
0
0
0
1
0
0
1
0
1
1
-1
-1
-2
0
0
0
1
1
0
0
1
0
0
1
2
1
-2
-2
-2
0
0
0
0
0
0
0
1
0
-1
0
0
0
1
0
0
0
0
0
-2
2
2
0
0
0
0
0
-1
0
-1
1
0
0
0
0
-2
-2
0
0
-1
-1
0
0
2
1
0
1
1
0
-1
-1
-2
-1
-3
-2
1
1
0
0
1
1
3
1
1
1
1
0
0
0
0
0
-1
-3
0
1
0
0
2
2
0
-1
-1
0
0
0
-2
0
1
-1
-2
-2
0
-1
-2
0
2
0
0
3
1
0
2
0
0
-1
-1
0
-1
0
0
0
1
0
0
0
3
2
1
3
1
0
-1
-3
-5
-4
-2
-2
-1
1
4
3
4
5
2
-1
-3
-5
-5
-5
-5
-2
0
3
5
3
7
8
5
3
0
-2
-2
-2
-4
-5
-2
-1
-3
0
-1
0
0
1
0
1
2
2
1
0
1
0
0
0
0
-2
-1
0
0
-1
0
0
-3
-1
0
0
-1
0
2
3
2
2
3
1
0
-1
-2
-2
-2
-2
-2
-2
0
1
2
5
2
0
0
0
0
0
0
-1
-2
0
0
-1
2
3
1
0
1
2
0
0
0
-2
-2
0
-2
-1
0
-1
0
0
0
0
1
2
1
2
1
1
1
0
0
0
-1
-2
-1
0
0
-1
0
0
1
0
-2
0
0
0
2
0
0
1
0
-3
0
1
1
-1
0
1
0
2
2
0
0
1
0
-2
-3
0
0
-1
0
-2
0
0
-2
-1
1
1
0
2
2
1
0
1
0
-1
0
0
-1
0
-1
0
1
1
1
-1
0
0
0
0
-1
0
0
1
0
-1
0
0
0
-2
0
0
1
1
1
0
0
1
1
1
0
1
0
-1
-1
-2
-2
0
0
-3
-1
0
0
0
0
0
0
-1
0
1
1
3
0
0
0
-1
0
1
0
0
1
0
0
1
0
0
0
0
0
-1
0
0
-1
0
2
1
0
0
0
0
1
1
0
-1
0
1
0
-1
0
0
-1
-2
0
0
0
1
-1
0
-1
-2
1
1
0
0
0
0
1
1
1
0
0
1
0
0
0
2
1
0
2
0
-1
-2
-1
-1
0
2
0
-3
0
0
0
0
0
-1
-3
-1
0
0
-1
0
1
1
0
-2
0
1
0
3
2
0
1
-1
-1
0
-1
1
3
2
0
0
0
0
0
1
0
-1
-2
0
1
0
0
0
0
0
0
-2
-2
0
0
1
0
-1
1
1
1
0
0
0
0
-1
-1
0
0
1
0
1
1
0
0
0
-1
0
-2
-2
0
-1
0
0
0
2
1
0
0
0
2
0
0
0
0
1
-1
0
1
0
-2
-2
0
-1
0
0
0
1
0
-1
0
-1
0
1
1
0
0
0
0
0
2
3
2
1
0
-1
0
0
-1
-2
-2
-2
-1
0
0
0
1
0
0
-2
-1
0
1
1
0
0
0
1
0
0
0
0
0
1
0
-1
0
1
0
0
0
-1
0
0
-1
-1
0
1
0
1
1
0
-3
0
2
1
2
1
0
-1
0
0
-1
0
0
-1
0
-1
-1
-1
0
0
1
1
-1
0
0
0
1
1
2
0
0
2
0
0
1
0
0
0
-1
-2
-2
-1
-1
-2
0
-1
-1
0
0
0
0
1
0
0
0
1
0
0
2
0
0
1
0
1
0
1
1
0
0
0
0
0
0
-1
0
-1
-1
-2
-1
0
0
1
0
0
0
0
0
1
2
3
2
1
0
-1
-1
0
-1
0
0
-1
-3
-1
0
-2
0
1
1
0
0
0
0
0
1
0
1
0
0
0
0
0
0
0
0
0
1
0
1
1
0
-1
0
0
-1
0
0
0
0
1
0
0
0
0
0
0
0
0
0
0
0
0
0
-1
-1
0
0
0
1
2
0
1
1
0
0
1
-1
0
0
0
0
1
0
-2
0
0
-2
-1
-1
0
0
0
1
0
2
1
0
0
1
0
0
0
-1
0
0
0
0
0
0
0
1
0
0
0
0
-1
0
1
0
0
0
0
0
0
0
0
0
1
0
0
1
1
1
0
1
0
-2
-1
0
-1
-2
-1
0
0
0
0
1
0
0
0
0
1
0
1
1
1
0
0
0
0
0
-1
-1
-1
-1
-1
0
0
0
1
0
0
-1
1
1
0
0
0
0
0
-1
-1
0
0
0
0
0
0
1
2
1
1
2
0
0
0
0
0
0
-1
0
0
-1
0
0
0
1
0
1
0
0
0
0
-1
-1
0
0
0
0
-1
-2
0
1
0
0
1
1
0
0
0
0
-1
-1
0
1
0
-1
0
0
0
0
0
0
0
0
0
0
1
-1
0
0
0
1
0
1
0
0
0
0
0
0
0
0
0
-1
-1
-1
-1
-1
0
0
0
0
0
0
1
0
0
1
1
2
0
0
0
0
0
1
0
0
0
0
-1
0
0
0
0
-1
0
0
0
0
0
0
0
0
0
0
-1
0
0
1
0
0
0
1
1
0
2
0
0
0
0
0
-1
0
0
0
-1
0
0
-1
-1
-1
0
0
-1
0
0
0
0
0
0
0
0
0
0
0
0
1
0
0
0
0
0
0
0
0
0
0
0
0
-1
0
0
0
0
0
0
0
0
0
1
0
0
-1
0
0
0
0
0
1
0
0
0
0
0
0
0
0
0
0
0
0
0
0
0
0
0
0
0
0
0
0
0
0
0
0
0
1
1
1
0
0
0
0
0
0
0
0
0
-1
-1
0
0
0
0
0
0
0
1
0
1
0
0
0
0
0
0
0
0
0
0
0
0
0
0
0
0
0
0
0
0
0
1
0
0
0
0
0
0
0
0
0
0
0
0
0
0
0
0
0
1
0
0
0
0
-1
0
0
-1
-1
1
0
0
0
0
0
-1
0
0
0
0
0
0
-1
0
2
0
0
0
-2
0
1
0
0
0
0
0
0
0
0
0
0
0
0
1
0
0
0
0
0
0
0
0
-2
-1
0
0
0
0
0
0
1
1
0
0
0
0
1
0
0
0
0
0
0
0
0
0
-1
0
0
0
0
0
0
0
1
1
0
0
0
0
0
-1
-1
0
0
-1
0
0
-1
0
1
1
0
0
0
-1
0
0
0
0
-1
0
0
1
0
0
0
0
-1
0
0
0
0
0
0
0
0
0
0
0
0
0
0
0
0
0
1
1
0
0
0
0
0
0
0
0
0
0
0
0
0
0
0
0
0
-1
0
1
0
1
0
0
-1
0
-1
-1
0
0
0
0
0
1
0
0
0
0
0
0
-1
0
0
0
0
0
1
0
0
0
0
0
-1
0
-1
0
0
0
0
0
1
0
0
-1
0
0
-1
0
0
-1
0
0
0
1
0
0
0
0
-1
0
1
-1
0
0
0
1
-1
0
0
0
1
0
1
0
-1
0
0
-1
0
0
0
0
0
0
0
0
0
0
0
2
0
-1
0
0
-1
0
-1
0
1
0
0
0
-1
0
0
0
1
0
1
1
0
-1
0
0
0
0
0
1
0
0
0
-1
0
0
0
1
1
0
0
0
0
0
0
1
1
-2
-1
0
0
0
0
0
0
0
0
0
0
1
0
1
0
0
-1
0
0
0
0
0
0
0
0
0
1
0
0
1
0
0
0
0
0
0
0
0
-1
-1
0
0
0
0
0
0
0
0
0
0
0
0
1
1
0
0
0
0
0
-1
0
0
0
-1
0
0
-1
0
0
0
0
0
0
0
0
0
0
0
0
0
0
0
0
0
0
0
0
0
0
0
0
0
0
0
0
0
0
0
0
0
0
0
0
0
0
-1
-1
0
0
-1
0
0
0
0
0
-1
0
1
0
0
2
1
0
0
0
0
0
0
0
0
0
0
0
0
0
0
0
0
0
0
0
0
0
0
0
0
0
0
0
1
1
0
0
0
0
-1
-1
0
0
-1
0
0
0
0
0
0
0
-1
0
1
0
0
0
0
0
1
0
0
0
0
0
1
1
0
0
0
-1
0
0
0
0
0
0
-1
0
0
0
0
0
0
0
0
0
0
0
0
0
0
0
1
0
0
0
0
0
0
0
0
0
0
0
0
0
0
0
-2
0
0
-1
1
1
0
0
-1
0
0
0
0
0
0
-1
0
0
0
0
-1
0
1
0
0
0
0
0
0
2
0
0
0
0
0
0
0
0
0
0
0
-1
0
0
0
0
0
-1
0
0
0
0
0
0
-1
-1
0
0
0
0
1
0
0
0
0
0
0
0
0
0
0
0
0
0
0
0
0
0
0
0
0
0
0
0
0
1
0
0
0
0
0
0
1
0
-2
0
-1
0
0
-1
0
1
1
2
0
0
1
0
0
2
0
-1
0
0
-1
-1
0
1
-1
0
0
0
0
1
0
0
0
0
0
0
0
0
0
0
0
0
0
0
0
0
0
0
0
0
0
0
0
0
0
-1
0
0
0
0
0
0
0
0
0
0
0
1
0
0
0
-1
0
0
0
0
0
-1
-1
0
0
0
0
0
1
0
0
1
0
0
0
1
0
0
0
0
-1
0
0
0
0
1
1
0
0
0
0
-1
-1
0
0
0
-1
0
0
0
0
0
0
0
0
0
0
0
0
0
0
0
0
0
0
0
0
0
0
0
0
0
0
0
1
0
1
0
0
0
0
0
0
1
0
0
-1
0
0
0
0
0
0
0
0
0
0
0
0
0
0
0
0
1
0
0
0
-1
0
0
0
0
0
0
0
1
0
0
0
0
1
0
0
0
0
0
0
0
0
0
0
0
0
0
-1
0
0
0
1
0
0
1
0
-1
0
0
0
0
0
0
0
0
0
0
-1
0
1
0
-1
0
0
0
0
0
0
1
0
0
0
0
0
-1
0
0
0
0
0
0
0
0
0
0
0
0
-1
0
0
0
0
0
1
0
-1
0
0
0
0
0
0
1
0
0
0
0
0
0
0
0
-1
0
0
0
0
0
0
0
-1
0
0
0
0
0
-1
0
0
0
1
0
0
0
0
0
0
0
0
0
0
0
0
0
0
-1
0
0
0
0
0
0
0
0
1
1
0
-1
0
0
0
0
0
0
-1
0
0
0
0
1
0
1
0
1
0
0
0
0
0
0
0
0
0
-1
0
0
0
0
0
0
0
0
0
0
0
1
1
0
0
0
0
0
0
0
0
0
0
0
0
0
0
0
1
0
0
-1
0
0
0
0
0
0
0
1
0
0
0
0
0
0
0
0
0
0
0
-1
0
0
0
1
0
0
-1
-1
0
0
0
0
0
-1
0
1
0
0
2
1
0
0
-1
0
0
0
0
0
1
1
0
0
0
1
0
0
0
-1
-1
0
1
0
0
2
0
-1
0
0
0
-1
0
0
0
0
-1
0
0
0
0
0
0
0
0
0
0
1
0
0
0
0
0
1
0
0
0
0
0
0
0
0
0
0
0
0
0
0
0
0
-1
-1
0
0
0
0
0
0
1
0
0
0
0
0
0
0
0
1
0
0
1
1
0
0
0
0
-1
0
0
0
1
0
0
0
0
0
0
0
0
0
0
0
0
0
0
0
0
0
-1
0
0
-1
0
0
0
0
0
1
0
1
1
0
1
-1
0
-1
0
1
0
2
0
0
1
0
0
-1
0
0
-1
0
0
0
0
0
1
-1
-1
0
0
0
-1
-1
0
0
-1
0
0
0
0
0
0
0
0
0
0
0
0
0
0
0
0
0
1
1
0
0
0
0
0
0
0
0
0
0
0
0
0
0
0
0
0
0
0
0
-1
0
-1
0
0
0
0
0
0
0
0
0
0
0
0
0
0
0
1
0
0
0
0
0
0
0
0
0
0
1
-1
0
-2
0
0
0
-1
0
0
0
1
0
-1
0
0
0
0
0
0
-1
0
0
1
0
-1
0
0
0
0
0
0
0
0
0
0
0
0
0
0
0
-1
0
0
0
0
-1
0
0
0
0
0
0
0
0
0
2
0
-1
0
0
0
1
0
0
0
0
0
0
0
0
0
0
0
1
0
0
0
0
0
0
0
0
0
1
0
0
0
0
0
-1
0
0
-1
0
0
0
0
0
0
