0
0
0
0
0
0
0
0
0
0
0
0
0
0
0
0
0
0
0
0
0
0
0
0
0
0
0
0
0
0
0
0
0
0
0
0
0
0
0
0
0
0
0
0
0
0
0
0
0
0
0
0
0
0
0
0
0
0
0
0
0
0
0
0
0
0
0
0
0
0
0
0
0
0
0
0
0
0
0
0
0
0
0
0
0
0
0
0
0
0
0
0
0
0
0
0
0
0
0
0
0
0
0
0
0
0
0
0
0
0
0
0
0
0
0
0
0
0
0
0
0
0
0
0
0
0
0
0
0
0
0
0
0
0
0
0
0
0
0
0
0
0
0
0
0
0
0
0
0
0
0
0
0
0
0
0
0
0
0
0
0
0
0
0
0
0
0
0
0
0
0
0
0
0
0
0
0
0
0
0
0
0
0
0
0
0
0
0
0
0
0
0
0
0
0
0
0
0
0
0
0
0
0
0
0
0
0
0
0
0
0
0
0
0
0
0
0
0
0
0
0
0
0
0
0
0
0
0
0
0
0
0
0
0
0
0
0
0
0
0
0
0
0
0
0
0
0
0
0
0
0
0
0
0
0
0
0
0
0
0
0
0
0
0
0
0
0
0
0
0
0
0
0
0
0
0
0
0
0
0
0
0
0
0
0
0
0
0
0
0
0
0
0
0
0
0
0
0
0
0
0
0
0
0
0
0
0
0
0
0
0
0
0
0
0
0
0
0
0
0
0
0
0
0
0
0
0
0
0
0
0
0
0
0
0
0
0
0
0
0
0
0
0
0
0
0
0
0
0
0
0
0
0
0
0
0
0
0
0
0
0
0
0
0
0
0
0
0
0
0
0
0
0
0
0
0
0
0
0
0
0
0
0
0
0
0
0
0
0
0
0
0
0
0
0
0
0
0
0
0
0
0
0
0
0
0
0
0
0
0
0
0
0
0
0
0
0
0
0
0
0
0
0
2
1
0
-1
-1
0
-1
0
1
0
-1
0
0
-3
-1
-1
5
7
-2
-2
-2
-1
0
2
0
-2
-4
-3
0
0
4
5
0
0
0
0
0
0
0
0
0
0
-2
-1
0
3
2
1
1
-1
-2
-1
0
0
0
-1
-2
0
1
1
0
-1
0
-1
0
0
0
-1
0
2
2
1
0
-1
-1
0
-3
-2
2
1
-2
-6
-1
4
1
0
0
1
0
-2
0
0
0
2
1
0
1
3
2
1
1
-5
-5
2
0
-1
0
0
0
-2
-1
0
0
1
0
-3
1
1
0
1
0
-2
-1
-1
0
0
0
7
6
0
0
-2
0
1
-3
0
-1
-1
0
0
-2
-2
-5
-6
2
2
0
0
2
5
0
-1
-1
-1
0
1
3
-2
0
2
0
5
2
-3
0
2
-1
-2
0
-1
2
4
0
-1
-1
-1
0
0
-3
0
0
-3
0
0
1
0
0
2
1
1
1
0
0
-2
0
0
-3
-1
0
-2
-1
-1
-1
1
3
1
0
0
0
0
4
0
-1
2
3
3
0
0
0
-1
-3
-5
-7
-2
0
-1
1
6
2
-3
0
2
5
2
0
0
-2
-6
-5
2
4
1
0
2
2
2
0
-1
0
0
-2
-1
2
1
0
4
0
-5
-5
-2
-1
0
0
1
-2
-4
0
0
-2
-1
-2
-1
5
3
0
3
2
3
3
3
0
-3
0
1
0
-4
-3
1
1
0
1
0
0
0
-3
-7
-9
-2
1
0
3
1
1
1
-4
-2
5
8
7
-1
-1
3
1
1
3
4
4
-1
-9
-8
-4
-1
0
-4
0
0
-3
-4
-4
4
8
5
-4
-2
2
2
2
4
4
1
-3
3
4
0
1
-6
-1
-2
-2
1
-2
0
-3
-7
2
0
0
0
0
1
-1
0
5
3
4
4
1
0
-2
1
2
0
-2
0
2
1
0
-1
1
0
-1
-6
-7
-1
0
-3
-1
-3
-1
4
1
-3
2
6
2
-2
-3
-1
-2
-2
3
6
3
5
4
2
-2
-4
-2
-1
0
0
-2
-2
-2
-2
-3
-1
2
5
1
0
2
0
-3
-3
0
1
-2
-3
0
7
0
-2
0
0
1
2
4
1
-1
-2
-4
0
3
2
2
1
-2
-5
-1
1
0
-1
-3
-2
0
2
1
0
0
-1
0
0
0
3
1
1
0
-4
-1
3
4
3
0
-1
-1
-1
4
7
0
-8
-7
-6
-1
5
2
2
-3
-13
-11
-1
9
14
13
5
-6
-10
-4
3
9
7
1
-6
-9
-4
2
6
8
2
-6
-8
-4
-3
4
7
0
-4
-7
-9
-5
5
3
-1
3
3
1
1
3
5
6
0
-5
-2
7
7
0
-3
-4
-1
-4
-4
9
6
-6
-11
-8
-3
0
3
3
0
-4
-4
-3
2
6
2
0
0
0
0
4
3
0
0
0
0
0
0
0
0
0
0
1
1
0
0
0
0
0
0
6
0
-5
0
1
4
0
-5
-2
-2
-1
-1
0
5
0
-4
-2
1
0
0
0
-2
-2
2
-2
0
2
0
5
2
-1
0
1
1
-5
-6
6
5
-4
-6
-3
7
0
-8
0
4
5
-5
-9
2
5
0
-1
0
1
-7
0
14
4
-6
-5
5
6
-4
-8
0
4
-1
0
7
3
1
-2
0
5
-2
-3
3
1
-3
-8
-5
2
7
0
-5
1
3
-6
-12
-2
3
3
-5
-5
2
4
6
-1
4
9
4
-1
-1
5
2
-6
-1
-2
0
1
1
0
-3
-1
-2
-3
-5
-1
3
3
2
3
0
-5
-5
0
0
-3
-1
1
0
3
1
1
5
0
-2
0
-2
-1
4
5
4
8
0
-8
-5
-2
-1
0
2
9
5
0
0
-3
-2
-1
-1
0
0
-3
0
-1
-3
0
0
-1
-5
-5
-3
0
6
7
2
1
3
-1
-1
-1
2
2
0
2
-1
0
0
-1
1
0
3
3
0
-3
-4
0
0
4
4
-2
-4
-2
0
0
-1
-5
-4
0
2
6
10
6
-2
-9
-9
-1
9
11
12
3
-15
-19
-7
4
13
16
10
-8
-21
-16
-8
7
19
17
0
-12
-11
-10
1
13
15
3
-13
-10
0
2
2
1
2
5
10
5
-9
-22
-19
-3
13
23
11
-7
-9
-1
1
7
8
1
-5
-13
-16
0
11
17
10
-7
-12
-6
3
1
0
1
2
0
-7
-5
0
5
11
7
0
1
-5
-8
-3
-5
-1
6
4
-1
-7
-5
-1
4
7
0
-12
-13
0
10
11
5
7
7
-4
-7
-6
-4
2
-1
-1
6
0
-6
-2
-2
-1
4
2
0
8
16
11
-1
-10
-10
-7
0
2
-3
-4
-4
3
8
6
9
0
-17
-18
-6
7
8
4
4
0
-3
0
6
7
-1
-6
0
1
1
2
2
-1
-5
-8
-4
1
-1
0
3
0
0
4
6
7
0
-6
-3
-4
1
5
4
5
0
-1
1
-4
-10
-7
-3
0
0
0
0
0
2
1
2
1
-3
2
5
-3
-2
0
0
1
3
-2
-2
2
0
0
1
0
1
2
0
0
-4
-2
3
-2
0
-3
-3
6
8
0
-1
4
2
0
-3
0
-1
-2
-1
-6
-6
-1
-3
-3
0
2
8
3
0
-3
-1
5
4
0
2
5
3
3
0
-5
0
2
-4
0
-1
-7
-4
-1
-1
-4
-2
2
6
10
6
-2
-11
-10
-7
0
13
13
3
-10
-13
-14
-1
17
18
12
1
-12
-10
0
0
9
18
3
-7
-16
-10
5
12
8
-2
-12
-14
0
9
5
2
-1
-3
0
-4
-4
6
4
-11
-7
2
4
21
12
-17
-17
-6
0
7
16
16
-5
-20
-18
-17
6
30
16
-1
-3
-17
-11
8
1
-3
12
8
4
-1
-10
-1
-4
-12
10
27
3
-17
-9
-10
-9
11
20
10
-17
-32
-14
10
18
10
9
2
-17
-17
-2
16
23
3
-14
-7
3
0
5
12
3
-8
-14
-17
-9
14
51
44
-18
-38
-31
-34
-8
22
27
47
31
-36
-33
-11
-35
-3
43
24
21
6
-45
-32
-8
-21
8
41
11
10
9
-30
-42
-28
-3
35
50
22
2
-17
-26
-18
-7
7
10
12
24
19
-4
-1
-5
-14
3
5
-9
-5
-10
-17
20
26
-12
-19
-16
-10
7
10
22
25
7
-2
-21
-25
-7
0
8
16
-9
-14
7
18
16
0
-7
-9
0
1
-13
-8
12
14
-5
-10
6
10
0
-2
-1
-2
-2
-16
-2
14
-5
0
1
-6
4
-6
-15
0
15
4
-5
11
11
-1
9
6
-11
-9
-9
-12
1
17
13
8
12
-4
-17
-5
-7
-11
4
6
0
14
5
-11
0
-3
-10
-3
3
2
8
14
0
0
3
-12
-7
-6
-8
-1
0
14
13
0
10
1
-8
-8
-10
-3
5
5
5
3
-9
-9
5
12
6
-16
-10
8
-9
-16
17
45
19
-31
-55
-19
41
42
-5
-28
-14
5
19
17
-9
-25
-9
20
18
-14
-20
9
26
-3
-27
-10
13
24
0
-24
-9
17
17
-3
-14
-25
-8
30
33
16
-19
-41
-14
7
9
14
15
-6
-8
2
7
3
-14
-19
-8
10
28
16
-8
-23
-15
-5
2
10
23
16
-11
-25
-20
0
23
24
7
-19
-28
1
15
7
0
-8
3
16
-2
-14
2
14
18
-1
-26
-18
3
15
10
8
-6
-10
0
-16
-9
6
8
12
-2
-25
-11
10
22
21
-12
-28
-15
0
22
17
6
7
-4
0
-1
-6
1
2
1
9
18
-13
-64
-67
-8
85
127
75
-33
-105
-102
-42
34
59
31
-30
-56
-23
28
74
53
-2
-27
-25
-19
0
14
9
14
-8
-35
-26
0
31
50
36
-4
-31
-24
-14
-29
-43
2
46
40
19
2
10
-7
-56
-56
-4
22
10
19
37
33
5
-25
-47
-49
-6
56
71
0
-68
-28
32
15
-16
-4
9
27
52
48
-23
-113
-86
-19
47
98
59
-12
-76
-51
37
31
-23
-19
25
27
-9
-30
-13
11
13
26
31
-29
-46
10
17
-10
-22
20
28
-19
-1
22
8
5
0
-25
-35
-9
27
26
-15
-1
11
-40
-23
25
23
0
-19
15
20
-26
-23
-5
28
36
-8
-29
-8
25
10
-32
-10
41
23
-12
-7
-16
-9
11
-5
-3
13
-3
-32
-14
23
23
-11
-24
14
11
-10
14
11
-7
5
12
18
3
-44
-21
11
0
-1
1
21
22
-11
-3
-12
-38
-1
24
8
-8
9
17
-15
-12
12
-16
-28
26
33
-10
-19
8
6
-21
-9
17
3
0
19
-2
-23
-1
21
0
-9
20
-1
-34
-4
34
9
-30
-2
28
-12
-36
8
20
-9
-3
24
-4
-18
0
0
9
2
-13
-2
12
30
9
-39
-15
18
-5
-4
6
-4
-5
-1
-3
-4
2
6
14
11
4
-2
-13
-14
-5
14
2
-8
6
12
1
-8
-9
1
9
-3
-8
0
12
12
0
-22
-27
11
28
10
-14
-8
1
-16
2
37
14
-25
-34
-7
26
21
3
5
3
-28
-25
16
16
-14
-15
16
21
-1
-20
-12
12
26
13
-3
11
7
-42
-63
4
46
6
3
26
-3
-42
-15
25
2
-18
21
45
9
-53
-39
32
10
-27
4
33
17
-46
-40
15
23
35
19
-5
-24
-23
-6
4
30
29
-2
-35
-3
-16
-38
11
23
19
-2
-13
20
4
-13
26
23
-5
-10
-12
0
-7
-39
-4
9
-4
41
7
-15
10
-3
-7
3
18
6
-14
-23
-7
-15
-14
25
2
0
12
-19
1
29
26
2
-11
-11
-22
10
13
5
-9
-17
6
-25
-22
33
37
7
2
-8
-13
-4
-23
18
33
-36
-3
0
-11
9
-46
-1
47
4
-16
5
25
17
-14
-33
7
27
-13
-16
38
0
-43
3
20
-5
-9
13
10
10
4
-24
-17
7
12
5
-7
-7
-7
-9
0
20
-6
-28
23
19
-7
-21
5
24
0
-4
-21
3
44
-2
-52
-17
13
30
2
0
2
-30
-7
10
18
-2
-6
7
17
0
-35
8
9
-7
-8
-7
19
1
-2
-9
-3
25
-10
-19
33
16
-6
-1
-28
-7
18
5
5
-11
-25
4
5
4
13
0
-1
-24
-20
36
22
-13
-3
-24
-8
43
8
-9
-7
-24
1
27
1
-19
14
5
3
-9
-27
-3
5
36
6
-26
17
-14
-39
14
28
-3
13
3
-46
0
30
21
17
-29
-20
0
-14
31
15
-22
13
-12
-27
13
-5
22
37
-28
-40
8
18
19
2
-42
-12
18
25
24
-22
-6
19
-23
-8
0
-8
28
18
-16
-27
0
7
0
4
0
1
-7
-2
8
5
0
-7
1
4
-3
-5
8
5
12
24
-12
-28
-13
-10
-1
11
25
21
-8
-24
-22
-6
17
12
3
10
6
-2
-24
-23
16
9
2
15
0
-9
1
-10
-6
11
-5
0
14
-4
-8
0
-5
0
9
-1
-10
-4
5
8
9
5
-13
-4
8
2
-13
-7
7
7
14
2
-16
3
6
-19
-6
12
10
8
-11
-10
5
-2
3
2
-10
4
8
0
-6
-10
0
8
13
5
-16
-14
8
9
1
-3
0
2
-4
5
-5
-9
4
-2
3
0
-12
-4
7
10
4
-1
0
3
3
0
0
-5
-2
2
1
6
-4
-9
7
4
-1
3
-5
-1
10
-2
0
4
-8
-2
0
-4
0
-4
-7
0
3
6
-1
-8
0
-2
9
14
0
-13
-15
8
23
15
-13
-18
0
14
19
-6
-13
1
1
3
1
-4
-3
-10
-3
11
2
-8
-6
3
9
-3
-9
-3
2
6
0
0
-2
3
7
0
0
-1
-1
0
4
3
-4
0
8
4
-7
-8
4
5
0
-5
-5
-3
2
7
2
-3
-8
-5
6
9
0
-6
-2
4
3
0
1
-3
-6
2
4
2
-2
-2
3
2
2
-5
-4
0
-2
-3
-4
3
7
-2
0
1
0
3
3
1
3
-2
-5
0
-2
2
2
-1
-3
-3
-1
-2
0
4
-1
0
3
1
0
2
2
6
0
-4
-4
-2
-2
0
2
0
-3
-4
0
1
-1
2
0
3
4
-4
2
8
5
1
-1
-3
0
6
0
-1
3
-5
-7
-7
-3
3
0
0
2
2
0
-1
-2
0
4
-2
-4
1
-3
-1
0
2
6
3
3
1
0
0
0
1
0
0
1
0
-6
-6
0
5
1
0
0
-2
0
-3
2
3
4
6
-3
-8
0
1
-1
3
7
-1
-8
-5
-4
-2
3
2
-2
-1
5
-1
-2
1
3
0
0
6
-1
-7
0
6
1
-2
4
0
-6
0
5
4
-3
-2
0
-4
0
2
-6
-4
0
-1
4
6
3
-4
-6
-1
-1
1
4
1
0
-3
-4
4
3
0
0
-1
1
4
1
2
2
0
1
0
0
-1
-2
-1
-4
-3
-2
1
1
0
-4
-1
0
2
4
4
0
-1
-2
-2
0
-2
0
1
0
5
1
-1
0
-3
-2
-2
0
1
5
5
0
-1
-5
-1
0
0
2
-3
-2
3
0
1
2
0
0
3
1
-1
0
0
0
-1
-2
-3
0
0
4
2
-4
-1
0
-2
-2
-4
-2
0
2
0
-1
0
0
3
4
1
-3
0
2
1
1
-2
0
-1
1
0
-3
1
0
0
0
-3
0
0
1
0
-5
1
-1
-2
3
-1
1
4
-2
0
2
-1
4
3
-3
-1
-1
-1
1
0
0
0
0
1
0
0
2
0
3
1
-1
1
-1
-2
0
3
0
-5
-4
-3
3
5
0
-2
0
2
-1
0
-2
-5
3
2
-1
-4
-2
0
-1
2
3
0
3
6
1
3
2
-2
0
-1
-4
-3
-3
-2
3
2
-3
-3
-2
-1
6
6
-1
-6
-4
0
5
1
-4
-5
0
4
3
2
-1
0
0
2
6
0
-4
-4
0
5
0
-7
-4
1
1
1
0
-3
-2
1
0
2
0
-2
-3
1
0
-2
2
3
5
2
0
2
1
2
-1
-3
-6
0
3
0
0
0
0
0
-2
-1
-1
-3
0
-1
-1
0
0
3
0
0
3
-1
0
0
1
2
-2
0
4
1
0
0
-2
-4
0
3
1
0
0
-1
-1
0
2
2
0
0
1
-1
-1
-1
0
0
-3
2
3
0
0
-1
-1
0
0
2
0
0
-1
-1
-1
-2
1
1
-1
-3
-1
2
2
1
1
-1
0
-1
1
2
0
0
0
-2
0
3
4
0
-4
-2
-2
2
2
-1
-1
-3
-1
2
1
0
-1
1
1
0
0
-2
-2
0
0
0
1
2
0
0
0
2
-1
0
1
0
3
-1
-1
1
-1
0
1
1
0
0
0
0
0
-2
2
1
-2
-2
-1
0
1
0
-1
-1
3
0
-4
0
-1
-1
1
1
1
-3
0
3
1
1
2
2
0
1
0
0
2
-1
1
0
-4
0
0
-2
0
3
1
0
-3
-2
-1
-2
0
1
0
1
0
-1
2
2
0
-2
-2
-1
0
0
2
2
0
2
0
-2
3
1
-3
-2
0
-2
0
1
1
1
2
0
1
0
-2
-1
-1
-2
2
0
-2
0
2
2
1
2
0
-2
0
-2
-2
1
2
0
0
1
0
3
2
-1
-2
-2
0
-1
0
0
-2
1
2
0
2
2
-1
0
-2
0
1
-1
0
-1
-2
0
2
0
-1
0
0
1
1
1
0
-1
0
0
1
0
-1
-4
-2
1
3
0
0
1
0
-2
2
2
-2
-1
0
-1
1
1
0
0
-1
0
0
-1
1
1
-1
-1
2
0
-2
1
-2
0
2
-3
0
2
-2
0
2
0
2
1
-1
0
0
2
2
0
1
-3
-1
1
0
0
1
-2
-2
0
1
2
0
0
0
0
0
0
0
0
1
-2
-2
0
1
3
-1
0
0
-1
0
2
0
0
1
-1
0
2
0
1
0
-1
0
-2
-2
0
-3
-2
0
0
0
-1
0
1
0
1
2
2
2
0
0
2
0
0
-3
-1
0
-2
-1
0
2
-1
-2
0
1
1
0
-1
-2
-4
-2
0
0
0
3
3
4
3
0
-1
0
0
0
0
0
0
1
-2
-1
1
-1
-1
0
-1
-2
0
-1
-2
-3
0
2
1
0
0
0
1
2
0
0
0
0
1
-2
-2
0
-2
3
4
2
1
0
3
0
-1
0
0
-1
-2
0
-2
-2
0
-1
-1
1
-3
-1
7
-2
-3
1
-2
1
1
2
2
-6
0
7
-8
0
9
-10
2
11
-7
-1
6
-6
0
1
-1
2
-5
10
-6
-9
34
-15
-22
29
-13
-6
-5
3
48
-88
-1
118
-117
-2
121
-85
-29
43
3
5
-16
18
-1
-37
19
25
-18
-2
24
-34
-26
53
5
-22
15
-5
-22
-2
41
0
-36
23
-20
-33
50
9
-19
2
-12
2
3
2
22
-10
-22
0
10
4
0
8
-6
-15
0
9
8
2
3
-12
-11
16
0
2
15
-14
-19
-1
19
10
-11
10
-10
-22
16
11
-3
-1
-11
-11
5
2
9
13
-22
-10
12
-7
12
2
-19
8
1
-7
18
6
-9
0
5
9
2
-10
2
7
-14
-1
8
-15
-6
12
-4
-6
7
-8
-10
12
10
-8
1
6
-9
0
11
5
-3
-6
6
-2
-8
18
7
-13
0
-3
-7
5
5
-2
1
-6
-10
5
5
-2
0
-1
-3
0
1
3
3
0
0
0
1
0
1
-1
-4
-5
1
2
-1
0
-1
-1
7
4
-5
0
0
-1
5
0
-6
-2
-1
5
2
-4
0
2
-2
0
5
0
-3
0
1
0
0
5
3
-6
0
0
-2
3
0
-3
-4
-4
0
5
4
0
-3
0
0
1
2
-1
-2
0
0
-3
0
1
0
1
0
-1
1
1
0
1
-1
-1
1
0
-2
-1
0
2
2
0
0
0
0
3
2
-5
-3
0
1
1
0
0
0
-1
1
0
-2
-1
0
1
3
0
-2
-2
1
2
1
-1
-3
-2
-3
0
3
7
5
-2
-4
-5
-1
3
1
3
0
-2
-1
-1
1
0
1
3
-2
0
1
0
1
2
-2
-2
-3
-2
0
1
1
-1
-2
2
7
0
-2
1
0
0
1
0
-1
-1
-2
-2
-1
1
0
0
0
0
0
1
2
1
0
-1
-2
-2
-1
0
8
5
-1
-5
-6
-3
2
5
5
3
1
0
1
4
-2
-4
11
4
-22
-46
-54
24
99
79
14
-77
-93
-9
58
66
10
-72
-82
-13
61
74
24
-34
-52
-11
33
34
16
-31
-73
-41
40
92
69
-2
-88
-89
0
52
68
40
-40
-64
-30
11
52
45
-4
-30
-41
-26
19
21
10
-5
-34
-13
21
25
12
-5
-5
1
9
18
0
-23
-30
-26
15
40
21
-7
-24
-5
22
16
-3
-16
-31
-13
21
18
16
-5
-26
-5
0
4
21
6
-16
-12
-10
3
27
16
-1
-8
-19
-7
8
6
3
5
0
-14
-6
11
10
2
-3
-14
-3
4
-1
2
-10
-6
27
15
-19
-34
-44
19
91
33
-32
-46
-36
32
54
-4
-39
-36
5
51
36
-17
-51
-29
34
57
-6
-61
-42
18
61
23
-32
-25
-6
26
36
-21
-42
-16
16
55
17
-40
-28
1
30
32
-11
-36
-25
6
26
7
-12
-9
4
14
-3
-14
-7
4
20
16
-4
-16
-22
0
22
2
-7
-1
2
11
-1
-11
2
3
-3
-4
-5
3
6
5
-1
-14
-5
16
14
-2
-22
-20
7
24
11
-6
-17
-11
10
21
2
-13
-12
1
14
6
-4
1
0
-2
0
-1
0
0
-4
-6
2
4
7
7
-6
-9
-5
3
5
0
-4
-9
-1
3
8
9
-7
-13
-1
16
14
-5
-7
-8
-6
11
14
-2
-17
-11
9
17
4
-5
-8
-7
4
7
0
-3
-3
3
5
-7
-8
5
2
1
0
-5
-1
10
4
-11
-14
3
13
10
1
-11
-8
2
5
6
3
-5
-7
0
2
0
-1
0
1
0
-2
3
5
0
-3
-3
0
2
1
1
-2
-3
0
0
4
4
-1
-4
-3
2
1
1
2
-3
-3
3
1
-2
-1
-1
0
0
3
4
3
0
-6
-8
0
2
2
2
1
0
2
6
-1
0
-3
-2
3
0
-3
-2
2
2
-3
-2
0
0
4
2
1
0
-4
-4
-1
2
3
0
-4
-5
-1
1
4
4
-4
-3
-1
4
4
1
2
-3
-5
-3
1
7
5
0
-4
-4
0
2
5
3
1
-1
-4
2
2
-1
-2
-4
-4
2
5
1
-1
-4
-1
0
0
0
0
-1
0
5
2
0
0
-2
0
0
0
0
0
1
-1
-1
0
0
2
-1
0
0
0
4
0
-3
0
0
0
1
-1
0
1
0
-1
-1
1
3
-2
-2
0
1
0
0
1
-1
-3
5
2
-1
-1
-3
3
1
-3
0
0
0
-1
-2
1
0
-1
-2
2
0
-1
1
0
0
-3
-1
1
1
1
-1
0
4
0
-1
0
0
-1
0
2
1
0
-2
1
2
0
-2
0
-1
-3
0
1
0
0
0
0
1
0
-2
-1
-4
-1
2
5
5
0
-5
-3
0
1
2
1
0
-1
0
2
0
0
0
-2
0
2
1
-1
-1
2
0
0
2
1
0
-2
-4
0
2
-1
-1
-2
0
0
-2
2
0
-1
0
-3
-2
0
0
2
2
0
3
2
-1
0
0
0
0
2
0
0
1
0
-2
0
2
0
0
1
-1
-3
-2
0
-1
-1
3
-1
-3
0
0
-1
1
0
2
5
0
-2
-1
0
2
3
0
0
2
-1
-2
0
0
0
1
-3
0
0
-1
0
-1
1
0
-1
0
0
2
1
-1
0
1
-1
0
0
0
0
0
-2
0
-1
-1
1
0
-2
0
0
1
0
-2
1
2
-2
-1
0
0
0
0
0
0
0
1
-1
0
0
2
0
-2
-2
-3
1
1
4
5
1
-2
-2
1
0
-3
-1
0
-1
0
0
0
0
2
2
2
1
-2
-1
-2
0
0
0
1
0
-2
-1
1
0
-2
-1
-1
0
0
0
-1
0
0
1
3
1
2
1
0
-2
-1
1
0
-1
0
0
2
-2
0
2
0
2
2
0
0
-2
-4
-1
0
0
0
-2
-1
2
1
0
-3
0
0
0
3
-3
-2
2
0
4
1
0
4
-3
-3
-1
-5
-3
-1
6
3
-4
0
1
6
8
-6
-5
3
1
9
-2
-13
-2
-2
-18
3
19
-1
14
13
0
17
-16
-2
9
-54
-1
5
-29
14
-5
25
39
-31
19
30
-33
7
-8
-22
30
-22
-12
29
-34
1
4
-27
17
11
13
17
53
-12
-42
32
-43
-3
-24
-30
110
-50
-75
92
-18
-47
11
-29
45
0
-11
120
8
-4
9
-115
-31
4
-76
-22
74
21
-60
80
131
44
4
-85
-9
-42
-133
17
21
100
9
-226
26
159
-5
33
38
-32
99
-17
-121
95
6
-177
-103
16
48
107
-54
-156
214
236
-92
-132
-16
113
39
-188
-5
49
-115
-43
145
86
-148
-42
318
187
-277
-254
-37
33
-5
-10
57
168
148
-119
-36
54
-57
-6
-76
-97
120
-48
-56
175
-124
-172
174
322
-41
-318
-38
201
35
-145
-19
55
61
11
-32
-150
-14
202
-54
-51
10
6
-2
-59
130
37
-91
62
20
-45
-97
-68
75
-27
63
43
-66
143
24
-169
30
75
-104
124
140
-385
-204
410
-43
-171
357
-41
-144
3
-121
19
58
9
136
73
-13
46
-263
-284
207
383
-178
-333
56
28
102
54
125
60
-258
165
127
-203
96
-25
-198
-16
144
85
-187
61
163
-67
-67
-1
25
-10
-14
-47
61
15
-117
46
59
20
-97
-85
-5
154
249
-176
-158
70
-3
54
7
24
89
-15
-79
-93
-81
75
31
186
41
-424
39
221
-59
34
-7
0
29
-56
-55
27
56
40
-47
-94
16
2
-133
35
210
-42
-65
229
3
-227
53
-35
-90
185
-24
-78
121
-25
-17
-14
-115
147
-16
-109
67
102
-53
-92
80
-99
-142
93
131
23
66
-69
-40
89
-98
-55
85
3
-68
-40
111
-14
-100
115
-72
9
48
-22
76
-142
7
134
-39
79
51
-140
50
-47
-121
65
-14
45
-4
-61
121
-5
-47
44
-49
-66
63
72
-46
-107
35
19
1
38
-28
62
22
-42
99
-130
-57
125
-30
-51
6
73
-21
29
35
-84
-47
-82
26
42
33
91
-99
12
100
-131
26
111
-78
0
-13
62
60
-118
-72
-69
45
-19
-59
214
72
-51
63
23
-131
-54
69
-102
34
-44
-93
128
6
48
14
-52
94
64
-77
-52
28
-20
-1
15
-71
-20
-6
-45
54
32
22
-17
10
34
21
23
0
-12
-44
33
-63
18
58
-75
-25
-17
-5
44
18
-13
25
24
28
-83
-42
94
-20
-3
32
-79
-3
116
-113
-62
119
-89
68
33
-84
164
-42
-31
10
-61
-12
-60
82
35
-79
65
56
-57
-71
45
41
-45
17
48
-66
-35
106
-87
-45
129
-97
77
-8
-79
158
-111
31
-19
-200
202
-17
-63
136
-44
-23
9
65
99
-84
-112
-6
35
-14
-2
-38
-28
64
-1
42
10
-15
10
24
-1
-186
70
110
-197
291
-27
-277
328
-81
-154
73
85
-124
-70
24
22
100
-95
103
-94
77
70
-184
130
42
-98
66
23
-100
-92
36
104
-113
55
7
94
69
-167
53
20
-112
40
107
-199
118
38
-102
141
-146
92
33
-196
110
97
-61
-70
18
72
1
-41
-57
49
71
-45
-48
20
114
-85
-42
79
-82
18
60
-69
-64
100
30
-77
1
162
-117
-115
248
-172
-44
198
-144
-23
79
-171
45
123
35
26
-63
69
-162
50
75
-214
83
77
-3
48
-148
27
116
-145
134
-4
-5
142
-120
-64
-25
-9
5
0
-71
165
101
-167
26
-82
6
95
-53
-115
218
179
-359
-32
211
-51
-52
29
106
-34
-82
-5
-84
31
32
-85
37
51
65
-17
25
61
-106
-12
94
-53
-74
144
-67
-140
80
-15
9
1
-77
108
156
-156
11
33
-175
82
123
-6
-66
102
-11
-142
51
-92
-41
-19
217
-55
-165
533
-242
-300
150
-40
87
-192
135
59
38
97
-338
258
-124
-190
321
-217
162
74
-199
262
-122
-223
215
26
-198
119
103
-74
5
-59
-94
56
115
-146
96
162
-215
147
32
-284
133
4
-94
68
161
120
-250
-5
78
-318
70
353
-208
103
116
-197
21
-34
-43
55
68
12
12
-131
57
18
-12
7
-74
125
-42
-36
35
-53
111
-183
-53
287
-120
-4
132
-122
28
-112
-20
129
-223
121
117
-36
69
-114
141
-62
-89
-4
34
-23
102
-6
-145
156
-47
-93
-115
111
261
-152
93
101
-346
-90
369
-185
-230
208
-95
33
134
69
47
41
-38
-98
0
-166
-42
105
-1
-80
-39
269
143
-75
-308
-14
120
-115
200
-84
-12
210
-252
-12
480
-198
-315
365
-117
-162
-102
-114
159
-66
155
151
-162
-7
157
-140
55
188
-266
192
118
-344
-80
53
-88
-83
257
87
80
187
-208
-176
21
26
-40
-220
61
310
-122
-169
231
92
-19
-56
-165
54
35
47
36
-120
182
-157
-162
321
-133
-150
179
67
-8
-11
41
-63
-138
81
80
-91
24
-109
-53
70
-178
29
103
13
100
-126
-52
87
66
184
144
6
65
164
-6
-109
9
30
-76
-60
-20
-69
8
-123
-166
29
-73
-42
51
112
111
17
101
161
116
58
80
-41
-23
16
-154
-206
-246
-406
-454
-308
-336
-313
-85
165
440
765
980
1122
1081
937
831
471
-134
-853
-1419
-1668
-1612
-1465
-1088
-612
-453
-306
-215
-319
162
1106
1881
2666
2842
2609
3114
2822
756
-1152
-3477
-5564
-5287
-3795
-1953
791
2746
2906
2881
1996
380
-329
-804
-1431
-1300
-1125
-976
-25
839
1019
1214
1027
210
-245
-546
-694
-486
-229
76
574
1093
1204
1260
721
-211
-825
-1217
-1180
-924
-612
-464
-107
107
143
336
313
298
338
-34
-514
-580
-263
284
631
690
571
500
255
-103
-537
-1007
-1437
-1404
-907
-236
417
674
716
887
506
124
-58
-668
-745
-390
-63
956
2053
2265
2226
1557
869
779
-419
-2373
-4102
-5444
-4823
-2437
397
3909
5687
4399
1786
-1756
-4749
-5474
-4778
-2497
1371
4778
7602
8507
6841
5476
3257
-2045
-6449
-10014
-12502
-9978
-4221
1934
8403
11635
9445
5383
-504
-6467
-8407
-8298
-6002
-815
2959
5789
7222
6016
3038
-649
-3901
-5498
-4237
-2108
-325
1808
2664
2554
2788
2241
1210
398
-1770
-2882
-2803
-2304
-373
1022
1851
1066
-378
-1919
-2245
-1067
422
1064
1283
435
-423
-164
190
2028
3021
2973
3923
2792
-132
-3463
-7156
-8575
-6728
-2297
2668
7215
8429
5799
1662
-3085
-6095
-6216
-3958
-415
2394
4351
3596
1103
-1250
-3504
-3210
-1710
747
3793
5142
4273
3415
4656
2506
-1269
-4315
-8976
-9739
-5732
-855
5234
9829
7611
2950
-1757
-7350
-8027
-5393
-3028
1439
4840
5471
5955
4786
1644
-2418
-7326
-9520
-6817
-977
4670
8295
8283
4821
1192
-1838
-3869
-756
3024
2696
1568
-2590
-6519
-6050
-3520
-891
2722
4532
3006
2315
1036
-1970
-3306
-4375
-5310
-1569
2036
4096
5822
2716
-2780
-5017
-5056
-2131
4426
7470
5882
2522
127
2558
3557
1345
-2357
-8883
-12725
-8920
-2112
6022
12727
10435
3517
-3458
-8953
-9061
-4868
-645
3384
5601
5544
4483
4191
264
-6977
-9985
-9625
-4051
4770
8413
8503
6795
1774
-2225
-226
2922
2184
-1293
-7126
-10751
-7648
-316
5542
9592
8700
1678
-3978
-5800
-5260
-1927
123
-162
1257
2309
3295
4919
2421
-3342
-7723
-9534
-4909
3081
7903
8670
6257
820
-2359
561
3967
3135
-175
-7094
-12223
-9104
-1944
6302
12017
9717
1527
-4749
-8206
-6425
-1466
940
1595
2029
2461
3629
4027
328
-5240
-7833
-7063
-1832
5361
7701
6519
3335
-778
-1143
5141
6932
2094
-3901
-12494
-14316
-6479
2989
10171
11999
5918
-2252
-6565
-7624
-4759
-213
628
443
2651
3782
3623
2398
-2173
-7041
-7009
-4571
570
6760
7782
5789
2788
-825
1128
5207
1587
-2933
-7225
-12196
-8893
97
7050
11140
9353
736
-6358
-7719
-6855
-2651
1811
1746
2768
4115
3202
2572
-846
-5936
-7624
-4589
-769
5770
9597
6064
2349
-2461
-2282
4377
5198
289
-4968
-11950
-12007
-1924
6245
10242
9585
1401
-6040
-6301
-4420
-2064
1576
1714
987
3561
3593
998
-1370
-5659
-7098
-3147
470
3737
6466
5527
2416
-890
1023
5039
2728
-1988
-5459
-9601
-8304
-755
5103
8207
7416
1236
-4164
-5118
-4395
-3509
-1011
1320
2610
5451
5173
425
-2539
-5147
-7009
-2334
2304
3655
4971
3430
-364
-1777
1991
7139
5507
-1075
-6416
-10744
-8934
-1205
5484
8020
5905
912
-2645
-3581
-3538
-3365
-2055
1216
2262
3777
4732
1523
-2549
-5597
-7292
-3860
1502
3799
5857
5696
1538
-2099
1759
7493
4928
-2363
-7361
-10689
-8886
-227
5497
7190
6589
2575
-2418
-4952
-4918
-4866
-2803
600
2684
5317
6323
1312
-3692
-5864
-7234
-3236
2403
4642
6158
5254
822
-3353
274
8306
7934
138
-6552
-11887
-11179
-2726
3938
7283
7912
3302
-2197
-4118
-4910
-5389
-2131
1655
2142
4482
5937
779
-4644
-6647
-6107
-1433
4430
6170
6453
3706
-1715
-4828
2201
11186
6356
-3542
-8808
-11213
-8009
1775
6053
5955
5793
676
-4616
-4500
-3386
-2611
-609
2609
3864
3560
3766
-1769
-7023
-6315
-4407
-166
5052
6999
5493
1729
-1515
-3483
4464
10234
2229
-5290
-7606
-10275
-6905
2655
4941
4538
4888
770
-3193
-3189
-3770
-4091
-984
3585
5114
4447
2543
-4146
-7503
-4073
-1844
697
4019
4822
4117
1941
-2451
-2963
7031
10700
889
-7292
-8226
-8440
-4697
2541
4569
5210
4197
-679
-3943
-4083
-2730
-1901
-1050
3261
5284
3886
732
-5092
-6723
-3245
421
4138
4348
4020
3299
-772
-5305
-3734
8180
11049
-525
-6822
-5380
-6763
-3652
2469
3563
4357
3932
83
-4526
-5599
-3549
-2165
658
5409
5350
3543
463
-5298
-7128
-4710
-181
3402
4400
5071
2126
-509
-2337
-1626
8711
11160
-2090
-10017
-8160
-8137
-3791
4715
7189
4899
4535
2306
-5997
-9117
-4795
-2623
-1041
4359
7867
6368
542
-4768
-5641
-4950
-2648
303
1636
5263
7316
4450
-347
-690
7396
6582
-4837
-9825
-7908
-6824
-3375
2907
6301
6294
4855
1325
-5806
-8649
-4965
-2696
87
6269
8040
5009
1224
-3569
-7188
-7074
-2550
1040
1565
5602
7206
3274
-1070
-914
8316
9545
-3955
-11259
-7281
-5545
-4648
1352
6085
5252
4609
3210
-4627
-8471
-3127
-968
-2131
2356
6869
5334
866
-1949
-4457
-6262
-4228
-780
1721
6150
7327
3605
-1654
-3524
5285
11151
-60
-9574
-5784
-3465
-5186
-2108
3410
4944
5238
4061
-3033
-7167
-3098
-1972
-3037
965
5296
6303
3872
-365
-4444
-7307
-5611
-1926
-390
4428
9261
5750
-628
-1145
4701
9295
1495
-9065
-7679
-4515
-5570
-3835
1458
5823
5976
3967
-95
-5001
-4798
-3176
-2701
131
3572
5859
4004
834
-1002
-5572
-7955
-3999
-666
2775
8072
7332
1934
-805
1190
6656
5444
-5605
-8606
-3330
-3162
-5285
-1916
4250
6629
5147
1424
-3772
-6380
-5087
-2220
-632
875
5666
6250
2026
1537
-401
-7175
-9453
-5096
114
5754
8642
5290
1352
1470
2572
5248
3300
-6794
-8547
-3509
-4133
-5277
548
6296
5811
4207
1543
-3718
-6187
-5267
-3281
-2088
562
6243
6536
4533
4576
379
-8678
-11671
-7277
-1702
6447
8355
3624
2727
3873
2476
5020
4403
-4850
-8047
-6022
-5085
-5232
-569
5692
6631
5173
1248
-2520
-5783
-4782
-1405
-4125
-2400
6796
6880
2866
4394
1479
-7048
-10593
-8447
-3561
5546
7781
3711
6230
7868
1301
1865
6597
-3013
-11630
-8186
-3651
-4772
-3162
4748
8032
7185
3121
-2018
-4526
-5094
-4540
-4462
-2164
3833
5925
4621
5987
3866
-3784
-9382
-9379
-5380
1520
4818
2923
5223
8751
3888
237
5682
4145
-6984
-10866
-5466
-2679
-3294
-128
4271
5910
4225
160
-4067
-4309
-2178
-4642
-4719
2300
5548
4014
4938
5535
1740
-4454
-10526
-9715
-730
4033
421
2099
9834
10182
931
344
9153
1901
-12660
-11134
-1915
-2626
-5015
1026
7203
6921
2544
-895
-2694
-3300
-3422
-6356
-5571
2857
7303
4552
4265
6230
2583
-7288
-12850
-6641
986
-148
-2299
5717
12445
7852
491
4694
9836
-1481
-13009
-9674
-3242
-5061
-5134
2356
7454
6643
3690
221
-3862
-5480
-5090
-7220
-5414
3585
7461
4341
4814
8536
4531
-7604
-12992
-7957
-1922
-417
-238
6553
12339
8709
1000
2137
7902
460
-11498
-11962
-5843
-5000
-6537
70
8254
9569
6545
2403
-395
-1877
-4589
-8004
-7122
-227
2805
2112
5826
9553
6806
-3736
-10316
-6635
-3425
-4201
-3860
2984
8666
8848
5722
3976
9996
8557
-6603
-13887
-7140
-6138
-11234
-3719
6314
7684
6842
4510
-573
-1462
-1346
-7247
-8774
-2762
1314
2213
4933
8059
7014
602
-8797
-8711
-2477
-2347
-4649
584
8884
10135
5795
2565
7770
10412
-3106
-14865
-9228
-3601
-10091
-8423
3095
8255
7233
5018
2176
1653
1459
-5280
-9364
-4980
-781
-149
949
5737
8088
6154
-395
-5391
-5189
-4823
-6696
-8118
-335
8627
9040
6667
7278
9321
10364
-1125
-12966
-8706
-5151
-10327
-10531
-999
5942
6852
6439
5744
4294
2327
-3479
-9031
-8812
-5809
-2477
144
5405
9765
9128
4265
-1339
-3814
-5547
-7271
-9030
-4977
3457
7087
6725
7861
11476
14681
4539
-9348
-9159
-7637
-12304
-15373
-6611
3419
6588
8572
8592
8651
6719
-1900
-8910
-9762
-8560
-5796
-2735
4064
9003
10141
8153
807
-3714
-5531
-6828
-9226
-7498
660
6521
6920
7912
9102
11303
10327
-4426
-11287
-6426
-6892
-13464
-11387
790
4693
5118
6727
7561
7290
1948
-3360
-5653
-7428
-6912
-3697
679
3776
7115
7842
3882
84
-2698
-3488
-7091
-9775
-4706
1117
4632
5815
8789
9355
10608
10153
-2330
-9658
-5170
-5776
-15563
-13266
-919
3017
3079
6542
8776
7105
5113
152
-6853
-7570
-3865
-4593
-5683
210
6601
6838
4466
2577
534
129
-2903
-9670
-6662
484
1802
2952
6584
7975
9617
12307
1599
-7745
-3962
-4352
-14688
-14684
-3206
707
1444
5457
8700
7530
5624
1433
-5201
-7327
-4482
-6041
-6738
1225
6533
5156
5462
6994
2294
-2820
-2234
-7461
-11361
-3605
856
1075
5707
11157
9677
9375
10350
-357
-8462
-4926
-7429
-16446
-12285
-1654
-225
524
6566
9973
7751
5810
1521
-4291
-4305
-4322
-7258
-5442
1525
4004
2920
5803
7352
1355
-1542
-1295
-7584
-8807
-3920
-1490
-182
5015
10045
9015
10568
10856
685
-4754
-4475
-10067
-14899
-11120
-5631
-2444
3127
6549
8430
9642
6809
1637
-2991
-4455
-5097
-6321
-5473
-1793
2092
3531
4386
6087
3768
670
-887
-5367
-7539
-4695
-1569
-544
2019
7154
9251
5848
8138
8477
-2236
-6544
-4988
-8908
-13744
-8881
-3076
-1882
2833
7407
8004
7700
5811
803
-3063
-3776
-4166
-6121
-4478
304
3160
2921
3316
5727
4029
807
-2623
-5416
-5135
-4206
-3869
-742
4491
6127
6170
5437
9311
8009
-2332
-5313
-3913
-6480
-12853
-10889
-3528
-1110
1310
5193
7484
7857
6723
2769
-1234
-1623
-2805
-7265
-6758
-1577
1087
547
1232
5666
7506
3129
-2025
-3092
-2860
-5042
-6219
-3779
1787
5426
5389
5692
8033
9746
6191
-2217
-5860
-3370
-8606
-14303
-9870
-4158
-1126
1488
4674
8366
9627
6402
2070
-343
-410
-2961
-8102
-6537
-457
694
-1298
1389
6131
5591
3311
-104
-2935
-2696
-3108
-5364
-5565
-418
3225
4218
5033
6181
6154
7157
5531
-3201
-6264
-3335
-5958
-13016
-10315
-828
670
-1054
4036
8784
7248
4969
2668
204
-1342
-2854
-6030
-5954
-737
1061
-1172
944
5732
4696
2728
1900
-838
-3027
-3200
-3381
-6362
-3385
2471
3939
2706
4014
6491
4846
5475
2306
-4361
-4890
-3620
-7027
-10813
-6500
-736
1291
2355
4080
6722
8157
5132
18
-1849
-1990
-3766
-6535
-5695
-1365
1025
894
1879
4644
5595
4596
2213
-780
-2137
-2573
-4909
-7067
-3392
813
1624
1608
4643
6913
5391
1846
465
4218
-127
-7282
-6123
-2855
-4732
-6841
-3144
684
2475
3205
3967
4839
4606
2528
-613
-2719
-2365
-2226
-4481
-4644
76
2704
1298
1850
4982
6062
2728
-629
-1254
-1902
-3925
-5738
-4488
-2112
183
2096
2041
3015
4857
5652
3089
-1213
349
4514
-1219
-7982
-4566
-462
-3873
-6448
-2323
922
2155
2902
3089
3735
3782
1846
-337
-2507
-3162
-2219
-2313
-2472
-851
1986
2539
2058
2890
3442
2734
16
-1968
-2240
-871
-1570
-4203
-2685
770
1456
-281
708
1993
2456
1744
-16
-91
632
364
1283
3217
65
-2820
-1771
-1116
-3800
-5093
-2751
-753
994
1805
1627
2138
3461
2774
-77
-1470
-905
-1444
-2511
-1585
264
442
182
2268
3327
1664
1102
1131
-235
-1631
-1399
-1805
-2034
-562
122
-708
-1326
401
1541
924
-338
-356
585
782
617
0
978
4542
4255
-323
-2437
-2090
-2192
-3716
-4541
-4226
-2057
1470
3512
2691
1883
3014
3318
1076
-1696
-2615
-2483
-1402
-535
-787
-196
1257
2460
2936
2665
643
-1533
-764
168
-1102
-2786
-1810
65
1210
1084
635
219
-121
208
-1070
-2487
-2653
-842
167
200
1093
1829
2781
3281
2718
3722
3276
-636
-3065
-4066
-5171
-5380
-3608
-2480
-1272
1978
4610
4263
2838
2186
1340
220
-1184
-2374
-3189
-2632
-967
410
720
550
1817
2770
3466
2125
-723
-1528
-1286
-1190
-1862
-1547
-1394
-89
1814
2348
1439
783
684
-1345
-2219
-2340
-2379
-2198
-930
921
1753
2871
3034
2580
1883
2496
4014
1455
-2410
-4422
-4763
-4008
-3299
-2963
-2773
-350
2824
4515
3928
2279
1204
237
-206
-985
-2250
-2810
-1369
430
1264
1690
1411
1173
1134
1736
437
-1804
-2261
-1578
-1097
-1222
-183
701
1070
1326
2304
1891
611
-21
-1196
-1627
-2421
-2546
-2388
-1816
-650
505
1690
2341
2389
2252
2508
1758
913
277
1181
940
-1368
-2411
-3692
-4256
-3558
-1890
-964
-30
1938
3342
4019
3289
1890
-370
-1981
-2040
-1880
-1802
-1263
-499
291
1403
2060
2318
1658
1267
374
-1250
-1688
-1671
-1461
-1251
-212
502
865
1347
1581
1473
763
281
-1006
-1615
-1705
-1603
-1094
-533
409
847
1842
1969
884
-536
-1349
-1892
-1937
-1015
-941
-361
786
1973
2518
2621
2675
3320
2753
17
-2038
-4255
-5422
-4830
-3044
-1520
-125
1832
2964
3795
3844
3113
1206
-647
-2125
-3077
-2818
-2090
-1014
-196
584
1343
2338
2719
2631
1516
-409
-1645
-2270
-1999
-1430
-434
-44
263
646
1111
1758
1725
1287
-246
-1328
-1936
-1777
-1047
-649
-86
-214
63
662
965
1122
1008
560
182
-14
-468
-368
-189
-743
-1368
-1351
-1348
-1086
52
812
1471
2201
2109
1856
1528
2117
2776
1061
-776
-2734
-4806
-5169
-3847
-1946
-478
1462
2215
2151
2730
2810
1776
541
-543
-2194
-2853
-2030
-953
-69
1036
1319
1048
1357
1790
1750
710
-196
-1510
-2354
-2010
-1244
58
926
1215
868
737
543
542
268
-549
-1049
-2025
-1780
-1221
-392
666
1124
1328
979
1093
803
839
780
143
-637
-1543
-1739
-1616
-731
-34
447
763
539
758
804
982
865
380
-196
-847
-1000
-1462
-1368
-1252
-1283
-513
236
1001
1677
2183
2015
1448
1106
558
523
1265
950
-213
-1440
-3214
-4212
-3713
-2554
-1177
672
1836
2059
2285
2055
1555
1093
548
-395
-1213
-1620
-1728
-1213
-339
463
909
1195
1222
1223
1026
543
81
-592
-1211
-1422
-1202
-722
73
523
690
759
607
492
239
56
-356
-728
-995
-1017
-733
-410
141
287
367
566
649
770
879
756
241
-159
-491
-805
-811
-567
-395
-295
34
189
344
598
605
458
199
-113
-414
-418
-287
-132
183
280
-5
-259
-391
-537
-495
-268
98
438
798
916
828
618
160
-59
-205
-260
-139
56
314
473
373
80
-352
-977
-1378
-1531
-1385
-941
-299
375
852
1182
1273
1229
995
739
422
-11
-518
-951
-1175
-1375
-1405
-1224
-793
-223
599
1508
2209
2716
2656
2724
2557
1190
-100
-1811
-3803
-4797
-4892
-4084
-2329
65
1715
2864
3438
2988
2426
1848
882
-172
-942
-1917
-2481
-2344
-1779
-909
216
1196
1731
2117
1743
1169
655
-39
-631
-921
-1106
-1205
-970
-664
-189
320
796
876
904
790
354
194
-262
-609
-785
-907
-786
-735
-464
-238
202
805
1177
1296
956
464
-130
-601
-873
-846
-701
-546
-271
-185
79
391
649
947
889
627
301
8
-292
-443
-436
-517
-437
-408
-361
-200
-19
229
459
615
507
282
-21
-344
-477
-453
-343
-167
-7
66
142
215
224
256
247
161
78
-43
-135
-197
-232
-194
-125
-66
30
107
173
219
201
193
113
17
-127
-256
-319
-366
-242
-117
35
195
275
287
219
169
86
20
-53
-112
-188
-256
-250
-238
-134
-51
33
115
168
228
243
233
166
105
-6
-87
-108
-144
-112
-100
-58
-31
0
37
31
58
36
26
18
1
-5
-9
-13
-39
-36
-68
-73
-54
-28
0
19
32
5
33
29
26
34
21
14
-1
10
9
18
-5
-15
-16
-23
-19
-22
2
-1
20
30
22
22
4
13
8
17
23
21
16
-8
-20
-32
-46
-59
-41
-24
-27
-10
-4
-4
8
24
47
60
51
47
49
25
14
-11
-43
-56
-78
-81
-57
-48
-27
8
31
58
66
76
70
48
25
0
-13
-42
-65
-70
-62
-50
-18
11
31
55
55
48
24
0
-12
-31
-36
-24
-8
-2
5
19
22
7
0
2
-13
-26
-33
-29
-22
-10
17
44
52
45
39
30
11
-13
-20
-22
-33
-36
-32
-19
-13
-6
10
17
17
23
17
12
11
4
3
-2
-9
-12
-18
-21
-16
-2
7
13
13
4
-8
-21
-15
-11
-8
-5
-4
-3
0
13
29
37
42
38
27
11
-9
-18
-20
-20
-21
-20
-15
-17
-16
-6
3
11
11
9
2
-4
-13
-18
-9
-5
-2
5
7
13
15
17
22
24
16
5
-3
-15
-18
-18
-20
-9
-5
-1
2
5
6
4
6
6
1
-4
-7
-10
-10
-10
-6
4
5
3
9
6
3
3
2
3
0
-4
-1
0
4
10
7
3
6
1
-8
-14
-15
-10
-8
-6
1
2
0
4
9
10
10
1
-1
2
3
3
3
1
-1
-3
-7
-11
-9
-7
-5
1
5
4
7
6
1
-4
-4
-2
3
5
4
4
-1
-6
-6
-5
-5
-1
2
6
4
3
4
5
6
5
2
-2
-7
-7
-4
-3
-4
-1
2
4
0
0
1
1
2
3
3
0
-2
-5
-6
-6
-5
-3
0
0
-2
-5
-2
-2
0
9
12
7
9
6
3
1
-3
-4
-4
-8
-8
-4
-1
0
5
6
4
3
-1
-2
0
1
0
-3
1
0
0
4
2
1
-1
-3
0
-3
-1
1
-3
-2
0
0
-2
-5
-2
5
4
0
2
4
4
5
4
3
1
-2
-6
-7
-6
-4
-5
-4
-1
0
5
5
2
2
0
0
4
3
0
-3
0
3
1
-4
-9
-1
9
-1
-15
4
17
-11
-21
13
20
-16
-13
24
15
-17
-4
21
2
-18
-1
12
-7
-16
1
9
-7
-8
10
8
-6
-5
5
2
-6
-3
4
2
-3
0
9
6
-1
2
7
1
-4
3
1
-3
0
-2
-3
-4
2
7
2
0
-2
-8
-11
-6
0
-1
-2
3
5
-3
-2
8
8
6
12
9
-1
-5
-9
-11
-6
-4
-8
-5
2
4
1
8
14
16
7
0
-5
-15
-13
-6
4
16
8
-4
0
13
34
67
56
-47
-203
-330
-357
-258
-68
175
366
401
307
130
-54
-136
-97
29
172
234
187
58
-94
-204
-228
-179
-86
0
29
-8
-76
-121
-102
-26
64
117
122
84
3
-61
-88
-82
-60
-42
-27
-30
-41
-17
45
99
135
156
141
101
60
49
45
30
21
-10
-71
-118
-129
-96
-41
6
29
14
-37
-84
-97
-73
-23
33
70
74
46
3
-33
-49
-43
-24
-4
16
35
51
56
54
54
47
47
56
47
20
-2
-14
-31
-49
-53
-50
-50
-58
-66
-58
-35
-4
34
60
56
35
12
3
-6
-11
-4
1
-7
-21
-27
-33
-23
0
23
35
41
37
25
4
-17
-29
-17
11
43
52
31
-3
-38
-57
-55
-29
4
29
33
19
-2
-17
-12
7
20
15
5
-11
-32
-37
-23
-7
-3
-3
-2
-1
-2
0
16
21
19
17
12
6
2
2
5
4
-6
-11
-16
-24
-19
-8
2
15
28
36
29
8
-13
-24
-18
0
17
27
16
-4
-25
-34
-29
-18
6
27
22
3
-21
-41
-43
-20
12
41
51
40
18
-13
-32
-36
-22
5
25
33
17
-11
-30
-36
-22
0
19
30
28
13
-4
-14
-20
-26
-24
-9
7
26
37
32
26
15
2
-10
-26
-32
-15
6
12
10
0
-15
-23
-20
-11
0
10
21
22
13
-8
-30
-25
4
28
26
9
3
1
-5
-13
-16
-11
0
24
27
3
-13
-11
3
5
-4
-11
-8
2
7
4
-11
-16
2
15
8
-3
1
7
6
4
-13
-21
-5
3
-7
9
34
0
-37
1
47
-16
-85
25
102
-24
-75
34
41
-63
-26
77
15
-58
14
58
-10
-43
0
8
-19
-5
23
0
-32
4
39
-9
-38
-14
13
20
0
2
27
6
-23
-1
27
-10
-23
28
10
-28
5
-5
-31
6
28
0
-10
5
9
0
-13
-11
5
-3
-4
18
12
-17
-12
3
-1
-5
5
16
11
-19
-19
22
15
-22
-5
14
-5
-4
11
10
-8
-10
0
1
-1
-1
7
0
-10
4
12
4
1
3
-1
-2
1
0
0
-4
-7
-2
-5
-10
2
12
-5
-5
10
5
-2
7
5
-12
-13
1
2
0
7
2
-8
-1
5
-3
-2
3
2
0
2
3
-2
-3
2
1
-2
-7
1
7
-1
-1
5
6
3
5
0
-2
-6
-4
0
-2
-11
-9
-2
-1
-5
-3
4
14
17
14
6
-1
-10
-9
2
5
4
5
0
-3
-5
-7
-6
-5
-2
-3
1
0
-2
1
3
2
0
0
1
1
0
2
6
8
3
0
-6
-11
0
2
0
0
-2
-2
-1
-1
0
2
3
2
4
-1
-8
-8
-2
2
2
4
6
1
-2
-5
-4
0
0
7
6
0
-4
-6
1
0
-1
2
2
0
2
0
-5
-4
0
1
3
-1
0
1
1
-1
-3
2
2
1
3
0
0
0
-1
0
-1
1
6
4
1
-2
-3
-3
-9
-4
0
0
3
0
0
0
0
-1
-1
0
2
4
3
1
1
-1
-4
-1
0
2
5
4
0
-3
-3
0
-4
-3
0
0
2
2
2
-4
-3
-1
-2
-2
-1
3
2
1
1
0
1
1
0
0
0
-2
-1
0
-1
0
1
-2
0
2
0
1
1
0
0
-1
2
3
-1
0
2
-1
-1
0
0
-1
-2
-2
-3
-1
3
1
1
1
1
1
0
-1
-1
0
0
0
0
-2
0
0
-3
1
0
-1
-1
1
1
-1
0
0
1
0
0
1
0
1
1
1
0
-1
-2
0
1
-1
0
0
-1
0
0
0
0
1
0
-2
-6
-4
0
0
2
0
3
5
1
2
0
-1
-1
-1
2
0
-1
-2
0
1
-3
0
4
2
2
2
0
0
0
-1
0
1
2
1
0
-1
-1
-3
-2
0
-3
-1
-1
0
-1
1
3
-1
0
0
0
0
0
1
1
-1
0
0
0
4
5
2
1
0
-1
-1
-1
0
0
1
0
0
0
-2
0
-1
-1
1
0
-1
-2
-1
-1
1
2
0
0
0
1
1
0
0
0
0
1
-1
-1
0
1
0
-2
-2
0
2
0
-2
0
0
2
0
-2
-2
0
3
2
0
0
-1
1
1
2
0
-1
0
0
1
0
0
1
-1
-1
1
0
0
-1
-2
-3
-2
0
3
0
-3
-2
-2
1
1
1
-1
-2
0
1
2
0
0
0
0
0
1
2
1
0
0
-1
1
1
0
0
-2
-1
0
-2
3
2
-2
-1
0
-2
0
2
-3
-3
1
0
0
0
0
0
-1
0
0
2
0
0
0
1
0
0
1
0
2
2
0
0
-1
0
0
0
0
0
0
-2
0
-1
-1
0
0
1
0
0
-1
-2
0
1
0
1
0
4
0
-2
0
0
1
1
1
0
0
0
-2
-3
1
0
0
1
-2
0
-3
-1
0
0
1
0
0
1
0
-1
3
0
0
2
-1
-3
-1
1
1
1
0
0
0
-2
1
2
0
3
1
-1
0
0
0
2
0
-3
0
-2
-3
1
1
0
-1
-5
-1
2
1
1
1
0
0
-1
0
2
0
2
2
-1
-1
1
2
2
0
-1
0
-2
-2
-3
0
2
0
-2
0
-1
-4
0
0
0
0
1
1
0
-2
0
0
0
1
3
4
0
0
-2
-2
0
0
0
1
2
0
-1
-1
-2
-1
1
1
-1
-2
0
2
0
0
-2
0
0
1
1
0
-1
-1
0
1
-1
0
1
1
2
0
0
0
-1
0
0
0
1
3
0
1
-1
-2
-2
0
-1
0
1
0
1
0
-3
-1
0
1
1
0
0
0
0
0
1
0
0
2
0
0
-1
-1
-2
0
0
0
-2
-1
3
4
0
-1
0
-2
-2
0
0
0
0
2
1
0
0
0
0
2
-2
-2
1
0
0
-1
-1
0
1
4
0
0
0
-1
1
1
0
0
0
-1
-1
-1
-2
0
0
0
-1
0
0
0
0
0
0
1
2
2
-1
0
0
0
1
4
3
3
0
-1
1
0
-4
-1
0
-1
1
0
-2
2
0
-4
0
2
0
0
2
0
-1
0
1
0
0
0
0
-4
-1
0
-1
3
0
-1
2
1
0
-1
0
0
-1
-2
0
1
1
0
1
-1
-1
0
0
2
0
1
0
-1
2
2
-1
-2
0
0
0
0
-1
-1
0
3
0
0
0
0
3
0
0
-2
0
1
-1
0
0
0
1
0
0
-3
0
-1
0
2
0
0
0
0
0
2
0
1
0
0
0
0
-1
0
0
-3
0
0
2
1
0
0
0
-1
0
2
-1
-2
0
0
0
0
-2
0
0
2
0
0
1
0
0
0
-1
0
1
1
2
-1
-2
0
2
-1
-1
1
0
-1
0
-1
-1
2
-1
-4
0
2
4
4
1
0
-2
-1
0
-3
0
1
0
-1
0
1
0
0
1
-2
-1
0
0
1
0
0
0
0
0
1
-3
-1
0
0
2
0
-1
-1
0
0
2
0
0
0
0
0
1
1
0
0
1
0
1
-1
-1
0
0
-1
-2
0
2
0
-1
-4
-3
2
0
-2
1
0
0
1
-1
0
0
-2
0
1
-1
0
4
2
2
0
0
0
0
-1
-1
1
0
1
1
0
0
0
-3
0
2
-1
-1
2
2
0
0
-3
-6
0
2
1
2
-1
-3
-2
-1
2
4
1
-2
-2
0
0
1
0
-3
-3
1
4
3
0
-3
0
2
1
2
1
-2
-2
0
1
2
0
0
0
-2
-5
2
5
1
-3
-14
-4
6
5
3
-2
-3
-4
-4
3
6
2
0
0
-1
0
2
2
-2
-2
-1
1
2
3
0
-3
-1
-1
2
4
0
-4
-6
0
0
0
0
1
0
-2
3
5
1
-4
-2
1
2
0
0
3
0
0
-3
-2
1
3
0
1
0
-4
-2
-3
-3
0
0
0
0
1
4
5
4
2
0
-2
-5
-4
-2
0
0
-4
-1
2
3
4
3
0
-2
0
-2
-1
4
4
1
0
-1
1
4
4
-2
-3
0
0
0
-2
1
2
-1
-2
-3
0
0
-2
-2
0
1
3
4
0
-3
-1
0
0
1
0
-1
1
1
-1
0
0
3
0
0
0
-3
-2
2
1
0
-4
-1
-1
4
3
0
1
1
0
-1
-1
0
-1
-1
0
0
-3
-1
2
0
0
0
-2
0
1
3
3
1
-2
0
2
3
2
-3
-3
0
-2
1
2
-3
-1
-3
-5
1
2
1
-1
-1
2
5
7
3
0
0
-4
-1
0
-2
-1
-3
-1
2
2
2
2
-1
-4
-2
-1
-2
0
-2
0
2
2
5
3
-1
-2
1
0
-1
-2
-3
1
0
1
5
3
1
-1
-2
-2
2
2
-2
-1
-1
-3
0
2
1
2
0
-2
0
2
0
-3
2
3
0
0
-2
0
1
-2
-1
0
-2
0
3
1
0
-1
-1
0
-2
0
0
0
0
-2
0
1
0
-3
-2
-1
0
0
0
1
0
0
0
1
0
0
-2
0
0
1
1
2
2
0
0
2
0
-1
0
1
1
-1
0
1
0
1
0
0
-1
-4
-2
-1
0
0
-2
1
1
3
4
0
-1
-2
1
-1
-3
-1
0
0
0
-1
0
0
0
0
0
-1
0
3
0
0
1
0
0
1
1
-2
-1
3
3
2
3
3
0
0
0
-3
-3
-1
-1
-1
0
-4
0
1
0
-1
-4
-1
2
0
0
0
1
3
0
2
1
0
0
-1
0
2
0
1
0
2
6
0
-2
2
-2
-5
0
-2
-2
-2
-5
-2
0
0
2
-2
0
1
0
5
2
0
-1
-2
-2
-1
1
0
-1
1
1
0
2
0
0
1
2
2
-1
0
-1
0
0
-2
-1
-1
0
2
2
0
0
-1
-1
0
0
-2
-3
-2
0
1
1
1
0
0
0
0
-3
-3
0
1
0
1
3
5
1
0
1
1
-1
2
3
2
-1
-1
-3
-3
-5
-3
-1
-1
0
0
-1
0
0
3
3
0
1
4
2
-3
-1
-2
-2
0
1
1
-1
1
0
-1
0
1
0
0
0
0
1
-1
0
-1
-3
2
1
-1
1
-1
0
0
-1
1
0
0
3
-1
-2
0
0
2
0
-1
3
1
2
-1
-5
-1
0
0
2
0
0
1
0
0
0
-1
0
1
2
3
3
0
0
0
-5
-2
-1
-2
0
0
0
-1
-1
0
-1
0
0
-2
0
0
0
2
0
-4
0
2
0
0
0
1
3
2
1
0
3
0
0
3
0
0
-1
-2
-1
-3
-2
-3
-1
0
1
1
0
0
4
2
-1
0
0
-2
0
-1
-3
-2
-2
-1
0
2
2
1
2
2
1
2
0
0
0
0
-3
-2
-2
-1
0
1
0
1
1
2
1
0
0
0
0
-3
-1
1
-1
-1
0
0
-1
0
0
0
0
0
1
-2
-1
0
2
1
0
2
2
1
0
1
2
0
0
1
0
-2
-1
0
-1
0
0
0
0
0
-2
0
0
-2
1
0
-2
1
-1
0
1
-3
-1
-1
-1
4
2
-1
0
2
2
-1
0
1
0
-2
-1
3
0
0
0
0
0
4
1
0
0
0
0
-1
-6
-2
0
-2
-3
-1
0
0
0
1
2
0
3
3
1
1
0
0
0
0
1
0
1
0
1
0
-1
0
-2
0
0
-4
-2
-1
-1
-2
-1
0
0
3
4
0
2
0
-2
-1
-1
1
0
-1
0
2
2
0
2
1
1
0
0
0
-3
0
0
-1
0
0
2
1
-1
0
0
0
1
0
0
-3
-3
0
-1
0
-1
0
0
-2
2
0
1
2
1
0
0
1
0
0
0
0
0
2
2
-1
-1
0
0
0
0
0
0
1
0
0
1
0
0
1
-1
-3
0
-1
-1
1
0
0
0
1
2
1
0
-1
1
0
0
-2
0
0
0
0
0
1
0
0
-1
0
0
0
1
0
0
0
0
0
2
2
0
0
1
0
1
0
-1
0
0
-1
-2
0
0
1
0
0
1
-2
-2
0
0
0
-1
-1
0
1
1
1
1
0
0
0
2
0
1
0
0
1
0
0
0
-3
0
0
0
-1
0
1
0
-1
-1
0
0
0
0
0
0
0
2
0
1
1
0
0
1
1
0
0
-1
0
0
-1
0
0
1
-2
-1
0
0
0
-3
0
0
0
0
0
0
2
1
0
0
0
0
2
1
1
0
-1
-1
-3
-2
-1
-1
0
0
0
0
0
0
0
1
0
0
0
0
1
0
0
0
-1
0
1
0
-1
1
2
-1
0
-1
-1
1
0
0
1
0
0
1
1
0
0
1
-1
0
0
0
0
0
1
0
-2
-1
0
0
0
-1
0
0
0
0
0
2
1
1
0
-2
0
0
1
0
0
0
0
-1
1
1
0
0
0
-1
0
0
1
1
1
0
-1
-2
-2
0
0
0
0
-1
-2
0
1
1
0
-1
0
1
0
0
0
-1
0
0
0
1
-1
0
0
0
1
0
-1
0
-1
0
2
0
0
-1
0
0
-1
2
0
-1
1
0
0
1
0
0
0
-2
0
0
0
0
0
0
0
0
1
-1
-1
0
0
0
-1
-1
0
0
0
1
0
0
0
0
0
0
0
0
-1
-1
0
1
0
1
0
0
1
0
-1
-1
0
-1
1
0
0
1
0
0
0
-1
0
-1
0
0
0
0
0
0
0
0
-1
-1
0
1
1
0
1
1
1
0
0
0
0
-1
0
0
0
0
-1
0
0
0
1
0
1
0
-1
0
0
-1
0
0
-1
0
1
0
0
0
-1
-1
0
0
0
0
0
1
1
1
1
0
-1
0
0
-1
0
0
0
0
0
0
0
1
0
0
1
0
0
0
-1
0
0
0
0
0
-1
0
0
0
0
0
-1
0
0
0
0
0
1
0
0
1
0
0
1
1
0
0
0
0
0
-1
0
1
1
0
0
0
-1
0
0
0
0
-1
0
1
0
0
0
-1
0
0
0
0
0
0
0
0
2
1
0
0
1
0
-1
0
0
0
-1
0
0
1
1
0
0
0
-1
0
0
0
-1
0
0
0
0
1
1
0
0
-1
-1
-1
0
1
1
0
0
0
0
0
0
0
0
0
0
0
0
2
0
-1
0
-1
-1
0
-1
0
0
0
-1
0
0
0
0
0
1
0
0
0
-1
0
1
1
2
0
-2
0
0
0
-1
-2
0
1
0
1
0
0
0
0
0
0
0
-3
1
1
0
0
-1
0
0
1
0
-1
-2
-3
0
0
0
0
0
0
0
1
0
0
0
0
0
0
1
0
0
1
-1
1
0
0
0
0
0
0
0
0
-1
0
-1
-1
-1
0
0
0
0
0
0
0
0
1
0
1
1
0
0
0
1
0
-1
0
0
0
0
0
0
-2
-1
0
0
0
0
1
-1
0
0
-1
1
0
-1
0
0
0
0
0
0
0
0
0
0
0
0
0
0
-1
1
0
0
0
0
1
0
0
0
1
0
0
1
0
0
-1
-1
0
0
0
-1
-1
0
0
0
0
0
0
0
0
0
0
-1
0
0
0
0
0
0
0
1
2
1
0
0
0
-1
0
-1
-2
0
0
0
0
0
0
0
0
1
0
0
0
1
1
0
0
0
1
0
0
0
0
1
0
0
0
-1
0
0
0
0
0
0
0
0
0
0
-1
0
-1
0
0
0
0
2
0
0
0
1
2
0
-1
1
2
0
0
0
0
-2
-2
0
1
0
0
0
0
0
1
1
2
0
0
-1
-1
0
-1
-1
0
-1
0
0
-1
1
0
0
0
0
-1
0
0
-1
0
0
0
0
0
1
0
1
1
0
1
1
0
0
1
-1
-1
0
1
0
-1
0
0
0
0
0
-1
-3
1
0
1
0
0
0
-1
-1
0
0
-1
0
0
0
0
1
2
-1
-2
-1
1
2
0
0
0
0
0
0
0
0
0
0
0
-2
0
2
-1
0
0
-1
0
2
1
0
0
0
0
2
2
0
-2
-2
0
0
0
0
-1
0
0
-1
-2
-1
-1
0
0
1
1
-2
-1
0
1
0
-2
0
1
0
0
-2
-1
0
1
2
0
-1
0
0
1
1
0
0
0
0
0
0
0
1
0
0
-1
0
0
0
0
0
0
0
0
0
0
-1
0
0
0
1
0
1
0
0
-1
-1
0
0
0
0
0
0
-1
1
0
0
0
0
1
0
-1
1
1
0
0
0
0
-1
0
1
0
0
0
0
0
0
0
0
0
0
0
0
-1
0
0
0
-1
0
1
1
-1
-1
1
0
-1
-2
0
2
0
0
0
0
0
0
0
0
1
1
-1
0
0
0
1
1
1
1
0
0
0
0
0
-1
-2
0
0
-1
0
-1
1
0
0
-1
0
1
0
-1
0
0
0
1
0
0
0
-2
-2
0
0
0
0
0
0
0
2
2
2
0
-1
-1
1
1
0
0
0
1
0
-1
0
-1
-1
0
-1
0
0
0
0
0
0
0
0
0
0
-1
-1
0
0
0
2
1
0
1
1
0
0
0
1
0
-2
-1
-1
0
1
0
0
0
2
-1
0
1
0
1
2
-2
-2
0
-1
0
-1
0
0
0
-1
-2
0
0
0
0
0
0
1
2
2
2
1
0
0
-1
0
0
0
1
-2
0
1
0
0
0
0
0
0
0
-1
0
1
0
0
0
1
1
0
0
0
-1
-1
0
1
0
-2
0
2
2
0
2
0
0
0
0
0
-1
0
0
1
1
1
1
-1
0
2
1
0
-1
0
-1
0
0
-1
1
0
0
0
-1
1
0
-1
0
0
-2
0
0
0
0
0
0
0
0
1
0
1
1
-1
0
0
-2
0
-1
0
0
-1
3
0
-1
0
1
0
-1
0
0
0
1
1
1
0
-1
0
0
0
-1
0
0
-1
0
0
0
1
1
0
1
1
0
0
0
1
1
0
-1
1
-1
-1
0
0
0
1
0
-1
0
0
0
0
0
-1
-1
0
0
0
0
0
1
1
-1
0
2
0
0
0
0
0
0
1
1
0
0
0
0
0
-2
-1
1
0
0
0
1
0
-2
0
1
2
0
0
0
-2
0
0
0
0
0
0
-1
0
0
0
0
0
0
-1
0
0
1
1
0
-2
-1
0
0
0
1
2
0
0
1
0
-1
0
0
1
0
0
0
1
0
0
0
0
0
0
-1
1
0
0
0
-1
0
0
0
0
-1
-1
-1
0
0
0
0
0
0
0
0
1
1
0
0
0
0
0
0
0
1
0
0
0
0
-2
0
1
0
0
-1
0
0
0
0
0
0
0
-1
0
1
1
0
0
1
1
1
0
0
0
1
1
1
1
-3
-2
0
0
0
0
1
-1
-1
0
0
-2
0
0
0
-1
0
0
0
0
0
1
1
0
0
1
0
-1
0
1
2
0
0
-2
0
0
0
0
0
0
-1
-1
-1
0
0
1
0
-1
0
-1
0
1
1
1
-1
1
0
-2
2
2
0
0
0
0
0
0
0
1
-2
-1
0
0
-1
0
0
-1
0
0
-1
0
0
0
0
0
0
0
2
1
1
0
0
2
0
0
0
0
0
0
-1
-1
-1
0
1
0
-3
-1
1
0
0
0
-1
0
0
1
0
0
1
0
0
0
0
-1
1
1
0
1
0
0
1
-1
0
-1
0
0
0
0
1
0
-2
-1
0
0
0
0
-2
-1
0
0
1
1
0
0
1
0
1
0
0
0
1
0
0
1
2
0
0
0
0
0
-2
-2
0
0
0
0
-1
0
0
0
0
0
0
0
0
0
0
0
0
0
0
0
1
0
0
0
-1
-1
0
0
0
0
0
1
0
1
0
0
0
0
-1
-1
0
0
0
0
0
0
0
0
0
-1
0
0
2
1
0
0
0
0
-1
-1
0
0
0
0
0
0
1
0
0
0
-1
0
0
0
0
1
0
1
1
0
-1
0
0
0
0
0
1
1
1
-1
0
0
0
-1
-1
0
0
0
0
-1
0
0
-2
0
0
0
0
1
2
0
0
0
0
0
-1
0
0
1
1
0
0
1
0
0
0
0
-1
-1
0
0
0
0
1
0
0
0
0
0
-1
0
0
0
0
0
0
0
0
-1
0
0
0
1
0
0
0
1
0
0
0
0
0
-1
0
1
-1
0
1
0
0
1
0
-1
0
0
0
1
0
0
0
1
2
-1
-2
-2
0
0
0
0
0
0
0
0
1
0
0
0
0
0
0
0
0
0
0
0
0
0
0
0
0
0
0
1
0
-2
0
0
1
1
1
0
-1
1
-1
0
0
-2
1
1
0
-1
-1
0
0
0
-2
-2
0
1
0
0
1
0
1
1
-1
-1
0
1
0
0
0
0
0
0
0
0
-1
2
0
-1
1
0
0
0
0
-1
1
0
0
0
1
-1
-2
2
-1
1
1
-1
-1
0
0
-1
1
0
0
0
1
0
0
0
1
0
0
-2
0
2
1
0
-1
0
0
-1
1
0
-2
0
1
0
0
-1
0
-1
0
1
-1
0
0
1
0
-1
-1
0
0
0
0
0
0
0
0
0
0
0
0
0
1
0
0
0
0
0
0
0
0
0
0
0
0
2
1
0
-1
0
0
1
1
0
0
0
1
0
-2
-1
0
0
1
0
-1
0
0
2
0
0
0
0
0
-1
0
0
1
1
0
1
1
0
0
-2
-1
1
0
0
0
0
0
0
2
0
0
-1
-2
0
1
0
0
1
-1
-1
0
0
-1
0
0
0
0
0
-1
0
1
0
0
0
0
2
1
0
0
0
1
1
0
0
0
0
1
0
-1
0
0
0
0
0
-1
-1
0
0
-1
0
-1
-1
0
0
-2
-1
-1
-1
0
0
-1
-2
0
1
2
1
0
0
0
0
2
2
2
0
0
0
1
1
2
2
0
0
-1
-1
1
1
0
0
1
-1
-3
-3
-2
0
0
0
-1
0
-1
-2
0
0
0
0
0
0
0
0
0
0
0
1
0
0
1
1
0
2
0
0
0
2
2
0
0
-1
0
-2
-2
0
0
0
0
0
0
0
-1
0
0
0
0
0
0
0
0
-1
0
0
-2
0
0
0
1
1
1
1
0
2
-1
-1
0
-1
1
0
-1
0
1
1
1
0
-2
1
2
1
0
-5
-2
0
0
2
0
0
-4
0
0
0
0
-1
0
0
4
1
0
0
0
0
0
0
-1
0
1
1
2
1
0
3
2
-1
-1
0
0
-3
-2
-2
-1
-3
-3
0
1
2
0
0
0
0
0
0
0
0
1
0
0
2
2
0
-1
-1
0
-3
-2
4
2
0
2
0
0
0
0
0
1
1
0
0
0
-4
-3
-1
0
2
2
-2
-3
-1
0
0
0
2
0
-1
0
0
-2
-1
1
2
0
0
1
0
0
0
1
0
-1
2
0
-3
0
0
0
0
0
0
-1
-1
0
0
0
0
0
0
0
2
0
0
1
0
-1
-1
0
1
0
0
0
0
0
0
0
0
0
0
2
0
-1
1
1
0
2
0
-1
0
-2
-2
0
0
0
0
0
0
1
0
0
0
0
0
-1
1
0
0
0
0
0
0
0
-1
0
1
1
0
0
-1
-1
0
-1
-2
-1
0
0
0
0
0
1
1
0
3
2
1
1
0
2
0
0
-1
-2
-3
-2
-1
-1
0
0
-2
-1
0
-1
0
0
1
2
0
1
0
0
1
0
0
0
0
0
0
0
-1
0
0
1
0
0
1
-1
-1
-2
0
0
0
1
0
0
-1
-1
0
0
0
0
0
0
2
0
-2
0
-1
-1
0
0
0
1
0
0
1
-1
-1
0
1
0
1
0
-2
1
1
1
1
1
-3
-1
1
-2
2
2
-2
-1
2
0
0
0
0
0
-1
-1
0
-2
-1
0
1
3
1
0
-1
-1
-1
0
-1
0
2
0
0
2
1
0
1
0
0
-3
-2
0
-2
0
4
2
2
0
1
0
-1
0
-1
-1
0
0
1
0
0
2
1
0
-2
-2
0
-1
0
0
-1
-1
0
2
0
-1
0
0
0
0
0
1
-1
-1
1
0
0
1
0
0
0
1
0
-1
0
-1
0
1
0
0
0
0
-2
0
1
0
0
-1
0
3
1
0
0
0
1
0
-1
0
0
-1
-1
-1
0
-1
-1
0
-1
0
0
0
2
0
0
2
2
0
-1
0
0
-1
0
-1
0
0
0
0
0
-1
0
2
0
-1
0
0
-1
-1
0
0
0
0
0
-1
-1
1
0
1
1
0
0
-2
0
1
2
0
0
0
-1
0
0
3
0
0
0
-3
0
2
-2
0
1
0
-1
-3
0
0
0
-1
0
-1
0
1
3
0
0
2
0
0
2
-1
0
0
-1
1
0
0
0
0
-1
-1
-1
-1
0
1
0
-2
0
-2
-2
3
3
0
0
2
0
2
0
0
0
-1
-2
0
1
0
1
0
0
0
0
1
0
0
-1
0
0
0
0
1
0
0
0
-1
0
1
3
2
0
-1
-1
0
0
-2
-2
-1
-1
-1
1
2
1
2
2
0
0
0
0
0
0
0
-1
-2
0
-1
0
2
1
0
0
0
0
-1
0
-1
-3
-1
0
0
1
1
0
1
0
0
0
0
0
0
1
1
0
0
-1
0
0
0
0
0
0
0
1
0
0
1
0
-1
0
0
0
0
0
0
1
0
0
0
0
0
0
0
0
0
-1
-3
0
1
0
-1
-1
0
0
0
-2
0
3
0
-1
1
0
1
1
1
2
0
-2
-1
-2
0
2
1
3
2
-3
-2
0
0
0
-1
-2
0
1
1
0
1
-1
-3
-2
0
1
-1
0
0
-1
1
1
0
0
0
0
1
1
1
1
2
-1
-1
1
0
-2
-1
2
0
-4
-2
0
0
-2
1
2
0
0
2
1
0
0
0
0
0
0
0
0
0
0
-2
-1
0
0
1
1
0
2
-2
0
1
-2
0
1
-1
-1
1
1
0
-1
0
3
0
0
0
-2
0
0
0
-1
-2
-1
0
0
0
1
0
0
0
-2
0
2
0
1
1
-1
1
0
0
0
-2
0
0
0
2
0
0
3
0
0
0
-1
-2
0
0
-1
2
0
-1
1
1
0
2
0
2
-1
-2
1
-1
0
1
-5
0
4
1
0
0
0
0
-3
0
3
-2
-2
1
0
0
0
1
-1
-2
1
2
0
1
0
-1
0
0
0
2
2
0
0
-1
0
0
-1
-2
-1
0
0
0
1
0
-1
0
1
0
-1
-2
0
0
0
1
3
0
-1
2
2
0
0
1
2
1
-2
1
2
-1
0
-1
0
0
-1
0
0
-1
-1
-1
0
3
-1
-1
0
-1
-1
-1
0
0
1
0
0
0
-1
0
2
1
0
0
0
-1
0
2
0
0
3
1
-2
-3
1
0
-1
0
0
0
0
0
0
0
-1
0
2
0
-2
0
2
0
0
0
0
0
0
-1
-2
0
0
1
0
-1
-2
-1
1
0
0
2
-1
0
1
0
-1
1
0
-2
0
1
2
2
-1
-2
1
0
0
0
0
0
0
0
0
0
-1
0
2
1
-1
0
2
-1
0
0
-1
0
0
-1
0
2
1
0
0
0
0
0
-1
-1
-1
0
0
1
0
0
3
1
-1
0
0
-5
0
2
0
0
0
1
0
0
0
0
0
1
-1
0
0
1
0
-1
0
0
0
0
0
0
0
0
0
0
-1
-1
-1
0
0
-2
0
1
0
-1
0
0
0
0
0
2
-1
0
3
1
-1
0
0
1
1
0
1
4
0
-2
0
0
0
-3
-3
-1
1
0
0
0
0
-2
-2
0
2
0
0
0
0
2
1
-1
2
1
0
0
-2
2
1
0
2
3
0
-1
0
0
0
-2
-1
0
0
1
2
-3
-2
0
0
-1
2
2
2
0
0
1
1
0
-3
0
-1
0
0
0
-1
-1
0
-2
-2
0
0
0
-1
0
-1
-1
0
2
1
3
2
0
2
1
0
1
0
0
2
1
0
0
0
-2
-2
0
-1
-2
1
0
-2
-1
0
0
-1
0
0
0
0
1
1
0
3
1
-1
0
0
0
0
-1
0
-1
1
1
-2
0
0
0
1
0
-2
-3
0
0
2
1
3
1
0
0
0
1
1
1
2
0
0
0
0
0
0
0
-2
-1
0
-1
-1
1
0
-1
0
0
0
0
-1
1
1
0
1
0
-1
1
0
0
-1
-1
0
0
0
-1
-1
-1
0
0
-2
1
1
0
1
0
0
0
1
1
0
0
1
0
0
0
-2
0
0
0
0
-2
1
0
0
0
0
0
2
-1
0
1
0
1
2
0
0
0
0
0
0
-1
0
0
-2
0
-1
-1
1
0
0
0
0
0
0
1
0
0
0
0
0
-1
-1
-1
0
0
0
0
1
0
0
0
2
0
-1
-1
-1
-1
0
1
0
0
0
0
1
1
0
0
-1
0
-1
0
0
0
-1
0
1
1
0
0
0
0
1
0
0
-1
-1
0
0
0
1
0
0
0
0
-1
0
0
0
0
0
0
-1
0
0
0
0
0
0
0
0
1
0
0
0
2
2
1
0
0
1
0
-1
1
1
0
2
1
-3
-3
0
0
0
0
0
0
0
0
0
-1
-3
-1
-2
0
2
0
0
0
2
0
-1
-1
0
0
-1
0
0
1
1
0
-2
0
1
0
0
1
1
0
1
1
0
-1
0
0
1
0
0
0
-1
0
1
0
-2
-2
-1
-1
0
-1
-2
0
0
0
2
1
0
0
0
-1
0
1
1
1
1
1
0
0
0
0
0
0
0
0
-1
-2
0
0
0
0
0
-1
-3
1
1
0
0
0
0
-1
-1
0
0
0
0
0
1
1
0
0
1
0
0
0
0
0
0
0
0
0
1
2
0
-1
-2
-2
-1
0
1
0
0
0
1
-1
0
0
-2
-1
0
2
1
0
1
0
0
0
0
0
2
0
0
0
0
-2
0
0
-1
-2
0
0
0
0
-1
0
0
-1
-3
-2
1
0
1
0
-1
4
2
0
1
0
0
-1
0
1
0
0
-1
0
0
0
0
1
1
0
0
0
0
1
1
-1
-1
-3
0
1
1
0
0
-1
1
3
1
-2
0
0
-1
0
0
0
-2
0
1
-1
2
0
-2
0
0
0
0
1
0
0
0
0
0
2
1
0
-2
1
0
0
1
0
0
-2
0
0
0
0
0
0
0
0
0
-2
-1
0
-1
0
0
0
0
0
0
0
1
0
2
2
0
0
1
0
0
0
1
0
-1
-2
1
-2
-2
0
0
-3
-1
0
-1
-1
2
1
0
-1
0
0
2
0
0
1
0
0
2
0
-2
1
0
0
0
2
1
0
0
-2
-3
2
4
-1
0
0
0
-2
0
1
-2
0
1
0
0
0
0
0
0
0
1
0
-2
0
0
1
1
0
0
0
0
0
0
0
0
0
0
0
0
0
0
1
1
0
0
2
0
0
0
0
-1
-1
0
0
-2
1
0
-2
1
0
1
2
0
0
-1
-2
1
0
-2
1
1
0
1
1
0
-3
-1
-1
-2
0
0
1
2
0
0
0
5
0
0
-1
0
3
1
-1
-1
-1
-2
0
1
0
0
0
-2
-3
0
0
0
0
-1
0
0
-1
0
0
0
0
0
1
2
1
1
0
-1
1
0
-3
0
3
1
-1
-2
-1
0
2
4
0
-1
1
0
-2
-1
-3
0
1
1
0
-3
-1
4
1
-2
-2
-1
1
1
0
2
2
0
2
-1
0
0
-3
0
0
-1
0
1
1
0
0
1
0
0
2
-2
-1
0
-4
1
3
-1
0
0
-1
0
0
0
2
1
0
3
-2
-3
4
1
0
1
-1
-1
-2
-2
1
4
4
-5
-9
1
11
5
-9
-12
-1
16
17
-11
-29
-9
21
23
-5
-26
-15
18
25
2
-19
-15
8
19
6
-12
-13
0
8
5
-2
-6
-3
4
5
2
0
-5
-3
0
2
0
0
0
0
0
0
-2
0
2
0
-1
0
0
1
0
-2
-2
0
1
3
0
-1
-1
0
3
4
-4
-6
1
2
1
4
0
-4
-1
2
2
0
3
-2
-4
5
0
-2
4
-6
-7
1
3
0
-4
0
0
-1
2
1
-2
-1
-2
0
2
4
1
0
-3
1
3
0
-1
-3
-1
5
2
3
0
0
0
0
0
-1
1
1
0
0
-2
-2
1
0
-1
0
1
3
0
0
0
-2
1
0
0
0
2
0
-5
-1
0
-1
0
0
-1
0
2
1
-1
0
2
-1
0
3
1
1
0
0
0
0
2
-1
0
0
-1
0
0
0
0
0
0
0
1
0
-2
0
0
0
-2
0
3
-1
-2
1
0
1
2
-1
-1
-2
0
0
-1
2
3
-1
-2
0
0
-3
2
0
-1
5
0
-3
1
4
0
-2
0
0
-1
0
3
0
-1
1
0
-3
0
0
0
0
-2
0
-1
-3
0
0
0
0
0
0
0
0
2
1
-2
-2
1
-1
0
1
1
0
-1
0
0
1
1
3
3
0
-2
0
-1
-1
0
1
0
0
0
1
-1
-2
-1
-2
0
3
0
-1
0
0
-2
0
0
-2
0
3
0
-2
-1
1
1
0
0
1
1
2
1
0
-1
-1
0
0
2
0
0
0
-3
0
2
0
-2
2
1
-2
0
0
-1
0
1
-1
0
0
0
0
-1
0
0
0
0
-1
0
0
0
0
1
0
-1
-1
0
0
-1
1
0
-1
3
0
1
3
0
1
0
1
-1
-1
1
-1
0
1
-2
0
-1
0
0
0
2
-1
-1
0
0
0
0
0
0
0
1
0
-1
0
0
0
1
1
1
0
3
0
-3
3
0
-3
0
0
0
1
-1
1
3
-1
0
0
-3
0
0
0
2
-1
-1
0
0
-2
-1
0
2
2
1
0
-1
0
0
0
-1
0
0
0
0
0
0
0
2
0
-1
0
0
1
0
0
2
0
-1
0
-1
-3
-1
0
0
0
3
0
-2
0
1
0
0
0
0
-4
-1
0
0
0
2
4
1
0
-1
0
-1
-3
-1
1
0
0
3
3
3
1
1
-1
-2
-4
-5
-1
0
2
4
0
-4
-2
-1
-4
-1
2
2
3
4
1
2
1
-3
-1
-2
-2
1
4
0
1
2
-3
-2
-1
0
-2
0
1
4
1
-2
0
0
-1
0
-1
-3
0
2
2
0
0
0
0
0
-2
0
1
3
3
0
-2
0
-1
0
0
-2
2
0
0
1
0
-2
0
0
0
2
0
0
0
-1
-1
0
-2
0
3
2
2
3
-1
-1
0
-1
0
0
0
0
2
0
0
0
-2
2
-1
-5
-1
1
1
2
0
0
2
2
0
0
-1
-1
0
0
0
0
0
-1
-2
0
-1
3
2
1
2
-2
-2
-3
1
3
0
-1
-1
0
2
-2
0
0
-1
0
1
2
-3
1
0
0
-2
-1
1
1
-1
0
1
0
-1
0
4
0
-3
1
0
0
3
0
1
0
-1
-2
-1
-4
-1
0
0
0
-1
0
1
0
-2
1
2
0
1
1
0
2
1
1
0
-2
0
0
0
-3
1
3
-1
-1
0
-2
-1
-1
2
0
-1
0
-1
-2
1
0
0
-1
-1
3
0
0
0
-1
0
1
4
1
0
0
-3
1
1
0
1
0
-6
-5
2
0
0
2
0
0
0
-1
1
0
1
0
0
2
0
1
-3
-5
0
5
3
2
0
-4
-3
1
0
1
0
-4
0
0
-1
2
0
0
-1
0
1
2
0
-1
-1
1
2
0
-1
0
0
-1
0
1
-2
0
1
1
0
0
-1
0
1
0
-1
0
-1
-2
0
3
0
-3
0
0
-1
0
1
-3
-1
2
1
0
0
-1
0
2
0
1
3
0
2
3
-1
-4
-6
-5
1
7
3
-2
-11
-8
6
21
9
-12
-11
-1
3
1
0
-7
-11
0
16
28
17
-13
-24
-9
-13
-18
5
33
29
3
-27
-40
-2
7
-76
-59
206
348
7
-393
-296
85
208
36
-82
-30
44
36
-6
-44
-49
35
135
120
-2
-132
-135
-12
64
28
-24
-64
-65
28
114
85
20
-1
-9
-44
-72
-29
27
5
-34
-9
-5
-22
45
107
27
-40
21
41
-49
-83
-10
22
-8
-19
-1
5
-1
14
42
25
-36
-58
-19
17
42
44
11
-7
14
11
-26
-37
-19
-4
-3
-6
-7
-12
3
38
15
-32
5
59
28
-24
-28
-12
-14
-17
0
22
8
-17
5
26
6
-19
-25
0
26
6
-2
11
-1
-12
-9
-12
-6
-4
-3
25
36
-1
-26
9
36
-4
-47
-25
24
23
-21
-20
12
1
-2
9
-7
-2
18
-13
-35
11
30
-2
12
39
-9
-42
1
20
-6
-14
1
4
-13
-20
-11
-2
21
47
22
-14
-26
-22
-4
4
13
16
0
-9
-5
-2
-13
-4
27
25
-1
-18
-21
-5
16
12
-4
-8
0
14
9
-17
-22
-4
15
13
-6
-16
-5
6
4
1
-3
-4
26
39
1
-31
-19
-8
2
21
12
-23
-26
0
5
0
6
17
7
-15
-3
13
0
-10
-4
4
0
-5
-1
-9
-5
13
12
1
-8
-9
7
19
14
-7
-18
-6
11
7
-12
-17
-7
6
11
4
-8
-12
15
23
2
-5
-7
-8
-12
-2
7
-2
1
9
1
-11
-2
12
2
-13
-2
13
4
-4
2
4
-4
-3
3
0
-2
-5
-8
-5
5
9
1
0
-1
-1
9
12
0
-11
-8
-1
-3
0
5
0
-5
-2
-2
1
10
5
-8
-8
8
18
10
-13
-16
-1
4
3
-2
-10
-8
6
22
7
-21
-12
15
14
-6
-6
4
0
-9
-3
15
6
-20
-14
9
17
3
-6
-3
0
1
4
-1
-4
-1
-1
-1
0
0
5
0
-2
-1
0
3
2
0
-2
1
0
1
9
1
-10
-5
4
2
3
-6
-12
0
7
6
0
-5
-1
-1
1
7
1
-4
-2
3
0
0
1
-5
-7
0
3
2
0
-1
1
0
1
0
-1
1
2
1
5
-2
-4
2
1
-3
-2
2
-1
0
4
1
-4
-5
-2
2
2
0
0
0
2
0
-4
0
1
0
1
1
-1
-5
1
4
3
2
-5
-5
-2
5
6
0
-4
-6
-1
3
6
7
2
-5
-5
1
5
1
-4
-5
-2
1
4
5
2
-1
-1
-3
0
2
0
-2
-1
-2
-4
0
0
1
2
1
-1
1
3
0
-2
-8
-3
2
4
5
0
-4
-5
0
5
5
2
-3
-3
-3
2
6
1
-1
-2
0
2
0
0
-3
-3
-1
1
3
1
0
1
1
-1
0
0
0
-2
-2
0
0
-1
-3
-2
2
4
2
0
1
2
0
1
1
0
0
-4
-2
-1
-7
-2
3
2
8
10
6
5
0
-5
-7
-8
-4
-3
-4
-5
-4
5
11
10
0
0
2
5
5
-3
-7
-8
-3
0
-1
-3
-4
0
2
1
5
5
3
-1
-5
-3
0
0
-4
-4
0
3
9
5
-1
0
-1
0
0
0
3
-1
-5
-4
-4
-1
-1
0
1
4
9
7
2
2
4
2
2
-3
-7
-11
-4
-1
-4
-4
-3
5
4
0
4
1
0
3
2
-2
-1
2
5
0
-3
0
-2
1
4
1
-5
-3
0
3
3
0
-3
-9
-2
5
8
4
0
-2
-4
0
1
0
-3
-1
-1
0
4
4
-2
-5
-1
0
4
6
0
-5
-1
0
-2
-2
-1
2
3
2
2
7
7
0
-1
-5
-9
-6
0
3
4
1
3
4
-4
-4
0
-4
-8
-1
1
5
4
2
1
0
-1
-3
-3
0
0
2
3
1
1
0
-1
0
-1
-3
-1
0
-1
6
8
1
-2
0
-3
-6
0
0
0
2
2
1
0
-1
0
-3
-4
0
-1
0
3
3
-3
0
3
1
0
-2
0
-1
-3
4
2
-1
1
0
1
1
2
0
-2
0
-2
-1
0
-4
0
2
2
5
-2
-7
-3
0
4
5
0
-6
-3
1
2
2
0
0
-1
0
3
4
-2
-2
2
2
0
-2
-3
-4
0
3
0
1
-1
-1
1
3
2
-1
-3
-1
1
1
1
1
-4
-3
-1
2
3
2
-2
0
0
0
0
-4
0
0
1
2
2
2
-1
0
-4
-2
-1
-1
1
3
5
3
-1
-4
-2
-3
0
2
3
-1
-4
2
0
1
1
-1
0
-1
2
3
2
1
-3
-1
0
-3
0
2
1
-4
-4
-2
-2
3
4
2
0
-1
-2
-3
1
1
-1
0
2
0
-1
-1
0
3
2
3
5
8
4
-2
0
-3
-3
-3
-3
-4
-7
-6
-9
-7
-1
-2
-2
-3
0
6
6
5
3
3
4
4
4
6
8
2
-2
-1
0
2
-2
-1
0
-2
0
-2
-7
-5
-3
0
0
-1
1
0
-3
-6
-1
1
3
4
4
0
0
2
8
7
-7
-12
0
7
5
1
0
-1
0
1
-1
-5
-4
4
7
-1
-3
-1
1
0
-1
0
-4
-5
-3
4
4
-2
-4
-2
5
3
-3
-4
0
6
7
3
-5
-6
5
7
2
-2
-4
0
4
3
-5
-5
0
6
2
-7
-8
-3
4
8
7
-3
-9
-3
3
3
3
-1
-4
-3
1
0
1
3
1
-3
-5
2
6
5
-2
-6
-1
0
2
9
8
-4
-7
-2
4
6
0
-4
-2
-7
-18
0
14
3
-5
-11
-13
-3
9
16
4
-5
-5
-4
10
17
9
4
3
-1
-6
0
4
1
0
2
-9
-14
-4
0
0
0
-4
-10
-9
2
6
0
-2
0
3
2
-2
0
7
8
0
3
6
3
-6
-4
12
15
1
-8
-6
0
-1
-3
3
0
-12
-8
1
0
-4
-3
6
4
-4
-4
5
9
-1
-2
1
1
1
0
-3
-1
2
1
-2
-3
-5
-1
4
1
5
1
-5
-1
6
8
3
-1
0
3
4
-6
-4
4
3
-4
-8
-3
1
4
-5
-10
-2
3
6
0
-9
-12
1
13
10
0
-10
-5
8
13
0
-10
-4
5
13
0
-13
-6
5
8
4
-5
-6
0
7
3
-2
-1
0
1
0
-1
0
4
-3
-6
1
1
-1
-2
-4
-1
5
1
-3
-1
2
2
-4
0
3
0
1
0
-1
-1
0
0
3
6
-4
-5
8
3
-3
0
-1
-1
1
0
2
0
-4
0
2
0
0
0
0
1
0
0
0
-3
0
0
-1
0
3
5
0
-1
-1
0
1
-2
-7
-2
7
4
-7
-6
4
7
2
-2
-2
0
1
-1
-2
-1
2
2
3
-3
-8
4
4
0
-1
0
0
0
0
-2
0
4
-2
-4
3
0
0
1
1
0
-3
-3
2
4
3
-1
-1
3
-3
-6
0
2
3
0
-3
-2
3
0
0
3
0
-1
0
-2
1
4
1
-3
-1
7
4
-6
-7
-1
0
-1
0
2
5
6
-5
-6
-1
3
5
1
0
-4
-1
-1
-2
0
1
2
4
0
-3
-6
-5
1
2
0
-1
1
7
3
2
-2
-3
1
-5
-7
1
6
0
0
2
6
6
-6
-9
-5
-1
2
3
3
4
0
-3
2
-1
-5
-4
-3
5
3
0
8
9
0
-9
-13
-8
0
5
5
14
12
-1
-9
-16
-16
-5
7
12
11
9
3
-6
-9
-7
-4
4
9
7
0
-10
-10
-4
-3
0
5
12
16
1
-7
-4
-16
-21
-7
9
18
16
14
7
1
-8
-17
0
6
-14
-2
8
-6
-2
-5
-2
13
-2
-6
6
-1
-2
-3
-2
11
0
-3
8
-1
0
5
0
6
-2
-8
-1
-4
-8
-12
-4
16
15
9
10
-4
-4
-10
-24
-15
-6
3
11
13
24
23
-1
-12
-22
-17
4
15
20
8
-9
-16
-11
-6
-3
6
8
9
12
-3
-18
-6
-2
-2
-6
-1
20
22
7
-6
-14
-12
-7
-2
3
6
9
-1
-11
-3
0
4
4
2
4
3
2
0
-5
-5
-3
-2
0
0
2
3
1
2
1
-2
-1
3
5
-3
-18
0
9
-6
-1
9
0
-6
-7
-5
7
11
3
7
7
-4
-11
-5
0
-6
-3
7
4
0
5
8
-3
-13
-1
6
1
-3
3
7
-6
-13
0
6
3
1
2
2
-4
3
0
-2
0
-2
-2
-3
0
1
0
2
2
0
-4
-4
4
4
-3
1
3
0
-3
3
2
-9
-9
-3
6
10
3
1
-2
-2
-4
-4
2
3
0
-2
-3
5
4
-3
1
3
-4
-6
1
15
7
-11
-9
-4
2
1
1
11
4
-8
-6
1
9
-1
-11
-9
-3
5
5
3
1
-4
0
5
3
0
-4
2
-2
-8
2
4
1
4
7
1
-5
-2
1
-1
-6
-2
8
10
-3
-9
-3
0
-4
0
4
6
2
-5
-5
-1
-3
0
9
2
-4
0
-2
-5
4
7
8
5
-4
-7
-9
-10
4
7
1
11
4
-13
-1
-14
-19
14
16
4
16
0
-18
-5
-17
-5
27
9
0
10
-8
-17
-4
-1
3
10
7
4
0
-11
-6
0
3
5
4
-3
-11
-7
0
4
9
7
4
-10
-17
-7
5
12
15
6
-8
-13
-11
0
7
12
11
-4
-9
-4
-2
-1
0
6
9
1
-14
-11
1
9
8
-1
-8
-11
-5
12
14
0
-10
-7
1
5
8
9
0
-16
-19
14
28
-3
-18
-8
4
7
3
5
0
-15
-9
5
1
1
8
8
-10
-20
-3
24
22
-17
-22
0
10
14
0
-14
-8
4
6
6
4
-9
-2
9
5
1
-14
-5
16
7
-7
-3
0
4
3
-9
-9
-2
0
2
-6
-4
6
4
5
-2
-3
5
0
2
0
-4
0
1
3
3
0
-2
0
6
7
-1
-7
-7
-5
0
3
0
-5
-6
0
5
-1
-2
3
0
2
7
0
-2
-3
-2
0
1
0
-4
0
1
-4
0
1
2
2
-1
-2
3
4
-1
-2
7
7
2
-3
-2
3
-1
-9
-4
4
2
-2
-4
2
-1
-4
0
-1
3
2
0
-2
-4
3
4
0
1
2
0
2
0
0
0
-2
2
4
-6
0
6
-2
-3
0
-1
-1
-1
-7
1
7
-1
-2
8
3
-3
-3
0
6
4
5
0
-8
-2
2
0
-1
5
0
-5
-5
-5
1
0
-3
-1
1
-3
2
8
0
5
0
-4
4
2
-6
-5
4
8
-6
-1
16
-4
-22
8
9
-15
0
14
-1
-11
7
12
-10
-6
5
-2
-2
9
5
-2
3
0
-7
-5
2
4
-2
0
-1
-1
1
1
2
-3
-4
-4
3
11
2
-2
-4
-1
0
2
1
-6
-4
3
5
-2
-1
0
-8
2
7
-5
0
8
9
3
-2
-13
-12
1
9
12
9
-5
-10
4
-2
-17
-5
8
7
7
6
-4
-18
-6
16
7
-4
0
-2
-1
10
11
-12
-18
12
15
-16
-21
7
18
5
4
2
-21
-28
9
22
2
5
5
-8
-10
-3
2
-1
0
13
1
-15
-12
15
23
-7
-12
-5
-13
-6
17
39
0
-28
0
2
-26
-15
27
20
2
10
0
-18
-17
0
2
-7
4
23
13
-28
-15
27
0
-20
-2
17
22
-22
-16
20
-2
-17
-4
14
10
-14
0
4
-6
2
-1
1
10
2
-7
-15
6
6
-12
9
9
-5
0
1
-4
6
0
-4
1
-10
5
10
-1
6
-5
-13
0
18
4
-24
-6
10
-6
1
17
4
-9
0
7
-3
-23
-13
27
19
-10
-14
-15
0
25
22
0
-22
-23
-3
14
28
8
-23
-23
-3
20
30
4
-31
-13
7
5
9
7
-7
-33
-7
44
22
-17
-27
-10
7
6
17
17
-27
-28
17
16
-1
0
-2
-13
-5
16
-2
-4
7
-11
-5
10
-1
-14
10
37
9
-29
-6
4
-10
10
18
-10
-28
-25
11
44
42
8
-37
-41
-17
-46
-58
19
75
49
64
99
18
-126
-141
-40
24
30
45
53
12
-38
-40
-10
19
14
15
32
2
-24
-26
-33
-1
23
1
0
18
24
-25
-26
34
7
-31
34
60
-35
-57
-7
-32
-35
25
40
37
28
11
-3
-54
-54
-22
-8
47
58
6
4
9
-15
4
37
4
-43
-62
-60
-20
31
50
51
42
7
-34
-31
-4
-18
0
30
1
-16
3
0
-18
-2
0
3
6
-3
38
26
-24
13
-14
-46
1
-5
4
37
-10
-2
14
-35
-1
18
-11
38
23
-24
-14
-30
-28
-1
22
33
14
0
16
20
-8
-15
-15
-38
-29
17
25
-14
-4
24
2
-17
4
15
-20
-8
35
-8
-27
35
22
-24
10
14
-20
-12
3
5
-1
-5
-8
1
-4
1
13
7
22
-14
-49
-6
-14
-5
57
40
-7
-19
-19
4
23
-6
-19
-8
-10
-8
18
30
-1
-23
-15
-5
29
29
-6
-10
-2
2
3
5
0
-4
-13
-1
0
-22
-12
3
0
-8
21
29
-12
-12
0
8
16
17
7
-11
-12
-20
-5
27
2
-9
-6
-29
0
19
0
20
29
-26
-43
-6
-4
16
52
6
-37
3
11
-13
6
-7
-17
30
5
-32
10
0
-13
48
14
-38
9
-1
-28
3
-18
-21
36
23
-2
15
5
-3
6
-18
-36
-2
22
12
0
-14
-4
14
8
-8
-3
8
-2
6
12
1
17
3
-35
-39
-31
0
23
9
13
18
14
18
5
0
-11
-31
-25
-7
27
33
10
-5
-28
-27
2
6
3
-1
-10
0
13
36
38
2
-33
-39
0
1
-12
9
0
-11
11
17
9
-10
-24
3
9
-2
3
2
2
-4
1
3
-2
9
-2
-15
2
19
2
-9
-6
5
9
-6
-11
-6
2
15
5
-9
-18
-7
23
10
-2
1
9
-5
-2
17
-6
-26
-8
7
-9
-22
4
13
-2
8
21
6
-7
-6
5
-12
-11
7
-1
10
15
0
-12
0
11
-7
-11
-7
-5
2
-14
-12
23
33
10
4
6
-18
-30
0
0
-9
14
23
0
4
14
-7
-17
-18
-26
-29
-15
14
42
45
7
-5
9
-3
-10
6
-4
-32
-19
-2
1
4
29
37
5
-1
-12
-36
-23
0
-2
-10
-6
-11
15
33
17
29
12
-19
-21
-27
-13
7
-2
-1
8
8
27
41
6
-45
-41
10
15
-24
-2
21
-7
3
26
0
-19
10
23
-19
-34
-1
5
-10
11
15
-8
17
26
-14
-31
-23
-4
21
21
6
-12
-20
1
23
14
-6
-13
-4
-11
-7
13
2
-9
2
19
23
15
-2
-28
-19
7
2
-1
1
-11
-11
4
4
1
15
0
-8
9
11
0
2
6
-15
-21
8
21
-22
-39
11
10
5
26
-2
-18
-5
9
6
6
16
-4
-27
-16
7
0
4
20
0
-21
2
19
-17
-11
13
2
17
17
-1
12
15
3
-6
-7
4
-4
-23
-13
-28
-40
-4
4
-9
-5
4
1
2
11
8
15
15
19
10
-9
20
22
-9
-1
22
17
-17
-11
-12
-31
-4
-7
-20
0
5
1
2
22
15
-7
-5
4
-7
-20
-20
-16
-7
1
-2
-5
18
25
18
2
-1
19
9
-8
-10
-3
1
5
3
5
0
1
2
-13
12
30
-17
-24
-12
-26
14
25
-17
-15
-27
-30
15
11
-3
21
-8
-25
30
34
21
33
-15
-39
10
5
-6
20
-19
-33
15
-16
-20
33
7
-14
-5
-15
9
45
36
4
-25
-21
-1
-4
14
7
-23
-23
-21
-10
26
27
-7
1
5
-14
-6
-13
0
24
-7
-27
11
26
15
2
-18
-2
34
14
-10
-3
-7
2
4
-17
1
14
-25
-23
19
2
-8
17
-2
-13
8
12
6
0
-13
-4
0
-14
-4
5
5
0
-2
0
2
13
14
3
-8
-1
9
-3
4
5
-2
1
-4
-5
1
2
-2
-14
-9
5
7
0
-7
-9
-4
9
7
-12
-14
-8
-1
14
17
11
-1
-6
-2
11
18
2
-7
-9
-2
7
8
3
-15
-13
2
2
9
3
-22
-10
4
-1
11
18
0
-12
-1
5
4
4
-4
-6
0
-4
-12
-1
1
-3
13
17
2
-5
-2
2
-3
-9
-4
-7
-9
9
10
-8
8
24
4
4
5
-14
-8
7
-3
-14
8
7
-18
-2
6
-7
7
1
-14
15
17
-12
-8
7
5
4
2
-10
-16
-9
-7
7
13
-4
-6
0
4
14
15
-7
-19
-7
-14
-17
9
10
-9
-10
9
33
34
15
-12
-23
-4
13
-8
-18
10
1
-20
-1
25
23
1
-14
-5
6
5
-6
-5
-4
-6
1
2
0
0
7
0
-30
-17
23
11
-15
-10
4
4
5
16
10
-1
-10
-12
-3
-7
3
20
3
-18
-6
20
15
-7
-1
9
-3
-10
1
8
6
-4
-5
-4
1
3
0
0
-6
-11
0
5
-1
-8
5
14
-6
-13
1
9
2
0
-1
-10
0
10
4
-13
-7
24
5
-34
-3
38
16
-24
-14
14
5
-6
4
8
-12
-5
17
-3
-10
9
9
-11
-19
7
20
-12
-16
9
2
-9
5
13
-3
-18
-1
12
6
6
0
-16
-18
9
23
-5
-3
11
-13
-11
8
10
10
-6
-14
0
-3
7
21
-3
-6
1
-6
4
10
-9
-15
0
5
5
3
-8
-7
1
1
7
0
-5
10
-2
-15
10
13
-5
-5
-3
-1
1
2
2
-1
-11
-8
3
2
8
4
-3
2
-4
-7
14
11
-8
-9
-4
6
0
-10
8
15
-2
-6
-4
-2
8
-2
-12
8
0
-8
3
1
-4
3
0
5
5
-5
0
-1
2
8
-4
-2
13
-15
-14
17
-2
-15
6
4
0
3
-1
5
-3
-12
11
4
-17
-2
9
-7
-1
16
16
-7
-18
5
11
-6
0
9
-7
-15
-3
0
-1
14
13
-11
-7
9
-7
-13
8
1
-8
4
13
1
-7
2
7
-7
-5
16
-3
-13
3
-7
-13
19
12
-19
-3
10
0
0
7
4
5
0
-15
-20
-14
0
12
33
43
-9
-58
1
26
-36
-22
47
29
-33
-10
22
-9
-22
9
25
13
-19
-25
3
5
-1
2
6
3
-3
9
9
-24
-14
15
1
-5
0
0
0
10
7
-21
-10
27
12
-1
-1
-22
-18
12
19
-6
-11
21
13
-25
-16
3
0
11
25
0
-24
-10
6
6
11
6
-22
5
12
-20
1
15
-5
-7
-9
2
17
-16
5
24
-21
5
19
-22
-23
3
15
20
-16
-20
7
-6
13
36
-1
-24
2
11
10
9
-17
-27
-6
2
0
-8
-25
-7
26
30
5
-6
7
7
-15
-7
1
-24
-8
1
-9
-7
16
26
15
4
3
12
10
5
-11
-24
-16
-2
17
0
-12
-15
-1
33
13
-10
-5
6
11
-1
-16
-3
6
-2
-9
-9
3
-5
-8
7
1
3
8
4
1
-2
5
1
-12
-13
2
0
-18
-11
13
18
-6
-9
10
18
1
-7
-1
-9
6
17
0
4
15
-12
-31
-3
-5
10
44
-4
-21
3
-22
-21
22
21
17
7
-21
-8
-10
-16
7
7
3
28
-8
-35
15
-9
-23
43
9
-24
17
-2
-18
7
-5
-9
7
0
5
5
-19
0
22
-8
-6
21
8
-14
-14
14
14
-18
16
24
-36
-25
22
1
-31
7
19
-5
-4
-10
4
20
24
1
-21
-3
-2
-3
-3
1
4
-19
-8
9
-4
6
11
-16
-5
32
20
-3
-2
3
-19
-42
0
32
10
4
6
-15
-11
8
1
23
35
-18
-43
-15
0
-3
14
18
-28
-42
-3
28
32
23
13
-22
-32
9
21
2
-7
5
4
-26
-16
16
15
-1
12
15
-2
-10
-10
7
20
4
-25
-34
-7
21
11
-4
-3
-15
-14
1
10
23
3
-25
-10
12
17
-11
-16
17
17
-10
4
14
-16
-17
3
14
4
-5
-9
-14
11
16
-3
10
9
-15
-10
13
12
-18
-2
0
-22
0
24
-2
-10
8
-4
-6
4
10
-5
-10
4
-1
0
8
-5
0
13
-2
-12
-5
0
7
5
8
-2
-10
3
2
0
8
-1
-19
-4
11
4
1
0
-1
-5
0
7
-3
4
15
-5
-17
-1
3
-3
6
4
-9
0
2
-2
-5
11
4
-17
12
13
-22
-1
24
4
-15
-9
6
8
-13
-13
14
0
-8
5
7
0
-8
3
5
-5
-1
20
-8
-29
16
15
-18
8
18
-16
-10
11
14
-4
-26
9
17
-20
10
6
-26
15
8
-30
3
13
-9
0
7
-2
-3
15
13
-9
3
10
-14
-14
7
10
-1
3
-1
-8
3
-7
-6
10
0
-4
4
-10
-5
11
0
7
4
-3
2
-6
-9
0
10
0
-4
0
-13
2
7
-6
15
18
-21
-5
25
-2
-5
-1
-3
-6
-22
2
22
1
-8
5
2
-14
3
18
7
-2
-10
-5
-2
-5
7
3
-10
11
0
-11
8
0
-1
2
4
0
-7
-3
-8
2
17
-1
-15
6
11
-7
-8
13
7
-21
-1
23
1
-19
1
7
-15
4
25
-4
-20
-1
11
-3
-13
8
8
-14
-1
11
-3
-2
12
0
-1
-3
-2
7
-5
7
2
-13
-2
-4
6
12
7
1
-10
-10
-6
-3
14
30
-14
-31
13
8
-9
7
-19
-47
8
65
50
-15
-40
-24
4
12
6
19
-25
-44
10
30
19
14
17
-10
-43
-41
-9
19
37
44
8
-29
-31
-11
17
29
6
-14
-29
-22
14
31
19
-13
-45
-25
22
49
44
-6
-64
-57
-4
51
58
8
-33
-42
-25
16
43
38
9
-37
-42
-13
3
28
32
-1
-23
-19
0
23
20
4
-25
-40
-13
12
35
48
7
-46
-40
-6
16
27
18
-1
-14
-3
0
-22
-16
8
7
16
24
-3
-16
-5
-7
-5
15
28
12
-9
-21
-41
-23
30
33
3
7
-5
-28
-9
-9
-1
24
6
-11
-9
2
15
14
-9
-19
-7
5
27
29
0
-26
-37
-7
22
22
12
-7
-15
-11
-3
10
16
-1
-18
-13
1
11
9
6
-1
3
8
0
-10
-22
-13
8
13
-3
9
20
-8
-14
-12
-8
-9
-6
10
8
8
33
35
0
-30
-36
-16
-8
3
18
11
5
-2
-1
12
10
-11
-19
-37
-39
7
48
57
27
4
-17
-49
-31
22
19
-12
-9
0
10
9
27
19
-27
-41
-17
11
34
35
3
-18
-49
-40
9
15
18
29
20
-20
-57
-19
65
50
-24
-8
28
14
7
-15
-31
-52
-43
0
-43
-58
28
-62
-241
92
564
537
185
-216
-420
-374
-104
100
72
-104
-251
-193
-102
90
254
226
98
-56
-102
54
295
295
84
-166
-140
-5
7
13
-36
-175
-371
-199
84
255
282
74
-177
-244
-3
215
298
34
-237
-278
-185
-10
143
169
-176
-189
112
266
266
94
69
-25
-29
16
-70
-139
-121
2
-5
43
-6
-86
-1
107
90
-26
-17
-76
-71
-24
74
57
-72
-59
-104
95
128
5
-54
12
128
38
8
-96
-46
0
14
-26
-153
-130
-98
61
125
0
-150
-24
185
146
80
-26
29
100
126
21
-61
-26
-18
-13
26
32
-122
-89
-40
76
72
-2
-35
-62
-64
-46
53
-42
-107
-136
-88
21
92
61
14
49
72
91
79
113
98
50
22
23
-22
-72
-45
-23
3
-39
-93
-35
24
24
-24
-24
5
-21
-24
1
-3
-10
-35
-53
-43
-1
-16
-37
31
41
7
-7
-8
41
109
47
3
42
7
-8
38
20
-49
-1
-8
-48
-19
-16
-8
-4
-22
-39
-3
13
26
31
-3
-6
35
30
3
16
0
3
9
-10
-11
-3
-22
-53
-22
9
0
6
3
-1
5
4
0
12
11
-22
2
24
-20
-21
25
15
1
6
-11
21
40
10
15
2
-6
4
-3
-15
-10
-8
-14
-1
-13
-23
-11
0
-4
-19
-16
18
28
-8
-15
-12
10
32
3
-28
-7
16
8
0
-9
5
13
21
30
12
0
-1
6
14
-14
-35
-11
-4
-18
-14
2
4
-17
-24
12
30
-14
-14
27
31
-9
-26
-3
10
0
-17
-8
-11
-6
18
30
8
2
16
21
20
7
-8
-24
-17
-3
-2
-15
-19
8
18
4
-4
0
10
16
5
-5
-8
-8
-7
-7
-5
-3
-2
-1
7
4
11
15
0
5
8
-8
0
17
0
-21
-13
6
4
-9
-15
-23
-16
2
-12
-11
6
-3
14
41
15
-2
27
34
1
-17
-13
-3
-6
-33
-34
-7
-11
-20
-1
14
24
18
7
33
61
23
-24
-3
2
-28
-26
-19
-42
-44
0
36
17
-12
15
50
28
8
3
-4
0
-11
-9
2
-17
-21
2
-3
0
12
0
3
9
-11
-15
9
3
-25
-21
0
3
-12
-17
3
15
16
10
5
4
10
22
6
-7
5
11
-3
-16
-5
0
0
9
1
-29
-11
32
10
-18
-14
-14
6
19
-4
-7
4
-1
11
17
-13
3
20
-20
-25
4
1
-2
10
-11
-20
11
14
-2
-5
0
5
1
-8
-1
18
13
-1
4
3
-3
7
12
-3
-15
-7
2
-1
-9
0
9
0
-10
-1
0
-9
-7
10
12
-7
-7
4
2
-2
3
13
3
-17
-12
9
2
-14
11
15
-17
-11
11
3
-2
6
5
-2
-2
-4
6
11
-4
-2
11
3
-3
-1
-5
-2
6
0
-15
-7
0
-6
-6
-8
0
6
-1
0
4
6
9
7
2
1
4
2
0
6
1
-6
-7
-7
-4
4
3
-5
-8
-7
2
6
6
6
1
-1
-6
1
9
4
0
-6
-8
-2
1
1
-2
-4
-1
-1
2
4
3
0
-3
0
1
1
3
0
-2
3
-1
-3
3
2
1
1
0
-1
0
1
0
1
0
-3
-4
0
3
-1
-5
0
3
0
0
1
0
1
1
1
0
0
0
-1
-1
0
0
-2
-4
-2
2
1
-3
-1
2
2
-2
-4
9
8
-9
-7
7
10
-3
-9
6
11
-5
-7
6
10
-6
-10
0
3
-1
-3
1
0
-6
-8
6
8
-3
-2
2
-4
-2
2
3
4
-2
-4
1
0
0
5
3
0
-3
0
1
-1
2
2
1
-1
-2
2
0
2
-3
-5
2
0
-4
-4
0
5
-1
-3
2
3
0
-2
6
2
-1
0
-1
-2
0
1
-3
-3
0
-1
1
1
2
3
0
-1
-3
0
4
2
4
-1
-3
-1
-1
0
0
-1
-1
3
0
-4
1
2
-2
3
1
-5
0
0
-7
1
8
-1
0
6
-5
-6
2
-1
0
5
-2
-4
0
-2
-2
4
0
-2
4
3
-3
0
1
-2
3
2
-3
0
1
-1
2
2
1
2
-3
0
2
-5
1
2
-2
0
0
-1
-1
0
0
-1
-1
1
-2
-1
0
-1
0
-2
-1
1
0
0
0
1
2
0
0
0
-1
2
0
2
3
-1
0
2
-3
0
5
4
0
0
2
1
-4
0
4
-1
1
0
-6
-2
-3
-2
1
-2
0
0
-6
-3
0
-1
0
0
0
-1
2
0
3
1
0
0
-1
2
0
-4
0
3
0
3
5
2
2
0
0
0
0
0
0
0
0
0
2
-2
1
2
0
-1
-4
-3
0
1
0
0
-1
-2
2
3
1
-2
-1
0
0
0
-1
0
0
0
-2
0
1
0
2
2
0
-1
1
1
0
0
1
1
-1
0
1
0
0
0
0
-1
0
0
-1
-3
0
1
-1
0
-1
-2
0
1
0
-1
0
1
3
2
0
0
0
3
3
1
0
-1
0
0
-1
-2
-3
1
-1
-2
-2
-1
0
1
3
2
0
0
0
0
-1
0
0
0
0
-2
-1
2
0
3
3
2
0
-2
1
1
1
0
-3
-1
-3
-1
0
0
0
-2
0
0
0
2
1
2
2
0
0
0
1
3
0
0
0
0
-1
-1
-2
-1
-1
-1
-1
-2
-2
-1
0
0
0
0
0
0
1
0
0
0
0
0
0
3
1
3
3
-1
0
1
0
-1
0
-1
2
2
-3
-5
-2
0
-1
0
0
1
0
-1
0
-1
0
2
1
1
-1
-1
0
1
0
0
0
1
0
2
0
0
0
-1
0
0
0
-1
-3
1
0
-2
0
0
0
0
-1
0
0
0
0
0
1
1
0
0
0
-2
0
0
1
1
3
0
0
2
1
0
-2
0
3
0
-1
-1
0
0
-3
-1
0
-1
0
1
2
0
0
1
0
-3
-2
1
0
-2
-3
-1
1
0
1
0
0
0
1
1
0
3
0
0
0
0
2
0
-1
-1
0
-3
0
1
-2
0
1
1
0
0
0
0
0
0
0
1
0
-3
-2
2
0
0
0
0
0
0
-1
0
1
0
-3
0
0
0
0
0
0
0
5
1
-2
0
0
0
0
-1
-3
1
0
0
-1
-2
0
1
1
0
0
2
2
0
0
-1
-1
0
0
0
-1
0
1
0
1
-1
0
3
0
0
0
0
-1
0
1
-1
-2
1
1
0
-1
-2
-1
-2
-1
0
0
-1
0
2
3
2
0
4
3
-1
-1
-1
-1
1
0
0
-1
1
1
-2
0
0
1
0
0
-2
2
1
2
0
0
3
0
0
-2
0
0
-2
-1
1
0
-2
0
0
-3
-4
-2
1
4
-1
-6
0
3
2
-2
0
2
4
1
0
1
2
0
-1
1
1
1
-1
-1
0
-2
-1
-1
-1
-2
1
5
-1
-3
-1
1
0
-5
-5
0
5
6
-1
-4
0
3
1
-1
-1
2
3
0
0
2
-1
-2
-2
-3
1
0
-2
0
2
0
-1
2
1
3
0
-5
-1
1
-2
-1
0
0
2
0
-2
0
1
0
0
0
1
2
3
0
-3
2
-1
-1
0
-4
-4
-1
2
4
5
-1
-3
3
6
-1
-2
-2
-4
1
1
-5
-4
0
-1
5
0
-3
3
8
1
-8
0
12
6
-4
-10
-8
7
7
-3
-14
-7
13
5
-8
-2
7
6
-6
-25
10
64
1
-66
-22
19
24
25
-5
-37
-22
14
31
-3
-28
2
17
1
1
6
-2
2
-5
-20
6
28
0
-24
1
-4
-15
16
19
0
-11
-8
2
17
11
-15
-11
9
8
0
-15
-30
13
34
-8
-24
-13
3
38
29
-21
-33
-2
22
33
2
-34
-24
-6
4
17
5
-20
-15
12
27
8
-8
6
9
2
-6
-17
-17
1
7
-5
-5
-2
-5
19
28
1
-13
-3
1
-6
11
-2
-18
0
-1
-3
3
2
-1
5
1
-5
0
12
9
-2
-4
0
-1
1
4
1
-20
-13
13
4
-12
-1
12
0
11
-9
-10
14
13
-12
-11
-12
0
31
-2
-15
0
14
4
0
-21
-19
4
12
7
-4
1
20
17
-5
-3
-18
-1
0
-6
-2
0
-9
11
13
-5
7
5
3
-11
-2
4
2
-15
-22
7
15
-1
-2
7
4
0
0
8
-5
-12
-8
11
2
-9
-2
12
11
0
-7
-5
3
-2
-1
-7
2
4
-5
-10
13
18
-6
-14
-8
10
12
-3
-10
-2
-9
12
9
-9
-14
-5
20
15
-6
-7
-4
6
25
-19
-7
-9
-1
23
-7
-7
-11
3
13
14
-12
-8
-21
15
15
-6
5
-23
20
9
15
-11
-7
-9
6
3
-6
-1
-12
18
0
12
-15
2
-2
8
-1
-14
-1
-5
8
-6
-7
0
7
2
16
-4
14
-5
10
2
-9
-8
-23
7
-19
5
0
5
14
7
4
16
-10
10
-5
-18
8
-27
9
-10
-3
1
2
17
-1
-6
6
-11
9
-2
-8
15
-11
26
6
5
-2
-2
-4
-10
-16
-25
-6
-2
12
18
23
12
28
9
-3
-20
-17
-23
-17
-21
-18
9
3
29
15
19
7
11
7
-18
-15
-3
-2
-3
0
-11
-1
0
2
-2
0
2
12
7
7
-3
3
9
-8
-2
-12
0
0
-1
-11
-5
0
16
4
-7
-1
-1
6
15
0
-10
-11
6
14
-5
-19
-6
8
5
4
-3
-5
3
22
9
-8
-27
-2
17
19
0
-25
-20
3
26
12
-27
-26
5
25
16
-17
-18
6
23
20
-16
-27
-2
27
26
-13
-41
-6
28
25
-15
-40
0
30
27
-9
-26
-20
14
26
-2
-29
-18
18
33
1
-26
-3
14
20
-4
-23
-6
2
4
-8
-9
3
15
11
4
-7
5
18
16
-8
-32
-11
7
5
-12
-15
-10
11
19
7
0
-4
7
17
10
-9
-19
-9
7
2
-6
-26
-11
13
22
4
-13
-3
17
20
4
-21
-20
6
-1
9
-16
-22
-1
17
27
-4
-20
7
26
12
-12
-24
16
11
-3
-13
-6
3
0
-6
3
-1
-10
5
0
4
-9
-1
10
13
-10
-7
-2
21
0
-15
-6
1
15
-11
-5
-6
12
3
5
-7
6
5
8
-7
-14
4
2
8
-18
-10
-10
15
4
3
-14
-2
21
12
-4
-14
8
7
4
-22
2
0
11
-5
-15
-1
10
4
1
-16
-11
25
4
11
-27
-3
15
19
2
-23
-15
15
23
-15
-17
-19
22
16
-8
-21
0
20
14
-9
-20
3
2
14
-5
-8
-1
11
11
2
-14
-11
14
2
3
-23
2
11
2
-14
-10
10
11
2
-15
8
5
9
-9
-5
1
4
1
-6
-4
-6
12
4
0
-9
-1
9
10
-3
-5
2
6
3
-4
0
0
2
-6
-2
-8
-3
-10
-10
0
8
4
0
8
21
18
-2
0
2
-1
-18
-22
-10
-4
-9
-9
4
24
25
9
2
12
12
-2
-16
-21
-11
-3
1
1
-8
5
11
16
-3
-10
-11
5
5
3
-5
-1
7
13
6
-9
-19
-12
3
2
-7
-11
1
24
25
14
-4
-1
8
1
-18
-41
-26
2
16
0
-1
11
28
20
12
-10
-16
-10
-1
-4
-22
-19
13
26
23
-1
-7
15
3
-10
-22
-24
0
2
2
5
-3
13
13
9
9
-13
-2
0
8
-5
-16
-2
3
4
-15
-8
5
15
0
-8
0
27
17
-12
-30
-17
18
19
-10
-33
-18
23
37
0
-18
-23
22
40
2
-19
-33
13
20
4
-24
-10
4
25
-2
-9
-17
3
15
0
-3
-20
0
9
10
-4
-15
1
13
3
-8
-19
6
19
4
-9
-17
8
12
6
0
0
5
6
-3
0
-5
0
0
-8
-7
-12
2
3
7
-1
-4
5
13
8
-4
-13
-2
6
3
-4
-13
-4
4
14
0
-6
-3
3
13
-1
-1
-6
1
4
-1
-6
-5
-1
12
-5
-1
-11
0
8
0
-2
-4
6
2
10
2
-3
0
1
0
-3
-4
0
-6
-5
-4
0
11
5
0
-2
-1
4
0
0
-4
-3
1
-1
1
-2
0
0
-1
0
3
3
2
2
-4
2
-3
2
-1
-7
-3
-3
7
3
0
-5
-3
7
6
0
-5
-9
3
3
0
-8
-7
5
12
3
-9
-12
0
15
11
-3
-12
6
17
13
-5
-13
-1
5
3
-9
-10
0
3
-2
-4
-1
4
3
2
-1
-2
4
-2
0
-6
-6
1
0
0
-6
2
14
11
0
-8
6
15
1
-9
-15
-7
-1
0
-10
-11
0
10
10
3
4
4
14
9
4
-5
-13
1
4
-4
-22
-18
1
7
3
-9
-5
10
17
7
-4
-2
8
17
1
-15
-11
9
20
-2
-19
-14
1
12
-3
-16
-9
0
6
-6
-11
0
14
11
-2
-4
8
19
16
1
-9
3
7
4
-8
-18
-7
-2
1
-4
-14
-5
-1
4
6
-3
1
0
9
8
0
0
0
9
8
-3
-5
-3
3
8
-7
-12
-9
0
7
0
-14
-11
9
21
16
-8
-14
11
23
16
-16
-28
-5
14
4
-16
-28
0
23
13
-3
-19
5
28
17
-11
-28
-13
22
13
-18
-32
-15
30
23
-5
-21
-8
33
30
4
-18
-15
12
21
-2
-19
-31
-3
12
3
-13
-25
4
21
29
4
-14
0
16
24
-2
-27
-15
5
13
-10
-37
-19
11
33
7
-21
-15
21
35
2
-22
-22
22
34
4
-24
-30
14
28
2
-30
-38
5
24
9
-21
-27
14
38
25
-16
-31
10
32
24
-25
-38
-6
27
25
-29
-35
-13
31
29
-8
-19
-10
23
23
1
-15
-10
12
26
-7
-21
-31
4
23
11
-6
-29
0
18
26
-3
-28
-19
11
24
-1
-32
-21
19
44
16
-18
-14
12
34
0
-24
-31
-4
17
2
-17
-21
2
27
14
-17
-18
-2
30
4
-11
-12
7
32
0
-15
-26
5
12
4
-12
-10
15
35
18
-14
-15
-7
3
-19
-23
-26
5
12
5
15
21
32
2
-4
-14
-9
-12
-24
-22
0
12
17
11
15
25
15
8
-21
-23
-24
-14
-9
-17
-14
-2
24
37
25
2
-3
9
20
-8
-27
-23
6
20
0
-15
-24
12
14
-13
-26
-15
10
14
10
-4
8
25
21
-18
-10
19
-12
0
-30
-39
23
36
-9
-13
-4
1
31
6
-18
-18
0
6
0
13
11
-1
15
15
-9
-1
-1
-12
0
-10
-19
6
15
0
-26
-9
18
13
-10
-29
-14
30
38
-8
-23
0
22
28
-3
-32
-24
18
30
0
-21
-22
11
30
11
-30
-26
16
26
-3
-16
-6
9
28
2
-34
-18
14
16
-6
-19
-20
6
27
10
-10
-12
5
19
8
-13
-13
-4
8
13
-10
-6
9
10
6
-6
-9
-7
3
4
-5
-6
6
6
0
4
-6
-5
4
-2
-11
-5
3
8
8
0
-5
7
9
-2
-9
-10
2
8
-2
-8
0
11
18
0
-8
2
4
4
-8
-19
-7
0
6
0
-8
0
9
12
-1
-11
-8
6
20
3
-10
-1
7
10
-1
-22
-16
2
2
0
-6
4
15
12
7
-3
-6
0
-4
-9
-13
-9
1
7
9
5
7
8
4
-1
-5
-7
-5
-2
0
1
2
5
7
2
-3
-2
-3
-6
-8
-6
-1
4
5
8
8
9
5
-3
-3
-6
-5
-6
-5
0
3
4
1
1
6
0
-4
-7
-8
0
0
-1
1
8
10
3
4
1
1
1
-4
-4
-5
-6
-1
-3
1
0
0
2
1
1
1
1
2
4
0
2
-1
0
0
-4
-6
-6
-1
0
1
3
5
3
3
1
-1
-3
-3
-2
-2
0
-1
0
2
2
-1
-1
0
1
3
1
0
-2
2
1
-2
-2
0
0
0
-2
-2
0
2
3
2
3
3
-1
-1
0
0
-2
-2
-3
-1
-3
-3
0
2
0
1
3
2
1
0
2
4
2
0
-2
-1
0
0
-5
-4
-1
0
0
-1
1
0
0
2
4
4
0
-3
0
1
-1
-4
0
3
1
0
-2
0
1
-2
0
0
0
0
0
2
3
1
-1
-2
-2
0
2
-1
-1
0
2
4
2
-3
-7
-1
2
0
-3
-5
0
7
5
0
-4
-1
4
6
1
-4
-4
2
5
1
-3
-4
0
4
2
0
-5
-1
3
3
0
-3
-1
0
1
0
-3
-5
-3
-1
1
4
4
3
1
4
3
3
0
-3
-3
-5
-4
-3
-4
-1
0
0
0
1
5
4
4
3
2
2
1
0
-3
-3
-3
-4
-4
-4
1
4
3
0
2
5
8
4
-7
-7
-4
-1
-2
-12
-14
-4
6
7
5
0
5
16
14
8
0
-5
0
1
-3
-13
-15
-7
0
0
-2
-3
1
8
8
5
2
5
7
4
0
-2
-4
-5
-7
-8
-8
-5
-5
-5
-3
0
6
9
10
9
12
12
9
1
-4
-7
-6
-6
-9
-11
-10
-2
2
1
0
0
3
6
6
3
0
1
3
2
-1
-3
-1
0
1
1
0
1
0
1
-1
-8
-8
-8
-6
-6
-4
0
3
8
9
7
9
10
10
6
-4
-9
-8
-7
-5
-7
-6
0
2
5
5
0
1
3
0
-1
-5
-3
0
4
2
-1
0
2
1
1
0
-1
-1
0
0
-3
-2
3
4
0
-2
-5
-4
-1
0
0
-1
2
5
3
1
0
1
2
0
-1
-1
0
-2
-1
0
0
1
0
-1
0
0
-2
-2
0
0
1
1
0
1
1
0
0
0
0
0
0
0
1
0
-1
0
0
1
1
0
-3
0
0
1
0
-4
-3
-1
1
1
-1
0
1
2
2
-2
-1
1
3
1
-2
-3
0
2
1
0
-2
1
3
1
-1
-2
-1
0
-1
0
0
0
3
0
-1
-1
-1
0
-2
-1
0
1
1
0
0
1
0
-1
-2
0
0
-1
0
0
0
1
1
2
0
-1
0
3
0
-2
-3
0
0
0
1
1
0
0
0
-1
-2
0
2
0
-1
0
0
2
1
0
0
2
0
-1
1
1
-2
-2
0
1
-2
-3
0
3
-1
-5
0
0
-3
-3
1
0
0
2
1
1
2
0
0
1
0
0
0
3
3
2
0
-1
0
0
-1
-2
0
0
0
0
0
0
-3
-1
-1
0
0
-2
0
1
2
-1
-2
0
0
-1
0
1
0
0
1
2
3
2
2
1
0
-1
0
0
0
-1
-2
1
2
0
-2
-2
-2
-2
-3
-1
0
1
3
3
2
0
-2
0
0
0
-2
0
1
1
0
-1
0
1
0
-1
-1
0
0
2
1
0
1
0
0
1
0
-1
0
1
0
0
0
0
1
-1
-1
-1
-1
0
-1
-1
0
0
0
-1
1
0
0
1
1
-1
-2
2
1
-1
-1
-1
-1
0
-1
-1
1
2
3
1
0
0
0
1
0
-2
-2
0
1
-1
0
0
-2
0
0
0
0
-1
2
0
0
0
0
0
2
0
-2
-2
0
0
0
0
0
