0
0
0
0
0
0
0
0
0
0
0
0
0
0
0
0
0
0
0
0
0
0
0
0
0
0
0
0
0
0
0
0
0
0
0
0
0
0
0
0
0
0
0
0
0
0
0
0
0
0
0
0
0
0
0
0
0
0
0
0
0
0
0
0
0
0
0
0
0
0
0
0
0
0
0
0
0
0
0
0
0
0
0
0
0
0
0
0
0
0
0
0
0
0
0
0
0
0
0
0
0
0
0
0
0
0
0
0
0
0
0
0
0
0
0
0
0
0
0
0
0
0
0
0
0
0
0
0
0
0
0
0
0
0
0
0
0
0
0
0
0
0
0
0
0
0
0
0
0
0
0
0
0
0
0
0
0
0
0
0
0
0
0
0
0
0
0
0
0
0
0
0
0
0
0
0
0
0
0
0
0
0
0
0
0
0
0
0
0
0
0
0
0
0
0
0
0
0
0
0
0
0
0
0
0
0
0
0
0
0
0
0
0
0
0
0
0
0
0
0
0
0
0
0
0
0
0
0
0
0
0
0
0
0
0
0
0
0
0
0
0
0
0
0
0
0
0
0
0
0
0
0
0
0
0
0
0
0
0
0
0
0
0
0
0
0
0
0
0
0
0
0
0
0
0
0
0
0
0
0
0
0
0
0
0
0
0
0
0
0
0
0
0
0
0
0
0
0
0
0
0
0
0
0
0
0
0
0
0
0
0
0
0
0
0
0
0
0
0
0
0
0
0
0
0
0
0
0
0
0
0
0
0
0
0
0
0
0
0
0
0
0
0
0
0
0
0
0
0
0
0
0
0
0
0
0
0
0
0
0
0
0
0
0
0
0
0
0
0
0
0
0
0
0
0
0
0
0
0
0
0
0
0
0
0
0
0
0
0
0
0
0
0
0
0
0
0
0
0
0
0
0
0
0
0
0
0
0
0
0
0
0
0
0
0
-1
0
-1
0
0
0
1
0
0
1
0
0
0
0
0
0
1
0
1
0
0
0
1
0
0
0
0
0
-1
0
0
0
0
0
0
0
0
0
1
0
0
0
0
0
0
0
0
0
0
0
0
0
0
-1
0
0
0
0
0
0
-1
0
0
0
0
1
0
0
0
0
1
0
0
0
1
0
0
0
0
-1
0
1
0
0
0
0
0
0
0
0
0
0
0
1
0
-1
0
0
0
0
0
0
0
0
0
0
0
-2
1
0
0
0
-1
0
0
0
1
0
0
0
1
0
1
-1
0
0
0
0
0
0
0
0
0
0
0
0
0
0
0
0
0
0
0
0
0
0
-1
0
0
0
1
0
0
0
0
0
0
0
0
0
0
0
0
0
1
1
0
0
0
0
0
0
-1
0
-1
0
0
-1
-1
0
0
0
0
1
-1
0
0
0
0
0
0
0
1
0
0
-1
0
1
0
0
1
0
0
0
0
0
-1
0
0
0
0
0
0
0
0
0
0
0
0
0
0
0
0
-1
0
0
0
1
1
0
0
0
0
0
0
0
0
0
0
0
0
0
0
0
0
0
0
0
0
0
0
0
0
0
0
-1
0
0
0
1
0
0
0
0
0
0
0
0
0
0
0
0
-1
0
0
0
0
0
0
-1
0
0
0
0
0
0
0
0
0
0
0
1
0
0
0
-1
0
-1
0
0
-1
0
0
0
0
0
0
0
1
1
1
0
0
0
0
-1
0
0
-1
-1
0
-1
0
1
0
0
2
0
0
0
0
0
0
0
1
0
0
-1
0
-1
-1
0
-1
0
0
0
0
0
1
1
0
0
0
0
1
0
0
0
0
0
0
0
0
0
-1
-2
0
0
0
0
0
0
0
0
0
1
0
0
0
-1
0
0
0
0
0
0
0
0
0
0
0
1
0
0
1
0
0
0
0
0
-1
-1
0
1
-1
0
0
0
0
0
-1
1
0
0
-1
0
0
0
0
0
1
1
0
0
0
0
0
0
0
0
0
0
0
0
0
-1
-1
0
0
0
-2
0
1
0
0
0
0
0
0
0
0
0
0
0
1
1
0
0
0
0
0
-1
0
0
-1
0
-2
-1
0
0
-1
-1
0
0
0
0
-1
0
-1
1
0
0
0
1
0
0
0
0
1
1
1
0
0
0
0
-1
0
1
0
-1
0
-1
-1
0
0
0
0
0
1
0
0
0
1
0
1
0
1
0
0
0
0
0
0
0
0
-1
0
0
-1
0
0
-1
0
0
0
0
0
0
0
0
0
0
0
0
1
0
1
0
0
0
0
1
0
0
0
0
0
-1
0
1
0
0
-1
0
0
0
0
-1
0
0
0
1
-1
0
0
0
0
0
1
0
0
0
0
0
0
0
0
0
0
0
0
0
0
0
1
0
0
0
-2
0
0
0
0
0
0
1
0
0
0
0
0
0
0
0
0
0
0
0
0
0
1
1
0
0
0
0
0
0
0
0
0
0
0
0
0
-1
0
2
0
0
0
0
0
0
0
0
0
0
-1
0
0
0
1
0
0
0
0
0
-1
0
0
-1
0
0
0
0
0
0
0
-2
1
0
0
0
0
0
0
0
0
-1
0
0
0
0
-1
0
-1
1
1
0
1
0
-1
0
-1
0
0
0
0
-1
0
0
0
0
0
0
0
-1
0
-1
0
0
0
0
0
0
0
0
0
0
0
0
0
0
0
0
0
-1
1
0
0
0
0
0
0
0
1
0
0
0
0
0
0
1
1
-1
0
0
0
0
0
0
0
0
0
0
-1
0
0
0
0
0
0
0
0
0
0
0
0
0
0
0
-1
0
0
0
0
0
0
0
0
1
1
-1
0
0
0
0
0
0
0
0
0
0
0
-1
0
0
0
1
0
0
0
0
0
0
1
0
0
1
0
0
0
0
0
-1
0
0
-2
0
0
0
0
0
0
0
0
0
0
-1
0
0
-1
0
0
0
0
0
0
0
0
0
0
0
0
0
0
0
0
-1
0
0
0
0
0
0
0
0
-1
0
0
0
0
0
0
0
1
1
0
0
0
0
0
0
0
0
0
0
0
0
0
0
0
0
0
0
0
0
0
0
0
0
0
0
1
-1
1
0
0
0
0
0
0
0
0
0
0
0
0
0
0
0
-1
0
0
-1
0
0
0
0
-1
0
0
0
0
0
1
0
0
1
0
0
1
-1
0
0
0
0
0
0
0
0
1
0
-1
0
-2
0
0
0
1
-1
-1
1
0
1
1
0
-1
0
0
0
0
1
0
0
0
0
0
-1
0
0
-1
0
0
-2
0
0
0
0
0
0
0
1
0
0
0
0
0
0
0
0
-1
0
0
-1
1
1
0
0
0
0
1
0
0
0
-1
0
0
-1
0
0
-1
0
0
0
1
0
0
0
-1
0
0
0
0
0
0
0
0
0
0
0
0
1
0
0
0
0
1
1
0
0
1
0
1
0
0
1
0
0
0
0
-1
-1
-1
-1
-1
-2
-1
-1
-4
-2
0
-1
-1
-2
0
1
0
0
0
0
1
2
2
2
2
2
1
1
1
1
2
1
0
0
-1
0
0
0
2
0
0
0
0
-1
0
0
-1
0
-1
0
0
-1
-2
0
-1
0
-2
-3
0
0
0
0
0
0
0
0
1
1
0
1
1
1
1
0
0
0
0
0
0
0
-1
0
0
1
0
1
0
0
0
0
0
0
-2
0
-1
-3
0
-1
-1
0
0
1
0
0
1
0
0
0
0
1
0
0
0
0
0
0
0
0
1
0
1
0
0
0
0
0
0
0
-1
0
0
-1
1
0
0
0
-1
0
0
0
0
0
0
1
0
0
0
0
1
0
-1
0
0
0
2
0
0
0
0
0
0
0
0
1
1
1
0
0
0
-1
0
-1
0
0
-1
0
0
0
-1
0
-1
0
0
0
1
0
0
0
1
0
0
0
0
1
-1
-1
0
0
0
0
0
0
0
0
0
0
0
0
1
0
0
0
0
0
0
0
0
0
0
0
0
0
-1
0
0
0
0
0
0
0
1
0
0
0
0
1
0
0
0
0
0
0
0
1
0
0
0
0
0
-1
-1
-1
0
-1
0
0
0
0
0
0
0
0
0
0
0
0
0
0
0
0
0
0
0
0
0
2
1
0
-1
0
-1
-2
-1
0
0
0
1
2
0
1
0
0
0
0
0
0
-1
0
0
0
0
0
1
0
-1
0
0
-1
0
0
0
0
0
1
2
1
0
0
0
0
-1
0
0
0
0
0
1
0
0
0
0
0
0
0
0
0
0
-1
-1
0
0
0
1
0
1
2
0
0
0
0
0
0
0
0
0
0
0
1
0
0
0
0
0
0
0
1
0
0
0
-1
0
0
0
0
-1
0
0
0
-1
0
-1
0
0
0
0
0
0
0
1
0
0
1
0
0
0
0
0
0
0
0
0
-1
0
0
0
1
0
0
-1
0
0
0
0
0
0
0
-1
0
1
0
1
0
0
0
0
0
0
0
0
0
0
1
0
-1
0
-2
-1
0
-1
0
-1
0
0
0
0
0
0
0
1
0
0
0
0
0
0
0
0
1
0
0
-2
-1
-1
0
0
0
1
0
1
2
0
1
1
0
0
0
0
0
0
-1
-1
-1
0
0
-1
-1
0
0
0
0
0
0
1
1
0
0
0
1
1
0
0
0
0
0
-1
0
0
0
0
2
0
0
0
0
0
-1
-1
-1
-1
-1
-1
-1
0
0
0
1
1
3
1
1
1
0
-1
-1
-1
-1
-2
1
1
0
1
0
0
0
0
1
0
0
0
0
0
-1
0
-1
-1
0
-1
0
0
0
2
0
2
0
0
0
0
0
0
0
0
0
0
0
0
0
0
-1
-1
-1
0
1
0
1
0
0
0
-2
0
-1
0
0
-2
2
0
0
0
0
0
1
1
0
0
-1
0
1
0
2
0
0
0
-1
1
-1
0
-2
-1
1
-1
1
-1
0
0
-1
1
0
0
0
0
0
0
1
-2
0
0
0
0
-1
2
0
0
1
0
0
0
0
-1
0
-1
0
0
-1
0
-1
0
0
0
1
-1
0
0
0
0
0
1
2
0
0
0
0
0
0
0
0
0
0
0
0
-1
0
-1
0
0
-1
1
0
0
0
-1
0
0
0
0
0
2
0
0
0
1
-1
0
2
0
0
0
-1
0
-1
0
0
0
0
0
0
0
0
-1
0
0
0
0
-1
0
-1
0
0
0
1
0
-1
0
1
0
0
0
0
0
0
0
0
0
-1
0
-1
0
2
0
1
0
0
1
0
0
0
0
1
0
-1
0
0
-1
0
0
0
0
0
0
0
0
0
-1
1
0
-1
0
0
0
0
0
0
0
0
0
0
0
0
0
0
0
0
0
0
0
1
0
0
0
0
0
0
0
0
0
0
0
0
0
1
2
0
0
0
-1
0
0
-1
-1
-1
-1
0
-1
0
-1
-1
0
0
1
0
1
0
1
2
2
1
0
0
0
0
0
1
-1
-1
-1
-1
-1
-1
-1
0
1
-1
0
-1
0
0
1
0
0
0
0
1
1
0
0
1
0
1
0
1
1
0
0
1
0
0
0
0
1
0
0
-1
0
-1
-1
0
0
-1
-1
1
-1
0
0
0
0
0
0
0
-1
0
-1
-1
0
0
0
0
1
1
0
0
0
0
0
0
0
0
0
0
0
1
0
0
0
0
1
1
1
0
0
0
0
0
0
0
-1
0
0
0
0
-1
0
0
0
0
0
0
0
0
0
0
1
0
0
0
0
0
0
-1
0
1
0
0
0
0
0
0
0
0
0
0
0
0
0
0
0
0
0
0
0
0
0
0
0
-1
1
0
0
-1
0
0
0
-1
0
0
0
0
0
0
0
0
0
0
0
0
0
0
0
0
0
0
0
0
0
0
0
0
0
0
0
0
0
0
0
0
0
0
0
-1
0
1
0
1
0
0
0
0
0
0
0
0
0
0
0
0
0
0
0
-1
0
0
0
0
0
0
0
0
0
-1
0
0
0
-1
0
0
0
0
0
0
1
0
1
1
0
1
1
0
0
0
0
0
0
0
0
-1
-2
-2
-2
-1
-1
0
0
0
-1
0
0
-1
0
0
1
1
1
1
2
1
2
0
1
1
2
1
1
3
3
2
2
0
0
-1
-3
-1
0
0
0
0
0
0
0
1
-1
-1
0
0
0
-2
-3
-5
-6
-7
-10
-10
-10
-10
-10
-10
-7
-7
-4
-1
-1
1
3
7
13
13
15
17
17
18
17
16
14
13
10
6
5
1
-1
-1
-5
-7
-11
-13
-15
-18
-18
-20
-21
-22
-21
-21
-20
-18
-15
-11
-4
3
7
15
19
22
23
23
25
26
25
24
23
20
17
12
6
5
4
2
1
1
-2
-8
-14
-19
-21
-19
-16
-11
-8
-6
-9
-16
-21
-22
-23
-15
-5
2
9
16
19
17
15
13
12
14
20
22
26
25
17
10
2
-6
-14
-19
-24
-30
-35
-39
-40
-39
-33
-23
-17
-9
0
4
10
18
28
38
47
56
62
57
53
46
36
29
24
21
13
6
-3
-16
-30
-42
-51
-59
-59
-60
-56
-54
-51
-45
-42
-39
-37
-31
-23
-12
0
12
26
38
48
52
52
52
50
51
52
53
52
47
41
31
21
9
0
-8
-14
-20
-26
-30
-35
-37
-41
-44
-46
-50
-49
-50
-49
-45
-39
-35
-28
-23
-15
-8
-2
6
15
26
34
40
47
52
55
57
55
55
53
52
48
43
37
33
26
17
6
-6
-17
-27
-35
-42
-46
-51
-54
-56
-57
-56
-58
-57
-53
-48
-41
-36
-28
-18
-6
5
15
24
34
41
45
48
51
53
53
50
49
48
45
38
32
26
21
14
6
-2
-8
-15
-21
-27
-33
-36
-38
-40
-40
-38
-36
-31
-23
-14
-3
7
16
23
32
36
33
31
24
14
7
-2
-14
-25
-35
-48
-60
-68
-77
-80
-76
-64
-48
-26
-3
21
41
59
73
81
86
88
90
88
83
81
67
53
37
20
1
-18
-34
-48
-61
-66
-76
-82
-85
-90
-87
-84
-80
-70
-63
-47
-38
-26
-12
-5
5
16
25
42
51
64
74
72
80
74
68
65
52
50
45
41
42
33
25
10
-8
-20
-44
-56
-67
-80
-77
-85
-85
-81
-87
-77
-78
-71
-49
-41
-16
3
16
36
42
54
60
61
72
65
68
70
62
62
48
41
37
20
20
9
1
2
-8
-8
-14
-22
-23
-31
-31
-35
-37
-34
-39
-32
-27
-24
-13
-11
-4
0
1
11
11
14
17
13
9
1
-6
-12
-18
-19
-20
-16
-8
-1
7
16
22
29
33
38
37
38
37
34
31
21
14
6
-2
-11
-20
-26
-33
-33
-32
-33
-26
-22
-18
-12
-10
-9
-8
-9
-6
-6
-3
-1
-1
-1
-2
-1
-1
-1
1
2
4
5
3
1
0
-5
-4
-6
-6
-3
-5
0
4
9
21
28
36
46
51
59
60
58
56
50
42
32
19
4
-10
-24
-36
-48
-58
-64
-69
-69
-68
-64
-57
-49
-39
-29
-18
-7
0
8
15
21
26
28
32
37
39
41
42
45
47
47
50
53
52
52
47
41
35
25
16
9
-1
-10
-20
-31
-39
-48
-55
-63
-70
-73
-78
-79
-81
-80
-76
-69
-58
-45
-29
-10
7
27
48
65
81
97
108
114
119
116
111
102
89
75
56
37
16
-5
-25
-45
-62
-76
-87
-93
-96
-93
-91
-82
-72
-62
-48
-36
-23
-11
-3
6
15
23
31
38
44
51
54
58
60
62
61
58
51
43
32
18
5
-9
-22
-34
-42
-47
-48
-48
-43
-37
-30
-23
-12
-4
5
11
15
18
16
11
4
-4
-12
-20
-27
-30
-32
-32
-27
-22
-13
-2
4
12
19
22
26
26
25
25
22
21
19
19
21
19
21
23
21
23
20
16
13
6
1
-6
-14
-21
-29
-36
-42
-47
-49
-51
-48
-45
-44
-37
-31
-22
-13
-6
4
14
24
35
44
50
58
60
60
59
55
50
45
38
32
25
19
15
9
4
-1
-9
-17
-26
-37
-45
-52
-58
-59
-58
-55
-49
-41
-34
-27
-23
-20
-17
-16
-12
-11
-6
0
4
15
24
33
40
45
53
54
55
55
53
49
44
38
29
20
9
-1
-11
-21
-26
-28
-32
-33
-32
-31
-30
-30
-29
-27
-26
-23
-22
-20
-18
-17
-17
-14
-16
-16
-13
-14
-13
-11
-8
-1
3
9
15
22
26
30
32
32
33
32
33
31
29
28
26
25
24
18
15
9
2
-2
-10
-18
-26
-34
-40
-43
-45
-47
-45
-43
-39
-35
-27
-18
-9
0
7
14
20
25
29
31
29
28
27
22
17
11
6
4
0
0
2
3
9
12
15
21
22
21
20
14
8
1
-8
-15
-24
-28
-30
-32
-32
-30
-27
-23
-19
-15
-12
-9
-8
-7
-5
-6
-7
-5
-4
-3
0
0
1
5
8
11
16
18
21
24
26
29
30
31
29
25
20
14
6
0
-8
-13
-18
-23
-23
-23
-23
-21
-17
-12
-8
-5
-2
-4
-5
-4
-7
-10
-10
-13
-12
-13
-11
-7
-4
0
4
6
9
12
14
15
17
19
21
20
19
19
17
15
12
9
7
2
0
-4
-7
-8
-11
-13
-14
-15
-15
-15
-15
-17
-15
-14
-16
-16
-15
-13
-9
-5
1
8
15
19
21
24
23
22
21
16
11
7
2
-1
-4
-4
-4
-4
-4
-3
-2
0
3
3
4
4
3
3
0
-2
-1
-4
-7
-9
-12
-13
-16
-17
-19
-22
-22
-20
-18
-13
-10
-7
-3
0
6
8
11
16
18
21
22
23
22
24
27
25
23
21
17
12
8
2
-3
-9
-15
-19
-23
-25
-26
-26
-25
-22
-19
-16
-12
-10
-7
-6
-5
-3
-1
-1
-1
1
3
6
8
10
14
15
16
16
16
15
12
9
7
4
2
0
-2
-3
-4
-4
-6
-4
-6
-6
-5
-4
-2
-3
-2
0
0
-1
0
-2
-1
-1
-5
-5
-7
-6
-4
-5
-3
0
0
1
3
4
7
7
8
9
9
10
11
12
12
11
9
8
8
6
5
0
-1
-3
-6
-10
-13
-17
-19
-21
-20
-20
-18
-17
-14
-11
-6
-5
-2
2
6
9
13
14
15
18
19
18
15
11
7
4
1
-2
-6
-8
-10
-11
-8
-5
-3
-1
0
5
8
8
10
12
10
9
9
7
6
3
1
0
-2
-4
-7
-10
-13
-16
-19
-21
-22
-23
-23
-23
-19
-17
-12
-9
-3
4
10
16
22
26
30
33
36
37
36
33
28
23
16
9
1
-4
-11
-18
-23
-25
-26
-28
-27
-24
-23
-19
-13
-10
-8
-4
-2
0
1
1
3
5
6
9
7
8
9
7
8
6
4
2
1
1
0
0
0
0
1
1
1
3
4
5
6
5
5
4
3
0
0
-2
-5
-6
-7
-9
-12
-14
-14
-13
-12
-12
-10
-7
-4
0
2
6
9
10
13
15
13
12
12
11
8
6
4
3
1
0
-1
-2
-3
-5
-7
-6
-6
-6
-5
-4
-3
-2
0
1
2
4
3
4
2
0
0
-4
-6
-9
-10
-12
-14
-12
-13
-13
-9
-7
-4
0
4
8
13
17
20
23
26
25
25
24
22
17
12
6
3
-3
-7
-13
-16
-20
-21
-21
-20
-22
-19
-15
-14
-11
-10
-8
-6
-6
-4
-2
-2
-1
0
0
1
2
2
3
5
6
7
9
8
10
12
12
14
16
14
14
12
10
8
5
0
-2
-5
-8
-11
-13
-15
-16
-15
-13
-13
-11
-8
-8
-4
0
-1
-1
0
0
0
0
0
0
0
0
0
-1
-2
-1
0
0
1
1
1
4
8
9
12
13
14
15
16
15
12
9
10
10
7
4
1
0
-2
-4
-5
-8
-11
-12
-13
-16
-18
-17
-16
-16
-14
-14
-13
-12
-9
-7
-2
1
2
4
8
10
15
17
19
19
19
20
20
18
16
13
10
7
2
-1
-5
-7
-12
-13
-17
-19
-19
-21
-22
-23
-22
-21
-19
-16
-12
-9
-6
-2
5
11
15
21
24
28
31
32
33
33
31
27
24
19
14
8
3
-2
-9
-13
-18
-21
-26
-28
-28
-29
-28
-27
-24
-22
-18
-15
-11
-6
-1
1
4
9
10
13
15
17
16
16
18
17
14
11
10
8
5
2
-1
-3
-6
-7
-9
-9
-9
-8
-7
-5
-1
0
3
5
8
9
10
10
8
6
2
0
-1
-6
-9
-9
-12
-13
-13
-12
-11
-9
-6
-3
-2
0
1
4
6
5
6
6
5
4
3
4
3
2
2
2
3
4
1
2
4
3
3
1
1
2
0
0
-1
-3
-1
-2
-4
-3
-3
-2
-2
-4
-3
-2
-2
-2
-3
-4
-5
-4
-4
-3
-3
0
1
3
2
6
7
10
10
10
11
9
7
7
4
3
0
-1
-5
-7
-8
-10
-9
-9
-10
-9
-11
-9
-7
-6
-3
-1
0
2
4
5
6
7
8
10
8
9
7
5
4
3
0
0
-2
-2
-5
-5
-5
-7
-6
-5
-5
-2
-2
0
0
0
3
3
3
3
4
4
3
3
3
1
0
0
-1
0
-1
-2
-4
-3
-4
-4
-2
-3
-1
-1
-2
0
0
0
2
2
2
2
1
2
3
3
2
1
0
1
0
0
0
0
0
0
0
0
0
-1
0
0
0
0
0
-1
0
0
-1
-1
0
-1
-1
-1
-1
-1
0
0
0
0
0
1
2
2
2
4
3
3
3
3
2
0
0
0
0
-1
-1
-2
-1
-3
-3
-4
-4
-4
-4
-4
-4
-4
-2
0
0
1
1
4
3
2
3
2
2
3
2
1
0
1
0
0
0
0
0
0
0
0
-2
0
0
0
0
0
0
0
0
0
0
2
1
0
1
0
0
0
0
0
0
0
0
-1
-1
-1
-1
0
-1
-2
-2
-1
0
0
-2
0
0
0
0
0
0
0
0
1
1
0
0
0
1
0
0
0
0
1
1
2
3
1
0
1
0
0
0
0
0
0
0
0
-1
0
-1
-1
-1
0
0
-1
-2
-2
0
0
-1
0
0
0
0
0
1
1
1
2
2
4
1
0
2
1
1
1
0
0
-2
-1
-2
-2
-2
-2
-3
-1
-1
-1
-2
-1
0
-1
1
0
0
1
1
2
2
2
3
3
3
2
4
4
1
2
3
2
0
0
0
0
-1
-2
-3
-2
-3
-2
-3
-2
-2
-3
-2
-1
-1
-1
-1
-1
-1
0
0
0
0
-1
0
0
-1
-1
1
2
1
0
1
1
1
1
1
0
1
0
1
2
0
0
0
0
2
0
0
0
0
0
0
0
0
0
-1
-1
-2
-3
-2
-2
-2
-2
-2
-1
-1
-1
-1
0
-1
-1
0
0
1
0
2
3
2
2
3
4
3
2
4
5
3
4
2
1
1
0
0
0
-1
-1
-2
-4
-3
-3
-4
-3
-4
-4
-3
-3
-2
-2
-1
-1
-1
0
0
0
1
1
1
2
2
2
1
1
0
3
1
1
1
0
1
1
1
0
1
2
2
2
2
2
2
2
0
1
-1
0
0
-1
-2
-2
-4
-3
-2
-3
-4
-3
-4
-2
-2
-2
-2
-1
0
1
1
2
3
2
2
3
2
3
3
2
2
1
1
0
0
0
0
0
0
0
0
0
0
-1
0
0
-2
0
2
0
0
1
0
-1
0
0
0
-1
-2
-1
-2
-2
-2
-2
-2
-3
-1
-1
-1
0
0
0
0
0
1
0
1
2
1
2
3
2
1
1
0
0
0
0
1
0
0
0
0
0
0
0
-1
0
0
-1
0
0
0
-1
-1
0
-1
0
-1
0
0
0
0
0
0
0
1
0
0
1
1
0
1
0
0
1
0
0
1
0
0
0
0
0
-1
0
0
-1
0
0
-1
0
0
-1
-1
0
1
0
1
0
0
0
0
0
1
0
0
0
-2
0
1
1
0
0
-1
0
0
0
1
1
0
0
1
0
0
0
0
0
0
0
-1
0
0
0
-1
-1
-1
-2
-1
-1
0
-1
-2
0
-1
-1
0
0
0
0
1
1
2
1
2
1
2
3
3
3
2
1
0
1
2
0
-1
0
-1
-1
-2
-2
-2
-3
-4
-3
-2
-2
-1
-2
-2
0
0
0
0
0
0
0
0
1
2
1
2
1
1
1
2
2
3
3
1
2
2
0
0
0
0
0
0
-1
0
0
-1
0
0
0
-1
-1
-1
-1
-1
-2
-1
-1
-1
0
-1
-1
-1
0
0
0
0
0
0
0
0
1
0
0
1
0
0
1
1
1
0
2
2
1
2
2
2
1
0
0
0
0
-1
0
0
-1
-2
-2
-3
-2
-1
-2
-2
-2
-1
-2
0
-1
-1
0
0
0
1
0
2
1
3
4
3
4
4
3
2
1
2
0
1
0
0
0
-1
-3
-3
-3
-3
-2
-3
-2
-3
-2
0
0
-1
0
0
1
1
1
1
1
0
0
1
0
0
-1
0
0
0
0
0
0
0
0
0
0
-1
0
0
0
0
0
1
0
0
0
0
0
1
0
0
0
0
0
1
0
0
0
0
0
0
0
0
0
0
0
0
0
0
0
-1
-1
0
0
0
0
-1
-1
-2
0
0
-1
0
0
0
0
1
1
0
1
0
0
0
0
1
0
0
1
0
0
1
0
0
-2
-1
0
-1
0
0
0
0
0
0
0
-1
-1
0
0
0
-1
0
1
0
0
2
1
1
0
0
0
0
1
-1
-1
0
0
0
0
0
0
-1
0
0
0
0
0
-1
-1
0
-1
0
0
0
0
0
-1
0
0
0
0
0
1
0
0
0
1
1
0
1
0
0
0
0
0
0
-1
0
0
0
0
0
-1
0
-1
-1
0
0
-1
0
0
-1
-1
0
0
1
0
0
0
0
0
0
1
1
0
1
1
0
0
0
0
0
0
0
-1
-1
-1
-1
-1
0
0
0
0
0
0
0
0
0
0
0
0
0
0
0
0
0
1
0
0
0
1
0
0
-1
0
0
0
0
0
0
0
0
0
0
0
0
0
0
0
0
0
0
0
0
0
1
0
0
0
0
0
0
0
0
0
0
0
0
0
1
0
0
0
0
0
0
-1
0
0
-1
-1
0
0
-1
0
-1
-1
0
0
0
0
0
0
1
1
0
1
0
0
0
0
0
1
0
0
0
0
0
0
0
1
0
0
0
0
0
-1
0
0
0
0
0
0
0
0
0
1
0
1
0
0
0
0
0
0
0
0
0
0
0
0
1
0
0
0
0
0
0
0
0
0
0
0
0
0
1
0
-1
-1
0
0
0
0
0
0
0
0
0
0
0
0
0
0
0
0
0
0
0
0
0
1
0
0
0
0
0
0
0
0
0
-1
0
-1
0
0
0
0
0
0
0
0
0
0
-1
-1
0
1
1
0
0
-1
-2
-2
1
2
2
1
0
0
-1
0
0
1
1
0
0
0
0
-1
-2
-3
-3
-1
2
5
5
4
0
-1
-3
-2
-3
-2
0
0
2
7
6
0
-8
-15
-13
-1
15
30
30
1
-27
-47
-50
-13
34
59
62
22
-33
-61
-58
-22
33
64
53
17
-33
-62
-53
-20
19
49
49
24
0
-27
-33
-17
-5
10
15
4
0
-4
-6
1
6
3
4
-1
-10
-8
-8
-1
9
12
13
12
0
-9
-12
-14
-6
4
7
6
-1
-11
-9
1
11
21
19
0
-17
-23
-22
-6
12
18
18
11
-3
-10
-9
-10
-3
0
4
5
3
4
-2
-4
-2
-4
-2
5
1
-2
0
-7
-4
13
15
15
13
-10
-31
-25
-11
-13
35
31
4
19
-14
-30
5
0
-7
20
-7
-17
11
0
0
21
0
-13
0
-8
-14
12
0
-9
16
-2
0
17
-12
-7
-2
-9
5
12
4
3
-3
-14
0
0
3
11
0
-5
-2
-8
0
7
-1
8
0
-5
0
-5
-2
4
3
3
8
0
0
-1
-7
-5
0
-3
-2
1
0
2
6
3
-1
0
-1
-2
0
-1
-1
0
0
3
6
0
1
0
-5
3
0
0
2
-3
-5
0
0
3
6
-1
-2
-4
-5
0
0
0
0
-2
0
3
2
1
2
-2
-1
0
0
3
3
0
0
-1
-4
1
-1
0
4
0
0
0
-2
-2
1
-2
-1
1
-3
-2
0
0
1
2
0
0
0
0
0
0
0
0
0
1
2
-1
0
-1
-2
1
1
-1
0
-1
0
0
0
0
0
-1
0
1
1
1
0
0
-1
0
0
1
0
0
0
-1
0
1
0
0
2
0
0
1
-1
0
0
0
0
0
0
0
0
0
1
0
0
0
0
0
0
1
0
-1
-1
0
1
1
0
-1
-2
0
-1
0
0
0
1
0
-1
1
0
0
0
0
0
0
0
0
0
-1
0
0
0
0
1
0
0
0
0
0
0
0
0
0
-1
-1
-1
0
1
0
1
2
0
-1
0
0
-1
0
0
-1
-1
-1
0
0
0
0
1
0
0
0
1
0
-1
0
1
0
0
0
0
0
0
0
0
0
0
0
0
-1
-1
0
1
0
0
0
0
0
0
0
0
1
1
1
-1
0
2
0
0
0
-1
-1
-1
0
0
0
0
0
3
0
0
0
-3
0
-2
-2
-1
0
3
1
1
1
0
1
1
-1
1
-2
-1
2
-6
0
5
-12
0
9
-9
6
5
-10
5
4
-6
1
5
-2
-3
2
-1
-4
8
-1
-5
13
-6
-7
13
-4
-7
11
1
-5
0
-3
-5
-4
8
3
-9
18
-1
-23
25
-8
-25
25
5
-10
7
0
0
-11
-8
24
-16
-2
23
-21
17
3
-39
48
6
-61
47
7
-75
35
38
-42
17
35
-24
-19
8
0
-25
15
30
-21
12
14
-40
8
25
-30
13
28
-14
-33
31
-11
-44
50
-7
6
5
5
-15
-12
-8
-18
46
-2
3
34
-30
-49
11
-3
-8
30
19
-21
51
-3
-58
29
-48
-1
42
3
10
-45
30
30
-26
15
-26
-27
2
-5
45
8
-10
13
0
-2
-26
1
18
-25
-14
48
-18
-34
43
-25
0
20
31
10
-68
-1
-6
13
13
3
6
-26
-3
17
18
13
-14
-24
-14
-14
55
-23
20
-32
0
54
-35
19
-42
12
11
-20
7
-20
19
-7
29
14
-25
23
-22
-17
-1
36
-36
22
-11
-53
74
0
-25
27
-16
-41
33
19
12
13
-34
-37
0
20
2
24
25
-44
2
8
-27
20
24
-22
-2
-4
-32
25
-19
23
36
-8
-4
-21
-13
-4
15
32
12
-22
-3
-39
7
39
-3
1
0
-37
0
45
-6
-13
-16
16
-25
-3
38
-22
-4
-9
-7
30
15
-7
19
-22
-28
11
28
0
-21
0
-17
21
0
38
15
-78
43
-17
3
11
-30
42
-80
59
20
-49
70
-70
14
35
-29
56
-39
-46
7
-5
-18
52
15
19
-8
-73
37
-24
8
58
-1
19
-79
-30
33
-18
45
29
-40
34
35
-76
19
70
-89
-15
108
-35
-27
-3
-6
-44
19
76
-81
26
67
-88
20
51
-46
1
-13
3
-38
-42
86
29
-58
-88
69
61
-61
19
42
-23
-49
14
61
-42
-49
83
-39
11
51
-16
36
-42
-20
27
-42
20
42
-42
71
-35
-51
55
-44
13
-4
7
54
-28
-10
-1
-46
47
15
-46
-57
31
50
-54
76
58
10
-108
-44
71
-80
-4
63
13
-83
2
51
14
-8
-32
89
-20
-8
48
-46
56
-88
-115
150
-32
-79
145
-34
-76
59
-17
46
26
-75
7
35
-50
-28
83
13
-50
-37
78
-5
-105
141
-18
-60
27
-43
54
-60
33
45
-57
14
-13
-41
-22
77
5
-14
26
-16
3
-25
36
-32
-37
89
-111
44
43
-56
90
-39
56
-24
-107
67
-5
-10
-53
29
21
-12
146
-78
-33
97
-134
-31
117
-136
15
114
-38
43
-24
-6
-29
-29
33
-19
20
36
-15
-90
-1
21
3
83
25
-9
-37
135
-129
-108
61
-106
96
-51
28
86
-45
89
-43
18
120
-157
13
48
-155
35
18
-59
57
44
19
-45
66
44
-87
22
-12
-38
26
-28
-31
-10
3
30
98
19
-81
110
-73
-65
37
-120
47
-29
28
86
-92
132
8
-109
153
-116
-85
137
-88
-3
86
58
-39
-211
32
114
-91
139
54
-48
-39
-150
177
15
-103
127
-28
-38
-54
-58
41
-25
4
144
-6
-146
200
10
-240
108
60
-61
-23
13
12
-48
16
99
-43
-71
92
-5
36
-10
-118
-95
182
61
-214
157
102
-137
-1
62
-24
-46
-20
28
74
-142
117
70
-257
75
-5
11
-7
116
19
-179
187
-42
-211
125
82
2
-93
98
-1
-125
38
105
36
-119
155
-31
-147
47
-80
178
-131
-83
355
-340
7
228
-162
46
114
-81
-5
-10
-160
111
-24
73
107
-161
105
-60
-87
105
-21
-139
20
-84
161
53
-135
304
-48
-195
129
-9
-222
49
43
38
-30
144
-3
-148
119
-62
-103
102
115
-68
57
-59
-191
97
1
92
43
-121
46
-37
-34
60
30
48
-130
-17
78
-86
126
41
119
-72
-215
-16
-17
-133
93
203
-62
62
8
-9
-60
28
90
12
-49
-66
42
-143
-77
132
-18
-109
155
82
-36
106
-89
10
-60
-34
145
-195
-21
151
-126
34
140
-119
-11
9
68
-29
-76
80
-26
-23
-9
29
151
-104
123
-2
-288
219
-142
-84
143
-90
-40
180
-112
-125
185
47
146
-101
13
140
-271
-19
20
-28
4
-191
275
-38
-189
143
-107
166
116
-20
101
69
-111
-221
143
22
-133
-176
-35
288
-46
-32
231
-17
-267
145
196
-315
-53
41
27
64
-213
90
70
-86
-125
85
250
-55
85
-13
-70
42
-98
220
-44
-241
299
-229
-296
206
15
75
180
20
-187
172
-19
-214
71
-243
28
200
-113
131
15
-9
59
-61
61
-55
209
-142
-176
70
-45
-9
-166
112
-33
-34
205
110
156
-74
-44
-106
-199
107
-80
237
-38
-266
279
-68
-71
194
-89
-144
23
-130
112
186
-18
4
0
65
-192
-115
101
-124
-1
113
35
133
-97
-137
-7
-30
81
172
154
-51
-117
-9
-66
-250
120
195
-99
114
-44
-42
95
9
-29
9
-76
-143
-99
19
30
-2
211
81
-94
90
-2
-97
120
-38
-106
-39
19
-32
-20
101
-51
-14
-50
11
101
-19
105
12
-37
-65
-100
53
-24
27
32
48
112
16
39
35
-178
-186
-44
-112
-20
113
12
63
61
7
115
61
35
117
99
45
44
87
75
-70
-141
-188
-352
-346
-198
-161
-96
63
141
134
204
274
265
234
199
190
107
75
53
-51
-135
-205
-256
-278
-255
-252
-256
-257
-277
-261
-159
85
424
851
1206
1333
1337
1189
928
664
252
-527
-1512
-2371
-2850
-2692
-1870
-711
307
967
1109
737
219
56
384
1129
1998
2496
2364
2105
2081
1441
281
-1185
-3211
-4996
-5372
-4205
-2076
717
2968
3647
3085
1899
553
-350
-710
-1029
-1505
-1795
-1667
-1059
207
1655
2449
2476
1966
1024
162
-265
-684
-1129
-1368
-1634
-1542
-858
47
1021
1911
2132
1712
938
-77
-1160
-1819
-1873
-1609
-1033
-286
177
448
730
831
788
745
659
344
61
-91
-260
-179
125
352
515
692
822
587
241
-149
-951
-1769
-2196
-2448
-2268
-1478
-447
647
1593
1968
1682
1199
1000
959
1146
1355
1416
2437
2786
1637
-262
-3411
-6631
-7558
-5573
-2050
2090
5135
5580
4039
2178
385
-1130
-1978
-2737
-3543
-3186
-1502
731
3003
4342
3580
1462
-538
-1932
-2216
-1221
-183
453
901
704
549
552
488
557
777
425
-165
-700
-1119
-1660
-2162
-2307
-2223
-1684
-494
991
2135
2799
2535
1491
792
359
9
45
1002
1804
1373
379
-1713
-4175
-5098
-3948
-1810
816
3209
3849
2933
1945
850
-270
-1006
-1962
-2826
-2634
-1675
-116
1649
2482
2155
1677
1209
857
572
1043
2218
1675
249
-2067
-4805
-6008
-4582
-1659
1801
4609
5110
3676
1245
-927
-2710
-3542
-3310
-2948
-2325
-596
1091
2255
3179
2997
1628
737
625
446
290
960
2132
2154
972
-1325
-4026
-6147
-5663
-2749
765
3897
5347
4485
2114
-698
-3031
-4128
-4094
-2792
-765
1117
2717
3138
1994
511
-931
-1679
-592
1233
2572
2975
2710
3008
1839
-363
-2392
-5519
-7839
-6431
-2215
2077
6018
7262
4863
895
-2053
-3880
-4301
-3036
-1719
-743
624
1899
1891
1172
299
-758
-1051
493
2526
3635
3549
3036
2130
-155
-2297
-4514
-6741
-7012
-4078
527
4542
7125
6384
2941
-942
-3734
-4854
-4095
-2209
-401
894
1832
2257
1327
-46
-769
-1109
-471
1509
3115
3348
2379
1821
1451
-571
-2044
-3675
-5853
-5617
-2070
1909
4558
5605
3917
353
-2656
-3469
-3281
-2266
-819
457
1209
1660
1639
204
-1591
-1761
-793
517
2975
4254
3226
1133
677
1338
46
-934
-2896
-5627
-5935
-2139
2476
4870
5436
3249
-680
-3573
-3730
-2888
-1745
-691
307
912
1157
1580
362
-1704
-2028
-1155
335
2979
4746
3805
1511
255
1075
652
-463
-2249
-5355
-6805
-3779
1350
4606
5930
4662
1103
-2479
-3416
-3176
-2694
-1721
-558
-124
840
1902
1261
-242
-964
-724
216
2695
4344
3963
1724
180
1027
1049
-388
-2780
-6069
-7585
-4714
805
4659
6174
4990
1495
-1911
-3183
-3273
-2941
-2107
-1296
-91
1394
2230
1764
205
-942
-404
894
3009
4352
2900
803
1442
1876
-39
-2500
-5437
-7799
-6164
-426
4748
6917
5918
2373
-1877
-4433
-4416
-3241
-1922
-341
902
1415
1803
1581
-2
-1264
-960
-44
1337
3026
3476
2049
1889
3462
2194
-1499
-4800
-7515
-7947
-3582
2921
6516
6477
3906
6
-3813
-5297
-4442
-2768
-405
1483
2291
2422
1639
225
-808
-1031
-221
1102
2210
2679
1939
1158
2392
3130
749
-2839
-6206
-8380
-6599
-493
5437
7595
6139
2465
-2085
-5256
-5410
-3751
-1510
1040
2682
2240
781
-487
-1162
-743
784
2099
2772
2760
2057
1265
2247
3638
1583
-2593
-6254
-8375
-7485
-2263
4102
7207
6552
3502
-361
-3941
-5455
-4553
-2959
-805
2201
3798
2564
380
-1542
-2841
-1953
590
2731
3793
3727
2947
1313
1407
2651
466
-2928
-5789
-7280
-5915
-767
4579
6025
4539
1958
-978
-3916
-4458
-3470
-2229
-398
2395
3546
2356
501
-1724
-2988
-1632
1177
3224
3773
2912
1827
400
986
3431
2067
-1695
-5046
-7069
-6661
-2370
2600
4273
3794
2599
517
-2248
-3318
-3062
-2480
-1627
848
2769
2478
751
-1483
-2927
-2329
736
3513
4709
4185
2401
-545
-1856
1387
3061
1333
-1519
-5364
-7758
-5289
398
3945
4642
3560
1562
-1588
-3481
-3552
-3016
-1666
740
2562
2210
1208
-462
-2009
-2105
-31
2336
3703
4090
2797
311
-1433
883
3309
1787
-1683
-5260
-7352
-5930
-564
3935
4787
3419
1600
-792
-2743
-2843
-2550
-2355
-927
1262
2284
2059
571
-1388
-1797
143
2155
2928
2673
1537
118
-601
1737
4065
2130
-1758
-5307
-7607
-6540
-1426
3156
4545
4449
3550
978
-2364
-4270
-4542
-3239
-89
2410
3031
2009
-353
-1780
-1557
-9
1580
2753
3123
2299
707
0
2413
3175
-199
-3830
-6120
-6302
-3516
1381
4213
3803
2707
1843
-268
-3081
-4442
-3970
-1983
202
2081
2844
1805
311
-921
-1443
-190
1372
2156
2543
2021
681
1087
3459
2546
-1597
-5016
-6760
-6375
-2515
2820
4937
4234
2985
1264
-1710
-4096
-4424
-3349
-1219
845
2047
2353
2106
826
-1258
-2064
-1021
915
2700
3585
2746
615
929
3226
1998
-1838
-4620
-6352
-5913
-2031
2514
4578
4132
2417
314
-2569
-4510
-3775
-1761
-49
1279
2130
1782
627
-669
-1220
-371
1136
2235
2622
2516
1152
-500
1047
3705
2089
-2086
-5200
-6605
-5325
-1031
3142
4542
3853
2362
144
-3348
-5338
-4059
-1386
807
2036
2347
1559
627
-56
-600
-827
-189
1040
1940
2353
1901
1563
2949
3202
-215
-4066
-6002
-6086
-4148
-724
2370
4098
4252
2991
311
-3374
-4756
-3168
-867
293
532
1187
1297
745
3
-689
-410
898
2460
3394
3000
1338
493
2722
3392
-300
-4007
-6213
-6816
-4744
-242
3031
4038
4265
3259
353
-3069
-4286
-3390
-1302
120
480
1275
1520
967
270
-154
29
796
1720
2470
2475
755
-304
2111
3173
-77
-3634
-5304
-5705
-4510
-1085
1714
3123
4205
3936
1133
-2657
-4171
-3317
-1532
-294
349
1673
2019
770
-146
46
310
625
1109
1485
1895
1114
246
2558
3732
177
-3227
-4579
-5635
-5268
-1543
1827
2874
3535
3890
1720
-2251
-4179
-3597
-1983
-679
209
1491
1945
1200
320
55
421
798
1092
1401
1628
912
116
2434
4914
1759
-3007
-4928
-6224
-6308
-2912
900
2845
3909
4440
2736
-1229
-3448
-3111
-2559
-1519
315
1127
1317
1263
410
-347
-243
311
544
1417
2372
2084
658
912
3578
2956
-665
-3261
-4819
-5654
-4191
-1081
940
2449
4094
3787
684
-2109
-2686
-2593
-2478
-1446
96
1298
1682
1214
439
134
202
131
817
1771
2091
1439
419
1792
3585
1376
-2089
-4127
-5027
-4476
-2628
-285
1684
3392
4467
2996
-455
-2339
-2446
-2961
-2909
-1083
908
1442
1042
550
214
85
123
473
1085
1698
2054
2025
1180
2185
3161
291
-2887
-4064
-4249
-4248
-2860
-587
1810
3765
3895
2068
-435
-1871
-2737
-3416
-2415
167
1611
1001
565
716
305
-7
77
313
1003
1930
2330
1665
462
2198
3548
207
-2578
-2762
-3330
-4605
-3688
-1238
1008
3159
4033
2564
198
-972
-2109
-3621
-3000
-345
678
397
919
977
341
127
147
-208
434
2185
2672
1485
378
2083
4091
1504
-1836
-2681
-3463
-4985
-4724
-1951
714
2227
3375
3053
1474
88
-1609
-3167
-2992
-1292
14
784
1079
770
391
355
24
-460
416
1735
1787
1263
1023
937
2612
3297
311
-1576
-2004
-3856
-5148
-3491
-1260
127
2003
2785
1982
867
-172
-1218
-2283
-2430
-1538
-117
1175
1585
1275
724
2
-1091
-1237
166
1381
1465
1561
1858
1759
2047
2996
1387
-817
-1629
-3360
-4893
-4421
-2548
-641
1256
2764
3309
2296
1035
-113
-1999
-3364
-2214
-113
-34
45
1120
942
182
103
241
841
1730
1387
706
752
951
1773
2814
1739
76
-1657
-4176
-4999
-3971
-2585
-933
1591
3190
2834
1845
672
-815
-2123
-2455
-2097
-908
596
1039
975
843
297
-295
-766
-577
582
1113
1560
2219
2525
1519
1581
2760
623
-2420
-3513
-3738
-4170
-3369
-1783
387
2235
2967
2725
1574
507
-454
-1763
-2817
-2004
-385
496
187
10
391
156
-482
-349
705
1242
1283
1480
1747
1830
964
2206
3796
968
-2045
-2474
-3341
-5247
-4762
-2197
183
1690
2768
2863
1917
1033
-107
-1888
-2421
-1221
-565
-769
-334
610
729
608
229
596
1093
501
164
654
1438
1518
570
2008
4442
1890
-1666
-2028
-3109
-5316
-4657
-2260
-300
1238
2103
2055
1684
1266
57
-1187
-1386
-1146
-1105
-628
-440
-396
429
622
255
1050
1741
1465
1420
1615
1506
1041
599
1957
2220
-435
-1865
-2206
-3253
-4084
-3410
-1954
-33
1187
1539
2003
1948
950
-484
-1625
-1613
-1123
-1094
-405
308
149
311
593
407
684
1064
737
788
1055
1495
1370
558
2421
3549
722
-1757
-2258
-3135
-4413
-3615
-2104
-532
1058
1707
1873
1856
1153
157
-679
-1201
-1394
-1503
-887
38
99
50
444
270
432
1100
801
565
1362
1897
1506
545
1092
3026
1807
-882
-1221
-1833
-3879
-4375
-2659
-1508
-649
991
2049
1950
1642
1219
220
-578
-1028
-1441
-1524
-535
496
62
-181
504
569
143
421
1020
1101
1274
1734
1316
482
1233
2847
1798
-548
-993
-2229
-4286
-4646
-3235
-2172
-1127
838
2015
2098
2125
1809
849
-186
-932
-1296
-1638
-1149
-128
-462
-488
614
708
173
632
1284
1085
1090
1449
1327
641
535
1417
1971
537
-621
-1157
-2594
-3912
-3031
-2027
-2118
-673
1225
1532
1095
1324
1017
113
-356
-704
-984
-732
-99
-21
-287
17
-156
-830
-484
531
816
887
1765
2647
2182
1173
1309
2426
1574
-862
-1662
-2179
-3378
-3583
-2396
-2013
-1052
1227
1852
1293
1605
1740
383
-869
-1184
-1719
-2052
-1215
-179
305
682
1018
818
579
622
243
228
642
876
1075
818
720
1664
2926
1674
-165
-502
-1563
-3559
-4256
-3543
-2969
-1400
376
888
1345
2444
2367
1092
171
-143
-846
-1462
-1419
-1002
-430
-126
117
392
921
1198
1187
1436
1311
941
873
485
-7
853
2368
1421
-171
-560
-1392
-3027
-3572
-3183
-2715
-1183
157
610
1334
2276
1931
982
511
102
-653
-934
-904
-819
-779
-748
-393
-217
260
799
1177
1435
1457
1684
1524
766
530
1208
2035
677
-924
-1025
-1732
-3113
-3450
-2783
-1907
-691
239
697
1329
1953
1474
667
232
-1
-440
-848
-695
-344
-355
-318
-230
-283
134
612
738
1043
1409
1543
1426
861
614
1195
1593
573
-362
-620
-1473
-2727
-3129
-2841
-2478
-1467
-309
430
1105
2027
2192
1412
853
410
-286
-804
-1136
-1295
-1219
-904
-635
-150
599
1252
1783
1942
1751
1750
1673
935
457
1055
1246
-88
-1103
-1503
-2247
-2994
-3081
-2548
-1571
-430
395
903
1452
1768
1509
952
419
38
-376
-818
-851
-616
-563
-430
-252
-135
306
642
822
1191
1346
1416
1210
860
737
1092
1397
478
-535
-898
-1691
-2646
-2943
-2708
-2086
-1021
33
664
1336
1993
1956
1309
551
-130
-662
-1131
-1427
-1303
-925
-539
-244
117
793
1203
1362
1355
1357
1452
1244
797
725
1483
1550
188
-713
-1403
-2371
-3031
-3044
-2753
-1775
-269
623
975
1581
2088
1667
927
299
-339
-756
-1007
-1124
-847
-453
46
226
376
693
832
788
519
310
598
699
443
628
1126
1760
1789
758
-394
-1119
-2002
-3070
-3447
-2783
-1721
-662
508
1439
1894
2196
1867
940
65
-489
-818
-1184
-1365
-1146
-815
-598
-310
183
837
1308
1425
1490
1621
1622
1143
503
1101
1548
74
-1127
-1644
-2562
-3258
-2890
-2414
-1811
-201
1308
1641
1778
2275
1956
1042
252
-565
-1317
-1438
-1328
-1202
-559
155
577
741
776
650
382
104
-269
-235
-122
89
546
909
1049
1446
2183
2186
929
-328
-1308
-2779
-3723
-3607
-3165
-2367
-737
802
1754
2333
2652
2371
1653
853
-240
-1180
-1346
-1238
-1419
-1347
-845
-486
264
1013
1096
1346
1920
2007
1498
1031
530
790
1243
24
-1206
-1835
-2624
-2902
-2486
-2036
-1494
-138
1225
1806
1846
1648
1362
849
178
-727
-1386
-1348
-998
-740
-329
483
957
1161
1296
1197
673
171
-341
-870
-1131
-1089
-680
-244
286
1022
1549
1587
1626
1563
1257
416
-712
-1587
-2368
-2871
-2783
-2274
-1471
-339
679
1305
1823
1910
1385
858
210
-732
-1416
-1588
-1596
-1187
-253
611
1414
2289
2958
3047
2405
2635
2654
460
-1692
-3411
-4981
-5202
-3834
-2830
-1752
633
2675
3418
3547
3090
1762
591
-262
-1496
-2637
-2741
-1989
-1155
-213
965
1599
2002
2490
2238
1238
330
-449
-1147
-1704
-1964
-1934
-1608
-751
499
1363
1747
1877
1615
1249
481
-536
-1392
-1723
-1461
-1080
-800
-382
149
503
815
1118
956
595
420
130
-328
-654
-801
-1009
-872
-312
-14
181
646
1187
1378
1480
1477
813
-237
-1067
-1749
-2198
-2098
-1598
-963
-297
452
793
804
787
546
268
205
320
726
1149
1353
1165
1242
2224
1554
-49
-1321
-3049
-3984
-3163
-1984
-1657
-695
661
1548
2371
2886
2158
872
174
-411
-1048
-1471
-1673
-1768
-1177
113
1079
1497
1704
1651
1173
876
214
-767
-1393
-1651
-1299
-764
-151
277
732
1021
1075
937
671
66
-678
-912
-1062
-1002
-738
-432
-239
251
777
879
839
696
479
103
-167
-578
-1028
-1071
-708
-415
-77
243
203
407
863
989
754
623
323
-62
-108
-69
-128
-91
-29
-71
26
229
163
-259
-731
-1011
-1063
-942
-698
-631
-559
-112
349
667
898
929
968
1233
1365
1100
668
1067
1288
419
-325
-1822
-3387
-3486
-2413
-1398
-207
1096
1567
1983
2429
2239
1106
-25
-1044
-1930
-1889
-1392
-1023
-640
114
660
1263
1975
2086
1427
641
-68
-826
-958
-1190
-1451
-1361
-875
-217
637
1309
1268
1074
829
396
-276
-665
-1106
-1457
-1237
-790
-208
399
903
989
923
804
579
395
28
-492
-959
-1174
-1094
-691
-90
422
650
809
873
771
599
220
-190
-496
-632
-553
-309
-15
147
202
277
381
352
212
-46
-412
-643
-642
-512
-348
-173
20
90
176
313
347
295
128
-40
-89
10
249
515
561
514
744
1147
936
407
-501
-1928
-2750
-2536
-1819
-888
305
987
1270
1625
1808
1617
1121
348
-754
-1435
-1474
-1136
-550
81
451
597
981
1243
1192
910
272
-514
-984
-1340
-1643
-1529
-1458
-1138
-169
960
1664
2095
1951
1311
707
245
-97
-206
215
-46
-527
-1028
-2032
-2565
-2222
-1318
-410
734
1436
1529
1546
1528
1126
546
9
-911
-1371
-1325
-994
-294
509
991
1106
1228
1152
882
575
226
-480
-954
-1095
-1256
-945
-432
-245
-95
378
548
641
863
775
94
-539
-997
-1606
-1243
-501
-11
417
727
680
563
724
613
380
230
38
-216
-116
-42
19
338
477
318
-151
-723
-1382
-1606
-1303
-735
-14
567
878
815
767
686
512
339
121
-210
-493
-519
-433
-224
43
292
329
400
507
499
461
304
-27
-472
-707
-755
-633
-347
1
264
380
500
613
345
-52
-400
-844
-889
-604
-199
83
276
304
133
279
499
707
936
850
334
9
58
16
-23
-308
-1058
-1807
-2060
-1763
-929
224
1090
1418
1383
1125
735
573
434
53
-369
-714
-986
-908
-421
54
450
691
705
594
589
574
377
123
-329
-865
-1153
-1067
-800
-338
265
579
694
732
642
501
385
95
-378
-826
-879
-794
-665
-308
-363
-476
-319
-27
377
955
1370
1308
1173
856
363
317
494
230
-144
-914
-2058
-2633
-2400
-1625
-407
903
1494
1666
1640
1341
1033
778
273
-559
-1180
-1659
-1787
-1264
-404
368
1015
1402
1308
1129
872
457
-8
-368
-774
-1061
-1006
-843
-530
-64
386
553
692
733
642
515
291
-87
-578
-851
-974
-854
-501
-56
246
501
635
509
425
323
156
-3
-142
-407
-575
-551
-433
-169
107
288
392
429
360
329
265
168
74
-72
-231
-334
-380
-393
-268
-121
31
177
282
298
274
188
139
90
-227
-433
-666
-795
-568
-187
266
672
906
816
659
424
176
16
-121
-362
-602
-658
-674
-491
-175
78
263
359
306
238
235
156
-2
-202
-445
-667
-604
-282
104
590
933
982
838
780
669
482
333
-283
-1094
-1746
-2155
-2091
-1379
-379
443
1159
1449
1361
1213
1032
734
404
50
-546
-1031
-1193
-1122
-726
-111
353
656
854
823
716
606
443
112
-256
-615
-969
-1013
-776
-407
-1
357
475
484
436
345
256
118
-32
-260
-432
-570
-538
-386
-163
156
338
438
475
415
315
225
197
-64
-408
-648
-998
-939
-470
113
700
1071
1012
576
246
8
-32
182
307
161
-110
-369
-582
-530
-323
-211
-239
-358
-486
-491
-216
211
519
669
523
70
-284
-448
-439
-238
29
123
171
274
311
471
630
682
574
372
103
-209
-389
-538
-613
-641
-584
-477
-335
-71
189
385
519
500
328
165
31
-66
-99
-55
-81
-131
-145
-206
-199
-155
-104
-57
-15
5
13
35
79
142
177
214
226
208
192
171
102
24
-32
-101
-110
-70
-31
20
68
40
4
-39
-138
-263
-382
-471
-485
-351
-140
133
412
624
772
834
771
670
614
394
64
-394
-1083
-1672
-1934
-1811
-1204
-251
593
1206
1521
1446
1203
944
626
232
-190
-695
-1161
-1340
-1221
-825
-196
366
724
921
910
795
697
537
261
-82
-484
-881
-1087
-1039
-782
-359
114
450
634
701
615
492
358
172
-46
-250
-433
-541
-527
-432
-266
-73
101
253
351
388
405
358
245
103
-74
-272
-401
-436
-393
-247
-61
111
229
302
314
271
224
153
66
-42
-152
-254
-314
-305
-238
-125
2
111
168
204
201
165
121
56
-36
-126
-189
-231
-199
-113
-10
98
176
197
179
149
102
70
49
10
-37
-89
-146
-170
-160
-115
-47
16
61
87
92
70
46
10
-42
-79
-101
-111
-81
-19
36
83
101
84
57
38
27
20
17
4
-20
-42
-52
-44
-25
-5
2
2
6
11
25
38
41
26
-2
-32
-58
-61
-43
-16
11
23
15
3
-2
-3
8
25
29
26
12
-11
-31
-38
-43
-38
-25
-12
0
21
40
49
60
55
31
14
-11
-35
-37
-37
-36
-26
-16
-16
-5
13
25
45
61
53
33
8
-24
-47
-50
-45
-29
-12
-5
-1
1
7
17
29
36
29
15
-6
-28
-39
-39
-32
-22
-18
-14
-6
1
15
33
46
45
36
21
0
-15
-18
-8
4
16
20
11
-2
-14
-17
-13
-4
3
6
0
-8
-13
-12
-10
-8
-4
-5
-6
1
7
12
23
24
15
7
-3
-12
-13
-9
-8
-7
-8
-14
-17
-11
-2
7
16
22
24
21
16
14
12
5
-4
-15
-22
-25
-18
-9
-2
2
0
0
0
0
6
9
10
10
4
-2
-7
-8
-7
-3
0
2
1
0
0
1
5
12
12
7
2
-2
-6
-7
-5
-4
-5
-6
-7
-5
-1
2
7
7
3
-1
-5
-6
-5
-1
2
2
3
1
2
3
4
6
5
1
-2
-6
-6
-6
-6
-7
-8
-8
-6
-1
4
10
11
11
11
6
4
5
4
4
3
0
-5
-8
-10
-10
-8
-6
-4
-3
-1
-1
1
3
6
5
1
0
-2
-2
1
7
11
11
8
4
2
0
-1
0
-4
-12
-17
-21
-17
-5
4
9
12
11
6
0
-6
-12
-11
-8
0
8
12
9
3
-2
-10
-13
-6
2
12
25
34
30
18
2
-21
-31
-31
-34
-24
-8
-2
14
28
25
42
71
85
127
145
28
-134
-322
-513
-488
-280
1
351
548
510
392
189
9
11
40
44
42
-86
-246
-297
-292
-185
0
109
142
81
-89
-244
-325
-319
-183
0
152
254
253
192
154
127
136
166
146
93
21
-62
-91
-75
-27
47
82
71
28
-61
-147
-205
-235
-239
-237
-234
-234
-216
-151
-64
47
163
247
330
396
421
425
363
264
183
121
87
52
-40
-189
-362
-494
-509
-424
-264
-121
-77
-100
-171
-220
-172
-51
95
252
345
372
365
316
261
227
193
174
168
141
89
-2
-148
-293
-402
-441
-384
-269
-147
-54
-42
-107
-168
-195
-156
-23
129
256
341
341
292
258
219
207
219
195
160
126
59
-7
-84
-198
-284
-335
-356
-302
-236
-195
-156
-164
-175
-134
-79
7
127
209
268
310
305
284
243
188
147
106
71
50
13
-37
-85
-132
-169
-190
-197
-193
-173
-148
-127
-128
-137
-143
-127
-66
14
95
170
202
206
203
183
170
166
140
102
56
5
-25
-29
-34
-33
-44
-82
-111
-117
-103
-59
-25
-32
-66
-115
-145
-111
-29
51
113
116
77
56
54
81
123
129
94
43
-4
-9
18
28
16
-26
-78
-93
-78
-50
-28
-42
-78
-103
-107
-75
-26
10
41
54
55
61
60
58
55
31
9
-12
-33
-24
6
32
47
28
-15
-47
-66
-54
-11
16
29
19
-20
-52
-54
-35
4
30
30
34
31
18
13
-5
-27
-31
-15
9
30
26
3
-19
-32
-13
18
37
39
20
-7
-21
-21
-11
-4
-5
-9
-16
-14
-6
0
1
-1
-6
-12
-8
5
21
30
26
14
3
-8
-11
-7
-1
-1
-3
-9
-8
6
21
20
5
-20
-41
-35
-8
22
33
15
-13
-33
-35
0
46
56
35
-5
-49
-44
-8
26
41
16
-14
-32
-30
-1
24
28
16
-11
-24
-20
-12
0
9
8
2
-5
-3
3
2
0
-1
-1
0
4
10
16
14
6
-3
-9
-7
-1
12
19
8
-20
-40
-34
-11
21
39
31
8
-20
-37
-24
0
14
18
2
-17
-18
-10
4
21
23
13
5
6
6
11
7
-9
-16
-13
-7
7
4
-9
-17
-21
-11
5
16
19
13
-5
-23
-26
-18
0
16
22
16
3
-8
-10
-2
12
18
8
-3
-10
-8
4
17
20
14
-2
-18
-22
-18
-11
0
11
15
10
-6
-22
-23
-12
5
22
32
22
-3
-23
-30
-18
5
27
36
24
-8
-42
-42
-13
13
29
24
-1
-22
-23
-5
16
28
16
-7
-12
-6
11
33
34
14
-11
-35
-34
-13
10
22
13
-2
-15
-17
-14
-12
-8
-7
-5
5
13
14
8
-3
-16
-13
0
16
26
18
-5
-18
-15
4
22
27
8
-14
-24
-14
9
27
22
0
-24
-35
-24
-4
10
12
3
-7
-8
3
12
12
-2
-17
-19
-9
7
20
20
9
-4
-11
-10
-6
-2
3
12
16
10
-1
-10
-11
-5
3
7
5
-2
-5
0
5
17
23
13
-6
-22
-18
-2
7
18
8
-13
-15
-17
-14
16
26
9
-9
-29
-32
-11
19
34
23
2
-14
-26
-25
-4
10
16
34
31
-1
-33
-38
-29
-7
31
43
21
1
-22
-35
-16
17
48
53
12
-27
-39
-38
-12
17
20
11
-9
-46
-35
11
4
25
92
-23
-86
85
1
-133
73
80
-91
18
74
-64
-62
45
34
-21
14
23
-3
4
-25
-1
34
-37
-32
0
-21
19
35
33
28
-37
-46
-29
-7
36
-17
-20
61
0
-66
45
71
-60
-9
115
-12
-89
11
-6
-39
24
40
7
-27
-41
-15
7
19
25
17
-5
-30
-23
4
26
34
11
-19
-34
-47
-24
27
38
39
43
-8
-51
-37
-41
-30
44
88
52
13
-10
-58
-66
-1
50
46
7
-25
-40
-48
0
49
23
0
-12
-30
-5
22
18
12
0
-13
-12
-11
-15
-6
1
-8
3
22
7
16
45
21
-9
-12
-32
-34
2
11
-1
-4
-22
-42
-17
11
20
36
50
43
29
6
-23
-46
-66
-64
-22
14
6
-5
-3
-7
3
43
80
64
7
-18
-13
-20
-7
32
41
14
-13
-24
-24
-18
7
26
-3
-46
-67
-68
-45
-10
10
26
40
35
21
24
16
-16
-22
1
10
17
27
28
18
1
1
31
47
33
16
-4
-44
-70
-60
-32
-6
2
9
13
-14
-33
-24
-22
-27
-27
-22
-8
9
30
45
37
17
0
1
24
45
60
50
21
-14
-37
-26
4
24
29
14
-13
-41
-60
-59
-35
-9
7
21
21
5
-12
-21
-20
-14
-8
1
11
18
12
6
3
0
2
10
19
25
25
16
-1
-20
-29
-24
-15
-3
8
9
5
6
8
5
1
-2
-5
-6
-4
3
7
-1
-15
-24
-25
-15
5
27
36
28
11
-4
-15
-18
-12
-6
-1
0
0
3
4
9
13
15
7
-1
-7
-10
-7
0
4
3
0
-6
-10
-9
-3
4
8
3
-1
-8
-11
-9
-3
4
9
7
2
-3
-6
-7
-3
3
8
7
0
-5
-9
-6
1
11
16
13
5
-3
-13
-15
-8
-3
3
8
10
9
4
8
8
6
3
-1
-5
-13
-11
-1
6
3
-1
-8
-13
-12
-5
4
7
3
-2
-5
-4
-1
2
4
2
-2
-6
-2
3
9
10
7
1
-3
-5
0
4
4
-2
-3
-3
-4
0
7
7
1
-1
-3
-5
-1
2
2
0
0
0
0
3
3
0
-3
-5
-3
-3
-1
1
0
0
1
5
6
1
-6
-15
-21
-15
1
19
23
17
3
-12
-21
-10
8
22
27
15
-7
-27
-27
-10
8
22
23
3
-19
-31
-27
-8
17
32
24
3
-14
-25
-19
2
24
30
21
3
-22
-34
-21
3
23
29
19
-2
-23
-32
-22
0
20
26
17
0
-15
-19
-12
0
10
14
12
7
0
0
0
-2
-4
-11
-13
-5
3
10
8
-3
-16
-22
-19
-9
5
19
19
7
-2
-12
-15
-4
8
17
22
20
10
0
-5
-11
-10
-2
4
10
14
8
-7
-20
-18
-12
4
18
16
2
-12
-25
-25
-11
7
20
17
3
-13
-19
-10
4
20
24
11
-6
-17
-16
-1
15
24
19
2
-15
-26
-22
-5
10
21
21
8
-7
-17
-19
-12
0
12
18
14
2
-10
-14
-11
-1
8
14
12
5
-3
-9
-10
-5
3
8
10
4
-4
-8
-9
-7
0
5
6
3
-1
-9
-11
-7
-2
4
7
6
1
-6
-7
-5
2
11
12
9
0
-9
-11
-6
1
8
12
7
0
-5
-6
-4
0
6
8
4
-1
-5
-6
-6
-3
0
0
0
0
-1
-2
0
-1
1
5
4
2
0
-2
-4
-2
0
3
4
4
2
-2
-5
-6
-3
-1
0
5
6
3
1
-1
-2
-2
-3
-1
0
0
0
0
0
-3
-1
0
5
8
8
8
4
-3
-9
-11
-12
-5
2
10
11
6
0
-5
-7
-5
4
9
7
1
-5
-12
-11
-6
1
7
6
4
0
-4
-3
-1
0
0
0
2
3
2
4
0
-2
-6
-7
-3
1
6
8
3
-1
-5
-5
-3
0
4
6
4
1
-2
-2
-3
-2
1
1
3
3
1
-1
-2
-2
-4
0
4
5
3
0
-1
-4
-7
-2
1
-1
0
2
-2
-4
-2
1
2
0
1
0
-4
-3
0
1
1
1
2
1
1
0
0
0
0
1
2
1
0
-1
-1
0
0
-1
0
0
-1
0
0
0
1
0
-1
-1
0
0
2
2
2
2
-2
-3
-1
1
2
2
1
0
-2
-3
-2
0
1
3
2
0
-2
-6
-5
-3
0
3
2
1
-1
0
-1
0
0
0
4
4
2
0
0
0
2
5
3
0
-3
-2
-1
-1
-1
-1
-1
0
-2
-4
-4
-3
0
1
0
-2
-2
-2
1
4
4
3
4
4
2
1
0
1
3
5
2
-1
-4
-3
-1
0
-3
-4
-1
-3
-4
-3
-1
-4
0
2
0
0
-1
0
3
2
2
1
1
0
1
2
2
1
1
1
0
-3
-1
0
0
1
0
-1
-2
-1
-1
-1
0
0
0
0
-1
-2
-1
1
2
2
0
0
-1
-2
-1
-1
0
1
2
0
0
0
0
0
0
2
1
0
-1
0
0
1
0
0
0
0
0
-1
-1
0
-1
0
0
-1
0
0
0
0
-1
0
0
0
0
0
1
0
-1
0
0
0
0
1
1
1
0
0
0
0
0
0
0
-2
-1
0
0
0
0
0
1
0
0
0
0
0
0
0
0
0
-1
0
0
0
1
0
0
1
0
0
-1
-3
-1
0
0
0
0
0
0
0
1
0
0
0
0
0
0
-2
-2
0
0
1
2
2
0
-1
-1
2
2
0
0
0
-1
-2
0
1
0
0
0
1
1
0
-1
-1
-1
0
0
-1
-1
0
0
0
0
2
1
0
0
-2
0
-1
-1
0
0
-2
-1
2
3
3
2
2
0
0
-1
0
0
0
-1
-2
-1
-2
0
2
3
2
0
-1
0
0
0
0
1
-1
-3
-3
-1
0
0
0
1
1
0
1
1
1
0
0
-2
-3
0
1
1
0
0
-1
0
0
0
2
1
-1
-2
-3
0
0
0
1
0
-1
0
-2
0
2
0
0
0
-1
0
0
2
2
0
0
0
0
0
0
0
-1
0
-2
0
0
-2
0
1
0
2
0
1
4
2
0
-2
-3
-1
0
0
-1
-1
-1
-1
1
4
4
3
0
0
-2
-2
-2
-2
-2
-2
-2
-1
0
1
0
2
5
4
3
0
-3
-1
-1
-1
-1
-1
-3
-1
-3
0
3
4
5
4
1
-1
-4
-3
0
3
3
0
-6
-8
-7
0
8
10
6
0
-4
-7
-6
-1
4
6
4
0
-4
-6
-2
0
4
5
3
-2
-4
-3
-1
0
1
0
1
2
0
0
1
0
1
0
1
0
-3
-4
-3
-1
2
4
5
1
-3
-4
-4
-1
4
7
6
0
-7
-9
-6
0
8
9
5
-1
-7
-8
-3
1
6
5
0
-1
-5
-6
0
2
3
3
1
0
-2
-1
0
2
3
1
0
-2
-3
-1
0
4
5
3
-3
-7
-9
-5
1
5
8
6
1
-5
-9
-7
-3
2
11
11
7
-1
-8
-9
-6
2
8
10
5
-2
-7
-8
-4
0
4
5
2
-1
-5
-2
-1
1
3
2
0
-2
-4
-4
-1
1
4
4
2
-2
-4
-5
-1
2
3
4
1
-3
-4
-3
0
4
5
5
1
-3
-4
-4
0
5
5
0
-3
-4
-2
0
2
2
2
-1
-4
-1
-1
1
2
2
0
-3
-5
-4
0
4
7
5
3
0
-3
-5
-4
-2
2
2
2
1
-3
-5
0
5
8
5
0
-5
-10
-7
0
7
8
4
1
-4
-6
0
3
4
6
0
-9
-9
-8
-2
6
9
10
6
0
-5
-7
-5
-2
1
1
0
0
0
1
2
2
4
3
0
-3
-4
-3
-2
1
4
1
0
-2
-3
-1
2
3
3
4
-3
-6
-6
-4
2
6
8
2
-2
-4
-7
-3
-2
0
3
0
3
6
3
0
-2
-7
-5
0
3
7
3
-1
-2
-3
-2
1
5
5
4
0
-3
-3
-2
1
2
-1
-3
-3
-2
4
10
5
-2
-10
-13
-3
7
15
14
2
-10
-16
-11
0
10
10
3
-5
-10
-5
1
5
5
0
-2
-2
-1
0
0
3
3
0
0
-1
-1
0
2
3
2
0
-1
-2
-3
-1
1
0
0
0
0
0
1
3
0
-4
-7
-3
0
5
7
3
-3
-8
-7
0
4
8
4
0
-5
-3
0
0
2
1
1
2
0
1
-2
-2
0
0
3
2
0
-1
-2
0
1
0
0
-1
-2
0
0
0
0
-1
0
-3
-3
0
3
2
1
0
0
0
0
0
0
0
0
2
0
-2
-2
-3
0
3
3
4
0
-2
-4
-3
0
4
4
0
0
-3
-3
-2
0
1
3
2
1
-2
-2
-4
-2
0
2
5
2
-1
-1
-2
-2
-1
0
2
2
2
-1
-3
-1
0
1
4
3
-1
-2
0
-2
-1
1
2
2
-2
0
-4
-3
1
4
4
1
-2
-2
-1
1
2
0
0
-1
0
0
-1
0
1
0
1
0
0
0
-2
0
1
0
1
1
0
0
0
-1
1
0
0
0
0
-1
0
0
-1
-1
2
0
0
0
-1
-1
0
0
0
0
2
0
0
-1
-1
0
2
2
0
2
0
-2
0
-1
3
3
1
0
-4
-6
-3
3
7
5
0
-3
-6
-3
0
3
5
5
1
-2
-7
-5
-1
3
5
6
0
-5
-5
-1
0
3
3
0
-2
-3
-4
0
2
4
2
-1
-1
-1
1
2
0
1
0
1
-1
-2
-2
-2
0
5
5
1
-1
-4
-4
1
2
6
7
0
-2
-6
-4
0
0
2
0
-2
-1
-1
0
1
2
2
0
-2
-1
-1
-1
2
0
0
0
0
0
0
1
1
0
1
1
0
-1
0
1
0
-1
0
0
0
-1
0
0
1
0
0
0
-1
0
1
0
2
0
-2
0
0
-1
1
1
2
0
-1
0
-3
0
-1
0
2
-1
1
1
0
0
0
0
0
0
1
0
-1
-2
0
0
0
0
0
0
0
1
0
0
0
0
0
-2
-2
0
0
0
1
0
1
0
0
0
0
0
0
1
1
0
-2
-2
0
1
0
0
0
0
0
0
-1
0
0
0
0
0
-1
-2
0
1
5
5
0
-2
-4
-3
0
3
5
3
1
-3
-5
-5
-1
2
4
8
5
-1
-5
-7
-6
-1
3
6
5
4
0
-3
-5
-6
-2
1
2
2
0
0
-1
-1
0
-1
0
0
2
3
0
-1
-4
-1
1
1
0
2
1
0
0
-1
0
-2
-3
-5
-5
1
5
9
5
-1
-3
-4
-1
2
6
5
0
-3
-6
-4
0
4
4
2
0
-2
-5
-6
-3
3
8
6
1
-4
-7
-7
-1
7
6
5
0
-5
-2
-2
0
2
0
-2
-2
-2
3
6
4
2
-2
-3
-2
-1
-1
0
2
4
3
0
-5
-8
-3
3
12
11
2
-10
-17
-10
4
15
14
5
-10
-16
-10
0
12
15
8
0
-4
-7
-7
-4
0
0
0
1
2
2
1
-1
0
0
0
1
0
0
-1
-2
0
0
1
0
-1
-2
0
5
4
2
-1
-3
0
3
1
-1
-2
-3
1
5
5
0
-6
-5
0
4
6
5
0
-6
-9
-6
0
3
5
4
1
-1
-3
-3
-3
0
4
3
1
-1
-4
-3
0
5
9
9
2
0
-3
-5
-3
-2
-1
-2
-3
-3
0
2
3
5
3
0
-2
-2
-3
-2
0
0
0
0
0
3
5
2
2
1
-1
-1
0
1
0
-3
-4
-3
-1
0
3
1
0
-3
0
4
2
5
2
-1
-2
-3
-4
-2
-3
-2
0
-1
0
3
2
3
4
2
1
1
-2
-4
-2
-2
-1
0
0
2
2
1
2
0
0
2
-1
-3
-1
-5
-4
-1
0
0
0
0
1
1
2
2
2
2
1
-2
-2
-3
0
1
0
2
0
0
0
0
0
0
1
3
1
1
-1
-4
-2
-1
2
4
5
0
-4
-8
-8
0
4
10
8
0
-6
-11
-7
0
7
12
6
-2
-6
-8
-5
0
5
6
6
1
-2
-7
-4
1
2
5
3
-2
-4
-1
0
3
1
0
0
0
-1
0
1
0
0
0
-1
0
-2
0
3
2
2
-1
-2
-3
-4
0
0
3
3
0
-3
-3
0
0
5
6
3
-2
-5
-5
-7
0
5
9
6
0
-4
-8
-8
-4
6
7
9
5
-6
-7
-10
-6
1
9
13
8
-1
-10
-9
-8
-2
3
8
12
7
2
-6
-8
-6
-7
-2
0
4
8
4
0
0
-5
-5
-3
-1
2
5
9
4
-3
-10
-10
-7
-3
8
11
9
5
0
-2
-4
-5
-5
-2
3
6
5
-2
-4
-5
-3
0
0
1
4
4
1
-1
-5
-6
-3
-1
3
6
7
5
-1
-5
-8
-4
1
3
5
5
4
1
-3
-8
-8
-4
0
5
7
7
5
-2
-9
-12
-11
-2
10
16
11
1
-10
-14
-5
5
12
8
-4
-10
-9
-2
7
9
5
-1
-3
-3
0
-1
-3
2
4
5
2
-2
-5
-5
0
3
3
4
0
-4
-4
0
1
-1
-1
-2
-1
2
4
5
2
-3
-7
-7
-2
4
10
8
1
-6
-9
-5
1
6
4
0
1
-1
-1
-1
-1
-1
0
0
0
0
0
0
0
0
0
0
-3
-2
0
2
4
4
0
-1
-2
-3
-4
0
2
5
7
4
-1
-8
-10
-6
1
9
13
8
-1
-11
-15
-9
3
15
15
6
-6
-15
-9
1
10
9
2
-4
-7
-6
-2
2
4
6
4
0
-5
-7
-6
0
4
7
5
1
-2
-5
-3
-1
1
3
4
4
0
-2
-3
-3
-1
0
1
2
2
3
3
0
-3
-1
1
0
1
1
0
-1
-1
-1
0
0
0
-3
-2
0
2
5
5
0
-6
-8
-3
3
3
4
1
-2
-5
-3
0
1
2
0
0
0
3
3
1
-4
-9
-6
3
11
10
1
-9
-14
-8
4
13
13
1
-10
-10
-2
8
12
5
-4
-11
-8
0
7
9
4
-4
-9
-8
-3
5
6
4
-1
-6
-4
0
6
7
2
-4
-5
0
0
0
1
0
1
1
0
-2
-4
-1
2
3
3
0
-2
-1
0
4
4
1
-4
-7
-4
1
5
2
0
-4
-4
0
3
2
1
0
-2
-1
0
0
-1
1
3
2
3
0
-3
-4
-2
2
5
4
-1
-3
-3
-2
0
2
1
0
-2
0
1
0
0
-2
0
1
1
1
-1
-4
-4
0
5
6
4
-2
-10
-8
0
10
12
5
-5
-12
-9
1
11
12
5
-4
-9
-10
-4
4
8
6
3
-2
-6
-9
-6
1
7
8
3
-4
-10
-6
0
3
7
4
-2
-5
-3
0
2
4
2
0
0
0
1
0
-1
-1
2
1
0
0
-2
0
0
-2
0
0
0
2
0
-3
-3
-3
-1
3
6
0
-1
-1
-4
-1
2
2
5
3
-3
-3
-1
-2
2
2
0
0
-1
0
2
-1
-2
-1
0
0
1
2
0
-1
-1
-1
0
2
2
-1
-1
-1
-2
0
0
0
0
-1
-3
1
4
0
0
-2
-3
0
1
1
5
4
0
-2
-7
-4
2
6
2
-2
-6
-5
0
1
0
0
-3
0
2
0
-4
-7
-7
-1
2
5
2
1
0
1
1
0
4
9
15
21
22
19
15
5
-10
-26
-41
-43
-35
-27
-18
-15
-8
2
9
15
18
17
17
15
14
14
15
16
14
13
12
9
4
-1
-10
-14
-17
-15
-15
-17
-20
-25
-29
-24
-16
-7
1
6
8
13
13
14
15
13
16
17
17
15
10
1
-3
-9
-11
-12
-9
-2
7
14
14
11
2
-5
-12
-15
-14
-9
-5
0
2
6
4
2
1
-2
-4
-4
-2
6
12
14
13
8
-2
-8
-11
-13
-11
-9
-6
-1
2
4
8
9
7
7
6
5
4
4
2
2
-1
-1
-2
-3
-5
-8
-10
-12
-13
-9
-7
-6
-3
1
6
4
7
6
3
4
8
12
11
12
11
10
8
2
-4
-8
-7
0
8
14
17
9
-4
-11
-17
-12
-5
-3
-6
-13
-11
-1
8
15
6
-12
-30
-42
-39
-29
-19
-14
-13
-9
-1
6
11
9
11
12
15
19
22
27
30
37
41
46
43
33
21
7
-9
-26
-33
-39
-44
-41
-31
-22
-11
0
8
15
16
16
15
13
8
4
1
-5
-9
-13
-18
-20
-19
-17
-13
-8
-4
0
2
4
3
0
-6
-11
-13
-14
-10
-3
3
6
7
11
14
17
17
15
8
4
2
2
2
3
2
3
5
7
6
3
1
-2
-6
-8
-11
-10
-10
-8
-6
-3
-3
0
0
2
3
4
5
5
3
3
2
0
-2
-1
0
0
3
4
5
6
5
2
0
-2
-5
-8
-11
-9
-6
-3
-1
0
1
0
0
2
2
2
0
0
0
2
3
5
5
4
1
0
1
0
0
-1
-3
-1
-2
-4
-4
-3
-2
-1
-2
-2
-2
0
1
2
3
3
0
0
0
0
1
0
0
1
1
2
1
1
0
-1
-2
-3
-4
-5
-3
-2
0
0
1
2
5
4
3
2
1
0
0
0
0
-1
0
0
0
0
0
0
0
-1
-3
-3
-3
-4
-3
-2
-1
0
2
4
3
3
3
1
1
1
1
2
0
0
1
-1
-1
1
0
0
0
0
0
0
-2
-2
-1
0
-1
0
1
1
2
2
1
1
1
-1
-2
-1
-2
-3
0
-1
0
0
0
0
1
1
2
0
0
0
1
0
-1
-2
-1
0
0
0
-1
1
1
0
1
1
0
0
-1
-1
0
0
1
0
0
0
0
0
-1
-1
0
0
-1
0
0
0
0
0
0
1
1
0
0
0
0
0
-2
-1
0
0
0
1
1
1
1
0
0
0
0
0
0
0
0
0
0
0
0
1
0
-1
-1
0
0
0
0
0
-1
-1
0
0
0
0
0
0
-1
0
2
0
0
0
0
0
0
1
0
2
1
0
0
0
0
-1
0
0
0
0
0
0
1
2
0
0
0
1
0
-1
0
1
-1
0
0
-1
0
0
0
0
0
0
0
0
0
0
0
0
0
0
0
0
0
0
0
0
0
0
-1
0
1
0
0
1
0
1
-1
0
1
-1
0
0
0
0
-1
0
0
0
0
0
0
0
0
-1
-1
0
0
0
1
0
0
0
0
0
0
1
0
0
1
0
0
-1
0
0
0
0
0
0
0
1
0
0
0
-2
1
1
0
1
1
0
0
0
0
-1
-1
1
1
0
1
0
0
-1
0
0
0
0
0
1
0
0
0
0
0
-1
0
0
0
0
0
0
0
0
0
0
0
1
0
0
0
0
0
0
0
1
0
0
0
0
0
0
0
0
-1
0
0
0
0
1
0
0
0
0
0
0
0
0
0
0
1
0
0
0
0
0
0
0
1
1
0
0
1
-1
-1
0
0
0
0
0
0
0
0
0
0
0
0
0
0
0
0
-1
0
0
0
0
0
0
0
0
0
0
0
0
0
0
0
0
0
0
0
0
0
0
0
0
0
0
0
0
0
0
0
1
0
0
0
0
0
1
0
0
0
0
0
0
0
0
0
0
-1
0
0
-1
0
0
0
-1
0
0
0
0
1
0
0
0
0
0
0
0
0
0
1
0
0
0
0
0
0
0
0
0
0
0
0
0
-1
-1
0
0
0
0
0
0
0
0
0
0
-1
0
-1
0
1
0
0
0
1
0
0
0
0
0
0
0
0
1
0
0
0
0
0
-2
0
0
0
0
0
0
0
0
1
1
0
0
0
2
0
0
0
0
0
0
0
0
0
0
-1
0
0
0
0
-1
0
-1
-1
0
0
0
0
0
-1
0
2
1
0
0
0
0
0
0
0
0
1
0
0
0
-1
0
0
-1
0
0
0
-1
-1
0
0
1
0
-1
0
0
0
1
0
0
0
0
0
0
-1
-1
0
0
1
0
0
0
-1
-1
-1
-1
0
0
1
1
0
0
0
1
0
0
1
0
1
2
0
0
0
0
-1
0
0
-1
0
0
-1
0
0
0
0
0
0
1
0
0
-1
-2
0
-1
0
0
0
0
0
-1
0
0
0
0
1
0
0
1
2
1
1
1
0
0
0
0
0
0
0
1
0
0
-1
-1
0
0
0
0
0
-1
-3
-1
0
0
0
1
0
0
0
0
0
0
0
0
0
0
0
-1
0
0
0
0
0
0
0
1
0
0
1
0
0
0
0
0
0
0
1
0
0
0
0
-1
-1
0
0
0
0
0
0
0
-1
0
1
0
0
0
0
0
-1
0
0
0
1
0
-1
0
0
0
0
0
0
0
-1
0
1
2
1
0
-1
0
0
0
1
1
0
-1
-2
0
0
0
0
-1
-1
-1
0
0
1
2
0
-1
0
0
1
1
1
0
0
0
0
0
0
0
0
-1
-1
0
0
0
0
-1
-2
0
0
1
0
0
0
-1
-1
0
0
1
0
0
0
0
0
0
1
1
0
0
-1
0
0
0
0
0
0
0
0
-1
0
-1
0
0
0
0
0
0
0
0
0
0
0
1
0
0
0
0
0
0
0
0
0
0
0
0
0
0
0
-1
0
0
0
0
0
0
0
1
0
0
0
0
0
-1
0
0
1
0
0
0
0
0
-1
-1
0
0
0
0
0
0
1
0
0
0
0
0
1
-1
0
0
0
-1
0
1
-1
1
0
-2
0
0
0
0
1
0
0
0
-1
0
0
1
1
0
0
1
1
0
0
0
0
0
0
-1
0
0
0
0
1
1
0
0
0
0
0
-2
0
0
0
0
1
0
0
0
0
0
0
0
0
0
0
0
0
-1
0
0
1
0
0
0
0
1
0
0
0
1
0
1
0
0
0
0
0
0
0
-1
0
0
0
0
0
0
0
0
0
0
0
0
0
1
0
-1
-1
0
0
0
1
0
0
0
-1
-1
-2
0
0
0
2
0
0
0
0
0
1
0
0
0
0
0
0
0
0
0
0
0
0
0
1
-1
0
0
0
0
0
0
0
0
0
0
0
0
0
0
0
0
1
-1
-1
0
0
0
-1
0
0
0
0
0
0
0
0
0
0
0
0
0
0
0
1
0
0
0
0
0
0
0
0
0
0
-1
0
0
1
0
0
1
0
0
0
-1
0
1
1
0
0
0
0
0
1
0
0
0
1
0
0
0
-1
0
0
0
0
0
0
0
0
1
0
0
0
0
0
0
0
0
0
0
0
0
0
0
0
0
0
0
0
0
0
0
0
0
-1
-1
0
0
0
0
0
0
0
0
0
0
1
0
0
0
0
0
0
0
0
0
0
0
-1
-1
0
0
1
0
-1
0
0
2
1
0
1
0
0
0
0
0
1
0
0
0
-2
-2
0
0
0
0
0
0
0
0
0
0
-1
-1
0
0
0
0
-1
0
0
0
0
0
0
0
1
1
0
0
1
0
0
1
0
0
0
0
-1
-2
0
0
0
0
0
0
0
1
0
1
0
0
0
-1
-1
-1
-1
0
0
-1
0
0
0
1
0
0
0
1
0
0
0
0
0
-1
0
0
0
0
-1
0
0
0
0
0
0
0
-1
0
-1
0
0
0
0
0
-1
0
0
1
0
0
0
0
0
-1
0
0
0
1
1
0
-1
0
0
0
0
0
0
-1
0
0
0
0
0
0
0
0
0
0
0
0
0
0
0
0
0
0
1
0
-1
0
0
-1
0
0
0
-1
0
0
0
0
0
0
0
-1
-1
0
0
0
1
0
0
-1
0
0
0
0
0
1
1
0
-1
-1
0
0
1
2
1
0
-2
0
0
0
1
1
0
0
-1
0
-1
-1
0
0
1
0
0
-1
0
-1
0
-1
0
1
0
0
1
0
0
0
0
0
0
0
0
0
0
1
0
0
0
0
0
1
0
0
0
0
-1
-1
0
0
0
0
0
0
0
0
1
0
0
-1
0
0
0
0
0
-1
0
0
0
0
0
0
1
0
0
0
0
0
0
1
0
0
2
1
0
0
0
0
1
0
0
0
0
-2
-1
0
0
-1
0
0
0
0
1
0
0
0
-1
0
-1
-1
0
0
-1
-1
1
0
0
1
1
0
0
1
1
0
1
-1
-2
0
0
1
1
0
0
0
0
1
0
0
0
0
0
0
0
0
0
0
0
-1
-2
0
0
-2
0
0
0
0
0
0
-1
0
0
0
0
0
1
0
0
1
0
0
0
0
0
0
0
0
0
0
0
0
0
0
0
0
0
0
0
0
-1
0
0
0
0
0
0
0
0
0
0
0
-1
0
0
0
0
0
0
0
0
0
0
0
0
1
1
1
0
1
0
0
0
0
0
0
0
0
0
0
0
0
0
0
0
0
0
0
0
0
0
0
0
0
0
-1
0
0
1
1
0
0
0
0
0
0
-1
0
-1
0
0
0
0
1
0
0
0
0
0
0
1
0
0
0
0
0
1
0
0
0
0
-1
-1
0
0
0
0
0
0
0
0
1
0
0
0
0
0
0
0
0
0
0
0
0
0
0
0
0
0
0
0
1
0
-1
0
1
0
0
0
0
0
0
0
0
0
0
0
0
0
0
0
0
0
0
0
0
0
0
0
0
0
0
0
0
0
0
0
0
1
1
1
1
0
0
0
0
0
0
0
0
0
0
0
0
-1
0
0
0
0
0
0
0
0
0
0
0
0
0
0
0
0
0
0
0
0
0
0
0
0
0
0
0
0
0
0
-1
0
1
0
0
1
0
0
0
0
0
0
0
0
0
0
0
0
0
0
0
0
0
0
0
0
0
0
0
1
0
0
0
0
1
0
0
0
0
0
0
0
0
0
0
-1
0
0
0
0
0
0
0
0
1
0
0
0
0
0
-1
0
0
0
0
-1
0
0
0
0
0
0
1
0
0
0
0
1
0
0
0
0
0
0
0
0
0
0
0
0
0
0
0
0
0
0
0
0
0
0
0
0
0
0
0
0
0
0
0
0
0
-1
1
0
0
0
0
1
0
-1
0
0
0
0
0
0
0
0
1
0
-1
0
-1
0
0
0
0
0
0
0
0
0
0
0
0
0
0
0
0
0
0
0
0
0
0
0
0
0
0
0
-1
-1
0
0
0
1
0
0
1
0
0
0
0
0
0
-1
0
0
0
1
0
0
0
0
0
1
0
-1
0
0
0
-1
0
-1
0
0
0
0
0
0
0
0
0
0
0
0
0
1
0
0
0
0
0
0
0
0
0
0
-1
0
0
0
0
1
0
0
0
0
0
0
0
1
1
0
0
1
0
0
0
-1
0
0
0
0
0
0
-1
0
0
0
0
0
-1
0
0
0
0
0
0
1
0
0
0
0
0
0
1
0
0
0
-1
-1
0
0
0
0
0
0
0
0
0
0
0
0
0
0
0
0
0
0
0
0
0
0
0
0
0
0
0
-1
0
0
0
0
0
-1
0
0
0
0
0
0
0
-1
0
0
0
0
-1
0
0
0
0
0
0
0
0
0
0
0
0
0
0
0
0
0
0
0
0
0
0
0
0
0
0
0
0
0
0
0
0
0
0
0
0
1
0
0
0
0
-1
0
0
0
0
0
1
0
0
0
0
0
-1
0
1
1
0
0
0
0
0
0
-1
0
0
0
0
1
0
0
0
0
0
-1
0
0
0
0
0
0
0
0
0
0
-1
0
0
0
0
0
0
0
0
-1
0
0
0
0
0
0
0
0
1
0
0
0
0
0
0
0
0
0
0
0
0
1
0
0
0
0
0
1
0
0
-1
-1
0
0
-1
0
0
0
0
0
0
0
0
0
0
0
0
0
0
0
0
0
0
0
0
0
0
0
0
0
0
0
0
0
0
0
0
1
0
-2
-1
0
0
1
0
0
0
-1
0
0
0
0
0
0
0
-1
0
0
0
0
1
0
0
0
0
1
0
0
1
1
0
0
1
0
0
0
0
0
1
0
0
0
-1
0
0
0
0
0
-1
0
0
0
0
0
0
0
0
0
0
0
0
0
0
0
0
-1
-1
0
0
0
0
0
0
0
0
0
1
1
0
0
0
0
0
0
0
1
0
0
0
0
0
0
0
0
0
0
0
1
0
0
0
0
0
-1
0
1
0
0
0
0
0
0
0
0
0
0
0
-1
0
0
0
0
0
0
0
0
0
0
0
0
1
0
0
1
0
0
0
0
-1
0
0
0
0
0
-1
-1
0
-1
0
1
0
0
0
0
0
0
0
0
0
0
0
0
0
0
0
0
0
1
1
0
0
0
0
0
1
0
0
0
-1
0
-1
0
0
-1
-1
0
0
0
0
0
0
0
0
2
1
0
0
0
0
0
-1
0
0
0
0
0
0
-1
-1
0
1
0
0
-2
1
0
0
0
0
0
1
1
0
0
0
0
1
0
0
0
0
-2
0
0
-1
0
0
0
-1
0
0
0
0
0
0
1
0
0
0
0
0
0
0
0
0
0
0
-1
0
0
0
0
1
0
0
0
0
0
0
0
0
0
0
0
0
0
0
0
1
0
-1
0
0
0
0
0
0
0
1
0
0
0
0
0
0
0
0
0
0
0
-1
0
0
0
0
0
0
0
0
0
0
0
0
0
0
0
0
0
0
0
0
0
-1
0
0
0
0
0
0
0
0
1
1
0
-1
0
0
0
0
-1
0
0
0
0
0
0
-1
0
0
0
-1
0
0
-1
0
1
0
1
0
0
1
0
1
0
0
0
0
0
0
0
0
0
0
0
0
0
0
0
0
-1
0
0
-1
0
0
0
0
0
-1
-1
-1
0
0
0
0
0
1
1
0
0
0
1
0
0
0
0
0
1
0
0
0
0
0
0
0
-2
-3
0
-1
0
0
0
1
0
0
1
0
0
0
0
0
0
0
0
-1
0
0
0
0
1
-1
0
0
0
0
0
0
0
0
0
0
0
0
0
0
0
0
0
0
0
0
0
0
0
-1
0
0
-1
-1
0
1
0
1
0
0
0
0
0
-1
0
0
0
1
0
0
0
0
-1
0
1
1
0
0
-1
0
0
-1
0
1
1
2
0
-1
-1
-1
0
0
0
0
0
0
0
0
0
1
3
0
0
0
0
-1
-1
0
-2
0
0
-1
0
0
-1
1
1
1
1
0
0
2
1
0
0
0
0
0
-2
-1
-1
-1
-1
-1
0
0
0
0
0
1
0
0
0
0
0
0
0
-1
0
-1
-1
0
-1
0
0
1
0
0
0
0
1
0
1
0
0
0
0
0
-1
0
0
0
1
0
0
0
0
0
0
0
0
0
0
0
0
0
0
0
0
0
0
0
0
0
0
0
0
0
-1
-1
0
0
-1
0
-1
0
0
-1
0
0
0
0
0
0
-1
0
0
0
0
0
0
0
0
0
0
0
0
1
0
0
0
0
1
1
2
1
0
1
1
1
2
0
0
1
0
0
-1
-1
-1
-1
-1
-1
0
-1
-1
-1
-1
-1
0
0
-1
-2
0
0
0
0
0
0
0
0
0
1
0
2
1
1
1
0
1
2
1
2
0
0
0
0
0
0
-1
0
0
-1
0
0
0
0
0
-1
-1
0
0
0
-1
0
0
-1
0
0
0
0
0
-1
0
0
0
0
0
2
2
0
1
1
0
1
0
0
1
1
0
0
0
0
-1
0
0
0
0
0
0
0
1
0
0
0
0
0
-1
-1
-2
-1
-3
-2
0
0
0
0
1
2
1
2
0
2
2
0
0
0
-1
0
0
0
0
0
0
-1
0
1
0
1
0
0
0
-1
-2
0
0
0
0
0
0
-1
0
0
0
0
0
1
1
1
0
-2
0
0
0
0
0
1
1
1
0
0
0
0
0
0
-1
-1
0
-2
-1
0
0
0
1
0
0
2
1
0
0
0
0
0
0
0
-1
0
0
0
0
-1
0
0
0
0
0
-1
1
2
1
0
0
0
0
1
1
1
0
0
0
-1
-2
-1
0
0
0
0
0
0
0
0
0
0
0
0
0
0
-1
0
1
1
0
0
0
0
0
0
0
0
0
0
0
0
-1
0
0
-1
-1
0
0
0
0
0
0
0
0
1
0
0
0
0
0
-1
0
0
-1
0
0
0
1
0
0
0
0
0
0
-1
0
0
0
0
0
0
0
0
0
0
0
0
0
1
0
0
0
-1
-1
-2
-1
0
1
1
1
0
0
1
0
2
1
0
0
-1
-1
-1
-1
-1
0
0
0
-1
0
0
-2
0
0
0
0
0
0
-1
1
0
0
2
0
1
2
0
0
0
0
0
1
0
0
0
0
0
-2
-1
0
0
0
0
0
0
0
0
1
1
0
0
0
0
0
-1
-1
0
0
0
0
0
0
0
0
0
0
0
1
1
0
0
0
-1
0
0
0
1
0
1
1
1
1
0
0
0
0
0
-1
-2
0
0
0
0
0
-1
-2
-1
0
0
0
0
0
2
0
0
1
0
0
0
0
1
0
0
0
-1
0
0
0
0
0
0
0
0
1
1
0
0
0
0
-1
0
0
0
0
-1
0
0
0
0
0
0
0
0
0
-1
-1
0
0
-1
0
-1
0
0
0
0
1
1
0
-1
0
0
0
1
0
0
0
-1
-2
-1
0
1
3
2
1
-1
0
-1
0
1
0
-1
0
0
0
0
0
0
0
0
0
1
0
-1
0
0
0
0
1
0
0
1
0
0
0
0
0
0
-1
0
0
0
0
-1
-1
-1
0
2
0
0
1
0
-1
0
3
2
0
-1
0
1
0
-1
-1
-1
0
0
-1
0
0
-1
0
0
0
0
-1
0
2
1
0
0
0
1
2
0
0
0
0
0
1
1
0
-1
-2
-2
0
0
-1
0
0
-1
0
0
0
0
0
0
0
1
1
0
0
0
1
2
1
1
0
0
1
0
0
0
-1
-1
-1
0
0
-1
-2
0
0
0
0
-2
-1
1
1
0
0
-2
-2
5
3
0
0
-2
2
2
-1
0
-1
-1
0
0
0
0
1
-1
0
0
1
0
0
0
0
0
2
3
-1
-2
0
0
0
0
0
-2
0
2
1
0
0
0
0
0
0
0
-1
0
0
1
0
-1
0
0
0
-1
1
0
0
0
0
-1
2
2
0
-3
-2
2
0
0
-2
-2
0
1
0
-1
0
0
1
1
0
0
1
1
0
-1
0
1
1
0
-1
0
0
2
-1
-2
0
0
0
1
-1
-2
1
1
0
-2
-2
0
1
1
0
-1
0
-1
0
0
1
0
0
0
0
0
-1
-1
0
0
0
1
0
0
0
0
0
0
-1
-2
0
1
0
0
-1
-1
1
0
0
1
0
0
0
0
-1
-1
0
1
0
0
1
0
0
-2
0
0
0
0
0
0
0
0
0
0
0
-2
0
0
0
0
0
0
0
0
0
0
1
0
0
0
-1
0
-1
0
0
0
2
1
0
0
0
0
-1
-1
-1
0
0
0
0
0
0
2
0
-1
0
-1
0
0
1
0
0
0
0
1
0
0
0
0
1
0
0
0
0
0
0
-1
0
0
0
0
0
0
0
0
0
0
0
0
1
1
0
0
1
1
0
0
-1
0
0
0
0
0
-1
0
1
1
0
-2
-1
0
0
0
0
0
-1
0
0
0
0
0
-1
0
0
0
0
1
1
-1
0
0
1
1
0
-2
0
0
1
1
0
0
-1
0
2
1
0
-1
0
-1
0
0
0
0
0
-1
-1
0
-1
0
0
-1
0
0
0
0
0
0
1
0
1
0
0
0
1
0
-2
-1
0
3
3
-1
-2
-3
0
0
1
1
2
2
0
0
-1
-4
-2
0
0
0
1
2
0
0
-3
-4
-1
0
6
4
0
1
-1
-1
-3
-3
2
4
2
1
0
-1
-3
-3
-2
-2
1
2
2
0
-1
-2
-1
0
0
1
3
5
2
-1
-2
-2
-3
0
1
1
3
1
-2
-2
-2
-1
0
0
0
2
1
0
-1
0
-1
0
1
0
0
1
2
0
0
0
0
0
-2
-2
-1
0
0
0
3
0
0
0
-1
0
0
-1
0
1
0
1
0
-1
0
0
0
0
0
0
1
0
0
0
0
0
0
0
0
1
0
-1
-2
0
1
1
0
0
0
-1
-1
0
0
2
0
-3
0
0
0
0
0
0
2
0
0
0
-1
0
0
0
0
0
0
1
1
-1
0
1
0
-2
0
0
-2
0
0
1
0
0
1
0
0
0
1
0
0
0
0
1
0
-1
0
0
0
0
0
0
0
0
-1
-1
0
1
0
0
1
0
0
0
0
0
0
0
1
-2
-2
0
0
0
0
0
1
1
0
0
0
0
0
0
0
0
2
1
1
0
-2
0
0
0
0
1
1
0
-1
-3
-2
0
0
-1
-1
0
1
0
0
0
0
0
1
0
0
1
0
0
-2
0
1
2
0
-1
0
1
0
-1
0
0
0
0
-3
-1
0
0
-1
1
0
1
0
0
0
0
0
2
3
1
-1
0
0
-1
-1
0
0
0
-1
-1
0
-4
-1
0
2
2
1
0
-1
-1
0
1
0
1
2
0
0
-1
0
0
0
1
1
1
0
-2
-1
0
0
-1
0
1
-1
0
0
0
0
0
-1
0
-1
0
1
2
2
0
-2
-1
0
-1
0
0
0
-2
-1
0
-2
-1
0
0
1
0
0
1
1
1
2
2
2
1
2
2
2
2
0
-1
0
0
0
0
0
-2
-3
-2
-2
-1
-1
-3
-2
-1
-1
0
0
0
0
0
1
2
0
0
0
0
0
1
0
0
-1
-1
0
0
0
1
0
0
-1
-1
0
0
0
0
1
1
0
0
0
2
1
0
1
1
1
0
0
0
0
0
-1
0
0
-1
0
-1
-1
-2
-4
-2
-1
-2
0
2
3
4
3
2
2
2
0
-1
-2
-3
-2
-2
-1
0
1
0
1
1
2
5
5
1
0
-3
-3
0
0
0
0
2
2
2
3
5
0
-7
-7
-9
-7
-10
-9
-6
-6
0
4
10
16
21
22
17
14
8
1
-2
-11
-18
-21
-24
-25
-26
-18
-9
-2
7
13
20
21
21
26
24
22
17
6
-1
-8
-12
-18
-21
-23
-23
-20
-17
-13
-5
3
11
17
24
27
24
19
16
10
-2
-10
-13
-20
-26
-29
-27
-22
-16
-8
-1
5
13
18
22
21
19
22
15
8
6
0
-1
-3
-7
-9
-9
-10
-5
-4
-4
-1
2
1
-1
0
2
5
8
9
7
4
-1
-7
-8
-7
-6
-3
-3
-1
-1
-2
0
0
1
0
-6
-11
-19
-22
-14
-13
-2
13
23
30
33
32
28
23
10
-1
-12
-21
-30
-34
-33
-26
-15
-3
10
18
23
22
19
16
12
8
5
0
-5
-9
-11
-11
-7
-11
-11
-10
-9
-9
-7
-1
2
9
15
15
13
10
8
8
2
-1
-3
-4
-8
-14
-16
-11
-5
1
8
12
14
14
8
3
-4
-9
-8
-11
-10
-3
0
4
6
7
7
3
-1
-1
-8
-10
-9
-7
-2
1
8
11
10
10
4
-1
-3
-7
-8
-8
-6
0
3
6
9
8
6
1
-3
-5
-7
-9
-7
-3
0
4
5
6
4
3
3
-1
-1
0
0
1
0
0
0
-1
-2
-1
0
1
0
0
0
0
2
0
-1
-2
-4
-4
-4
-4
-3
-1
0
1
4
5
8
7
6
2
2
0
-1
0
1
1
-1
-1
-1
-1
-2
-4
-4
-1
0
0
1
4
3
1
0
-2
-1
-1
-2
-1
-4
-3
-1
0
2
3
0
0
1
3
3
1
0
-4
-4
0
0
0
0
0
-1
0
1
2
1
0
0
1
0
2
2
0
1
-1
-1
-2
-4
-3
-2
-3
-2
1
2
1
2
2
2
2
2
0
-1
-2
-1
-1
0
0
0
-1
-1
-1
0
0
0
0
0
3
2
1
4
1
0
0
-2
-1
-1
-1
1
1
2
1
0
0
-2
-2
-2
-1
0
-1
1
0
1
1
3
1
0
-1
-2
-1
-3
0
0
1
-1
0
1
0
-1
0
0
-3
0
-1
0
3
3
2
2
0
-2
0
0
0
0
0
-1
-1
0
1
0
1
2
-1
-1
-1
-2
0
0
2
2
1
1
-1
-2
-2
0
1
-1
0
-1
0
0
0
0
1
1
0
0
0
-1
0
0
0
0
0
0
0
0
0
0
0
1
0
-1
0
0
0
0
0
0
0
0
0
0
0
0
0
1
0
-1
-1
-1
0
0
0
0
1
0
0
0
0
0
0
0
0
0
0
-1
-1
0
1
1
0
0
0
0
0
0
0
0
0
1
0
1
0
-1
0
0
0
-1
0
0
0
0
0
0
1
0
0
0
-1
0
0
0
0
0
0
1
0
1
0
0
0
0
-1
0
0
0
0
0
0
0
0
0
0
0
-1
0
0
0
0
-1
-1
0
0
0
0
0
1
1
0
0
1
0
0
-1
0
0
-1
-2
-2
0
0
0
0
0
1
0
0
0
0
-1
0
1
0
0
0
0
1
0
0
0
0
1
0
0
0
0
0
0
1
0
0
0
0
0
0
0
0
0
0
0
0
0
-1
0
-1
0
0
1
0
0
-1
0
-2
0
0
0
0
0
0
0
0
0
-1
0
1
1
2
1
0
-2
0
1
0
0
0
0
-1
0
0
0
0
0
0
0
0
0
-1
0
2
-1
0
1
0
-1
0
1
0
0
0
0
1
0
0
0
0
0
-1
0
0
0
1
0
0
0
0
-1
0
0
0
0
0
0
0
0
0
0
0
-1
0
0
0
0
0
0
0
0
0
0
0
0
-1
0
1
0
0
1
0
0
0
0
0
0
0
0
0
0
0
0
0
0
0
0
0
1
0
0
0
0
0
0
0
1
0
-1
0
0
0
0
0
-1
0
0
1
0
-2
0
0
0
1
0
0
0
0
0
0
0
0
1
1
0
0
-1
0
0
0
0
0
0
0
0
0
0
0
0
1
0
0
0
0
1
0
0
0
-2
-1
-1
0
1
1
0
1
1
0
0
-1
0
0
0
1
0
-1
-1
0
0
0
0
0
0
0
0
0
0
0
0
0
0
0
0
0
0
0
0
0
0
0
1
0
0
0
0
0
0
-1
0
0
0
1
0
1
0
0
0
-1
0
0
0
0
0
0
0
0
0
0
0
-1
0
0
0
0
0
0
0
0
-1
0
0
0
0
0
0
0
0
0
0
0
0
0
0
0
0
0
0
0
0
0
0
0
0
0
0
0
0
0
1
0
0
-1
-1
0
0
0
0
0
0
0
0
0
0
0
0
-1
0
0
0
1
1
-1
0
0
0
0
0
-1
-1
-1
0
0
0
0
0
0
0
0
1
-1
0
0
0
0
0
1
0
0
1
0
0
2
0
0
0
0
0
0
-1
0
0
0
0
-1
0
0
0
0
0
1
1
0
0
1
0
1
0
0
0
0
0
0
0
0
-1
-2
0
0
0
0
-1
0
-1
-1
0
0
1
1
0
0
-1
0
0
1
2
0
1
0
0
0
0
0
0
0
0
-1
0
0
0
0
0
0
-1
-1
0
2
1
1
0
-1
-1
-2
-1
0
0
0
1
1
0
0
0
-1
-1
-1
0
0
0
1
0
0
-1
0
1
0
0
0
0
0
0
0
0
0
0
0
0
0
0
0
-1
-1
0
0
0
0
0
1
-1
0
0
0
0
1
0
0
0
0
0
0
0
0
0
2
0
0
1
0
0
1
0
0
0
0
0
0
0
0
0
0
0
0
-1
0
-2
-1
-1
-1
0
0
-1
1
0
0
1
0
0
0
0
0
0
0
0
0
0
1
0
0
0
0
0
0
1
0
0
0
0
0
0
1
1
0
0
0
0
0
0
0
0
0
0
-1
0
0
-1
0
0
0
-1
0
0
-1
0
0
0
0
0
0
1
1
0
1
0
0
1
0
0
0
0
0
0
0
0
-1
-1
1
0
-1
-1
0
0
0
0
0
1
0
0
0
0
0
0
0
0
0
0
0
-1
0
0
0
-1
0
0
0
0
0
0
0
1
0
0
0
0
-1
0
0
0
0
0
0
0
1
-1
0
0
0
0
-1
0
-1
0
1
0
0
0
0
0
1
1
1
0
1
0
0
0
0
0
0
0
0
0
-1
0
0
1
0
0
0
-2
-1
0
0
1
0
0
0
0
0
0
0
2
0
1
1
0
0
0
0
0
0
0
0
0
0
0
-1
0
0
0
0
0
0
0
0
0
0
0
-1
0
1
0
0
0
-1
-1
0
-1
0
-1
0
-1
0
1
0
0
0
1
0
0
1
0
0
0
-1
1
0
0
0
-1
0
1
1
2
0
0
0
0
0
1
0
0
0
0
0
0
-1
0
0
0
0
0
0
0
-1
-2
-1
0
0
0
0
1
1
0
0
1
1
0
-1
0
0
0
0
0
-1
-1
0
1
0
0
0
-1
-1
0
1
0
0
0
-1
-1
0
3
2
0
0
0
0
0
0
0
0
0
0
0
0
0
0
1
0
0
0
0
0
0
0
0
0
0
0
0
0
0
-1
0
-1
0
0
0
0
0
0
1
0
0
0
0
0
0
0
0
0
0
0
0
1
0
0
0
0
0
0
-1
0
0
0
0
0
0
0
-1
1
0
0
0
0
0
0
0
0
0
0
-1
0
0
0
0
0
1
0
0
0
0
0
0
0
0
0
0
0
0
0
-1
0
0
0
0
0
0
0
0
0
1
0
0
0
0
0
0
-1
0
0
0
0
0
2
0
1
0
0
1
0
1
0
-2
-1
-1
0
1
0
0
-2
-2
0
0
-1
0
0
0
1
1
1
0
0
0
0
0
0
0
0
1
0
-1
-1
-1
0
0
0
0
0
0
0
0
1
1
0
-2
0
1
0
0
0
1
2
1
0
-1
0
-1
-2
-1
0
0
0
2
1
0
-1
0
-1
-1
0
0
0
0
-1
0
0
0
0
1
1
0
0
0
0
0
0
0
1
0
0
0
0
0
0
-1
-1
0
0
1
1
0
0
2
0
-1
0
-1
0
0
0
0
0
0
0
0
0
0
-1
0
1
1
0
0
0
0
0
-1
0
0
0
-1
0
0
0
1
0
0
0
0
-1
0
1
0
0
0
0
0
1
0
0
0
0
0
0
0
0
1
0
0
-1
0
0
0
0
0
0
0
0
0
0
0
0
0
-1
0
0
0
0
0
-1
0
0
0
0
0
0
0
1
0
1
1
0
1
0
0
0
0
-1
-1
0
0
0
0
0
0
0
0
-1
-1
0
0
-1
0
0
0
0
1
0
0
0
0
2
1
0
-1
0
0
0
0
0
-1
0
0
-1
0
0
0
0
-1
-1
1
0
1
1
0
0
-1
0
0
0
0
0
1
0
0
0
0
0
0
0
0
0
0
0
0
0
0
0
0
-1
-1
0
0
0
-1
0
0
1
1
0
0
1
0
-1
0
-1
-1
1
0
0
1
0
0
0
0
-2
-1
0
0
1
1
0
0
0
0
0
0
0
0
0
0
0
-1
1
0
0
0
-1
-1
0
0
1
0
0
0
0
0
0
0
0
0
0
0
0
0
0
0
0
0
0
0
0
0
0
1
0
0
0
0
0
0
0
0
0
-1
0
0
0
0
0
0
0
0
0
0
0
0
0
1
2
1
0
0
0
0
0
1
0
-1
0
0
0
1
0
0
-1
0
-1
-2
0
1
0
0
0
0
1
0
0
0
0
0
1
0
0
0
0
0
0
0
-1
0
0
0
0
0
-1
0
0
0
0
0
0
0
0
0
0
0
0
0
0
0
0
0
0
0
0
0
0
1
1
0
0
0
-1
0
1
0
0
0
0
0
1
2
2
0
-3
-2
0
1
1
-1
-2
-1
0
3
2
-2
-6
-5
0
4
4
1
0
1
1
-1
-4
-1
3
5
1
-7
-9
-2
6
10
4
-6
-8
-4
2
4
3
0
-3
-8
-9
2
21
31
21
-2
-17
-21
-40
-77
-90
-19
126
239
204
16
-181
-243
-145
15
109
88
7
-51
-50
-2
42
45
10
-23
-28
-4
19
14
-7
-20
-11
10
26
26
10
-6
-17
-9
13
32
28
5
-14
-17
-2
11
8
-2
-14
-14
-6
0
0
-13
-22
-20
-11
-1
3
8
12
8
-3
-16
-13
-1
8
9
7
10
22
24
8
-10
-21
-17
-2
4
5
3
5
10
9
2
-5
-4
5
15
12
-2
-16
-20
-13
-6
-1
0
2
5
5
1
-3
-4
-7
-10
-8
-6
-1
7
13
13
7
-1
-6
-6
-2
1
5
7
7
2
-6
-10
-7
-3
-2
0
2
5
4
3
6
9
12
2
-11
-17
-11
2
11
12
5
-2
-8
-8
-4
-5
-5
-3
2
10
12
8
-2
-7
-6
-2
1
3
0
-4
-8
-4
1
6
6
0
-2
0
3
8
8
1
-5
-8
-6
-3
1
4
6
5
0
-6
-10
-9
-4
2
5
6
3
0
0
0
3
1
-2
-5
-4
1
9
9
6
-2
-9
-8
-3
3
7
5
0
-1
-2
-2
-1
-3
-1
0
1
1
0
0
-1
0
0
-1
0
0
0
0
0
0
-1
0
0
1
1
1
0
1
2
-1
-3
-3
0
0
2
2
4
4
1
0
1
0
-2
-4
-2
-2
-2
-2
0
4
3
1
-1
-3
-3
-1
2
2
1
0
-2
-1
-2
-1
0
1
3
4
0
-2
-3
0
3
5
3
-1
-3
-1
0
1
1
-1
-1
0
2
0
-1
-1
-1
1
3
1
-3
-4
-1
2
4
2
0
-2
-3
-2
-1
0
0
0
1
1
0
0
0
0
0
0
1
0
0
0
0
0
0
1
1
0
0
0
0
0
0
1
0
-1
0
0
0
0
0
0
0
-1
0
1
0
0
0
-2
-2
-3
0
0
0
0
3
2
0
2
0
-1
0
-2
-2
0
0
1
2
1
0
-1
1
0
-2
2
2
-2
2
3
-1
-1
1
-3
-4
1
-4
0
8
-4
2
5
-7
5
0
-8
2
4
-3
-1
9
-17
0
29
-27
0
23
-23
7
7
-10
3
1
1
0
7
-9
0
17
-19
-3
11
-24
7
14
-16
11
8
-6
1
2
1
-17
6
8
-22
15
8
-11
9
0
-6
-3
0
0
-1
2
8
-4
-1
13
-8
1
2
-9
3
-7
-1
3
3
9
-1
0
-5
-6
-2
0
9
-7
5
8
-9
2
0
2
5
-6
-1
-1
-5
2
0
1
6
-4
-2
2
-1
-2
2
3
-6
-4
1
0
-4
4
3
-3
0
1
-1
0
2
4
0
1
2
-2
1
2
0
0
0
0
0
5
1
0
0
0
-3
-2
1
0
0
2
0
-4
-1
-1
-5
0
-2
-3
-1
-2
0
0
-2
0
2
-3
-1
0
0
2
2
5
2
0
1
0
0
1
3
1
0
0
0
0
0
1
1
3
1
1
1
-1
-1
0
0
0
1
1
0
0
0
-1
-1
-1
-1
0
-1
-1
0
0
-1
-2
-1
0
0
0
0
-1
1
0
0
0
0
1
0
0
1
0
1
2
2
0
0
-1
0
0
-1
0
-1
0
1
0
-1
-2
0
0
0
0
-1
-1
0
0
0
-1
0
0
0
0
-1
-1
1
0
0
0
0
0
0
0
0
1
0
0
0
1
1
0
0
0
0
0
-1
-1
0
0
0
0
0
0
1
-1
-1
0
-1
0
0
-1
0
0
0
1
2
2
2
1
0
-2
-2
-1
0
-1
0
0
0
1
1
0
0
0
0
0
0
0
0
0
0
0
-1
-1
0
0
0
0
0
0
0
1
0
0
-1
0
0
0
1
1
2
1
-2
-1
-2
-3
-2
0
1
1
0
0
0
-1
0
1
2
1
0
0
0
-1
0
-1
0
1
0
1
0
-1
0
0
1
0
0
0
0
1
0
0
1
0
-2
0
-1
0
0
0
2
0
0
0
0
0
0
0
0
0
0
-2
-1
0
0
0
0
0
0
0
0
1
0
0
1
0
-2
-1
0
0
0
0
0
0
0
0
0
0
0
0
0
0
0
0
0
0
0
-1
-1
0
0
0
0
-1
0
0
-1
0
0
0
1
1
0
0
-1
0
0
0
0
1
-1
-1
0
0
0
0
0
0
0
1
0
2
0
-3
2
-1
0
0
0
4
-4
-1
1
8
-20
6
31
-46
21
17
-27
-1
17
-2
-16
17
-3
-7
-1
8
-3
-9
16
-10
0
11
-14
7
3
-8
3
3
-4
-1
3
-3
1
0
0
0
-2
4
-2
0
4
-3
-1
8
-3
-3
7
-4
-2
5
-3
0
0
-3
1
-1
-1
1
-1
2
0
-4
2
5
-7
2
5
-8
2
2
-2
2
-1
0
1
-4
0
3
1
-2
0
1
-7
0
0
-2
5
0
-1
0
-1
-3
0
2
0
2
2
0
-2
-2
0
1
1
2
1
0
0
-1
-1
0
0
1
1
0
0
-1
-2
0
-1
-1
1
0
1
0
-1
1
0
0
0
0
-2
0
2
0
-1
0
0
-2
-1
1
0
0
0
1
0
0
0
-1
0
1
0
2
2
0
0
0
0
0
0
-1
1
0
-1
0
1
0
0
1
0
-1
0
0
0
0
0
1
1
0
-1
0
0
-2
0
1
0
0
0
-1
-2
0
1
2
3
0
-1
-2
-4
-1
0
0
0
2
0
-2
-1
0
0
0
2
1
-2
-1
0
0
0
2
2
1
0
-1
0
-1
0
0
0
0
0
0
-1
0
0
0
1
1
1
1
0
-1
0
-1
1
3
1
0
-1
-1
-2
-1
0
1
1
0
-1
0
-1
0
0
0
0
0
0
0
-1
0
0
0
0
0
1
0
0
0
-1
0
0
0
0
0
0
0
1
1
1
2
0
0
0
-2
-2
0
0
1
0
0
-1
-1
-1
0
0
0
1
0
0
0
0
0
0
0
0
0
0
0
1
0
0
0
0
0
0
1
0
0
0
0
0
-1
0
0
0
0
0
-1
-2
0
0
2
1
0
0
0
-2
-2
0
1
1
0
0
-1
-2
0
0
0
1
1
0
0
-1
0
0
1
2
1
0
0
0
0
0
1
0
0
0
-1
0
0
0
0
1
0
0
0
0
0
0
-1
1
0
-1
0
0
-2
-1
0
0
0
0
0
0
0
0
-1
-1
0
-1
0
0
0
1
0
0
0
1
2
1
1
1
0
1
1
2
1
1
1
0
-1
0
0
0
0
0
0
-1
-1
0
-1
0
0
0
-1
-1
-2
0
0
0
0
0
0
0
0
0
0
0
0
0
0
-1
0
0
2
1
0
0
0
0
1
0
0
0
0
0
0
0
0
0
0
0
0
0
0
0
0
0
0
0
0
1
0
0
0
0
0
0
0
0
0
0
0
0
0
0
0
-1
0
0
0
0
0
-1
0
0
0
-1
-1
0
1
1
0
0
0
0
1
0
0
1
0
1
0
-1
0
-1
1
0
0
0
0
1
0
1
-1
-1
0
1
0
-1
-1
0
0
-1
0
-1
0
2
1
0
-1
-2
0
0
0
0
-1
0
0
0
0
0
2
1
2
0
0
-1
-1
0
0
0
1
1
0
0
0
-2
-1
1
1
0
0
-1
0
0
0
0
0
0
0
0
1
0
0
0
-1
0
1
0
-1
-1
0
1
1
0
-2
0
0
2
2
0
-1
0
2
1
-1
-2
0
2
2
0
0
-1
0
0
0
-2
-1
1
3
0
-1
-2
0
0
0
0
0
0
0
0
0
0
-1
-1
0
1
0
0
2
0
-1
0
0
0
1
1
1
1
0
1
0
0
0
-1
0
0
-1
-1
0
-3
0
0
0
1
0
-2
-4
-2
1
2
4
0
-2
-2
-2
0
1
1
5
0
-2
-3
-3
0
2
3
0
0
-1
-2
0
1
2
2
-1
-1
-3
1
1
1
3
1
-2
-2
-3
-1
0
1
2
2
0
-1
-1
-2
-1
0
2
1
0
0
0
-2
-2
-1
1
1
0
0
1
1
2
0
0
-2
-3
-2
-1
0
0
0
1
1
0
-1
-2
-2
-2
-2
1
3
5
4
2
-1
-5
-5
-4
-3
0
5
6
8
4
0
-1
-6
-5
-2
-1
3
5
6
6
0
-2
-7
-6
-4
-2
0
0
2
3
1
0
-1
-2
-1
0
-1
1
2
1
0
2
0
0
-1
0
0
0
1
2
4
3
1
0
-1
-3
-2
-1
0
0
0
0
0
0
0
-1
0
1
0
0
-1
-2
-1
-1
0
0
0
0
0
0
0
0
0
0
0
0
1
1
0
0
0
0
0
0
-1
0
1
0
2
1
0
-1
-1
-2
-1
0
0
0
0
0
0
0
0
-1
-1
0
0
0
0
0
-2
-2
-2
-1
0
1
4
4
2
1
0
-3
-2
0
0
2
4
4
2
0
-2
-3
-3
-1
0
2
2
1
1
0
-2
-2
-2
-2
0
0
0
0
0
0
-1
-1
0
-1
-2
-1
0
2
1
1
1
2
1
0
1
0
2
1
1
2
1
0
0
0
-1
0
0
-1
0
0
0
-1
-1
-1
0
1
0
0
0
-1
-3
-1
-1
-2
0
0
0
0
-2
-2
-2
-2
-3
-1
0
1
0
0
0
0
0
1
0
1
0
1
2
2
1
2
1
0
0
0
0
0
0
0
0
0
0
0
0
0
0
-1
-1
0
0
-2
-1
-1
0
0
0
0
0
0
0
0
0
0
0
1
2
2
2
1
0
-1
-1
0
1
0
1
2
2
0
-2
-3
-4
-2
-3
-1
0
1
1
1
0
-2
-3
-4
-3
-2
-2
1
4
3
3
2
0
-1
0
0
0
0
3
3
4
2
0
0
-2
-3
-3
0
-1
0
1
0
0
0
-1
-2
-2
-1
0
0
0
0
0
0
0
0
0
0
1
2
0
0
-1
0
-1
0
3
2
1
1
0
-1
-1
0
0
1
2
3
1
0
-2
-4
-4
-3
-1
1
5
4
4
2
-2
-5
-5
-4
-4
0
2
5
7
6
3
0
-2
-5
-5
-3
0
2
5
6
3
2
0
-3
-4
-3
-2
0
1
2
1
2
0
-1
-2
-3
-2
0
1
1
2
1
1
0
0
-2
-1
-1
0
0
1
1
1
2
1
0
1
-1
-1
0
-1
0
-1
-1
0
0
1
1
0
0
-1
-1
-2
-1
-1
0
0
3
1
1
0
0
0
-2
-1
0
0
1
1
0
0
-1
0
0
-1
-1
0
1
2
0
0
0
0
0
0
0
-1
0
1
1
0
0
0
0
0
-1
0
0
0
0
-1
0
0
0
0
-1
0
1
1
0
0
0
-1
0
1
1
1
0
-1
-1
0
0
0
0
0
-1
1
0
-2
1
-1
0
0
0
1
0
-1
0
1
1
0
-1
1
0
-2
-2
-2
1
2
1
0
-2
-1
-1
0
1
0
0
1
0
0
1
0
0
0
0
0
0
0
-1
0
1
1
1
-1
-1
0
0
1
0
0
0
0
0
0
0
0
0
0
-1
0
0
0
-1
0
1
0
-1
-1
0
0
0
0
0
0
1
-1
0
0
0
0
0
-1
0
0
0
0
0
0
1
0
0
0
0
0
0
-1
0
0
-1
-1
-1
0
0
0
-1
1
1
-2
0
0
-1
0
0
0
-1
2
2
1
2
1
1
0
1
1
-1
0
0
-1
-1
-1
0
0
0
0
0
0
0
0
0
0
0
0
0
0
0
0
0
0
0
0
0
0
0
1
0
0
0
0
0
1
0
0
1
0
0
1
0
0
0
0
-1
-1
0
0
0
0
1
0
-1
0
0
1
0
0
0
0
0
0
1
2
2
0
-1
0
0
-1
-1
0
0
0
0
0
0
1
0
-1
0
0
0
0
0
0
0
0
0
0
0
0
0
0
0
0
0
-1
0
0
0
0
0
0
0
0
0
0
0
0
0
0
0
0
1
0
-1
0
0
0
0
0
-2
-2
0
1
0
0
0
0
0
0
0
0
0
0
0
-1
0
0
-1
0
0
0
-1
1
0
0
0
0
0
0
0
0
0
0
1
1
0
-1
0
0
0
0
0
1
0
0
0
0
0
0
0
1
0
0
0
0
0
0
0
0
0
-1
-1
-1
-1
-1
0
0
0
0
1
0
0
0
0
0
0
0
0
2
1
0
-1
0
4
0
-3
-1
-1
4
3
2
2
2
0
-3
-2
-1
1
1
-1
-5
-7
-2
0
3
6
5
0
-4
-3
-2
1
2
2
1
-1
-2
-3
0
3
4
1
-1
-3
-5
-3
1
3
4
3
1
0
1
1
0
0
-2
0
0
-1
0
-3
-4
-1
0
1
3
1
0
-1
-3
0
0
1
1
0
0
0
0
-1
1
1
2
1
0
-2
-1
0
0
1
1
0
-1
-2
0
2
1
2
0
0
0
0
1
-1
-1
-1
-1
-1
0
0
1
1
0
0
0
1
0
0
0
-1
-1
0
0
0
1
0
0
0
0
0
1
0
0
0
0
1
1
-1
-2
-1
-2
0
0
0
0
-2
-1
0
1
2
0
0
0
1
1
1
0
0
-1
0
0
-1
0
0
0
1
1
2
0
0
0
0
-1
-1
0
0
0
0
0
0
0
0
-1
0
0
0
0
0
2
0
0
0
0
-1
0
0
0
0
0
0
-1
-2
0
0
-1
0
0
0
0
0
1
0
0
0
1
0
0
0
0
0
0
0
0
0
0
0
0
0
0
-1
0
0
0
-1
-1
0
0
0
1
2
-1
-1
1
0
1
1
0
0
1
0
-1
-1
-1
0
0
0
0
0
-1
-1
0
-1
-1
-1
0
1
1
1
0
0
1
1
0
0
0
0
-1
1
-1
-4
0
1
1
-1
0
3
-1
-1
0
1
0
0
0
-1
-1
0
0
-1
0
0
-1
0
2
0
-1
0
0
0
0
0
0
0
0
1
0
0
0
1
0
0
0
0
-1
-1
-1
0
0
-1
0
0
0
0
1
1
0
0
1
1
0
0
0
0
0
1
0
0
0
-1
0
0
0
0
0
0
0
0
-1
-1
0
1
-1
0
1
0
0
-1
0
0
0
1
1
0
1
0
0
0
0
0
0
0
0
0
0
-1
0
0
0
0
-1
0
0
-1
0
0
0
0
0
0
-1
0
0
0
1
0
0
0
0
0
0
1
0
0
0
0
0
-1
0
0
0
0
0
0
-1
-1
0
1
0
1
0
-1
0
0
1
0
0
0
0
1
0
0
0
0
-1
0
0
-1
-1
-1
0
0
0
0
0
0
1
0
0
0
0
0
0
0
0
0
0
0
0
-1
0
0
0
0
0
0
0
-1
0
0
0
0
0
2
0
0
0
-1
-1
-1
0
-1
0
0
0
-1
0
1
0
0
0
-1
1
1
0
3
1
1
2
0
0
0
1
0
-2
0
-1
-2
-3
-2
-3
-2
-3
-3
-2
-3
-1
0
0
1
2
4
3
5
7
5
6
3
4
5
2
1
1
0
-2
-1
-1
-4
-5
-7
-7
-6
-10
-8
-7
-7
-5
-5
-3
-3
0
4
2
5
6
6
6
6
9
6
4
7
7
3
0
3
2
-2
-3
-3
-2
-4
-6
-4
-2
-5
-7
-4
0
-4
-3
1
1
0
1
5
0
0
4
3
1
1
1
0
0
1
-1
0
0
-1
-3
-1
0
-3
-2
2
-3
-3
1
1
-1
0
4
1
0
2
0
0
1
1
-1
0
3
0
-4
0
2
-2
-2
1
0
0
0
0
1
0
1
1
0
0
0
0
0
0
0
0
-1
-2
0
-2
-2
2
-3
-3
0
0
0
-1
3
0
0
1
2
1
0
1
2
0
1
0
0
0
0
0
0
0
-2
0
0
-3
-1
0
0
1
1
0
0
1
0
0
0
0
0
-1
0
1
-1
-2
0
-1
0
-1
0
0
0
0
0
0
0
0
0
0
0
2
0
0
1
0
0
0
0
0
-1
0
0
0
0
-2
0
0
0
-1
1
0
-1
0
1
0
-1
0
0
1
0
2
1
-1
0
-1
0
0
1
1
-1
0
0
0
0
0
0
0
0
0
0
0
0
0
0
0
0
0
0
0
0
-1
0
0
0
-1
0
2
0
-1
0
0
0
-1
0
1
1
0
0
2
-1
-1
0
0
-1
0
0
0
0
0
0
0
0
1
1
0
1
0
0
0
0
0
0
0
0
0
0
0
0
0
0
1
0
0
0
0
0
0
0
0
0
-1
0
1
0
0
0
0
0
2
1
-1
0
-1
0
0
0
0
0
-1
0
0
0
-1
0
1
0
0
0
0
0
0
0
0
0
0
0
0
0
-1
-1
0
1
0
1
1
1
1
0
0
-1
0
0
0
0
0
-1
0
0
-1
0
0
0
0
0
0
0
-1
0
0
0
-1
1
1
0
0
0
1
0
-1
0
0
1
0
0
0
-1
0
0
0
0
0
0
0
0
0
-1
0
-1
0
0
1
0
0
0
1
0
0
0
0
