0
0
0
0
0
0
0
0
0
0
0
0
0
0
0
0
0
0
0
0
0
0
0
0
0
0
0
0
0
0
0
0
0
0
0
0
0
0
0
0
0
0
0
0
0
0
0
0
0
0
0
0
0
0
0
0
0
0
0
0
0
0
0
0
0
0
0
0
0
0
0
0
0
0
0
0
0
0
0
0
0
0
0
0
0
0
0
0
0
0
0
0
0
0
0
0
0
0
0
0
0
0
0
0
0
0
0
0
0
0
0
0
0
0
0
0
0
0
0
0
0
0
0
0
0
0
0
0
0
0
0
0
0
0
0
0
0
0
0
0
0
0
0
0
0
0
0
0
0
0
0
0
0
0
0
0
0
0
0
0
0
0
0
0
0
0
0
0
0
0
0
0
0
0
0
0
0
0
0
0
0
0
0
0
0
0
0
0
0
0
0
0
0
0
0
0
0
0
0
0
0
0
0
0
0
0
0
0
0
0
0
0
0
0
0
0
0
0
0
0
0
0
0
0
0
0
0
0
0
0
0
0
0
0
0
0
0
0
0
0
0
0
0
0
0
0
0
0
0
0
0
0
0
0
0
0
0
0
0
0
0
0
0
0
0
0
0
0
0
0
0
0
0
0
0
0
0
0
0
0
0
0
0
0
0
0
0
0
0
0
0
0
0
0
0
0
0
0
0
0
0
0
0
0
0
0
0
0
0
0
0
0
0
0
0
0
0
0
0
0
0
0
0
0
0
0
0
0
0
0
0
0
0
0
0
0
0
0
0
0
0
0
0
0
0
0
0
0
0
0
0
0
0
0
0
0
0
0
0
0
0
0
0
0
0
0
0
0
0
0
0
0
0
0
0
0
0
0
0
0
0
0
0
0
0
0
0
0
0
0
0
0
0
0
0
0
0
0
0
0
0
0
0
0
0
0
0
0
0
0
0
0
0
0
0
0
0
0
0
0
0
0
0
0
0
0
0
0
0
0
0
0
0
0
0
0
0
0
0
0
0
0
0
0
0
1
2
1
2
1
2
2
0
0
-1
0
1
-2
-1
-1
-2
0
-2
-2
1
-2
-2
-1
1
2
0
0
-1
-3
0
3
-1
2
0
-3
0
1
1
0
0
-2
0
1
-1
0
-1
0
0
0
0
1
6
2
0
0
2
2
0
1
0
0
-3
0
3
-2
-3
-4
-3
-2
0
0
0
-2
-3
-1
0
0
0
2
1
1
2
0
1
4
2
0
1
0
0
7
3
-3
0
-2
-2
2
-2
-1
-1
-3
2
2
-1
-1
2
-2
0
4
0
0
0
-3
0
2
1
5
1
-3
-4
-1
4
1
-1
-2
-5
-2
1
1
0
0
-1
-1
1
1
1
1
0
0
0
-1
1
3
1
-1
-1
0
0
1
1
-2
-1
-1
-1
1
0
0
0
0
0
2
1
0
0
0
0
0
0
0
0
0
-1
-1
-1
0
1
1
1
0
-3
0
1
1
1
0
0
0
0
1
2
0
-1
0
-1
0
0
0
0
-1
0
0
0
-1
-1
-1
0
3
1
0
-2
-2
-1
0
0
2
0
-2
-2
0
0
0
2
0
0
0
1
0
0
0
0
1
-1
0
3
0
-2
0
1
0
1
0
-1
0
0
0
1
0
0
0
-3
0
1
0
2
1
-1
-2
-1
1
0
1
1
-1
0
0
0
0
0
0
-2
-3
0
0
0
0
2
1
0
0
2
-1
-1
2
0
0
-1
0
0
0
0
0
-1
0
1
0
-1
0
0
1
0
0
1
-1
0
0
0
0
-2
0
1
0
0
-2
0
3
1
0
-1
0
0
0
0
0
0
-1
2
2
-2
-3
-1
0
0
2
2
-1
-2
0
0
2
1
1
1
0
0
0
1
0
0
1
0
-1
-2
-1
0
1
3
0
-2
-3
0
4
2
-1
-4
-2
2
1
-1
-2
-1
1
3
1
-5
-6
2
7
3
-4
-6
-2
4
0
0
0
0
0
0
1
7
0
-6
-2
4
4
0
-2
-2
0
5
2
-4
-4
-1
2
1
-1
-2
-4
0
1
3
0
-2
0
1
1
0
-2
-1
1
4
1
0
0
0
2
0
-2
-1
1
4
0
-3
-3
-1
1
2
0
-2
-1
0
2
2
0
-2
-1
0
1
4
0
0
-2
0
0
1
1
-2
1
2
1
-1
-7
-3
2
6
5
-3
-7
-5
1
6
5
-1
-4
-1
1
1
0
-1
0
3
2
-4
-5
-1
5
6
2
-2
-7
-4
2
1
1
0
0
1
-2
0
0
1
5
0
-3
-4
0
3
3
-1
-3
-1
2
2
0
-2
0
0
1
0
-2
0
0
0
-2
-1
1
0
0
0
0
2
0
-1
0
-3
-1
0
2
2
0
0
0
0
0
0
2
1
1
0
-1
0
0
0
2
0
-1
0
0
0
-1
-1
0
0
-1
0
-1
-1
0
0
0
0
0
-1
0
2
0
0
0
-1
-2
1
1
1
-1
2
1
-1
0
0
0
0
0
0
1
-1
-3
0
0
2
0
-2
0
0
1
-1
-1
1
0
0
0
0
0
-1
2
2
-1
0
0
-1
1
0
0
0
-2
0
0
0
0
0
0
0
0
0
0
1
1
-1
-2
-2
1
2
2
1
-1
-1
0
0
0
2
0
-1
-1
0
0
0
0
0
-1
-1
0
0
0
1
0
0
-1
0
0
1
1
-1
0
0
0
0
0
0
-3
0
2
2
0
-1
0
0
1
0
-1
0
3
2
1
0
-2
-1
1
1
0
-1
-1
0
0
0
0
0
0
0
0
0
0
0
0
2
0
-2
0
1
0
-3
0
1
0
1
1
-1
0
0
0
1
0
0
0
-1
-3
0
2
-1
-1
-1
1
1
1
0
0
0
-1
0
1
0
0
0
0
0
0
1
3
-1
-1
0
0
0
0
-1
0
-2
-2
3
1
0
0
-2
0
0
-1
0
0
0
0
0
1
2
1
0
0
-1
-1
1
0
-1
0
0
0
-2
0
0
0
1
0
0
-1
0
-1
0
0
0
1
0
-1
0
0
0
1
0
0
0
0
0
0
0
-1
0
1
1
0
1
0
-1
0
-2
1
1
-1
0
1
0
0
-2
-1
0
-1
2
2
-1
-2
0
0
-1
1
0
0
0
1
2
0
-1
-1
0
0
0
1
1
0
0
1
-2
0
1
0
-1
0
0
0
2
1
1
0
-1
-1
0
-1
-1
0
-1
0
1
0
1
1
2
0
1
-1
-2
0
0
0
0
0
1
0
-1
0
0
0
0
0
0
0
1
0
-1
0
1
-1
0
0
0
-1
1
0
-1
1
0
0
1
0
0
0
1
0
-2
-1
1
1
0
2
0
-2
0
1
0
0
0
1
0
0
1
0
-2
-1
1
0
0
-1
0
0
-2
0
1
0
0
0
0
0
0
0
0
0
1
2
0
0
0
0
1
0
1
0
0
0
0
-2
0
2
0
0
-1
-2
0
0
0
-1
-1
2
0
-2
0
0
0
-2
0
0
0
-1
0
2
-2
-1
0
0
0
1
0
2
1
0
0
-1
0
0
1
3
0
1
2
1
0
0
0
-1
0
0
0
0
-1
0
1
-1
-1
0
-1
-1
-2
-3
0
0
0
0
-1
0
-1
-1
1
0
1
0
-1
0
-1
0
0
1
2
0
-1
0
2
0
-2
0
4
1
0
0
0
-1
0
-2
-2
1
0
-3
-1
1
-1
0
0
1
0
-2
0
1
0
-2
0
0
0
-1
0
1
0
0
0
0
1
1
-1
-1
1
1
0
0
0
0
0
0
0
-2
-1
-1
-1
1
0
0
0
0
0
1
1
0
-1
0
1
1
0
1
0
0
1
0
1
1
0
0
0
0
1
-1
-2
0
-1
1
0
0
0
0
1
0
0
1
0
0
1
0
-1
-1
0
0
0
0
0
1
1
-2
-1
2
0
0
0
0
-1
0
1
0
0
0
0
1
0
0
0
1
0
0
0
1
-1
-1
2
1
0
0
0
-2
1
3
0
-2
1
0
-2
0
2
0
-1
0
3
-1
-1
1
0
-1
0
3
-3
0
2
0
0
0
0
-4
1
5
-3
-1
4
0
-3
1
4
0
-1
0
1
-2
-1
2
0
-5
-2
1
0
-3
-1
3
1
-4
1
7
-1
-4
3
2
-3
0
2
-1
-3
3
2
-2
1
4
-1
-2
1
-1
-3
2
0
0
3
0
-4
3
4
-4
-2
4
1
-5
0
3
-3
-3
4
-1
-3
3
1
-3
1
1
-2
2
4
-3
-2
4
1
-6
0
3
-5
-3
7
0
-6
4
5
-4
-1
2
-2
0
2
2
-3
-1
4
0
-3
0
0
1
4
-3
-4
6
5
-8
-4
7
4
-3
-4
0
3
-3
-3
9
2
-5
3
3
-4
1
1
-9
-2
1
1
12
-3
-18
22
44
-34
-72
24
75
-26
-74
34
74
-15
-51
-3
17
-4
-21
-5
22
30
11
-15
-16
9
-8
-31
16
45
-11
-37
17
41
-16
-43
8
39
-10
-43
7
41
0
-30
-4
10
2
0
11
8
-19
-20
3
11
5
0
2
6
5
-1
-9
-13
-11
5
17
6
-7
1
10
-2
-14
-2
6
2
4
7
7
-2
-9
-12
0
15
3
-12
-8
7
5
-9
-3
8
4
-6
0
11
5
-9
-10
-2
8
3
-4
2
1
-3
-1
3
3
-6
-2
0
-1
0
1
6
2
-2
2
7
0
-2
0
-3
-4
4
4
-2
-3
1
-2
-1
3
0
-2
-4
0
5
0
-5
-1
7
5
-8
-3
11
6
-11
-14
7
13
-3
-8
0
10
1
-7
-4
3
3
-6
-4
4
7
0
-8
0
8
1
-6
-3
6
1
-2
-2
3
7
-4
-4
1
4
0
-6
1
3
-2
-2
2
1
0
0
0
0
0
-2
1
0
0
-1
0
4
-1
-3
0
2
1
-2
-1
1
2
0
-1
1
0
-2
-1
1
-1
0
1
0
-2
1
2
-2
0
3
0
-1
1
2
-1
-1
0
-1
0
3
0
0
1
-1
-3
0
2
-2
-2
4
1
-2
0
1
0
-2
0
0
1
3
0
-2
0
1
0
0
0
-1
0
0
-1
-2
-1
0
0
0
0
0
0
0
0
1
2
0
1
0
-1
0
-1
-2
0
1
0
-1
0
1
1
-3
-1
2
-1
0
0
1
0
0
1
1
0
1
1
0
-1
0
0
0
0
0
1
0
0
-1
0
0
-1
-1
0
0
0
0
0
0
0
0
0
1
0
0
0
2
1
0
0
0
1
-1
0
1
0
0
1
0
-2
0
0
0
-1
-1
0
0
0
0
-1
0
0
1
0
-1
1
1
-1
0
0
0
0
0
0
-1
0
0
0
0
0
1
0
1
1
-1
0
2
0
0
0
1
0
-1
0
-1
0
0
0
0
0
0
1
0
0
1
0
0
0
0
0
-1
0
1
0
-1
0
0
0
0
0
0
0
0
1
1
0
0
0
-2
-1
1
0
0
0
0
1
0
0
1
0
0
0
0
-1
0
0
0
0
1
0
0
0
0
2
0
-1
-2
0
0
0
0
0
0
0
0
0
0
0
0
0
0
-1
0
1
0
0
0
0
0
0
0
0
0
-1
0
2
1
0
-1
-1
0
0
0
0
-1
0
0
0
-1
0
0
0
0
-1
0
0
0
0
0
-2
0
1
0
1
0
0
0
0
0
0
1
0
0
0
0
0
0
-1
0
0
0
1
0
0
0
0
0
0
1
0
0
0
0
0
-1
0
0
0
0
0
-2
0
1
0
1
0
-2
0
0
0
0
0
0
-1
1
0
0
1
0
0
1
1
-1
0
1
1
0
0
0
0
0
1
-1
0
0
-3
-1
0
0
0
-1
0
1
0
0
0
-1
-1
-1
0
0
0
2
2
0
0
0
0
0
0
0
1
1
0
0
0
0
0
0
0
-1
0
0
1
0
0
0
0
-1
0
0
0
0
0
-1
0
0
0
0
-1
0
0
0
0
0
0
0
0
0
0
0
0
0
-2
1
0
0
2
0
-1
1
0
-1
0
0
0
0
0
0
0
0
0
0
0
0
0
0
0
1
0
0
1
0
-1
0
0
-1
0
0
0
0
0
1
0
-1
-1
0
0
0
0
0
-2
0
1
0
1
0
-1
-1
-1
0
1
0
0
0
1
0
0
1
-1
0
0
0
0
1
0
-1
0
0
0
2
0
0
-1
0
0
0
1
0
-1
0
0
0
0
0
0
-1
0
0
0
0
0
0
0
0
2
1
0
0
-1
0
1
0
0
0
0
-1
0
0
0
1
0
0
0
0
0
-1
0
0
0
0
1
0
0
-1
0
0
0
0
0
0
0
0
-2
0
1
0
0
0
0
0
0
0
0
0
0
1
0
0
0
0
1
1
0
0
0
-1
0
1
1
0
-2
0
0
0
0
0
0
-1
0
0
-1
0
-1
0
2
2
1
0
-1
-1
0
0
0
0
1
0
0
0
0
0
0
0
0
0
1
2
0
-1
-2
-1
-1
1
0
0
0
0
0
-1
0
0
0
1
0
-1
0
0
0
0
0
1
2
0
-1
0
-1
0
-1
-1
1
2
0
0
0
1
0
0
0
-1
1
2
0
-1
0
0
1
0
0
0
1
0
0
-1
0
0
-1
0
0
1
0
0
0
-1
0
0
0
-1
0
0
0
0
0
0
0
1
0
0
1
0
1
0
0
0
0
0
0
0
0
0
0
0
0
0
0
0
0
-1
0
0
0
0
0
0
1
0
-1
0
-1
0
0
0
0
0
1
0
0
0
0
0
0
-1
-1
0
0
0
0
1
0
0
0
1
0
0
2
0
0
2
0
0
0
-1
0
0
-1
0
-1
0
0
-1
-1
0
-1
0
0
0
0
1
1
0
0
0
0
0
0
1
1
0
1
0
0
1
-1
0
0
-2
-1
0
0
0
-1
-1
0
0
0
0
1
0
0
1
0
2
0
0
0
0
0
0
0
0
-1
-1
0
0
0
0
0
0
0
-1
0
0
0
1
0
0
0
0
0
0
0
0
0
0
0
-1
0
0
0
0
0
0
0
0
0
0
0
1
1
0
1
0
0
0
0
0
0
0
0
1
0
0
0
-2
-1
-1
0
0
0
0
0
0
1
0
0
0
0
1
1
1
0
0
-1
-1
1
0
0
0
0
0
0
0
0
-2
0
0
0
0
-1
-2
0
0
0
0
0
0
0
0
-2
0
0
0
0
2
0
0
0
0
0
0
0
0
0
0
0
0
-2
-2
-1
0
3
6
6
0
-4
-7
-9
-6
0
3
6
9
4
2
-2
-3
-1
-3
-2
-1
0
-1
0
-1
2
5
5
3
0
-1
-3
-4
-3
0
2
1
2
0
-1
0
0
0
-1
-1
-1
0
0
0
0
2
2
0
-1
-2
0
1
2
1
0
-3
-1
1
0
1
0
-1
-2
-3
-3
0
3
4
0
-4
-4
-6
-1
4
7
9
7
2
-1
0
0
4
10
9
2
-12
-23
-22
-11
4
13
10
6
-4
-13
-14
-13
-5
2
7
6
0
-4
-5
0
7
15
18
14
6
0
-8
-7
-2
1
6
6
1
-2
-4
-2
0
-1
-1
-2
-5
-7
-9
-6
-3
0
4
7
8
7
2
2
0
0
0
0
0
-1
1
1
-1
0
-3
-9
-6
-2
-1
3
4
1
-1
0
-2
-3
-1
0
1
4
9
4
2
2
-2
-1
0
0
1
1
-2
-4
-5
-4
-2
-3
-2
0
1
2
2
0
0
0
2
4
3
2
0
0
0
1
2
0
0
0
-2
-1
-1
-1
-1
1
0
0
0
-1
-2
0
1
2
3
0
-3
-3
-3
-2
0
1
2
0
0
-3
-4
-2
0
2
3
2
0
-1
0
0
0
1
3
2
0
0
0
1
1
1
0
-1
0
-1
-3
0
-2
0
1
-2
-2
-1
-2
0
1
0
0
1
2
1
0
0
0
0
0
0
0
1
0
0
0
-1
0
1
0
0
-1
0
-1
0
0
0
0
0
1
0
1
0
0
0
1
2
0
-1
0
-3
0
1
0
0
0
1
0
-1
-1
-2
0
0
1
0
0
1
1
0
0
0
1
1
-1
0
0
1
0
-2
-2
-1
0
0
0
0
-1
0
-1
1
1
1
0
0
1
0
0
1
1
0
1
0
0
0
0
-2
0
1
-1
-1
0
-1
-2
-2
0
0
0
0
0
0
1
0
1
2
0
-1
0
1
0
0
0
-1
-1
-1
0
0
0
0
-1
0
0
2
0
0
1
-1
0
0
-1
0
1
0
0
0
0
0
0
0
0
0
0
0
0
-2
0
1
0
2
2
-1
0
1
1
0
0
1
0
0
0
-1
-1
1
1
0
0
0
0
-2
-1
0
0
0
0
0
-1
0
1
0
0
0
1
1
0
0
0
-1
0
0
0
0
1
0
1
1
0
0
0
0
1
1
0
2
0
-2
0
-1
0
0
0
1
1
0
0
-2
-2
-1
0
0
0
-1
-1
0
0
0
0
0
0
0
-1
0
1
1
1
-1
-1
0
0
0
0
0
0
0
3
2
0
-1
-2
0
0
-1
-1
-2
-2
-1
0
3
2
4
1
0
0
-2
-5
-4
-3
-3
0
4
8
9
6
2
-7
-9
-9
-11
-4
9
8
7
5
-2
-4
-6
-5
0
-3
-4
-7
-4
28
35
35
60
-9
-89
-74
-107
-89
46
95
115
147
67
-29
-67
-93
-83
-36
9
36
27
6
6
0
-12
18
26
-11
-12
-20
-42
-15
9
22
39
26
6
-12
-28
-23
-16
-6
7
21
26
18
24
22
0
0
-5
-22
-16
-25
-32
-9
-4
0
19
11
-9
-8
-3
-15
12
35
9
18
10
-45
-26
-16
-28
33
45
22
45
15
-18
-5
-16
-20
-8
-21
-22
-10
-5
14
26
10
5
-3
-36
-29
-6
-5
19
37
17
18
7
-19
-20
-23
-15
5
9
19
26
12
7
3
-13
-13
-11
-12
-11
0
12
8
13
17
-4
-9
-7
-20
-10
0
0
15
14
12
14
0
-5
-8
-17
-18
-8
0
1
8
10
1
0
-4
-12
-10
-3
2
11
16
17
7
1
-5
-13
-11
-8
-1
7
5
5
2
-2
0
0
1
2
1
0
-5
-3
0
0
5
8
1
0
0
-7
-3
-1
-3
0
0
-2
0
1
0
2
-1
-4
-7
-7
0
5
7
10
6
0
-1
-5
-5
5
5
7
10
3
0
-4
-7
-6
-5
-3
-1
0
0
0
0
0
1
1
0
-2
-1
-2
-1
0
0
3
0
1
2
1
3
2
1
0
-1
-1
0
-2
0
3
1
0
0
-1
0
-3
-2
0
-2
-2
0
0
1
4
0
1
2
0
0
0
0
0
0
0
1
0
-4
-3
-3
0
1
1
4
4
1
0
-2
-5
-3
-2
0
3
4
2
1
-2
-4
-1
0
-1
1
1
0
0
1
-1
1
1
0
-1
0
-1
0
1
0
0
1
-1
-1
1
0
2
2
0
0
0
0
0
0
3
1
0
1
0
-3
-1
0
-2
-1
0
-1
0
0
0
0
0
0
0
0
0
1
3
2
2
1
1
0
0
0
0
0
0
-1
0
0
1
0
0
0
0
0
-1
-3
-1
0
0
1
0
-2
-1
0
0
0
0
0
1
1
1
1
0
0
-1
0
0
0
-1
1
0
0
0
1
0
0
0
-1
0
-1
-1
-2
-2
-2
0
1
0
0
0
2
5
1
1
0
0
0
0
-1
0
-1
-1
0
-1
-1
0
0
0
-1
1
2
1
2
0
0
1
-1
-1
0
0
-1
0
0
0
-1
0
-1
0
0
-1
0
0
0
0
0
0
1
0
0
1
0
0
0
-1
-2
0
-1
0
2
3
0
1
2
0
-3
-1
0
-1
1
0
1
3
0
0
1
0
0
0
1
0
0
-2
-3
-1
-3
-1
1
1
1
2
0
-3
-1
-2
-3
1
0
3
4
2
2
0
-2
0
0
0
0
2
0
0
-1
-1
-2
-1
0
0
1
1
-1
-2
-1
0
0
-1
0
2
1
3
1
0
0
0
2
1
1
0
2
0
-4
-2
-2
0
0
1
2
0
-1
-1
-1
-1
0
1
1
2
0
1
0
-1
0
-1
1
0
-1
0
0
1
0
-1
-2
-1
2
1
0
-2
-1
2
2
1
-1
-1
0
3
0
-2
0
0
0
1
0
-1
1
0
0
-3
-1
0
0
0
-2
0
3
6
0
-1
5
2
-2
-3
0
2
1
-3
-3
3
5
-4
-5
5
6
-3
-8
-2
3
0
-1
0
0
1
0
-3
2
4
-9
-9
15
12
-16
-20
16
26
-8
-20
6
22
0
-18
-7
7
1
-2
7
6
1
-6
-3
0
-2
-10
-4
12
13
1
-14
-4
6
-9
-9
6
10
8
1
6
5
-11
-10
-16
-5
7
5
15
6
3
4
-18
-14
0
0
-4
5
20
7
-5
-3
-1
2
-10
11
-4
-25
41
6
-39
18
6
-17
10
-3
-7
-11
-8
28
-14
-7
31
-15
20
31
-35
-23
-3
10
-10
-24
24
24
-9
-3
12
-5
-18
12
-11
-2
53
-11
-30
16
-1
-10
0
-12
-30
26
35
-7
7
-8
-2
11
-1
-4
-25
-12
26
10
-44
-5
22
-6
34
-3
-11
12
7
46
-64
-40
74
-34
-42
34
-3
1
26
-33
-9
49
-13
-11
18
-21
10
12
-12
28
-23
-52
41
14
-25
19
-17
17
35
-68
13
38
-39
41
-29
-23
51
-56
25
11
-58
63
0
-21
27
-19
-14
-14
37
18
-72
21
43
-38
9
41
-13
-37
12
32
1
-33
-47
24
47
3
-19
-38
34
29
-4
49
-70
-52
62
-35
35
13
-103
64
59
-8
-17
-55
71
-21
-56
95
-59
-32
57
-35
19
-30
-2
69
-39
2
3
-18
19
-35
37
23
-60
31
33
-25
-34
40
46
-67
24
42
-53
12
-24
-29
39
-8
-20
3
28
3
-8
32
-27
-14
5
-35
73
36
-129
-50
79
42
-27
-35
13
104
52
-101
-74
69
113
-47
-150
23
101
-47
-91
-8
61
73
-1
-33
16
63
-57
-64
93
-48
-58
32
-13
9
-31
-20
45
55
-77
-28
130
22
-57
-59
37
70
-40
-8
39
20
-19
-67
-53
70
9
-118
54
78
-2
41
-65
-46
80
-102
-90
180
54
-105
1
-16
-4
61
-27
28
66
-74
-34
10
-29
57
15
-56
80
1
-134
22
61
19
-34
-39
115
15
-147
21
75
-11
0
-54
13
78
-32
-11
-17
-37
44
3
-35
36
52
-122
-31
129
-17
-42
-13
43
-5
-100
-16
41
74
45
-102
-26
107
-46
-22
115
-49
-64
44
-50
97
84
-186
-8
93
32
-18
-20
37
4
-66
-92
112
108
-128
-63
86
102
-26
-178
9
107
-57
-87
27
42
-4
39
17
7
11
-75
-42
146
37
-186
10
40
-9
60
-22
38
1
-6
159
-54
-146
22
50
-31
-135
70
140
-84
-39
63
-109
16
183
-122
-150
111
39
-74
60
79
-45
-1
110
38
-124
-106
-17
-69
-30
157
104
5
23
-6
143
353
-57
-662
-722
-629
-208
354
431
534
675
698
622
283
-115
-469
-545
-349
-255
-362
-420
-150
-101
-81
98
47
339
432
120
7
-119
-119
-86
29
84
17
107
-11
13
7
-42
18
-215
-123
-19
80
418
192
22
113
76
-46
-294
-238
-80
78
85
-59
-39
-201
60
115
-115
110
-21
-51
95
-18
-272
-153
146
222
87
-4
169
134
-49
-163
-64
43
-76
43
50
-59
110
-4
-24
54
-47
13
-91
-157
16
29
-14
115
120
-15
-39
-12
14
-41
-118
-54
99
35
-42
-42
-104
90
120
-71
29
-8
-93
26
30
26
116
52
-107
-22
-10
-93
13
63
20
-10
-6
16
30
70
38
-76
1
3
-67
24
-133
-111
47
-33
160
244
14
-85
-9
-25
-77
14
-13
-56
119
50
-194
-84
7
-36
21
91
15
-30
93
-5
-72
38
-43
-14
141
83
-12
-20
-53
-12
95
38
-23
-15
-71
-125
-44
4
-31
52
98
23
-29
-49
-57
-28
58
40
-26
33
101
65
-42
-40
-14
32
78
-110
-165
-65
-60
59
54
-34
82
91
-30
-47
-48
-69
68
127
55
146
126
21
1
-109
-178
-101
-42
-35
10
71
94
46
-17
-87
-138
-29
35
-30
-38
-18
-45
-25
18
-13
7
50
38
38
43
7
-8
42
111
207
225
158
103
45
-31
-109
-181
-303
-287
-167
-81
47
98
107
103
72
-31
-222
-276
-227
-214
-140
-2
135
399
603
510
399
298
127
135
167
91
129
46
-187
-287
-381
-413
-299
-228
-186
-124
-190
-385
-478
-460
-405
-198
53
182
491
897
923
784
555
212
109
232
336
506
667
673
627
429
85
-340
-929
-1511
-1876
-1995
-1700
-987
-284
196
504
632
544
281
50
96
442
831
1099
1196
1178
1146
964
698
683
841
703
170
-784
-2033
-2831
-2915
-2566
-1716
-636
221
929
1276
950
337
-281
-997
-1372
-1142
-637
183
1088
1378
1336
1347
1160
1093
1174
962
827
702
321
370
729
437
-424
-1561
-2846
-3222
-2593
-1700
-482
634
943
877
618
56
-260
-488
-682
-584
-478
-187
488
1015
1055
905
836
1031
1496
1767
1603
1141
408
-185
356
1211
1070
264
-1455
-3297
-3777
-3183
-1850
-44
1013
1153
1101
675
254
-5
-420
-628
-796
-950
-711
28
733
761
459
386
504
813
1063
852
647
549
574
633
1001
1974
1877
661
-940
-3250
-4426
-3927
-2876
-1152
888
1885
2074
2038
1093
-228
-902
-1224
-1298
-604
-139
398
1260
1170
549
206
-11
-71
504
862
938
963
670
550
553
607
1346
2138
1223
-445
-2329
-4258
-4601
-3445
-1993
185
2297
2743
2540
1702
-49
-1236
-1541
-1564
-953
-198
226
1002
1121
469
224
155
306
607
870
686
589
531
668
760
801
1873
2053
688
-909
-3249
-5029
-4614
-3130
-1255
1465
3133
2649
2258
1156
-698
-1183
-1450
-1927
-963
-131
388
1415
1239
197
-497
-658
-457
669
1821
1689
1221
715
225
202
1300
2834
2678
746
-1816
-4802
-5847
-4202
-2222
238
2381
2774
2098
1309
130
-968
-1342
-1642
-1587
-558
241
1097
1863
1113
-3
-666
-818
-208
866
1131
931
545
182
591
1646
1868
2218
2907
969
-1547
-3206
-4993
-5154
-3141
-1283
889
2959
2846
1888
813
-781
-1630
-1814
-1603
-704
332
796
1182
1333
239
-491
-500
-667
-293
1044
1118
939
1121
1041
1167
1397
1860
2427
1242
-1052
-3206
-4864
-4791
-3190
-1040
1134
2836
2780
2005
893
-668
-1649
-1866
-2035
-943
305
914
2067
1755
117
-737
-1260
-1212
-68
1195
1462
1299
1218
1061
1250
1488
2391
2887
1013
-1807
-4285
-5786
-4838
-2494
-290
1819
3187
2579
1612
394
-1373
-1960
-1884
-1835
-733
612
1632
2523
1860
491
-959
-1543
-1374
-1080
550
1715
1692
1754
1683
1506
1591
1879
2138
514
-2183
-4094
-5189
-4667
-2403
15
1841
3194
2668
1362
98
-1565
-2272
-2044
-1545
-165
1305
1739
2223
1649
-467
-1791
-1962
-1594
-330
1681
2335
2229
2010
1274
1062
1024
1469
2073
417
-2186
-4180
-5439
-4462
-1922
305
1999
3114
2130
886
158
-1360
-1857
-1656
-1513
-105
1421
1832
2045
1092
-876
-2011
-1778
-920
322
1757
2175
1843
1548
1300
1269
1280
1552
2086
477
-2207
-4265
-5475
-4758
-2263
146
2130
3499
2631
1071
0
-1696
-2448
-2170
-1795
-53
1935
2546
2865
1813
-904
-2592
-2831
-1592
517
2448
2672
1782
1268
836
847
1366
2624
2949
454
-2521
-5077
-6110
-4477
-1908
590
2888
3961
2666
1156
-209
-2137
-2805
-2404
-2008
-38
1964
2447
2664
1176
-1265
-3084
-2915
-1085
826
2728
2934
1738
916
783
738
1640
3381
3020
377
-2597
-5606
-6193
-4038
-1389
936
2674
3420
2267
1236
-122
-2306
-2792
-2339
-1954
530
1938
202
-49
-70
1464
2799
1142
-1129
-2723
-2045
-673
738
2439
2221
1182
1152
1015
886
1690
3084
2434
-413
-3178
-5804
-5931
-3269
-865
1461
2921
3026
1684
294
-689
-2115
-2181
-1762
-1015
859
1848
2517
2479
487
-1426
-2433
-1797
-416
1226
2448
2018
1363
1002
929
1165
2112
3229
1502
-1741
-4400
-6240
-5201
-2419
-8
2063
3084
2599
1233
-9
-1113
-2579
-2834
-2054
-593
1384
2278
2667
1701
-414
-2017
-2487
-1561
125
2002
2263
1464
919
803
946
2236
4273
3296
-370
-3904
-6699
-6542
-3223
84
2217
3444
3061
1355
-21
-1119
-2399
-2991
-2056
-814
1310
2561
2581
1908
-296
-2290
-2833
-1314
55
1470
2563
2076
1240
1211
767
524
2497
3608
905
-2217
-4869
-6503
-4436
-1238
597
2239
2996
1997
1214
335
-1263
-2603
-2780
-1812
-3
1534
1883
2293
1313
-327
-1510
-1923
-1158
-147
1382
2149
2000
1713
1439
1043
1827
3347
1708
-2235
-5114
-6722
-5708
-2139
692
2068
3006
2822
1671
674
-827
-2533
-3316
-2463
-478
1802
2372
2369
1476
-480
-1218
-1298
-494
64
594
1064
1076
998
1429
1382
1257
2766
3131
119
-3163
-5070
-5634
-3875
-1062
887
2281
3182
2510
1379
-67
-1838
-3097
-2935
-1060
1282
2085
2073
1678
-214
-1748
-2548
-1740
-114
1336
2299
2161
1406
856
824
786
1587
3264
2713
-886
-4005
-5700
-5536
-3121
-432
1120
2552
3509
2758
1102
-1133
-2995
-3324
-1974
-15
1483
1940
2252
1567
-468
-1744
-1855
-888
145
868
1097
1135
1084
1230
1404
1442
2080
3079
1454
-2236
-4533
-5274
-4385
-2142
-122
977
2119
2894
2434
786
-1299
-2649
-2599
-1220
499
1300
1501
1959
1124
-718
-1881
-1568
-445
621
1577
1794
1069
741
1032
996
1491
2956
3635
949
-3005
-4994
-4943
-3321
-1311
-438
198
2148
3465
2461
-113
-2313
-3263
-2600
-817
675
1138
1704
2187
1131
-456
-1734
-1619
-516
590
1342
1507
1158
1121
1334
1385
1758
2935
2889
-690
-4166
-5135
-4159
-2340
-852
-180
783
2547
3154
1596
-1079
-2791
-2831
-1463
11
732
834
1753
2321
853
-1132
-1992
-1339
-385
760
1395
1335
1162
1428
1628
1713
1761
2654
2253
-1327
-4462
-5059
-4159
-2862
-951
354
1387
2954
3472
1393
-1435
-2612
-2197
-1486
-383
971
1130
1910
2490
702
-1741
-2192
-626
400
377
445
741
1116
1650
1655
1389
1151
2545
2836
-1175
-4679
-4643
-3600
-2983
-1527
96
1434
3207
3709
1277
-1427
-2027
-1728
-1934
-1662
-5
1119
1776
2603
1400
-935
-1315
-60
-120
-803
-4
950
1299
1895
2367
1974
1130
1731
2613
-227
-3884
-4413
-3248
-2976
-2728
-1188
755
2987
3729
1840
-767
-1862
-1489
-1739
-2112
-763
1135
2062
2254
1267
-937
-1604
35
202
-1025
-634
986
1359
968
1426
2212
1861
1303
2568
1507
-2426
-3995
-3148
-3138
-3377
-2079
-63
1873
3165
2488
442
-534
-450
-1254
-2184
-1504
260
1183
1408
1710
858
-735
-679
-142
-1392
-1688
322
1267
918
1770
2733
2842
1909
1114
1945
757
-2828
-4257
-3570
-2998
-2763
-1709
142
2055
3211
2754
517
-910
-1025
-1748
-2041
-1192
326
1388
1641
1627
542
-888
-513
81
-1029
-1274
702
1547
1038
1264
1856
1830
948
1102
2303
603
-2924
-3240
-2372
-3210
-3105
-1258
-56
1341
2879
2035
71
59
152
-1422
-2157
-1199
-102
96
489
1105
763
203
683
405
-1138
-995
406
232
-388
928
2657
2239
775
1216
2933
1823
-1960
-3715
-2879
-2754
-3388
-2517
-525
1600
2801
2125
968
1026
971
-765
-2281
-1729
-526
-192
41
571
901
937
1148
566
-746
-1021
-579
-601
-455
713
2178
2673
1926
1482
2610
2644
-1037
-3968
-3473
-2976
-3824
-3466
-1696
308
2128
2412
1380
1348
1665
450
-1189
-1926
-1568
-855
-58
582
899
1252
1522
1379
98
-1066
-948
-444
-655
-730
418
2351
2716
1481
1204
2954
2704
-1065
-3389
-2870
-2657
-3649
-3541
-1861
53
1845
2270
1721
1893
1808
359
-1430
-1816
-1265
-1153
-762
61
595
1051
1288
1050
-415
-741
257
496
-137
-130
783
1839
1780
922
956
2780
2593
-913
-2704
-2003
-1986
-3587
-4056
-2166
277
1547
1324
1300
2307
1879
49
-1170
-951
-584
-993
-795
52
418
329
607
921
14
-452
537
720
-152
61
928
1428
1139
686
787
2285
2857
-32
-2577
-2287
-1999
-3702
-4687
-2949
-402
1129
1390
1378
2345
2391
1091
-207
-453
-313
-1010
-1192
-363
-205
-350
15
840
399
-410
351
1053
348
-23
743
1448
1493
724
472
1089
2015
1553
-683
-2157
-1645
-1938
-3844
-4291
-2031
-267
155
730
1823
2625
2397
1308
316
231
-68
-1167
-961
87
-436
-1017
-165
584
-278
-713
375
1251
472
190
935
1469
1305
705
571
1134
1897
1573
-267
-1497
-1404
-2078
-3729
-4049
-2433
-1126
-399
500
1621
2478
2551
1706
982
763
-215
-1536
-1180
-299
-1390
-1842
-318
662
-231
-378
1040
1554
496
193
979
1592
1161
249
702
1416
1055
957
699
-593
-1548
-1892
-2583
-3380
-3130
-1905
-930
-78
897
1504
2059
2111
1404
1012
527
-468
-858
-441
-500
-1232
-1153
163
303
-485
215
1270
789
277
928
1231
914
521
584
865
557
469
1358
874
-1116
-2109
-1833
-2186
-3452
-3522
-1946
-541
211
755
1483
2466
2428
1527
1214
929
-145
-1045
-570
-561
-1720
-1532
194
393
-594
154
1539
1271
478
900
1694
1167
48
278
798
473
156
944
1077
-495
-1549
-1348
-1426
-2650
-3216
-2081
-865
-514
-374
858
2325
2102
1149
1408
1668
225
-1104
-468
-209
-1434
-1929
-662
85
-527
-307
900
1275
711
861
1418
1416
603
186
615
918
80
-249
1059
855
-1306
-1835
-1054
-1507
-2942
-2792
-857
-207
-535
91
1602
2200
1279
755
1444
1283
-318
-916
63
-91
-1442
-1612
-404
82
-694
-693
916
1373
371
558
1495
1365
323
66
652
654
-160
-303
981
1345
-678
-1441
-559
-914
-2429
-2756
-1500
-661
-883
-567
791
1654
1418
978
1418
1780
672
-338
105
163
-751
-1497
-1060
-255
-681
-870
292
1306
829
536
1089
1539
720
-76
82
649
365
-368
-77
1175
858
-1073
-1304
-617
-1279
-2552
-2460
-1345
-531
-721
-277
971
1773
1576
1092
1423
1656
512
-317
74
-154
-913
-1281
-1010
-492
-590
-559
376
975
620
564
1014
1327
595
104
488
740
243
-57
-24
610
877
-830
-1484
-822
-1163
-2187
-2529
-1653
-658
-799
-610
462
1371
1620
1302
1228
1594
1189
135
-127
-78
-484
-1097
-1039
-622
-469
-190
60
515
477
438
626
744
171
9
460
221
123
397
483
440
710
1322
601
-944
-829
-628
-1832
-2849
-2211
-1394
-1088
-690
168
1160
1613
1638
1408
1439
1319
535
-205
-244
-551
-1047
-1021
-564
-492
-398
-65
398
605
558
638
924
918
196
76
367
247
-203
-27
299
312
763
1162
54
-784
-608
-992
-2128
-2439
-2047
-1580
-923
-158
489
954
1805
2014
1421
1211
1199
438
-245
-599
-975
-1088
-877
-653
-678
-312
340
642
395
560
958
953
451
89
32
65
-78
-196
0
161
442
1052
854
-278
-532
-425
-1110
-1890
-2158
-1773
-1052
-535
-131
404
1190
1865
1606
1145
1263
1023
326
-191
-706
-1078
-980
-688
-790
-881
-104
642
529
504
895
1012
902
462
107
161
286
13
-265
-189
404
625
-191
-873
-630
-547
-1157
-1686
-1596
-969
-422
-241
-69
601
1331
1406
1030
879
925
760
170
-458
-769
-608
-280
-702
-994
-207
493
528
361
510
908
1120
679
49
122
439
281
-154
-107
362
283
-445
-1007
-1185
-1066
-1151
-1455
-1490
-804
132
367
167
670
1395
1417
955
367
220
305
59
-635
-937
-601
-43
-87
-475
-202
465
575
439
410
447
723
695
398
131
349
412
157
-74
158
137
-576
-963
-1034
-1194
-1349
-1261
-1163
-699
28
503
527
803
1223
1213
961
592
137
-85
17
-258
-776
-845
-271
160
37
-184
96
482
517
431
222
267
486
567
261
148
280
294
240
488
503
-395
-987
-941
-1089
-1462
-1553
-1452
-921
-46
511
655
858
1244
1339
1127
693
66
-261
-216
-418
-741
-751
-463
-169
233
451
229
127
277
355
255
99
-231
-161
193
309
254
189
271
551
856
853
98
-779
-898
-951
-1307
-1582
-1599
-1228
-413
263
504
732
1016
1314
1181
768
269
-213
-275
-265
-536
-680
-505
-153
363
456
137
141
263
285
321
131
-207
-60
353
454
397
341
294
542
763
104
-876
-1136
-1063
-1088
-1164
-1293
-1127
-537
342
866
867
761
894
1082
1016
543
-201
-355
-267
-376
-540
-548
-428
-77
479
677
592
454
470
303
-22
-420
-678
-754
-596
-279
-76
192
353
563
780
899
747
556
426
92
-461
-992
-1271
-1361
-1275
-1058
-674
-262
182
690
1074
1225
1040
850
550
119
-401
-719
-684
-754
-1021
-937
-500
-43
505
930
1086
1213
1473
1503
1228
695
290
434
54
-1101
-1881
-1986
-1953
-1564
-1184
-1187
-684
437
1081
1322
1444
1092
816
884
639
-107
-637
-816
-821
-650
-322
-128
-207
220
784
1032
797
506
251
111
50
-335
-631
-769
-560
-290
0
-42
-98
103
260
408
364
220
-14
-134
-175
-268
-404
-359
-282
-158
32
117
138
168
290
291
285
175
-56
-318
-306
-262
-200
-89
-69
29
204
428
490
407
399
386
252
89
-22
-195
-235
-196
-179
-52
59
-8
-172
-261
-376
-437
-492
-569
-579
-409
-179
-40
133
252
363
451
498
416
312
406
477
583
671
576
418
465
730
402
-396
-989
-1308
-1416
-1203
-1078
-1114
-722
-49
529
940
1138
900
680
600
423
67
-209
-458
-678
-573
-352
-171
-74
119
328
511
606
553
393
229
-4
-249
-330
-406
-468
-421
-262
-219
-73
142
216
286
345
289
128
57
-63
-191
-225
-244
-258
-154
-40
-16
15
51
93
161
228
133
16
-64
-122
-113
-126
-137
-154
-57
79
194
280
251
210
166
87
24
-71
-206
-253
-228
-144
-43
-8
-35
34
109
120
137
55
-43
-59
-51
-32
15
-14
-69
-71
-38
-22
43
72
14
15
57
107
132
85
-34
-85
-42
-54
-30
25
12
32
23
2
86
180
-78
-365
-380
-327
-167
46
67
10
166
295
359
466
390
177
57
-33
-81
-94
-217
-376
-343
-217
-50
153
237
206
204
211
98
10
-171
-395
-600
-643
-537
-406
-233
-143
-8
168
408
563
583
569
526
478
460
442
276
108
88
116
-45
-323
-651
-920
-943
-779
-579
-423
-229
-17
191
411
569
605
484
302
120
2
-47
-107
-194
-263
-197
-70
67
174
265
287
271
267
249
184
-26
-198
-285
-320
-271
-185
-205
-222
-97
0
97
212
229
137
71
47
10
6
-20
-86
-119
-81
-45
4
34
-2
-4
61
114
99
52
-21
-39
-10
25
30
-26
-78
-97
-47
29
71
61
23
-37
-44
-6
-14
-25
-27
-54
-100
-60
-45
-47
-30
-29
35
100
115
123
132
136
136
117
90
42
11
14
-7
-38
-77
-141
-175
-190
-194
-135
-106
-116
-130
-115
-76
-24
53
90
104
126
162
217
283
295
232
203
214
199
184
165
132
109
10
-161
-342
-494
-580
-556
-465
-371
-258
-154
-69
38
133
146
137
130
94
94
147
201
241
256
229
221
238
227
206
206
186
162
107
-49
-255
-453
-582
-590
-452
-291
-190
-114
-76
-57
-6
58
80
66
34
33
83
188
276
280
259
239
240
222
231
196
133
107
96
35
-93
-236
-384
-419
-356
-240
-139
-76
-99
-129
-105
-111
-100
-91
-81
-69
7
83
150
225
256
259
255
256
219
176
139
126
128
147
109
9
-94
-206
-258
-233
-197
-196
-208
-229
-212
-180
-151
-163
-175
-161
-110
-13
77
167
209
223
220
226
212
228
227
199
172
135
122
141
104
10
-49
-101
-125
-148
-173
-235
-270
-298
-264
-208
-210
-229
-236
-207
-147
-61
-24
28
80
140
205
254
272
280
284
279
263
219
198
202
186
133
54
-45
-118
-181
-237
-280
-299
-285
-264
-238
-206
-150
-113
-113
-132
-150
-125
-83
-26
21
79
152
203
237
239
240
250
258
253
250
225
195
158
89
15
-55
-112
-144
-174
-224
-247
-239
-207
-181
-196
-228
-223
-168
-101
-59
-66
-65
-37
13
74
105
107
115
155
210
243
224
205
211
201
172
146
124
97
48
-44
-130
-169
-179
-190
-196
-193
-186
-194
-192
-175
-192
-174
-112
-99
9
135
-1
-69
83
17
-60
141
202
117
169
207
171
160
152
153
148
120
82
1
-23
4
-65
-160
-183
-216
-240
-199
-130
-90
-96
-71
-40
-87
-59
68
91
81
159
169
81
32
17
7
45
112
144
129
81
21
-3
-1
-1
28
43
-1
-23
-24
-93
-168
-170
-136
-106
-69
-38
-25
0
24
-4
-38
-5
38
53
60
49
55
64
29
8
7
-24
-29
25
66
76
60
4
-37
-58
-49
-17
-15
-30
-26
-34
-39
-1
23
18
12
-4
-7
20
37
27
6
-23
-25
14
33
19
20
-4
-55
-65
-43
-13
28
54
50
43
29
10
-7
-35
-35
-6
2
-3
11
35
21
-11
-32
-38
-40
-31
-12
-3
-1
0
-3
-6
7
18
23
58
71
23
-7
-4
-30
-48
-19
-10
-25
-16
12
16
-8
-24
-34
-39
-20
19
60
84
71
35
7
-17
-31
-28
-12
-8
-17
-10
8
0
-30
-44
-36
0
52
73
63
40
-3
-41
-53
-49
-26
3
10
-2
-22
-37
-25
-2
20
44
40
28
38
35
18
24
6
-37
-43
-44
-48
-24
9
23
4
-25
-38
-19
30
81
78
30
-6
-49
-79
-74
-48
-4
49
78
57
14
-17
-25
-17
0
15
19
34
55
52
13
-27
-54
-66
-46
-26
-26
-9
17
25
18
-7
-37
-35
-1
25
30
22
22
28
23
4
-20
-28
-10
-2
-19
-38
-34
0
41
48
27
2
-10
-8
-3
2
15
26
20
0
-20
-23
1
27
32
10
-32
-62
-67
-37
0
27
37
30
8
-20
-41
-39
-6
31
49
44
29
19
13
0
-29
-41
-28
0
23
25
12
3
0
-10
-27
-36
-26
-15
-11
-15
-10
10
24
19
2
-3
17
41
37
14
-5
-11
-7
-16
-13
10
37
38
2
-38
-43
-8
21
23
10
0
-12
-39
-65
-58
-11
41
60
36
-4
-16
-10
1
19
34
40
34
13
-14
-44
-57
-49
-30
-2
9
2
-4
-3
4
10
16
24
27
20
9
7
10
7
-3
-15
-25
-31
-25
-5
27
49
37
2
-30
-41
-28
-5
9
16
17
10
-13
-40
-53
-40
2
38
39
29
16
7
4
-4
-16
-16
3
29
34
14
-11
-26
-24
-15
-4
7
27
41
38
13
-19
-37
-34
-22
-14
-7
-2
3
10
4
-4
-13
-11
-2
7
16
18
16
10
-1
-11
-14
-10
0
7
9
6
3
3
1
1
-1
-3
1
2
-2
-9
-10
-12
-11
-7
-2
8
21
24
9
-9
-17
-12
0
9
9
8
4
0
-8
-14
-9
6
19
20
9
-4
-5
-4
-3
-8
-16
-12
-6
-2
-4
-8
-7
3
13
12
7
6
10
13
7
0
-1
-3
-3
-1
-2
-6
-7
-8
-6
-2
-5
-4
0
5
11
9
-2
-3
3
4
0
-7
-6
0
0
-4
-5
0
7
11
7
-1
-5
-6
0
4
7
6
2
-3
-6
-9
-11
-7
-2
5
13
8
1
-2
-4
-8
-2
3
10
13
5
-5
-15
-20
-18
-5
10
19
16
3
-10
-21
-19
-2
16
28
23
9
-4
-13
-18
-5
10
21
22
5
-13
-23
-20
-13
0
11
13
8
-1
-11
-12
-5
3
8
5
2
0
0
3
1
0
-4
-10
-9
-1
4
10
11
2
-7
-14
-11
0
10
16
14
2
-6
-10
-5
2
11
13
7
-2
-11
-10
-5
-1
0
0
-1
-4
-7
-4
4
8
3
-3
-9
-7
1
9
13
12
4
-7
-13
-11
2
14
14
6
-4
-11
-12
-7
0
5
3
2
-3
-2
0
2
1
-1
-2
-2
0
2
6
7
3
0
-4
-5
-5
-1
3
4
4
0
-4
-6
-5
0
4
7
4
0
-7
-10
-6
0
7
10
6
0
-7
-12
-12
-5
5
12
13
6
0
-8
-10
-4
2
9
10
4
0
-5
-4
0
3
3
0
-3
-3
-2
0
2
1
-1
-3
-3
-5
-6
-1
3
5
3
1
-1
-5
-7
-6
0
8
10
4
-1
-6
-9
-4
1
6
10
6
1
-5
-6
-5
0
4
4
3
0
-4
-1
0
2
3
1
0
-2
-1
0
3
2
-1
-4
-6
-4
0
2
4
1
0
-1
0
0
0
0
-1
0
0
0
0
0
2
1
0
1
0
-1
0
0
0
0
1
3
1
1
-1
0
0
0
0
0
-2
-1
0
-1
0
0
0
0
-1
-3
-1
-1
1
0
-1
-1
-1
0
1
2
0
0
0
0
0
0
1
1
1
2
1
0
-1
0
-2
0
-1
0
0
0
1
0
-1
-2
0
0
0
0
1
2
0
-1
0
-2
-2
0
0
-1
0
0
0
0
0
0
1
1
0
1
0
0
0
0
0
0
1
1
0
0
0
0
0
0
0
-2
0
0
-1
0
-1
0
0
0
0
0
1
0
0
0
0
0
0
0
0
1
1
0
0
0
1
3
1
0
-1
0
1
0
0
0
0
1
0
-1
0
0
0
1
0
-1
-1
0
0
-1
0
0
0
-1
-1
-1
0
0
0
0
0
1
0
0
1
0
0
0
0
0
0
0
0
0
2
1
0
0
0
0
-1
0
0
0
0
0
0
-1
0
0
0
-1
0
1
0
0
-1
0
2
1
0
0
-1
0
1
1
0
0
0
0
0
0
0
1
0
-1
0
0
0
0
0
0
0
1
1
-1
0
1
0
0
-1
-1
-2
0
0
0
1
0
0
-1
-2
0
0
1
0
-1
1
2
0
0
1
0
0
-1
-2
0
0
0
0
0
0
0
0
0
0
0
0
0
0
1
1
0
0
0
0
1
0
0
0
-1
-2
-1
0
-1
0
0
0
0
1
0
0
1
2
1
0
0
0
-1
0
0
1
0
0
0
0
0
0
0
-1
0
0
0
-2
0
1
0
1
0
0
0
0
0
0
0
0
0
-1
0
0
1
0
0
1
0
0
0
0
0
1
1
0
0
1
0
0
-1
0
0
0
0
0
0
0
-1
0
0
0
0
0
0
0
0
0
0
0
0
0
0
0
0
-1
0
0
-1
0
-1
0
0
0
0
0
0
0
0
2
0
0
1
0
1
2
0
0
0
0
0
0
0
0
0
0
0
-1
0
0
-1
-1
0
0
0
0
-1
0
0
0
0
0
1
0
0
0
0
2
1
0
1
1
0
0
0
0
0
0
0
0
0
0
-1
0
0
-1
0
0
-1
0
0
0
0
0
1
0
0
1
0
-1
-1
1
1
0
0
0
0
0
0
0
0
0
0
0
0
0
0
0
0
0
-1
0
0
0
0
-1
0
1
-1
0
0
1
0
0
1
0
0
0
0
0
0
-1
0
0
0
0
1
0
0
0
0
1
0
0
0
0
1
0
0
0
1
-1
0
2
0
-1
0
0
0
0
-1
0
0
0
0
1
0
-1
0
0
0
0
-1
0
0
-1
0
0
0
0
0
0
0
0
0
0
0
0
0
0
0
0
0
-1
-2
0
1
0
0
0
0
0
0
0
0
0
0
0
0
0
0
0
0
0
0
0
-1
-1
0
0
2
0
0
0
0
0
0
0
0
0
0
-1
0
0
0
0
0
-1
0
0
0
0
0
0
0
0
-1
0
0
0
1
-1
0
0
0
0
0
0
1
0
0
1
0
-1
-1
-1
0
0
0
0
0
0
0
1
0
1
0
0
0
0
0
1
0
0
0
0
0
0
0
0
0
0
0
0
0
0
-1
0
0
0
0
0
0
-1
0
0
0
0
0
0
1
0
1
0
0
0
0
0
0
0
0
0
0
1
0
-1
1
0
0
0
0
0
0
-1
-1
-1
0
1
0
0
0
0
0
1
-1
0
0
-1
0
0
0
0
0
0
0
0
0
0
0
0
1
0
-1
0
0
0
1
-1
0
0
0
0
0
0
0
0
0
0
0
0
0
0
0
0
-1
0
0
0
0
0
0
0
1
1
0
1
1
0
-1
0
0
0
0
0
-1
-1
-1
0
0
0
0
0
0
0
0
0
1
1
0
0
0
0
1
1
-1
0
0
-1
1
0
1
0
0
0
0
0
0
0
0
0
0
-1
0
1
0
0
0
0
-1
0
0
1
0
0
0
0
0
0
0
0
0
0
0
-1
0
0
0
0
2
0
0
0
0
0
-1
0
0
0
0
0
-1
0
0
0
0
0
0
0
0
1
1
0
0
0
0
0
0
0
0
0
0
0
0
0
0
0
0
0
0
0
0
0
1
0
0
0
0
0
0
0
1
0
0
0
0
0
0
0
0
0
0
0
0
-1
0
0
0
0
0
0
0
0
0
0
0
0
1
0
0
0
0
0
0
0
0
0
0
0
0
0
0
0
0
0
0
1
0
0
0
0
0
-1
-1
0
0
0
0
0
0
0
0
0
-1
0
0
0
0
0
0
0
0
0
1
1
0
0
0
0
0
0
0
0
0
0
0
0
0
0
0
0
0
0
0
0
0
0
0
0
0
0
0
0
1
0
0
0
0
1
0
0
0
-1
-1
0
0
0
0
0
1
0
0
0
0
-1
0
0
0
0
0
0
0
0
0
0
0
0
0
0
0
0
0
0
0
-1
0
0
0
0
0
0
0
0
0
0
0
0
0
0
0
1
0
0
0
1
0
0
0
0
0
-1
0
0
0
0
0
1
0
0
0
-2
0
-1
0
0
0
-1
0
0
-1
0
0
1
0
0
0
0
0
0
1
1
0
0
0
0
0
0
0
0
0
0
0
0
0
0
0
0
0
0
0
0
0
0
0
1
-1
-1
0
0
0
0
0
0
0
1
0
0
0
0
0
0
0
-1
0
0
1
0
0
0
-1
1
0
-1
0
0
0
-1
0
0
0
0
0
0
0
-1
-1
0
0
0
-1
-1
0
0
-1
0
0
0
0
0
1
0
0
0
0
0
0
0
-1
0
0
-1
1
1
0
0
0
0
-1
0
1
0
-1
0
0
0
0
0
0
0
0
0
0
1
0
0
0
0
0
0
-1
0
0
0
0
-1
0
0
0
0
0
-1
0
1
0
0
0
0
0
0
0
0
0
0
0
-2
0
0
0
-1
-1
0
-1
0
0
0
0
0
0
1
0
0
0
0
0
0
0
0
0
0
1
0
0
0
0
0
0
0
0
0
0
0
0
-1
0
0
0
0
0
0
0
0
0
0
0
0
0
1
0
0
0
-1
0
0
0
0
-1
0
0
0
1
0
-1
0
1
0
0
0
0
0
0
0
0
0
0
0
0
0
0
-1
0
0
0
0
0
0
0
-1
1
0
0
1
0
0
0
-1
0
1
-1
0
0
0
0
0
0
-1
0
1
0
0
0
0
0
0
0
0
0
1
0
0
0
0
0
0
-1
0
0
0
0
0
0
0
-1
0
0
0
1
0
0
0
-1
0
0
0
0
1
1
0
0
0
0
0
-1
0
1
0
0
0
0
0
0
0
0
0
0
0
0
0
0
0
0
-2
0
1
0
0
0
0
0
0
0
0
0
0
0
0
0
0
0
0
-1
0
0
0
0
-1
0
0
0
0
0
0
-1
0
-1
0
0
0
1
0
2
0
0
0
0
0
0
0
0
0
0
0
0
0
-1
0
1
0
0
0
0
1
1
-1
0
0
0
0
0
-1
0
0
0
0
-1
0
-1
-1
0
0
0
0
0
0
0
0
1
0
-1
0
0
0
0
1
0
0
0
0
0
-1
0
0
1
0
0
1
0
0
1
0
0
0
0
1
0
0
-1
0
0
0
0
-2
-1
0
0
0
-1
0
1
0
0
0
1
0
0
0
0
0
1
0
1
1
-1
0
1
0
0
-1
-1
0
0
1
1
0
-1
0
0
0
0
-1
0
0
0
0
-1
0
0
-1
0
0
0
0
0
0
0
0
0
0
0
1
0
0
-1
0
0
0
1
0
0
0
0
0
-1
0
0
-1
0
-2
0
0
1
0
0
0
0
0
0
0
0
0
0
1
0
0
0
0
0
0
1
0
0
1
0
0
0
0
0
0
1
0
0
-1
0
0
0
0
-1
0
0
0
0
1
1
0
0
0
0
0
0
0
0
0
-1
-1
1
2
1
0
1
0
0
0
0
0
0
-1
-1
0
0
0
0
-1
0
0
0
1
0
0
0
0
-1
0
0
-1
0
1
0
0
0
-1
0
0
0
0
0
2
0
0
0
0
1
0
-1
0
1
0
-2
0
0
-1
0
0
0
0
0
-1
0
1
1
0
0
0
0
0
0
0
0
0
0
0
0
0
0
0
0
0
-1
0
0
0
0
0
-1
1
0
0
0
0
0
0
0
0
0
1
0
0
1
0
-1
0
-1
0
1
0
0
0
0
0
0
-1
0
0
1
0
1
1
0
0
0
0
0
0
0
2
0
0
0
0
0
0
0
0
0
0
-1
0
0
0
0
0
0
0
0
0
0
0
1
0
0
0
0
0
0
-1
0
1
0
0
0
0
0
0
0
0
0
0
0
0
0
0
0
-1
0
0
0
0
0
0
0
0
0
0
0
0
0
0
0
0
1
0
0
0
0
0
0
0
0
0
0
0
1
0
0
0
0
0
0
0
0
-1
0
0
0
0
0
0
0
0
0
0
0
0
-1
0
0
0
0
0
0
0
0
0
0
0
0
1
0
0
1
0
0
0
0
0
0
0
0
0
0
0
0
0
0
0
0
0
0
0
0
0
0
0
0
0
0
0
0
0
0
0
0
0
0
0
0
0
0
0
0
1
0
1
0
0
0
0
0
0
0
0
0
0
0
0
0
-1
0
0
-1
0
0
0
0
0
0
0
0
0
0
0
0
0
0
1
0
-1
0
0
0
0
0
0
0
0
0
0
0
0
1
0
0
0
0
0
0
0
0
0
0
0
1
0
0
0
0
0
0
0
0
1
0
-1
0
0
0
0
0
0
0
0
0
0
-1
0
0
0
-1
-1
0
1
0
-1
0
0
0
-1
0
0
0
0
0
0
1
0
0
0
0
0
0
0
0
0
0
0
1
1
0
0
0
0
0
-1
0
-1
0
0
-1
0
0
0
0
0
0
0
0
0
0
0
0
0
0
0
0
0
0
0
0
0
0
0
0
0
0
-1
0
0
0
1
0
0
0
-1
0
0
0
1
0
0
0
0
0
0
0
0
0
0
0
0
0
1
0
0
0
0
0
0
0
0
1
1
0
1
-2
-1
1
0
0
0
0
0
0
0
-1
0
0
0
0
0
0
0
1
0
0
1
0
-1
-1
0
0
0
1
0
-2
0
0
1
1
0
0
0
0
0
0
-1
0
0
0
1
0
1
0
0
1
0
-1
0
0
0
0
0
-1
-1
0
0
0
2
0
-1
0
1
-1
1
0
0
0
1
1
0
0
0
-1
0
0
-1
0
0
-1
0
0
-1
2
0
0
0
0
-1
0
1
0
1
0
-1
0
0
0
0
1
0
0
0
0
0
0
0
0
0
0
0
0
0
0
1
-1
0
2
0
0
0
0
0
0
0
0
-1
-1
-3
0
0
0
1
0
0
0
0
0
0
0
0
0
0
0
0
0
0
-1
0
0
1
0
0
0
0
1
0
0
2
0
0
0
1
0
0
1
0
0
0
0
0
0
0
0
-1
-1
0
0
0
0
0
0
0
0
0
0
0
0
0
0
0
0
0
0
0
0
0
0
0
0
-1
0
0
0
0
0
0
0
0
0
-1
0
1
0
0
0
0
-1
0
0
0
1
0
0
0
-1
0
0
0
0
0
0
0
0
0
0
0
0
2
2
0
0
0
0
0
0
0
1
0
0
0
-2
-1
0
1
0
0
-1
0
0
0
1
0
0
0
0
0
0
0
0
1
0
0
0
0
0
0
0
0
2
1
0
-1
-1
0
0
0
1
0
-1
0
0
0
0
-1
0
0
0
0
-1
0
0
0
-1
0
0
1
1
1
1
0
-1
1
0
1
0
0
1
0
0
0
0
0
0
-1
0
1
0
-2
-1
0
0
0
0
-1
1
1
0
0
0
0
0
0
0
0
1
0
-1
0
0
0
2
-1
0
0
0
0
0
0
0
-1
0
0
0
0
0
0
2
0
-1
0
0
-1
0
0
-1
0
0
0
1
0
0
0
0
1
0
-1
0
0
0
0
0
0
0
0
0
0
0
0
0
0
0
0
0
0
0
0
1
0
0
0
0
0
0
0
0
0
0
0
0
0
0
0
-1
0
-1
-1
0
0
0
0
-1
1
1
0
0
0
-1
-1
-1
0
0
0
0
1
1
0
0
0
-1
0
0
1
0
0
1
0
0
0
0
0
0
0
1
0
0
1
1
0
0
0
0
0
-1
0
-1
-1
0
-1
-1
0
0
0
0
-1
0
1
0
0
0
0
0
0
0
0
0
0
0
0
0
0
1
1
0
0
0
-1
0
-1
0
1
0
0
1
0
0
3
0
0
0
0
0
0
0
0
0
0
-1
0
-1
0
0
-2
-1
-1
0
0
0
1
2
0
0
2
2
0
0
0
-1
-2
0
1
1
0
0
1
-2
-1
0
0
0
0
0
-1
-1
0
0
0
0
0
0
-1
0
1
0
-1
0
2
0
0
0
1
0
0
0
0
-1
0
1
-1
-2
0
0
-1
0
0
0
0
0
0
0
0
0
0
0
1
2
0
-1
0
1
0
-1
0
0
0
-1
-1
0
0
0
0
0
0
0
0
0
-1
0
0
0
1
0
1
1
1
-1
0
0
-1
1
0
0
-1
-2
0
1
0
1
2
0
0
0
-1
0
0
-1
-1
2
0
-1
0
0
-2
0
1
-1
0
0
0
1
0
0
0
0
0
0
0
0
0
0
0
0
0
0
0
0
0
0
0
1
1
0
0
0
0
1
1
0
0
-1
-2
-1
0
0
2
0
1
0
-1
-2
0
0
0
0
0
0
0
0
0
0
0
0
0
0
1
0
0
0
0
0
0
1
-1
-1
0
0
1
0
1
0
0
2
0
0
1
0
-2
0
0
0
0
0
0
0
0
-2
0
0
0
0
0
0
0
0
1
-1
0
0
0
0
0
0
0
1
0
0
0
0
0
0
0
0
1
0
-1
0
0
-2
0
0
1
0
0
0
0
0
0
0
0
-1
0
0
0
1
1
0
0
0
0
-1
0
0
0
0
0
0
0
0
2
0
0
0
-1
0
1
-1
-1
1
1
0
0
-1
-1
0
1
0
0
0
-1
-1
0
1
0
-1
0
0
0
0
0
0
0
1
0
0
0
0
1
0
0
0
0
0
0
1
1
0
0
-1
-1
0
0
0
0
0
0
0
0
0
0
0
0
0
0
0
0
0
0
0
2
1
0
-2
-1
0
-1
1
1
-1
0
0
0
0
0
0
-1
0
0
1
1
0
0
0
0
0
0
0
0
0
0
-1
0
0
-1
-1
0
1
0
0
0
0
0
0
-1
3
1
0
0
0
0
0
1
1
0
1
1
-1
0
1
-1
0
0
0
0
0
0
0
0
-1
0
0
0
0
0
0
0
0
0
0
-1
0
0
0
0
0
0
0
0
0
1
0
0
0
0
-1
0
0
0
0
0
0
0
0
0
0
0
0
0
1
0
-1
1
2
0
0
0
0
0
0
0
1
0
-1
-2
0
0
0
0
0
0
0
-2
-1
0
1
0
0
0
2
0
-1
0
1
0
0
1
2
1
-1
0
-1
0
0
0
0
1
0
-2
-1
1
0
1
0
0
1
0
-1
-1
0
-1
-1
1
2
1
1
0
-3
-2
-1
0
-2
0
2
2
3
0
0
-1
-3
-1
0
0
1
3
2
0
0
-1
-2
-2
-4
0
2
4
3
2
0
1
0
-4
-4
-2
0
1
1
2
1
0
-1
-3
-1
-3
-1
1
2
2
3
3
0
-2
-2
-1
-2
0
1
1
1
1
1
-1
-2
0
-3
-2
0
1
1
0
1
0
0
-1
0
0
-1
0
1
0
0
-1
0
2
2
1
0
0
-2
-2
-1
-2
1
2
1
3
1
-4
-4
-2
0
1
0
2
3
0
-2
-2
-3
-1
2
5
3
1
0
-4
-6
-6
-4
1
5
5
7
4
0
-5
-4
-5
-5
0
1
1
5
9
7
0
-4
-7
-6
-2
1
4
1
1
1
2
1
-2
-5
-7
-3
1
5
4
2
2
2
1
-4
-7
-8
-5
0
3
4
3
4
5
2
-3
-7
-5
-4
0
0
0
7
9
9
4
-1
-8
-9
-6
-1
-1
4
7
6
6
0
-5
-9
-4
0
0
1
1
3
4
2
-2
-7
-3
0
1
1
-1
-2
0
3
0
-1
3
1
1
0
-5
-7
-3
3
7
7
5
0
0
-2
-7
-9
-4
2
5
7
6
2
-4
-7
-6
-6
-4
1
7
7
4
2
0
-4
-4
-1
-2
0
5
3
1
2
2
0
0
-2
-4
-2
0
0
0
0
0
1
0
0
0
-1
-3
-1
1
0
0
2
3
-1
0
0
-1
-1
0
-3
-5
0
5
2
2
0
0
-1
-1
1
3
0
-4
-3
-1
1
5
5
-1
-5
-3
1
4
4
1
-2
-3
-3
-1
3
2
0
-1
-1
0
2
2
0
-6
-6
0
4
6
4
1
-1
0
-2
-4
-7
-5
2
5
6
5
1
-2
-6
-7
-3
0
2
3
4
4
1
-2
-3
-3
-1
1
2
0
2
5
0
-4
-3
1
4
0
-5
-4
1
6
3
-5
-7
0
5
3
-2
-3
1
5
3
-4
-4
0
2
0
-2
0
5
3
-1
-5
-2
0
1
0
1
1
3
2
-2
-5
-5
-1
3
3
0
1
4
0
-6
-8
-1
5
4
1
0
0
0
-3
-7
-4
5
10
5
-2
-6
-4
0
-2
0
3
6
5
0
-2
-5
-5
-2
1
3
5
2
0
0
-3
-2
-4
-3
1
3
4
4
0
0
-2
-5
-4
0
1
2
2
1
0
-2
0
-1
-2
1
4
0
0
0
0
-1
1
1
-1
0
0
0
0
0
1
1
1
-1
-4
0
0
1
0
-1
3
1
0
-2
-4
-1
0
0
0
2
2
0
0
-1
-2
0
0
0
0
0
1
2
2
0
-1
-1
0
0
3
2
0
0
0
0
0
-1
-2
0
0
-1
-1
0
-1
0
1
-1
-1
-1
0
-1
-1
1
0
0
0
0
0
0
3
2
0
1
0
0
0
0
1
2
3
2
2
1
-1
-1
0
-2
0
4
2
0
0
0
-2
-1
-2
-1
-2
-1
0
-1
-2
-2
-1
-1
0
0
0
0
0
0
-2
0
1
0
0
2
4
2
0
-1
-1
2
2
0
1
2
2
1
2
0
-1
0
0
0
1
3
0
-1
-1
-2
-1
-1
0
0
-1
-2
-1
0
-2
0
0
0
0
0
0
0
0
0
0
1
2
1
0
0
0
-1
-1
0
3
4
3
0
-2
0
-1
-3
-1
0
0
1
1
0
0
-1
-1
0
-1
-1
0
1
1
0
0
0
0
0
0
0
-1
-1
1
1
1
0
0
0
0
-1
0
0
1
0
0
0
0
0
0
0
0
0
0
0
0
1
0
0
-1
0
0
0
0
0
0
0
0
0
0
0
1
0
0
0
0
-1
0
1
0
0
-1
0
0
0
2
1
-1
0
0
0
0
0
0
0
1
0
0
-1
-1
-2
0
0
1
2
0
0
0
0
0
0
0
0
0
1
-1
-1
-1
0
0
0
-1
-2
0
0
0
0
0
0
0
0
0
0
0
-2
0
0
1
1
0
0
0
-1
0
0
0
0
0
0
-1
0
1
0
0
1
0
0
0
0
0
0
1
0
0
0
0
-1
-1
0
0
0
0
0
0
0
0
0
0
1
0
0
0
1
0
0
2
0
0
-1
-1
-2
0
1
0
1
0
-1
0
0
-1
0
-1
0
0
0
0
0
0
-1
-1
0
1
1
0
1
0
0
0
0
0
-2
-2
0
2
3
1
0
0
-2
-3
0
-2
0
2
1
1
0
1
0
0
0
0
0
-1
0
1
0
0
1
0
-2
0
0
0
-1
-1
1
0
0
1
0
0
-1
-1
0
1
0
-1
0
0
1
1
0
2
0
-1
0
1
0
-1
0
0
0
0
0
0
0
0
0
-1
0
1
1
0
-2
0
0
1
0
-2
-1
0
1
0
0
1
1
1
0
0
0
-1
0
0
-3
-2
-1
0
-1
0
0
0
0
0
0
0
0
3
1
-1
0
0
0
0
0
1
0
0
0
0
0
0
1
-1
-1
1
0
1
0
-1
0
1
2
0
0
-1
-1
0
0
0
0
0
0
-1
0
-1
0
0
-1
0
0
0
1
0
1
1
0
0
0
0
0
0
0
0
2
2
0
0
0
0
-1
0
1
0
0
0
-1
-1
0
-1
0
0
-1
0
0
0
0
-1
0
1
0
0
0
0
0
0
0
0
1
-1
0
0
1
0
0
0
1
1
0
0
0
-1
-1
1
-1
0
0
0
0
0
0
0
-1
0
1
1
0
1
0
-1
0
0
1
0
0
0
0
0
0
0
0
0
0
0
1
0
0
0
-1
0
0
1
0
-1
-1
0
0
0
0
0
0
0
-1
0
0
0
0
1
-1
0
1
-1
-3
-1
0
0
-1
1
1
0
1
1
0
0
2
0
0
0
0
0
1
0
0
0
0
0
0
0
0
-1
0
0
0
0
0
-1
-1
1
0
0
0
-1
0
0
0
0
1
0
1
0
-2
0
0
0
0
0
1
0
0
0
0
0
0
0
0
0
0
0
0
-1
0
0
0
0
0
0
-1
0
-1
0
1
0
0
0
0
0
2
0
0
0
0
0
0
0
0
0
0
0
0
0
0
1
0
0
0
1
0
0
0
0
0
-1
-1
0
-1
0
0
0
0
0
-1
0
0
1
1
0
0
0
0
-1
0
0
0
0
0
0
0
0
1
0
0
0
0
0
-1
0
0
0
0
1
0
0
0
0
0
0
0
0
0
-1
0
0
0
0
0
0
0
0
0
0
0
0
0
0
0
0
0
0
0
0
1
-1
0
0
0
1
-1
0
0
-1
-1
0
0
1
0
0
0
0
-1
-1
-1
-1
0
1
0
0
0
0
-1
0
0
0
1
0
2
0
0
1
-2
-1
1
0
0
-1
-1
0
0
0
0
-1
0
0
1
2
0
0
-1
0
0
-2
0
0
0
2
0
0
0
0
0
1
1
1
-1
-1
0
0
-1
0
0
0
0
0
0
0
0
0
1
0
0
0
0
1
1
0
-1
-1
0
0
0
0
0
-1
0
0
0
0
2
0
-1
2
0
-1
0
0
-1
-1
1
0
1
0
0
-1
0
1
1
0
-2
0
0
1
0
0
0
0
-1
-1
0
0
0
0
0
0
-1
0
2
0
0
-2
1
1
1
0
-1
-1
0
0
0
0
-2
0
0
0
0
0
0
1
0
0
0
0
1
0
0
0
0
0
0
0
-1
-1
2
1
1
-2
-1
0
0
0
-1
0
1
0
0
-1
0
0
0
0
0
0
0
0
0
0
0
1
0
-1
0
0
0
0
0
0
0
0
0
1
0
0
0
0
0
0
1
0
0
0
0
0
-1
0
0
-1
0
0
0
0
-1
0
-1
0
0
0
0
0
0
1
1
0
1
0
-1
1
2
-1
0
1
1
0
0
0
-2
0
0
-1
0
0
0
-1
-1
0
0
-1
0
0
0
-1
0
0
-1
0
1
0
-1
1
1
0
0
1
0
0
0
1
0
-1
2
0
-3
0
0
0
0
1
0
-1
0
1
0
0
0
0
0
-2
0
2
0
-2
-1
-1
-1
0
0
0
0
0
1
0
0
0
0
0
0
0
0
0
1
1
0
-1
0
1
0
0
-1
0
0
0
0
0
0
1
1
0
-1
0
0
0
0
0
0
0
0
0
0
0
0
-1
-4
-1
0
-2
1
0
0
0
0
2
1
1
0
0
0
0
0
4
0
1
3
1
0
2
0
-2
0
0
-2
-1
0
-2
0
-1
-2
-1
-3
-1
-2
-1
0
0
0
1
2
3
1
1
1
1
1
1
1
0
0
0
0
-1
0
0
-2
0
-1
-2
-1
0
0
-1
-1
2
0
0
2
0
0
0
1
0
0
1
0
0
1
0
0
-2
0
1
0
1
1
-1
0
0
0
0
0
1
0
0
1
0
-1
-1
-1
0
0
1
0
0
0
-1
-1
-1
0
0
0
0
0
0
0
0
-1
0
1
-1
2
1
0
0
0
0
0
0
0
0
2
1
0
-1
0
0
-1
1
0
-1
-1
-1
0
0
-2
-1
1
0
0
2
1
0
0
0
0
0
0
0
0
0
-2
-1
0
0
0
-1
0
0
0
1
1
0
0
0
0
0
0
1
0
0
1
0
0
0
0
0
0
1
0
0
0
1
0
0
-1
-1
0
0
0
0
0
1
0
0
0
0
0
0
0
0
0
0
0
0
0
0
-1
-2
1
0
-1
0
0
0
1
0
-1
0
0
1
0
1
1
0
0
1
1
0
0
0
0
1
1
-1
0
1
0
-1
0
-1
0
0
-1
-3
0
0
-2
0
0
-1
-1
1
0
0
1
0
1
3
1
0
1
3
0
0
0
0
2
0
0
-1
1
-1
-2
0
-1
-1
-2
0
0
0
0
0
0
0
0
-1
0
2
1
1
0
0
1
0
0
0
0
0
0
0
0
-1
-1
-2
0
0
0
0
0
0
0
0
0
0
1
0
0
0
0
1
0
-2
-1
-1
1
0
-1
0
0
1
0
1
0
0
0
1
-1
-1
0
0
0
0
0
1
0
-1
-1
0
-1
0
0
0
0
0
-1
0
0
1
0
1
1
0
0
0
-1
0
0
0
-1
0
1
-2
0
0
0
0
0
0
-1
0
0
0
0
1
0
0
0
1
1
0
0
0
0
0
1
-1
0
1
2
0
0
0
-2
0
0
0
0
1
0
-1
0
0
0
1
-1
0
0
0
0
0
0
-1
0
1
-1
-1
0
0
0
2
1
-1
0
1
0
0
0
0
1
0
0
-1
0
0
-1
0
0
0
0
1
0
1
-1
0
0
-1
0
1
0
0
0
0
0
0
0
0
0
0
1
0
0
1
0
0
0
-1
0
0
0
0
0
0
0
0
0
0
0
1
0
-1
0
0
0
1
0
0
0
0
0
0
-1
0
0
0
0
0
-1
1
0
-2
-1
1
0
0
1
0
0
0
0
0
0
0
0
-1
0
1
0
0
0
0
1
0
0
0
-1
0
0
-1
0
0
0
-1
-1
0
0
0
0
0
1
0
1
0
-1
0
-1
0
0
1
0
0
0
-1
0
0
0
1
0
0
0
0
0
0
1
0
0
0
0
-2
-2
-1
0
0
0
0
0
2
1
0
0
-1
0
0
1
2
0
-1
0
0
0
-1
0
0
2
0
0
-1
-1
0
-1
0
0
1
0
0
0
1
0
0
1
2
0
0
0
-1
0
-1
-2
0
0
1
0
-1
0
1
0
0
0
-2
-1
1
-1
0
0
0
0
1
0
1
1
0
0
0
0
0
0
0
0
0
0
0
0
0
0
0
0
0
0
-1
0
2
-1
0
1
-1
1
1
-2
0
1
-1
0
1
0
1
2
-1
-1
0
-1
0
0
0
1
2
1
0
0
0
-1
0
0
-1
0
0
0
0
0
0
0
-1
-3
0
2
0
2
0
0
0
-1
0
-1
-1
1
1
0
0
0
0
0
0
0
0
1
0
1
-1
-1
-1
-2
-1
0
0
3
3
0
-1
-2
-2
0
0
2
4
1
0
-3
-2
-1
0
0
1
3
4
0
-2
-2
-3
-2
0
1
2
2
1
-1
-2
-2
-1
0
1
3
2
1
0
-2
-4
-4
1
3
1
1
1
0
-1
-2
-2
1
1
1
1
0
0
-1
-3
0
0
0
0
2
0
0
0
0
1
0
-1
0
0
1
1
0
0
0
-1
-2
-2
0
0
0
0
0
0
0
-1
-2
-1
0
1
1
1
1
0
0
0
-1
0
0
2
2
2
0
-2
-2
-2
-2
1
3
2
2
1
-1
-3
-2
-1
1
1
1
0
-2
-2
-4
-2
0
2
1
0
-1
-1
-1
1
2
3
2
-1
-1
-1
0
3
4
2
0
0
-3
-3
0
2
2
3
1
-3
-6
-6
-2
1
4
7
2
-7
-9
-5
-4
1
7
8
5
1
-3
-6
-3
0
2
5
3
1
0
-3
-3
-2
-2
0
3
0
0
2
0
-2
-2
-2
-2
1
1
3
3
0
0
-1
-3
-2
0
0
0
2
1
2
0
-2
-3
-2
1
3
3
3
-2
-3
-2
-2
0
1
0
1
1
0
0
0
-2
0
0
0
2
0
0
1
-1
0
0
-2
0
0
0
2
1
-1
0
0
2
0
0
-1
0
0
0
0
0
0
0
0
0
-1
-1
2
1
1
0
-1
0
0
0
0
0
-1
0
0
0
0
-1
0
1
1
0
0
1
0
0
0
-2
0
0
-1
1
0
0
0
0
1
0
0
1
1
2
0
0
0
-1
-1
0
-1
0
0
-1
0
0
0
0
0
0
0
-1
0
0
0
0
0
0
1
0
0
0
0
0
0
1
0
0
0
0
0
0
-1
0
0
0
0
0
-1
0
-1
-1
0
0
0
0
1
0
0
0
0
0
0
2
2
0
2
0
0
0
-1
0
-1
-1
0
0
0
-1
0
0
0
1
0
0
0
0
0
0
0
0
0
1
0
1
1
0
0
0
0
0
0
-1
0
0
0
0
0
-1
1
0
0
0
0
0
0
-2
-1
0
0
0
0
1
1
0
0
0
0
0
0
0
0
0
0
0
0
0
0
0
0
0
1
0
0
0
0
0
1
0
0
1
0
0
0
0
0
1
1
1
0
0
-1
-1
0
-1
0
0
-1
0
0
0
-1
-1
0
0
1
0
0
0
1
0
0
0
1
0
1
1
-3
-1
0
-1
0
0
0
0
0
0
0
1
1
0
0
1
0
1
0
-1
0
-1
0
0
-1
0
0
-1
-1
0
-1
-2
0
0
0
0
1
2
2
0
0
0
0
2
0
-3
-1
0
0
1
1
0
-1
0
0
1
1
2
0
0
0
0
0
0
0
0
-1
-1
3
2
-1
0
0
0
0
-1
0
-2
-1
0
-1
0
0
0
0
0
0
0
0
0
0
1
0
0
0
0
1
-1
-1
1
0
0
2
0
-1
-1
0
1
0
0
1
0
0
0
0
0
-1
-1
-2
0
0
0
-1
-1
0
0
0
0
0
1
0
1
0
0
0
1
0
0
-1
0
0
1
0
-1
0
1
0
0
-1
0
1
0
1
0
0
0
0
0
0
0
-1
0
0
0
0
0
0
0
0
1
1
0
1
0
0
0
0
-1
0
0
0
0
0
0
0
0
0
0
1
1
0
0
1
0
-2
-1
-1
0
0
0
0
0
0
-1
-1
0
1
1
1
0
1
1
1
1
1
0
1
0
-1
-2
-2
-2
0
0
1
0
1
1
0
0
0
0
0
-1
0
0
0
0
1
0
0
0
0
0
0
0
1
0
-1
0
0
1
0
0
-1
0
0
-1
0
0
0
1
1
1
-1
-1
-1
0
0
-1
0
0
0
1
-1
0
2
1
2
1
0
1
1
0
-1
0
0
0
-2
-2
0
0
0
1
1
2
2
0
1
0
-3
0
0
-3
-1
0
0
0
0
0
1
1
1
0
0
0
0
0
0
0
0
0
0
0
0
0
0
0
-1
1
1
0
0
0
0
0
-1
0
1
0
0
0
1
-1
-2
-1
0
-1
0
1
1
0
0
0
0
0
-1
0
0
1
0
-1
0
0
0
1
0
0
1
0
0
0
0
0
-2
0
0
0
0
1
0
1
1
1
1
1
0
0
-1
0
-2
-1
0
0
0
0
0
0
1
0
0
0
-1
0
1
0
0
0
0
0
1
0
0
0
-1
-1
-1
0
1
1
0
0
1
0
0
0
0
-1
-1
0
-1
0
-1
0
0
-1
0
1
2
3
1
0
0
0
0
1
1
0
0
-1
0
-1
-2
-2
0
0
0
0
0
0
2
1
0
0
0
0
1
1
1
0
-2
0
0
0
-1
0
0
0
0
0
0
0
0
0
0
0
-1
0
0
0
0
0
1
1
2
0
0
0
0
0
-1
-1
-2
-1
0
0
1
0
-1
0
0
0
1
0
0
1
0
0
-1
0
0
0
0
0
1
1
1
1
0
-1
0
0
0
0
0
0
0
0
0
0
0
0
0
-1
0
-2
-4
-2
0
-1
0
0
0
0
0
1
0
0
2
1
0
0
1
0
0
0
0
0
0
0
0
0
-1
-1
-2
-1
0
0
0
0
0
0
0
-1
0
0
0
0
0
0
0
0
0
0
0
0
-1
-1
0
0
0
-2
1
1
2
0
0
1
0
0
1
0
0
-1
0
0
0
0
0
0
0
0
1
1
0
-1
0
1
0
-1
-2
0
-1
0
0
-1
0
-1
1
1
1
0
-1
-1
-1
0
0
-1
0
0
2
0
0
0
-1
0
1
1
1
0
0
1
-1
-1
0
0
-1
0
0
0
0
-1
0
0
0
0
0
0
0
0
0
0
0
0
-1
0
0
1
0
-1
0
0
0
0
0
1
0
0
0
-1
-1
-1
-1
1
0
0
0
0
1
0
0
0
0
0
0
0
0
0
-1
0
0
0
0
0
0
0
0
1
0
0
0
0
0
0
0
0
1
0
0
-1
0
0
0
0
1
-1
0
1
0
1
0
0
2
0
0
0
0
-1
0
-1
-2
-1
0
0
1
1
0
0
0
0
0
-1
0
0
0
0
0
0
0
0
0
0
0
0
0
0
2
0
0
0
0
1
0
0
0
1
0
0
0
0
0
0
0
0
0
0
0
0
-1
0
0
-1
0
0
0
0
0
0
0
0
0
1
0
1
1
1
1
0
-1
0
1
0
0
0
0
0
0
0
0
-1
0
0
0
0
0
0
0
0
0
-2
0
0
0
0
1
1
0
-1
0
0
0
0
0
0
0
0
0
0
-1
0
0
0
0
0
0
2
0
0
0
0
-1
0
0
0
0
0
1
-1
-1
0
0
0
0
0
0
0
0
0
0
0
0
0
0
0
0
-1
-1
0
0
0
0
2
1
0
0
0
-2
0
1
0
0
0
1
0
-1
0
0
0
-1
0
0
0
0
0
0
0
0
0
0
-1
-1
-1
-1
0
0
0
0
1
0
0
0
1
0
0
0
0
-1
0
1
0
0
0
0
0
0
0
0
0
0
0
0
0
0
0
0
-1
-1
-1
1
0
0
0
0
0
-1
0
0
0
1
1
1
0
0
-1
0
0
0
0
0
0
0
0
0
1
1
0
0
1
0
0
0
0
0
0
0
0
0
-1
-1
0
0
0
-1
0
-1
-1
0
1
2
1
1
0
0
0
0
0
0
1
0
0
1
0
-1
-1
0
-1
0
0
0
0
0
0
0
-1
0
0
0
0
0
0
0
0
-1
0
1
0
0
0
0
0
0
0
0
-1
0
0
0
0
1
0
0
0
0
0
0
1
0
0
0
-1
-1
0
0
1
0
1
1
0
0
0
-1
0
-1
0
0
0
1
1
1
1
2
0
0
0
1
0
0
0
0
-1
-1
0
0
0
0
0
0
1
0
0
0
0
0
0
0
0
0
0
0
0
0
0
0
0
1
0
0
0
0
0
0
0
0
0
0
0
0
1
0
0
0
0
0
0
0
-1
0
0
0
0
0
0
0
0
0
-1
0
0
0
0
-1
0
0
0
0
0
1
0
0
0
0
0
0
0
0
0
0
0
-1
0
0
0
-1
0
0
0
-1
0
0
0
1
0
0
0
1
0
-1
0
0
0
1
1
0
0
0
0
0
0
0
0
0
0
0
0
0
0
0
0
0
0
1
0
0
0
0
0
0
0
0
-1
0
0
0
1
-1
0
0
0
0
0
0
0
1
0
0
0
-1
0
0
0
-1
0
0
0
1
1
0
0
0
0
-1
-1
0
0
0
0
0
0
0
0
0
0
0
0
0
0
0
0
0
0
0
0
0
0
0
0
0
0
0
0
0
0
-1
-1
0
1
1
0
0
0
1
0
0
0
0
0
-1
0
-1
0
0
0
0
0
-1
-1
0
0
1
0
0
0
0
0
1
1
1
0
0
0
-1
0
0
0
0
0
-2
-1
0
0
1
1
0
0
0
0
0
0
0
0
0
0
0
0
1
1
0
0
0
0
0
1
0
0
0
1
1
1
0
0
1
0
0
-1
0
0
-1
0
0
0
0
-1
0
0
1
0
0
0
0
0
0
0
0
0
0
0
0
0
0
0
0
0
0
-1
0
0
0
0
0
0
0
1
-1
0
0
-1
0
0
1
0
0
0
0
0
0
0
0
0
0
-1
0
1
0
-1
0
0
0
0
0
0
0
0
0
0
0
0
0
0
0
0
0
0
-1
0
0
0
1
0
0
1
0
0
0
0
1
0
0
0
0
0
0
0
0
0
-1
0
0
-1
0
-1
0
0
-1
0
0
0
0
0
0
0
0
0
1
0
0
0
-1
0
0
0
0
-1
0
0
0
0
0
1
0
-1
0
0
0
0
0
0
0
-1
0
0
0
0
-1
0
0
-1
0
0
0
0
0
0
0
0
0
0
0
0
0
0
0
0
1
0
1
1
0
0
0
1
1
0
0
0
0
0
0
0
0
0
0
0
-1
-1
1
0
0
0
-1
0
0
0
0
0
0
0
0
1
0
0
0
0
0
-1
-1
0
0
0
0
0
0
0
0
0
-1
0
1
0
0
0
1
1
0
0
0
0
1
0
-1
0
0
0
0
-1
0
0
0
0
0
0
0
0
1
0
0
0
-1
0
1
0
0
-1
0
0
0
0
-1
0
0
0
0
0
0
1
0
0
0
0
0
0
0
-1
-1
0
0
0
0
0
0
0
0
0
0
0
-1
0
0
0
0
0
0
0
0
0
0
1
0
0
0
0
0
0
0
0
0
0
0
0
0
0
0
0
0
0
0
0
-1
0
0
0
0
0
0
0
0
0
-1
0
0
0
-1
0
0
0
0
0
0
0
0
0
0
0
0
0
0
2
0
0
0
0
0
0
0
0
0
0
0
0
0
0
1
0
0
0
0
0
0
0
0
0
0
0
0
0
1
1
0
0
0
0
0
0
0
0
0
0
0
0
0
0
0
1
0
0
0
0
0
0
0
0
0
0
0
0
0
0
0
0
0
0
0
0
0
0
0
0
0
0
-1
0
0
0
0
0
0
1
0
1
0
0
0
0
1
1
0
0
0
1
0
0
0
0
0
0
1
0
0
0
0
-1
0
0
0
0
-1
0
0
0
0
0
0
0
0
0
1
-1
0
0
0
0
-1
0
1
0
0
0
0
0
0
0
1
-1
0
1
1
0
0
0
0
0
0
0
0
0
0
0
0
0
0
0
0
0
0
0
0
0
0
1
0
0
0
0
0
0
1
0
0
0
0
0
1
0
0
0
0
0
0
0
0
0
1
0
0
0
0
0
0
0
0
0
0
0
0
0
0
0
0
0
0
0
0
0
1
1
0
0
0
0
1
0
-1
0
1
0
0
0
0
0
0
0
0
0
0
0
0
0
0
0
0
-1
0
0
0
0
2
0
-1
0
0
0
0
0
-1
0
0
1
0
-1
0
0
0
1
0
0
0
-1
0
1
0
0
0
0
0
0
0
0
0
0
0
0
1
0
0
0
0
0
0
0
0
0
-1
0
0
0
0
1
0
0
0
1
1
0
-2
-1
0
1
0
0
-1
0
0
0
0
0
-1
0
1
1
0
-1
0
0
0
0
0
0
-1
0
0
0
0
0
1
1
0
1
1
0
0
0
0
0
0
0
0
0
0
0
0
-2
-1
0
0
0
-1
-1
0
0
0
-1
0
1
0
0
1
0
0
1
1
0
1
0
0
0
-1
0
-1
0
0
0
0
-1
-1
0
0
0
0
0
1
0
1
0
0
0
0
1
0
0
0
1
1
0
0
0
0
0
0
0
-1
0
-1
0
0
0
0
1
0
0
0
-1
0
0
0
0
0
0
-1
0
0
0
0
0
0
0
0
0
1
0
0
0
0
0
0
0
1
0
0
0
0
0
0
0
-1
-1
0
0
-1
0
0
-1
0
0
1
0
0
1
0
0
0
0
0
0
0
0
0
0
0
-1
1
0
-1
0
0
0
0
0
0
0
0
1
1
0
0
-1
-1
0
-1
0
0
-1
0
0
0
0
0
0
0
0
0
2
1
0
1
0
0
0
0
0
0
0
0
1
0
0
0
0
-1
0
0
0
0
0
0
0
0
0
1
0
0
0
0
1
1
0
1
0
-1
-1
0
0
0
1
0
0
0
0
-1
-1
0
-1
0
0
1
0
0
0
1
1
0
0
-1
0
0
0
1
0
0
0
0
0
0
0
0
0
0
0
1
0
0
-1
0
0
0
-1
-1
1
0
0
0
0
0
0
0
1
0
0
0
0
0
0
0
0
1
0
0
1
1
0
0
0
0
0
0
0
0
0
0
0
-1
0
0
0
0
0
0
0
0
0
0
1
0
1
0
0
0
0
0
1
-2
-1
0
0
0
0
0
0
0
0
0
0
-1
0
0
0
0
0
0
0
0
0
0
1
0
1
0
0
0
0
0
0
0
0
0
0
0
0
0
0
0
0
0
0
0
0
0
0
0
0
0
0
0
0
0
0
1
1
0
0
0
0
1
0
-1
0
0
0
0
0
-1
0
0
0
0
-1
1
1
0
0
-1
0
0
0
0
-1
0
0
0
0
-1
0
0
0
0
0
0
0
0
1
1
0
1
0
0
0
1
1
1
0
0
0
0
0
-1
0
0
0
0
0
0
0
0
0
0
0
0
0
0
0
0
0
0
0
0
0
0
0
0
1
0
0
0
0
0
1
0
0
0
0
0
0
0
-1
-1
0
1
2
0
1
0
0
-1
0
0
0
0
0
0
0
0
0
0
0
0
0
-1
0
0
0
0
0
-1
-1
0
0
0
0
0
0
0
0
0
0
1
0
0
0
0
1
0
0
0
1
0
-1
0
0
-1
0
0
0
0
1
0
-1
0
0
0
0
0
0
0
0
0
0
0
0
0
0
0
0
0
-1
0
0
0
0
0
-1
0
0
0
0
0
0
0
0
1
1
0
0
1
0
0
1
0
0
0
1
-1
0
2
0
1
0
-1
0
0
0
0
0
0
0
0
-1
-3
0
-1
-2
0
-1
-1
0
-2
-2
-1
-1
0
0
0
0
0
0
0
0
0
1
2
1
1
1
2
2
0
1
2
1
1
1
2
1
2
0
0
0
0
0
0
0
0
0
-1
0
-1
-1
-1
-2
0
-2
-1
0
-1
0
-1
-1
0
0
-1
0
0
0
0
0
0
0
1
0
1
0
1
1
2
1
0
1
0
0
0
0
0
0
-1
-1
0
0
-1
0
0
0
0
-1
0
0
0
0
0
0
0
0
0
0
0
0
0
0
0
0
0
0
0
0
0
1
0
0
0
0
0
0
0
0
0
0
0
0
0
0
0
0
0
0
-1
0
0
-1
0
0
0
0
0
0
0
0
0
1
1
0
0
0
0
1
0
0
0
0
0
0
0
0
0
0
1
0
0
-1
0
0
0
0
-1
-2
-1
0
0
0
0
0
0
0
1
0
0
0
0
0
-1
0
1
0
0
0
0
0
0
0
0
1
0
0
0
0
0
0
0
-1
0
0
1
0
0
0
0
0
-1
0
-1
0
0
0
0
0
0
0
0
1
0
0
0
0
0
1
0
-1
0
0
0
0
0
0
-1
0
0
0
0
1
0
0
0
0
0
0
0
0
0
-1
0
0
0
0
0
0
0
-1
-2
0
1
0
0
0
0
0
0
0
1
0
-1
0
0
0
0
0
0
1
0
0
0
0
-1
0
-1
0
0
0
0
1
1
1
0
0
0
0
0
0
0
0
0
0
0
0
-1
0
0
0
0
0
-1
0
0
0
0
0
1
0
0
1
0
0
0
0
1
0
0
0
-1
0
0
0
0
0
0
0
0
1
0
0
0
1
0
-1
0
0
0
1
0
0
0
0
-1
0
0
0
0
0
0
0
0
0
0
0
0
0
0
0
0
0
0
0
1
0
-1
0
0
0
0
0
0
0
0
-1
0
0
0
0
0
0
0
0
0
0
0
1
0
0
0
0
0
-1
0
0
0
0
0
0
0
-2
0
0
1
0
-1
0
0
0
1
1
0
0
0
0
0
0
0
0
0
0
1
0
0
0
0
0
0
0
0
1
-1
-1
0
0
0
0
0
0
-1
0
1
0
0
0
0
0
0
0
0
0
0
0
0
0
0
0
0
0
0
0
0
0
0
1
0
0
0
1
2
0
0
0
0
1
0
0
1
0
0
0
-1
-1
0
0
0
0
0
0
0
0
0
0
0
0
0
0
0
0
0
0
0
0
-1
0
1
0
0
0
0
1
0
0
-1
0
0
0
1
0
0
0
0
0
0
0
-1
1
0
1
1
0
0
0
0
-1
-1
0
0
0
0
0
0
0
0
0
-1
0
0
0
1
0
0
0
0
0
0
0
0
0
0
0
0
0
0
1
1
0
1
0
-1
0
0
0
0
-1
-1
0
-1
0
0
0
0
0
0
0
0
-1
0
0
0
1
-1
0
0
0
1
0
0
0
0
0
0
-1
-1
0
1
0
0
0
1
0
0
1
0
1
0
0
0
-1
-1
1
0
-1
0
0
-1
0
1
1
0
0
0
0
0
0
-1
-1
0
0
0
0
0
1
0
0
0
0
-1
0
0
0
0
0
0
1
0
0
0
0
0
-1
-1
0
0
0
0
0
0
0
0
0
0
0
0
0
0
0
1
0
0
1
0
-1
0
0
0
0
0
0
0
-1
-1
0
0
0
2
0
0
0
-1
0
-1
0
0
0
0
0
0
0
-1
-1
0
3
1
-1
0
-1
0
-1
-1
0
0
0
0
1
0
0
0
0
0
0
0
1
0
1
2
0
0
0
1
0
0
-1
0
0
-1
0
0
0
-1
0
0
0
0
0
0
0
0
0
0
1
0
1
1
0
0
-1
0
0
-1
0
0
0
1
0
0
0
0
0
0
0
0
0
0
0
0
0
-1
-1
0
-1
0
0
0
0
0
1
0
-2
-1
0
-1
-1
0
0
0
0
0
1
0
0
0
1
0
1
1
0
0
0
1
0
0
0
-2
0
0
0
0
-1
-1
0
0
0
1
0
2
0
0
2
1
0
0
0
0
0
0
-1
0
0
0
1
0
0
-1
0
0
0
0
-1
-1
0
0
0
0
0
0
0
0
1
0
0
0
0
0
0
0
-1
0
0
1
0
0
1
0
0
0
0
0
0
-1
0
0
0
0
0
0
0
0
0
0
0
0
0
0
0
-1
0
0
0
0
0
0
1
0
0
0
1
0
-1
0
0
0
0
0
1
0
0
1
-1
-1
-1
1
0
-1
1
1
0
0
0
0
0
1
0
0
1
0
-1
0
-1
0
0
0
0
0
1
1
-1
0
-1
0
0
-1
1
1
0
0
0
-1
0
0
0
0
0
0
0
0
0
0
0
0
0
-1
0
0
0
0
0
0
0
1
1
0
0
1
0
0
0
0
0
0
-1
0
-1
1
0
0
0
0
0
0
0
0
1
0
-1
1
0
0
0
1
-1
-1
0
0
1
0
0
0
0
0
0
0
1
1
0
0
0
0
1
0
0
0
0
-1
0
-1
-1
0
0
0
0
0
0
1
0
1
1
0
0
0
0
0
0
-1
-1
0
-2
0
0
0
1
1
0
0
0
0
0
0
0
-1
-1
0
-1
0
0
0
0
0
0
0
0
0
1
0
0
0
0
0
0
2
0
-2
0
0
1
0
-1
1
2
0
-1
0
1
0
-1
0
1
1
0
0
0
0
-1
-1
0
-1
-1
1
2
0
0
0
0
0
0
-1
0
2
2
1
0
0
0
0
0
0
0
1
1
-1
0
0
0
-1
-2
-1
0
0
0
1
0
0
0
-1
-1
0
0
1
0
0
1
-1
1
0
1
1
0
0
0
0
0
0
0
0
0
0
0
0
0
0
1
0
1
3
1
2
2
0
0
-2
-1
0
-1
0
0
-1
0
0
-1
-1
-1
-1
-1
-1
-2
0
0
0
2
1
0
0
0
0
0
0
2
3
5
4
2
4
3
5
2
0
3
2
-1
-4
-5
-4
-3
-3
-6
-8
-6
-2
-2
0
-2
-4
0
0
0
-1
1
2
2
4
1
3
5
6
5
4
4
4
0
1
2
1
0
0
0
-1
-1
-1
-2
-5
-4
-5
-6
-6
-5
-4
-3
-3
-1
-1
0
2
2
3
4
6
5
5
3
5
1
1
0
0
1
0
1
-1
-1
0
-2
-3
-2
0
0
0
-1
0
-1
0
0
1
1
0
1
0
-3
-1
0
-1
-1
-1
0
0
0
1
0
-1
0
0
0
0
1
0
3
1
1
1
2
2
1
0
1
2
-1
-2
-1
0
-1
-1
1
-1
-2
-1
0
-1
0
1
0
0
-1
-1
0
0
0
1
0
0
0
0
0
1
0
0
-1
0
1
0
2
0
0
0
0
0
0
0
0
0
0
-1
-1
0
0
0
0
0
0
1
0
0
0
0
0
-1
-2
-1
0
1
0
2
0
0
0
1
0
1
0
-1
0
0
0
0
0
0
0
0
0
0
0
-1
0
0
0
0
2
0
0
0
-1
0
1
0
0
1
-1
0
0
-1
-1
0
-1
0
0
-2
1
0
0
1
0
0
0
0
0
-1
1
0
0
1
0
0
0
0
1
0
0
0
0
0
0
0
-1
-1
-1
-2
-1
0
0
0
0
2
0
1
1
2
2
0
0
-1
-1
-1
1
0
-1
1
2
0
-1
1
1
0
0
1
0
0
0
0
-1
0
-2
-1
0
-2
0
0
0
0
-1
-1
-1
0
0
0
1
2
2
0
0
1
0
1
0
0
3
0
0
0
-1
-1
0
1
0
-1
-1
0
0
-2
-2
-1
0
-1
-1
0
0
1
0
1
0
0
1
1
0
0
1
1
2
0
0
0
0
0
0
0
0
0
0
-1
0
0
0
-1
0
0
0
1
0
-1
0
0
0
-1
-1
0
0
0
0
1
1
0
1
1
0
0
0
0
0
0
0
0
0
-1
-1
0
2
0
0
0
0
1
0
0
0
-2
-1
0
0
0
-1
1
0
0
0
-1
1
1
1
0
0
0
0
-1
-1
0
-1
1
0
0
0
1
1
0
0
-1
1
2
0
-1
1
-1
0
0
0
-1
2
1
0
0
0
0
0
0
-1
-1
0
0
-1
-2
-1
0
0
1
1
0
0
1
0
0
0
0
0
1
0
0
0
0
1
1
2
1
0
0
-1
-1
0
0
-1
-2
-2
0
0
-1
0
2
0
0
0
0
1
0
2
0
-1
0
0
0
0
0
1
1
0
0
0
0
0
-1
-1
0
0
-1
0
-1
0
0
0
0
1
1
1
1
0
-1
0
0
1
0
1
1
0
0
0
0
-1
-1
0
0
-1
-1
-2
0
0
-1
0
2
-1
0
1
-1
0
0
0
0
1
2
1
0
2
0
0
0
0
0
0
0
0
0
0
0
-2
-1
0
0
1
0
-2
-1
-1
0
0
-1
0
0
0
0
0
0
0
1
0
0
0
0
0
1
0
0
0
0
0
0
0
1
0
0
1
1
0
0
0
0
0
-1
0
1
0
0
-1
0
0
-2
2
0
-1
2
0
0
0
0
0
0
0
-1
-1
0
0
0
1
1
0
0
0
0
0
0
0
0
0
1
0
0
1
-1
-1
1
0
0
-1
0
2
3
0
-2
-2
0
0
0
0
0
-1
0
0
2
1
0
0
0
0
0
-2
0
0
0
0
0
0
0
1
0
1
0
0
0
1
0
-1
0
0
0
-1
0
1
-1
-1
0
0
-2
-1
0
0
1
0
0
0
0
0
0
0
1
-1
-2
-1
1
2
1
-1
-2
0
1
0
1
1
0
0
0
0
0
0
0
1
1
0
0
0
0
-3
-4
0
2
0
0
0
-1
1
2
1
-1
-3
-1
2
4
4
-2
-6
-3
1
5
6
1
-5
-4
-1
2
3
0
-3
-3
0
4
3
2
-2
-4
-1
3
2
0
0
-1
0
0
-1
-2
0
1
2
-1
-1
-1
0
0
2
0
-2
0
4
2
1
-1
-2
0
0
0
0
1
0
0
1
0
0
-2
-2
-2
-4
-1
2
5
5
6
0
-2
-3
-4
-2
-2
0
1
4
1
0
1
-3
-4
-3
0
0
1
1
0
1
0
0
0
-1
1
3
2
0
-4
0
0
-1
1
-1
-1
-2
2
5
5
7
3
-3
-3
0
0
0
0
3
1
0
5
3
0
-2
-10
-7
1
0
-3
-2
-3
-6
-2
3
1
1
1
-5
-6
1
4
2
0
-6
-9
-1
6
6
6
1
-6
-4
0
6
9
2
-2
-3
-1
3
6
2
-1
-3
-1
3
3
4
0
0
-1
-2
0
0
0
-2
0
0
-1
0
0
-5
0
3
0
4
1
-6
-5
0
0
0
5
0
-4
3
-1
-3
3
0
-1
7
2
-9
0
1
-2
6
3
-8
-2
4
2
3
-2
-7
0
2
4
2
-3
-8
0
6
0
-5
-3
-2
3
5
1
-2
-4
0
6
3
-2
-5
-3
0
4
1
-4
-1
1
1
3
0
-6
-1
5
0
0
3
-1
-1
0
-1
-3
0
1
0
1
1
2
3
0
-3
-3
-3
0
1
-1
0
0
0
3
2
-3
-5
-2
0
1
3
0
1
4
0
0
-1
-4
-1
3
4
1
0
0
-1
0
0
-2
-2
-2
0
2
2
0
0
-1
-1
-1
0
0
0
-1
2
3
0
2
0
-1
-2
0
0
-3
1
2
0
1
0
0
1
0
-1
-2
-1
2
3
0
-1
-1
-3
-2
1
0
-2
-3
-1
1
0
2
2
-2
0
1
1
2
0
-2
0
2
3
1
0
0
-1
-1
1
1
1
-2
-3
0
0
1
3
0
-2
-3
0
0
0
0
0
0
-1
0
0
1
2
0
-2
0
0
0
1
1
-3
-4
0
0
0
0
1
1
1
1
0
0
2
1
-1
0
0
0
0
1
0
-2
-1
-2
0
2
1
-2
-1
0
-1
2
4
0
-1
0
-1
-1
4
3
-1
-1
-2
1
0
1
1
-3
-2
-1
0
3
3
2
-1
-1
-1
0
0
0
0
0
0
-3
-1
0
4
2
-3
-2
-3
0
5
0
0
-1
0
0
-3
0
2
0
0
0
0
0
1
0
0
0
3
0
-5
-4
1
2
3
3
-4
-5
2
2
3
4
-2
-2
0
-2
3
9
1
-5
-9
-8
4
12
3
-1
-4
-7
0
3
3
3
-5
-6
4
2
2
0
-12
-6
9
6
0
1
-4
-8
0
7
9
4
-4
-16
-12
16
29
2
-18
-14
-10
9
26
4
-21
-17
1
8
11
11
-2
-14
-8
2
0
-1
9
7
0
-6
-6
-3
6
10
0
-3
-4
-9
0
9
12
1
-11
-10
4
17
7
-14
-12
5
7
2
0
-5
-9
-3
8
6
1
0
-10
-11
4
11
-1
-4
6
0
-13
0
16
8
-9
-12
1
13
2
-8
0
8
1
-9
-6
7
6
0
-5
-6
1
8
6
-8
-9
2
14
7
-14
-18
0
17
11
-10
-15
0
16
8
-10
-9
0
5
1
0
0
-4
-1
4
9
3
-13
-8
12
14
-9
-18
0
16
5
-10
-5
7
0
-7
0
5
2
-8
-3
11
7
-5
-5
0
4
4
-3
-6
0
1
5
3
-6
-4
3
7
2
-5
-1
1
1
-3
-3
0
0
0
2
3
0
-1
0
0
-6
-8
1
9
2
-5
-3
6
5
-1
-1
5
2
-7
-4
-1
0
-3
-1
5
6
-1
-5
1
3
0
-2
-3
4
7
-3
-10
-3
6
6
-3
-4
1
-1
-7
-2
7
4
-4
-2
9
5
-3
-5
3
11
0
-9
-3
1
0
-5
-1
5
7
-2
-2
2
-1
-1
0
-1
-1
-1
-2
-6
-3
9
8
-4
-6
7
4
-11
-3
10
4
-2
4
6
-7
-12
-1
4
4
1
0
0
-4
-6
-3
-3
0
8
9
0
-3
-2
-5
-2
0
5
5
3
-5
-4
0
-3
-1
3
3
0
3
3
1
-4
-2
0
-4
1
4
0
0
0
-1
-1
-3
-4
3
1
-3
4
4
0
-3
-4
0
3
0
-1
2
2
-4
-1
1
-1
2
-1
0
4
0
-8
0
12
5
0
4
-4
-10
-11
-2
14
13
-1
-1
0
-9
-15
0
14
8
0
0
0
-2
-10
-8
5
3
0
7
12
7
-7
-18
-11
4
5
7
12
1
-14
-14
-4
5
8
4
0
-1
-4
-11
2
11
0
0
4
0
-4
0
5
4
-6
-11
4
17
1
-7
-1
-6
-6
3
15
16
-11
-25
-11
6
8
4
6
5
-4
-7
-3
5
10
11
1
-13
-7
-8
-6
3
0
11
22
0
-3
0
-13
-8
15
3
-12
0
-11
-22
0
8
12
24
14
-2
-5
-20
-33
-9
16
22
14
0
-7
-2
5
3
0
-5
-6
-1
5
10
0
-1
6
5
3
2
-2
-5
-9
-16
-8
8
9
6
5
-3
-4
-5
-1
11
4
-18
-26
-19
-1
21
18
10
11
-3
-15
-7
1
3
3
-8
-6
8
14
14
7
-5
-14
-10
-1
3
3
7
10
2
-3
-1
0
7
4
-4
-2
-2
1
10
3
-15
-18
-3
7
4
-6
-6
8
8
2
-1
-1
-12
-22
-15
0
17
14
3
0
2
5
-3
-6
-4
3
0
-6
-1
13
17
-8
-19
-3
17
13
-4
-7
5
6
-20
-26
0
21
15
9
13
12
-3
-33
-47
-13
33
47
32
-19
-86
-97
-12
117
168
77
-83
-151
-68
40
80
29
-38
-61
-35
8
29
29
26
30
27
4
-17
-18
-24
-35
-27
-2
26
29
17
10
9
0
-4
11
-1
-43
-66
-35
30
57
37
14
1
-18
-47
-47
-3
24
6
-5
20
51
37
-5
-27
-30
-23
-7
6
13
8
7
11
19
24
0
-32
-48
-30
15
40
31
6
-12
-25
-29
-8
15
18
3
-25
-32
-19
-6
9
37
42
14
1
8
-1
-14
-13
7
2
-21
-10
4
3
0
4
17
4
-17
-2
22
20
-2
-19
-25
-17
6
15
3
-4
-9
4
26
30
-4
-33
-11
4
-10
-21
-3
35
44
12
-40
-49
1
34
8
-23
-17
-3
8
21
8
-8
3
27
4
-24
-7
-4
-5
27
38
1
-23
-21
-26
-36
-40
-23
26
45
29
24
27
11
-18
-32
-14
22
31
3
-30
-28
-4
3
13
19
5
2
10
-1
-10
-14
-25
-19
14
21
2
-2
-20
-21
21
33
-5
-30
-34
-1
44
49
33
-8
-45
-42
-12
18
22
-8
0
26
15
3
-33
-54
0
44
10
-19
-4
7
1
-4
4
12
14
16
-10
-27
-17
-1
7
-3
-2
19
34
6
-17
-23
-35
-7
13
9
-10
-20
16
14
-6
5
28
19
-9
-21
-27
5
20
29
11
-39
-17
18
23
25
9
-7
-29
-43
-28
6
25
28
27
-19
-28
-3
8
9
-10
-7
8
-6
-11
7
1
-7
0
-14
0
36
25
10
1
0
-12
-43
-11
37
13
-26
-15
12
23
5
-16
-7
5
1
2
-5
-19
-21
-4
29
27
-8
-13
7
12
-8
-14
-6
2
8
-1
2
2
-12
-19
-2
32
33
4
-16
-15
1
4
5
-6
-10
7
8
11
-12
-32
-17
11
26
25
16
-13
-37
-21
2
22
18
-5
-18
-26
-11
17
26
27
28
16
-12
-46
-49
-12
24
28
4
-8
5
9
0
15
11
-24
-29
-6
6
1
0
0
-1
3
22
32
7
-17
-31
-26
-15
-8
10
9
21
31
1
-5
1
-4
-21
-21
7
15
31
2
-45
-2
29
11
-9
-3
-13
-33
19
34
-9
-15
-1
22
18
-13
-38
-31
10
34
33
-5
-39
-3
26
11
-7
-22
-15
3
14
23
31
14
-40
-49
-13
0
41
61
13
-36
-48
-24
-2
28
25
-9
-10
-3
10
6
-11
0
7
6
-6
-11
0
11
11
0
-10
-16
-4
19
31
10
-23
-28
-8
20
19
1
-24
-32
-4
16
27
8
-7
7
7
-2
-2
1
-13
-31
-18
-8
9
32
37
24
0
-12
-13
-8
-9
-15
-11
-5
-3
11
17
0
-11
3
24
20
0
-11
-17
-28
-29
-2
25
27
22
10
-6
-15
-21
-9
15
14
-3
2
16
7
-5
-8
-2
4
-8
-23
0
14
-1
0
21
24
-7
-37
-30
-1
8
-4
7
26
14
-19
-31
6
19
-13
-18
9
15
-4
-9
-10
-8
3
18
35
32
0
-28
-23
-5
0
-2
-8
-13
4
23
34
51
25
-31
-60
-26
22
18
-8
-26
-15
15
28
15
-13
-30
-17
13
34
12
-27
-29
6
18
-12
-34
-8
28
21
-15
-27
4
35
34
0
-40
-17
29
32
8
-15
-26
-22
-2
17
22
25
7
-18
-15
-8
-4
2
2
-3
-6
8
18
7
-21
-23
4
6
7
3
-6
1
0
1
1
-3
-1
-6
10
21
6
-17
-46
-13
32
28
-3
-25
-5
24
20
-14
-25
0
12
17
13
-5
-15
-9
-2
-1
-4
0
3
13
17
12
-4
-16
-14
-16
-9
2
14
13
7
7
3
-2
-19
-30
0
33
23
-1
-18
-15
10
22
-6
-22
4
23
12
-26
-36
2
26
18
0
-9
3
0
-15
0
14
-8
-33
-7
31
25
1
-11
9
31
-2
-58
-53
0
21
23
40
23
-10
-27
-14
6
2
-12
-22
2
29
17
18
1
-18
-17
-24
-7
-2
-3
12
28
34
6
-11
-20
-35
-11
-18
0
38
9
5
31
31
-13
-40
-32
-32
3
27
22
19
4
4
-4
-11
-5
-7
-9
-18
-8
11
20
14
0
4
3
-6
-7
0
1
-25
-22
16
21
17
13
-14
-18
0
6
-5
-9
2
7
9
3
-3
1
-1
2
-5
-13
-5
-2
9
20
11
-8
-14
-6
6
9
-9
-14
-11
5
10
0
2
4
12
6
0
0
-13
-6
-2
5
7
-5
-2
0
9
8
-5
-15
-15
9
19
0
-17
-10
11
8
5
5
-6
-6
-7
-3
10
6
-6
-15
-3
20
31
12
-24
-33
-11
13
26
10
-21
-23
-3
18
33
11
-24
-37
-20
14
27
15
-2
-14
-3
11
7
-2
-17
-20
-2
13
19
13
0
-11
-10
0
12
10
-5
-14
-7
8
10
-1
-2
1
-1
-4
0
4
-2
-6
2
6
-1
-7
-6
5
6
1
0
3
-1
-12
0
8
-4
-11
7
19
2
-4
1
4
-4
0
-8
-10
7
9
-7
-14
14
28
8
-16
-28
-4
12
-8
-10
11
20
22
7
-27
-32
-10
21
15
-23
0
31
19
-2
-22
-15
4
5
-11
-18
-7
35
40
-2
-33
-17
19
8
-23
-27
4
41
29
-9
-18
-10
6
13
-34
-60
9
93
87
-15
-87
-70
-5
38
45
23
-22
-40
-8
29
30
-8
-30
-12
7
4
1
8
0
-8
10
16
6
5
0
-24
-44
-22
27
40
19
-1
-8
-3
-2
-8
-18
-17
-13
0
24
31
10
-10
6
15
-8
-30
-23
-3
11
29
21
-10
-15
5
13
-11
-22
-6
10
18
5
0
-10
-18
-18
0
17
14
17
7
-17
-19
0
4
-8
10
27
0
-22
-19
0
6
15
6
-15
-5
10
3
-9
2
13
2
0
-8
-7
0
3
4
-7
-11
-2
16
20
-6
-15
-2
8
13
13
1
-14
-21
-16
-3
10
10
3
0
-5
-10
1
15
17
7
-9
-27
-36
-13
31
50
18
-7
-1
0
-24
-45
-22
14
24
23
25
22
6
-18
-39
-22
1
19
29
-7
-32
-25
4
27
21
1
-2
0
-7
-3
3
4
2
-8
-8
2
-3
-1
5
3
-12
-24
-1
17
0
-4
15
39
27
-15
-30
-18
-16
-21
-3
16
14
22
24
6
-17
-19
3
22
28
5
-31
-57
-38
6
28
31
19
10
10
0
-24
-48
-37
4
42
51
21
1
-6
-30
-42
-24
-8
1
26
38
16
-10
-21
-8
11
23
22
8
0
-22
-43
-36
7
47
30
-4
-25
-29
-5
20
32
15
-7
1
-11
-29
-15
13
14
-7
-17
-12
9
30
40
19
-32
-55
-13
20
2
1
17
22
19
0
-29
-36
-8
13
25
6
-14
0
26
15
-20
-21
-4
-3
-12
-5
17
22
8
15
4
-41
-40
17
30
-10
-31
-13
23
32
24
9
-4
-27
-27
7
12
-7
-19
2
27
29
2
-35
-34
13
27
-9
-9
12
4
1
24
8
-16
-9
-14
-23
-8
-3
19
36
-23
-27
34
32
-2
-11
-23
-19
16
11
-7
0
3
-11
-6
13
0
-3
16
9
-20
-6
6
2
11
0
-7
6
-8
-29
4
33
10
-9
4
-1
-16
4
-11
-24
24
21
-13
15
7
-30
-12
-5
-3
29
29
14
-7
-47
-31
32
30
-26
-35
17
40
6
-17
-15
0
4
-6
16
22
-7
-21
-8
-4
-1
12
12
-11
-14
19
9
-14
-5
13
6
-18
-1
21
-7
-2
26
-22
-48
11
8
-15
17
29
2
-10
-4
-4
1
5
20
22
-23
-38
2
15
-20
-13
14
14
0
2
8
-12
-3
25
10
-15
-4
2
-17
-30
-17
13
15
11
20
7
-5
11
12
-13
-28
-11
20
9
-25
-15
17
-1
-22
9
15
-4
0
14
18
7
2
5
1
-10
-19
-23
-4
5
-15
-16
15
24
-1
1
4
-1
19
24
-5
-23
-4
12
-22
-37
2
29
20
-11
-21
-5
21
18
-8
-16
-7
27
21
1
-4
-11
-23
-21
22
10
-16
-14
2
24
14
-12
-38
-13
34
32
-10
0
44
5
-31
-8
-13
-20
13
2
-7
17
10
1
-21
-12
5
-14
12
35
33
-7
-45
-46
-3
41
8
12
10
-21
0
22
-8
-25
11
1
-3
0
12
14
-22
-2
-25
-35
-5
6
58
58
10
-27
-38
-15
14
24
-12
-10
-5
-21
1
5
-1
23
19
-12
-14
-4
-6
11
39
15
-12
-11
-31
-32
3
26
-2
-20
25
10
-19
25
17
-28
1
11
-30
-7
26
8
-11
-1
8
6
-7
-14
-6
-11
7
24
10
10
5
-7
-22
-12
13
0
-10
19
6
-11
-10
-11
15
5
7
12
-11
1
-30
-34
7
20
38
7
-1
15
-10
-21
-21
-11
-3
5
27
14
10
-11
-33
-12
18
46
17
-17
-10
-3
-9
-40
-28
-1
20
51
18
-6
8
-1
-23
-9
10
-11
-11
4
10
14
-4
-17
-7
25
41
0
-38
-46
-15
20
16
-2
-10
7
25
28
12
-1
-24
-44
-20
12
16
7
-10
-27
2
35
44
30
-5
-13
-33
-32
-2
-8
-18
-13
1
19
24
42
52
-6
-42
-23
-21
-15
4
30
-4
-36
6
10
-13
18
32
-8
-21
11
21
5
-14
-15
-8
-11
-8
9
15
6
3
7
-5
-18
1
-2
-19
3
23
0
-30
-8
26
25
11
-4
-9
1
0
-12
-11
1
0
-8
5
21
2
-14
1
4
-4
-12
1
25
5
-2
1
-18
-31
-7
38
34
-13
-25
5
19
-8
-26
-1
11
1
-5
-1
8
0
11
8
-25
-3
7
11
5
-24
-9
8
5
7
-3
10
12
-17
-2
-3
-12
-6
-7
8
2
8
20
-1
2
-7
-11
8
-5
6
10
-15
8
-5
-32
10
25
12
-8
-24
5
20
-13
-15
11
6
3
3
8
5
-26
-17
5
3
21
13
-17
-5
-10
-19
0
13
31
21
-21
-36
-21
15
30
1
0
8
-5
-11
-11
-3
11
16
10
-19
-15
21
-3
-6
17
-1
-10
-7
-4
1
8
17
-4
-25
0
-2
7
22
-11
-14
0
4
10
-10
-11
12
-2
-5
18
-3
-16
1
-4
15
19
-11
14
12
-9
-2
-35
-14
29
4
11
3
-12
0
-20
-14
8
3
19
14
0
-14
-26
2
16
8
5
-5
1
-1
-18
-7
0
22
32
0
-12
-5
-11
-16
-9
2
-3
-5
8
22
26
11
-3
-16
-31
-17
1
1
11
27
22
2
-15
-24
-22
-4
15
11
12
1
-6
3
-6
1
17
0
-3
-6
-33
-13
14
-1
2
11
6
3
5
13
4
-2
-5
-22
-20
0
-5
18
26
-26
-15
9
-7
6
26
2
0
20
-6
-17
4
-10
-16
14
6
-10
11
10
0
-2
-2
3
1
-5
-5
-7
3
10
-9
5
-4
-25
11
3
-1
10
-13
-4
14
-8
-8
13
1
12
0
-14
24
10
-13
-3
-11
-5
0
-2
-1
0
1
5
12
2
-4
-7
-2
12
-5
-18
0
7
-7
-8
6
7
11
5
-13
-13
8
8
1
32
16
-21
6
-2
-24
0
-5
-22
-20
-23
-10
25
41
29
48
48
-13
-28
-36
-72
-37
0
0
35
44
21
27
5
-37
-28
-16
-8
9
13
7
3
9
2
-7
8
8
-8
0
-10
-21
5
13
3
5
-9
-21
-12
0
6
15
19
-3
-14
-4
-15
-9
9
17
17
14
12
6
6
-4
-10
-9
-20
-12
2
-3
11
11
0
8
-8
-7
7
-1
-8
-15
-6
0
2
14
9
3
1
-3
-6
-2
-2
-10
3
-2
-8
8
6
12
14
3
-6
-16
-12
-1
10
16
15
3
-1
-7
-12
-4
0
-5
-8
0
7
12
14
7
-6
-15
-18
-12
-7
0
5
6
8
6
8
6
0
0
-5
-11
-5
-3
3
12
8
2
-5
-11
-10
-2
3
9
9
10
6
-4
-9
-8
-6
-2
5
8
10
5
-3
-8
-5
-6
-6
0
1
0
-1
-2
-1
1
3
6
8
3
2
0
-4
-2
-6
-5
-4
0
5
6
7
1
-1
-4
-6
0
1
0
0
1
3
3
2
4
0
-3
-8
-6
-4
-2
0
2
3
2
-1
0
3
0
-2
-1
-1
3
0
-6
2
3
1
3
0
3
4
2
3
2
-6
-8
1
-2
-6
-6
0
2
1
-4
0
9
7
0
0
1
-1
-1
-4
-3
-1
-4
-1
1
0
3
5
5
-1
-1
0
-4
-2
0
-2
0
4
4
6
7
1
-2
-1
-4
-11
-2
4
-3
-3
0
-1
3
7
3
0
1
-3
-7
0
3
0
2
1
-2
0
5
3
0
1
0
-4
0
1
0
2
0
-7
-4
-2
-4
-4
-1
-2
-2
0
0
0
2
6
4
5
7
3
2
5
1
2
3
1
0
1
0
-2
-4
-5
-6
-7
-7
-5
-5
-6
-5
0
0
-1
0
0
2
6
5
6
7
6
3
5
3
1
2
-1
-1
0
0
-2
0
0
-2
0
-1
-4
-3
0
0
-1
-2
-2
-3
-2
1
0
1
0
0
-3
0
2
2
1
0
0
1
0
-2
1
3
0
0
0
1
1
3
0
-1
-1
-2
1
0
0
0
-2
0
0
0
3
4
0
-1
0
-2
-2
0
2
0
-1
0
-1
-4
-2
-1
-2
-2
3
1
-1
2
1
-1
1
2
-2
-2
2
0
0
4
0
-2
0
0
0
3
3
0
0
0
-1
0
0
0
-1
0
0
0
0
0
-1
-4
0
-1
0
1
0
-2
0
1
1
-1
-2
0
1
2
0
-2
0
1
3
1
1
2
0
0
0
-2
-2
-2
1
0
0
0
0
0
0
-1
-1
0
0
0
0
-3
-1
0
0
0
0
1
2
0
0
0
0
0
0
-1
-1
0
0
0
0
0
2
1
0
0
1
1
1
0
-1
-3
-1
0
0
0
0
-1
-3
0
0
0
0
1
1
0
0
0
2
0
1
1
0
0
-2
0
0
0
0
0
0
-2
-1
2
3
4
2
-1
0
-1
2
3
1
0
2
2
-1
-1
0
0
-1
0
-3
-3
0
-1
0
-1
-4
-2
0
0
-2
0
-1
1
1
0
0
0
0
0
-2
-3
1
4
3
3
0
2
2
0
0
1
1
2
0
0
0
0
1
0
-2
1
1
2
1
-1
0
0
0
-1
-1
-2
0
0
-2
-2
0
1
1
0
0
1
1
1
0
0
-1
0
-1
-1
1
2
0
-1
-1
0
0
0
1
2
3
0
0
0
0
1
0
-1
0
-1
0
0
1
2
0
-4
-3
0
-1
0
2
3
0
-2
-1
0
0
0
0
4
0
-2
-4
-1
0
0
2
4
2
2
0
-1
0
-1
0
0
-2
2
3
2
-2
-2
-2
-1
-2
-6
-1
1
1
3
5
5
2
-1
-1
-1
-2
-2
-1
-1
-2
-6
-3
2
5
7
6
5
0
-4
-3
1
1
0
-1
0
-1
-5
-8
-5
-2
2
7
10
10
9
8
4
-4
-7
-11
-13
-12
-13
-12
-2
6
13
14
13
13
10
4
0
-7
-14
-16
-10
-5
-4
-7
0
11
15
9
3
3
7
6
-5
-11
-8
-1
0
-4
-2
3
4
0
0
1
0
-2
0
2
1
0
-2
0
4
2
1
0
-1
-1
0
1
-1
-6
-1
2
1
0
-2
1
5
7
4
0
-2
0
-2
-7
-5
-5
-4
0
0
0
3
5
4
6
2
-2
-3
-4
1
3
0
-8
-12
-6
7
18
18
6
-5
-12
-11
-6
-2
0
2
-2
0
7
11
12
7
-5
-15
-17
-15
-5
2
6
8
8
8
5
8
4
-4
-10
-14
-9
0
5
7
8
5
-1
-3
-2
-3
-2
-2
-1
1
0
0
1
2
0
0
2
0
-4
-3
1
6
2
-7
-9
-1
0
2
7
10
4
-4
-4
0
1
-2
-3
0
2
-1
-4
0
2
-2
-1
3
6
4
0
-3
-4
-4
-2
1
2
0
-2
-2
0
3
5
9
3
-5
-10
-5
1
4
5
5
1
-3
-8
-6
0
4
4
-1
-4
-3
-3
-1
3
3
2
-1
-3
0
4
4
2
0
-4
-6
-5
0
3
7
5
0
-2
-8
-8
2
6
5
5
3
-1
-7
-6
-3
3
4
0
0
2
0
0
2
0
-1
0
-1
-2
0
0
-1
-1
1
2
0
0
0
2
0
-3
-2
0
0
0
-1
0
3
0
-2
0
4
1
0
0
2
0
-1
-1
0
0
0
3
0
0
-3
-6
-1
4
7
5
-2
-3
-5
-3
0
3
8
5
-1
-9
-8
-1
4
9
2
-4
-5
-4
0
1
7
8
1
-1
-4
-1
-1
0
1
-1
5
3
-3
0
-4
-3
0
2
3
3
2
-2
-2
1
1
0
-1
-1
0
-2
-3
0
2
2
0
-1
-5
-4
-1
2
11
10
0
-7
-10
-12
-4
8
17
10
3
-6
-15
-7
2
9
11
6
-5
-10
-4
-1
2
6
7
0
-12
-9
0
6
8
2
-2
-4
-9
-3
1
2
5
6
0
-2
-3
0
0
0
0
0
0
1
7
-1
-10
-7
-2
5
7
4
1
-3
-6
1
4
6
8
3
-7
-8
-1
0
2
8
3
-9
-10
0
4
4
0
-2
-6
-3
6
0
-3
-8
-21
-23
-21
-11
0
6
8
13
24
27
29
25
18
16
8
4
7
11
8
6
10
8
7
-2
-16
-29
-27
-14
-19
-22
-22
-27
-37
-43
-31
-6
11
4
0
11
21
30
27
23
24
11
0
1
4
7
0
0
9
17
8
1
2
11
10
-9
-5
9
4
-12
-42
-39
-5
5
3
-7
-2
16
20
15
12
8
0
0
2
6
0
-12
-12
5
-1
-12
-11
-9
6
11
1
-4
-11
-9
-3
-4
-7
-13
-11
-10
-11
-10
0
7
2
-3
-9
-4
10
16
13
12
10
12
8
9
7
0
0
0
-4
-3
0
1
1
0
-3
-5
-4
-6
-4
-5
-2
0
4
6
-3
-4
-6
-13
-13
-7
4
16
18
23
15
3
-10
-23
-16
-14
-2
13
19
22
13
0
-1
-3
-9
-18
-19
-15
-9
10
22
20
0
-7
-4
-17
-15
-6
16
34
22
5
2
2
-10
-25
-26
-5
11
