0
0
0
0
0
0
0
0
0
0
0
0
0
0
0
0
0
0
0
0
0
0
0
0
0
0
0
0
0
0
0
0
0
0
0
0
0
0
0
0
0
0
0
0
0
0
0
0
0
0
0
0
0
0
0
0
0
0
0
0
0
0
0
0
0
0
0
0
0
0
0
0
0
0
0
0
0
0
0
0
0
0
0
0
0
0
0
0
0
0
0
0
0
0
0
0
0
0
0
0
0
0
0
0
0
0
0
0
0
0
0
0
0
0
0
0
0
0
0
0
0
0
0
0
0
0
0
0
0
0
0
0
0
0
0
0
0
0
0
0
0
0
0
0
0
0
0
0
0
0
0
0
0
0
0
0
0
0
0
0
0
0
0
0
0
0
0
0
0
0
0
0
0
0
0
0
0
0
0
0
0
0
0
0
0
0
0
0
0
0
0
0
0
0
0
0
0
0
0
0
0
0
0
0
0
0
0
0
0
0
0
0
0
0
0
0
0
0
0
0
0
0
0
0
0
0
0
0
0
0
0
0
0
0
0
0
0
0
0
0
0
0
0
0
0
0
0
0
0
0
0
0
0
0
0
0
0
0
0
0
0
0
0
0
0
0
0
0
0
0
0
0
0
0
0
0
0
0
0
0
0
0
0
0
0
0
0
0
0
0
0
0
0
0
0
0
0
0
0
0
0
0
0
0
0
0
0
0
0
0
0
0
0
0
0
0
0
0
0
0
0
0
0
0
0
0
0
0
0
0
0
0
0
0
0
0
0
0
0
0
0
0
0
0
0
0
0
0
0
0
0
0
0
0
0
0
0
0
0
0
0
0
0
0
0
0
0
0
0
0
0
0
0
0
0
0
0
0
0
0
0
0
0
0
0
0
0
0
0
0
0
0
0
0
0
0
0
0
0
0
0
0
0
0
0
0
0
0
0
0
0
0
0
0
-1
-2
2
5
0
-2
2
-2
-8
-5
2
7
0
-10
-10
1
3
-5
6
18
0
-15
-8
-1
6
6
9
12
-9
-15
5
7
12
12
-9
-7
-6
-12
8
9
-1
-3
-16
-6
8
-4
4
17
8
4
-8
-9
1
-3
0
3
1
6
-10
-15
6
1
-3
3
8
17
5
-18
-11
-3
-5
-2
-8
-4
-6
-11
13
34
31
27
0
-30
-17
-9
-16
-3
2
6
8
-3
-6
4
-6
-8
9
9
5
6
-1
-5
6
9
-4
-15
-15
3
8
-3
0
19
21
-5
-26
-14
0
-8
-1
12
12
6
-3
-1
0
-1
11
15
-5
-18
-19
-16
-2
11
34
34
4
-9
-20
-32
-15
6
6
-8
-8
6
8
10
28
27
0
-28
-28
-14
-1
18
24
23
0
-32
-37
-8
14
15
15
10
-10
-31
-13
11
12
5
6
18
9
-12
-8
-3
-12
-9
1
5
5
-9
2
26
13
5
5
-15
-30
-34
-17
17
34
21
-3
-32
-31
24
65
63
19
-49
-77
-55
-17
5
14
29
51
56
18
-21
-53
-59
-21
26
25
-14
-13
12
21
25
19
8
-3
-11
-10
-13
-26
-24
1
13
11
3
-5
19
26
0
-19
-22
-8
2
7
16
12
-4
-9
-6
-5
-9
-7
21
35
8
-10
-8
-5
-14
-18
-13
3
13
8
10
-8
-31
-21
9
34
40
25
-3
-14
-9
-4
-10
-11
0
10
-9
-20
-1
-6
-18
3
17
21
15
-2
0
3
2
12
-6
-26
1
9
-3
9
1
-19
-14
-9
7
9
2
38
24
-29
-24
-19
-14
23
32
8
-15
-32
-6
16
3
11
18
-4
-13
-1
9
6
-5
1
-5
-31
-24
-8
0
17
18
13
8
-3
7
15
5
3
-1
-9
-17
-25
-7
5
-2
7
8
-8
4
13
7
7
1
0
7
-4
-11
-4
-6
-8
-8
-4
13
16
7
3
3
1
0
0
-5
-16
-18
-16
-14
-6
5
13
9
5
7
3
-4
1
9
15
14
2
0
0
-1
6
9
2
11
5
-19
-25
-18
-4
5
5
-2
-1
0
0
3
-2
-5
-4
-15
-14
-6
-1
2
11
11
6
5
3
7
9
4
3
-1
-1
-6
-5
2
6
5
-1
-7
-7
-3
2
5
4
1
2
0
0
7
1
-10
-4
-3
-13
-10
-1
15
20
-6
-22
-11
-5
-10
-11
-9
10
32
22
7
8
0
-5
-2
-4
8
21
11
6
9
3
-10
-17
-19
-6
4
2
0
-7
-8
5
12
-2
-20
-23
-14
0
5
4
0
0
4
6
8
6
0
-9
-12
1
17
18
12
13
17
10
6
-5
-22
-22
-9
1
7
-2
-11
-6
-5
-6
3
9
5
5
8
1
-12
-18
-13
-6
7
19
14
1
-2
-1
-5
-5
1
0
1
-7
-5
7
2
-5
0
13
15
1
-6
-2
0
1
0
9
15
-5
-19
-8
0
-4
-6
2
10
2
-10
-12
0
9
1
-11
-13
0
9
6
6
2
4
6
-1
0
0
-5
-7
-7
0
13
6
-10
0
16
5
-15
-22
0
17
10
-5
-3
4
6
-3
-5
5
6
-11
-11
0
10
0
-14
0
17
4
-4
-4
-4
-5
-14
-8
8
11
6
8
7
2
-6
-15
-7
4
0
-1
9
11
-2
-9
1
14
6
-14
-16
11
8
-13
-12
-1
15
10
-17
-1
24
9
-7
-14
-6
11
-4
-18
0
13
10
-3
-8
3
11
-1
-18
-4
12
5
-3
-4
2
12
-1
-13
1
6
-1
-4
-3
2
7
-3
-4
8
13
5
-4
-19
-12
3
9
0
-12
-10
-1
9
13
11
8
1
2
5
0
-1
-7
-12
-8
-6
0
5
2
-3
-11
-4
12
17
16
-3
-17
-4
-2
2
5
-5
-16
-8
5
19
24
2
-16
-6
1
5
17
-2
-26
-11
0
8
18
-7
-20
-6
-6
7
23
4
-10
-4
3
7
12
3
-10
0
5
-1
7
-2
-15
3
0
-11
-1
-8
-14
7
15
4
1
0
-2
4
3
-3
6
-7
-23
9
10
-12
2
5
-1
7
3
-2
-4
-9
8
19
-6
-14
3
2
-2
3
-1
2
5
-12
2
13
-20
-7
28
0
-2
16
-25
-37
4
7
2
12
0
13
31
-10
-33
-4
-2
-7
9
9
3
10
10
4
-1
0
3
-5
-20
-19
-8
-5
-2
8
16
17
9
4
1
-6
-4
4
-1
-11
-16
-11
0
6
9
12
5
-5
4
8
-7
-3
1
-2
-5
-8
-9
-1
3
5
6
0
-2
5
-2
-4
10
3
-2
6
0
-5
1
1
3
8
-4
-11
0
-1
-1
8
3
-3
-1
-2
0
-2
-11
-4
6
-6
-12
4
4
-3
-4
1
7
2
0
4
12
3
-1
0
7
12
1
0
0
1
2
-2
0
4
-5
-10
2
7
-4
-13
-7
0
-4
-10
-5
7
0
-18
-4
9
1
-3
4
12
5
-3
1
13
4
-4
-1
6
4
-5
1
2
-3
1
0
-2
1
-1
-7
-6
0
-1
-3
0
0
2
5
2
0
6
1
-3
-2
-1
-3
-1
5
2
0
0
0
-5
0
5
0
0
-5
0
1
-1
0
0
0
7
0
-7
0
4
6
-3
-16
0
15
-1
-11
-4
6
7
-11
-15
11
14
-8
-22
-5
21
16
-9
-3
20
6
-17
-3
21
24
-4
-35
-17
16
23
-1
-17
-11
8
7
-7
8
13
-10
-27
-13
14
13
-7
-12
4
11
-6
-4
24
20
-22
-35
-1
18
-12
-31
10
38
-1
-31
6
31
5
-27
-15
8
9
9
4
4
12
6
9
11
-5
-11
-15
-19
12
28
20
12
-9
-32
-26
-6
-7
2
17
15
-8
-26
-14
-5
1
13
22
12
-9
-24
-33
-7
14
30
36
11
-6
-20
-22
0
17
-2
-15
0
2
7
8
7
16
-10
-24
6
3
4
1
-18
-5
15
12
1
7
17
-3
-15
-2
0
2
-2
-17
-20
-4
10
0
-5
13
18
5
0
2
7
-1
-21
-18
4
7
4
14
18
10
-12
-17
3
6
-8
-14
0
9
-3
-21
-15
11
28
16
-3
-1
7
-28
-53
0
47
34
-7
-32
-8
19
10
-15
-2
33
-13
-59
13
47
10
-1
-45
-24
49
-10
-29
47
20
-3
-1
-31
28
25
-61
-4
22
-17
22
19
-4
5
-23
-23
18
-2
-13
26
8
-26
-12
9
27
24
-37
-38
-1
7
46
10
-38
26
32
-26
-25
-9
10
0
-38
0
40
32
17
-36
-44
24
34
-21
-44
-20
23
43
5
-5
5
-4
1
11
-12
-23
-17
3
55
25
-39
-19
25
24
-14
-55
-24
39
15
8
47
11
-25
-42
-33
11
16
-8
-3
28
21
-21
-11
18
-6
-21
-9
7
8
-6
4
15
1
-17
-30
-6
35
26
-23
-9
18
-9
-9
-21
-32
16
40
10
12
24
3
4
-6
-32
2
23
-20
-36
-19
-3
34
40
5
-31
-27
26
45
9
-43
-71
-32
45
78
13
-54
-27
10
22
38
0
-41
-14
20
13
-16
-21
-20
9
52
24
-17
-34
-12
38
29
-35
-46
-14
19
41
8
-19
-3
28
22
6
4
-29
-44
-30
-20
9
24
15
15
22
12
-5
-26
-31
-25
-4
31
27
10
1
0
-3
-1
-12
-21
3
23
20
14
-4
-10
-11
-45
-28
27
18
-3
2
-4
28
54
-6
-34
0
10
5
-6
-37
-28
-4
7
19
1
-4
34
41
-8
-49
-43
8
36
10
-13
-13
-5
5
-5
-26
-5
31
42
19
-1
0
0
-11
2
0
-16
2
-3
-18
4
7
-13
-11
22
51
-11
-72
-15
41
20
-20
-24
22
37
8
-21
-26
-4
-6
-16
6
0
-11
1
14
33
3
-33
-2
25
26
-6
-32
17
31
-6
-28
-33
-10
-2
0
12
0
12
30
32
12
-37
-25
14
15
-18
-63
2
72
17
-12
-3
-10
18
17
-40
-28
10
29
32
-6
-26
-24
-9
12
8
-3
-14
-39
-23
38
47
5
-21
0
40
18
-43
-38
11
21
-6
-15
12
27
-3
-38
-12
35
39
9
-28
-15
0
-13
11
18
8
7
-14
-30
-24
1
21
1
-6
2
4
7
3
-4
-5
-4
0
8
0
-17
-9
13
32
17
-24
-36
-11
-4
7
24
12
12
10
4
-2
-9
-13
-6
8
8
5
-11
-16
16
15
-11
-20
-26
-18
13
23
24
21
2
-5
-15
-17
-7
-18
4
44
21
-16
-14
-27
-18
18
9
0
-9
-8
34
25
-18
0
-2
-16
-3
-11
10
31
-6
14
26
-48
-46
9
3
9
26
16
12
-13
-25
-11
-19
-13
20
38
9
3
4
-22
-26
-22
11
40
-9
-29
30
32
-13
-26
-17
-4
6
3
22
37
-11
-50
-16
20
16
-1
-9
8
13
-12
0
18
-10
-11
-6
-17
15
25
9
2
-29
-21
0
-9
20
22
-18
2
31
5
-23
-17
-1
-1
-2
20
17
-7
5
8
-16
-16
-13
-2
25
23
4
-19
-31
-4
21
9
-16
-9
23
13
-22
-26
12
42
11
-27
-12
13
6
-5
4
12
0
-19
-41
-31
21
53
21
-18
-24
-15
26
46
-10
-43
-3
23
7
-21
-22
10
15
-7
-13
-8
12
29
23
15
5
-22
-25
8
-8
-62
-35
40
42
-21
-16
44
42
-6
-35
-20
6
5
8
14
5
-8
-16
2
-2
-8
28
21
-25
-33
-12
0
18
33
7
-8
5
-7
-31
-7
25
23
-3
-21
-17
-12
-10
7
27
16
3
0
-8
2
12
-12
-14
4
-16
-25
3
21
12
18
25
-4
-8
4
-12
-15
-2
-4
-8
-13
0
13
6
7
12
15
0
-17
-11
1
2
0
0
-2
-16
-19
-2
10
5
2
6
0
-6
-7
-9
-5
17
32
21
-4
-17
-5
12
23
18
4
-6
-12
-13
-13
-1
2
0
0
-1
0
3
-3
0
4
-1
-8
-12
-10
-8
-3
6
9
5
1
-6
-7
-4
-4
-9
-4
2
2
-1
-12
2
16
0
-9
0
8
6
1
-12
4
29
14
7
12
-4
2
16
2
5
5
-5
8
5
-13
-5
-1
0
9
-5
-22
-16
-12
-6
0
-4
-10
-9
-9
-10
-3
1
3
6
10
5
-3
3
15
12
10
11
6
5
4
-4
-1
0
-5
-1
2
-4
-8
-9
-4
-4
-11
-7
0
0
-6
-6
-1
4
8
0
-2
2
9
10
2
-1
9
10
2
4
1
-3
0
-4
-3
1
-5
-4
-1
-6
-3
-1
-9
-3
1
-6
0
6
-1
5
3
-3
2
4
0
3
0
0
2
4
2
-1
1
5
-3
-2
4
-3
1
2
-3
0
0
0
-1
-1
2
-3
-2
5
-2
-3
1
-1
-1
4
-1
-3
1
-1
-3
1
0
-1
2
0
-2
0
1
-1
0
3
-3
-1
4
0
0
3
-1
-2
1
0
-1
0
1
-1
0
0
-2
1
1
1
0
1
3
0
0
0
-4
0
-2
-2
0
-1
0
2
1
0
-1
-2
-2
0
0
0
0
2
2
1
0
0
3
1
1
4
2
-1
1
-2
-3
1
-3
-1
1
-3
-1
-1
-3
-1
-2
0
0
0
1
1
0
2
1
1
-1
-3
0
0
0
0
0
0
0
3
2
-1
-1
-2
0
-1
-2
0
0
3
2
2
-1
0
1
-1
-1
1
1
0
0
0
0
0
0
0
0
-1
0
0
0
-1
-3
-3
0
2
3
0
-5
0
3
5
0
-3
-1
3
6
-1
-9
-4
5
7
-2
-10
-4
9
12
-2
-10
0
10
7
-3
-14
-6
9
12
-2
-12
-6
5
9
2
-1
0
0
-1
-6
0
7
6
-2
-8
-1
6
6
-2
-8
-5
1
5
1
-2
-3
1
2
0
1
0
-4
0
2
-1
-5
-3
4
4
0
-2
0
1
2
3
-1
-8
-3
4
4
-3
-3
0
2
3
0
-4
-4
3
4
-1
-3
-1
1
4
0
-1
2
-1
-2
0
0
0
0
0
0
-2
0
0
0
-1
0
3
2
0
-2
-2
0
2
-1
-1
1
0
-1
-1
-2
2
4
2
0
-1
0
0
0
-1
-1
2
0
0
1
0
-2
-1
0
0
1
1
0
-2
0
0
0
0
-1
0
0
-1
0
0
-2
0
1
1
1
3
0
-1
0
0
0
-3
-1
0
1
2
1
0
0
2
0
0
0
-2
0
0
-1
-2
-1
0
0
0
0
0
1
0
-2
0
1
0
0
-1
0
0
0
0
2
1
0
0
0
0
1
0
1
0
-2
-3
3
2
0
0
0
0
0
0
0
-1
0
0
0
-1
0
0
0
0
1
5
0
-2
-4
-5
3
7
3
0
-1
-2
-3
-4
-3
0
4
5
2
-1
-3
-6
-1
3
1
3
1
-3
-2
1
-3
-2
0
0
2
5
1
0
1
0
-1
0
0
-2
0
2
2
1
0
-1
-4
-3
2
2
1
3
2
-1
-3
-1
-3
-1
0
3
3
1
-3
-3
-3
0
0
0
3
2
1
0
-1
0
0
0
0
1
0
2
0
0
0
-1
-2
-2
0
-1
0
-1
1
1
0
1
-1
0
1
0
0
0
0
0
0
-1
0
0
-1
-1
1
0
2
0
0
0
0
-1
2
3
0
1
2
0
-1
-2
-2
0
0
0
0
0
-1
-2
0
2
0
-2
0
1
0
0
0
0
0
0
0
0
0
0
-2
0
3
0
0
1
-2
0
0
-4
0
1
-1
4
3
2
5
0
-1
4
0
-2
6
-2
-7
3
-5
-5
4
-2
-2
1
-3
0
4
0
1
3
-3
0
1
-2
3
-1
-1
5
2
3
4
0
0
-8
-11
-5
-1
-2
3
12
5
8
8
-4
-3
-7
-16
-9
-4
-1
8
12
13
15
10
0
-9
-14
-16
-10
-8
0
10
11
11
13
4
-2
-5
-10
-9
-9
-5
4
6
9
11
7
-3
-11
-8
-4
-4
0
5
11
12
2
-1
-3
-9
-9
-8
-6
0
6
13
14
10
4
-5
-8
-9
-14
-5
0
1
12
8
2
6
1
-3
-1
-5
-5
-1
0
1
4
0
-2
-2
-4
-4
0
4
5
2
0
-1
-5
-5
0
0
3
10
7
5
7
-6
-6
-4
-14
-7
0
-5
6
11
1
7
7
-3
-2
0
-9
-3
6
-6
0
7
-6
2
7
-6
1
2
-4
-3
0
-2
-7
2
0
-5
3
5
0
3
5
0
2
7
-1
-2
3
0
-3
3
2
-4
0
1
-8
-1
3
-6
0
0
-4
3
0
-4
0
-1
5
1
-2
5
-2
2
4
-4
0
0
1
1
-1
0
0
-2
1
-2
-3
2
0
-7
-3
-1
-7
0
0
-5
3
5
-1
2
3
-4
-3
2
1
5
8
4
1
1
0
0
0
1
1
1
0
-1
-1
0
0
2
0
1
3
-2
0
3
0
2
3
-3
-4
1
-4
2
6
-4
0
0
-10
0
0
-9
2
-1
-12
-4
0
-7
0
8
-11
-9
8
-10
-4
19
-5
-5
15
-9
-6
18
-1
0
14
-3
-2
12
1
0
7
6
-3
-2
6
-2
-5
11
-3
-8
7
-3
-5
5
-1
-2
-2
-1
0
-6
-1
3
-2
0
2
-6
-3
9
-2
-7
4
0
-1
8
0
-6
4
3
-3
0
0
-2
3
2
-7
-2
11
3
-7
-1
0
0
8
-3
-8
8
5
-2
-1
-4
0
4
-2
-5
-2
4
5
-3
-4
2
0
0
3
-5
0
4
-1
0
0
-2
-2
0
0
1
0
-1
2
0
-2
0
-2
3
2
-3
0
0
1
1
-2
-2
0
5
0
-2
-2
0
2
-4
-1
0
-1
3
-1
-3
3
1
0
1
0
0
-2
0
1
-1
-1
1
0
1
0
-1
2
1
-1
1
0
-1
2
0
-2
-2
1
1
1
-2
-3
-1
-2
1
1
0
0
-2
3
3
0
-1
-3
0
2
2
1
0
-1
0
0
0
0
2
-1
-1
1
0
1
-2
-2
0
-2
0
0
2
1
-1
0
0
0
0
-1
-2
2
1
0
-1
0
0
2
1
-2
-1
0
-1
0
4
0
-1
0
0
0
0
1
0
-1
1
0
-2
0
-1
0
1
-1
0
0
0
0
-1
1
0
-1
1
0
0
0
-2
0
0
-1
0
1
3
0
0
0
-1
0
0
-1
0
0
0
1
0
-3
0
0
0
1
0
0
0
-1
0
1
1
0
1
-1
0
0
0
2
1
3
2
0
0
-2
-3
-2
1
2
-1
2
1
-1
-2
-1
1
0
2
0
-3
-2
-1
0
0
2
0
-2
1
0
0
4
0
-2
0
-2
-2
-4
0
1
1
2
3
6
1
3
1
-6
-7
-5
0
0
1
5
4
0
-1
-1
-5
-5
-3
1
3
3
5
3
1
0
-3
-3
-1
2
-2
-2
0
4
6
2
0
-1
-3
-7
-7
1
2
5
3
5
3
-7
-5
-1
-1
0
5
5
0
-1
1
1
-2
0
-3
0
0
-3
2
2
2
-2
0
-2
-5
-1
-5
0
2
2
1
0
2
-1
0
0
-2
1
4
1
0
3
-1
-3
-2
-1
0
0
0
-2
-2
-1
1
2
2
2
0
0
-1
1
2
0
-1
0
1
0
0
0
-1
0
-3
-2
1
-1
-2
-3
-3
0
1
3
0
2
-1
-1
0
0
-1
0
4
0
0
4
3
-1
-1
-1
0
2
0
0
0
-2
-2
0
0
0
-1
0
-1
-1
3
0
-3
-1
0
0
1
3
4
1
-2
0
0
-2
2
1
1
1
0
0
0
0
0
-2
0
0
-3
0
-1
-2
2
0
-1
-1
0
2
-1
0
5
0
-1
4
-1
0
5
-4
-2
3
0
-3
1
0
-3
0
0
0
0
2
3
0
-3
1
-1
-1
1
-1
0
1
0
-3
-2
-3
0
2
0
3
-1
-2
-1
-1
0
2
3
0
1
-3
-6
5
3
-3
3
4
-4
0
1
3
2
2
-1
0
-3
-3
0
0
0
-1
4
-2
-10
6
4
-12
3
12
-10
-4
14
-5
-14
9
9
-6
2
8
-5
-4
4
0
-1
4
0
-4
2
-2
0
0
-1
1
-1
0
1
1
3
-5
2
2
-8
3
7
0
-3
1
0
-8
2
11
-3
0
6
-11
-8
3
4
4
-2
0
0
-11
6
9
-7
2
2
-8
2
1
-2
5
2
-1
0
2
0
-3
-1
2
5
-3
-2
4
-6
1
2
-9
8
7
-11
5
0
-11
8
3
-8
6
-1
-1
3
-4
3
3
-4
0
5
-1
-3
4
-2
-6
7
1
-8
3
2
-1
0
1
0
-4
0
3
-1
-6
6
4
-10
1
3
-4
6
4
-6
-1
-2
0
3
2
-2
0
1
-6
0
3
-2
2
3
0
3
0
-8
3
3
-1
3
-3
-4
4
-4
-1
7
-1
0
0
-4
3
2
-2
-2
-1
0
2
-1
1
3
-5
2
3
-2
5
0
-3
3
-3
-1
-1
0
5
-2
-4
0
-4
2
6
-4
-2
0
-2
9
3
-7
-1
0
2
3
5
-4
-9
5
-2
2
15
-8
-8
4
-10
9
13
-17
2
2
-13
14
2
-8
6
-5
-3
3
0
0
-3
3
-1
-1
7
-6
-6
6
0
6
1
-8
-1
2
4
3
-3
-3
0
5
2
-4
0
-6
0
14
0
-6
4
-5
0
9
-5
-3
6
-3
-3
4
-5
-2
6
0
-6
1
-2
-4
7
0
-6
5
-4
-1
10
-1
1
0
-3
0
3
7
-6
0
0
-5
1
1
0
-5
-1
8
-1
-3
2
-2
-1
7
-1
-5
-2
1
3
1
0
-2
4
3
-4
0
-3
-3
5
3
-10
-1
2
-5
9
1
-13
3
4
0
3
-5
-7
10
7
-7
0
2
-6
10
10
-12
0
3
-8
11
6
-18
-1
6
-1
4
-5
-10
3
10
-3
-10
1
4
1
3
-6
-7
10
7
-8
-1
-3
-1
15
2
-11
-1
0
1
6
0
-10
0
7
0
2
-3
-12
4
9
-4
0
-1
-8
7
4
-4
2
0
-4
2
1
-3
5
0
-8
-1
2
4
2
-2
-5
0
2
1
0
0
0
-5
2
7
-3
-3
0
0
2
0
-1
0
0
1
0
-4
-1
-1
1
7
-2
-1
3
0
0
0
0
2
2
-2
-2
1
0
-2
1
1
0
0
-1
1
0
-1
0
0
-1
1
3
-4
-3
1
1
2
-2
1
1
0
0
-2
0
0
0
0
0
0
-1
-3
0
0
0
4
3
0
0
0
-2
2
0
0
2
0
-2
0
-2
-4
2
1
1
3
-1
-3
-1
-1
1
0
0
0
0
-1
-1
1
0
2
3
0
-1
0
2
0
-2
-1
-3
0
0
0
2
0
2
0
-2
0
-1
3
0
-1
0
-1
4
1
1
1
0
1
-3
-5
-2
3
3
0
-3
0
1
1
0
-3
0
-1
-1
2
-2
0
2
2
1
0
-3
0
4
3
0
-5
-4
0
2
3
-1
-5
-2
1
3
1
-2
0
1
2
5
-3
-7
0
0
5
0
-4
-2
0
5
3
-1
-1
-1
2
4
0
-1
-4
-1
3
0
0
-3
-5
1
2
0
-1
0
0
0
1
-1
-2
0
0
0
-2
-2
1
5
1
3
5
2
5
2
-2
-2
4
2
1
-5
-3
0
-2
0
-4
-8
-7
-2
2
0
-6
-7
-1
0
1
3
1
-3
0
7
9
10
4
3
1
0
10
10
3
0
-6
-5
-1
-2
3
0
-14
-16
-9
-5
-2
-1
-5
-10
-9
1
12
11
7
8
0
2
19
22
13
0
-1
2
0
2
4
-6
-17
-12
-3
-5
-8
-5
-8
-14
-6
4
8
-7
-13
1
10
4
0
6
19
10
-4
8
12
5
9
-5
-2
6
-3
4
-1
-12
0
-9
-12
2
-10
-16
6
2
-21
-8
23
14
-30
-20
45
37
-21
-52
15
78
-8
-66
-12
65
33
-67
-32
39
46
-13
-63
0
31
33
1
-50
-23
33
61
-14
-74
-19
61
48
-53
-44
32
42
-7
-56
-12
68
9
-66
4
42
9
-19
-27
-8
-10
-13
10
40
9
-7
19
4
-13
-19
0
23
-23
-77
18
137
65
-100
-102
53
93
-10
-87
-33
26
17
21
1
28
25
-96
-35
113
9
-89
-26
29
57
-3
-34
5
7
-16
-10
9
-23
28
39
-20
-24
12
48
-71
-62
80
42
-49
-35
32
70
4
-95
-4
70
-20
-67
15
92
-9
-68
3
30
38
-11
-73
0
60
24
-33
-39
22
17
-7
5
-17
-4
0
-9
43
32
-51
-67
32
71
-34
-42
25
12
-4
2
2
0
-14
-17
28
23
-16
-14
0
13
-5
11
15
-47
-11
29
14
22
-5
1
-22
-38
25
-1
-2
18
-18
4
6
-16
32
27
-34
-16
-5
2
7
-22
18
32
-18
-8
17
25
-17
-41
6
9
-7
-2
-1
17
19
-2
10
-10
-31
9
0
-1
-11
6
32
-6
-30
5
40
-12
-15
-21
-14
65
4
-62
0
34
19
-13
-41
-6
17
14
4
-26
13
42
8
-2
-45
-3
33
-36
-5
6
14
34
-39
-17
24
-19
-1
13
-3
23
3
-13
-7
6
6
-13
6
-13
-50
25
50
2
-1
-7
11
-29
-20
14
-8
35
-3
-46
45
38
-40
5
5
-35
2
-12
-6
35
4
11
27
-51
-50
13
22
43
-18
-6
48
-28
-5
20
-31
-46
-21
21
39
13
12
44
2
-57
-64
-11
32
27
23
-12
-6
5
-3
32
-4
-42
13
-7
-32
25
-10
7
44
-12
-8
5
-2
-9
-28
6
15
3
-22
-11
93
8
-83
0
20
26
-30
-64
44
53
-11
-26
-38
14
36
23
24
-46
-21
14
-35
5
12
-16
22
21
21
-1
-25
-36
-21
22
6
-5
35
17
14
19
-85
-19
21
-19
32
7
28
3
-31
-5
17
-12
-39
60
34
-49
-13
12
0
-26
-67
20
81
33
9
5
-47
-58
31
36
-10
-17
-38
-1
73
10
-21
-26
-16
53
2
-36
-13
-6
8
11
4
35
22
-25
-2
-36
-21
34
-27
-29
8
47
45
-23
-46
51
41
-20
-5
-54
-32
-12
56
44
-131
17
141
-60
-14
-20
-12
76
-51
32
94
-115
-84
94
-4
-86
13
36
101
46
-140
37
83
-98
-105
32
61
-14
-18
18
108
-4
-96
-26
39
19
-11
51
-57
-22
66
-89
30
10
-51
65
9
10
0
-13
34
9
-78
-12
16
-70
3
67
24
-37
-7
84
19
-60
-24
54
12
-48
-21
55
17
-120
-43
49
53
84
-61
-113
-7
130
92
-78
-64
31
43
-55
-5
-20
-35
68
61
-39
-99
26
158
7
-196
80
106
-178
-27
0
29
193
-69
-72
110
-65
-48
-28
-20
75
-24
21
39
-106
-4
115
61
-40
-114
16
55
-53
43
16
6
-27
-74
14
-25
27
106
0
-9
-36
-81
57
68
-20
10
-29
-93
-9
67
127
83
-83
-148
-76
-53
22
52
13
100
110
47
-41
-158
-11
15
-58
40
46
18
28
-23
13
-4
-76
42
-93
-127
132
113
6
-53
35
130
7
-128
-83
-14
-22
-4
19
18
98
10
-5
23
13
-36
-110
5
-24
68
88
-95
-28
92
-26
24
72
-5
-58
-76
-76
-46
26
41
42
35
112
-9
-86
26
13
2
-7
-108
-77
86
60
35
-20
-129
21
184
-37
-123
67
-14
47
109
-222
-90
199
1
-105
26
0
31
75
-1
1
-68
-74
35
40
-9
68
46
-56
41
57
-35
-96
-110
-53
1
5
76
97
-7
-115
-74
207
89
-214
-9
125
84
61
-79
-67
49
-93
-49
63
-75
-70
38
47
0
2
17
18
-23
34
131
55
-44
-36
-30
-2
-31
-12
35
-43
-92
-42
3
-39
-65
55
156
50
0
21
-56
-57
39
-28
-25
43
15
50
73
-40
-55
9
-48
-48
-51
29
70
32
81
-29
-92
-60
-13
32
64
69
22
18
24
-29
-111
-99
-35
58
40
-11
91
83
21
4
-93
-98
15
-10
-57
96
48
-6
60
-128
-163
-10
34
26
58
94
60
64
-24
-58
-23
-31
10
96
82
-13
-46
-127
-33
89
2
8
129
48
8
48
-71
-124
-46
-60
-23
54
-69
-118
-61
-51
-51
9
-91
-58
67
-9
8
22
39
90
72
87
146
121
183
163
158
98
25
-4
23
50
2
-90
-263
-326
-472
-517
-489
-435
-417
-372
-323
-322
-278
-150
-68
118
359
394
700
966
828
714
604
379
430
432
392
598
597
396
236
22
7
-53
-642
-1477
-2447
-2969
-2595
-1878
-982
22
441
555
702
729
878
1056
1125
1453
1597
1328
1101
693
419
386
233
320
734
856
961
1163
731
-126
-1210
-2504
-3340
-3569
-3217
-2321
-1068
-18
700
1137
1084
769
265
-145
-311
-165
209
801
1258
1189
1235
1244
966
877
774
690
896
1020
1013
1240
1235
929
599
-352
-1529
-2598
-3573
-3968
-3752
-3033
-1813
-377
779
1568
1897
1644
972
124
-632
-1047
-821
-82
802
1615
1935
1877
1585
847
239
49
44
294
702
824
1033
1430
1558
1272
42
-1795
-3547
-4699
-4914
-3963
-2300
-493
1174
2061
2232
1930
1570
1097
243
-845
-1849
-2149
-1511
-14
1426
2369
2710
2391
1757
1100
595
333
376
305
256
237
362
949
1521
1219
35
-1956
-4381
-5900
-5871
-4579
-2218
350
2096
3027
3158
2715
2189
1632
714
-306
-1601
-2821
-3202
-2546
-1155
677
2217
2811
2863
2623
2222
1782
1211
535
39
-367
-316
300
1015
2105
2749
1604
-726
-3736
-6825
-8254
-7565
-5207
-1876
1330
3505
4712
4889
3998
2744
1172
-593
-2295
-3376
-3504
-3292
-1890
69
1688
2868
3212
2689
2145
1674
962
536
251
-202
-104
414
993
1814
2519
3449
2881
465
-3105
-6850
-9512
-9404
-6948
-3294
1153
4340
5912
5855
4557
2475
786
-764
-2210
-2809
-2698
-2432
-1241
519
2013
3275
3510
2643
1565
885
196
-140
-614
-537
17
652
1667
2271
2374
3028
3013
1268
-1127
-4656
-8055
-9340
-8290
-5354
-749
3080
5194
5763
4577
2665
922
-636
-1670
-2038
-2412
-2331
-1662
-352
1241
2823
3112
2468
1343
532
366
417
636
826
1044
1113
1517
1775
1759
2065
2409
1297
-812
-4164
-8079
-9601
-8436
-5208
-355
3812
5962
6496
4811
2242
278
-1447
-2090
-2311
-3057
-3057
-2397
-489
2463
4484
4898
3324
510
-1652
-2015
-1363
111
1459
2003
2365
2075
1950
1863
2016
2607
1565
-1122
-5183
-9122
-10754
-9070
-4904
340
4760
6711
6624
4442
1787
-473
-2101
-2220
-2257
-2504
-2242
-1730
91
2634
4270
4319
2913
509
-1155
-1176
-637
787
1717
1963
1847
1253
1298
1509
1653
2292
1016
-1927
-5492
-9073
-10070
-7813
-3791
1109
5086
6367
5994
3675
904
-1062
-2571
-2516
-2460
-3019
-2566
-1803
363
3321
5082
5168
3161
63
-1930
-2008
-1373
902
2303
2788
2790
1854
1938
1982
1789
2067
368
-2819
-6418
-10046
-10612
-7775
-3595
2333
6370
7184
6377
2945
-76
-1860
-2240
-1460
-1338
-1851
-1975
-1200
931
3404
4460
4206
1872
-1002
-2207
-2166
-855
1469
2397
2749
2182
1272
1616
1099
1372
2003
267
-3045
-6612
-9824
-9629
-6420
-2095
2960
5961
6387
4883
1815
-734
-2242
-1938
-884
-1172
-1531
-1639
-496
1853
4137
4967
4075
1231
-1493
-2392
-2052
39
1591
2064
2252
1720
1502
1635
1706
2026
1706
-582
-4217
-7731
-9762
-8441
-4804
-167
4248
6381
6149
3908
738
-1856
-2678
-1918
-1034
-861
-1451
-1239
433
2621
4425
4391
2630
-235
-2149
-2374
-1292
976
2501
2945
2252
1173
884
1168
1390
2196
1626
-1310
-4943
-8509
-9711
-7560
-3548
1262
5114
6559
5796
2931
-513
-2626
-2955
-2002
-1349
-1644
-1417
-245
2139
4386
5018
4230
1432
-1342
-2390
-1831
-157
1949
2457
2245
1770
1011
1656
1819
2332
2670
512
-3108
-7384
-10471
-10102
-6714
-1909
3345
6436
6993
5331
1931
-1067
-2705
-2741
-2440
-2587
-2023
-702
1733
4394
5301
4900
2487
-905
-2691
-2882
-1432
1295
2700
3058
2935
1658
1651
1723
1679
2265
601
-2897
-6342
-9355
-9423
-6535
-2791
1872
4825
5415
4385
1952
-545
-1560
-1875
-2318
-2622
-2342
-631
1958
4425
5376
4523
2203
-810
-2307
-2323
-841
1719
3124
3379
2674
1407
985
1126
1529
2095
944
-2515
-6023
-8788
-8741
-5924
-2797
1394
4199
4986
4081
2016
-279
-1359
-2083
-3145
-3104
-2507
-512
2441
4455
4842
4114
1359
-1312
-2487
-2387
-38
2396
3244
2996
1700
187
353
847
2018
2909
1112
-2489
-6255
-9097
-8393
-5332
-1885
1918
3671
3794
2742
869
-488
-379
-324
-1055
-1689
-2090
-911
1274
2906
3384
2849
603
-1328
-2005
-1241
1599
4136
4798
3656
1235
-1034
-1197
-533
1039
2564
1613
-1811
-5577
-8343
-7563
-4316
-1133
2019
3132
2444
1134
-296
-1097
9
305
-236
-634
-966
368
2541
3395
3200
1971
-721
-2485
-2910
-1703
1757
4585
5195
4086
1300
-854
-1432
-1099
874
2234
899
-2223
-5897
-7919
-6351
-3604
-279
2699
3056
2199
1037
-728
-1243
-232
-237
-858
-1456
-1522
401
3005
4013
3624
2000
-1080
-2316
-2182
-736
2395
4068
4042
2640
366
-1006
-529
36
1884
2335
-149
-3723
-7125
-8311
-6113
-2741
951
3523
3359
2013
41
-1427
-1143
-176
-520
-1300
-1965
-1219
1712
4683
5326
4523
1485
-1745
-2776
-2658
-495
2235
3522
3505
2590
924
662
1084
2029
3163
989
-3470
-7961
-10797
-9734
-5445
-1019
3426
5588
4959
3150
822
-1320
-1381
-1243
-2699
-3389
-3321
-1085
3296
6682
7309
6069
1994
-2021
-3391
-3366
-925
1747
2632
2575
1860
1133
2179
3151
3874
3220
-621
-5965
-10318
-11954
-9299
-3719
1109
5106
6029
4269
1963
-373
-1760
-1003
-1077
-2446
-2816
-2366
455
4781
6750
6418
4123
-538
-3463
-4459
-3457
-194
2508
3620
3926
2866
2082
2706
2876
3298
1257
-3558
-8708
-12071
-11395
-6500
-504
4606
7460
6420
3662
649
-1959
-2768
-2264
-2680
-3013
-2493
-658
2967
6419
7162
5986
2406
-1624
-3397
-3929
-2103
638
2382
3092
3114
2376
2557
3033
3154
2829
-725
-5669
-9997
-11975
-9302
-3697
1656
5889
6887
4631
1971
-541
-2061
-1674
-2796
-4207
-3460
-1584
2288
6733
7466
5692
2695
-2029
-3601
-3409
-2068
816
2594
2640
2846
2223
1770
2450
2996
2784
351
-4102
-9153
-11467
-10085
-5295
833
5390
6877
5462
2052
-833
-2364
-2879
-3558
-4599
-3998
-1197
3053
6946
7763
4964
1508
-2308
-3785
-2910
-1402
903
3049
3544
3546
3411
2498
2487
2462
444
-2360
-6077
-10113
-10378
-8014
-3605
2033
5898
6455
4999
1600
-1084
-2009
-3626
-4497
-4076
-2570
1553
6069
8113
7538
3651
-873
-3529
-3797
-2561
69
1663
2560
3287
3526
4268
4103
3853
2842
-1529
-6414
-10000
-11649
-8870
-3998
787
4738
6265
4909
2692
-238
-2683
-3466
-3879
-4018
-2406
683
4137
7280
7181
3993
707
-2124
-2570
-1408
-482
981
1695
2259
2746
3628
3185
3213
3373
-411
-5224
-9198
-11150
-9357
-4852
-517
3412
5341
4384
2288
-432
-2586
-3722
-4479
-3523
-910
2551
5782
7173
5958
2336
-856
-2341
-2042
-1207
556
1764
2519
3703
3892
3626
2837
2987
1215
-4069
-8450
-10699
-10061
-5696
-766
2244
4436
4432
2596
921
-1453
-3105
-4150
-4194
-2037
1509
4886
6737
6254
3345
453
-1205
-1858
-778
524
1586
2483
3073
3379
3084
2875
3875
1773
-4056
-8550
-11180
-9574
-4859
-743
2176
3774
3776
2819
1777
-657
-3230
-4650
-4241
-2038
2060
5242
6061
5615
2498
-235
-1780
-2610
-1746
-271
1975
3427
4277
3950
2527
2309
2333
-1682
-7803
-10643
-11275
-7562
-1621
1594
3150
3766
3370
2568
1378
-1171
-4025
-4810
-3379
-329
3939
6406
6151
4333
1358
-725
-1551
-1776
-1019
1214
3243
4203
4410
3353
2845
3374
764
-4966
-9505
-11034
-8811
-3816
-315
1549
3891
4316
3333
1890
-1344
-4525
-5355
-3855
-710
3553
6375
6622
5784
2524
-1000
-2799
-3835
-2877
-429
3138
5292
6375
4870
3285
3698
582
-5220
-10397
-11755
-8970
-3256
1048
2424
3724
4094
2892
814
-1752
-4915
-5714
-3236
-371
3186
6018
5930
5019
2455
-437
-2319
-3380
-2714
-688
3062
5564
6622
4970
2699
3732
2127
-4141
-9755
-11451
-10343
-4809
392
2002
4338
5492
4135
1435
-1177
-4489
-5800
-4274
-2561
995
4821
6582
7079
5024
1566
-1442
-3526
-3825
-2533
565
3506
5501
5833
4650
3848
4669
985
-7140
-11515
-11626
-8142
-2492
237
1196
3762
4917
4041
1989
-1567
-4452
-5020
-3764
-1012
2503
5290
6376
5475
2780
-283
-3409
-4445
-3579
-1084
3396
5658
5606
4650
3331
3172
2884
-2986
-10472
-12168
-9530
-4544
19
1320
2486
5087
5502
3369
-281
-4289
-5451
-4410
-3122
-731
2790
6110
8070
6744
2372
-1225
-3829
-4275
-2906
282
3385
4190
4452
4104
3387
3193
3623
-1703
-9280
-11173
-9262
-5688
-1526
567
1201
4346
6221
3717
-496
-3825
-4414
-3269
-2278
-1554
1467
5420
7107
6013
2503
-695
-3043
-3108
-2457
-234
3010
4405
4857
4070
2655
1618
2685
207
-5862
-9002
-9052
-7759
-4336
-1434
-495
2354
5804
5325
1568
-1202
-2330
-2201
-2577
-3607
-2884
694
4643
5920
4422
2212
283
-284
-593
-1463
-669
678
1935
3591
4826
3753
4040
4644
-554
-7713
-10264
-9092
-6755
-3870
-2393
-521
3920
7218
5191
1257
-602
-1040
-2319
-4926
-6030
-2779
3252
6413
5634
3857
2473
1407
614
-1604
-2503
-803
1201
2324
3408
3660
3009
4859
3682
-3228
-8562
-8479
-7813
-6683
-4531
-2636
1067
5761
6791
3927
1246
-367
-964
-3337
-6648
-6139
-1184
4204
6317
4891
3096
2430
1583
-96
-2041
-1883
205
2190
2723
2990
3185
3784
4865
1556
-4702
-7986
-8199
-7457
-6066
-3979
-1444
2401
5875
5878
3219
646
97
-350
-2947
-6289
-5955
-783
3958
5144
4303
3948
3954
3185
534
-2566
-2677
-895
512
1489
2087
2315
3550
5742
4600
-1661
-6937
-8103
-8187
-7825
-6945
-4415
154
4948
6342
4871
2807
1541
1069
-1608
-5873
-6537
-2600
1411
4114
4581
4166
5154
4811
1538
-1751
-2441
-1811
-763
555
1713
2914
4190
4835
4817
1722
-3607
-7344
-8727
-8649
-7806
-6076
-3129
1816
6233
6670
4373
2947
2521
480
-4199
-7590
-6056
-1557
2075
3291
3645
5700
7017
4904
1263
-1123
-1415
-1253
-1325
-1214
41
2706
4363
5335
4535
322
-3660
-6079
-7311
-8371
-8219
-5779
-1800
2346
4650
4517
3940
4596
3810
-10
-4459
-5395
-3276
-1278
38
892
3116
5385
4766
2883
1423
917
589
-39
51
942
1194
379
898
2813
1535
-3052
-5791
-4766
-3511
-4218
-4632
-2857
977
3029
1688
-474
145
2336
1666
-1568
-3738
-1773
1759
2563
1540
1933
3874
4275
1960
-595
-882
78
135
-286
446
2049
2263
1674
1891
2669
993
-3253
-6550
-6599
-5112
-5141
-5535
-3747
510
3407
3545
2743
3422
4320
2571
-1107
-3253
-1720
164
541
487
1854
4396
4766
3027
1377
1514
1881
544
-766
-1277
-151
420
-349
175
979
-356
-3344
-4363
-4095
-4456
-4692
-4604
-2899
-1
1759
1214
1607
3814
3642
837
-1559
-1245
-28
23
-330
-188
1652
3082
2456
1494
1518
2417
1869
749
578
680
1108
724
1013
1642
684
-1761
-3348
-3363
-4350
-4861
-4507
-3457
-1518
943
1707
1755
3786
3807
1618
69
-332
-766
-1189
-547
-479
426
1965
2163
2406
2785
2646
1777
1469
1109
405
300
-324
-220
1123
917
-2377
-4159
-3438
-3422
-4696
-5621
-4281
-1848
176
164
8
2212
3102
1075
270
548
534
730
848
1204
1170
1463
1425
1067
1884
1871
1401
1510
2113
2090
1603
798
982
1547
-821
-3928
-5079
-4141
-4662
-5963
-5572
-2989
-112
1013
867
1494
3653
2906
318
-327
387
348
-17
259
1239
1877
1712
1146
2052
3016
2217
1102
1178
1981
1834
1176
-105
602
1535
-1114
-4859
-4980
-3920
-4904
-6200
-5711
-3021
-570
409
-26
1641
3824
2416
422
687
1221
899
388
275
1137
1621
1153
842
1866
2238
1674
1700
1877
1871
2240
1899
172
851
1331
-1989
-5310
-5161
-4019
-5228
-6492
-5167
-2273
74
682
506
2291
3623
2339
566
144
533
399
-43
202
1021
1477
1507
1583
2560
2419
1950
1609
1855
1969
1420
696
231
1502
463
-2666
-4503
-3554
-3447
-5159
-5650
-3787
-1294
-373
235
1003
2956
3036
1464
657
488
662
216
-256
128
1095
1468
1286
1523
2647
2839
2058
1589
1731
1784
1299
47
-145
1135
-80
-3316
-4680
-3775
-4012
-5525
-5719
-3619
-1416
-27
245
969
2925
3023
1422
465
753
380
-149
-275
237
492
771
971
1308
1791
2070
2094
1785
2193
2135
1894
996
1363
1601
-568
-2760
-3529
-3674
-4669
-5328
-5024
-3013
-1112
-341
-93
1622
3080
2031
1144
1290
1332
386
-279
203
617
109
76
895
2021
2198
1902
2214
2843
2982
2320
1511
630
1414
1313
-1792
-4127
-3690
-3358
-4750
-6234
-5163
-2382
-700
-587
128
2457
2972
1934
1420
1549
968
364
476
687
324
-53
457
984
1534
1507
1871
2255
2549
2458
2250
1249
319
1423
-53
-3109
-4125
-3658
-4341
-5906
-5749
-3987
-1798
-493
217
1580
3015
2911
2347
2047
1429
960
784
519
385
256
129
342
865
1451
1474
1529
1666
2042
2054
1551
500
868
1407
-502
-2936
-3840
-3264
-4244
-5692
-5408
-3038
-1057
-597
297
2386
3418
2709
2101
2131
1832
754
552
642
779
400
137
803
1527
1577
1427
1852
2206
2148
1785
1277
773
1157
1131
-1228
-3255
-3083
-3063
-4445
-5883
-5018
-2710
-1484
-1522
-480
1607
2408
1782
1361
1819
1679
1011
595
720
882
109
293
1125
1691
1705
1757
2293
2308
2227
2113
1385
400
848
731
-1715
-3410
-3438
-3648
-4799
-5532
-4681
-3098
-1911
-984
207
1546
2040
2248
2523
2441
1839
1375
1730
1560
394
-106
770
1378
970
581
1277
1759
1419
1282
1485
1053
354
756
30
-2403
-3844
-3724
-4128
-5504
-5827
-4589
-2753
-1663
-923
713
2439
2885
2424
2502
2482
1685
1162
992
758
316
76
315
860
1245
1280
1944
2283
2141
2192
2169
1110
294
826
-154
-2684
-4163
-3660
-3924
-5371
-5652
-4113
-2183
-1374
-842
554
1881
1895
1800
2022
1669
793
797
1078
533
-108
62
797
1414
1693
1752
2322
2569
2366
2267
1953
927
380
759
-209
-2639
-3774
-3516
-4148
-5268
-5355
-4181
-2629
-1435
-618
543
2051
2642
2058
1977
2178
1724
1105
725
638
326
234
446
1069
1644
1570
1741
2353
2402
1975
1796
997
196
421
-193
-2758
-4551
-4188
-4152
-5157
-5513
-4582
-2534
-435
77
440
2283
3638
2946
2188
2311
1741
1042
864
357
-371
-284
151
391
858
1183
1556
2129
2272
1874
1877
1686
623
268
449
-843
-2862
-3493
-3450
-4081
-4728
-4515
-3407
-1598
-335
115
1059
2592
2899
1933
1455
1229
636
132
-119
-440
-471
145
700
953
1355
1809
2075
2129
1863
1599
1535
930
-16
51
664
-763
-3163
-3833
-3328
-3608
-4499
-4342
-2953
-1056
74
405
1249
2848
3757
2911
1179
391
801
640
-677
-1414
-553
649
969
876
1260
2236
2681
2288
1688
1225
1067
734
-171
-890
-494
-668
-2623
-4039
-3579
-2996
-3477
-4068
-3347
-1501
12
380
749
1985
3078
3329
2221
349
-236
518
248
-1211
-1287
97
1064
1274
1489
2041
2765
3050
2491
1646
948
469
52
-464
-745
-716
-1173
-2500
-3446
-3287
-3165
-3521
-3758
-3087
-1645
-322
292
777
1717
2614
3085
2597
1283
190
200
190
-592
-924
-552
18
557
1082
1274
1410
2017
2376
1850
1127
579
411
506
156
-75
-328
-991
-2138
-2910
-3211
-3734
-3808
-3314
-2481
-1328
-10
834
1805
2829
3246
3220
2758
1424
-152
-669
-836
-1405
-1518
-981
-470
544
1660
2214
2287
2481
2668
2529
1786
504
-173
-50
-102
-653
-820
-1402
-2204
-2617
-2822
-3112
-3189
-2702
-2158
-1159
45
682
1209
2154
2847
3106
2881
1786
189
-529
-412
-807
-1288
-1123
-514
394
1423
2074
2228
2249
2368
2414
1953
873
-105
-289
-354
-850
-1078
-1460
-2397
-3093
-3173
-3155
-3164
-2767
-2201
-1266
161
1076
1366
1924
2363
2472
2525
1791
110
-1002
-841
-880
-1256
-1215
-806
95
1363
2087
2150
2280
2453
2580
2469
1620
206
-417
-365
-753
-1169
-1225
-1755
-2664
-2802
-2637
-2871
-2873
-2307
-1570
-578
380
852
1318
2106
2695
2610
2290
1656
507
-484
-962
-1311
-1597
-1411
-989
-238
1039
2026
2454
2687
2659
2501
2280
1430
168
-526
-560
-620
-853
-1138
-1581
-2109
-2451
-2597
-2583
-2441
-2389
-2076
-1190
-110
595
1203
1898
2461
2845
2764
2224
1168
-90
-743
-872
-1035
-1254
-1216
-730
315
1614
2253
2345
2211
2131
2108
1662
614
-424
-618
-473
-434
-564
-1138
-2212
-2684
-2334
-2231
-2511
-2698
-2307
-1237
-23
617
995
1522
2108
2523
2347
1600
753
-39
-745
-1173
-1328
-1272
-1074
-594
303
1494
2326
2557
2570
2433
2102
1442
608
-299
-819
-844
-828
-780
-914
-1215
-1975
-2354
-2242
-2240
-2261
-2318
-1979
-1126
35
643
1143
1623
2028
2383
2174
1617
845
57
-801
-1142
-1147
-1073
-608
24
967
1864
2570
2853
2464
1895
1347
922
283
-255
-678
-714
-601
-538
-685
-1398
-2079
-2598
-2554
-2481
-2407
-2255
-1725
-713
232
1066
1594
1918
2171
2457
2262
1597
889
156
-809
-1478
-1588
-1558
-1015
-145
709
1571
2399
2819
2738
2204
1323
555
-42
-613
-1026
-1092
-1172
-860
-516
-749
-1393
-2112
-2297
-2335
-2172
-2012
-1815
-1287
-470
329
1071
1648
1763
1835
1658
1197
761
301
-612
-1463
-1647
-1392
-727
69
668
1282
1974
2510
2737
2497
1785
986
328
-115
-455
-694
-859
-1082
-1048
-1093
-1413
-1945
-2284
-2334
-2075
-1602
-1272
-885
-463
149
877
1579
2000
2193
2012
1499
1170
1004
330
-767
-1551
-1872
-1398
-531
179
711
1287
1918
2401
2579
2002
1161
464
-92
-367
-353
-279
-602
-790
-902
-1159
-1539
-1881
-2280
-2582
-2267
-1737
-1073
-429
122
583
1251
1834
2201
2380
1996
1368
997
781
113
-768
-1595
-1923
-1429
-443
460
954
1327
1727
2226
2484
2104
1222
324
-276
-542
-562
-706
-852
-861
-1031
-1350
-1698
-1948
-2096
-2089
-1992
-1750
-1199
-514
119
669
1244
1706
2094
2225
1935
1421
969
667
60
-866
-1763
-2155
-1677
-669
304
1006
1522
1950
2367
2491
2061
1313
531
-67
-460
-629
-666
-659
-551
-565
-857
-1233
-1455
-1636
-1794
-1837
-1840
-1525
-924
-364
136
644
1010
1395
1864
1919
1536
1062
646
232
-302
-1023
-1625
-1614
-987
-67
795
1343
1661
1883
2028
1913
1405
634
-148
-681
-854
-702
-470
-253
-244
-461
-743
-1073
-1416
-1654
-1772
-1827
-1619
-1133
-526
104
679
1116
1424
1689
1856
1790
1542
1168
653
-97
-954
-1668
-1874
-1510
-781
144
910
1443
1814
2060
2017
1626
963
189
-508
-943
-962
-854
-683
-483
-479
-745
-1102
-1373
-1587
-1710
-1793
-1839
-1642
-1096
-436
219
854
1317
1699
2010
2005
1680
1300
858
306
-365
-1174
-1766
-1706
-1107
-233
666
1272
1626
1875
2014
1927
1559
917
151
-545
-951
-1020
-915
-643
-479
-617
-939
-1280
-1529
-1578
-1421
-1334
-1178
-892
-566
-50
498
851
1120
1318
1455
1467
1303
1139
898
464
-161
-923
-1449
-1404
-904
-142
614
1123
1495
1736
1724
1548
1152
590
34
-508
-850
-857
-688
-520
-503
-789
-1205
-1512
-1695
-1680
-1531
-1302
-946
-527
-154
201
549
814
1090
1246
1277
1184
1013
895
716
321
-265
-926
-1339
-1133
-614
83
775
1115
1316
1508
1552
1500
1188
592
64
-440
-726
-697
-543
-308
-260
-536
-940
-1267
-1508
-1597
-1539
-1477
-1283
-858
-408
77
576
1011
1406
1642
1651
1389
1047
744
480
36
-616
-1247
-1575
-1317
-680
105
769
1199
1442
1522
1440
1223
919
523
122
-270
-514
-578
-471
-255
-257
-554
-1010
-1484
-1755
-1738
-1575
-1272
-902
-564
-255
103
539
969
1357
1507
1391
1097
784
558
335
-48
-520
-1033
-1299
-1081
-534
223
905
1327
1469
1395
1182
962
698
417
74
-278
-500
-621
-529
-410
-412
-636
-1051
-1460
-1729
-1724
-1492
-1064
-662
-350
-97
176
496
915
1309
1439
1401
1081
711
452
352
161
-212
-618
-985
-875
-396
255
866
1254
1273
1079
878
684
631
544
346
-10
-349
-586
-634
-449
-390
-434
-697
-1078
-1394
-1547
-1397
-1099
-699
-357
-106
47
309
680
1053
1367
1405
1174
695
242
-38
-135
-377
-712
-1007
-1185
-869
-243
578
1361
1773
1741
1483
1056
674
448
211
5
-293
-512
-622
-599
-556
-614
-802
-1176
-1537
-1787
-1758
-1376
-797
-227
275
534
689
872
1010
1200
1300
1257
1013
645
355
168
-126
-444
-730
-999
-890
-517
38
704
1225
1415
1333
1051
676
400
151
-7
-205
-347
-414
-448
-441
-481
-630
-930
-1210
-1495
-1578
-1419
-1046
-539
-34
293
412
560
673
928
1158
1249
1160
826
478
237
14
-342
-622
-829
-785
-463
-56
502
1088
1386
1345
1086
633
310
105
-29
-121
-239
-312
-403
-496
-640
-779
-986
-1160
-1259
-1260
-1082
-776
-380
-3
308
437
546
631
750
958
1089
1121
905
610
319
21
-317
-662
-863
-926
-731
-338
182
711
1091
1212
1089
795
460
215
39
-26
-84
-140
-225
-364
-528
-742
-988
-1191
-1307
-1353
-1226
-944
-551
-131
191
378
447
488
516
633
767
826
789
627
408
212
75
-138
-423
-664
-776
-634
-276
185
686
1064
1184
1051
730
375
173
92
44
38
-55
-183
-373
-630
-883
-1122
-1267
-1355
-1316
-1134
-780
-336
77
402
611
710
757
794
817
878
861
744
506
199
-41
-189
-331
-528
-691
-770
-640
-330
75
551
939
1102
1013
757
482
336
266
252
234
154
0
-275
-633
-1002
-1280
-1454
-1483
-1348
-1058
-644
-223
145
432
622
724
817
879
896
865
760
596
348
83
-148
-275
-325
-417
-572
-709
-706
-546
-196
231
630
892
932
780
539
343
240
250
251
217
105
-133
-453
-829
-1171
-1399
-1439
-1306
-995
-607
-229
117
358
525
629
680
687
684
650
588
486
329
171
33
-80
-166
-201
-191
-126
-79
-98
-109
-111
-54
90
268
459
601
634
560
423
280
173
75
-87
-336
-628
-937
-1182
-1295
-1244
-995
-603
-168
209
449
553
598
626
641
639
564
431
226
-28
-224
-305
-261
-138
5
101
183
209
194
178
184
269
394
484
498
478
426
375
284
101
-184
-551
-936
-1271
-1440
-1439
-1214
-842
-454
-66
233
440
604
673
665
631
540
430
298
157
45
-22
-27
0
71
151
212
251
238
222
218
197
200
231
288
347
370
333
193
-60
-414
-788
-1100
-1285
-1290
-1138
-850
-489
-153
105
269
380
472
537
566
572
541
475
386
278
221
203
227
296
371
467
576
691
791
794
612
263
-233
-785
-1282
-1628
-1727
-1582
-1243
-831
-435
-101
154
368
528
652
726
734
665
526
343
142
-38
-183
-265
-276
-219
-116
22
162
284
369
392
378
339
291
237
170
75
-31
-142
-249
-335
-377
-374
-357
-347
-341
-326
-290
-240
-161
-48
58
122
115
64
9
-35
-51
-22
41
112
168
206
233
265
316
392
470
536
558
534
486
386
244
39
-238
-538
-819
-1018
-1076
-983
-749
-431
-126
112
267
340
368
352
314
284
242
181
86
-22
-104
-152
-145
-73
78
295
519
683
756
729
622
426
150
-182
-558
-899
-1159
-1277
-1212
-986
-649
-285
22
238
373
442
489
494
479
454
376
271
114
-62
-199
-268
-237
-117
44
207
342
414
423
365
271
178
109
73
46
4
-61
-152
-261
-347
-402
-407
-381
-350
-293
-233
-155
-49
48
125
168
159
118
58
-8
-47
-61
-45
6
65
144
231
313
397
472
525
535
493
417
303
126
-120
-430
-747
-1022
-1208
-1246
-1105
-806
-421
-37
290
537
682
725
695
627
545
437
295
136
-15
-125
-191
-209
-181
-121
-29
67
140
181
175
126
42
-56
-135
-169
-169
-163
-159
-148
-122
-85
-40
31
121
218
286
314
324
314
276
183
39
-150
-380
-594
-739
-769
-667
-483
-270
-80
52
130
174
211
264
343
433
507
542
543
499
420
326
216
129
93
100
109
73
-42
-246
-501
-747
-911
-926
-777
-513
-206
63
241
319
314
266
215
181
169
164
151
103
47
-12
-56
-58
-12
75
196
326
394
360
245
77
-97
-203
-228
-191
-99
22
124
182
206
193
165
138
107
57
2
0
1
-1
2
-4
13
9
-58
-136
-242
-378
-534
-655
-696
-659
-539
-368
-179
-6
100
153
171
182
199
223
255
289
333
387
418
423
408
364
303
230
192
211
255
254
149
-57
-332
-624
-852
-966
-921
-726
-451
-171
47
176
225
228
226
226
242
266
252
198
116
22
-69
-137
-156
-119
-27
92
198
262
273
230
145
42
-48
-106
-121
-96
-48
-6
25
38
32
19
12
13
15
13
0
-20
-51
-98
-161
-239
-305
-339
-345
-330
-302
-264
-226
-184
-139
-93
-29
51
144
252
360
448
507
541
548
528
480
412
330
242
160
86
21
-40
-107
-190
-296
-420
-539
-628
-651
-606
-504
-368
-232
-122
-54
-24
-24
-35
-39
-13
50
138
242
357
462
541
590
607
585
536
477
402
321
244
159
51
-78
-242
-434
-615
-754
-829
-827
-747
-617
-468
-332
-237
-197
-194
-201
-197
-148
-38
109
283
456
592
672
699
684
636
575
520
474
434
386
306
187
31
-152
-333
-504
-637
-716
-747
-726
-660
-575
-490
-404
-333
-285
-237
-165
-66
59
199
332
457
561
628
661
661
637
599
548
480
404
338
268
182
68
-68
-203
-326
-444
-553
-636
-681
-683
-650
-601
-536
-445
-338
-235
-133
-42
46
142
238
328
420
512
598
662
678
642
573
483
388
299
216
140
65
-21
-125
-245
-369
-474
-551
-608
-645
-656
-641
-602
-542
-473
-387
-292
-205
-126
-57
5
70
149
242
348
459
558
628
656
643
587
497
395
296
199
111
29
-55
-146
-243
-337
-420
-482
-509
-515
-497
-467
-435
-398
-349
-291
-222
-137
-54
22
92
150
201
252
308
367
427
468
485
483
454
407
352
284
205
123
37
-52
-136
-217
-282
-322
-345
-352
-345
-329
-314
-300
-281
-260
-227
-185
-136
-80
-23
24
71
120
163
210
251
283
311
332
345
348
333
296
243
173
93
20
-44
-101
-148
-186
-215
-233
-241
-239
-228
-208
-190
-172
-151
-131
-109
-84
-59
-36
-12
11
39
71
108
146
189
220
237
241
229
203
170
131
88
48
3
-45
-89
-129
-161
-182
-196
-196
-183
-169
-149
-126
-103
-80
-66
-58
-50
-41
-27
-5
20
50
78
100
114
126
136
144
154
159
156
148
125
91
53
14
-23
-58
-86
-109
-127
-136
-145
-147
-138
-121
-102
-80
-60
-36
-15
1
15
26
38
51
68
93
117
133
137
128
111
91
70
47
28
6
-11
-24
-41
-60
-82
-100
-114
-124
-121
-110
-93
-70
-45
-19
3
21
29
32
40
46
55
64
66
62
50
35
20
9
2
0
0
4
10
22
33
39
40
33
22
5
-14
-31
-46
-56
-63
-67
-60
-54
-45
-34
-19
-4
4
14
20
19
15
8
0
-2
-4
-1
0
3
9
13
16
23
28
32
31
30
24
20
10
-3
-17
-31
-41
-46
-45
-37
-26
-9
2
7
11
13
11
13
19
27
31
35
36
24
12
2
-9
-17
-22
-21
-14
-8
-8
-5
-5
-9
-14
-15
-11
-10
-9
4
17
17
9
12
13
-4
3
21
1
5
27
-5
-27
-29
-36
-15
-26
-38
44
48
-33
29
74
-14
1
61
7
-18
-9
-38
-36
-43
-66
-8
27
-12
17
71
22
-13
39
37
-29
-18
20
-17
-45
-21
-27
-40
-24
-18
5
35
24
34
74
50
14
23
11
-18
-21
-24
-38
-38
-27
-19
-24
-20
-3
1
2
11
25
33
27
19
38
33
1
6
16
-9
-20
-8
-18
-28
-20
-14
-12
-18
-12
7
0
-8
20
24
0
11
22
7
-7
-10
-12
-16
-22
-22
-8
-5
-2
14
23
19
32
33
25
31
25
14
8
1
-6
-17
-34
-45
-43
-42
-46
-39
-19
-16
-6
16
8
20
37
11
33
59
0
16
65
0
-10
32
-4
-22
3
-8
-18
-10
-18
-10
4
-17
-24
1
-8
-28
-13
14
-8
-18
26
9
-20
6
8
-10
-7
-1
5
9
7
6
24
15
-9
14
18
-10
-6
13
0
-5
3
-9
-16
-8
-15
-10
-10
-16
2
3
-8
5
11
-7
-2
8
-4
0
8
2
6
17
10
5
11
11
0
-2
2
-3
-4
-1
-4
1
-7
-14
3
2
-7
0
10
5
3
8
7
0
-10
-13
-10
-19
-22
-5
-1
-11
-4
2
0
0
6
11
14
18
13
5
-3
-10
-11
-4
1
5
17
15
2
-4
-3
0
-1
3
11
6
-3
-4
-9
-13
-6
1
10
4
-4
-5
0
0
0
7
9
1
-7
-10
-6
-6
-10
-1
8
-1
-10
-4
-2
-6
0
10
11
8
2
3
4
1
10
19
9
-4
-7
-4
-7
-6
-2
0
3
0
-1
0
-4
-7
-6
0
0
-4
-5
-6
-5
2
8
8
5
1
-1
-1
0
0
-2
-3
-2
0
0
0
2
4
6
5
6
4
-1
-4
-6
-3
0
-1
-7
-9
-3
0
4
6
5
4
1
4
6
4
0
4
2
-5
-3
-1
-4
0
1
0
2
0
-2
0
0
-3
-2
-1
-4
-6
-5
-4
-6
-4
0
0
1
2
4
5
3
7
7
4
4
3
1
0
-3
-4
-5
-4
-4
-3
-1
0
1
5
8
6
7
5
3
4
-4
-5
-6
-9
-7
-6
-8
-6
-5
-2
2
3
4
7
11
8
5
4
3
0
-1
0
-1
-1
-3
-4
-2
0
-1
1
1
0
2
0
0
0
-2
0
-1
0
0
-2
-1
1
0
-2
-2
1
3
2
4
6
5
4
3
0
-1
-5
-5
-4
-8
-9
-6
-2
-1
0
3
6
9
10
8
4
2
1
0
-6
-7
-6
-5
-2
-3
-2
-2
1
5
6
0
1
4
2
2
-4
-6
-1
2
4
1
-1
4
8
1
-5
-3
-1
0
-5
-5
-4
-2
-1
0
0
0
3
9
4
0
1
3
2
-4
-6
-3
-1
-2
-2
-2
-1
0
6
4
0
-1
0
3
0
-2
-2
-1
1
2
-1
-3
0
5
6
0
-3
0
5
2
-2
-5
-2
2
0
-5
-7
-2
2
-1
-6
-3
1
5
3
0
2
4
4
2
-1
0
3
3
-1
-5
-3
-1
-1
0
-1
0
2
2
0
-2
0
2
1
1
0
-1
0
1
0
-2
-1
0
0
0
0
-1
0
0
0
0
1
0
0
0
0
0
2
-2
-2
0
0
0
-1
-3
0
1
1
0
0
0
2
2
0
-1
-1
1
1
-1
-1
-1
1
2
0
0
0
1
3
0
0
0
0
1
0
-2
-2
0
-1
-2
-2
-2
1
1
-2
-3
1
5
1
0
-1
2
5
2
-1
-1
0
1
-1
-4
-5
-2
2
-1
-3
0
2
1
0
2
2
4
3
3
2
0
1
2
0
-4
-3
-3
-3
-4
-6
-5
-2
0
0
0
1
2
2
2
1
0
2
4
1
1
1
1
3
2
-1
-3
-4
-2
-3
-2
0
-1
3
2
0
0
0
0
-3
-4
0
1
1
1
4
7
3
2
0
-3
-4
-5
-8
-9
-4
0
3
4
3
6
7
3
-2
-4
-6
-2
-2
-1
1
4
9
12
9
3
1
0
-5
-11
-9
-4
-3
0
2
0
0
3
2
-3
-3
-1
1
1
2
6
7
7
7
2
-3
-7
-4
-8
-15
-12
-9
-3
1
2
5
8
11
11
6
0
0
1
2
-2
-6
-4
1
-1
-6
-8
-7
-3
0
0
0
2
7
11
9
2
1
6
7
2
-1
-1
-1
1
1
-3
-7
-5
-1
-4
-8
-8
-1
2
1
-3
-1
3
4
-1
-4
-2
5
6
-1
-4
0
6
5
-3
-3
3
3
3
1
-4
0
6
2
-3
-4
0
0
0
0
-3
-1
2
0
0
0
0
2
0
-1
-3
0
0
0
0
-1
-3
-3
0
1
0
0
1
2
0
-1
2
3
1
0
-1
0
0
0
-1
0
1
0
0
0
0
0
1
-1
0
0
0
0
0
0
0
0
0
0
0
1
0
-1
0
-1
-1
1
0
2
4
5
3
1
0
-1
-3
-6
-7
-7
-5
-2
0
1
4
8
8
4
3
3
2
0
-1
-5
-3
-3
-5
-2
-1
-3
-3
0
1
0
2
4
4
3
4
4
2
1
0
-2
-5
-5
-5
-4
-1
-1
0
1
3
2
0
0
0
0
-1
-3
0
-1
-1
1
3
2
2
4
3
0
0
-2
-2
-5
-5
-2
0
0
0
2
4
4
5
5
3
1
-1
-3
-3
-3
-3
-3
-3
-3
-1
1
3
3
3
0
0
0
-1
1
0
-2
-3
-2
1
1
0
1
2
2
0
0
1
1
0
-1
-2
-2
-2
-1
-1
0
0
0
3
3
2
0
1
0
-1
0
-1
-1
1
0
1
2
0
-2
-2
0
-1
-2
-1
-1
0
0
3
1
3
4
0
1
0
-2
-1
0
-1
-1
-1
0
1
2
0
0
-1
-2
1
0
-1
0
0
1
-1
-1
2
2
3
1
-1
-1
0
1
0
0
2
1
-1
-1
-2
0
0
0
-1
0
0
-1
0
-1
0
-2
-1
-1
0
3
1
1
1
-2
-1
-1
0
0
1
2
0
0
0
0
1
1
0
0
0
0
-2
-3
1
3
0
-1
-1
-2
0
1
2
1
3
0
-4
-5
-3
0
4
6
3
0
-3
-4
-2
1
5
3
0
0
-4
-2
-1
-2
0
0
0
0
-1
-3
2
3
1
1
3
1
2
-1
-4
0
3
0
1
3
0
-2
-5
-1
0
1
1
0
2
2
0
-1
0
0
0
-2
-3
0
0
-2
-3
-1
0
-1
0
0
1
0
0
0
1
3
4
2
0
0
1
0
-3
0
0
0
0
-2
0
0
-1
-1
1
1
1
0
0
0
0
0
0
0
1
1
1
0
0
0
-1
0
1
0
0
-2
0
0
0
3
0
1
2
0
-2
-1
0
-1
0
0
0
-1
0
0
0
0
0
2
1
0
-1
-1
-2
-3
0
1
0
1
3
3
2
1
1
1
-3
-3
-2
-4
-3
1
2
2
2
3
1
4
1
-2
-1
-3
-5
-1
-2
0
3
2
2
2
2
0
-3
-2
-2
-3
-3
0
0
1
0
2
3
1
1
-1
-3
-2
-2
-1
2
2
1
3
1
0
-1
-2
-1
-2
-1
0
0
0
0
1
1
0
0
2
1
0
0
-1
-1
-2
-2
0
0
0
0
-1
0
1
0
0
1
0
0
0
0
0
0
1
0
-1
0
0
2
0
1
1
0
0
0
0
0
0
0
0
0
0
0
0
1
-1
-2
-1
0
0
2
1
0
0
-1
0
0
1
0
0
0
0
-1
1
1
0
-1
-3
0
1
0
2
0
0
-2
-1
0
0
0
0
0
-2
-2
0
0
1
0
-1
1
0
0
3
0
0
2
0
-1
-1
1
2
2
0
-2
-1
-2
1
0
0
-1
-2
0
-1
-1
-1
0
0
-2
-1
0
0
0
2
1
1
0
-1
1
2
0
1
2
1
0
0
1
0
0
-1
0
0
0
-2
-1
-1
0
0
-1
-2
0
-1
-1
0
1
-1
0
1
0
0
1
2
1
1
1
1
1
0
0
1
1
0
0
-1
0
1
0
0
-2
-2
-1
-2
-3
0
0
-3
-3
1
2
0
0
0
0
1
2
2
2
0
-1
0
0
3
1
-1
-1
-1
0
1
1
0
-2
-2
-1
0
1
0
0
-1
-1
0
0
-2
0
0
-1
0
0
0
0
-1
1
2
2
1
2
2
0
-2
0
1
0
1
0
-1
0
0
0
-1
0
2
1
0
0
-1
-3
-2
-2
0
0
-2
-2
0
1
2
0
1
1
0
1
1
0
0
0
0
1
-1
0
0
1
1
0
-1
-2
-1
-2
-1
-2
0
1
0
0
-3
0
1
0
1
0
0
0
1
0
0
0
3
3
2
2
1
1
0
0
-1
-2
0
-2
-3
-2
-1
-1
0
1
2
1
0
1
0
-3
-1
-1
-3
-3
-2
1
1
1
3
3
2
1
1
1
1
0
-1
0
0
-1
-1
1
0
-1
0
1
-1
0
0
0
0
0
0
0
-2
-1
0
1
0
0
0
1
0
0
-2
0
0
-1
-1
0
1
1
1
4
3
2
0
0
0
-2
-3
-2
-5
-4
0
1
2
2
3
4
2
2
0
0
-1
-5
-2
-4
-4
-1
-3
-1
1
2
4
4
3
3
1
0
0
-1
-4
-4
-2
-2
-2
0
1
3
1
2
4
3
1
0
0
-2
-4
-2
-2
-2
-1
0
-1
1
2
2
1
0
-1
0
0
0
-2
0
0
-1
0
1
3
0
0
0
0
0
0
0
0
1
1
0
3
2
-1
-3
-3
-2
-1
-2
0
1
-2
-2
0
2
3
0
0
0
0
3
0
0
1
-1
0
0
0
-1
0
0
0
0
1
2
0
-1
-2
-2
-1
-1
2
0
-1
-1
0
1
1
2
2
0
0
1
2
0
0
0
0
-1
-3
-1
0
0
-1
0
-1
-1
0
2
3
0
1
-1
-2
1
2
1
0
2
-1
-5
0
2
2
1
-1
-2
-1
0
0
0
0
0
-3
-3
0
2
2
0
0
1
0
1
1
0
1
0
-1
-1
0
-1
-1
1
1
0
-1
0
2
1
1
1
0
0
-2
0
0
0
0
-1
1
-1
-3
0
1
1
0
-1
-2
-1
0
-1
0
-1
-1
-1
-1
2
0
-1
0
0
2
0
1
1
0
0
0
1
0
0
2
1
0
0
0
-1
-1
0
1
0
-1
2
2
1
-2
-2
0
0
0
0
-2
0
-1
0
0
0
1
0
-2
-2
1
1
-2
-1
1
0
1
1
2
1
0
0
-1
-1
0
1
0
-2
0
2
1
0
-1
-2
0
0
0
1
0
-1
0
0
0
-1
1
0
1
1
-2
0
0
0
0
-1
-2
0
0
0
0
1
0
0
-1
-2
2
1
-1
1
0
-1
0
0
0
3
1
-2
0
1
0
0
1
0
-1
-2
-4
-1
3
5
3
0
-8
-11
-2
8
15
9
-2
-10
-12
-4
6
13
8
-2
-9
-6
-1
3
2
0
-6
-6
0
7
10
1
-7
-10
-8
-1
6
10
6
-2
-9
-7
2
7
8
7
2
-2
-5
-1
3
4
4
-1
-6
-5
-4
-3
1
5
3
0
-6
-8
-3
0
4
8
5
0
-4
-8
-3
4
2
1
-1
-4
-1
0
-1
2
0
1
5
4
6
2
0
3
1
0
1
-5
-5
-3
0
0
-1
-2
-5
-5
-1
0
0
3
0
-2
0
-2
1
6
3
2
0
-3
-1
0
1
1
1
0
0
-3
0
-1
0
2
0
-1
-2
-3
-1
2
-1
0
0
2
2
0
1
1
0
1
2
2
1
0
0
1
0
-3
-2
-2
-1
-1
0
0
-1
0
0
-3
-1
1
2
2
0
-1
-2
2
0
1
1
1
0
0
0
0
0
1
-1
-1
0
1
0
-2
0
0
0
-1
0
0
0
-1
-1
1
1
0
0
0
-2
2
0
0
1
0
-1
-1
-2
0
0
-1
-2
0
0
1
1
1
0
0
1
1
0
1
1
0
0
0
-2
0
0
-2
0
-1
-2
0
0
0
0
0
0
1
2
0
-1
-1
0
0
0
-1
-2
-2
1
-1
0
1
-1
-3
-1
-1
-2
2
2
0
2
2
2
2
0
2
1
-1
1
0
0
1
0
-1
0
0
0
0
0
-5
-5
-2
0
1
-1
1
1
-3
1
0
1
4
1
1
2
2
-1
2
3
-1
0
-1
-1
1
-1
0
-1
-2
0
-1
-1
-1
-1
-1
0
1
1
2
0
0
0
-2
-3
-1
0
2
1
1
0
0
0
-1
-1
1
2
-1
0
1
1
2
2
1
1
0
0
0
-1
-1
0
1
0
0
0
0
0
0
0
-2
-2
-1
-1
0
0
0
0
0
0
0
0
-1
-2
0
0
0
0
0
1
1
1
1
0
1
0
2
1
0
1
1
-1
0
2
0
0
0
1
0
-1
0
0
0
0
0
-1
-3
-2
0
0
-2
-2
0
2
0
-1
1
1
1
1
0
-2
-1
1
2
-1
-1
-2
-1
1
0
0
0
0
-1
0
1
0
1
0
1
4
1
-1
2
3
2
0
0
0
0
0
0
0
0
0
0
0
-5
-5
-2
0
0
2
1
0
0
0
0
0
2
3
1
0
-1
0
1
1
3
3
0
-2
0
0
0
1
3
-1
-5
-3
0
3
2
2
-3
-5
-2
-1
0
0
-1
3
2
0
0
-2
1
5
3
0
-3
-4
0
5
5
0
-4
-3
0
1
1
0
0
1
-3
-4
0
1
0
0
0
-3
-1
1
1
2
1
0
0
2
5
0
-2
0
-1
0
-1
0
2
-2
-4
-1
0
1
1
3
0
-2
-1
0
4
3
3
3
0
-2
-2
-2
0
0
0
0
-3
-4
0
0
-2
0
1
1
-1
0
1
-1
0
3
1
3
1
-1
0
1
0
-1
0
4
1
-1
0
-3
-2
0
1
-2
0
1
-2
0
-1
0
0
0
-1
-2
0
1
0
0
0
0
1
1
1
0
1
1
1
0
0
0
1
0
0
2
2
-2
-3
0
3
-4
-6
0
1
0
-3
-3
3
5
0
-5
0
5
3
-1
-2
3
6
-1
-2
-4
-1
1
0
0
-2
0
2
2
-1
-5
-2
2
2
0
-1
1
7
4
-1
-2
0
0
0
-1
-1
-1
-1
0
0
0
-5
-1
5
3
-1
-5
0
4
2
-2
-1
4
4
-3
-7
0
5
5
-1
-3
0
0
0
1
0
-2
0
0
-2
0
2
2
0
-1
-1
1
0
0
-1
-2
0
0
0
1
2
-2
-3
3
2
-1
-4
-2
3
4
-1
0
2
4
4
0
0
0
0
0
-2
0
0
-1
0
1
0
0
-1
0
1
-2
-5
0
2
0
-1
0
1
0
0
0
1
0
0
-2
0
0
0
1
2
3
1
0
-2
0
1
-1
1
1
0
0
-2
0
2
1
0
1
0
-2
-1
-1
0
1
1
-1
0
0
-1
0
0
0
2
0
0
-1
-3
0
0
-1
-1
0
0
0
3
1
0
0
0
-2
-1
3
1
0
1
0
0
-1
0
2
0
-1
-3
0
0
2
4
1
0
1
-2
0
-1
0
1
0
-3
-5
-3
0
1
0
-2
-3
-4
-1
5
3
0
-2
0
2
4
5
1
-1
0
2
0
3
1
-2
1
2
0
2
0
-3
-1
1
0
0
0
-1
-2
0
0
0
-2
-4
-1
-2
-3
-1
0
0
0
0
1
1
-1
1
0
0
0
1
1
-3
0
1
-1
0
2
2
0
1
3
4
2
0
3
3
-1
-1
3
1
-6
0
3
-4
0
2
-1
-2
-2
0
0
-2
0
-1
-2
0
-2
-2
0
0
-1
0
0
0
0
0
0
0
4
2
0
2
1
1
0
1
3
0
0
1
1
1
0
0
2
1
-1
-2
-2
-1
0
0
0
0
-2
-2
0
-1
-1
0
-1
0
1
0
2
1
-1
0
2
2
0
0
-1
-1
0
0
0
0
0
0
0
-1
-1
0
1
0
-1
-1
0
1
0
0
-3
-1
2
2
0
0
1
0
0
1
0
-1
0
0
-1
0
2
3
1
-1
-5
-2
2
0
0
0
-1
2
0
-3
1
2
1
-1
-1
3
2
0
2
-5
-5
1
-2
-2
0
0
1
2
-2
-3
0
3
0
1
0
-4
0
2
0
3
3
-1
3
-1
-4
2
4
2
5
-1
-6
2
2
-2
2
0
-2
-3
-1
0
0
0
-2
-1
-4
0
0
-1
6
-1
0
0
-3
0
0
-1
1
2
0
0
0
-4
0
0
-1
6
4
-2
0
-3
-7
1
4
3
6
-1
-9
-5
-3
0
5
7
1
0
-2
-5
0
4
2
-1
-2
0
1
0
0
-1
-1
0
-2
0
4
2
-2
-1
2
0
0
0
-1
-3
0
2
3
1
0
0
0
-3
0
1
0
0
0
0
0
2
0
-3
-3
-3
-4
1
6
7
2
-5
-9
-6
5
11
9
3
-7
-13
-10
2
17
13
1
-10
-16
-9
3
13
12
3
-7
-10
-7
0
9
8
0
-5
-6
-3
1
5
2
0
-2
-5
0
3
1
0
-1
-1
-2
1
3
4
1
-2
-2
-3
-1
1
2
3
1
0
-3
-5
0
1
4
4
1
-4
-6
-2
3
3
1
0
-3
-1
1
0
-1
-3
-1
1
3
2
1
0
-3
-1
0
1
2
0
-1
-1
0
0
0
1
0
-3
-1
1
1
0
0
-1
0
0
-1
0
1
-1
-5
-5
-2
1
2
4
3
2
2
0
0
2
5
2
-5
0
-1
-1
0
-1
0
0
0
-2
2
0
-3
2
0
0
4
0
-3
0
0
-7
1
2
-3
2
2
0
-1
3
5
1
0
-1
-3
-5
-6
-6
-5
-1
-3
-3
-1
0
1
1
4
5
3
4
3
5
4
5
1
-4
1
1
0
1
-1
0
-3
-3
2
3
2
-1
-1
0
0
0
-1
-1
-2
-2
0
-1
-1
-1
0
0
-1
0
0
-1
-4
-2
0
0
3
7
5
1
0
0
0
1
2
2
-1
-1
0
-2
-1
-1
-2
-1
0
0
2
1
0
0
-2
-2
3
-2
0
6
0
-2
0
-2
0
1
1
-3
-2
-1
-1
0
1
3
0
0
0
-2
-2
1
2
-1
-1
1
0
-1
0
4
2
1
-1
-3
0
2
0
0
0
0
0
0
3
2
-2
-2
0
-2
1
1
1
3
0
-4
-3
0
2
-1
0
-2
-2
1
0
-2
0
1
0
0
-1
1
2
3
4
-2
-5
-5
0
5
3
6
6
1
-4
-5
-4
-1
1
-1
-1
-1
1
1
3
2
-2
-3
-4
-5
-4
1
3
1
1
2
0
-1
0
0
-1
-2
2
6
4
0
-3
-1
1
0
-6
-11
-6
7
17
10
-6
-13
-5
4
8
0
-7
-1
8
11
6
-4
-9
-5
0
4
-1
-3
-1
1
2
-3
-2
-1
-2
0
0
1
4
7
1
-5
-10
-8
0
7
9
4
4
3
2
-3
-10
-8
0
8
9
3
0
-4
-6
-5
-2
2
4
4
3
3
0
-5
-9
-4
1
2
0
3
7
5
-4
-12
-10
-2
7
10
7
-4
-14
-10
3
13
15
3
-17
-20
0
23
20
-4
-19
-9
7
4
-2
5
18
16
-9
-33
-27
3
27
28
14
-3
-9
-7
-18
-28
-8
19
29
19
1
-18
-20
0
4
-5
-1
5
-6
-4
20
14
-6
-4
-3
-16
-4
7
3
13
19
-12
-25
-7
-4
-5
12
21
8
-1
-3
-9
-17
-21
4
35
22
-12
-9
16
4
-19
-9
9
14
5
0
-4
-2
-3
0
10
-4
-26
-1
28
-2
-31
0
23
-5
-28
-11
14
24
13
-8
-14
-4
1
2
8
12
6
-4
-18
-18
0
9
7
6
4
-10
-21
-5
11
11
5
9
11
-7
-24
-16
1
13
15
16
10
4
0
-8
-6
5
10
3
-1
-4
-15
-18
-6
6
10
7
0
-6
-6
-7
-11
-2
17
13
-6
-18
-15
-8
-4
10
21
18
4
-8
-11
-7
-5
-6
1
12
14
3
1
7
2
-5
-9
-4
6
8
5
0
-4
-7
-7
0
8
12
11
4
-10
-21
-21
-13
-2
1
3
7
7
6
7
2
-4
-8
-13
-8
-5
2
13
13
9
6
0
-5
-5
0
0
-3
0
3
1
0
3
6
1
-3
-2
-1
0
-3
1
6
9
0
-6
-7
-7
-5
-2
0
3
4
0
-4
-3
0
3
0
-4
-4
-4
-2
-2
-1
3
10
12
6
0
-3
-3
1
4
0
0
2
1
0
-1
-1
-1
0
2
0
-1
2
1
-1
-3
0
3
0
-6
-7
-7
-2
3
9
10
1
-4
-6
-5
0
0
0
0
-2
-4
-2
7
16
16
11
1
-11
-25
-25
-13
1
15
22
20
16
7
-5
-16
-22
-24
-15
1
14
18
14
5
-5
-6
-1
4
5
1
-8
-11
-6
-4
0
4
7
5
0
-4
-6
-5
-2
5
8
1
-6
-10
-1
8
14
15
4
-9
-13
-9
0
10
11
8
3
-2
-5
-5
-4
1
2
3
4
0
-4
-5
-6
-6
-7
-6
0
5
8
7
3
-3
-9
-8
-2
2
5
5
2
1
2
-1
-1
-1
0
2
2
3
3
3
0
-5
2
0
-7
1
8
0
-5
4
-4
-7
7
2
-6
-1
2
-2
-2
3
0
-5
-2
0
-1
2
6
0
0
0
-7
-5
0
2
1
4
4
5
3
3
1
0
-2
-11
-10
-2
-1
-2
6
11
4
2
1
-1
-6
-2
1
-4
-5
5
1
-5
1
4
1
5
8
3
0
-2
-10
-11
-8
0
6
11
12
3
-7
-10
-6
-3
3
8
4
-2
-4
-3
-6
-5
0
1
7
14
10
7
0
-11
-9
-8
-10
-1
6
7
9
7
5
2
-7
-15
-8
1
1
-2
-2
0
-1
4
8
6
-2
-1
2
-3
1
13
2
-15
-4
-18
-11
28
2
0
33
1
-27
27
-7
-49
31
-3
-40
52
42
-30
27
20
-63
-79
-2
33
24
89
5
-22
-8
-88
-54
11
50
42
10
13
-10
-56
3
92
84
-35
-67
-28
-194
-291
64
482
336
237
64
-425
-461
-451
-241
240
747
502
-213
171
-298
-911
173
450
-83
72
175
53
-216
-180
322
-8
-45
168
-423
-252
645
115
-474
372
245
-516
-249
-1
-25
227
229
71
-10
-208
-116
99
76
-96
-77
115
60
21
-29
-44
-37
-6
-8
25
129
7
-33
61
-171
-225
146
175
31
-54
-33
22
47
-17
-94
25
38
-13
-77
-48
44
36
103
81
-123
-108
41
44
-11
-7
41
-15
-31
-52
-38
81
112
89
-36
-131
-58
-16
0
29
48
46
26
-32
-54
-32
-13
37
39
-28
-38
-16
50
64
-36
-21
6
-15
-9
-14
17
33
12
2
-20
-17
-1
4
14
6
-13
-4
9
1
2
-13
-56
-11
56
37
3
0
-2
-39
-36
19
27
12
31
6
-25
-44
-11
16
-14
28
38
-18
-1
11
-42
-38
23
14
-9
20
36
26
-39
-38
3
-25
-4
22
11
13
21
16
-22
-21
0
3
-4
3
4
-7
-9
-8
10
14
18
1
-27
-23
-1
1
1
17
20
5
-3
-3
-5
-3
-8
4
0
0
6
0
1
-2
3
-10
-14
9
18
0
-11
7
2
-9
6
13
-5
-4
-4
-17
0
2
3
15
5
-13
-16
3
-4
-12
9
20
0
-5
3
6
9
5
0
-3
-7
-8
9
6
3
1
-17
1
12
5
10
-4
-16
-9
-9
-13
-4
23
10
-4
8
-8
-9
6
5
1
-3
-11
-6
7
10
7
-11
-5
6
-5
-4
3
6
2
5
2
-15
-4
8
8
6
-12
-18
0
1
0
13
8
-2
3
1
-6
3
0
-3
4
-5
-11
1
4
-2
3
9
-2
3
13
6
0
-14
-27
-15
-6
2
14
21
19
7
-8
-21
-11
-7
1
14
5
2
3
0
-2
0
5
1
-12
-2
0
-10
-6
-3
0
7
3
-2
7
5
0
-4
-1
2
4
0
-2
-3
1
8
-1
-8
-2
5
-1
5
8
0
-3
-1
4
-1
-13
-7
-1
-4
9
13
0
1
0
-5
0
4
-3
-6
1
-2
-2
4
3
5
5
1
-2
-8
-15
-11
-11
-8
2
5
9
19
18
7
-3
-14
-18
-6
3
9
9
2
3
9
7
2
0
-6
-12
0
0
-3
8
4
-5
-2
-11
-12
-3
-1
-3
2
8
13
18
0
-28
-27
-11
12
38
23
-10
-24
-12
14
31
22
-11
-40
-31
0
25
25
11
-7
-14
-3
7
3
-4
-10
-10
-4
9
9
1
1
0
-4
-2
0
0
-2
-3
-3
-1
7
11
2
-3
-5
-4
-4
4
8
-5
-8
-2
1
6
12
7
-2
-4
-5
-2
1
0
-1
-8
-8
7
11
9
9
-2
-10
-2
1
-3
-4
-2
-5
0
6
4
0
0
1
3
0
-2
-6
-4
0
0
1
1
0
3
8
4
-3
-3
-1
-6
-4
0
2
3
5
6
5
1
0
2
-3
-7
-6
-5
-3
1
4
5
3
2
3
0
0
-5
-13
-9
-2
3
10
9
4
1
-2
-7
-7
-6
-2
5
9
6
2
-1
-2
-2
-2
-3
-4
0
3
7
8
0
-4
-6
-4
2
4
3
0
-2
-4
-2
2
2
0
2
-2
-3
-1
0
0
0
0
0
2
4
1
-1
0
-1
-3
-2
0
0
1
2
0
-1
-1
0
-2
-3
1
5
4
0
-3
-5
-4
-1
0
-2
0
3
3
2
2
2
1
-2
0
0
-3
-1
2
-1
-2
4
3
0
0
0
-1
-1
0
0
-3
-1
1
0
0
1
2
1
0
3
0
0
0
-3
-3
0
0
0
0
1
0
-1
1
1
1
-1
-3
-2
1
2
3
0
-4
-2
0
0
3
0
-1
-1
0
1
1
-1
-4
-4
-4
0
7
11
2
0
0
-4
-2
-1
0
0
-3
-4
-2
5
9
10
8
-2
-11
-14
-10
-3
3
7
8
7
4
1
-3
-8
-4
0
4
5
-1
-5
-8
-6
0
11
14
7
1
-9
-13
-7
-1
3
5
4
1
-1
0
0
1
5
6
0
-7
-8
-8
-3
2
7
10
8
7
0
-8
-11
-7
-3
0
5
2
-1
-2
0
3
7
6
2
-5
-7
-1
0
0
2
0
1
3
0
1
7
5
-5
-16
-13
-4
4
17
23
9
-9
-14
-13
-11
2
12
11
5
-6
-12
-5
6
17
13
-10
-25
-24
-16
11
43
36
2
-17
-23
-25
-10
12
17
6
-2
-2
-3
-5
0
2
0
1
8
9
4
4
3
-4
-9
-8
-3
0
2
0
-6
-8
0
14
22
13
-1
-18
-23
-8
5
3
3
2
-3
0
4
1
0
0
6
8
1
0
-5
-14
-8
2
5
0
-3
-5
-4
1
7
12
5
-2
-1
2
2
1
0
-6
-6
-3
1
5
-1
-4
1
3
1
6
3
0
-5
-7
-1
1
0
1
0
0
-1
2
3
-5
-4
-3
0
4
3
2
2
2
2
0
-3
-3
-2
-2
-1
1
2
0
-2
2
3
5
4
-4
-6
-3
0
6
4
2
-5
-3
-4
-5
-2
0
3
4
0
-1
3
-1
-2
0
-5
-1
2
2
5
4
2
0
-1
-3
-9
-5
0
1
7
5
0
2
0
1
0
-1
-2
-4
-4
-4
0
4
1
0
1
-2
-2
-1
-2
0
1
2
3
1
0
0
0
-1
0
0
0
0
2
0
-1
2
2
-3
-1
3
0
0
0
-2
-3
0
-1
0
3
0
-2
-1
-2
-1
2
1
1
4
3
3
-1
-5
-7
-3
-1
4
9
3
2
0
-7
-3
0
-5
-2
5
3
0
6
1
-7
-5
-2
-3
0
7
3
-3
0
2
-3
0
5
0
-4
2
3
-8
-8
3
3
2
12
10
-2
-4
-6
-17
-12
8
13
11
14
3
-10
-11
-14
-9
3
11
12
6
6
-3
-13
-7
-7
-4
8
11
0
-2
0
-8
-5
4
3
2
4
0
-3
-1
0
-2
-2
0
-1
0
0
0
2
2
1
4
3
0
-2
-4
-1
1
-3
-2
2
7
7
4
0
-1
0
-3
-5
-8
-4
3
2
0
-6
0
3
3
5
-1
-3
0
-5
-1
-3
-5
11
13
10
4
-6
-6
-4
-1
1
-1
0
4
1
-2
-5
-5
0
2
0
-2
-6
-4
-2
-2
8
5
1
7
-3
-3
-1
-4
-1
0
4
11
2
-3
0
-2
3
7
2
1
-4
-6
-6
-8
0
4
10
2
-2
-3
-3
3
4
0
-3
-4
-8
-1
1
0
0
-2
0
2
0
-2
-7
-8
2
15
21
15
1
-12
-15
-10
-3
7
16
14
2
-7
-12
-11
0
7
12
8
-4
-8
-7
-5
0
7
6
-1
-7
-2
0
-3
-1
1
-3
-10
-12
-5
7
16
11
0
-7
-8
-9
-3
2
5
6
3
0
3
3
0
-2
1
8
6
0
-4
-1
0
2
2
5
12
2
-7
-7
0
10
1
-13
-11
-3
4
5
-6
-3
0
-2
0
-6
1
6
-4
-8
-2
0
1
-3
2
8
5
0
-12
-9
3
14
13
-2
-9
-2
8
6
0
-3
-5
-3
6
8
7
6
-7
-11
-7
-6
0
0
6
10
5
0
-8
-9
-9
-4
6
9
7
2
-6
-8
-6
-2
0
0
8
7
3
0
-5
-4
-5
-4
3
6
8
8
-1
-1
-5
-3
4
3
3
0
0
-1
-2
1
-1
-6
-7
-1
5
4
2
2
-2
-4
-2
0
0
2
5
3
-4
-6
-2
-1
1
3
0
-4
-3
2
7
7
5
3
-6
-10
-8
0
6
11
13
2
-5
-9
-12
-8
0
9
12
4
-1
-6
-8
-2
5
7
4
-3
-13
-19
-12
7
24
24
13
-2
-16
-22
-20
-8
10
25
23
6
-11
-14
-9
-5
0
8
6
0
-5
-5
0
8
11
4
-5
-8
-4
-2
-1
2
5
3
-1
-3
-3
0
0
1
0
-4
-4
-1
6
9
4
1
-5
-6
-7
-4
0
4
4
2
-1
0
6
8
5
-2
-10
-10
-6
-5
0
12
20
16
1
-14
-17
-11
-7
-2
8
14
8
-1
-6
-3
1
2
0
-3
-4
-6
-6
0
6
9
7
1
0
-3
-5
-2
-3
0
3
8
7
1
-6
-12
-7
0
5
5
5
5
0
-3
-4
-2
0
0
-1
1
4
3
1
-1
-4
0
1
1
0
1
-1
-2
-1
0
2
2
0
-4
-2
1
0
0
-3
0
0
0
0
0
2
3
1
0
0
0
-3
-5
-3
3
1
0
0
3
4
0
0
1
0
0
0
1
0
0
-2
-5
-2
0
1
1
0
0
0
0
1
0
0
0
0
0
-1
0
0
0
0
1
1
3
1
1
-2
-1
0
-2
-1
-1
3
4
2
0
0
-1
-4
-2
-1
0
2
0
0
0
1
0
-4
-2
0
0
0
2
1
1
0
0
0
-2
-3
-1
1
2
4
2
0
-1
-2
-2
-2
0
1
2
0
0
0
-1
-1
-1
1
3
2
3
2
-1
-4
-4
-5
-5
-2
1
4
7
6
3
0
-3
-7
-6
-3
-3
0
4
5
7
4
1
-1
-7
-8
-5
-3
0
4
5
7
5
3
-1
-4
-8
-8
-1
4
8
10
7
2
-4
-8
-11
-9
-6
1
7
10
10
4
-1
-6
-7
-6
-5
0
3
4
4
2
3
1
-2
-2
-2
-3
-3
0
1
2
2
3
2
0
0
-2
-5
-3
-2
0
2
3
2
0
0
0
-1
-1
0
2
2
1
0
0
0
-1
-1
0
1
0
0
0
-1
-2
0
2
2
1
0
0
-1
-3
-3
-1
0
0
2
2
0
-1
0
-1
0
0
0
-1
-1
1
0
0
0
0
1
0
0
-1
-2
-4
-1
1
1
2
0
0
1
0
0
0
0
0
0
2
2
0
-1
-1
-1
0
0
0
1
0
0
0
0
1
0
0
0
0
0
0
0
0
0
1
0
0
0
0
0
0
0
0
0
0
-1
0
0
0
-1
-2
0
1
1
1
-1
0
0
0
2
3
1
0
0
0
0
-1
-1
-1
0
0
0
1
0
-1
0
-1
0
0
-1
0
0
1
1
1
0
0
0
0
0
1
2
1
1
0
0
0
-1
0
0
0
0
0
0
0
0
0
-1
-1
0
0
0
0
0
0
0
0
0
0
0
0
0
0
0
0
0
0
1
1
0
-1
0
2
0
0
0
0
0
0
0
0
0
0
0
0
-1
0
0
-1
0
0
1
1
1
0
0
-1
-1
-1
0
-2
-1
0
0
0
0
0
0
0
-1
0
1
0
0
1
1
1
0
0
0
0
0
1
0
1
1
0
0
-1
0
-1
-1
-1
0
0
1
0
0
0
0
-1
-1
0
0
0
0
0
0
0
0
0
0
-1
-1
0
0
0
0
0
0
1
1
0
0
0
0
-1
0
0
1
0
0
0
0
0
-1
0
0
0
-1
0
0
0
0
0
-1
0
0
0
0
0
0
0
1
2
1
0
0
0
-1
0
0
0
0
0
0
0
0
-1
0
0
0
-1
0
0
-1
0
0
0
0
1
1
0
0
2
0
1
0
0
1
0
-1
0
0
-1
0
0
0
-1
-1
0
0
0
0
-1
0
0
0
0
0
0
0
0
0
0
0
0
0
0
0
0
0
0
0
0
0
0
0
0
0
0
0
0
0
0
0
0
0
0
0
0
0
0
-1
0
0
-1
0
0
0
0
0
0
-1
0
0
0
1
1
0
0
0
0
0
1
1
0
0
-1
0
-1
0
1
0
1
0
0
0
0
-1
0
0
0
0
-1
0
0
0
0
0
0
-1
0
0
0
0
1
1
1
1
0
1
0
0
1
1
1
0
-1
0
0
0
0
0
0
0
0
0
1
0
0
1
0
0
0
0
0
0
0
0
0
0
0
0
0
0
0
0
0
0
0
0
0
0
0
0
0
0
0
1
0
0
0
0
0
0
0
0
0
0
0
0
0
0
-2
-1
-1
-1
0
0
0
1
1
1
1
0
0
-1
-1
0
0
0
0
0
-1
0
0
0
0
0
0
0
0
0
-1
0
0
0
0
0
0
0
0
0
0
0
0
1
0
0
0
0
0
0
0
0
0
0
0
-1
0
-1
-1
0
0
1
2
1
0
0
1
0
0
-1
0
0
0
0
0
0
0
-1
0
1
0
0
0
-1
0
0
0
0
0
-1
0
1
2
1
0
0
0
0
-2
0
0
0
0
0
-1
0
0
0
1
0
0
0
0
0
1
0
0
-1
0
0
0
0
1
1
1
-1
-1
-1
2
1
0
0
1
0
0
0
0
0
0
0
0
0
1
0
0
0
0
0
0
-1
0
1
0
0
0
-2
-1
-1
0
0
0
0
0
0
0
0
0
0
0
0
1
0
0
0
0
-2
-1
0
0
0
1
1
1
1
0
0
1
2
3
4
4
3
0
0
0
1
0
-1
0
-1
0
0
0
0
-1
-2
-1
-1
-2
-2
-2
0
-1
0
-1
-1
-1
-3
0
0
0
0
0
1
1
0
1
0
0
1
1
1
1
0
0
0
1
1
0
1
0
0
0
0
0
0
1
0
0
-2
-1
0
0
1
0
-2
-2
0
0
0
0
1
1
2
0
-1
-1
0
0
0
0
1
0
-1
-1
0
0
0
0
2
1
1
1
0
0
1
0
0
0
0
-1
0
-1
-1
0
0
0
0
0
0
0
0
0
0
0
1
1
0
0
-1
0
0
-2
0
0
-1
-2
-1
0
0
1
1
0
0
2
-1
0
0
0
0
-1
2
0
0
0
0
0
0
0
0
0
0
1
1
-1
-1
0
0
0
0
0
1
0
-1
0
0
1
1
0
1
0
0
0
-1
1
0
0
0
0
1
-2
-1
0
-1
0
0
0
0
0
0
0
0
-1
-1
0
0
1
1
2
1
0
0
-1
0
-1
-3
0
1
2
1
0
0
0
-1
-2
0
0
0
2
3
2
1
-1
-1
-2
-4
-2
0
0
1
2
0
0
0
0
-1
-3
0
0
1
3
2
2
0
-1
0
-1
-2
-2
0
0
2
2
2
0
0
0
-1
0
0
0
0
1
0
0
-2
-1
0
-1
0
0
0
0
0
-1
0
0
0
2
0
1
1
0
-1
-1
0
0
0
0
0
-1
-2
-1
0
0
1
0
0
0
0
1
0
0
0
0
0
0
1
1
0
-1
-1
0
0
0
0
-1
0
0
0
0
0
0
0
0
0
0
0
-1
0
1
0
0
0
0
0
0
0
0
0
0
1
0
0
0
0
0
0
0
0
0
0
0
1
0
0
0
0
-1
0
0
-1
0
0
0
-1
-1
0
0
0
1
0
0
0
0
0
0
0
1
0
0
1
0
1
0
0
0
-1
1
1
0
0
-1
1
-1
-3
1
0
0
0
0
-1
-1
0
0
0
0
1
0
1
0
0
0
0
0
0
0
0
1
0
0
0
0
1
0
0
1
0
-1
-1
0
1
1
2
0
1
1
-1
1
-1
-2
-3
-3
-3
-2
-2
0
0
0
0
0
0
0
0
0
0
1
3
5
5
3
4
2
2
3
2
1
0
-2
-2
-1
-3
-4
-5
-5
-6
-8
-6
-5
-4
-3
-1
0
0
2
2
3
3
5
5
6
6
5
6
6
5
3
1
0
-1
-3
-4
-4
-5
-5
-5
-3
-3
-5
-4
-2
-1
2
0
0
2
1
1
1
1
1
2
1
0
1
0
0
0
0
0
0
0
0
0
0
0
0
2
3
1
1
0
1
2
0
0
0
0
-2
-1
-1
-2
-3
-2
-2
-2
0
-1
-2
0
-3
-1
1
0
1
3
2
1
1
1
0
2
2
0
0
0
1
1
-1
-1
0
0
0
0
0
0
-1
0
-1
-3
1
2
0
-1
0
0
0
0
0
0
0
0
0
-1
0
0
0
0
0
0
0
0
0
0
0
0
-1
-1
0
1
2
1
-1
0
0
0
0
0
1
0
0
0
-2
-1
0
0
0
-1
0
0
0
0
-1
0
2
0
0
0
0
1
-1
-1
-1
0
1
0
-1
0
0
0
-2
0
1
0
0
0
0
0
0
0
0
0
0
0
1
0
0
1
1
0
0
0
0
-1
-1
0
1
0
0
0
0
1
0
-1
1
0
0
1
-1
-2
-1
-1
0
0
0
0
0
2
0
1
2
0
0
0
0
0
-1
-1
0
1
2
0
0
0
0
0
0
0
-1
-1
-1
0
0
1
0
0
0
0
0
0
0
-2
0
0
0
0
0
1
0
0
0
0
4
2
0
0
0
3
1
-1
-5
-3
1
4
1
-3
-1
3
3
-1
-1
2
3
-1
-10
-3
15
12
-13
-30
-5
36
28
-20
-38
-6
31
26
-15
-32
-8
20
19
-5
-18
-5
11
12
0
-7
-2
3
3
0
-5
-2
4
1
0
0
3
4
-3
-8
-2
6
7
-2
-11
-5
5
6
-1
-7
-1
4
0
0
-1
3
3
-1
-5
-2
5
9
4
-7
-11
0
12
8
-6
-11
-2
7
5
-1
-7
-2
4
6
0
-7
-1
5
6
-1
-4
-1
2
2
1
0
-3
-1
0
1
1
0
-1
0
2
0
-1
-1
0
0
1
0
-3
-2
3
3
0
-4
0
2
1
-1
-3
1
5
1
-1
0
2
2
0
-3
-2
4
2
-5
-4
-1
3
2
-1
-1
-1
0
5
2
-3
-1
-1
0
1
0
-2
-1
0
0
1
0
0
1
1
2
3
0
-1
-1
1
0
-2
-1
-2
0
0
-2
-1
1
0
-2
-1
1
1
0
0
0
1
2
-1
-1
-2
0
1
0
-1
0
0
1
0
0
0
1
2
1
-1
-1
0
0
0
-1
-1
0
0
2
0
0
0
1
1
0
0
-2
-2
0
0
-1
0
0
-1
0
0
-1
-1
0
1
0
0
0
0
1
1
0
0
0
-1
0
0
0
0
1
2
0
0
0
0
0
0
0
0
0
-2
0
0
-1
1
0
0
0
0
2
0
-1
0
0
0
0
0
-1
-2
0
0
-1
0
0
1
0
1
1
0
0
0
0
0
0
0
0
-1
1
1
0
1
0
0
0
0
1
0
1
0
0
-1
-4
0
-1
-1
0
-1
0
1
0
0
0
-1
0
0
0
-1
0
0
0
1
0
0
1
1
2
-1
0
0
1
2
-1
0
0
0
0
0
-2
0
1
-2
0
0
-1
0
-1
0
-1
0
1
1
0
0
0
1
1
0
0
-1
1
0
0
0
0
0
1
1
-1
0
0
0
-1
0
0
0
-1
0
-1
-1
1
0
0
2
0
0
1
0
0
-1
0
-1
0
0
0
0
0
0
2
0
1
0
0
0
0
0
0
0
0
-1
0
0
0
0
0
0
1
1
0
0
1
0
-1
0
0
0
-1
0
0
0
0
0
1
1
0
0
0
0
0
-1
-1
0
0
1
0
0
0
1
0
0
0
0
0
0
1
1
1
0
-2
0
0
-2
0
0
0
0
0
-1
0
0
0
1
0
0
-1
-1
0
0
0
0
0
0
0
0
1
0
1
0
-1
0
0
1
0
0
0
0
0
0
0
0
0
0
-1
0
2
0
0
0
0
0
0
0
0
0
0
0
-1
-1
1
1
0
0
0
1
0
0
0
0
0
1
1
0
0
0
0
1
1
1
0
-1
0
0
0
-1
-1
-1
0
1
0
-1
0
-2
-1
-1
-1
0
0
0
0
0
1
1
0
1
1
0
0
0
2
2
0
1
0
0
0
0
0
-1
0
-1
0
0
-1
0
-1
-1
0
1
-1
-2
0
0
0
0
0
0
0
1
0
0
0
1
1
0
0
0
0
-1
-1
0
0
0
0
0
0
0
1
0
0
0
0
0
0
0
0
0
0
0
1
0
0
1
0
0
1
0
-1
0
0
0
0
0
1
0
0
0
0
2
1
0
0
0
1
0
0
-2
-1
0
-1
0
0
-1
0
0
1
0
-1
0
0
0
0
0
0
0
0
0
0
0
0
-1
0
0
0
0
0
1
0
0
0
0
0
0
1
0
1
0
-2
0
2
1
0
-1
-1
0
0
0
-2
-1
0
0
0
0
0
0
0
0
0
1
0
1
1
0
0
3
1
0
0
-2
0
0
0
0
-1
-1
0
-1
-2
0
0
-1
0
0
0
0
0
1
0
0
0
0
1
1
0
0
0
0
0
0
0
0
1
0
1
0
0
0
0
-1
0
0
0
0
0
0
0
-1
1
1
0
0
0
-2
-1
0
-1
-1
0
0
0
0
0
0
1
1
1
0
0
1
0
0
0
0
1
0
0
0
-1
0
0
0
0
0
0
0
-1
0
0
0
-2
0
0
-1
0
0
0
0
-1
0
0
0
0
0
0
0
1
0
0
0
1
0
1
1
-1
0
0
-3
-1
-1
2
2
0
0
-2
0
3
0
-2
-4
-4
1
4
3
0
0
-1
0
2
0
-1
0
0
-2
0
1
0
2
1
0
0
0
1
-1
-1
-1
0
0
0
0
0
0
0
0
1
1
-1
-1
-2
1
1
3
2
0
0
0
0
1
0
-2
-3
0
0
0
2
0
-2
-2
-3
0
2
0
0
-2
-2
0
1
3
0
0
-1
-1
1
2
1
0
0
0
0
1
0
-1
0
0
-1
-1
-1
-1
0
0
0
0
0
0
0
1
0
-1
0
0
1
1
0
0
0
0
2
1
1
0
0
0
0
0
-1
0
0
0
-1
-2
0
0
0
0
-1
0
0
0
0
-1
0
0
1
0
0
0
0
1
1
0
0
-1
0
0
1
2
0
0
0
0
0
0
-1
0
0
-1
0
0
0
0
1
1
0
0
0
-1
0
0
0
-1
0
0
0
1
0
0
0
0
0
0
1
0
0
0
-1
0
0
0
-2
-2
-1
-1
0
-1
0
0
0
0
0
2
3
3
1
1
1
1
0
0
1
1
0
0
1
1
0
0
0
-1
0
-2
-2
-3
-2
-1
-1
-2
0
0
-1
0
0
0
-2
0
0
0
-1
0
0
1
0
2
1
-2
0
0
0
0
0
0
0
1
3
1
0
0
0
1
0
0
0
1
0
0
0
0
0
0
0
0
0
0
0
0
-2
-1
-1
0
0
-1
0
0
0
-1
0
2
0
2
0
0
0
0
0
0
1
0
0
1
0
0
0
0
0
0
0
0
0
0
0
0
0
2
1
0
1
0
0
-1
0
-1
0
0
-1
-1
-2
1
0
-3
0
0
0
1
-1
0
1
0
0
1
2
2
1
0
2
1
0
1
0
0
1
0
0
0
0
0
-1
0
0
-3
-2
-1
-1
-1
-1
-2
-1
0
0
0
0
0
1
0
0
0
-2
0
-1
0
0
-2
-1
0
0
1
1
-1
0
0
0
5
-1
-1
5
0
1
7
1
-1
2
1
1
2
2
-1
-2
0
0
-1
-1
0
-2
-1
-2
-2
0
-1
0
0
1
-1
0
-1
-1
0
0
0
0
0
0
0
0
0
-1
0
0
1
0
0
1
0
1
1
-1
0
1
-1
0
0
0
0
0
0
0
0
0
-2
0
1
1
0
0
-1
0
0
0
-1
0
0
0
0
0
0
0
0
-1
0
1
0
0
1
1
0
-1
0
0
0
0
0
0
0
0
0
0
0
0
1
0
0
0
0
0
0
0
0
0
0
0
0
0
0
0
1
1
0
0
0
0
0
0
0
1
-1
0
1
1
0
0
0
0
0
0
-1
-1
0
0
-1
0
0
0
0
0
0
0
0
2
0
-1
0
2
0
0
1
0
-1
0
0
0
0
0
0
-1
-1
0
0
0
0
0
0
0
0
0
0
0
1
1
0
0
0
0
0
0
0
0
0
0
0
0
0
0
0
0
0
0
0
0
0
0
0
0
-1
0
0
0
0
0
0
0
0
0
0
0
0
0
0
0
-1
0
0
0
0
0
0
0
0
0
0
0
0
0
0
0
0
0
0
0
0
0
0
0
0
0
0
0
0
0
0
-1
0
0
0
0
0
0
0
1
1
0
0
0
0
0
0
0
-1
-1
0
0
0
1
1
0
0
0
-1
0
0
-1
0
0
0
0
-1
0
0
0
0
0
0
0
0
0
0
0
0
0
0
1
0
0
0
1
0
0
0
0
1
2
1
0
0
1
0
0
-1
0
-1
0
-1
-1
-2
-1
-1
-1
-1
0
0
-1
0
0
0
0
0
0
0
1
1
0
0
0
-1
1
1
1
0
0
0
0
1
1
1
0
1
0
0
0
0
0
0
0
0
0
-1
0
0
0
0
-2
0
0
0
1
-1
-1
-2
-1
0
-1
0
0
0
0
-1
0
0
1
1
1
0
0
0
1
0
0
0
0
0
1
0
0
0
-1
-1
0
0
0
0
0
-2
-1
0
0
0
1
0
-1
-1
0
0
0
0
0
-1
0
0
0
0
0
0
1
0
0
0
0
0
0
-1
0
0
0
0
1
-1
-1
0
1
0
0
0
0
-1
0
1
0
0
0
-1
0
0
-1
0
0
0
0
0
0
1
0
-1
0
0
0
0
0
-1
0
0
0
0
0
0
0
0
0
0
0
0
0
0
-1
0
0
0
0
0
0
0
0
0
0
0
0
0
0
-1
0
1
0
0
0
0
0
0
0
0
0
0
0
-1
0
0
0
1
0
0
0
0
0
0
0
0
0
-1
0
0
0
0
0
0
0
0
0
0
0
0
0
0
0
0
0
0
0
0
0
0
-1
0
0
0
0
0
0
0
0
0
0
-1
0
0
0
0
0
0
0
0
0
0
0
0
0
0
0
1
0
0
0
-1
0
0
0
0
0
1
1
0
0
0
0
-1
0
0
0
1
1
0
0
-1
-1
0
0
0
1
1
0
0
0
0
0
0
0
0
0
-1
0
0
0
0
0
0
-1
-1
0
0
-1
0
1
0
0
0
0
-1
0
0
2
0
-1
0
0
0
2
0
-1
0
1
0
-1
0
0
-2
0
0
-1
-1
1
0
1
1
0
0
0
0
0
0
0
-2
-2
-1
0
0
0
-1
0
1
0
0
3
0
-1
-1
-1
0
0
0
0
0
0
0
0
0
-1
0
0
0
0
0
-1
-1
0
0
1
0
0
0
0
0
0
0
0
0
0
0
0
0
0
0
1
1
0
0
0
0
0
0
1
0
0
-1
-2
0
0
0
1
0
0
0
0
0
0
1
-1
0
0
1
1
0
1
1
0
0
-1
-2
0
0
0
0
0
0
0
0
-1
0
0
0
0
0
0
1
0
1
0
0
0
0
0
0
1
1
0
0
0
0
0
0
0
0
0
0
0
0
-1
0
0
0
0
0
0
0
0
0
0
0
0
0
0
0
0
0
0
1
1
-1
0
0
1
1
0
0
-1
0
1
0
0
0
0
0
1
1
0
0
0
0
0
1
0
0
-1
0
0
-1
0
0
0
0
0
2
0
-1
1
0
0
0
0
1
1
-1
0
1
0
0
0
-1
0
0
0
-1
0
1
0
-2
0
0
0
1
0
0
0
0
0
0
0
0
0
1
0
0
0
-1
0
0
0
0
0
-1
0
0
0
0
0
0
0
0
0
0
0
0
0
0
0
0
-1
0
1
0
0
0
0
0
-1
-1
0
0
0
0
-1
0
0
0
0
0
1
1
0
1
1
0
0
0
0
0
0
0
0
0
0
0
-1
0
0
0
0
0
1
0
0
0
0
-1
0
0
0
0
0
0
-1
0
0
0
0
0
0
0
0
0
0
0
0
1
0
0
0
0
0
0
-2
0
1
0
0
0
0
0
-1
-1
0
1
0
1
0
0
0
0
0
0
1
0
0
-1
0
0
0
0
0
1
0
0
-1
0
0
0
0
1
0
0
0
0
0
0
0
0
0
0
-1
0
0
1
0
0
0
-1
0
0
0
0
1
0
0
0
0
0
0
0
0
0
0
0
0
0
0
-1
1
0
0
1
0
-1
0
0
0
0
0
1
0
-1
0
0
0
0
0
0
2
0
-2
0
0
0
-1
-1
0
0
0
0
1
0
0
1
0
0
0
-2
0
0
0
0
0
0
0
0
0
0
0
0
0
0
0
0
-1
-1
0
0
-2
-1
0
0
2
0
0
1
0
0
-1
0
0
0
0
0
0
0
0
0
0
-1
0
0
0
0
0
0
0
0
0
0
-1
-1
0
0
0
0
0
0
0
-2
0
0
-1
0
0
0
1
0
0
1
1
0
0
0
0
0
0
0
0
0
0
0
0
0
0
-1
0
0
0
-1
-1
1
0
0
0
1
0
-1
0
0
0
0
1
0
0
0
0
0
0
0
0
0
0
0
-1
0
-1
0
1
0
0
0
-1
0
0
0
0
0
0
1
0
0
0
0
0
0
1
0
0
0
0
0
0
0
0
-1
1
0
0
0
0
0
0
0
-1
0
0
0
0
1
0
1
0
0
0
0
0
0
0
0
0
0
0
0
0
0
-1
0
0
0
0
0
0
0
0
0
-1
-1
0
0
0
-1
0
0
0
0
0
0
0
0
0
0
0
0
0
1
0
0
0
0
0
0
0
0
-1
0
1
0
0
-1
-1
0
0
0
0
0
0
0
0
0
1
0
0
0
-1
0
0
0
0
0
0
0
0
0
0
0
0
-1
-2
0
1
1
1
0
-1
-1
0
0
0
0
0
1
1
0
0
0
0
1
1
0
0
0
0
-1
-1
0
0
0
0
0
0
0
0
-1
0
0
0
0
0
0
0
0
0
2
0
0
0
0
-1
0
0
1
0
-1
0
0
0
0
1
0
0
0
0
0
0
0
0
0
0
-1
0
0
0
0
0
0
0
-1
0
0
0
-1
0
0
0
0
1
0
0
0
0
0
0
0
1
1
0
0
0
0
-1
0
0
-1
1
-1
0
0
0
1
0
0
0
1
0
0
0
0
0
0
0
0
0
-1
0
0
-1
0
-1
-1
0
1
0
0
0
0
0
0
0
0
0
0
1
1
0
0
0
1
0
0
0
-1
0
0
0
0
0
1
0
0
-1
0
0
1
1
0
0
0
0
-1
0
0
0
0
0
0
0
0
0
0
1
0
0
-1
0
1
0
0
0
0
1
1
0
0
1
0
1
-1
-1
0
0
1
0
0
0
0
0
0
0
0
0
0
0
-1
0
0
0
0
0
0
0
0
0
0
0
0
0
0
0
0
0
0
0
1
-1
0
1
0
0
0
0
0
0
0
0
0
0
0
0
0
0
0
0
-1
0
0
0
1
0
0
0
-3
0
0
0
0
0
0
0
0
0
0
1
0
-1
-3
-1
0
3
5
2
0
-3
-4
-2
-1
1
0
0
0
0
3
2
2
2
0
-3
-2
-3
-1
0
1
2
2
1
1
0
0
0
0
-1
-2
-2
0
0
0
1
0
-1
0
0
0
1
2
0
-1
0
0
0
0
2
0
0
-1
0
0
0
0
0
1
1
0
0
-2
-1
-1
0
1
0
0
0
0
0
1
1
0
0
-2
-2
0
1
0
1
1
-1
-1
0
1
1
0
0
0
0
0
-1
0
0
0
0
0
1
0
0
0
0
0
0
0
0
0
0
-1
-1
0
0
0
1
0
0
0
0
0
0
1
0
0
0
0
0
0
0
1
0
0
1
0
0
0
-2
-1
0
0
0
1
1
0
0
0
0
0
0
0
0
0
-1
0
0
0
0
0
0
0
1
1
0
0
0
-2
0
0
0
0
0
0
0
0
0
0
0
0
0
1
0
0
0
0
0
0
0
0
0
-1
0
1
0
0
0
0
0
0
0
1
2
1
0
0
1
0
-1
-1
0
0
0
0
0
0
0
0
0
0
0
0
0
-1
0
0
0
0
0
0
0
0
0
0
0
0
0
0
0
0
0
-1
0
0
0
0
1
-1
0
0
1
0
0
0
0
0
0
1
0
0
0
0
0
0
0
0
0
0
0
-1
1
1
-1
0
0
0
0
0
0
0
0
0
0
0
0
0
1
0
0
-1
0
0
0
0
-1
0
-1
0
0
0
0
2
0
0
0
0
0
1
0
0
0
0
0
0
0
0
0
-1
-1
0
0
0
0
1
0
-1
1
0
0
0
0
0
0
0
0
0
0
0
1
0
-1
0
0
0
1
0
0
0
0
0
0
0
0
1
0
0
-1
0
-1
0
0
0
0
0
0
-1
-1
0
0
0
0
0
0
0
0
0
0
0
0
0
0
0
1
0
-1
0
0
0
2
0
0
0
0
-1
0
0
0
0
-1
0
0
0
0
0
1
0
-1
1
1
0
0
1
0
0
0
-1
-1
0
0
0
0
0
0
0
0
0
0
0
1
0
0
0
0
0
0
0
0
0
0
0
0
0
0
0
1
2
0
-1
0
0
0
0
1
1
0
0
0
-1
0
0
0
1
0
0
0
0
0
0
1
0
0
0
0
0
0
0
0
-1
0
0
0
0
0
0
0
1
1
0
1
0
0
0
0
0
-1
0
-1
0
-1
0
0
0
0
0
1
0
0
1
0
0
0
1
0
1
0
0
0
-1
-1
0
-3
-1
-1
0
-1
0
0
0
0
0
1
3
1
0
0
0
1
1
0
0
1
1
0
-1
0
0
-1
-1
-1
0
-1
0
0
0
0
2
1
0
0
0
0
0
0
-1
0
0
0
0
0
0
0
0
0
1
0
1
0
0
0
0
1
0
0
-1
-1
-1
0
-1
0
0
0
1
0
0
0
0
0
0
-1
0
1
1
1
1
0
0
0
0
0
-1
-1
0
0
0
0
0
0
0
0
0
0
0
1
0
0
0
0
1
0
0
0
0
1
0
0
0
-1
0
0
0
0
0
0
0
0
0
-1
0
0
0
1
0
0
0
0
0
0
0
0
0
0
0
0
0
2
0
0
0
0
0
0
0
0
0
0
0
0
0
0
0
-1
0
0
1
0
0
-1
0
0
0
0
0
-1
0
0
0
0
1
0
0
0
0
0
0
0
0
0
0
0
0
0
0
0
0
0
0
0
0
-1
0
0
0
0
0
0
-1
0
0
0
0
-1
0
0
0
0
0
0
0
0
0
0
0
0
0
0
0
0
1
1
-1
0
0
0
0
0
0
0
0
0
-1
0
0
0
0
0
-1
0
0
0
0
-1
0
0
0
0
0
0
0
0
0
0
0
0
0
0
0
0
-1
-1
0
-1
0
1
0
0
0
0
0
0
0
0
-1
0
0
1
0
0
0
0
0
0
0
0
0
0
0
0
-1
0
0
0
0
-1
0
-1
0
0
0
1
0
0
0
0
0
0
0
1
0
0
0
0
0
0
0
0
0
0
0
0
1
0
0
0
-1
0
0
0
0
-1
0
0
0
1
0
1
0
0
0
1
0
0
1
0
0
0
0
0
0
-1
0
0
-1
0
0
0
0
0
0
0
0
0
1
0
1
0
0
0
0
0
0
0
0
0
0
0
0
0
-1
0
0
-1
0
0
-1
0
0
0
0
0
0
0
1
1
0
0
0
0
0
0
0
0
1
0
-1
-1
0
0
0
-1
0
1
0
-1
0
0
1
0
0
0
0
1
0
0
1
0
-1
0
0
0
0
0
0
0
0
0
0
-1
0
0
0
0
0
-1
0
0
0
0
1
2
0
0
0
0
0
-1
0
-1
-1
0
0
0
0
0
1
0
0
0
0
0
-1
0
1
0
-1
0
0
0
0
0
0
0
-1
0
-1
-2
-1
0
-1
-1
0
0
1
1
1
1
2
2
1
2
2
2
1
1
0
0
0
2
0
0
-1
-2
-2
-2
-2
-2
-2
-2
-2
-2
-1
0
0
0
0
1
2
2
1
1
1
1
1
1
1
0
0
0
1
0
-1
0
-1
-2
-1
0
0
-1
0
0
0
-1
0
0
0
0
0
1
1
0
0
0
1
0
0
1
0
-1
-1
0
-1
-1
-1
0
0
0
0
0
2
0
1
2
0
1
0
-1
-1
-1
-2
-1
0
0
0
0
0
0
0
0
0
0
1
0
0
0
0
1
0
0
2
0
0
0
0
0
0
0
0
-1
0
0
0
0
0
0
0
0
1
0
0
0
0
0
1
0
0
0
0
0
0
0
-1
0
0
-1
0
-1
0
0
0
0
1
1
0
0
0
0
-1
0
0
0
0
0
0
0
1
0
0
0
0
0
-1
0
0
0
0
0
-2
0
0
0
0
0
1
-1
0
0
0
0
0
0
-1
0
0
0
0
0
1
0
0
0
0
0
-1
0
1
0
0
0
0
0
1
1
0
0
0
1
-1
0
0
0
1
0
0
0
0
0
-1
0
0
-2
0
0
0
-1
0
0
0
0
-1
0
0
-1
0
0
0
1
1
0
0
2
3
2
2
1
2
1
1
0
0
0
0
0
0
0
0
0
0
0
0
0
-1
-1
-1
-1
-1
-1
-2
-1
-2
0
-2
-1
0
-2
0
0
-1
0
0
0
0
0
0
0
1
0
0
1
2
0
0
1
2
1
1
2
1
0
0
0
1
0
0
-1
0
0
0
-1
0
0
-1
0
0
0
-1
-2
-2
0
-1
0
0
-1
-1
0
0
0
0
0
1
1
1
0
1
1
0
0
1
1
0
0
1
1
1
0
0
0
0
1
0
0
0
-1
0
0
0
0
0
1
0
-2
-1
-1
0
0
-1
-1
0
0
0
-1
0
-1
0
0
0
0
0
0
1
1
0
1
0
1
0
0
0
0
1
1
0
0
0
0
0
-1
0
-1
-1
0
0
0
0
0
-1
-2
0
0
0
0
0
0
0
0
0
0
2
0
0
0
1
1
0
0
0
0
-1
-2
0
0
0
0
0
0
0
1
0
1
1
-1
0
0
0
0
1
0
0
0
-1
0
0
0
0
0
0
-1
-1
-1
0
1
0
0
0
0
0
0
0
-1
0
0
0
0
0
1
1
0
1
1
0
0
0
0
0
0
0
0
0
0
0
0
0
0
0
-1
-2
-2
0
-1
1
1
0
1
0
0
0
0
0
0
0
0
0
0
2
1
0
1
0
0
0
0
0
-1
0
1
0
0
1
0
0
0
0
0
-1
0
0
0
0
0
0
0
0
-1
-1
0
0
1
0
0
0
0
0
0
0
0
0
0
0
0
-1
-1
1
0
0
0
0
0
0
0
0
0
0
0
0
-1
0
0
0
0
0
0
0
1
0
0
0
0
0
0
0
0
0
0
0
0
0
0
0
0
0
0
0
0
0
0
0
0
0
0
0
0
0
0
0
0
0
0
0
0
0
0
1
0
0
0
0
0
0
0
0
0
0
0
0
0
0
0
0
0
0
0
0
0
-1
0
0
0
0
0
0
0
0
1
0
0
0
0
0
0
0
0
0
1
1
0
0
0
0
0
0
-2
-1
0
0
0
-1
-1
0
0
0
0
0
2
1
1
0
0
0
1
2
1
0
0
0
0
-1
-1
0
0
0
0
0
0
0
0
-1
-1
0
0
0
0
0
1
1
0
0
0
0
0
0
0
0
0
1
0
0
0
1
1
0
0
0
0
-1
0
0
0
0
0
0
0
0
1
0
0
0
0
0
0
0
0
0
0
0
0
0
0
0
0
0
0
0
0
0
0
0
1
0
0
0
0
0
1
0
-1
-1
0
1
0
0
0
0
0
0
0
0
0
0
-1
0
0
0
0
-1
0
0
0
0
0
0
0
0
0
1
0
0
0
0
1
0
0
0
0
1
0
0
-1
0
0
0
0
0
0
0
0
0
0
0
-1
-1
0
0
0
0
0
0
0
0
0
1
0
0
0
0
1
1
0
0
0
0
0
0
0
0
-1
0
0
0
0
0
0
0
0
0
0
0
0
0
0
0
0
0
0
0
1
1
0
0
0
0
0
-1
0
0
0
1
0
0
-1
-1
0
0
0
0
0
0
-1
0
0
-1
0
0
0
-1
0
1
0
0
0
0
0
1
0
0
0
0
0
0
1
0
0
0
1
1
0
0
0
0
0
0
0
0
0
-1
0
0
0
0
0
0
0
0
0
0
-1
-2
-1
0
0
0
0
-2
-1
0
0
0
0
0
0
1
1
1
2
1
0
1
1
0
0
1
0
0
0
0
-2
0
-1
-1
1
0
0
0
0
0
0
-1
-2
0
0
0
0
0
0
1
0
0
1
0
0
0
0
-1
0
0
-1
0
0
-1
0
0
0
0
0
-1
0
0
0
0
0
-1
0
0
0
0
0
0
0
0
-1
0
0
-1
1
0
0
1
0
0
0
0
1
1
0
0
0
0
0
0
0
0
0
0
0
0
0
0
0
0
0
0
-1
-2
0
0
0
0
0
0
0
-1
0
0
0
1
1
0
0
0
0
0
0
0
1
1
0
0
1
0
0
0
0
-1
0
0
0
0
1
-1
-1
0
0
0
0
0
0
0
0
-1
-1
0
1
0
0
0
0
0
0
0
0
1
0
0
0
0
0
-1
0
-1
-1
0
1
0
1
0
0
0
0
1
1
1
0
0
0
0
-1
-1
0
0
0
0
0
0
-1
0
0
0
0
0
0
0
-1
-1
0
0
0
0
0
0
0
0
0
1
1
1
0
0
0
0
0
0
-1
0
0
0
0
0
0
0
0
0
1
0
1
0
0
0
0
-1
0
0
-1
-1
0
0
0
0
0
-1
0
2
0
0
1
0
0
0
1
0
0
0
0
0
-1
0
0
0
0
0
0
0
0
0
1
0
0
1
0
1
1
0
0
0
0
0
0
0
0
0
1
0
0
0
-1
0
0
0
0
0
1
0
0
0
0
0
0
-1
-1
0
0
0
0
0
0
0
0
1
0
0
0
0
0
0
1
0
0
1
0
0
0
0
0
0
0
0
0
0
0
0
0
0
0
0
0
0
0
0
0
0
0
0
0
0
0
0
0
0
0
0
0
0
-1
-1
-1
0
0
0
0
0
0
0
0
0
1
0
0
0
0
0
0
0
1
1
0
1
0
0
0
0
1
0
0
-1
0
0
0
0
0
0
-1
0
0
0
0
0
-1
-1
-1
-1
0
0
0
0
0
1
0
0
0
0
0
0
0
0
0
0
0
0
0
2
0
0
0
0
0
0
0
0
0
0
1
1
0
-1
0
1
0
-1
-1
0
1
0
0
0
0
0
0
-1
0
0
0
0
0
0
0
0
0
-1
-1
0
0
0
0
1
0
0
0
0
1
1
0
0
0
-1
-1
0
0
0
0
1
1
0
0
0
0
0
0
0
0
-1
0
0
-1
-1
0
0
0
0
0
0
0
0
-1
-1
0
0
0
0
0
0
1
1
0
1
0
1
0
0
0
0
0
0
0
0
0
0
1
0
-1
0
0
-1
0
0
0
0
0
0
0
0
0
0
0
0
0
0
0
-1
0
0
0
0
0
0
0
0
0
0
0
0
0
0
0
0
0
0
0
0
0
0
1
2
0
-1
1
1
0
1
0
0
-1
0
1
0
0
0
-1
0
1
1
0
0
-1
0
-1
0
0
0
-1
0
0
1
-1
-1
0
0
0
0
0
-1
0
0
0
0
0
0
1
2
1
1
0
0
0
0
0
0
0
0
0
1
0
0
0
0
0
0
0
-1
0
-1
0
0
0
0
-1
-1
0
-2
0
0
0
0
0
0
0
0
0
0
0
0
0
0
0
0
0
0
-1
0
0
0
1
0
0
0
0
1
1
0
0
0
-1
-1
0
0
-1
0
0
0
1
0
0
0
0
-1
0
0
0
0
-1
0
-1
0
0
0
-1
1
0
0
0
0
0
1
0
0
0
0
0
0
0
0
0
0
0
0
0
0
0
0
0
0
0
0
0
0
0
0
-1
0
-1
0
0
0
0
0
0
0
0
0
-1
0
0
0
0
0
0
0
1
0
0
0
0
0
0
0
0
0
0
0
0
0
0
0
0
1
1
0
-1
0
0
0
0
1
1
0
0
0
0
0
0
-1
0
0
0
0
0
0
0
1
0
0
-1
0
-1
0
0
0
0
1
1
0
1
0
-1
0
0
0
0
0
0
0
0
0
1
0
0
0
0
-1
0
0
0
0
-1
0
0
0
0
0
0
0
0
0
1
0
0
0
0
0
0
0
0
0
0
0
0
1
0
0
0
0
0
0
0
0
0
0
0
0
0
0
1
0
0
0
0
0
1
0
0
0
0
0
0
0
0
0
-1
0
0
0
0
0
0
0
-1
0
0
1
0
-1
0
0
1
1
0
0
0
0
0
0
0
0
0
0
0
0
0
0
0
0
0
-1
0
0
0
0
0
0
0
0
0
0
0
0
0
0
1
1
0
0
0
0
0
0
0
0
0
0
1
1
0
0
0
0
0
0
0
0
0
-1
1
0
0
0
0
0
-1
0
0
0
0
0
0
0
0
0
0
0
0
0
0
0
0
0
0
1
0
0
0
0
-1
0
0
0
0
-1
0
0
0
0
0
0
0
0
0
0
-2
0
0
0
1
0
1
0
0
0
0
0
-2
0
0
0
0
0
0
0
0
0
0
0
-1
0
0
0
0
0
0
0
1
0
-1
0
0
0
0
0
0
0
0
0
1
0
0
0
0
0
0
0
-1
0
0
0
0
0
0
0
-1
0
0
0
0
0
0
0
0
0
1
0
0
-1
1
1
0
0
0
0
0
0
-1
0
0
0
0
0
0
0
0
0
0
0
0
0
0
0
0
0
0
0
0
-1
0
0
-1
0
0
0
0
0
0
0
0
0
-1
0
0
0
0
0
0
0
0
-1
0
0
0
0
0
-2
0
0
0
0
0
0
0
0
0
0
0
0
0
0
0
0
0
0
0
0
0
0
0
0
0
0
0
0
0
0
0
0
0
0
0
0
0
0
1
0
0
0
0
0
0
-1
0
0
-1
0
0
0
0
0
0
0
0
0
0
1
1
0
0
0
0
1
0
0
