0
0
0
0
0
0
0
0
0
0
0
0
0
0
0
0
0
0
0
0
0
0
0
0
0
0
0
0
0
0
0
0
0
0
0
0
0
0
0
0
0
0
0
0
0
0
0
0
0
0
0
0
0
0
0
0
0
0
0
0
0
0
0
0
0
0
0
0
0
0
0
0
0
0
0
0
0
0
0
0
0
0
0
0
0
0
0
0
0
0
0
0
0
0
0
0
0
0
0
0
0
0
0
0
0
0
0
0
0
0
0
0
0
0
0
0
0
0
0
0
0
0
0
0
0
0
0
0
0
0
0
0
0
0
0
0
0
0
0
0
0
0
0
0
0
0
0
0
0
0
0
0
0
0
0
0
0
0
0
0
0
0
0
0
0
0
0
0
0
0
0
0
0
0
0
0
0
0
0
0
0
0
0
0
0
0
0
0
0
0
0
0
0
0
0
0
0
0
0
0
0
0
0
0
0
0
0
0
0
0
0
0
0
0
0
0
0
0
0
0
0
0
0
0
0
0
0
0
0
0
0
0
0
0
0
0
0
0
0
0
0
0
0
0
0
0
0
0
0
0
0
0
0
0
0
0
0
0
0
0
0
0
0
0
0
0
0
0
0
0
0
0
0
0
0
0
0
0
0
0
0
0
0
0
0
0
0
0
0
0
0
0
0
0
0
0
0
0
0
0
0
0
0
0
0
0
0
0
0
0
0
0
0
0
0
0
0
0
0
0
0
0
0
0
0
0
0
0
0
0
0
0
0
0
0
0
0
0
0
0
0
0
0
0
0
0
0
0
0
0
0
0
0
0
0
0
0
0
0
0
0
0
0
0
0
0
0
0
0
0
0
0
0
0
0
0
0
0
0
0
0
0
0
0
0
0
0
0
0
0
0
0
0
0
0
0
0
0
0
0
0
0
-2
-3
-3
-3
-2
0
2
5
10
15
22
27
31
34
35
33
30
23
18
10
3
-4
-12
-17
-21
-25
-28
-31
-33
-32
-31
-30
-28
-22
-17
-14
-7
-1
1
4
8
11
12
15
17
17
17
16
16
16
16
15
12
8
4
0
-2
-4
-7
-11
-14
-15
-16
-17
-15
-14
-14
-14
-14
-12
-12
-9
-7
-6
-4
0
2
5
9
13
15
17
17
17
13
14
12
9
6
6
4
0
0
0
-1
-2
-5
-6
-8
-7
-8
-8
-8
-5
-3
-4
-2
0
-2
-2
0
3
4
4
6
6
4
7
9
7
7
7
3
0
0
0
-2
-5
-5
-6
-6
-7
-7
-7
-8
-5
-6
-4
-4
-2
0
0
0
1
1
2
2
2
2
2
4
5
6
5
6
5
5
5
5
4
3
4
2
2
0
0
-1
-3
-4
-6
-7
-7
-7
-8
-9
-6
-4
-3
-2
-1
0
0
2
3
4
5
6
5
5
5
5
4
2
4
4
2
2
2
3
2
2
1
0
0
-1
-2
-3
-4
-3
-2
-4
-5
-6
-6
-7
-9
-10
-10
-9
-9
-7
-6
-5
-3
0
2
4
7
8
9
11
12
13
14
13
15
14
14
13
11
11
8
7
4
3
0
-2
-4
-6
-8
-10
-13
-14
-14
-17
-18
-20
-19
-18
-16
-14
-13
-9
-7
-5
-1
1
3
9
11
13
17
19
20
20
19
17
17
14
10
8
4
1
-1
-4
-7
-8
-9
-10
-11
-9
-9
-10
-8
-6
-5
-1
0
0
4
5
6
7
7
7
8
9
7
5
4
2
1
0
0
0
0
2
0
1
0
-2
-1
-3
-3
-6
-6
-8
-8
-8
-9
-9
-7
-8
-5
-4
-3
0
0
1
5
6
7
8
8
10
10
10
8
5
4
1
1
0
0
-2
-3
-4
-2
-3
-6
-4
-4
-4
-3
-4
-4
-4
-3
-2
-1
0
0
0
1
1
0
1
2
1
2
2
2
2
4
3
2
1
2
0
-1
0
0
-1
-1
-1
-1
-1
-1
-1
-1
-1
-1
0
0
0
0
0
0
2
0
0
1
0
0
0
0
0
0
0
0
0
0
0
0
1
0
0
0
0
0
-1
-1
0
-1
0
0
0
-1
-1
-1
0
0
0
0
0
0
2
0
0
0
2
2
0
0
1
0
0
-1
0
-1
-2
-1
0
-2
-1
-1
-1
0
-1
-1
-1
0
0
2
2
2
3
3
2
2
2
2
2
3
3
2
1
0
0
0
1
1
2
1
1
0
-1
-1
-1
-1
-1
-2
-2
-2
-2
-3
-3
-5
-6
-5
-6
-6
-7
-7
-6
-4
-3
-1
0
2
4
6
7
8
9
12
12
13
13
12
13
14
13
10
7
6
2
0
-3
-6
-9
-13
-14
-16
-18
-21
-21
-22
-23
-22
-22
-18
-16
-11
-8
-3
0
4
8
12
15
19
20
23
24
25
25
23
22
21
19
16
14
8
5
2
-1
-3
-10
-11
-13
-14
-16
-18
-16
-16
-15
-13
-12
-11
-8
-6
-3
-2
-1
1
2
6
6
8
10
11
11
12
12
10
8
6
5
1
0
-3
-5
-5
-6
-8
-9
-10
-9
-9
-9
-8
-7
-6
-4
-1
2
1
4
5
7
8
7
8
9
10
10
9
10
8
9
7
6
5
4
1
0
0
-3
-5
-6
-8
-9
-10
-10
-12
-12
-11
-12
-11
-9
-8
-6
-4
-2
0
1
5
6
8
8
8
10
10
11
9
8
8
6
5
4
2
0
0
-2
-2
-3
-5
-1
0
0
-1
-6
-5
-6
-5
-3
-4
-2
-1
0
-1
0
0
0
0
0
1
0
0
0
-1
0
0
-1
0
0
0
0
-1
0
0
1
0
1
1
1
2
1
2
1
2
1
0
1
0
0
0
-2
-1
-3
-1
-1
-2
-2
-1
-1
-1
0
0
0
1
0
0
0
1
2
1
1
0
1
1
0
0
0
1
0
0
0
0
-1
0
-1
0
0
-1
0
0
0
-1
-2
0
0
0
0
0
0
1
0
1
0
1
1
0
0
0
0
0
0
1
0
0
0
0
0
0
0
0
0
0
0
0
-1
-1
0
0
0
0
0
0
0
0
0
0
0
0
1
0
0
1
0
0
1
0
0
0
0
0
0
0
0
0
-2
-1
0
0
0
0
0
0
-1
0
0
0
0
0
0
0
0
0
0
-1
-1
0
0
0
0
0
0
-1
0
0
0
1
0
0
2
1
1
0
1
1
1
1
0
0
0
-1
-1
0
0
0
0
-2
-1
-1
-1
0
0
0
-1
0
0
1
1
0
0
0
0
0
-1
0
0
0
0
-1
0
0
-1
0
0
0
0
1
1
0
2
2
0
0
1
0
0
-1
1
0
0
0
0
0
-1
0
0
-1
-1
0
-2
-2
-1
-1
-2
-2
0
-1
-2
-1
0
0
1
1
1
1
3
3
3
2
3
4
3
1
0
2
1
0
0
0
-1
0
-1
-1
-2
-3
-3
-2
-2
-3
-3
-3
-3
-1
-1
-1
-1
-1
1
0
0
1
1
2
1
1
1
1
2
2
1
1
1
0
0
2
1
0
1
1
0
0
-1
-1
0
0
-1
-2
-1
0
-1
-1
0
0
-1
0
0
0
0
-1
0
1
0
0
0
1
1
0
0
0
1
1
1
2
0
1
0
0
0
0
0
0
0
-1
-2
-3
-1
0
-2
-1
-1
0
0
0
0
1
1
1
1
0
1
2
1
0
0
0
0
0
0
1
1
0
-1
0
0
0
0
1
0
-1
-1
0
0
-2
-1
0
-1
0
-2
-1
0
0
0
1
1
0
0
0
0
1
0
-1
0
0
0
0
0
1
1
1
1
1
0
1
0
0
0
0
-1
-1
0
-1
-2
-1
0
-1
0
0
-1
-1
0
0
0
0
0
0
0
0
1
0
1
0
1
0
0
2
1
0
0
1
0
-1
0
0
-1
0
0
0
-1
-1
-1
-1
0
0
0
0
-1
0
0
0
0
0
0
0
0
1
1
0
0
1
1
1
1
1
1
1
1
1
1
1
0
1
0
0
-1
-1
0
0
0
-1
-1
0
-1
-1
-1
-1
-2
0
-1
0
1
0
0
1
1
0
0
1
0
0
0
0
0
0
-1
0
1
0
0
0
1
0
0
0
0
0
0
0
0
1
0
0
0
0
0
-1
-1
0
-1
0
0
0
-1
0
0
0
0
-1
0
-1
-1
0
0
0
-1
0
0
0
1
2
1
0
0
0
1
1
1
0
0
0
-1
0
0
-1
0
0
0
-1
0
0
0
0
-1
0
0
0
0
0
-1
-1
0
0
0
0
1
0
0
1
0
0
1
0
0
0
0
0
0
0
0
0
-1
0
0
0
0
0
-1
0
0
0
0
0
0
0
1
0
1
1
0
0
0
0
0
0
0
0
0
0
0
0
0
0
0
-1
-1
0
0
0
0
-1
0
0
0
0
0
0
0
-1
0
0
0
0
0
0
0
0
0
0
0
0
0
1
0
0
0
0
0
0
0
1
0
0
0
0
0
0
0
-1
0
0
0
0
0
-1
0
0
0
0
0
0
1
0
0
0
2
0
0
1
0
1
0
0
0
0
0
0
0
0
0
0
1
-1
0
0
0
1
0
0
0
-1
0
-1
0
0
0
0
0
0
0
0
0
0
0
0
0
-1
0
0
0
0
-1
0
0
0
0
0
0
1
1
0
0
0
0
0
0
0
-1
0
0
0
-1
0
-1
0
-1
-1
0
0
0
0
1
0
0
0
0
0
0
1
0
0
0
0
0
0
0
0
0
0
0
-1
0
-1
-2
0
0
0
0
-1
0
0
0
1
0
-1
0
0
0
1
-1
0
0
0
0
0
0
1
0
1
0
0
0
1
0
0
0
0
0
1
-1
0
0
0
0
-1
0
0
-1
0
0
-1
0
0
0
0
0
0
0
0
0
0
0
0
0
0
0
0
1
0
0
0
1
0
0
0
0
0
0
0
0
0
0
1
0
0
0
0
-1
0
0
0
0
0
0
-1
-1
0
0
0
0
0
-1
0
0
1
0
0
0
0
0
0
1
0
0
0
0
0
0
0
-1
0
1
0
0
0
0
1
0
0
0
-1
0
0
0
0
1
0
0
0
0
0
0
0
0
0
0
0
-1
-1
0
0
-1
0
1
1
1
1
1
0
0
0
0
0
0
0
0
1
0
0
0
0
1
0
0
0
0
0
0
0
0
0
0
0
0
0
0
0
0
0
0
0
0
1
0
0
0
0
0
0
0
0
0
0
0
0
0
0
0
0
0
0
0
0
0
0
0
0
0
0
0
0
0
0
0
0
0
0
-1
0
0
0
0
0
0
0
0
0
0
0
-1
0
0
0
0
0
0
1
0
0
0
0
0
0
0
0
0
0
0
0
0
0
0
0
0
0
0
1
0
0
0
0
0
0
0
0
-1
0
0
0
0
0
0
-1
0
0
0
0
0
0
0
0
-1
0
1
0
0
0
0
1
0
0
0
0
1
0
0
0
0
0
0
0
0
0
0
0
0
0
0
0
0
0
-1
0
0
0
0
0
0
0
0
0
0
0
0
0
0
0
0
0
0
0
0
0
0
1
0
0
0
0
0
0
0
0
0
0
0
0
0
0
0
0
0
0
1
1
1
2
0
0
0
0
0
0
0
0
0
0
0
-1
0
0
-2
0
0
0
0
1
0
0
0
1
0
1
1
0
1
0
0
0
0
0
-1
-2
-1
-1
-2
-3
-2
-3
-2
-2
0
0
0
2
2
3
4
5
4
5
4
4
2
2
2
0
1
-2
-3
-3
-3
-4
-4
-4
-5
-5
-5
-6
-5
-3
-4
-2
-1
0
0
2
5
5
5
7
6
6
7
6
7
6
4
2
1
0
1
0
0
-1
-4
-4
-4
-6
-6
-6
-4
-5
-4
-3
-3
-2
-2
-1
-1
0
0
0
1
0
0
0
0
0
0
0
0
1
1
1
2
2
2
2
3
2
3
3
3
3
2
2
2
1
0
0
0
-2
0
-1
-1
-1
-1
0
-1
-1
-3
0
-1
-1
-2
0
-2
0
0
0
0
0
0
1
0
0
0
0
1
0
0
0
1
0
0
0
0
0
0
2
0
0
0
0
0
0
0
0
-2
-2
-1
-1
-2
0
-1
-1
-1
-2
-1
0
0
0
0
0
0
2
2
2
1
2
2
2
3
3
2
2
1
1
2
2
1
0
0
0
0
0
0
-1
-2
-2
-4
-5
-6
-4
-5
-4
-3
-3
-3
-3
-1
0
0
1
1
3
3
3
2
3
4
2
2
2
3
1
0
1
1
1
1
0
0
-1
-1
0
0
0
0
0
0
0
-1
0
0
0
0
0
0
0
-1
-1
0
-1
-1
0
0
-1
-2
-1
0
0
-1
-2
0
0
0
0
0
0
0
1
0
0
0
0
1
1
0
0
0
1
0
0
0
0
-1
0
2
0
0
0
0
0
1
0
0
0
0
0
0
0
-1
0
-1
0
0
-2
-1
0
-1
-1
0
0
-2
-2
0
0
0
-1
-2
0
0
0
-1
-1
0
0
-1
0
0
0
2
1
1
1
1
2
2
3
1
3
3
0
1
1
0
1
1
0
0
0
0
0
0
-1
0
0
0
0
0
-1
-1
-1
-1
-1
-1
-1
-2
0
-2
-2
0
-1
-2
-1
-1
-1
0
0
0
1
1
1
1
1
2
1
0
1
2
1
2
1
1
0
0
0
-1
0
0
-1
0
0
0
0
0
0
0
0
0
-1
0
0
-2
-1
1
0
0
-1
0
0
0
0
0
0
0
0
0
0
1
0
0
1
1
0
1
1
1
0
1
1
1
2
2
1
0
0
0
-1
0
0
0
0
0
0
-1
0
-1
-3
-1
-1
-1
0
-1
0
-1
-1
-2
-3
-2
-3
-2
-3
-3
-3
-3
-2
-2
-2
-2
-1
0
0
1
2
3
6
7
8
8
9
10
10
12
13
12
12
11
11
9
7
5
4
0
-1
-3
-5
-9
-10
-12
-12
-13
-14
-15
-14
-13
-13
-13
-13
-11
-11
-11
-9
-8
-8
-9
-7
-6
-5
-5
-3
-2
0
1
2
4
6
8
11
13
14
15
17
17
18
19
20
18
18
16
14
11
9
6
3
0
-2
-5
-7
-10
-12
-11
-13
-12
-13
-12
-9
-8
-5
-2
-1
1
3
4
5
6
5
6
2
3
1
-1
-3
-7
-9
-11
-11
-11
-12
-10
-13
-11
-10
-8
-7
-7
-6
-2
-1
1
2
5
6
7
8
9
10
10
11
10
9
10
10
10
8
9
8
6
5
6
3
3
1
1
0
-1
-2
-3
-1
-3
-6
-4
-3
-6
-5
-4
-2
-2
0
1
3
5
8
10
13
15
16
17
18
16
16
15
11
8
5
0
-4
-10
-15
-18
-22
-26
-30
-34
-35
-36
-38
-39
-37
-34
-33
-30
-26
-21
-17
-12
-6
0
5
12
18
25
31
34
39
43
45
47
47
46
44
42
39
35
30
27
22
17
12
6
1
-3
-6
-12
-15
-20
-24
-27
-30
-33
-35
-37
-40
-41
-41
-41
-40
-37
-32
-26
-22
-15
-7
-1
6
13
19
24
29
31
32
33
30
26
24
17
14
8
3
0
-4
-7
-10
-12
-15
-15
-16
-18
-16
-16
-16
-14
-13
-10
-8
-5
-3
0
6
11
13
19
25
28
33
35
34
37
36
35
32
29
25
19
14
8
3
-1
-8
-13
-17
-21
-25
-28
-31
-31
-33
-35
-36
-36
-35
-35
-35
-31
-28
-24
-21
-17
-11
-5
0
5
10
14
20
24
26
28
28
29
30
28
25
24
20
17
13
9
6
2
0
-3
-6
-8
-9
-11
-13
-12
-13
-13
-11
-10
-9
-9
-8
-6
-4
-3
-2
-2
0
2
2
3
5
7
7
9
9
9
9
10
8
8
8
6
4
2
0
0
0
-1
-2
-2
-1
0
-1
0
0
0
1
1
1
1
0
0
0
0
-2
-5
-5
-7
-6
-7
-9
-11
-11
-13
-13
-14
-13
-13
-13
-12
-10
-9
-6
-5
-2
1
3
5
8
11
12
13
14
15
18
17
16
16
15
14
12
10
10
8
4
4
2
2
1
-1
-2
-3
-4
-6
-6
-7
-9
-11
-13
-13
-14
-14
-13
-14
-13
-11
-8
-5
-3
-1
0
3
5
6
9
10
11
11
12
12
12
12
11
11
11
10
9
8
6
4
2
0
0
-4
-7
-9
-10
-12
-15
-15
-15
-14
-14
-13
-11
-11
-9
-6
-3
-1
-1
1
3
4
5
6
8
8
8
8
7
7
8
8
6
6
4
4
4
2
1
1
1
1
0
-2
-1
-1
-2
-4
-3
-4
-4
-4
-5
-6
-5
-5
-7
-8
-6
-7
-6
-7
-7
-6
-4
-5
-3
0
0
2
5
7
9
10
12
12
15
15
13
13
12
13
13
11
11
12
11
11
11
8
9
8
6
5
4
1
0
-1
-3
-5
-9
-9
-11
-14
-17
-18
-18
-19
-18
-21
-22
-21
-21
-20
-19
-18
-16
-16
-15
-13
-12
-9
-6
-3
-2
1
5
6
9
11
13
15
17
18
19
18
18
18
19
16
15
15
12
10
9
6
3
1
0
-1
-2
-4
-7
-6
-5
-6
-6
-6
-6
-5
-5
-6
-5
-5
-6
-6
-6
-6
-6
-6
-6
-7
-6
-6
-4
-4
-3
-2
-1
0
1
3
6
7
8
9
9
10
8
7
6
4
2
0
-1
-1
-1
-3
-2
-1
-1
0
2
3
2
4
7
7
9
11
11
11
13
13
14
12
11
12
9
7
4
1
0
-4
-9
-13
-16
-19
-23
-25
-26
-29
-32
-31
-31
-30
-27
-25
-24
-19
-18
-16
-11
-8
-7
-2
0
1
4
6
10
12
13
16
18
20
21
22
24
26
26
25
25
23
20
19
16
12
10
6
2
1
-1
-4
-4
-5
-5
-7
-6
-6
-4
-2
-1
0
0
0
0
0
-1
0
-3
-5
-6
-10
-12
-15
-17
-19
-19
-20
-21
-23
-23
-21
-20
-19
-17
-14
-11
-8
-4
-2
1
4
7
12
14
19
21
24
26
28
27
28
28
28
26
24
23
19
16
12
7
4
0
-5
-9
-15
-18
-21
-23
-25
-27
-27
-26
-25
-23
-21
-18
-16
-10
-6
-2
0
4
8
11
13
14
17
17
17
18
17
17
16
16
12
9
6
5
3
0
-1
-3
-5
-8
-9
-8
-8
-9
-8
-7
-7
-5
-2
0
1
2
5
6
6
6
8
7
5
4
2
2
1
-2
0
-2
-3
-4
-4
-5
-5
-6
-6
-6
-5
-6
-6
-6
-6
-8
-10
-10
-10
-12
-13
-10
-11
-10
-7
-7
-5
-3
-1
0
2
5
9
12
12
15
17
18
19
19
20
17
17
15
13
13
9
6
4
0
-1
-4
-6
-8
-10
-10
-11
-11
-8
-9
-8
-5
-5
-4
-3
-3
-1
-1
-2
-1
0
0
0
0
0
0
0
0
0
0
2
2
3
6
8
8
9
11
11
9
8
8
7
6
3
2
1
-1
-2
-3
-5
-5
-7
-8
-10
-10
-12
-14
-11
-11
-9
-8
-6
-4
-2
0
1
3
4
5
8
6
6
8
6
4
4
4
2
1
2
1
0
1
0
0
-2
-3
-2
-2
-4
-2
-3
-4
-7
-7
-6
-7
-6
-4
-3
-3
-1
1
2
4
5
8
10
9
11
11
10
8
7
7
4
4
3
3
1
-2
-2
-2
-4
-5
-5
-5
-6
-7
-6
-5
-4
-3
-1
0
1
4
6
7
9
9
10
9
8
7
5
3
0
-1
-2
-5
-6
-10
-9
-10
-11
-12
-10
-9
-7
-7
-5
-4
-2
0
0
2
4
5
6
4
4
6
5
4
4
2
1
0
-2
-3
-2
-4
-5
-5
-6
-5
-6
-5
-5
-4
-4
-2
-1
0
0
0
0
1
2
3
2
2
2
3
2
2
3
1
2
2
2
2
2
2
3
3
4
4
5
5
6
7
6
7
5
5
5
3
1
1
0
-3
-3
-4
-8
-8
-8
-11
-8
-9
-9
-8
-8
-6
-4
-4
-3
-1
0
0
1
1
1
1
1
1
2
2
2
2
0
0
2
2
3
2
4
2
2
3
1
1
2
3
5
3
1
0
-2
-7
-9
-7
-3
1
4
5
5
2
0
-1
-4
-4
-7
-9
-9
-10
-4
0
1
4
9
9
9
6
2
-1
-5
-7
-6
-10
-8
0
5
23
38
39
40
7
-38
-53
-67
-61
-5
37
69
94
69
24
-15
-52
-70
-58
-37
-19
2
14
33
48
43
54
9
-77
-88
-104
-102
-5
70
110
139
101
20
-28
-59
-91
-67
-23
2
33
38
43
45
-11
-33
-19
-48
-40
0
-5
0
22
4
-2
14
-6
-18
3
0
-2
9
-1
-2
8
5
30
39
14
0
-14
-27
-24
-7
-3
-16
-18
-35
-43
-15
0
5
15
24
14
10
31
23
19
26
6
4
18
9
16
15
-2
3
-1
-17
-5
-1
-9
-7
-13
-24
-25
-28
-28
-13
-7
-6
1
-1
0
10
10
11
8
2
3
6
12
12
10
8
4
0
11
15
4
4
4
-9
-10
-6
-8
-6
-2
-2
-10
-4
2
-6
-1
1
-12
-15
-10
-18
-15
-4
-5
-2
3
0
-1
1
-1
0
3
0
1
3
1
3
6
2
3
3
2
4
5
2
2
3
4
3
5
6
2
5
7
7
11
10
7
5
2
-6
-11
-8
-14
-15
-5
-4
0
5
1
1
0
-4
-5
-3
-3
-3
0
-1
-2
-1
-1
2
3
6
9
6
4
1
-2
-3
-2
-3
0
0
0
-1
0
0
0
0
0
0
0
0
0
1
2
5
7
6
8
9
8
7
6
2
-1
-3
-8
-9
-10
-9
-10
-8
-8
-8
-7
-8
-7
-5
-6
-6
-5
-6
-6
-7
-6
-3
0
4
7
10
11
11
12
15
14
12
8
5
1
0
-1
-2
-1
-1
-1
0
4
7
9
9
8
8
4
0
-2
-5
-12
-18
-23
-24
-22
-21
-14
-9
-3
3
7
12
14
16
13
9
5
0
-3
-5
-5
-5
-3
1
2
7
11
8
9
6
3
2
0
-4
-6
-5
-6
-5
-1
0
1
7
7
6
8
6
6
6
3
-2
-5
-9
-12
-13
-15
-14
-13
-13
-13
-7
-4
-2
1
3
3
6
6
3
3
4
4
10
9
9
21
15
6
6
5
-2
-7
-8
-12
-8
7
2
0
7
-12
-11
-2
-24
-13
15
-1
-3
32
8
2
42
17
-17
20
16
-21
12
17
-8
0
-4
-27
-38
-33
-20
-5
-32
0
18
-36
-11
5
-54
-36
18
-10
-15
10
46
19
9
39
19
29
15
23
24
0
21
35
0
4
34
-9
-25
-47
-50
-31
-39
-37
-8
28
-23
-31
-6
-18
-10
-16
9
62
33
7
31
21
19
-5
-19
44
45
-14
-11
30
24
-19
-52
1
43
-34
-72
-6
31
-26
-57
3
51
-30
-54
9
36
24
-16
-9
40
47
-62
-72
59
28
-11
68
1
-45
25
6
-16
-3
33
18
-31
-34
0
28
-30
-17
36
14
-8
-30
25
19
-27
-29
15
111
3
-130
-51
50
19
0
2
-30
31
27
-24
21
-26
-32
64
38
-44
-18
2
38
5
-84
48
38
-82
20
93
-68
-134
58
80
-15
-22
-16
-6
11
61
-27
-50
-6
0
67
14
-7
-52
-34
101
-58
-35
91
-32
-45
-12
78
24
-67
12
19
58
-21
-67
13
-21
69
29
-71
-7
44
19
-5
-28
-50
-13
66
12
-62
4
0
53
23
-72
8
70
-8
-52
-83
0
123
-21
-42
22
-9
-30
25
61
-66
-27
24
-11
47
14
-47
22
23
-42
34
28
-21
4
-7
-58
61
88
-127
-38
131
-44
-109
52
35
-3
57
-83
-67
85
37
-21
-59
-27
20
103
-12
-112
135
2
-118
43
24
45
-39
-66
14
36
73
-23
-60
-28
-24
94
-12
-30
55
-108
13
64
-48
13
45
-35
-50
67
-8
-1
15
-42
31
0
22
-19
-35
66
45
-115
-46
71
23
-2
-35
95
37
-204
-33
150
11
-96
32
27
-4
60
-58
-19
37
16
-12
-40
13
2
-27
22
-28
60
-26
-36
132
-99
-48
100
-42
-65
65
62
-12
-35
-123
64
130
-107
41
14
-71
10
-20
25
77
-44
-112
51
114
-15
-132
25
62
-28
49
20
-32
-64
13
-10
-113
173
154
-151
-8
58
-91
-33
71
1
-51
39
90
-27
-82
-40
-15
18
2
45
68
-35
-23
-39
-28
93
-55
-30
115
-134
-66
177
-30
-102
16
71
86
-42
-80
4
25
0
-22
-24
7
39
44
-97
3
182
5
-78
14
14
-9
-1
-57
32
34
-105
4
-25
4
84
-38
-71
-45
21
66
98
-54
-65
66
82
27
-119
-114
-18
76
141
-2
-79
141
-43
-96
185
-21
-167
8
27
-70
27
-5
-67
66
-27
14
-3
16
21
-36
97
22
95
314
-30
-915
-903
-135
410
453
208
480
740
662
256
-126
-208
-334
-550
-543
-410
-516
-272
-115
116
477
473
416
414
-152
-548
84
245
-269
-80
204
149
176
-198
-334
294
198
-163
-152
-259
-32
29
-106
104
348
102
182
25
-162
-35
-305
-121
93
76
145
114
-147
-137
42
0
69
-292
-182
-64
-107
175
170
77
-91
143
414
16
-340
-9
279
-66
-110
79
123
-146
-132
113
-67
113
52
-192
80
76
-128
-26
-68
-151
25
101
62
-51
-124
-150
155
370
-54
68
69
-70
-98
-408
-111
192
-35
7
206
212
66
-27
-266
-263
351
238
-235
-196
-196
150
318
8
-23
-76
146
242
-83
-136
-426
-100
355
-204
-309
173
11
-76
269
357
193
9
-87
-90
66
-215
-184
-72
11
59
-124
-7
-195
40
325
232
64
-104
-57
-84
51
-104
-219
-57
67
130
34
-91
-91
58
242
124
-96
-36
122
144
-86
-75
118
-68
-150
74
-116
22
114
-168
27
99
14
-96
-250
-85
64
207
133
-84
-49
29
-55
-111
-18
55
107
-6
-104
58
150
134
71
-89
18
257
-17
-361
-196
-13
78
55
-152
-55
139
67
-58
53
60
-100
-30
90
106
-93
10
67
-44
20
-127
-189
-83
-36
126
125
3
178
159
44
64
-63
-246
-135
36
29
8
-24
15
82
207
82
-344
-288
13
103
175
97
-146
-73
104
-23
-124
-6
110
102
4
-49
41
151
44
-209
-141
31
63
112
-84
-218
52
188
71
69
42
-136
-142
-94
-58
80
-61
-121
-31
-73
166
359
209
82
80
-12
-147
-242
-128
104
211
218
-59
-279
-208
-155
-198
-117
52
295
267
-8
-130
-238
-208
13
12
-140
8
304
456
420
223
-54
95
320
43
-247
-155
-131
-113
54
-19
-227
-195
-258
-453
-459
-459
-441
-431
-317
-78
140
277
666
989
849
578
333
92
84
309
461
611
756
625
416
115
-622
-1406
-1861
-1958
-1704
-1191
-634
-82
354
577
524
236
19
200
654
888
925
927
915
974
1077
986
1020
1234
555
-842
-1987
-2663
-2561
-1725
-820
-153
510
862
798
488
10
-443
-580
-622
-564
-286
-44
153
256
395
616
1077
1433
1312
975
668
464
313
467
1335
1585
162
-1555
-2583
-2988
-2115
-845
-356
-68
599
848
680
484
-112
-667
-839
-785
-713
-146
653
782
327
343
819
1117
1066
1058
960
788
634
421
794
1821
1073
-1013
-2536
-3255
-3092
-1893
-601
52
535
916
1055
610
-52
-630
-820
-509
-16
-60
-101
169
147
132
574
1027
845
588
706
649
606
484
853
1904
1943
-7
-1902
-3207
-3266
-2258
-1116
-292
517
1039
935
1048
697
137
-286
-333
-402
-687
-581
-241
-211
67
332
193
519
809
876
376
133
474
1220
1326
1445
2678
1868
-499
-2369
-3924
-4270
-2431
-703
-110
1267
2416
1779
1059
672
-261
-1164
-688
-298
-514
-482
1
-179
-479
-143
154
976
972
639
358
460
807
1189
1480
2842
2652
-192
-2592
-3931
-4229
-3076
-813
211
717
1644
1693
814
387
-143
-1316
-1351
-305
-45
-86
603
442
-615
-696
-178
211
129
710
591
770
1477
1663
963
1841
3361
1403
-1753
-3531
-4041
-3625
-1714
-114
254
932
1707
1351
604
276
-707
-1736
-1214
-216
212
393
825
111
-643
-649
-110
-53
-255
388
544
968
1867
2092
1195
2055
3306
1195
-1970
-3379
-3960
-3827
-1964
-306
429
1560
2553
1672
113
-425
-1362
-2187
-1185
155
395
443
758
-253
-1080
-679
144
436
497
1148
1146
1389
1631
928
229
2294
3354
468
-2611
-3710
-4134
-3540
-1129
131
605
1741
2329
1039
73
-309
-1555
-1989
-618
485
550
730
638
-380
-771
-399
85
-130
284
1155
1478
1676
1439
777
890
3159
3003
-568
-3669
-4265
-3949
-2716
-427
381
674
1723
2222
996
-115
-481
-1555
-1706
-438
790
686
591
496
-515
-845
-628
-302
-239
667
1444
1441
832
791
784
1823
4089
2180
-2106
-4567
-4658
-3821
-1648
607
1441
1607
1701
1329
-60
-418
-797
-2054
-1794
33
1230
1045
1008
-192
-1465
-1290
-344
26
98
1253
1603
1408
1161
1264
580
2302
3987
931
-2726
-4392
-4495
-3405
-708
1052
1051
1236
1746
1150
-346
-809
-1229
-1640
-822
616
1419
1084
764
-360
-1515
-1403
-427
-218
511
2048
1942
1196
787
782
924
3138
3622
-510
-4402
-4798
-3455
-2000
29
658
630
1589
2074
856
-610
-1432
-2331
-1871
-190
1703
1887
768
-45
-1374
-2322
-1793
-240
186
998
2372
2255
1149
1106
1280
1284
3544
3267
-1467
-5177
-4662
-3331
-2350
-166
933
1011
2173
3020
1298
-836
-1837
-2484
-1758
271
1950
1280
334
-142
-1085
-1422
-1129
-505
-228
768
2121
2036
1209
1484
1510
1066
3067
3591
-891
-4759
-4609
-3907
-2784
-454
786
1039
2136
2768
1094
-968
-1935
-2273
-1713
269
1884
1320
524
352
-678
-1653
-1753
-837
0
1008
2479
2329
1311
846
999
1410
3621
3248
-1671
-5282
-4694
-3276
-2298
-440
736
1479
2233
2541
1063
-1007
-1782
-2044
-1628
-95
1288
1019
525
730
1
-1227
-1477
-425
-152
599
1836
1847
1295
1375
1313
1106
3323
3291
-1460
-5540
-5151
-3188
-1923
-359
596
1296
2574
2986
721
-1879
-2514
-1877
-1087
-190
1235
1567
1434
917
-603
-2132
-1704
338
615
760
1377
1160
613
794
1050
1551
3800
3471
-1527
-5493
-4534
-2689
-1958
-603
832
1524
2404
2704
192
-2203
-2205
-1439
-1007
-82
1141
851
493
717
-242
-1643
-1477
44
378
722
1653
1176
590
1196
1629
1737
3523
3588
-1079
-5020
-4251
-2637
-2099
-1126
6
1149
2649
3139
943
-1388
-2268
-2215
-1426
-339
849
1048
1164
1405
-56
-2241
-2367
-207
571
118
1019
1707
1443
1415
1706
1491
3119
4071
-499
-5620
-5124
-2434
-1661
-1349
-543
1002
2713
3084
1151
-1424
-2322
-1457
-516
-453
308
1243
1234
1212
21
-1927
-2418
-799
225
-171
635
2002
1919
966
1419
1836
1982
3258
2290
-2864
-5499
-3470
-2009
-2120
-1400
337
1946
3214
2460
206
-1762
-2064
-1390
-1152
-897
187
1713
2398
1474
-848
-1827
-1368
-295
-480
-639
1062
2233
1871
1138
1541
1834
1975
2978
1122
-3273
-4602
-3162
-2360
-2721
-1349
1125
2952
3209
1751
-367
-1802
-2138
-1973
-1246
-175
1096
1940
2042
408
-1363
-1484
-759
-303
-1158
-138
1690
2033
1270
1062
2010
2275
2560
2574
-649
-4168
-3978
-2359
-2390
-2859
-1173
1502
3144
2700
1104
-525
-1546
-1366
-1097
-1268
-276
1180
1771
1430
-131
-1253
-845
85
-68
-1101
-279
1167
1288
638
1408
2912
2792
1649
2196
418
-3390
-4722
-3515
-2528
-2401
-729
1678
2956
2183
1130
-65
-1530
-1792
-1369
-1338
-536
782
1801
1998
602
-884
-761
198
128
-1372
-749
601
1146
898
1686
3252
3098
1816
2455
1174
-3066
-4611
-3536
-2726
-3251
-1877
865
2752
3216
2296
89
-1482
-1843
-2051
-1769
-612
902
1925
2570
1259
-728
-1050
-641
-488
-1605
-873
418
987
1046
1671
2644
3099
1615
1008
2500
-217
-3851
-4827
-3320
-2472
-2277
-871
1784
3732
2972
1574
-140
-1290
-1911
-2002
-1328
-736
282
1532
2328
611
-994
-480
609
-358
-2120
-829
525
496
284
2181
3565
2890
191
785
3466
92
-4625
-5015
-2042
-2092
-2886
-672
2661
3811
2437
911
-315
-1137
-2064
-1823
-1560
-576
747
1522
2247
876
-82
349
830
-1091
-2202
-954
-527
-371
278
2435
3433
2963
1009
2035
3859
-174
-4864
-5048
-2499
-2558
-3390
-1402
1816
3292
2686
1293
383
-179
-1046
-1987
-2045
-788
-53
812
2104
1173
-227
290
795
-889
-1990
-499
-21
-435
694
2649
2612
2390
1328
1665
3278
305
-3994
-4309
-2138
-2790
-3939
-1841
1605
2757
1988
1413
684
-196
-764
-1579
-2100
-1185
-28
810
1953
1560
226
948
871
-1548
-2437
-825
-669
-1178
-72
2566
3453
2805
1923
1596
2743
2694
-1860
-5612
-4132
-2106
-3217
-4171
-531
2891
3053
2435
1315
171
73
-259
-2145
-2406
-69
991
346
1000
1480
875
264
-149
-604
-1350
-988
-1460
-698
892
1777
1874
2657
2196
1239
2758
3885
-944
-5789
-3784
-1530
-3732
-5143
-1077
2273
2264
1652
1755
1621
1282
-71
-1939
-1654
461
411
-1276
209
2202
1449
-320
-347
-173
-1827
-1472
-1498
-1343
69
1832
2485
2408
2497
1985
1390
2842
2117
-2824
-4187
-2262
-2275
-4104
-3474
-235
1629
1919
1904
822
954
1589
150
-2205
-1431
15
-715
-428
1232
1526
942
920
1520
-196
-1981
-1517
-1574
-1507
-414
835
1331
2713
2858
1863
1402
1770
2904
-356
-3619
-2808
-2422
-3066
-4064
-2520
552
2005
1761
1792
1808
1682
701
-958
-935
-748
-1334
-1031
502
821
194
1280
1821
819
-1455
-1797
-797
-1248
-1501
-647
1091
2342
2242
1210
1712
1868
1625
1362
924
-910
-3141
-3493
-2787
-2970
-3303
-1388
940
1685
2008
1956
1645
1862
905
-1013
-1645
-555
-121
-1079
-536
664
1118
891
999
347
-1391
-505
-217
-1454
-1240
677
1422
1023
835
1153
1700
1781
639
-655
930
2040
-1415
-3801
-1903
-1323
-2836
-2840
-1022
914
1695
1189
1212
1617
1835
499
-1320
-1002
-72
-387
-944
-312
910
899
279
459
674
67
-123
-470
-1228
-683
382
106
129
682
1078
1360
1178
760
468
1355
1175
-1115
-2306
-1851
-2037
-2675
-2378
-1366
81
1143
1341
1252
1538
1423
613
-340
-885
-577
-408
-546
-126
553
723
729
621
378
77
-105
-493
-806
-548
16
71
125
582
1216
1500
1519
1187
991
1794
433
-2385
-2483
-1646
-2440
-3089
-2071
-509
488
961
1149
1288
1714
1687
578
-346
-574
-517
-953
-1017
-431
23
538
1112
1254
754
562
391
-526
-1259
-1227
-1033
-457
55
295
993
1621
1848
1285
790
564
420
618
-543
-2125
-2071
-1385
-2004
-2633
-1870
-509
511
973
1358
1546
1697
1561
541
-480
-678
-699
-714
-579
-401
-106
827
1486
978
318
423
-188
-894
-1097
-1027
-336
509
509
232
875
1546
1313
364
134
742
1160
-161
-1581
-1474
-1097
-1746
-2613
-1927
-679
195
658
957
1386
1863
1405
457
-57
-425
-762
-1107
-812
-464
-76
528
995
1580
1134
445
68
-329
-778
-1066
-959
-580
-121
-45
334
914
1350
1060
633
663
557
662
569
-694
-1414
-1181
-1538
-2166
-2164
-1501
-435
407
709
930
1405
1670
1231
226
-384
-398
-454
-784
-733
-411
187
914
1140
1188
752
560
155
-513
-1040
-1233
-912
-324
-122
-60
603
1165
1331
1106
862
757
1020
886
-721
-1874
-1648
-1611
-2323
-2428
-1497
-351
572
1153
1396
1699
2039
1547
438
-383
-691
-881
-987
-873
-685
-19
863
1224
966
794
1057
699
-308
-1342
-1457
-1187
-1122
-1197
-565
667
1316
1265
1131
1452
1391
711
114
230
424
-386
-1506
-1850
-1604
-1803
-2120
-1504
-292
753
1030
978
1062
1415
1216
342
-163
-112
-224
-706
-615
-386
-118
429
816
555
333
759
506
-160
-599
-619
-797
-723
-797
-937
-268
587
615
497
961
1166
1065
654
449
233
619
689
-849
-1756
-1225
-1067
-1649
-1763
-1134
-282
639
827
546
830
1531
1246
390
85
-10
-331
-452
-437
-803
-389
298
656
466
347
807
615
259
-60
-178
-151
-183
-1077
-1322
-533
-268
-489
-459
236
614
723
525
298
473
965
755
152
416
1158
651
-772
-1271
-1210
-1259
-1568
-1681
-1345
-270
872
863
770
1268
1592
1010
433
22
-421
-571
-520
-758
-1144
-440
325
627
473
537
685
840
728
-53
-493
-303
-242
-811
-852
-415
180
164
213
682
170
-270
12
-384
-1037
-671
-318
-191
108
444
638
929
1386
1201
436
957
1280
-380
-1372
-1411
-1580
-1869
-1647
-1524
-781
797
1617
1393
1206
1665
1424
527
-253
-1017
-1441
-1153
-824
-1204
-913
303
1102
963
867
1073
730
694
405
-352
-734
-318
-413
-783
-430
110
204
207
475
310
213
269
28
-408
-517
-491
-560
-386
-186
-67
185
628
597
379
284
428
516
-383
-1175
-748
-483
-860
-778
-556
39
996
1251
930
1106
1485
1155
927
771
-460
-1430
-1511
-1483
-1831
-1778
-1090
-379
454
988
1239
1137
1284
1149
535
-84
-526
-925
-1229
-813
-623
-539
-116
687
1096
1073
1039
590
300
148
-165
-782
-736
-574
-530
-280
74
310
310
487
549
327
-2
-112
-362
-374
-378
-529
-459
-163
94
135
209
334
451
360
316
137
-109
-233
-7
-22
-961
-1309
-855
-456
-118
245
318
692
1666
1891
1237
789
688
1069
491
-947
-1804
-1954
-1821
-1485
-1260
-1233
-414
916
1581
1282
1062
722
629
538
-29
-851
-1113
-792
-631
-425
-68
169
548
874
963
712
384
161
-139
-171
-221
-471
-678
-416
-62
266
289
225
215
171
197
4
-321
-566
-487
-264
-209
-194
-158
69
398
587
453
146
103
206
82
-152
-449
-448
-279
-197
-137
-132
55
301
552
594
437
227
276
350
-186
-897
-1219
-1244
-931
-368
15
280
813
1337
1550
1482
1024
734
745
24
-934
-1495
-1870
-1823
-1379
-1047
-685
115
1012
1314
1421
1258
731
245
-42
-323
-745
-953
-971
-842
-391
225
543
806
810
874
774
459
42
-299
-383
-442
-570
-725
-555
-199
169
406
498
345
189
202
137
-141
-386
-405
-501
-295
-102
-114
18
239
425
442
413
209
75
27
-53
-272
-338
-370
-287
-162
2
175
217
324
345
332
228
146
6
-356
-579
-557
-496
-302
-26
87
209
470
575
463
359
184
-45
-95
-150
-221
-243
-215
-112
-35
24
37
82
56
29
-10
-232
-406
-501
-535
-529
-366
-191
-15
303
606
918
1122
1213
1077
798
801
753
-153
-1076
-1549
-1936
-1760
-1315
-1020
-660
125
887
1273
1440
1328
852
443
242
-252
-724
-964
-953
-842
-450
32
363
677
795
889
721
504
171
-199
-416
-441
-561
-680
-489
-259
21
280
433
328
253
204
48
-116
-337
-444
-489
-342
-143
22
191
330
425
446
377
241
89
-76
-195
-281
-290
-313
-295
-222
-148
-18
118
195
211
253
258
198
73
-19
-128
-225
-175
-135
-73
7
91
150
202
178
116
50
-37
-94
-179
-196
-193
-162
-90
-3
70
110
164
148
148
131
74
-24
-93
-133
-153
-123
-80
-30
-10
51
94
101
87
82
54
-3
-24
-52
-83
-96
-64
-56
-26
33
66
103
131
118
72
44
-12
-73
-111
-138
-138
-89
-28
-3
27
57
60
51
46
31
-3
-26
-26
-18
-18
-25
-23
13
36
25
27
28
30
37
34
0
-23
-25
-33
-32
-20
-10
-15
-11
-2
-1
14
22
14
7
-2
-14
-11
-2
-18
-35
-22
-7
24
38
22
19
29
31
22
5
-36
-53
-47
-23
-3
4
9
14
33
37
24
7
-3
-16
-17
-8
-15
-17
-10
-2
1
6
7
13
25
23
14
9
3
-5
-8
-14
-9
-2
-2
-6
-10
-7
-10
0
6
11
5
-1
1
7
0
-15
-16
-16
-15
-8
-1
0
1
10
7
5
6
7
5
8
9
6
7
12
11
8
2
-4
-6
-11
-15
-19
-14
-8
-4
4
2
5
7
1
0
-1
0
-1
2
4
5
9
10
5
6
4
0
-1
-5
-13
-13
-8
-7
-3
0
0
6
7
7
5
1
0
-1
0
0
-1
1
5
7
7
5
3
3
-3
-11
-17
-18
-15
-12
-12
-10
-4
2
8
11
8
5
6
9
9
4
0
-2
-1
0
1
2
2
5
7
4
1
-4
-8
-7
-6
-8
-8
-4
0
4
6
5
4
1
1
0
0
-3
-5
-1
-2
0
0
0
0
2
2
0
2
2
3
1
2
1
0
-4
-6
-3
-7
-4
-6
-1
3
8
11
10
8
0
-2
-2
1
-3
-8
-10
-4
1
3
5
4
5
0
0
-1
0
-4
-9
-7
0
7
5
6
0
1
-2
4
5
2
0
-1
3
-4
-3
-6
-5
-12
-11
-4
12
12
0
0
-2
11
21
16
-8
-38
-42
-6
38
44
20
8
24
52
33
13
40
117
-18
-298
-406
-333
-54
255
314
154
68
101
189
108
-60
-45
-44
-146
-120
31
74
68
5
-124
-58
22
48
-14
-111
-161
-130
9
94
223
161
9
-97
-62
14
95
62
-93
-145
-139
30
142
131
-5
-42
-20
-14
51
57
59
9
-42
-71
-33
-3
16
-27
-46
-18
0
64
69
46
-43
-65
-60
-5
25
-19
-22
-20
11
22
33
1
-37
-41
-13
19
56
60
29
15
8
33
2
-17
-29
-38
-50
-30
21
41
34
-47
-54
-16
17
36
25
-12
-43
-15
16
54
42
6
-41
-78
-49
2
56
51
25
-6
-27
-20
0
11
0
5
-19
-26
1
20
37
38
7
-17
-7
-10
7
9
6
-5
-25
-18
10
17
-24
-39
-37
7
23
20
16
9
5
-3
-6
-12
1
-19
-15
-8
-2
16
32
23
5
0
-7
6
-9
2
2
4
5
20
13
-12
-7
-38
-12
-7
21
11
-5
-14
-9
21
7
26
-28
-28
-34
-7
22
17
19
-9
10
-21
9
-5
6
0
-10
13
-2
12
-14
1
-12
34
21
-5
-17
-38
-3
0
22
22
25
-12
-9
-28
0
41
0
-7
-10
-25
-18
14
-6
25
6
-18
7
-16
-8
11
-11
-6
36
-12
20
16
-34
2
-1
0
6
-16
-7
28
-10
23
22
-7
12
-57
-36
24
9
25
10
-48
-2
-10
26
49
-82
41
103
-117
-45
89
-22
2
18
-12
39
-31
-6
47
-73
-16
43
-71
-1
59
-36
-15
4
29
48
-29
15
50
-65
-39
50
14
-7
-16
-1
17
-42
-14
52
-4
-28
23
12
-22
-7
30
9
-27
22
19
-35
-5
12
-15
-11
-10
2
-4
-28
31
29
-46
-6
33
0
16
3
-13
15
1
-3
21
-3
1
20
-30
-36
-3
3
19
40
11
-34
-43
-15
8
20
22
0
-3
-18
-12
15
5
26
27
-39
-29
7
-1
1
3
10
9
-13
-5
7
-2
7
14
-6
-22
-17
0
23
6
2
9
-17
-11
0
-2
6
19
21
3
-15
-14
-8
0
8
-1
9
62
88
-6
-117
-136
-68
0
17
49
63
36
0
-43
-57
1
86
130
94
24
11
7
-4
-13
-2
26
39
23
-41
-92
-118
-88
-58
-42
-4
-10
-34
-65
-55
-24
-15
-26
-20
-22
-36
-24
2
39
59
78
70
55
46
71
93
81
87
73
36
-8
-36
-24
-10
0
3
-27
-68
-87
-70
-47
-45
-44
-45
-41
-51
-63
-42
-7
23
19
14
14
33
55
49
34
23
35
59
72
57
31
15
19
16
2
12
24
13
-19
-48
-54
-43
-24
-25
-38
-51
-47
-42
-43
-32
-10
5
7
-10
-19
2
46
71
59
19
-6
6
29
45
56
54
38
-2
-35
-41
-28
0
24
19
-14
-43
-50
-35
-16
-7
0
6
11
0
-23
-31
-14
16
35
31
8
-15
-18
-9
-6
-5
7
28
34
11
-8
-4
13
22
9
-2
-4
-4
-8
-17
-21
-10
12
22
14
2
-1
1
4
-5
-19
-21
-20
-15
-9
6
16
12
2
-8
-15
-11
1
17
26
20
6
-10
-14
-7
1
10
15
10
0
-7
-15
-21
-17
-1
10
12
1
-13
-19
-11
-2
5
11
15
17
13
3
2
5
8
8
0
-9
-9
-2
1
2
1
1
-1
-7
-15
-16
-7
3
7
2
-10
-13
-3
4
2
0
7
12
7
-2
-9
-2
15
26
18
6
-2
-4
-2
-6
-6
0
9
9
-3
-15
-21
-14
3
16
20
7
-6
-17
-20
-15
-10
-1
11
15
8
-10
-20
-13
1
16
19
16
12
9
5
-2
-8
-1
10
10
2
-7
-9
-6
-7
-11
-9
1
10
8
0
-2
0
0
-6
-12
-6
3
6
2
-4
-5
0
1
0
1
9
19
18
2
-11
-11
-6
0
1
2
5
4
-2
-13
-17
-9
6
11
5
-1
-1
-1
-4
-8
-2
11
19
12
-3
-9
-2
1
-5
-11
-6
3
7
-2
-9
1
12
10
0
0
6
6
-3
-14
-14
-2
2
-7
-10
0
11
11
3
2
8
9
-2
-15
-14
-5
2
2
-2
0
5
6
6
7
9
10
6
-2
-11
-14
-9
-2
0
0
-4
-5
-9
-11
-5
7
16
16
7
0
-3
-5
-8
-4
7
16
8
-7
-16
-10
1
6
8
10
12
4
-10
-19
-9
7
15
10
1
-4
-7
-12
-12
-4
7
10
4
-5
-7
-3
0
4
8
7
0
-5
-9
-6
0
0
0
4
4
-1
-5
0
11
13
6
-3
-5
1
1
-1
0
3
5
-2
-13
-15
-3
9
12
5
-1
-2
-5
-7
-10
-5
7
11
1
-8
-11
-3
4
5
4
5
4
0
-5
-6
0
8
8
2
-3
-4
-1
0
-1
0
2
-1
-7
-10
-5
4
11
10
4
-1
-3
-5
-6
-1
3
2
-2
-6
-8
-6
-2
3
8
10
6
1
-1
-1
0
2
0
0
-2
-5
-4
-3
2
5
6
4
3
3
2
3
2
0
-3
-4
-5
-7
-6
-3
0
0
-1
-1
0
1
5
6
4
2
1
0
-2
-1
2
2
0
-3
-5
-7
-5
-3
0
0
2
3
4
4
6
9
8
8
4
-1
-7
-11
-10
-10
-9
-7
-7
-3
0
3
8
11
10
8
6
2
0
-1
-3
-2
-2
-4
-2
1
3
5
6
5
1
-2
-3
-3
-3
-4
-5
-5
-6
-4
0
5
6
7
6
2
0
-1
-3
-2
-2
-4
-5
-5
-1
0
1
4
6
5
1
0
0
-2
-2
-2
-3
-1
0
0
3
5
5
5
4
2
-2
-5
-6
-6
-4
-2
0
0
-1
-1
1
4
5
6
1
-4
-7
-7
-6
0
2
3
3
1
0
0
4
6
6
3
-2
-4
-4
-3
0
1
3
0
-2
-3
-3
0
2
2
2
-2
-4
-5
-3
0
1
3
4
1
-1
-2
-1
0
1
1
1
1
0
-1
-1
0
1
0
1
0
0
-2
-2
-1
1
0
0
0
0
0
1
2
3
1
0
0
-1
-1
-2
-1
0
0
0
-1
0
0
0
0
1
2
1
0
-1
0
0
-1
0
0
1
1
0
0
0
0
0
0
0
0
0
0
0
0
0
0
0
0
0
1
1
0
-2
-2
-1
-1
-1
0
0
0
0
0
-1
-1
0
1
0
0
0
1
2
2
2
3
2
1
0
0
0
0
0
0
-1
-1
-2
-1
-1
-3
0
0
0
0
0
0
0
0
1
0
0
0
-1
0
0
0
1
1
1
1
1
0
0
0
1
2
2
1
0
0
0
-2
-2
0
0
1
0
0
0
0
-1
0
0
0
0
0
-1
-1
-1
0
0
-1
0
0
1
1
0
2
1
1
2
1
0
1
1
0
0
0
-1
-2
-1
-2
-1
-1
-2
0
0
0
0
0
0
0
0
0
1
0
1
1
0
1
0
0
0
0
0
0
0
0
0
0
-2
0
0
0
0
0
0
1
1
1
0
0
0
0
0
-1
0
-1
-1
0
-1
-1
0
0
-1
0
0
0
-1
0
0
0
1
1
1
0
0
0
0
1
0
0
0
0
-1
0
0
0
0
1
0
0
0
0
0
0
0
0
-1
-1
0
0
0
0
2
0
0
0
0
0
-1
0
0
0
0
0
0
0
0
0
1
0
1
0
0
0
1
0
0
0
0
0
0
2
0
0
-1
-1
-2
-2
-1
0
0
0
0
0
0
0
0
0
1
0
0
0
0
0
0
0
0
0
1
1
0
1
0
0
1
0
0
-1
-1
-1
-2
0
0
0
0
0
0
0
1
0
1
0
-1
0
0
0
0
0
0
-1
0
0
0
1
0
0
0
0
0
0
0
0
0
-1
0
0
0
0
0
0
1
0
0
0
2
0
0
0
0
0
0
0
0
0
0
0
0
0
0
0
0
0
0
0
0
0
0
0
0
0
0
0
0
0
0
0
0
0
0
0
1
0
0
0
0
0
0
0
0
1
0
0
0
0
0
-1
0
1
-1
0
0
0
0
0
0
0
1
0
0
0
-1
0
1
0
0
0
0
0
-1
0
0
0
0
0
0
0
0
-1
0
0
1
0
0
0
0
0
0
0
1
0
0
0
-1
0
0
0
-1
0
1
0
0
0
0
0
0
0
-1
0
-1
-1
1
0
0
0
1
0
0
0
0
0
0
0
0
0
0
-1
0
0
-1
0
1
1
1
0
1
0
0
0
0
0
0
0
-1
0
-1
0
0
0
0
0
0
-1
0
1
0
0
0
0
0
0
0
0
0
0
0
0
0
0
0
0
0
0
0
1
0
0
1
0
0
0
0
0
-1
-1
0
-1
0
0
0
0
0
0
1
0
0
0
0
0
-1
0
0
0
0
0
0
0
0
0
0
0
0
0
0
0
0
0
0
0
1
0
0
0
0
0
0
0
-1
0
1
0
-1
0
0
0
0
0
0
0
0
0
0
0
0
0
0
1
1
0
0
0
0
0
0
0
0
0
0
-1
0
-1
0
0
0
0
0
0
0
0
0
0
1
0
0
0
1
0
0
0
0
-1
0
0
-1
1
1
0
0
0
0
1
1
0
0
0
0
0
-1
0
0
0
0
0
0
0
0
-1
-2
0
0
0
0
1
0
0
0
-1
0
-1
1
0
0
1
-1
0
0
0
0
0
1
0
0
0
1
0
0
0
0
0
-1
0
0
0
0
0
0
-1
0
0
-1
0
0
0
0
0
0
0
0
0
1
0
0
0
0
0
0
1
1
0
0
0
-1
0
0
0
0
0
-1
0
-1
-1
0
0
0
0
0
0
1
2
0
0
0
0
-1
0
1
0
0
0
0
0
0
0
0
0
0
0
0
0
0
0
0
0
0
-1
0
0
-1
0
0
0
0
0
0
1
0
0
0
-1
0
0
0
0
0
0
0
0
0
0
0
1
0
0
0
0
-1
-1
0
0
1
1
0
0
0
0
0
0
-1
1
2
-1
0
0
0
0
-1
0
0
0
0
0
0
0
-1
-1
0
0
1
1
0
0
0
0
0
-1
0
0
0
0
0
0
0
0
0
1
0
0
0
0
0
-1
0
0
0
0
0
0
0
0
0
1
1
0
1
0
0
0
0
0
0
0
0
0
0
0
0
-1
0
0
0
0
0
-1
0
0
0
0
0
0
1
0
0
0
0
1
0
0
0
0
0
0
0
0
0
0
0
0
0
0
0
0
0
0
0
0
0
1
0
0
0
0
0
0
1
0
0
0
0
0
0
0
0
0
0
0
0
0
0
0
0
0
0
0
0
0
0
0
1
0
0
0
0
0
0
0
0
0
0
-2
0
0
0
0
0
0
0
0
0
0
0
0
0
0
0
1
0
0
0
0
0
0
0
0
0
0
0
-1
0
0
0
-1
0
0
0
0
-2
0
0
0
0
0
0
0
0
0
0
0
0
1
0
0
0
0
0
0
0
1
1
0
0
0
0
1
0
0
1
0
0
0
0
0
0
-1
0
0
0
0
0
0
0
0
0
0
0
0
-1
0
0
0
-1
0
0
0
1
0
0
1
0
0
0
0
1
1
0
0
0
0
0
0
0
0
0
0
0
0
0
1
1
1
0
0
0
0
0
0
0
0
0
-1
0
-1
0
0
0
0
0
0
0
1
0
0
0
0
0
0
-1
0
0
1
0
0
0
0
0
0
0
0
0
0
0
0
0
0
2
1
0
0
0
0
-1
0
0
0
0
0
0
0
0
-1
0
0
0
-1
0
0
0
0
1
-1
-1
0
0
0
0
0
0
0
-1
0
1
1
1
0
0
1
0
0
0
0
0
0
0
0
-1
0
0
0
0
0
0
0
0
0
-1
0
0
0
0
0
0
0
0
0
0
0
-1
0
0
0
0
0
0
0
1
0
-1
0
1
1
0
0
0
0
0
0
-1
0
0
0
-1
0
0
0
0
1
0
0
-1
0
0
0
0
0
0
0
-1
0
0
0
0
0
0
1
0
0
0
0
0
0
0
0
-1
-1
-1
0
0
0
0
0
0
0
0
0
0
0
0
0
0
0
-1
-1
0
0
0
0
0
0
0
0
-1
0
2
0
1
0
0
1
0
0
0
0
0
0
1
0
0
0
0
0
0
0
0
0
0
0
-1
0
0
0
0
1
0
0
0
0
0
-1
0
0
0
0
0
0
0
0
0
1
1
1
0
0
1
0
0
0
0
0
-1
-1
-1
-1
0
0
0
0
0
0
0
0
1
0
0
1
0
0
1
1
0
0
0
0
1
0
0
0
-2
-1
-1
0
1
0
0
-1
0
0
0
-1
0
0
0
0
1
1
1
0
0
0
0
-1
0
0
0
0
0
0
1
0
0
0
0
0
0
0
0
0
-1
0
0
0
0
0
0
0
0
0
0
0
0
0
0
0
0
0
0
0
-1
0
0
2
0
1
1
0
1
0
0
0
0
0
1
0
0
-1
0
1
0
0
-1
-2
-1
-1
-2
0
-1
-1
-3
-2
-2
0
-1
0
0
0
-1
0
0
0
0
1
1
1
1
1
1
1
1
3
1
0
0
1
0
0
0
0
0
0
0
0
1
0
1
0
0
0
0
0
0
0
0
-2
-1
0
-2
-2
-1
-3
-2
0
-1
-2
-1
0
-1
0
0
0
0
0
2
1
1
1
0
1
1
0
1
0
1
0
0
0
0
0
0
0
0
0
0
-1
-1
0
0
0
0
0
0
0
0
0
1
0
0
0
0
-1
0
0
0
0
0
0
1
1
0
0
0
0
0
0
0
0
0
1
0
0
0
0
0
0
0
-1
-1
0
0
0
1
0
0
0
0
0
0
0
-2
0
0
0
0
1
1
1
0
0
-1
0
1
-1
0
0
0
1
0
0
0
1
0
-1
0
0
-1
0
0
-1
0
0
-2
0
-1
0
0
0
0
0
0
0
0
0
0
-1
0
0
0
0
1
1
1
0
0
0
0
0
0
0
-1
0
0
0
0
0
0
0
1
0
0
0
0
0
0
0
0
0
0
0
0
0
0
1
0
0
0
0
0
0
0
0
0
0
0
0
0
0
0
0
0
0
1
0
0
0
0
0
0
0
0
0
0
0
0
0
0
0
0
-1
0
-1
0
0
0
0
-1
0
0
0
0
0
0
0
0
0
0
0
0
0
1
0
0
0
0
0
0
0
0
0
0
0
0
0
0
-1
-1
0
0
0
0
1
1
0
1
0
0
0
0
0
-1
0
0
0
-1
0
0
0
2
0
0
0
-1
0
0
0
0
-1
0
0
0
0
0
0
1
0
0
0
0
0
0
0
1
0
1
0
1
0
0
0
0
0
0
0
-1
0
0
-1
-1
0
0
0
0
0
0
0
0
0
0
1
1
1
2
0
0
0
-1
0
-2
-2
-3
-2
-1
-1
0
0
0
0
1
1
2
2
1
2
2
2
2
2
2
1
0
0
0
-1
-1
0
-1
0
0
0
1
1
-2
-5
-9
-14
-16
-17
-15
-10
-2
5
15
25
31
31
28
20
11
0
-9
-16
-21
-22
-22
-21
-17
-12
-6
0
3
9
10
12
12
12
8
3
0
-5
-9
-9
-8
-5
-1
4
10
14
15
15
14
13
8
4
-1
-8
-15
-20
-20
-19
-15
-12
-6
0
2
6
7
6
4
1
0
0
0
2
3
4
3
3
3
2
1
0
1
1
1
0
0
-1
-3
-2
0
0
0
0
2
2
1
2
2
1
0
-1
-2
-4
-4
-3
-3
-4
-5
-4
-2
-1
-1
0
1
2
4
5
6
7
7
6
3
0
-1
-4
-6
-6
-3
-1
1
2
1
1
1
0
-1
-1
-2
-3
-3
-2
-3
-2
1
4
4
5
4
3
0
0
0
-1
-2
-2
-2
-3
-2
-1
-1
1
3
3
5
5
5
2
2
1
-1
-3
-2
-5
-5
-5
-4
-3
0
-1
0
1
3
1
3
3
2
2
0
-1
-3
-4
-5
-2
0
1
2
3
5
5
5
5
2
2
0
-1
-2
-3
-3
-3
-4
-2
0
1
0
2
3
0
0
0
-3
-2
-2
0
0
-1
0
0
0
2
0
1
0
-1
-1
0
-1
0
1
1
0
0
1
0
0
1
0
0
0
0
-1
0
0
0
0
1
1
1
1
0
-2
-1
-1
-1
-3
-1
0
0
-1
0
0
0
0
1
0
0
0
0
0
1
0
0
0
0
0
0
1
2
2
1
0
0
1
1
0
0
0
-1
0
-1
-1
0
-2
-2
0
0
0
0
0
0
-1
0
0
0
0
0
0
0
0
0
1
0
0
0
1
0
0
1
0
1
-1
-1
-1
-1
0
-1
0
0
1
1
1
1
1
0
0
-1
-2
-2
-3
-2
0
0
0
2
1
1
1
1
0
0
-1
-1
-1
-1
0
0
1
0
0
0
0
1
0
0
0
0
0
-1
0
0
0
1
1
1
0
0
1
1
0
0
0
0
0
-1
0
0
0
0
0
0
-1
0
0
0
0
0
0
0
0
0
0
1
1
0
0
0
0
0
1
0
0
0
1
0
0
1
0
0
0
0
0
0
0
0
0
-1
0
0
0
0
0
0
0
0
0
0
0
0
0
1
0
1
1
0
0
0
1
0
0
0
0
0
0
0
0
0
0
0
0
0
0
0
0
0
0
0
0
1
0
0
0
0
0
0
0
0
0
0
0
0
0
-1
0
0
0
1
1
1
1
-1
0
0
0
-1
0
0
0
1
0
1
2
0
0
-1
-1
-1
-1
0
0
1
0
0
1
0
-1
0
0
-1
-1
0
0
0
0
-1
0
-1
0
0
0
0
0
1
1
0
1
0
0
-1
0
0
0
0
0
1
0
0
0
0
0
0
0
0
0
0
1
0
0
0
1
0
0
-1
0
0
0
0
0
0
0
0
0
0
0
-1
0
0
0
0
0
-1
0
0
0
1
0
0
0
0
0
0
0
0
0
0
1
0
0
0
0
0
0
0
0
0
0
0
0
-2
0
0
0
1
1
1
0
0
0
0
0
0
0
0
0
0
0
0
0
0
0
0
0
0
0
0
0
0
0
1
0
0
0
-1
0
0
0
0
0
0
0
0
0
1
0
0
0
0
1
0
0
0
0
0
0
0
0
0
0
0
0
0
0
0
0
0
-1
0
1
1
1
0
0
0
0
-1
0
0
-1
0
0
0
0
0
0
0
0
0
0
0
-1
0
0
0
0
0
1
1
0
0
0
0
0
0
0
0
0
0
0
0
0
0
0
0
0
-1
0
0
0
0
0
0
0
1
0
0
0
1
1
1
1
0
0
0
0
0
0
0
0
-1
-1
0
0
0
0
0
-1
1
0
0
0
-1
0
1
-1
0
0
1
0
0
0
0
0
0
0
0
0
0
0
0
0
0
1
1
0
0
0
-1
0
0
0
0
0
0
-1
0
0
0
0
0
0
0
0
0
0
0
0
0
-1
0
0
0
0
0
0
0
0
-1
0
0
0
1
0
0
0
0
0
-1
0
0
0
0
0
1
1
0
0
0
0
0
-1
0
0
-1
0
0
1
0
0
0
0
0
1
0
0
0
0
0
-1
-1
0
0
0
0
0
0
0
0
0
0
1
1
0
1
0
0
0
0
0
0
0
0
-1
0
0
0
0
-1
0
1
0
0
0
0
-1
0
1
0
0
0
0
0
0
0
0
-1
0
1
1
0
0
0
-1
1
0
-1
0
1
0
0
1
0
-1
0
0
0
1
0
0
-1
-1
0
-1
0
0
0
2
0
0
0
0
0
0
0
0
0
1
0
0
0
0
0
0
-1
-2
0
0
0
0
0
0
0
0
0
0
1
0
0
0
1
-1
0
0
1
0
0
0
0
1
0
0
0
0
0
0
0
0
0
0
0
0
0
0
0
0
0
0
0
0
0
0
0
0
0
0
-1
0
0
1
0
0
0
0
0
1
0
0
0
0
0
0
0
0
0
0
0
0
0
0
0
0
0
-1
0
0
0
0
0
0
0
0
0
-1
0
0
0
-1
0
0
0
0
0
0
0
0
0
0
0
0
0
0
0
0
1
0
0
0
0
0
0
1
0
0
0
0
0
0
0
0
0
0
0
0
-1
0
0
0
0
1
1
0
0
0
1
0
-1
0
0
0
0
0
0
0
0
0
0
0
0
0
1
0
0
-1
0
1
0
0
0
0
0
0
0
-1
1
0
0
0
0
-1
-1
0
0
0
0
0
0
1
0
0
0
-1
1
0
0
0
0
0
0
0
-1
0
0
0
0
0
0
0
0
0
1
0
0
0
0
1
0
0
0
0
0
0
0
1
-1
0
0
0
0
0
-1
0
0
-1
0
0
-1
0
0
0
0
0
0
0
0
0
0
0
0
0
0
0
0
1
1
1
0
0
0
0
0
0
0
0
0
0
0
0
0
0
-1
0
0
0
-1
0
0
-1
0
0
0
0
0
0
0
1
0
0
0
-1
0
0
0
0
0
1
0
0
0
0
0
1
0
0
0
0
1
0
0
1
0
0
0
0
0
0
0
-1
0
0
0
0
-1
0
0
0
0
0
0
0
0
0
0
-1
0
0
0
0
1
1
0
0
0
0
0
0
0
0
0
0
0
0
0
0
0
0
0
0
0
0
1
0
0
0
0
1
0
0
0
-1
-1
0
0
-1
0
0
0
0
0
0
0
0
0
0
0
0
1
0
0
0
1
0
0
0
0
0
0
0
0
0
-1
0
0
0
0
0
0
0
0
-1
0
0
0
0
0
0
0
1
0
0
0
0
0
0
0
0
0
0
0
0
1
0
0
-1
0
0
0
0
1
0
0
0
0
-1
-1
0
0
0
0
0
0
0
0
0
0
0
1
0
0
0
0
0
0
1
1
0
0
0
0
0
0
0
0
0
0
-1
1
0
0
0
0
-1
0
0
-1
0
0
0
1
0
0
0
0
0
-1
0
0
0
0
-1
-1
0
-1
0
1
0
0
0
0
0
0
0
1
0
0
1
0
0
1
0
0
0
0
0
0
0
0
-1
0
0
0
0
0
0
-1
0
1
0
0
0
-1
0
0
0
0
0
-1
0
0
0
0
0
0
0
1
-1
0
0
0
-1
-1
0
0
0
0
0
0
0
0
-1
0
0
0
0
0
1
0
0
1
0
0
0
0
-1
0
0
0
0
0
0
-1
0
0
0
0
0
0
0
0
0
1
0
0
1
0
0
0
1
0
0
0
0
0
0
0
0
0
0
0
0
0
0
0
-1
0
0
0
0
-1
0
0
-1
0
0
0
1
0
0
1
0
0
1
0
0
0
0
0
1
0
-1
0
0
0
0
0
0
0
0
0
0
0
0
0
0
0
0
0
0
0
0
1
0
0
0
0
0
0
0
0
0
0
0
0
0
0
0
0
0
0
0
0
0
0
0
0
0
0
-1
0
0
0
0
0
0
0
0
0
0
0
0
0
0
0
0
0
0
0
0
0
0
0
0
0
0
0
0
0
0
0
1
0
0
0
0
0
0
0
0
0
0
0
0
0
0
1
0
0
0
1
0
0
0
0
-1
0
0
0
0
0
0
0
0
0
0
0
0
0
0
0
0
-1
0
0
0
0
0
0
0
0
0
0
0
0
0
1
0
0
1
0
2
1
1
0
1
1
0
0
0
1
0
0
0
0
-1
0
-1
-2
-1
-1
0
-1
0
-1
0
-1
-1
-1
-1
-1
0
0
0
1
0
0
0
0
0
0
1
0
0
1
1
2
1
1
1
1
0
1
0
0
0
0
0
1
0
0
1
1
0
0
-1
0
-1
-1
-1
0
0
0
0
-1
-1
0
1
-1
-1
0
0
0
0
0
1
1
2
0
-1
0
1
0
1
0
0
0
0
0
0
0
0
-1
0
0
-1
0
0
-1
-1
0
0
0
-1
0
-1
0
-1
-1
0
0
0
0
0
0
-1
0
1
0
1
1
1
1
1
0
1
0
0
0
1
1
1
0
0
0
-1
0
0
0
0
0
0
0
-1
0
-1
0
0
-1
0
0
0
0
0
0
0
-1
0
0
0
1
1
0
2
1
0
2
0
0
0
0
0
0
0
1
0
0
0
-1
0
0
0
0
0
0
0
0
0
0
-1
-1
0
0
0
-1
0
0
0
0
0
0
0
0
0
0
0
0
0
0
0
0
0
0
0
0
0
0
0
0
0
-1
0
0
0
0
0
0
0
0
0
0
0
0
-1
0
0
0
0
0
1
0
0
1
1
0
0
0
0
0
0
0
-1
0
0
0
0
0
0
0
0
0
0
0
0
0
0
0
0
0
0
0
0
0
-1
0
0
0
0
0
0
0
1
0
0
1
0
0
0
0
0
0
-1
0
1
2
0
0
0
0
0
-1
0
-1
0
0
0
0
0
0
0
0
0
0
0
-1
0
1
0
0
0
0
-1
0
0
0
0
0
1
-1
0
0
0
0
-1
0
0
0
0
0
0
0
0
-1
0
0
0
0
0
0
0
0
0
0
-1
0
0
0
0
0
0
0
0
-1
0
0
0
1
0
0
0
-1
0
0
0
0
0
0
0
0
0
0
0
0
0
1
0
0
0
0
0
0
0
1
1
0
0
-1
0
0
0
0
-1
0
0
0
0
0
0
0
0
0
0
0
0
0
0
0
0
0
0
0
0
0
1
0
0
0
0
0
0
0
0
0
0
0
1
0
-1
0
0
-1
0
0
0
0
0
1
0
0
0
0
-1
-1
0
-1
0
0
0
0
1
0
-1
0
0
0
0
0
0
-1
0
0
0
0
1
0
0
0
1
0
0
0
0
0
0
0
0
0
0
0
0
1
0
0
0
-2
0
0
-1
0
0
0
-1
0
0
0
0
0
1
0
-1
0
1
0
0
0
0
1
1
0
0
0
0
0
1
0
0
1
0
-1
0
0
0
1
-1
0
0
0
0
0
0
0
0
-1
-2
0
0
0
0
0
0
0
0
0
0
0
0
0
0
0
0
0
0
0
0
0
0
0
1
0
0
-1
0
1
1
0
0
0
0
1
0
0
0
0
0
0
0
0
0
0
0
-1
0
1
0
0
0
1
0
0
-1
0
0
0
0
0
0
0
0
0
0
0
0
0
-1
0
0
0
0
0
0
0
0
0
-1
0
0
0
0
-1
-1
0
0
0
0
0
0
0
0
0
0
1
0
0
0
0
0
0
0
0
0
1
1
0
0
0
0
0
0
0
0
0
0
0
0
0
0
0
0
-1
0
0
0
0
0
0
-1
0
0
0
0
1
0
0
0
0
0
0
0
0
0
0
0
0
0
0
0
0
0
0
0
0
1
0
0
1
0
0
0
1
1
0
0
1
1
0
0
-1
0
0
0
0
0
0
0
0
0
0
0
0
0
0
-2
0
0
-1
0
0
0
0
-1
0
0
0
0
0
0
1
1
0
1
0
-1
1
0
0
0
0
0
1
0
0
0
0
0
0
0
0
0
0
0
0
0
0
-1
0
0
0
0
0
0
0
0
0
0
0
0
0
0
0
0
0
0
0
-1
0
0
0
0
0
0
0
0
0
1
1
0
0
0
0
0
0
0
0
0
0
0
-1
-1
0
-1
0
1
0
0
1
0
0
1
0
0
0
0
0
0
0
0
0
0
0
0
0
0
0
0
0
0
0
0
0
0
0
1
0
0
0
0
0
0
0
0
0
0
0
0
0
1
0
-1
-1
0
0
0
1
-1
0
-1
0
0
0
0
0
0
0
0
0
0
0
0
0
0
0
0
0
1
0
0
0
0
0
-1
0
0
-1
0
-2
0
0
0
-1
0
0
0
1
0
0
0
0
0
0
1
0
0
1
0
0
0
0
0
0
0
-1
-1
0
0
0
0
-1
0
0
0
0
0
-1
0
0
0
0
0
0
0
0
0
2
2
1
1
1
0
0
0
1
0
0
2
0
0
1
1
0
0
0
-1
-1
0
-1
-1
-1
-1
-1
-1
-2
-2
-2
0
-2
-2
0
0
0
0
0
0
0
0
0
0
0
0
0
1
1
1
1
0
1
2
0
0
1
1
0
1
0
1
0
0
0
-1
-1
-1
0
0
0
0
0
-1
-1
0
-1
-1
0
0
0
-1
0
1
0
0
0
0
1
0
0
0
0
0
0
1
1
0
0
0
1
0
0
0
0
0
-1
0
0
0
0
0
0
0
0
0
-1
-1
-1
0
0
0
0
0
0
0
0
0
0
1
0
0
0
0
0
0
1
0
0
0
0
1
1
0
0
0
0
0
0
0
-1
0
0
-1
-1
0
0
-1
0
0
0
0
0
0
0
0
0
0
0
1
1
0
0
-1
0
0
0
0
0
0
0
0
0
1
0
0
2
0
0
0
0
0
-1
-1
0
0
-1
-1
-1
-1
0
-1
0
0
0
-1
-1
1
0
0
0
0
1
1
0
0
1
1
0
0
1
0
0
-1
0
0
0
0
0
0
-1
-1
0
-1
0
0
0
0
0
0
0
0
0
0
1
0
0
0
0
0
-1
0
1
0
0
-2
0
0
0
0
0
0
-1
0
0
0
0
0
0
0
0
0
1
0
0
0
0
0
0
0
0
0
0
0
0
0
0
0
0
1
0
0
0
0
0
0
-1
1
0
0
0
0
0
0
0
-1
-1
0
0
0
0
0
0
0
0
0
-1
0
0
0
1
0
0
0
0
0
0
0
0
0
0
0
0
0
0
0
0
0
0
0
0
0
0
0
0
0
0
0
0
0
0
0
0
0
0
0
0
0
0
0
0
-1
0
0
1
2
0
0
1
0
-1
-1
0
0
0
0
-1
0
0
0
0
0
0
0
0
0
0
0
0
0
0
0
0
0
0
0
0
0
0
0
0
0
0
0
0
0
0
0
0
0
0
0
0
0
0
0
0
1
0
-1
0
0
0
0
0
0
0
0
0
0
0
0
0
0
0
0
0
0
0
1
0
0
0
0
0
1
1
0
0
0
0
0
0
0
0
0
0
0
0
0
0
0
0
0
0
1
0
0
0
0
0
0
1
0
-1
0
0
-1
1
0
0
-1
0
0
-1
0
-1
0
0
0
0
0
0
1
1
0
0
2
0
0
0
0
0
0
1
1
0
0
0
0
-1
0
-1
-1
0
0
0
1
0
-1
0
-1
-1
0
0
0
1
0
0
0
0
0
0
0
0
0
0
1
1
0
0
0
0
0
0
0
-1
0
0
-1
1
1
-1
-1
0
-1
-1
1
0
0
0
1
0
0
0
0
0
0
0
0
0
1
0
0
0
0
0
0
0
0
0
0
0
-1
0
0
0
0
0
0
0
0
0
0
0
0
0
0
0
0
0
0
0
0
0
0
0
0
0
0
0
0
0
0
0
0
0
0
0
1
0
0
0
0
0
0
0
0
1
0
0
0
0
0
0
0
0
0
0
0
0
-1
0
0
0
0
0
0
0
0
0
0
0
0
0
0
1
0
0
0
0
0
0
0
0
0
1
0
2
0
0
0
0
0
0
0
-2
0
0
0
0
0
0
-1
0
0
0
0
-1
1
0
0
0
0
0
0
0
0
-1
0
0
0
0
0
0
0
1
0
0
0
0
0
0
0
0
0
0
0
0
0
1
0
0
0
0
0
0
0
0
0
0
0
0
0
0
0
0
-1
0
0
0
0
-1
0
0
1
0
0
0
0
0
0
1
0
0
0
0
0
-1
0
0
0
0
0
0
0
0
0
0
0
0
0
0
0
0
0
0
0
0
0
0
-1
0
0
0
0
0
1
-1
-1
0
0
0
0
0
0
0
0
-1
0
0
2
1
0
0
0
0
0
0
0
0
0
0
0
0
0
0
0
0
0
0
0
0
0
0
0
0
0
0
0
0
0
0
0
0
0
0
0
-1
0
1
0
-1
0
0
0
0
0
0
0
0
1
0
0
1
0
0
0
1
0
0
0
0
0
0
0
1
0
0
0
-1
0
0
0
0
0
-1
0
0
0
0
0
0
0
0
0
0
0
0
0
-1
0
0
0
0
0
-1
1
0
0
0
0
0
0
0
0
0
0
0
0
0
1
0
0
0
0
0
0
0
0
-1
0
0
0
0
0
0
0
0
0
0
0
0
0
0
0
0
0
0
0
0
1
0
-1
0
0
1
0
1
0
0
0
0
0
0
0
-1
0
0
0
0
0
0
0
0
0
0
0
0
0
0
0
0
0
0
0
0
0
0
0
0
0
0
0
0
0
0
0
-1
-1
0
0
0
0
1
0
-1
0
0
0
0
1
1
0
0
0
0
0
0
0
1
0
-1
0
0
0
0
0
0
0
0
0
0
0
0
0
-1
0
0
0
0
0
0
0
0
0
0
-1
0
0
0
0
0
0
0
0
0
0
0
0
0
0
0
0
0
0
0
0
0
0
0
0
0
0
0
0
0
-1
0
0
0
0
0
0
0
0
0
0
0
0
0
0
0
0
0
1
1
0
0
0
-1
0
0
0
0
-1
-1
-1
0
0
0
0
0
0
0
0
0
0
0
0
0
0
0
0
0
0
0
0
-1
0
0
0
0
0
0
-1
0
0
0
0
0
0
0
0
0
0
0
0
-1
0
0
-1
0
0
0
0
0
0
-1
0
0
0
0
0
0
0
0
0
0
0
0
-1
0
1
0
0
0
0
0
0
0
0
0
0
0
1
0
0
1
0
0
0
0
0
1
0
0
-1
0
0
1
0
0
0
0
0
0
0
0
0
0
0
0
0
0
1
0
0
0
0
0
1
0
0
1
0
0
0
0
0
0
0
0
0
1
0
0
0
0
0
0
0
0
0
0
0
0
0
0
0
0
0
0
0
0
0
0
0
0
0
0
0
0
-1
0
0
0
0
0
0
0
1
0
-1
0
0
0
0
0
0
1
0
0
0
0
0
0
0
0
0
0
0
0
0
0
0
0
0
0
0
0
0
0
0
1
0
0
0
-1
0
0
0
0
-1
0
0
0
1
1
0
0
0
0
0
0
0
0
1
0
0
0
0
0
0
0
0
0
0
0
0
0
0
0
0
0
0
0
0
0
0
0
0
0
0
0
0
0
0
0
0
0
0
0
0
0
0
0
0
0
1
0
0
0
0
0
0
0
0
0
0
0
0
0
0
0
0
0
0
0
0
-1
0
0
0
0
0
0
0
0
0
0
-1
0
-1
0
0
0
1
0
0
0
0
0
0
0
0
0
0
0
0
0
-1
0
0
0
0
0
0
0
0
1
0
0
0
0
0
1
0
0
0
0
0
0
0
1
0
0
1
0
0
0
0
0
0
0
1
0
0
0
1
-1
0
0
0
0
-1
0
0
0
0
0
-1
0
0
0
0
0
0
0
0
0
0
-1
0
0
-1
0
0
0
0
0
0
1
0
0
0
0
0
0
0
0
0
-1
1
0
0
0
0
0
0
0
0
0
0
0
0
-1
0
0
0
0
0
-1
-1
0
1
1
-1
-1
0
1
-1
0
1
0
0
0
0
0
0
0
0
0
0
0
0
0
0
0
0
0
-1
1
0
0
0
0
0
1
0
-1
0
0
0
1
0
0
0
0
0
0
0
1
0
0
1
0
0
0
0
0
0
0
0
0
0
0
0
-1
0
0
0
0
0
0
0
0
0
0
0
0
0
0
0
0
0
-1
0
0
-1
1
0
0
0
0
0
0
0
1
0
-1
0
0
0
0
0
0
0
0
0
-1
0
1
0
0
0
1
0
0
0
0
0
0
0
0
0
0
0
-1
0
0
0
0
0
0
0
0
0
0
0
0
0
0
0
0
0
0
0
0
0
0
0
0
0
0
0
0
0
0
0
0
0
0
0
0
0
0
0
0
0
0
0
0
0
0
0
0
0
0
0
0
0
0
0
0
-1
0
0
0
0
-1
0
0
1
0
0
0
0
0
0
0
0
0
0
0
0
1
0
0
0
0
0
-1
0
0
0
0
1
0
0
0
0
0
0
0
0
1
0
0
0
0
0
0
-1
0
0
0
0
0
0
0
0
0
0
0
1
0
-1
0
0
0
0
-1
0
0
1
0
-1
0
0
0
0
0
1
0
0
0
0
0
0
-1
0
0
0
0
0
0
0
0
0
0
0
0
0
0
0
0
1
0
0
0
0
0
-1
0
0
0
0
0
0
0
0
1
1
0
0
0
0
0
0
0
0
0
0
0
0
0
0
0
0
0
0
0
0
0
0
-1
0
0
0
0
0
0
0
0
0
0
0
0
0
0
-1
0
0
0
0
0
0
0
0
0
-1
0
0
0
0
0
-1
0
0
0
0
0
0
0
0
0
0
0
0
0
0
0
1
0
0
0
0
0
0
0
0
0
0
0
0
0
0
0
0
0
1
0
0
0
0
0
0
0
0
-1
0
0
0
0
0
0
0
0
0
-2
0
1
0
0
0
0
0
0
1
0
1
0
0
0
0
1
1
1
0
0
0
0
0
-1
0
0
0
0
0
-1
0
0
-1
0
0
0
0
0
0
0
0
0
0
0
0
0
0
0
0
0
0
0
0
0
-1
0
0
0
0
0
0
0
0
0
1
0
0
0
1
0
0
0
0
0
-1
0
0
0
0
0
0
-1
0
1
0
0
0
0
0
0
0
0
0
0
0
0
0
0
1
1
0
0
0
0
0
0
0
0
0
0
0
0
-1
0
0
0
1
0
0
0
0
0
0
0
0
2
0
0
0
0
0
0
0
0
0
-1
0
0
0
0
0
-1
0
0
1
0
0
0
0
0
0
0
0
0
0
0
0
0
0
0
0
0
0
0
0
0
0
0
-1
0
0
0
0
0
0
0
2
0
0
0
0
0
0
0
0
1
0
0
0
0
-1
0
0
0
0
0
0
0
0
0
0
0
0
-1
0
1
0
0
0
0
0
0
0
0
0
0
0
0
0
0
0
0
0
0
0
0
1
0
0
0
0
-1
0
0
0
0
0
0
1
0
-1
0
0
0
0
0
0
0
0
1
0
0
0
0
0
0
0
0
0
0
1
0
0
0
0
0
0
-1
-2
0
2
0
0
0
0
0
0
-1
-1
0
0
0
0
0
1
0
0
0
0
-1
0
0
0
0
0
0
0
0
0
0
0
1
0
1
0
0
0
0
0
0
0
0
0
0
0
0
0
0
-1
0
0
0
-1
0
0
0
-1
0
0
0
0
0
1
0
-1
0
-1
-1
0
0
0
0
0
0
1
0
0
0
1
0
1
0
0
0
0
1
0
0
0
0
0
0
0
0
-1
0
0
1
0
0
0
0
-1
-1
0
0
1
0
0
0
0
0
0
0
0
0
0
0
0
-1
0
0
0
0
0
0
0
0
0
0
0
0
0
1
1
0
-1
0
0
0
0
0
0
0
0
0
0
0
0
0
0
0
0
0
-1
-1
0
-1
0
0
0
0
0
0
0
0
0
0
0
0
-1
0
0
0
-1
0
0
0
0
0
1
0
0
1
0
0
0
0
0
0
0
0
0
1
0
0
0
1
0
0
0
0
0
0
0
0
0
0
0
0
0
0
0
0
0
0
0
0
0
0
0
0
0
0
-1
1
0
-1
0
0
0
1
0
-1
0
0
0
0
0
0
0
0
0
0
0
0
-1
-1
0
0
0
0
0
0
-1
0
0
0
0
0
0
0
1
0
0
0
0
0
1
1
0
0
0
0
0
0
0
0
0
0
0
0
0
0
0
0
0
0
0
0
0
0
0
0
0
0
-1
0
0
0
0
0
0
0
0
0
0
0
0
0
0
0
0
0
0
0
0
0
0
0
0
0
0
0
1
0
-1
0
0
0
1
0
0
0
0
0
0
0
0
0
0
0
0
0
0
0
0
0
0
0
0
0
0
0
0
0
0
0
0
0
0
0
1
0
0
-1
0
0
0
0
0
0
0
0
0
0
0
0
0
0
0
0
0
0
0
0
0
0
0
0
0
0
0
0
0
0
0
0
0
0
0
0
0
0
0
0
0
0
1
0
0
0
0
-1
0
0
0
0
0
0
0
0
0
0
0
0
-1
0
0
0
0
0
0
0
0
0
0
0
0
0
0
0
0
0
0
0
0
0
0
0
0
1
0
0
0
0
0
0
0
0
0
0
-1
0
-1
0
0
-1
0
0
1
0
0
0
0
0
0
0
0
0
0
0
1
-1
0
0
0
0
0
0
0
0
0
0
0
0
0
0
0
0
0
0
0
-1
0
0
0
0
0
0
0
0
-1
0
0
0
0
0
0
0
0
0
0
0
0
0
0
0
0
0
0
0
0
0
0
0
0
1
0
0
0
0
0
-1
1
0
-1
-1
0
0
0
0
0
0
0
0
0
0
-1
0
0
0
0
0
0
0
0
0
0
0
0
0
0
0
0
0
0
0
0
0
0
0
1
0
0
0
0
0
0
0
0
0
0
0
0
0
0
0
0
0
0
0
0
0
0
0
0
0
0
0
0
0
0
0
0
0
0
0
0
0
0
0
0
1
0
0
0
0
0
-1
0
0
0
0
0
0
0
0
0
0
0
0
-1
0
0
0
0
0
0
1
0
0
1
0
0
0
0
0
0
0
0
0
0
0
0
0
0
0
0
0
0
0
0
0
0
0
0
0
1
0
-1
0
0
0
0
0
-1
-1
0
0
0
0
0
0
0
0
0
0
0
0
0
0
0
1
0
0
0
0
0
0
0
0
-1
-1
0
0
0
-1
0
0
0
0
0
0
0
-1
0
0
0
0
0
0
0
0
0
0
0
0
0
0
0
0
1
0
0
0
0
0
0
0
0
0
0
0
0
-1
0
0
0
0
0
1
0
0
1
0
0
0
0
0
0
0
0
0
0
0
1
0
0
0
0
0
0
0
0
0
0
0
0
0
0
0
1
0
0
0
0
1
0
0
0
0
-1
0
1
0
0
0
0
-1
0
1
0
0
0
0
0
0
0
0
1
1
0
0
0
0
0
0
-1
0
0
0
0
0
0
0
0
0
0
0
0
0
0
0
0
0
0
0
0
0
0
0
0
0
0
0
0
0
-1
1
0
-1
-1
0
2
0
0
0
0
0
0
0
0
0
0
1
0
0
0
0
0
0
0
0
0
0
0
-1
0
0
1
0
0
0
0
-1
0
0
0
0
0
0
0
0
0
0
0
0
0
0
0
0
0
0
0
0
0
0
0
0
0
0
0
0
0
-1
0
0
0
1
0
0
0
-1
0
0
0
0
-1
0
0
0
0
0
0
0
0
0
0
0
0
0
0
-1
1
0
0
0
0
0
0
2
0
0
0
0
0
0
-1
-1
0
0
0
0
0
0
0
0
0
1
0
0
0
0
0
0
0
0
0
0
0
0
0
0
0
0
0
0
0
0
0
0
0
1
0
0
0
0
0
0
0
0
-1
0
0
0
0
0
-1
0
0
0
1
0
0
0
0
1
1
0
0
0
-1
-2
0
0
-1
1
1
0
0
0
0
0
0
0
0
0
0
0
0
0
0
0
0
0
0
0
0
0
0
0
0
0
0
0
1
-1
0
0
0
0
0
0
0
0
0
0
1
0
0
0
0
1
0
0
0
0
0
0
0
0
0
0
0
0
0
0
0
-1
0
0
-1
0
0
0
0
0
-1
0
0
0
0
0
-1
1
1
0
0
0
0
0
0
0
0
0
0
0
0
0
0
0
0
0
0
0
0
0
0
0
0
0
0
1
0
0
0
0
0
0
0
0
0
0
0
1
0
0
0
0
0
0
0
0
0
0
0
0
0
0
0
0
0
-1
0
0
1
0
0
1
0
0
0
0
0
0
0
0
0
0
0
0
1
0
0
0
0
0
0
0
0
0
0
0
0
0
0
0
0
0
0
0
0
0
0
0
0
0
-1
0
0
0
0
0
0
0
0
0
0
0
0
0
0
0
0
0
0
0
0
0
0
0
0
0
0
0
0
0
0
0
0
0
0
0
1
0
0
0
0
0
0
0
0
0
0
0
0
0
0
0
0
0
0
-1
0
0
0
0
0
0
0
0
0
0
0
0
0
0
0
0
0
0
0
0
0
0
0
0
0
0
0
0
0
0
0
0
0
0
0
0
0
0
0
0
0
0
0
0
0
0
0
0
0
0
0
0
1
1
0
0
0
0
0
0
0
1
0
0
0
0
0
0
0
0
0
0
0
0
0
0
0
1
0
0
0
0
0
0
0
0
0
0
0
0
0
-1
0
1
0
0
-2
0
0
0
0
0
0
0
1
0
-1
1
0
0
0
0
0
0
0
0
1
0
0
0
0
0
-1
0
1
0
-1
0
0
0
0
-1
0
1
0
0
0
0
1
0
0
0
0
1
0
0
0
0
-1
0
0
0
0
0
-1
-1
0
0
-1
0
0
0
0
0
0
0
1
1
0
0
0
1
1
0
0
0
0
0
1
0
0
0
-1
0
0
0
0
0
0
0
-1
-1
0
0
0
0
0
0
0
1
0
0
0
0
0
0
0
0
0
0
0
0
0
0
0
0
0
1
1
0
0
0
0
0
0
0
0
0
0
0
0
0
-1
-1
0
0
0
-1
0
0
0
0
0
0
0
0
0
0
0
0
1
0
0
0
0
0
0
0
0
0
0
0
0
0
0
1
0
0
0
0
-1
0
0
-1
0
0
0
0
0
-1
0
0
0
0
0
0
0
0
0
0
0
0
0
0
0
0
0
0
1
0
0
0
0
0
0
0
0
0
0
0
0
0
0
0
-1
0
0
0
0
-1
-1
0
0
0
0
0
0
0
0
0
0
0
0
0
0
0
0
0
0
0
0
0
0
0
0
0
-1
0
0
0
0
0
0
0
0
0
0
1
1
0
0
0
0
0
0
0
0
0
0
0
0
0
0
0
0
0
0
0
0
-1
0
0
0
0
0
0
0
0
0
0
0
0
0
0
0
0
0
0
0
0
0
0
0
0
0
0
0
1
0
0
0
0
0
0
0
0
0
0
0
0
0
0
0
0
1
0
0
0
0
0
0
0
0
0
1
0
0
0
0
0
0
0
0
0
0
0
0
0
0
0
0
0
0
0
1
0
0
0
0
0
0
0
0
0
0
0
0
0
0
0
0
0
0
1
0
0
0
0
0
0
0
0
0
0
-1
0
0
0
0
0
0
0
0
0
0
0
0
0
0
0
0
0
0
0
0
0
-1
0
0
0
0
0
0
0
0
0
0
0
0
0
0
0
0
0
0
0
0
0
0
0
0
0
0
0
0
0
0
0
0
0
0
1
0
0
0
0
0
0
0
0
0
0
0
0
0
0
0
0
0
0
0
0
0
0
0
0
0
0
0
-1
0
0
0
0
0
0
0
1
0
0
0
0
0
0
0
0
0
0
0
0
0
0
0
0
0
0
0
0
-1
0
0
-1
0
0
0
-1
0
0
0
0
0
0
0
0
0
0
0
0
0
0
0
0
0
0
0
0
0
1
0
0
0
0
0
-1
0
0
0
0
1
0
0
0
0
0
0
0
1
0
0
0
-1
0
0
0
0
0
0
-1
0
1
0
-1
0
0
0
0
0
0
0
0
0
0
0
0
0
1
0
0
0
0
0
0
1
0
0
0
0
0
0
0
0
0
0
-1
0
0
0
0
0
0
0
-1
0
0
0
0
0
0
0
0
0
0
0
0
0
0
0
0
0
0
0
1
0
1
0
0
0
0
0
0
0
0
0
0
0
0
0
0
0
-1
0
0
0
0
0
0
0
0
0
0
0
0
0
0
-1
0
0
0
0
0
1
0
1
0
0
0
-1
0
-1
0
1
0
0
0
0
0
0
-1
0
1
0
0
0
-1
0
0
0
0
0
0
0
0
0
0
0
0
1
0
0
0
0
0
0
0
0
0
0
0
-1
0
1
0
0
-1
0
0
0
0
0
0
1
1
0
0
-1
0
0
0
0
0
-1
0
-2
-1
-1
0
1
0
0
0
0
0
0
0
0
0
0
0
1
0
0
0
1
0
0
0
0
0
0
0
0
0
0
-1
0
0
0
0
0
0
0
0
-1
0
1
0
0
0
0
0
0
0
0
0
0
0
0
0
0
1
0
1
1
0
0
0
1
0
0
0
0
0
0
0
0
0
0
0
0
-1
0
0
0
0
0
0
0
0
0
0
0
0
0
1
0
0
-1
0
0
0
0
0
0
-1
0
1
-1
0
0
0
0
1
0
1
1
1
1
0
0
0
0
0
0
0
0
0
-1
0
-1
0
0
0
-1
-1
-2
-1
1
0
0
0
-1
1
2
0
1
1
0
1
1
0
0
0
0
0
0
0
0
0
0
0
0
0
-1
0
0
0
0
0
-1
0
-1
0
0
0
0
0
1
0
0
0
0
1
0
0
-1
0
0
-1
0
0
0
-1
-1
0
0
0
0
1
0
0
0
0
1
1
0
2
0
0
0
0
0
0
0
0
-1
-1
0
0
0
0
-1
0
-1
-1
0
0
0
0
0
0
0
0
0
0
0
0
0
1
0
0
0
0
0
0
0
0
0
0
0
0
0
0
0
0
0
0
0
0
0
1
0
0
1
0
0
0
0
0
0
0
0
0
0
0
0
-1
-1
0
1
0
0
0
0
0
0
0
0
0
0
0
0
0
0
0
0
0
-1
0
0
1
0
0
0
1
1
0
0
0
0
0
0
1
0
0
0
0
1
0
0
0
0
-1
0
0
0
0
0
0
0
0
0
1
0
0
0
0
0
0
0
0
0
0
0
0
0
0
0
0
0
0
1
0
0
1
0
0
0
0
-1
0
0
0
0
0
0
0
0
-1
0
0
0
0
0
0
0
0
0
0
0
0
0
0
0
0
1
1
0
0
0
0
-1
0
0
-1
0
0
0
0
0
0
0
0
0
0
0
0
0
0
0
0
0
0
0
0
1
0
0
0
0
0
0
0
0
0
0
0
0
0
0
0
0
1
-1
0
0
-1
0
0
0
-1
0
0
-1
0
0
0
0
0
0
0
0
0
0
0
0
1
0
0
0
0
1
0
-1
-1
0
0
0
0
-1
0
0
0
0
-1
0
0
0
0
0
0
0
0
0
0
1
0
0
0
0
0
0
0
0
0
0
0
0
0
0
1
0
-1
0
0
0
0
0
0
1
0
0
2
1
0
0
0
0
0
0
0
0
0
0
0
0
0
0
0
-1
0
0
0
0
0
0
0
0
-1
-1
0
0
0
0
0
0
0
0
1
0
0
1
0
1
0
0
0
0
0
0
0
0
0
0
0
0
0
-1
-1
0
0
0
0
0
0
0
0
0
0
-1
0
0
-1
0
1
0
0
0
0
0
0
0
0
0
0
0
0
0
0
0
0
0
1
0
-1
0
0
0
0
0
0
0
0
0
0
0
0
0
0
0
0
0
-1
0
0
0
0
0
0
0
0
0
0
0
0
0
0
1
0
1
0
-1
0
0
0
-2
0
0
-2
0
0
0
0
0
0
-1
0
0
0
0
0
0
0
0
0
0
0
0
0
0
0
0
0
0
0
1
0
0
0
0
0
1
1
0
0
-2
0
0
0
1
0
1
0
0
-1
-1
0
0
0
0
0
0
1
0
-1
0
0
0
0
0
0
0
1
0
0
0
-1
0
0
-1
0
1
0
0
0
0
0
0
0
1
0
0
0
-1
0
1
0
0
0
0
-1
-1
0
0
0
0
0
0
0
0
-1
0
0
0
-1
0
-1
1
0
0
0
0
0
0
0
0
0
0
0
0
0
0
0
0
0
-1
-1
0
0
0
0
0
0
0
0
0
1
1
0
0
1
0
0
0
0
0
-2
-1
0
0
0
0
0
0
0
-1
0
-1
-1
0
0
1
0
0
0
0
-1
0
-1
0
0
0
0
0
0
0
0
0
0
0
0
0
0
0
0
0
0
0
0
0
0
0
-1
0
0
0
0
0
0
0
0
0
0
0
0
0
0
0
0
0
0
0
-1
0
0
0
1
0
0
0
1
0
0
0
0
0
0
0
0
0
0
0
0
0
0
0
0
0
1
0
0
0
0
0
0
0
0
-1
0
0
0
0
0
0
0
0
0
0
0
0
-1
0
0
0
0
0
0
0
1
3
0
0
0
0
0
0
0
-1
0
0
0
1
0
1
0
0
0
0
0
-1
-1
-1
0
0
0
0
0
0
1
1
0
0
1
0
0
0
0
0
1
0
0
0
0
0
0
1
0
0
-1
0
0
-1
0
0
0
0
-1
0
1
0
0
0
0
0
0
0
0
0
0
0
0
0
0
0
0
0
0
0
0
0
0
-1
0
0
0
0
0
0
0
0
0
0
0
0
0
0
0
0
-1
0
1
0
0
1
0
0
0
0
0
0
0
0
0
0
0
0
0
0
0
0
0
0
0
0
0
-1
0
0
0
-1
0
0
-1
0
1
0
0
0
0
-1
0
0
0
0
0
0
0
0
0
0
0
0
0
0
0
0
-1
0
1
0
0
0
-1
0
0
0
0
0
0
0
0
0
0
0
0
0
-1
0
0
1
0
0
0
1
0
0
1
0
0
0
0
0
1
0
0
1
0
0
0
-1
0
0
0
0
0
0
-1
0
0
-1
0
0
0
0
0
0
1
0
0
0
0
0
0
0
1
0
0
0
0
0
-2
0
0
0
0
0
0
0
0
0
0
0
0
0
0
1
0
0
0
0
0
0
0
0
0
0
0
0
0
-1
0
0
0
0
0
-1
-1
0
0
0
0
-1
0
0
0
0
0
0
0
0
0
1
0
0
1
0
0
0
0
1
0
0
0
0
0
0
0
0
0
0
0
0
0
0
0
0
0
0
0
-1
0
0
0
0
0
0
0
0
0
0
0
0
0
0
0
0
0
0
0
0
0
0
0
0
0
0
0
1
0
0
0
0
0
0
0
0
0
0
0
0
0
0
0
0
0
0
-1
0
-1
0
0
0
0
0
0
0
0
0
0
0
0
-1
0
0
0
0
0
0
0
0
1
0
0
0
0
0
0
0
0
0
0
0
0
0
0
0
1
-1
0
0
0
0
0
0
0
0
0
0
0
0
0
1
0
0
0
0
0
1
0
0
0
0
0
0
0
0
0
0
0
0
0
0
0
0
0
0
0
0
0
0
0
0
0
0
0
0
0
0
0
0
0
0
0
0
0
0
0
0
0
0
0
0
0
0
0
0
0
0
0
0
0
1
0
0
0
0
0
0
0
0
0
0
0
0
0
0
-1
0
0
0
0
-1
-1
0
0
-1
0
0
0
0
0
0
-1
-1
0
0
0
0
0
0
0
0
0
1
1
0
0
0
0
0
1
0
0
0
0
0
-1
0
0
0
0
0
-1
0
0
0
0
0
0
0
0
0
0
0
0
0
0
0
0
0
-1
0
0
0
0
0
0
0
0
0
0
0
0
0
0
0
1
0
0
0
0
0
0
1
0
0
0
0
-1
0
0
0
0
0
0
0
1
0
0
0
0
0
1
0
0
0
0
0
0
0
0
0
0
0
0
0
-1
0
1
0
0
1
0
-1
0
0
0
0
0
0
0
-1
0
0
0
0
-1
0
0
0
0
0
0
0
0
1
0
0
0
0
0
0
0
0
0
0
0
0
0
0
0
0
0
0
0
0
1
0
-1
-1
0
1
0
0
0
0
0
0
0
0
1
0
0
-1
0
0
0
0
0
0
0
0
0
0
0
0
0
0
-1
0
0
0
0
0
0
0
0
0
0
0
0
0
-1
0
0
0
0
0
0
0
0
0
0
0
0
0
0
0
0
0
0
0
0
1
0
0
0
0
0
0
0
0
0
0
-1
0
0
0
0
1
0
0
0
0
0
0
0
0
0
0
0
0
0
0
0
0
0
0
0
0
0
0
0
0
0
0
0
0
0
0
0
0
0
0
0
-1
0
0
0
0
0
0
0
0
-1
0
1
2
0
0
1
0
0
0
0
0
0
1
-1
-1
0
0
0
-1
0
0
0
0
0
0
0
1
0
0
0
1
0
0
0
0
0
0
0
0
0
-1
0
0
0
0
0
0
0
0
0
0
-1
0
0
0
0
0
0
0
0
0
0
0
0
0
-1
0
0
0
0
0
0
0
0
0
0
1
0
1
0
0
0
0
0
0
-1
0
0
0
0
0
0
0
0
0
0
0
0
-1
-2
0
0
0
0
0
1
0
0
1
0
0
0
0
0
0
0
0
0
0
0
0
0
0
0
0
0
0
-1
-2
0
-1
-1
0
0
0
0
0
0
0
0
0
0
0
-1
0
-1
-1
0
0
1
1
1
2
1
2
0
0
1
0
0
0
0
0
0
-1
-1
-2
-1
-1
0
1
0
0
0
0
0
-1
-1
0
0
0
0
0
0
0
0
0
0
0
0
0
0
1
0
-1
0
0
0
0
-2
0
0
0
0
0
0
-1
0
0
0
0
0
0
1
0
-1
0
0
0
0
0
0
0
0
0
0
0
0
0
0
1
1
0
0
0
0
0
-1
-1
0
-1
-1
-1
-1
0
0
0
1
1
0
0
0
0
0
0
0
0
0
0
0
0
0
0
0
0
0
0
0
0
0
0
1
1
1
1
1
0
0
0
-1
-1
-2
-1
-1
-1
0
0
-1
0
0
0
0
0
0
1
0
0
0
1
0
1
0
1
0
0
1
0
0
0
0
0
0
-1
-1
0
-1
-1
-1
-1
-1
0
0
0
0
0
0
0
0
1
1
0
0
0
0
0
1
0
0
0
0
0
1
0
0
0
1
0
0
-1
0
0
-1
-2
-1
-1
0
-1
0
0
0
0
1
0
0
1
1
1
0
0
1
0
0
1
0
0
-1
-1
1
0
0
0
0
0
0
0
0
0
0
0
0
0
0
0
0
0
0
0
0
0
0
0
0
0
0
0
0
0
0
0
1
0
0
0
0
0
1
0
1
1
1
1
0
0
-1
0
0
0
0
-1
0
-1
-1
0
0
0
0
0
-1
0
0
0
0
0
0
-1
0
0
0
0
0
0
0
0
1
1
0
0
0
1
1
1
0
1
0
0
0
0
0
0
0
0
0
0
0
0
0
0
0
0
0
0
0
0
0
-1
0
0
-1
0
0
-1
-1
0
0
0
0
0
-1
0
0
1
0
0
0
0
0
1
1
2
1
2
2
2
2
2
1
1
1
1
-1
0
0
0
0
-1
-1
-2
0
-1
-2
-1
0
-2
-2
-2
-2
-3
-3
-3
-2
-1
-4
-3
-2
-1
0
0
0
0
1
3
4
5
5
6
6
6
6
6
6
6
6
2
1
0
0
0
-3
-3
-5
-4
-4
-6
-4
-5
-4
-4
-4
-2
-1
0
1
2
2
1
3
3
3
3
1
2
0
0
0
-1
-1
-3
-3
-2
-3
-2
-2
-2
-2
0
0
0
0
1
2
2
1
1
3
2
3
1
1
1
0
0
0
0
0
-1
-1
-1
-1
0
0
0
-1
-1
0
0
0
0
0
1
1
1
1
1
0
0
0
0
0
0
0
0
0
-1
-1
-1
0
0
-2
0
0
-1
0
0
0
0
0
0
2
0
1
1
0
0
0
0
0
0
0
0
0
0
0
0
0
0
1
0
0
0
0
0
0
0
0
0
0
-1
0
0
0
0
0
0
0
0
0
0
0
0
0
0
0
1
0
0
0
0
0
0
1
0
0
0
0
0
0
0
0
0
0
0
0
0
0
0
0
-1
0
-1
0
0
0
0
0
0
0
0
0
0
0
0
1
0
-1
0
0
0
0
0
0
0
0
0
0
0
0
0
0
0
0
0
0
0
0
0
0
-1
0
0
0
-1
0
0
0
0
0
0
0
0
0
0
0
0
0
0
0
0
0
1
0
0
0
-1
0
0
0
0
0
0
0
0
0
0
1
0
0
0
0
0
0
0
0
0
0
0
0
-1
0
0
0
0
0
0
0
0
0
1
0
1
0
1
1
1
0
0
0
0
0
-1
-2
-1
0
0
-2
-2
-1
0
0
0
0
0
0
1
2
0
1
0
1
1
-1
0
0
0
0
-1
0
0
0
0
0
0
0
0
0
0
-1
-1
0
0
1
0
0
0
0
0
0
0
0
0
0
1
0
-1
0
0
0
0
0
0
1
0
1
1
0
0
0
0
0
-1
-1
0
0
0
0
-1
0
0
1
0
-1
0
0
0
0
0
0
0
0
0
0
1
0
0
1
1
2
0
0
0
0
0
0
0
0
-1
1
0
0
0
0
1
0
1
0
0
0
0
0
-2
0
0
0
0
-1
0
0
0
0
0
0
0
-1
0
0
0
0
1
0
0
0
-1
0
0
0
0
0
0
1
0
0
1
1
1
1
0
0
0
0
-1
-1
0
0
0
0
0
0
0
0
1
0
0
0
0
0
0
0
0
-1
0
0
0
0
0
0
0
0
0
0
-1
0
-1
0
0
0
0
0
0
0
0
1
0
1
0
0
0
-1
0
0
0
0
0
0
-1
0
0
0
0
-1
0
0
0
0
0
0
0
0
0
0
1
0
0
0
0
0
0
0
0
0
0
-1
0
0
0
0
0
0
0
0
0
0
0
-1
0
0
0
0
0
0
0
0
0
0
0
0
0
0
0
0
0
0
0
1
0
0
0
0
0
1
0
0
0
0
0
0
0
0
0
0
0
0
0
-1
0
0
0
-1
-1
0
-1
0
0
-1
0
-1
0
0
0
-1
0
0
0
1
0
0
0
0
0
1
1
1
1
0
1
2
1
0
0
0
0
0
0
0
0
-1
-1
-1
0
0
0
0
0
0
0
1
0
0
0
-1
0
0
-1
-1
-1
0
-1
-1
0
0
0
0
0
0
0
0
0
0
0
0
1
1
2
0
0
1
0
0
0
0
1
0
0
0
-1
0
0
0
0
-1
-1
0
0
0
0
0
0
0
0
0
0
0
0
0
0
0
0
1
0
0
0
0
1
0
0
0
0
0
0
0
0
0
-1
0
0
0
0
0
0
0
-1
0
0
0
0
0
0
0
-1
-1
0
0
0
-1
0
0
0
0
0
0
1
1
1
1
0
1
0
0
0
0
0
0
0
0
0
0
-1
-1
0
-1
-1
-1
-1
-1
0
0
0
0
0
0
1
0
2
1
1
0
1
0
0
0
0
0
0
0
0
-1
0
0
0
0
0
0
0
-1
-2
-2
-1
0
0
0
0
0
0
0
0
0
1
1
1
2
0
0
0
0
0
0
0
0
0
-1
-1
0
0
0
0
0
0
0
-2
-1
0
0
0
0
0
0
0
0
0
-1
0
0
0
0
0
0
0
0
0
0
0
0
0
0
0
1
0
0
1
2
0
1
1
0
0
0
-1
0
0
-1
0
-1
-1
0
0
0
0
0
0
0
0
0
-1
0
0
0
0
0
0
-1
0
0
1
0
0
0
0
1
0
0
0
0
0
1
0
0
0
0
0
0
0
0
0
0
0
0
0
0
0
0
0
0
0
0
0
-1
0
0
0
0
0
0
0
0
0
0
0
0
0
0
0
0
0
0
1
0
0
0
0
0
0
0
0
0
-1
0
-1
0
1
1
0
0
0
0
0
0
1
0
0
0
0
0
0
-1
0
0
0
-1
-1
-1
0
0
0
0
0
0
0
0
0
1
1
0
0
0
0
0
0
0
0
0
0
0
0
0
-1
0
0
0
0
0
0
0
-1
0
0
0
0
0
0
0
0
0
-1
0
0
0
1
0
0
0
0
-1
-1
0
-1
0
0
0
0
0
0
0
0
1
0
0
0
0
0
0
0
0
0
0
0
0
0
0
0
0
0
0
-1
0
-1
0
0
0
0
1
0
0
1
0
0
1
0
0
0
0
1
0
0
0
0
0
0
0
0
0
0
0
0
0
0
1
0
0
0
0
0
0
0
0
0
0
0
0
-1
0
-1
-1
0
0
0
-1
0
0
0
0
0
1
0
0
0
0
0
0
0
0
-1
0
-1
0
-1
0
2
0
0
1
0
0
1
1
0
0
0
0
1
0
0
0
0
0
0
1
0
-2
0
0
0
0
0
0
-1
0
0
0
0
0
0
0
0
0
0
0
0
0
1
0
0
0
0
1
0
0
0
0
0
0
1
0
0
0
0
0
0
0
0
0
0
0
0
0
0
0
0
0
0
0
0
0
0
0
0
0
0
0
0
0
-1
0
0
0
0
0
0
0
1
0
0
1
0
0
1
0
-1
0
0
0
0
0
0
0
0
0
0
-1
0
0
0
0
0
0
0
0
0
0
-1
0
0
0
0
0
0
0
1
2
0
0
0
0
0
0
0
0
0
0
0
0
0
0
0
1
0
-1
0
0
0
0
-2
0
0
0
0
0
0
0
0
0
0
0
0
0
0
0
1
0
1
0
0
0
0
0
0
-1
0
0
-1
0
0
0
0
1
0
0
0
0
0
0
0
0
0
0
-1
0
0
0
0
0
0
0
0
0
0
0
0
0
0
1
0
0
-1
0
0
0
0
0
0
0
0
0
0
0
0
0
0
0
0
0
0
0
0
0
0
0
0
0
0
-1
0
0
0
0
0
0
0
0
0
0
0
0
0
0
0
0
0
0
0
0
0
0
0
0
0
0
0
0
0
0
1
0
0
0
0
0
1
0
-1
0
0
0
1
0
0
1
0
0
0
0
0
0
0
0
0
1
-1
0
0
-1
0
0
-1
0
0
0
0
0
0
0
0
0
0
-1
0
0
0
0
0
0
0
0
0
0
0
1
0
0
0
0
0
0
0
0
0
1
0
0
1
0
0
0
0
1
0
-1
0
0
-1
0
0
0
0
1
0
0
0
0
0
0
0
0
1
0
-1
0
-1
0
0
0
0
0
0
0
0
0
0
1
0
0
1
0
0
0
1
0
0
0
0
0
0
0
0
0
-1
0
0
0
0
0
0
0
0
0
0
0
-1
0
0
0
1
0
0
0
0
0
0
0
0
0
0
0
0
0
0
0
0
0
0
1
0
0
0
0
0
0
0
-1
0
0
0
0
0
0
0
0
0
0
0
0
1
0
0
1
-1
0
0
0
0
-1
0
0
0
0
0
0
0
0
0
0
0
-1
0
0
-1
0
0
0
0
0
0
0
0
0
0
1
0
0
0
0
0
0
0
0
1
0
0
0
0
0
0
0
0
0
0
0
0
0
0
-1
0
0
-1
0
0
0
0
0
0
0
0
0
0
0
0
0
-1
0
0
0
0
0
1
0
0
0
0
0
0
0
0
0
0
0
0
0
0
0
0
0
0
0
0
0
0
1
0
-1
0
0
0
0
0
0
0
0
-1
0
0
0
0
0
1
0
0
0
-1
0
0
0
0
0
0
0
0
0
1
0
0
0
-1
0
0
0
0
0
0
0
1
0
-1
0
0
0
0
0
-1
0
0
0
0
0
1
0
1
0
0
-1
0
0
0
0
0
0
0
0
0
-1
0
0
0
0
0
0
1
1
0
0
0
1
0
0
1
0
0
0
0
-1
-1
0
0
0
0
0
-1
0
0
0
-1
0
0
0
0
0
0
0
1
0
0
-1
0
0
0
1
1
0
0
0
0
0
0
1
0
0
0
0
0
0
0
0
0
0
0
0
0
0
-1
0
0
0
0
0
0
0
-1
0
0
0
0
0
-1
0
1
0
-1
0
0
0
0
0
0
0
0
0
0
0
0
0
0
1
0
0
0
0
0
0
0
0
0
0
0
0
0
0
-1
0
0
0
0
-1
0
0
0
0
1
0
0
0
0
0
0
0
0
0
0
0
0
0
0
0
0
0
0
0
0
0
0
0
0
0
0
0
0
0
-1
-1
0
0
0
0
-1
-2
-1
-1
-2
0
0
-1
0
0
0
0
0
1
1
1
0
2
1
1
2
1
1
1
1
0
1
0
0
1
0
1
0
0
-1
0
0
0
0
0
0
0
-2
-2
-2
0
-1
-1
0
-1
-1
-1
0
0
-2
-1
1
0
0
1
0
0
1
1
0
1
1
0
0
1
1
0
0
1
0
1
0
-1
0
0
0
0
-1
0
0
0
0
-1
-1
0
0
0
0
0
-1
0
0
0
0
0
0
0
0
0
0
1
0
0
0
0
1
0
0
1
0
-1
0
0
0
0
0
0
0
0
0
0
0
0
-1
0
0
0
0
-1
0
0
0
0
0
1
0
0
0
0
0
1
0
0
0
0
1
0
0
0
0
-1
1
0
-1
0
-1
0
0
0
0
0
0
0
0
0
0
0
0
-1
0
0
-1
0
0
0
-1
0
0
0
0
0
0
0
0
0
0
0
0
0
0
0
0
0
0
1
0
0
0
0
0
0
0
-1
-1
0
0
-1
0
0
0
0
0
1
0
0
0
-1
0
0
0
0
1
0
0
1
1
1
0
0
0
0
0
0
0
0
0
0
-1
0
0
0
0
0
-1
1
0
0
0
0
0
-1
0
0
0
0
0
0
0
0
-1
0
0
0
0
0
1
0
0
0
0
1
1
1
0
0
1
0
0
0
0
1
0
0
0
0
0
-1
-1
-1
0
0
0
0
0
0
0
0
0
0
1
0
0
0
0
0
0
0
0
0
0
0
0
-1
0
0
0
0
0
0
-1
1
0
0
0
0
0
0
0
1
0
0
1
0
0
0
0
0
-1
0
0
0
0
0
0
0
0
0
-1
0
1
0
-1
-1
0
1
0
0
0
1
0
0
0
0
0
0
0
-1
-1
0
0
0
0
0
1
0
0
0
1
0
0
0
-1
-1
0
0
-1
0
0
-1
0
0
0
0
0
0
-1
0
0
1
0
0
0
1
0
0
0
1
1
0
0
0
0
2
1
0
0
0
1
0
0
0
0
0
-1
-1
-1
0
0
0
-1
-2
-1
-1
-2
-1
-1
0
-1
0
0
0
0
0
1
0
0
1
0
2
2
2
1
1
2
2
1
0
0
1
1
0
0
0
0
0
0
-1
0
0
0
-1
0
0
0
-1
-2
-2
0
-1
-1
-2
-3
-1
-2
-1
-1
-1
0
0
0
0
0
0
1
1
1
2
1
2
1
0
2
0
0
1
1
0
0
1
0
-1
0
0
0
0
-1
0
0
0
0
-1
-1
0
0
0
-1
-1
0
-1
0
0
0
0
0
0
0
1
0
1
0
1
0
0
1
0
0
1
0
0
0
1
0
0
0
0
0
0
0
0
0
0
0
-1
-1
0
0
0
0
-1
0
0
0
0
0
0
-1
0
1
0
0
0
1
0
0
0
0
0
0
0
0
0
1
0
0
0
0
0
0
0
0
-1
0
0
0
0
0
0
-1
0
0
0
0
0
0
0
0
0
0
0
0
0
0
0
0
0
0
0
0
0
0
0
0
0
0
0
0
0
0
0
0
0
0
0
0
-1
-1
0
0
0
0
0
0
0
0
0
0
0
0
0
0
0
0
0
0
0
0
0
0
0
0
0
0
0
0
0
-1
0
0
0
0
0
0
0
0
0
0
0
0
0
0
0
0
0
0
0
0
0
0
0
0
0
1
0
0
0
0
0
0
-1
0
0
0
0
0
0
0
0
0
0
-1
0
0
0
1
0
0
1
0
-1
0
0
0
0
0
0
0
0
0
0
0
0
0
0
0
0
0
0
0
0
0
0
-1
0
1
0
0
0
0
0
0
0
0
0
0
0
0
0
0
0
0
0
0
0
0
0
0
0
0
0
0
0
0
0
0
1
0
0
0
0
0
0
1
0
0
2
0
0
0
0
0
0
-1
0
0
0
0
0
0
0
0
0
0
0
0
0
0
0
0
0
0
0
0
0
0
1
0
0
0
0
0
0
0
-1
0
-1
0
0
1
0
1
1
0
0
0
0
0
0
0
0
0
0
0
0
0
0
0
0
0
0
0
0
0
0
0
0
-1
0
0
0
0
0
0
0
1
0
0
0
0
0
0
0
-1
0
0
0
0
0
0
0
0
0
0
1
1
0
0
0
0
0
0
0
0
0
0
0
0
0
-1
0
0
-1
0
0
0
0
0
0
1
1
0
0
0
0
1
0
0
0
0
0
0
0
0
0
-1
0
0
0
0
0
0
0
0
0
0
0
0
0
0
0
0
0
0
0
1
0
0
0
-1
0
0
0
0
-1
0
0
-1
0
0
-1
0
0
0
0
0
0
0
1
0
0
0
0
0
0
0
0
0
0
0
0
0
0
0
0
0
0
0
0
-1
-1
0
0
0
0
0
-1
-1
0
0
0
0
0
0
0
1
0
0
1
0
0
0
0
0
0
0
0
0
0
0
0
0
0
0
0
0
0
0
0
0
0
0
0
0
0
-1
0
0
0
0
0
0
0
0
0
-1
0
1
0
0
0
0
1
1
1
0
0
0
0
1
0
0
-1
1
0
1
0
-1
-1
0
0
0
0
-1
0
0
0
0
-1
0
0
0
0
0
0
0
0
0
0
0
0
-1
0
0
0
0
0
0
0
0
0
1
1
0
0
0
0
0
0
-1
0
0
0
0
1
1
1
0
0
0
0
0
0
0
0
0
0
0
0
0
0
0
0
0
-1
0
0
0
0
0
0
0
0
1
0
0
0
0
0
0
0
0
0
0
0
0
0
0
0
0
0
0
0
0
0
0
-1
0
0
0
0
0
0
-1
1
0
0
1
0
0
0
0
0
0
1
1
0
0
0
0
0
-1
0
0
0
0
0
0
0
0
0
0
0
0
0
0
-1
0
0
0
1
0
-1
0
0
0
0
0
0
0
0
0
0
-1
0
0
0
0
0
1
0
0
0
0
0
0
0
1
0
0
0
0
0
1
0
0
0
-1
0
0
0
0
0
0
0
0
0
0
0
0
0
-1
0
0
0
0
0
0
0
0
0
0
0
0
0
0
0
0
0
0
0
0
0
0
1
0
0
0
0
0
-1
0
0
0
0
-1
0
0
0
0
0
0
0
1
0
0
0
0
0
0
0
0
0
0
0
0
0
0
0
0
0
1
0
0
0
0
0
0
0
0
1
0
0
0
0
1
0
0
0
1
0
-1
0
0
0
0
0
0
0
0
0
0
0
0
0
0
0
0
0
0
0
0
0
0
0
0
0
1
0
0
0
0
0
0
0
0
0
-1
0
0
0
0
0
-2
-1
-1
0
0
0
0
0
0
0
0
0
0
0
0
0
1
0
0
1
0
0
0
1
0
0
0
0
1
0
0
0
0
0
0
0
1
0
0
-1
0
0
0
0
0
0
0
0
0
0
0
0
0
0
0
0
0
0
0
-1
0
0
0
0
0
0
0
0
0
1
0
-1
0
1
0
0
0
0
0
0
0
0
0
0
0
0
0
0
0
0
0
0
0
0
0
0
0
1
0
0
0
0
0
0
0
0
0
0
0
0
0
0
0
0
0
0
0
0
0
0
0
0
0
0
1
0
0
0
0
0
0
0
-1
-2
0
0
0
0
0
1
0
-1
0
0
0
0
0
0
0
0
0
1
0
0
0
0
1
0
0
0
0
0
1
0
0
1
0
0
0
0
0
0
0
0
-1
0
0
0
0
0
0
0
-1
0
0
1
0
0
0
0
1
0
0
0
0
0
0
0
0
0
0
0
0
0
-1
0
1
0
0
0
1
0
0
0
-1
0
0
0
0
0
0
0
0
0
0
0
0
0
0
0
0
0
0
0
0
0
0
0
0
0
0
0
0
-1
-1
-1
0
0
0
0
0
0
0
0
0
0
-1
0
0
0
0
0
0
0
0
0
0
1
0
0
0
0
0
0
0
0
0
0
0
0
0
0
-1
0
0
0
0
0
0
0
0
0
0
0
-1
0
0
0
0
0
0
0
0
0
0
0
-1
0
0
0
0
0
0
0
0
1
0
0
0
1
0
0
0
0
1
-1
0
0
1
0
0
0
0
0
0
0
0
0
0
-1
0
0
-1
0
0
0
0
0
0
0
0
0
0
0
0
0
0
0
0
0
0
0
1
0
0
0
0
1
0
0
1
-1
0
0
0
1
0
1
1
0
0
-1
0
0
0
0
0
0
0
0
0
0
-1
0
0
0
0
0
0
-1
-1
0
0
0
0
-1
0
2
0
0
0
0
1
1
1
0
0
0
1
0
0
0
0
0
0
-1
0
0
-1
0
0
-1
0
0
0
0
0
0
0
0
0
0
0
0
0
0
1
0
0
0
1
0
0
0
0
0
0
0
0
0
0
0
0
0
0
0
1
0
0
0
0
0
0
0
0
0
-1
0
0
-1
0
0
0
0
0
0
0
0
0
1
0
0
0
0
0
0
0
1
1
0
0
0
0
0
0
1
0
0
0
0
0
-1
1
0
-1
0
0
0
0
0
0
0
0
0
-1
-1
0
0
0
0
0
0
-1
0
1
0
-1
0
0
0
1
0
0
0
0
0
0
0
0
0
0
0
0
0
0
0
0
0
0
0
0
0
1
1
0
0
-1
-1
0
0
0
0
0
0
0
0
0
0
0
0
0
0
0
0
0
0
0
0
0
0
0
0
1
0
-1
1
0
0
0
0
0
0
0
0
0
0
0
0
